GDC_Aliquot	Chromosome	Start	End	Num_Probes	Segment_Mean
5f965e3a-68fa-4feb-a8f6-15848c302559	1	62920	16868660	8649	-0.0006
5f965e3a-68fa-4feb-a8f6-15848c302559	1	16877002	16935752	52	-0.4117
5f965e3a-68fa-4feb-a8f6-15848c302559	1	16949746	18470606	1147	-0.0039
5f965e3a-68fa-4feb-a8f6-15848c302559	1	18471209	18477623	3	-1.3161
5f965e3a-68fa-4feb-a8f6-15848c302559	1	18477650	25256850	4080	0
5f965e3a-68fa-4feb-a8f6-15848c302559	1	25266637	25359224	33	0.3388
5f965e3a-68fa-4feb-a8f6-15848c302559	1	25359294	34637053	4906	0.0008
5f965e3a-68fa-4feb-a8f6-15848c302559	1	34637069	34638890	19	-0.5496
5f965e3a-68fa-4feb-a8f6-15848c302559	1	34648667	72284670	23561	-0.0007
5f965e3a-68fa-4feb-a8f6-15848c302559	1	72290430	72297687	9	-1.1216
5f965e3a-68fa-4feb-a8f6-15848c302559	1	72302735	72345465	48	1.5274
5f965e3a-68fa-4feb-a8f6-15848c302559	1	72346221	105470754	20783	0.0047
5f965e3a-68fa-4feb-a8f6-15848c302559	1	105476583	105479753	17	-2.2791
5f965e3a-68fa-4feb-a8f6-15848c302559	1	105481433	107111598	1078	0.0173
5f965e3a-68fa-4feb-a8f6-15848c302559	1	107112980	107118984	9	-1.1898
5f965e3a-68fa-4feb-a8f6-15848c302559	1	107119568	109684893	1537	0.002
5f965e3a-68fa-4feb-a8f6-15848c302559	1	109690352	109692006	10	-1.7776
5f965e3a-68fa-4feb-a8f6-15848c302559	1	109696900	112147704	1931	0.0039
5f965e3a-68fa-4feb-a8f6-15848c302559	1	112153343	112154591	22	-1.6561
5f965e3a-68fa-4feb-a8f6-15848c302559	1	112154619	152789447	7746	0.0065
5f965e3a-68fa-4feb-a8f6-15848c302559	1	152789463	152796224	36	0.4577
5f965e3a-68fa-4feb-a8f6-15848c302559	1	152801429	153220353	326	0.0179
5f965e3a-68fa-4feb-a8f6-15848c302559	1	153220702	153225310	5	-1.1465
5f965e3a-68fa-4feb-a8f6-15848c302559	1	153225469	174827267	14318	0.0048
5f965e3a-68fa-4feb-a8f6-15848c302559	1	174827418	174828549	14	-0.7991
5f965e3a-68fa-4feb-a8f6-15848c302559	1	174832599	179361393	3060	0.0037
5f965e3a-68fa-4feb-a8f6-15848c302559	1	179362247	179364180	3	-1.2518
5f965e3a-68fa-4feb-a8f6-15848c302559	1	179370071	196745743	11459	0.0022
5f965e3a-68fa-4feb-a8f6-15848c302559	1	196758720	196854187	63	0.4295
5f965e3a-68fa-4feb-a8f6-15848c302559	1	196854483	242504311	31430	0.0024
5f965e3a-68fa-4feb-a8f6-15848c302559	1	242504682	242504738	2	-2.0533
5f965e3a-68fa-4feb-a8f6-15848c302559	1	242504832	248930189	4059	0.0205
5f965e3a-68fa-4feb-a8f6-15848c302559	2	12784	4168879	2977	0.0052
5f965e3a-68fa-4feb-a8f6-15848c302559	2	4169315	4182472	37	0.4348
5f965e3a-68fa-4feb-a8f6-15848c302559	2	4187192	14563570	7954	0.0058
5f965e3a-68fa-4feb-a8f6-15848c302559	2	14564825	14569897	11	-0.9948
5f965e3a-68fa-4feb-a8f6-15848c302559	2	14570240	34466002	12916	0.0041
5f965e3a-68fa-4feb-a8f6-15848c302559	2	34474248	34502800	44	-0.3495
5f965e3a-68fa-4feb-a8f6-15848c302559	2	34511446	35750907	863	0.0196
5f965e3a-68fa-4feb-a8f6-15848c302559	2	35752724	35762850	6	1.0882
5f965e3a-68fa-4feb-a8f6-15848c302559	2	35762881	38727353	2275	0.0113
5f965e3a-68fa-4feb-a8f6-15848c302559	2	38728724	38745139	8	0.7098
5f965e3a-68fa-4feb-a8f6-15848c302559	2	38745684	52514599	9720	0.0084
5f965e3a-68fa-4feb-a8f6-15848c302559	2	52516787	52554384	40	0.5725
5f965e3a-68fa-4feb-a8f6-15848c302559	2	52554404	88836615	22401	0.0101
5f965e3a-68fa-4feb-a8f6-15848c302559	2	88836630	94717559	392	0.1143
5f965e3a-68fa-4feb-a8f6-15848c302559	2	94719149	106258266	6377	0.0037
5f965e3a-68fa-4feb-a8f6-15848c302559	2	106263639	106268901	12	0.6002
5f965e3a-68fa-4feb-a8f6-15848c302559	2	106270799	128880904	13283	0.0084
5f965e3a-68fa-4feb-a8f6-15848c302559	2	128880928	128882755	15	-0.9289
5f965e3a-68fa-4feb-a8f6-15848c302559	2	128888874	207490231	47009	0.0057
5f965e3a-68fa-4feb-a8f6-15848c302559	2	207490454	207494612	15	-0.8682
5f965e3a-68fa-4feb-a8f6-15848c302559	2	207494752	234705509	17374	0.008
5f965e3a-68fa-4feb-a8f6-15848c302559	2	234711951	234712124	2	-1.8352
5f965e3a-68fa-4feb-a8f6-15848c302559	2	234713397	242147305	4528	0.0068
5f965e3a-68fa-4feb-a8f6-15848c302559	3	20930	2926956	2510	0.0281
5f965e3a-68fa-4feb-a8f6-15848c302559	3	2927375	2931355	5	-1.5381
5f965e3a-68fa-4feb-a8f6-15848c302559	3	2933398	46806126	30425	0.0086
5f965e3a-68fa-4feb-a8f6-15848c302559	3	46807689	46817989	3	1.3274
5f965e3a-68fa-4feb-a8f6-15848c302559	3	46818342	75511990	19340	0.006
5f965e3a-68fa-4feb-a8f6-15848c302559	3	75519398	75547095	9	0.8671
5f965e3a-68fa-4feb-a8f6-15848c302559	3	75559488	136300257	33491	0.0038
5f965e3a-68fa-4feb-a8f6-15848c302559	3	136304109	136306584	2	-2.4274
5f965e3a-68fa-4feb-a8f6-15848c302559	3	136319699	162790480	16112	0.0031
5f965e3a-68fa-4feb-a8f6-15848c302559	3	162794869	162898127	64	0.5846
5f965e3a-68fa-4feb-a8f6-15848c302559	3	162906054	198169247	21691	0.0064
5f965e3a-68fa-4feb-a8f6-15848c302559	4	68929	10208766	5658	-0.0013
5f965e3a-68fa-4feb-a8f6-15848c302559	4	10221792	10227303	8	0.8257
5f965e3a-68fa-4feb-a8f6-15848c302559	4	10227493	10227684	6	2.3072
5f965e3a-68fa-4feb-a8f6-15848c302559	4	10228006	10229874	14	0.852
5f965e3a-68fa-4feb-a8f6-15848c302559	4	10232590	10396987	180	0.0503
5f965e3a-68fa-4feb-a8f6-15848c302559	4	10397113	10398887	10	-0.8084
5f965e3a-68fa-4feb-a8f6-15848c302559	4	10399044	34784878	16648	0.002
5f965e3a-68fa-4feb-a8f6-15848c302559	4	34785333	34828250	38	0.4959
5f965e3a-68fa-4feb-a8f6-15848c302559	4	34828291	42830966	5243	0.0045
5f965e3a-68fa-4feb-a8f6-15848c302559	4	42831775	42834381	2	-1.5805
5f965e3a-68fa-4feb-a8f6-15848c302559	4	42835666	49214614	3640	0.0161
5f965e3a-68fa-4feb-a8f6-15848c302559	4	49289175	49289338	2	1.4473
5f965e3a-68fa-4feb-a8f6-15848c302559	4	49295203	63831751	7520	0.0017
5f965e3a-68fa-4feb-a8f6-15848c302559	4	63831799	63856498	31	0.5052
5f965e3a-68fa-4feb-a8f6-15848c302559	4	63856822	67061838	2051	0.0145
5f965e3a-68fa-4feb-a8f6-15848c302559	4	67062000	67069319	2	1.6363
5f965e3a-68fa-4feb-a8f6-15848c302559	4	67070912	68354665	768	0.0108
5f965e3a-68fa-4feb-a8f6-15848c302559	4	68361130	68395346	6	1.1126
5f965e3a-68fa-4feb-a8f6-15848c302559	4	68416487	68569706	46	-0.0736
5f965e3a-68fa-4feb-a8f6-15848c302559	4	68569894	68663241	41	-0.3306
5f965e3a-68fa-4feb-a8f6-15848c302559	4	68671434	69166653	270	0.0402
5f965e3a-68fa-4feb-a8f6-15848c302559	4	69167082	69433747	132	0.1748
5f965e3a-68fa-4feb-a8f6-15848c302559	4	69436657	124538250	33110	0.0051
5f965e3a-68fa-4feb-a8f6-15848c302559	4	124539196	124541780	3	-1.313
5f965e3a-68fa-4feb-a8f6-15848c302559	4	124541870	154881396	17787	0.0039
5f965e3a-68fa-4feb-a8f6-15848c302559	4	154881853	154881926	3	-3.4857
5f965e3a-68fa-4feb-a8f6-15848c302559	4	154882047	171448195	10504	0.0086
5f965e3a-68fa-4feb-a8f6-15848c302559	4	171453733	171456625	11	2.0221
5f965e3a-68fa-4feb-a8f6-15848c302559	4	171459220	172067997	395	0.0084
5f965e3a-68fa-4feb-a8f6-15848c302559	4	172068015	172068382	11	-1.7066
5f965e3a-68fa-4feb-a8f6-15848c302559	4	172074828	190106768	11957	0.0077
5f965e3a-68fa-4feb-a8f6-15848c302559	5	15532	15719113	12075	0.0065
5f965e3a-68fa-4feb-a8f6-15848c302559	5	15719241	15720488	10	-0.8102
5f965e3a-68fa-4feb-a8f6-15848c302559	5	15723237	16785513	740	0.028
5f965e3a-68fa-4feb-a8f6-15848c302559	5	16792788	16794024	3	-1.2919
5f965e3a-68fa-4feb-a8f6-15848c302559	5	16794964	21376735	2710	0.0135
5f965e3a-68fa-4feb-a8f6-15848c302559	5	21377730	21377744	2	-1.9899
5f965e3a-68fa-4feb-a8f6-15848c302559	5	21385957	24777997	1922	0.0055
5f965e3a-68fa-4feb-a8f6-15848c302559	5	24778267	24781719	15	-0.7356
5f965e3a-68fa-4feb-a8f6-15848c302559	5	24786817	58025819	17965	0.0045
5f965e3a-68fa-4feb-a8f6-15848c302559	5	58030200	58037688	30	1.818
5f965e3a-68fa-4feb-a8f6-15848c302559	5	58042530	104515520	26592	0.0036
5f965e3a-68fa-4feb-a8f6-15848c302559	5	104524672	104524780	2	-2.2488
5f965e3a-68fa-4feb-a8f6-15848c302559	5	104524847	118053137	9303	0.001
5f965e3a-68fa-4feb-a8f6-15848c302559	5	118053200	118053254	2	-1.5475
5f965e3a-68fa-4feb-a8f6-15848c302559	5	118053268	139789292	13219	0.0057
5f965e3a-68fa-4feb-a8f6-15848c302559	5	139798577	139803311	4	-1.4091
5f965e3a-68fa-4feb-a8f6-15848c302559	5	139804359	181363319	27295	0.0023
5f965e3a-68fa-4feb-a8f6-15848c302559	6	149661	254283	101	0.0721
5f965e3a-68fa-4feb-a8f6-15848c302559	6	257353	381149	101	0.7009
5f965e3a-68fa-4feb-a8f6-15848c302559	6	382559	54066582	36104	0.0031
5f965e3a-68fa-4feb-a8f6-15848c302559	6	54066621	54067057	3	-1.6722
5f965e3a-68fa-4feb-a8f6-15848c302559	6	54070550	57325793	1959	-0.0076
5f965e3a-68fa-4feb-a8f6-15848c302559	6	57328170	62079542	929	0.0643
5f965e3a-68fa-4feb-a8f6-15848c302559	6	62080284	76726442	9176	0.0011
5f965e3a-68fa-4feb-a8f6-15848c302559	6	76726815	76742972	21	0.7004
5f965e3a-68fa-4feb-a8f6-15848c302559	6	76743040	78253172	969	-0.0022
5f965e3a-68fa-4feb-a8f6-15848c302559	6	78259348	78316784	93	-0.5554
5f965e3a-68fa-4feb-a8f6-15848c302559	6	78316871	103286954	15362	0.0061
5f965e3a-68fa-4feb-a8f6-15848c302559	6	103290101	103306697	30	0.6139
5f965e3a-68fa-4feb-a8f6-15848c302559	6	103306712	103311304	4	1.5488
5f965e3a-68fa-4feb-a8f6-15848c302559	6	103311341	103314186	11	0.6581
5f965e3a-68fa-4feb-a8f6-15848c302559	6	103317795	167931821	41928	0.0025
5f965e3a-68fa-4feb-a8f6-15848c302559	6	167934598	168195239	176	0.6887
5f965e3a-68fa-4feb-a8f6-15848c302559	6	168196562	170741917	1668	0.0268
5f965e3a-68fa-4feb-a8f6-15848c302559	7	43355	8331240	4642	0.0062
5f965e3a-68fa-4feb-a8f6-15848c302559	7	8335563	8336318	3	-1.3832
5f965e3a-68fa-4feb-a8f6-15848c302559	7	8337077	54305455	33519	0.0077
5f965e3a-68fa-4feb-a8f6-15848c302559	7	54318812	54318824	6	-1.668
5f965e3a-68fa-4feb-a8f6-15848c302559	7	54325795	109800866	28262	0.0075
5f965e3a-68fa-4feb-a8f6-15848c302559	7	109801155	109813853	11	0.7501
5f965e3a-68fa-4feb-a8f6-15848c302559	7	109813925	126405502	9962	0.0102
5f965e3a-68fa-4feb-a8f6-15848c302559	7	126405597	126406561	10	0.8468
5f965e3a-68fa-4feb-a8f6-15848c302559	7	126406822	134100442	4664	0.0042
5f965e3a-68fa-4feb-a8f6-15848c302559	7	134100458	134110881	24	-0.4155
5f965e3a-68fa-4feb-a8f6-15848c302559	7	134110912	144249785	6396	0.0041
5f965e3a-68fa-4feb-a8f6-15848c302559	7	144255220	144336758	11	-0.9463
5f965e3a-68fa-4feb-a8f6-15848c302559	7	144343967	150575278	3802	0.0026
5f965e3a-68fa-4feb-a8f6-15848c302559	7	150581287	150581426	2	-1.4433
5f965e3a-68fa-4feb-a8f6-15848c302559	7	150583184	159334314	5771	0.0082
5f965e3a-68fa-4feb-a8f6-15848c302559	8	81254	645875	326	0.0326
5f965e3a-68fa-4feb-a8f6-15848c302559	8	645892	645908	2	1.8516
5f965e3a-68fa-4feb-a8f6-15848c302559	8	656117	2844412	1692	0.026
5f965e3a-68fa-4feb-a8f6-15848c302559	8	2846011	2846377	7	-1.4398
5f965e3a-68fa-4feb-a8f6-15848c302559	8	2849649	6968014	5510	0.0236
5f965e3a-68fa-4feb-a8f6-15848c302559	8	6968154	6982183	18	-0.5286
5f965e3a-68fa-4feb-a8f6-15848c302559	8	6982775	7367846	107	0.0068
5f965e3a-68fa-4feb-a8f6-15848c302559	8	7368781	7930192	33	-1.1323
5f965e3a-68fa-4feb-a8f6-15848c302559	8	7941868	8120649	13	-0.0034
5f965e3a-68fa-4feb-a8f6-15848c302559	8	8132772	8214781	6	-1.1666
5f965e3a-68fa-4feb-a8f6-15848c302559	8	8234503	12092042	3197	0.0107
5f965e3a-68fa-4feb-a8f6-15848c302559	8	12130217	12177488	8	-2.1555
5f965e3a-68fa-4feb-a8f6-15848c302559	8	12323772	25116961	10360	-0.0002
5f965e3a-68fa-4feb-a8f6-15848c302559	8	25117007	25133612	27	0.5285
5f965e3a-68fa-4feb-a8f6-15848c302559	8	25133720	39373140	8934	0.0064
5f965e3a-68fa-4feb-a8f6-15848c302559	8	39378084	39527675	58	0.7952
5f965e3a-68fa-4feb-a8f6-15848c302559	8	39529446	40914477	1067	0.0023
5f965e3a-68fa-4feb-a8f6-15848c302559	8	40920333	40920952	2	-1.8268
5f965e3a-68fa-4feb-a8f6-15848c302559	8	40926161	50118212	3491	0.0084
5f965e3a-68fa-4feb-a8f6-15848c302559	8	50119451	50119827	8	-1.8315
5f965e3a-68fa-4feb-a8f6-15848c302559	8	50126018	57134739	4507	0.0035
5f965e3a-68fa-4feb-a8f6-15848c302559	8	57134892	57136152	2	-1.5454
5f965e3a-68fa-4feb-a8f6-15848c302559	8	57136578	128735944	44160	0.0043
5f965e3a-68fa-4feb-a8f6-15848c302559	8	128739928	128751839	6	-1.1158
5f965e3a-68fa-4feb-a8f6-15848c302559	8	128765208	143616987	10655	0.0118
5f965e3a-68fa-4feb-a8f6-15848c302559	8	143622987	143625638	9	-0.6078
5f965e3a-68fa-4feb-a8f6-15848c302559	8	143636819	145072769	501	0.007
5f965e3a-68fa-4feb-a8f6-15848c302559	9	46587	61520021	31059	0.0119
5f965e3a-68fa-4feb-a8f6-15848c302559	9	61521913	61629689	27	-1.299
5f965e3a-68fa-4feb-a8f6-15848c302559	9	61633080	138200944	47660	0.004
5f965e3a-68fa-4feb-a8f6-15848c302559	10	45792	2520136	1896	0.0054
5f965e3a-68fa-4feb-a8f6-15848c302559	10	2520450	2520561	2	-1.8897
5f965e3a-68fa-4feb-a8f6-15848c302559	10	2528802	24086334	17111	0.0015
5f965e3a-68fa-4feb-a8f6-15848c302559	10	24088745	24090110	15	0.9122
5f965e3a-68fa-4feb-a8f6-15848c302559	10	24091731	56756643	18894	0.005
5f965e3a-68fa-4feb-a8f6-15848c302559	10	56756761	56767077	39	-2.4363
5f965e3a-68fa-4feb-a8f6-15848c302559	10	56772992	65548951	6067	-0.0043
5f965e3a-68fa-4feb-a8f6-15848c302559	10	65548979	65563168	22	-0.4998
5f965e3a-68fa-4feb-a8f6-15848c302559	10	65565695	87215763	14321	0.0027
5f965e3a-68fa-4feb-a8f6-15848c302559	10	87216840	87352872	15	-0.6683
5f965e3a-68fa-4feb-a8f6-15848c302559	10	87353136	90700170	2449	-0.0004
5f965e3a-68fa-4feb-a8f6-15848c302559	10	90702958	90703534	4	-1.0142
5f965e3a-68fa-4feb-a8f6-15848c302559	10	90711823	133654968	29071	0.0037
5f965e3a-68fa-4feb-a8f6-15848c302559	11	198510	5773015	3205	0.0046
5f965e3a-68fa-4feb-a8f6-15848c302559	11	5773462	5788108	22	0.413
5f965e3a-68fa-4feb-a8f6-15848c302559	11	5788231	18919323	9301	0
5f965e3a-68fa-4feb-a8f6-15848c302559	11	18927525	18949158	48	0.4027
5f965e3a-68fa-4feb-a8f6-15848c302559	11	18949201	54743970	21273	0.0041
5f965e3a-68fa-4feb-a8f6-15848c302559	11	54762035	54766290	3	-1.3846
5f965e3a-68fa-4feb-a8f6-15848c302559	11	54782119	55595864	284	0.0583
5f965e3a-68fa-4feb-a8f6-15848c302559	11	55606556	55701048	63	0.391
5f965e3a-68fa-4feb-a8f6-15848c302559	11	55701077	75355445	10066	0.0106
5f965e3a-68fa-4feb-a8f6-15848c302559	11	75359765	75370214	8	-0.7576
5f965e3a-68fa-4feb-a8f6-15848c302559	11	75374470	86594619	7526	0.004
5f965e3a-68fa-4feb-a8f6-15848c302559	11	86594771	86595012	5	-1.006
5f965e3a-68fa-4feb-a8f6-15848c302559	11	86604132	101723653	10681	0.0039
5f965e3a-68fa-4feb-a8f6-15848c302559	11	101727129	101727233	4	1.2233
5f965e3a-68fa-4feb-a8f6-15848c302559	11	101727481	124901635	15836	0.0032
5f965e3a-68fa-4feb-a8f6-15848c302559	11	124906091	124907522	3	-1.4004
5f965e3a-68fa-4feb-a8f6-15848c302559	11	124918772	135074876	7688	0.008
5f965e3a-68fa-4feb-a8f6-15848c302559	12	51460	760032	415	0.011
5f965e3a-68fa-4feb-a8f6-15848c302559	12	760097	764863	16	-1.0054
5f965e3a-68fa-4feb-a8f6-15848c302559	12	766188	4279366	2432	-0.0022
5f965e3a-68fa-4feb-a8f6-15848c302559	12	4279989	4280012	3	-1.1173
5f965e3a-68fa-4feb-a8f6-15848c302559	12	4280040	9481274	3262	0.0045
5f965e3a-68fa-4feb-a8f6-15848c302559	12	9485313	9575696	22	1.1848
5f965e3a-68fa-4feb-a8f6-15848c302559	12	9582373	11062773	1024	0.0278
5f965e3a-68fa-4feb-a8f6-15848c302559	12	11064250	11074314	6	-0.6326
5f965e3a-68fa-4feb-a8f6-15848c302559	12	11078856	11088933	6	-1.7476
5f965e3a-68fa-4feb-a8f6-15848c302559	12	11099275	11358644	132	0.0377
5f965e3a-68fa-4feb-a8f6-15848c302559	12	11359558	11390452	28	0.6779
5f965e3a-68fa-4feb-a8f6-15848c302559	12	11390472	31753738	14214	0.0044
5f965e3a-68fa-4feb-a8f6-15848c302559	12	31754340	31756974	4	-1.404
5f965e3a-68fa-4feb-a8f6-15848c302559	12	31764286	45506042	6568	0.0096
5f965e3a-68fa-4feb-a8f6-15848c302559	12	45510655	45515754	4	1.3181
5f965e3a-68fa-4feb-a8f6-15848c302559	12	45519509	99378283	33396	-0.0002
5f965e3a-68fa-4feb-a8f6-15848c302559	12	99381759	99404748	39	0.3267
5f965e3a-68fa-4feb-a8f6-15848c302559	12	99404811	128744341	19475	0.0013
5f965e3a-68fa-4feb-a8f6-15848c302559	12	128745968	128748000	7	-0.9297
5f965e3a-68fa-4feb-a8f6-15848c302559	12	128749443	133201603	3034	0.0201
5f965e3a-68fa-4feb-a8f6-15848c302559	13	18452809	37496998	13347	0.0031
5f965e3a-68fa-4feb-a8f6-15848c302559	13	37497899	37510620	16	0.8314
5f965e3a-68fa-4feb-a8f6-15848c302559	13	37514193	38478674	694	-0.001
5f965e3a-68fa-4feb-a8f6-15848c302559	13	38483435	38483919	2	-1.9273
5f965e3a-68fa-4feb-a8f6-15848c302559	13	38490920	52520664	9097	0.0086
5f965e3a-68fa-4feb-a8f6-15848c302559	13	52523849	52531650	3	-1.8603
5f965e3a-68fa-4feb-a8f6-15848c302559	13	52543744	114342922	40358	0.005
5f965e3a-68fa-4feb-a8f6-15848c302559	14	18239283	19294475	47	-0.0663
5f965e3a-68fa-4feb-a8f6-15848c302559	14	19298389	19675350	16	-0.6695
5f965e3a-68fa-4feb-a8f6-15848c302559	14	19689684	21660702	1229	-0.0071
5f965e3a-68fa-4feb-a8f6-15848c302559	14	21661342	22748162	899	0.0954
5f965e3a-68fa-4feb-a8f6-15848c302559	14	22751549	69547262	29115	0.0038
5f965e3a-68fa-4feb-a8f6-15848c302559	14	69551330	69555750	9	-0.8715
5f965e3a-68fa-4feb-a8f6-15848c302559	14	69555996	73529070	2596	0.0056
5f965e3a-68fa-4feb-a8f6-15848c302559	14	73534419	73563196	10	0.7426
5f965e3a-68fa-4feb-a8f6-15848c302559	14	73563211	106416146	20731	0.0006
5f965e3a-68fa-4feb-a8f6-15848c302559	14	106418444	106487827	53	-0.5329
5f965e3a-68fa-4feb-a8f6-15848c302559	14	106492557	106877229	189	0.0563
5f965e3a-68fa-4feb-a8f6-15848c302559	15	19811075	20206395	58	0.0212
5f965e3a-68fa-4feb-a8f6-15848c302559	15	20206773	20376202	35	0.3766
5f965e3a-68fa-4feb-a8f6-15848c302559	15	20376309	20381704	12	-0.3911
5f965e3a-68fa-4feb-a8f6-15848c302559	15	20384774	20988347	51	0.3543
5f965e3a-68fa-4feb-a8f6-15848c302559	15	21005443	21096887	11	-0.371
5f965e3a-68fa-4feb-a8f6-15848c302559	15	21262847	22299523	39	0.4591
5f965e3a-68fa-4feb-a8f6-15848c302559	15	22385639	24424598	981	0.0185
5f965e3a-68fa-4feb-a8f6-15848c302559	15	24429604	24485848	37	-0.7109
5f965e3a-68fa-4feb-a8f6-15848c302559	15	24486725	76598900	32403	0.0059
5f965e3a-68fa-4feb-a8f6-15848c302559	15	76599170	76603434	21	-0.4458
5f965e3a-68fa-4feb-a8f6-15848c302559	15	76609838	101928837	17447	0.0045
5f965e3a-68fa-4feb-a8f6-15848c302559	16	10777	32198553	19811	0.0101
5f965e3a-68fa-4feb-a8f6-15848c302559	16	32198778	33045427	38	-0.5795
5f965e3a-68fa-4feb-a8f6-15848c302559	16	33340712	55761136	6863	0.009
5f965e3a-68fa-4feb-a8f6-15848c302559	16	55762477	55762682	4	-2.9866
5f965e3a-68fa-4feb-a8f6-15848c302559	16	55764310	55771496	5	-1.1205
5f965e3a-68fa-4feb-a8f6-15848c302559	16	55771643	55782734	7	-3.6549
5f965e3a-68fa-4feb-a8f6-15848c302559	16	55782793	55808470	6	-0.4542
5f965e3a-68fa-4feb-a8f6-15848c302559	16	55808544	55824881	11	0.8227
5f965e3a-68fa-4feb-a8f6-15848c302559	16	55834527	70105639	8662	0.0027
5f965e3a-68fa-4feb-a8f6-15848c302559	16	70117657	70164453	14	-0.6854
5f965e3a-68fa-4feb-a8f6-15848c302559	16	70164493	76764575	3871	-0.005
5f965e3a-68fa-4feb-a8f6-15848c302559	16	76764612	76772531	3	-1.6387
5f965e3a-68fa-4feb-a8f6-15848c302559	16	76774655	90096867	12127	0.0098
5f965e3a-68fa-4feb-a8f6-15848c302559	17	150733	36109139	18093	0.0081
5f965e3a-68fa-4feb-a8f6-15848c302559	17	36109735	36157718	34	1.1086
5f965e3a-68fa-4feb-a8f6-15848c302559	17	36200725	41258395	2503	-0.0042
5f965e3a-68fa-4feb-a8f6-15848c302559	17	41262120	41273934	25	-0.453
5f965e3a-68fa-4feb-a8f6-15848c302559	17	41274279	43349580	1098	0.0049
5f965e3a-68fa-4feb-a8f6-15848c302559	17	43354897	43361222	2	-1.2601
5f965e3a-68fa-4feb-a8f6-15848c302559	17	43362318	45568527	1044	0.0101
5f965e3a-68fa-4feb-a8f6-15848c302559	17	45571138	45632798	17	0.4243
5f965e3a-68fa-4feb-a8f6-15848c302559	17	45632942	46084501	318	0.0417
5f965e3a-68fa-4feb-a8f6-15848c302559	17	46084918	46284997	127	0.2801
5f965e3a-68fa-4feb-a8f6-15848c302559	17	46286804	57610128	6957	-0.0006
5f965e3a-68fa-4feb-a8f6-15848c302559	17	57610972	57611632	2	1.4921
5f965e3a-68fa-4feb-a8f6-15848c302559	17	57614632	69313905	6287	0.0046
5f965e3a-68fa-4feb-a8f6-15848c302559	17	69315007	69325814	2	1.5038
5f965e3a-68fa-4feb-a8f6-15848c302559	17	69328858	83091923	8154	0.006
5f965e3a-68fa-4feb-a8f6-15848c302559	18	48133	6929284	4889	0.0177
5f965e3a-68fa-4feb-a8f6-15848c302559	18	6936252	8087325	866	0.5688
5f965e3a-68fa-4feb-a8f6-15848c302559	18	8091267	40678652	16835	0.0024
5f965e3a-68fa-4feb-a8f6-15848c302559	18	40678741	40689848	23	-0.4495
5f965e3a-68fa-4feb-a8f6-15848c302559	18	40690108	66094683	17397	0.005
5f965e3a-68fa-4feb-a8f6-15848c302559	18	66094851	66100686	5	0.927
5f965e3a-68fa-4feb-a8f6-15848c302559	18	66108359	69076108	2144	0.0144
5f965e3a-68fa-4feb-a8f6-15848c302559	18	69078869	69079650	12	-0.5286
5f965e3a-68fa-4feb-a8f6-15848c302559	18	69083700	69086089	26	-0.9755
5f965e3a-68fa-4feb-a8f6-15848c302559	18	69090459	80257174	8085	0.0121
5f965e3a-68fa-4feb-a8f6-15848c302559	19	90910	21632117	9546	0.0077
5f965e3a-68fa-4feb-a8f6-15848c302559	19	21632838	21637309	3	-1.2698
5f965e3a-68fa-4feb-a8f6-15848c302559	19	21638735	51628560	15062	0.007
5f965e3a-68fa-4feb-a8f6-15848c302559	19	51639099	51644944	11	0.6546
5f965e3a-68fa-4feb-a8f6-15848c302559	19	51651652	54997337	2119	0.0254
5f965e3a-68fa-4feb-a8f6-15848c302559	19	54997939	54998320	2	-1.6714
5f965e3a-68fa-4feb-a8f6-15848c302559	19	54998497	55771003	359	0.0293
5f965e3a-68fa-4feb-a8f6-15848c302559	19	55771169	55771701	3	-2.6133
5f965e3a-68fa-4feb-a8f6-15848c302559	19	55774927	58586487	1829	0.0165
5f965e3a-68fa-4feb-a8f6-15848c302559	20	80664	1571811	1172	0.0023
5f965e3a-68fa-4feb-a8f6-15848c302559	20	1576544	1580156	18	-0.8745
5f965e3a-68fa-4feb-a8f6-15848c302559	20	1580276	1609809	39	-0.1174
5f965e3a-68fa-4feb-a8f6-15848c302559	20	1609888	1613247	3	2.6101
5f965e3a-68fa-4feb-a8f6-15848c302559	20	1617300	64324800	40785	0.0048
5f965e3a-68fa-4feb-a8f6-15848c302559	21	10354168	46677045	23647	0.0051
5f965e3a-68fa-4feb-a8f6-15848c302559	22	15294547	18966491	1139	0.0054
5f965e3a-68fa-4feb-a8f6-15848c302559	22	18968690	23737406	3087	0.0503
5f965e3a-68fa-4feb-a8f6-15848c302559	22	23737976	50796027	18902	0.0076
5f965e3a-68fa-4feb-a8f6-15848c302559	X	251810	8278138	4214	-0.0208
5f965e3a-68fa-4feb-a8f6-15848c302559	X	8284334	8426212	139	1.0808
5f965e3a-68fa-4feb-a8f6-15848c302559	X	8433360	95014610	44122	-0.0045
5f965e3a-68fa-4feb-a8f6-15848c302559	X	95015575	95015584	2	-3.1964
5f965e3a-68fa-4feb-a8f6-15848c302559	X	95015628	155952689	34360	-0.0036
5f965e3a-68fa-4feb-a8f6-15848c302559	Y	2782397	56872112	6613	-1.0187
