GDC_Aliquot	Chromosome	Start	End	Num_Probes	Segment_Mean
d184c140-f7fa-4060-968f-f09790a7d987	1	62920	16679281	8675	-0.1378
d184c140-f7fa-4060-968f-f09790a7d987	1	16679483	16935737	78	0.2426
d184c140-f7fa-4060-968f-f09790a7d987	1	16935752	25003261	5064	-0.14
d184c140-f7fa-4060-968f-f09790a7d987	1	25003287	25003500	2	-1.616
d184c140-f7fa-4060-968f-f09790a7d987	1	25005094	25269456	194	-0.1
d184c140-f7fa-4060-968f-f09790a7d987	1	25269914	25284961	11	-0.6385
d184c140-f7fa-4060-968f-f09790a7d987	1	25289805	40555364	8162	-0.1411
d184c140-f7fa-4060-968f-f09790a7d987	1	40556404	40562538	4	-1.4965
d184c140-f7fa-4060-968f-f09790a7d987	1	40563254	56386454	9245	-0.1437
d184c140-f7fa-4060-968f-f09790a7d987	1	56387276	56387550	2	-1.5338
d184c140-f7fa-4060-968f-f09790a7d987	1	56388662	72297687	11318	-0.145
d184c140-f7fa-4060-968f-f09790a7d987	1	72302735	72345465	48	-1.1385
d184c140-f7fa-4060-968f-f09790a7d987	1	72346221	105470754	20932	-0.1402
d184c140-f7fa-4060-968f-f09790a7d987	1	105476583	105479753	17	0.5315
d184c140-f7fa-4060-968f-f09790a7d987	1	105481433	109690352	2636	-0.1355
d184c140-f7fa-4060-968f-f09790a7d987	1	109690415	109702376	13	0.9319
d184c140-f7fa-4060-968f-f09790a7d987	1	109703504	119737931	6839	-0.1402
d184c140-f7fa-4060-968f-f09790a7d987	1	119738111	149845018	1320	-0.0662
d184c140-f7fa-4060-968f-f09790a7d987	1	149845205	152578988	1410	-0.1522
d184c140-f7fa-4060-968f-f09790a7d987	1	152579167	152618089	45	0.2114
d184c140-f7fa-4060-968f-f09790a7d987	1	152618187	152790191	177	-0.1164
d184c140-f7fa-4060-968f-f09790a7d987	1	152790286	152795487	18	0.3807
d184c140-f7fa-4060-968f-f09790a7d987	1	152795783	194479104	27995	-0.1421
d184c140-f7fa-4060-968f-f09790a7d987	1	194482281	194485888	2	-2.3509
d184c140-f7fa-4060-968f-f09790a7d987	1	194487886	196762956	1454	-0.1501
d184c140-f7fa-4060-968f-f09790a7d987	1	196769493	196846661	57	0.2586
d184c140-f7fa-4060-968f-f09790a7d987	1	196847600	248525314	35618	-0.1432
d184c140-f7fa-4060-968f-f09790a7d987	1	248546369	248633912	36	0.2378
d184c140-f7fa-4060-968f-f09790a7d987	1	248645563	248661962	5	0.8264
d184c140-f7fa-4060-968f-f09790a7d987	1	248662519	248930189	136	-0.1253
d184c140-f7fa-4060-968f-f09790a7d987	2	12784	35750907	25000	0.2757
d184c140-f7fa-4060-968f-f09790a7d987	2	35752724	35762850	6	-1.3329
d184c140-f7fa-4060-968f-f09790a7d987	2	35762881	37332525	1250	0.2715
d184c140-f7fa-4060-968f-f09790a7d987	2	37333321	37993397	507	0.3455
d184c140-f7fa-4060-968f-f09790a7d987	2	37994098	50696712	9126	0.2732
d184c140-f7fa-4060-968f-f09790a7d987	2	50698390	51002217	196	0.4015
d184c140-f7fa-4060-968f-f09790a7d987	2	51002370	52537117	1064	0.2866
d184c140-f7fa-4060-968f-f09790a7d987	2	52537337	52554404	22	0.7474
d184c140-f7fa-4060-968f-f09790a7d987	2	52560811	85105322	20940	0.2753
d184c140-f7fa-4060-968f-f09790a7d987	2	85105337	85106283	2	-1.4418
d184c140-f7fa-4060-968f-f09790a7d987	2	85106853	97359885	2893	0.2781
d184c140-f7fa-4060-968f-f09790a7d987	2	97524284	97545247	8	-0.857
d184c140-f7fa-4060-968f-f09790a7d987	2	97545726	106258266	5569	0.2677
d184c140-f7fa-4060-968f-f09790a7d987	2	106263639	106270952	14	-0.3026
d184c140-f7fa-4060-968f-f09790a7d987	2	106271414	124533120	10742	0.2764
d184c140-f7fa-4060-968f-f09790a7d987	2	124533262	125162494	370	0.3705
d184c140-f7fa-4060-968f-f09790a7d987	2	125163268	125164506	2	-0.9659
d184c140-f7fa-4060-968f-f09790a7d987	2	125167675	125248133	57	0.3969
d184c140-f7fa-4060-968f-f09790a7d987	2	125248397	128880353	2209	0.2671
d184c140-f7fa-4060-968f-f09790a7d987	2	128880504	128882723	15	-0.2107
d184c140-f7fa-4060-968f-f09790a7d987	2	128882741	130036283	876	0.2824
d184c140-f7fa-4060-968f-f09790a7d987	2	130036310	130116915	13	0.9965
d184c140-f7fa-4060-968f-f09790a7d987	2	130117303	137947222	4521	0.2733
d184c140-f7fa-4060-968f-f09790a7d987	2	137947468	137949743	4	-0.6672
d184c140-f7fa-4060-968f-f09790a7d987	2	137950116	146104517	5001	0.2732
d184c140-f7fa-4060-968f-f09790a7d987	2	146106836	146109366	24	-1.5955
d184c140-f7fa-4060-968f-f09790a7d987	2	146120238	185516358	24259	0.267
d184c140-f7fa-4060-968f-f09790a7d987	2	185518828	185986750	226	0.3874
d184c140-f7fa-4060-968f-f09790a7d987	2	185987062	242147305	34571	0.2707
d184c140-f7fa-4060-968f-f09790a7d987	3	20930	182919	154	0.367
d184c140-f7fa-4060-968f-f09790a7d987	3	188339	190956	3	-3.0956
d184c140-f7fa-4060-968f-f09790a7d987	3	191117	1904533	1549	0.3415
d184c140-f7fa-4060-968f-f09790a7d987	3	1904821	18557586	12596	0.2958
d184c140-f7fa-4060-968f-f09790a7d987	3	18558378	18559489	2	-1.3651
d184c140-f7fa-4060-968f-f09790a7d987	3	18564006	28628062	7022	0.3017
d184c140-f7fa-4060-968f-f09790a7d987	3	28628468	28629393	2	-1.1845
d184c140-f7fa-4060-968f-f09790a7d987	3	28630927	59715720	18962	0.2911
d184c140-f7fa-4060-968f-f09790a7d987	3	59717095	61044936	1481	0.356
d184c140-f7fa-4060-968f-f09790a7d987	3	61045041	65202778	3538	0.2945
d184c140-f7fa-4060-968f-f09790a7d987	3	65203560	65214027	31	-0.976
d184c140-f7fa-4060-968f-f09790a7d987	3	65214192	65221269	12	-0.391
d184c140-f7fa-4060-968f-f09790a7d987	3	65221656	65224777	9	-1.0775
d184c140-f7fa-4060-968f-f09790a7d987	3	65230674	68697013	2425	0.3019
d184c140-f7fa-4060-968f-f09790a7d987	3	68697108	68698262	14	-1.5367
d184c140-f7fa-4060-968f-f09790a7d987	3	68699607	84053071	9607	0.2905
d184c140-f7fa-4060-968f-f09790a7d987	3	84056282	84057015	2	-3.0993
d184c140-f7fa-4060-968f-f09790a7d987	3	84061816	99218119	6292	0.2894
d184c140-f7fa-4060-968f-f09790a7d987	3	99218940	99230577	39	-0.5508
d184c140-f7fa-4060-968f-f09790a7d987	3	99232120	128680378	18077	0.283
d184c140-f7fa-4060-968f-f09790a7d987	3	128686328	128693488	7	1.2608
d184c140-f7fa-4060-968f-f09790a7d987	3	128695318	130044016	621	0.2625
d184c140-f7fa-4060-968f-f09790a7d987	3	130044855	130088081	39	-0.2107
d184c140-f7fa-4060-968f-f09790a7d987	3	130088155	162790480	20266	0.2943
d184c140-f7fa-4060-968f-f09790a7d987	3	162794869	162813082	15	-0.4514
d184c140-f7fa-4060-968f-f09790a7d987	3	162815162	162822702	7	-1.6151
d184c140-f7fa-4060-968f-f09790a7d987	3	162827928	162906093	45	-0.4598
d184c140-f7fa-4060-968f-f09790a7d987	3	162906109	183389550	12438	0.2976
d184c140-f7fa-4060-968f-f09790a7d987	3	183389574	183980655	336	0.3985
d184c140-f7fa-4060-968f-f09790a7d987	3	183981270	193160113	6390	0.2883
d184c140-f7fa-4060-968f-f09790a7d987	3	193160173	193165114	19	-1.3077
d184c140-f7fa-4060-968f-f09790a7d987	3	193168646	195663809	1485	0.2885
d184c140-f7fa-4060-968f-f09790a7d987	3	195673928	195715711	19	0.7961
d184c140-f7fa-4060-968f-f09790a7d987	3	195719726	196043167	136	0.3632
d184c140-f7fa-4060-968f-f09790a7d987	3	196043719	196049993	6	0.999
d184c140-f7fa-4060-968f-f09790a7d987	3	196050340	198169247	1046	0.3312
d184c140-f7fa-4060-968f-f09790a7d987	4	68929	69019	2	-0.7085
d184c140-f7fa-4060-968f-f09790a7d987	4	69628	847556	285	-0.0316
d184c140-f7fa-4060-968f-f09790a7d987	4	847633	3597723	1151	-0.1587
d184c140-f7fa-4060-968f-f09790a7d987	4	3598142	3600457	2	-1.7964
d184c140-f7fa-4060-968f-f09790a7d987	4	3607663	69257792	41129	-0.1442
d184c140-f7fa-4060-968f-f09790a7d987	4	69261926	69283439	16	-0.5752
d184c140-f7fa-4060-968f-f09790a7d987	4	69283932	69305562	12	-1.0701
d184c140-f7fa-4060-968f-f09790a7d987	4	69308697	69366406	28	-0.5975
d184c140-f7fa-4060-968f-f09790a7d987	4	69370433	128772108	35870	-0.1417
d184c140-f7fa-4060-968f-f09790a7d987	4	128772839	128776693	3	-1.5346
d184c140-f7fa-4060-968f-f09790a7d987	4	128780250	160952848	19410	-0.1488
d184c140-f7fa-4060-968f-f09790a7d987	4	160958866	160963971	28	0.2384
d184c140-f7fa-4060-968f-f09790a7d987	4	160964013	172066777	7064	-0.1411
d184c140-f7fa-4060-968f-f09790a7d987	4	172067997	172068382	12	0.7997
d184c140-f7fa-4060-968f-f09790a7d987	4	172074828	172501371	230	-0.1092
d184c140-f7fa-4060-968f-f09790a7d987	4	172503796	172507492	7	0.935
d184c140-f7fa-4060-968f-f09790a7d987	4	172519981	188300104	10684	-0.1378
d184c140-f7fa-4060-968f-f09790a7d987	4	188300206	188300221	2	1.8039
d184c140-f7fa-4060-968f-f09790a7d987	4	188300270	190106768	1142	-0.0826
d184c140-f7fa-4060-968f-f09790a7d987	5	15532	21449110	15704	-0.1423
d184c140-f7fa-4060-968f-f09790a7d987	5	21449167	21452329	6	0.8675
d184c140-f7fa-4060-968f-f09790a7d987	5	21452387	177771448	95109	-0.1424
d184c140-f7fa-4060-968f-f09790a7d987	5	177800550	177805604	3	1.8306
d184c140-f7fa-4060-968f-f09790a7d987	5	177827964	180951888	1793	-0.1423
d184c140-f7fa-4060-968f-f09790a7d987	5	180953203	181006264	19	0.5027
d184c140-f7fa-4060-968f-f09790a7d987	5	181015400	181363319	168	-0.0973
d184c140-f7fa-4060-968f-f09790a7d987	6	149661	294725	122	-0.0875
d184c140-f7fa-4060-968f-f09790a7d987	6	294837	385784	86	-0.3951
d184c140-f7fa-4060-968f-f09790a7d987	6	387532	29869295	21426	-0.1449
d184c140-f7fa-4060-968f-f09790a7d987	6	29869410	29881490	16	-1.1193
d184c140-f7fa-4060-968f-f09790a7d987	6	29882419	32486746	1177	-0.1407
d184c140-f7fa-4060-968f-f09790a7d987	6	32488906	32634330	48	0.674
d184c140-f7fa-4060-968f-f09790a7d987	6	32634492	32718419	48	-0.0532
d184c140-f7fa-4060-968f-f09790a7d987	6	32720838	32723053	11	0.8036
d184c140-f7fa-4060-968f-f09790a7d987	6	32732907	57296402	15604	-0.1471
d184c140-f7fa-4060-968f-f09790a7d987	6	57296760	61810222	802	-0.0621
d184c140-f7fa-4060-968f-f09790a7d987	6	61811410	76726815	9410	-0.1477
d184c140-f7fa-4060-968f-f09790a7d987	6	76730151	76751356	22	0.5481
d184c140-f7fa-4060-968f-f09790a7d987	6	76758214	78253172	974	-0.1443
d184c140-f7fa-4060-968f-f09790a7d987	6	78259348	78325310	111	0.3102
d184c140-f7fa-4060-968f-f09790a7d987	6	78325457	170741917	59649	-0.1447
d184c140-f7fa-4060-968f-f09790a7d987	7	43355	10043151	6116	0.3095
d184c140-f7fa-4060-968f-f09790a7d987	7	10043451	10160793	86	-0.2721
d184c140-f7fa-4060-968f-f09790a7d987	7	10164945	23995508	10930	0.3033
d184c140-f7fa-4060-968f-f09790a7d987	7	24000259	24000764	2	1.6744
d184c140-f7fa-4060-968f-f09790a7d987	7	24001198	26092670	1689	0.3056
d184c140-f7fa-4060-968f-f09790a7d987	7	26102772	26105793	4	-1.0917
d184c140-f7fa-4060-968f-f09790a7d987	7	26107599	38347842	8657	0.2954
d184c140-f7fa-4060-968f-f09790a7d987	7	38351764	38356875	4	-1.1451
d184c140-f7fa-4060-968f-f09790a7d987	7	38361356	54318812	10987	0.2937
d184c140-f7fa-4060-968f-f09790a7d987	7	54318816	54318824	5	3.8969
d184c140-f7fa-4060-968f-f09790a7d987	7	54325795	88466086	15832	0.295
d184c140-f7fa-4060-968f-f09790a7d987	7	88466272	90209572	1174	0.3544
d184c140-f7fa-4060-968f-f09790a7d987	7	90214246	109797042	11441	0.2887
d184c140-f7fa-4060-968f-f09790a7d987	7	109797043	109801155	18	-0.1653
d184c140-f7fa-4060-968f-f09790a7d987	7	109801187	134100424	14747	0.2944
d184c140-f7fa-4060-968f-f09790a7d987	7	134100442	134110881	23	-1.931
d184c140-f7fa-4060-968f-f09790a7d987	7	134110912	134114444	11	-0.5632
d184c140-f7fa-4060-968f-f09790a7d987	7	134121491	142063324	5189	0.2986
d184c140-f7fa-4060-968f-f09790a7d987	7	142069843	142092307	33	-2.3376
d184c140-f7fa-4060-968f-f09790a7d987	7	142099190	150868240	5274	0.3072
d184c140-f7fa-4060-968f-f09790a7d987	7	150868870	150875482	7	-0.5495
d184c140-f7fa-4060-968f-f09790a7d987	7	150877476	154598185	2341	0.305
d184c140-f7fa-4060-968f-f09790a7d987	7	154601461	154607903	4	-1.8691
d184c140-f7fa-4060-968f-f09790a7d987	7	154609120	159334314	3236	0.3012
d184c140-f7fa-4060-968f-f09790a7d987	8	81254	208062	4	0.7059
d184c140-f7fa-4060-968f-f09790a7d987	8	212672	644973	319	-0.1392
d184c140-f7fa-4060-968f-f09790a7d987	8	645220	645908	8	0.9897
d184c140-f7fa-4060-968f-f09790a7d987	8	656117	7380497	7416	-0.1236
d184c140-f7fa-4060-968f-f09790a7d987	8	7396819	7886542	22	0.6467
d184c140-f7fa-4060-968f-f09790a7d987	8	7888457	12024888	3241	-0.1388
d184c140-f7fa-4060-968f-f09790a7d987	8	12025748	12585546	60	0.3062
d184c140-f7fa-4060-968f-f09790a7d987	8	12616034	43124847	21845	-0.1419
d184c140-f7fa-4060-968f-f09790a7d987	8	43128022	47333723	717	-0.0538
d184c140-f7fa-4060-968f-f09790a7d987	8	47334743	50118212	1502	-0.1264
d184c140-f7fa-4060-968f-f09790a7d987	8	50119451	50119827	8	-1.5942
d184c140-f7fa-4060-968f-f09790a7d987	8	50126018	59413898	6187	-0.1406
d184c140-f7fa-4060-968f-f09790a7d987	8	59414721	59416574	5	-1.1088
d184c140-f7fa-4060-968f-f09790a7d987	8	59420249	71303129	7115	-0.1413
d184c140-f7fa-4060-968f-f09790a7d987	8	71303791	71307628	7	-0.8944
d184c140-f7fa-4060-968f-f09790a7d987	8	71307892	102040655	18555	-0.143
d184c140-f7fa-4060-968f-f09790a7d987	8	102040695	102040911	3	-1.2844
d184c140-f7fa-4060-968f-f09790a7d987	8	102041063	111282417	5527	-0.1395
d184c140-f7fa-4060-968f-f09790a7d987	8	111282441	111283031	6	-1.1272
d184c140-f7fa-4060-968f-f09790a7d987	8	111288052	140653893	20936	-0.1429
d184c140-f7fa-4060-968f-f09790a7d987	8	140660066	141555378	503	-0.0638
d184c140-f7fa-4060-968f-f09790a7d987	8	141556387	142407360	515	-0.1128
d184c140-f7fa-4060-968f-f09790a7d987	8	142407652	142407678	2	-1.4381
d184c140-f7fa-4060-968f-f09790a7d987	8	142409225	143202190	303	-0.1235
d184c140-f7fa-4060-968f-f09790a7d987	8	143203018	143227769	11	-0.5385
d184c140-f7fa-4060-968f-f09790a7d987	8	143227828	143616987	124	-0.1235
d184c140-f7fa-4060-968f-f09790a7d987	8	143622987	143625638	9	-0.8679
d184c140-f7fa-4060-968f-f09790a7d987	8	143636819	145072769	501	-0.1148
d184c140-f7fa-4060-968f-f09790a7d987	9	46587	6695502	6369	-0.1335
d184c140-f7fa-4060-968f-f09790a7d987	9	6695986	6705360	6	-0.9728
d184c140-f7fa-4060-968f-f09790a7d987	9	6707519	11348433	4368	-0.1256
d184c140-f7fa-4060-968f-f09790a7d987	9	11348955	12159091	636	-0.0465
d184c140-f7fa-4060-968f-f09790a7d987	9	12159128	17633310	4500	-0.1467
d184c140-f7fa-4060-968f-f09790a7d987	9	17634922	17648256	13	-0.5993
d184c140-f7fa-4060-968f-f09790a7d987	9	17648693	23361807	4527	-0.14
d184c140-f7fa-4060-968f-f09790a7d987	9	23363117	23373486	8	-1.8867
d184c140-f7fa-4060-968f-f09790a7d987	9	23378490	39313823	10716	-0.1364
d184c140-f7fa-4060-968f-f09790a7d987	9	39337296	41741096	133	0.1554
d184c140-f7fa-4060-968f-f09790a7d987	9	41741113	42308537	34	-0.394
d184c140-f7fa-4060-968f-f09790a7d987	9	42501791	61405110	60	0.0393
d184c140-f7fa-4060-968f-f09790a7d987	9	61520021	61629689	28	0.7294
d184c140-f7fa-4060-968f-f09790a7d987	9	61633080	64574862	109	-0.0355
d184c140-f7fa-4060-968f-f09790a7d987	9	64587807	64847615	12	0.3897
d184c140-f7fa-4060-968f-f09790a7d987	9	64853789	82749190	10410	-0.1398
d184c140-f7fa-4060-968f-f09790a7d987	9	82749856	82764006	8	-1.3239
d184c140-f7fa-4060-968f-f09790a7d987	9	82764791	111570485	20562	-0.1404
d184c140-f7fa-4060-968f-f09790a7d987	9	111570854	111571024	2	-1.7375
d184c140-f7fa-4060-968f-f09790a7d987	9	111576361	133074203	14562	-0.1442
d184c140-f7fa-4060-968f-f09790a7d987	9	133075508	133082053	7	-0.9571
d184c140-f7fa-4060-968f-f09790a7d987	9	133090275	138200944	2400	-0.1448
d184c140-f7fa-4060-968f-f09790a7d987	10	45792	2421761	1825	-0.1338
d184c140-f7fa-4060-968f-f09790a7d987	10	2422168	2423054	2	-1.65
d184c140-f7fa-4060-968f-f09790a7d987	10	2425055	37165794	26486	-0.1499
d184c140-f7fa-4060-968f-f09790a7d987	10	37166217	37178686	3	1.0704
d184c140-f7fa-4060-968f-f09790a7d987	10	37190486	45574604	3045	-0.1377
d184c140-f7fa-4060-968f-f09790a7d987	10	45577424	45590359	11	-0.8234
d184c140-f7fa-4060-968f-f09790a7d987	10	45592444	45798061	47	-0.1157
d184c140-f7fa-4060-968f-f09790a7d987	10	45798171	45817039	2	-1.5945
d184c140-f7fa-4060-968f-f09790a7d987	10	45936113	65549243	12984	-0.1409
d184c140-f7fa-4060-968f-f09790a7d987	10	65549249	65554688	15	-0.7761
d184c140-f7fa-4060-968f-f09790a7d987	10	65563037	130472507	44204	-0.1454
d184c140-f7fa-4060-968f-f09790a7d987	10	130472578	130472631	2	-2.1059
d184c140-f7fa-4060-968f-f09790a7d987	10	130472877	133561696	1957	-0.135
d184c140-f7fa-4060-968f-f09790a7d987	10	133562190	133563774	3	-2.1365
d184c140-f7fa-4060-968f-f09790a7d987	10	133573736	133654968	34	-0.0596
d184c140-f7fa-4060-968f-f09790a7d987	11	198510	4705210	2141	-0.1388
d184c140-f7fa-4060-968f-f09790a7d987	11	4705388	4705661	5	-0.9151
d184c140-f7fa-4060-968f-f09790a7d987	11	4707904	4946021	265	-0.1101
d184c140-f7fa-4060-968f-f09790a7d987	11	4946166	4955042	32	0.649
d184c140-f7fa-4060-968f-f09790a7d987	11	4955781	5762452	781	-0.1451
d184c140-f7fa-4060-968f-f09790a7d987	11	5762693	5776622	19	-0.584
d184c140-f7fa-4060-968f-f09790a7d987	11	5777663	5787909	15	-1.0756
d184c140-f7fa-4060-968f-f09790a7d987	11	5788108	6086560	239	-0.109
d184c140-f7fa-4060-968f-f09790a7d987	11	6087039	6100864	8	0.4684
d184c140-f7fa-4060-968f-f09790a7d987	11	6101273	18919323	9155	-0.1468
d184c140-f7fa-4060-968f-f09790a7d987	11	18927525	18940375	44	0.1668
d184c140-f7fa-4060-968f-f09790a7d987	11	18940441	22322609	2889	-0.1419
d184c140-f7fa-4060-968f-f09790a7d987	11	22329922	22330059	2	-3.283
d184c140-f7fa-4060-968f-f09790a7d987	11	22333699	55595864	18857	-0.1351
d184c140-f7fa-4060-968f-f09790a7d987	11	55606556	55609022	9	-0.9568
d184c140-f7fa-4060-968f-f09790a7d987	11	55609035	55674842	39	-2.1491
d184c140-f7fa-4060-968f-f09790a7d987	11	55676735	55677818	4	0.299
d184c140-f7fa-4060-968f-f09790a7d987	11	55678469	55685533	7	-1.9064
d184c140-f7fa-4060-968f-f09790a7d987	11	55686100	89739376	19844	-0.1415
d184c140-f7fa-4060-968f-f09790a7d987	11	89741663	89834373	14	-0.5737
d184c140-f7fa-4060-968f-f09790a7d987	11	89847184	92289319	1599	-0.1415
d184c140-f7fa-4060-968f-f09790a7d987	11	92291620	92294733	6	-1.2575
d184c140-f7fa-4060-968f-f09790a7d987	11	92294987	95451191	2234	-0.1339
d184c140-f7fa-4060-968f-f09790a7d987	11	95452865	95452936	2	-1.8555
d184c140-f7fa-4060-968f-f09790a7d987	11	95453143	96072527	493	-0.1613
d184c140-f7fa-4060-968f-f09790a7d987	11	96072649	96072843	7	-0.9747
d184c140-f7fa-4060-968f-f09790a7d987	11	96084035	107910653	8535	-0.1385
d184c140-f7fa-4060-968f-f09790a7d987	11	107913781	107914372	2	-3.4783
d184c140-f7fa-4060-968f-f09790a7d987	11	107916987	135074876	19521	-0.1482
d184c140-f7fa-4060-968f-f09790a7d987	12	51460	11043047	7215	-0.1333
d184c140-f7fa-4060-968f-f09790a7d987	12	11044044	11152738	48	0.1647
d184c140-f7fa-4060-968f-f09790a7d987	12	11155575	30082648	13225	-0.14
d184c140-f7fa-4060-968f-f09790a7d987	12	30086334	30090642	19	-0.5346
d184c140-f7fa-4060-968f-f09790a7d987	12	30090657	31112123	872	-0.1449
d184c140-f7fa-4060-968f-f09790a7d987	12	31116364	31249756	84	0.4968
d184c140-f7fa-4060-968f-f09790a7d987	12	31253875	33141710	1297	-0.1542
d184c140-f7fa-4060-968f-f09790a7d987	12	33141726	33246810	81	0.0956
d184c140-f7fa-4060-968f-f09790a7d987	12	33246898	38173115	910	-0.0616
d184c140-f7fa-4060-968f-f09790a7d987	12	38175137	48331259	6340	-0.1351
d184c140-f7fa-4060-968f-f09790a7d987	12	48331456	48331632	3	-1.7132
d184c140-f7fa-4060-968f-f09790a7d987	12	48336253	82027782	20790	-0.144
d184c140-f7fa-4060-968f-f09790a7d987	12	82030688	82038574	3	-1.3329
d184c140-f7fa-4060-968f-f09790a7d987	12	82039253	99397874	11161	-0.1452
d184c140-f7fa-4060-968f-f09790a7d987	12	99397993	99404956	34	-0.5465
d184c140-f7fa-4060-968f-f09790a7d987	12	99409315	133201603	22704	-0.1409
d184c140-f7fa-4060-968f-f09790a7d987	13	18452809	31958485	9565	0.2965
d184c140-f7fa-4060-968f-f09790a7d987	13	31958590	31964286	17	-1.0642
d184c140-f7fa-4060-968f-f09790a7d987	13	31965910	38478674	4616	0.2946
d184c140-f7fa-4060-968f-f09790a7d987	13	38483435	38483919	2	-1.6348
d184c140-f7fa-4060-968f-f09790a7d987	13	38490920	57176962	11822	0.2954
d184c140-f7fa-4060-968f-f09790a7d987	13	57184136	57204246	34	-0.226
d184c140-f7fa-4060-968f-f09790a7d987	13	57215580	71902850	8986	0.2955
d184c140-f7fa-4060-968f-f09790a7d987	13	71903417	71906418	4	1.5624
d184c140-f7fa-4060-968f-f09790a7d987	13	71906467	82590399	7268	0.287
d184c140-f7fa-4060-968f-f09790a7d987	13	82594832	82596543	2	-1.3289
d184c140-f7fa-4060-968f-f09790a7d987	13	82598520	114342922	21805	0.2967
d184c140-f7fa-4060-968f-f09790a7d987	14	18239283	19185951	39	-0.12
d184c140-f7fa-4060-968f-f09790a7d987	14	19197351	19955213	128	0.5229
d184c140-f7fa-4060-968f-f09790a7d987	14	19956767	23977508	2715	-0.1258
d184c140-f7fa-4060-968f-f09790a7d987	14	23982222	23992645	10	-0.9003
d184c140-f7fa-4060-968f-f09790a7d987	14	23995303	24019187	9	-0.2406
d184c140-f7fa-4060-968f-f09790a7d987	14	24019200	24020067	8	-1.1644
d184c140-f7fa-4060-968f-f09790a7d987	14	24024866	40139724	10127	-0.1426
d184c140-f7fa-4060-968f-f09790a7d987	14	40144718	40147715	2	-2.2372
d184c140-f7fa-4060-968f-f09790a7d987	14	40148961	40966485	541	-0.1536
d184c140-f7fa-4060-968f-f09790a7d987	14	40966559	48587095	4577	-0.1157
d184c140-f7fa-4060-968f-f09790a7d987	14	48588607	69547262	13435	-0.1485
d184c140-f7fa-4060-968f-f09790a7d987	14	69551330	69555996	10	-0.7871
d184c140-f7fa-4060-968f-f09790a7d987	14	69556009	73529070	2620	-0.1462
d184c140-f7fa-4060-968f-f09790a7d987	14	73534419	73563196	10	-2.0025
d184c140-f7fa-4060-968f-f09790a7d987	14	73563211	106340305	20869	-0.1445
d184c140-f7fa-4060-968f-f09790a7d987	14	106340774	106365807	9	0.5719
d184c140-f7fa-4060-968f-f09790a7d987	14	106369985	106620488	143	0.0403
d184c140-f7fa-4060-968f-f09790a7d987	14	106622104	106719325	55	-0.1421
d184c140-f7fa-4060-968f-f09790a7d987	14	106769689	106770361	4	-0.7396
d184c140-f7fa-4060-968f-f09790a7d987	14	106775945	106877229	68	-0.0606
d184c140-f7fa-4060-968f-f09790a7d987	15	19811075	20235285	63	-0.0667
d184c140-f7fa-4060-968f-f09790a7d987	15	20240885	21018354	95	-0.4915
d184c140-f7fa-4060-968f-f09790a7d987	15	21053458	21071626	6	-1.4393
d184c140-f7fa-4060-968f-f09790a7d987	15	21078947	22385639	43	-0.5429
d184c140-f7fa-4060-968f-f09790a7d987	15	22395047	24429986	994	-0.1113
d184c140-f7fa-4060-968f-f09790a7d987	15	24435245	24473026	30	-0.589
d184c140-f7fa-4060-968f-f09790a7d987	15	24473449	30152073	3599	-0.1302
d184c140-f7fa-4060-968f-f09790a7d987	15	30156392	30231102	9	-0.9746
d184c140-f7fa-4060-968f-f09790a7d987	15	30252720	30300815	11	-0.0298
d184c140-f7fa-4060-968f-f09790a7d987	15	30304026	30515739	13	-0.6563
d184c140-f7fa-4060-968f-f09790a7d987	15	30595753	32220019	1057	-0.1133
d184c140-f7fa-4060-968f-f09790a7d987	15	32239115	32285940	6	-0.9745
d184c140-f7fa-4060-968f-f09790a7d987	15	32307601	34386576	1501	-0.136
d184c140-f7fa-4060-968f-f09790a7d987	15	34421922	34520918	62	-0.7918
d184c140-f7fa-4060-968f-f09790a7d987	15	34522159	76577448	26403	-0.1464
d184c140-f7fa-4060-968f-f09790a7d987	15	76577588	76609838	25	0.7633
d184c140-f7fa-4060-968f-f09790a7d987	15	76609853	101928837	17606	-0.1348
d184c140-f7fa-4060-968f-f09790a7d987	16	10777	35225338	20171	0.3029
d184c140-f7fa-4060-968f-f09790a7d987	16	35232200	35282548	25	1.1773
d184c140-f7fa-4060-968f-f09790a7d987	16	35282553	35282555	3	-0.1695
d184c140-f7fa-4060-968f-f09790a7d987	16	35282935	35522700	140	1.2062
d184c140-f7fa-4060-968f-f09790a7d987	16	35526596	52376939	3838	0.294
d184c140-f7fa-4060-968f-f09790a7d987	16	52379038	52380779	2	-1.2399
d184c140-f7fa-4060-968f-f09790a7d987	16	52383329	55762682	2759	0.3022
d184c140-f7fa-4060-968f-f09790a7d987	16	55764310	55764867	3	4.5338
d184c140-f7fa-4060-968f-f09790a7d987	16	55770436	55775312	6	1.2916
d184c140-f7fa-4060-968f-f09790a7d987	16	55775554	78338949	14293	0.2934
d184c140-f7fa-4060-968f-f09790a7d987	16	78339440	78342480	4	-1.0671
d184c140-f7fa-4060-968f-f09790a7d987	16	78342814	80968666	3076	0.3042
d184c140-f7fa-4060-968f-f09790a7d987	16	80970410	80971505	3	-1.1575
d184c140-f7fa-4060-968f-f09790a7d987	16	80972861	90096867	7545	0.303
d184c140-f7fa-4060-968f-f09790a7d987	17	150733	16834846	10479	0.6261
d184c140-f7fa-4060-968f-f09790a7d987	17	16838201	16838214	2	-0.8904
d184c140-f7fa-4060-968f-f09790a7d987	17	16838470	18452078	907	0.6152
d184c140-f7fa-4060-968f-f09790a7d987	17	18455632	18561907	26	-1.2417
d184c140-f7fa-4060-968f-f09790a7d987	17	18565883	41265456	9393	0.6134
d184c140-f7fa-4060-968f-f09790a7d987	17	41266762	41274279	24	-0.1985
d184c140-f7fa-4060-968f-f09790a7d987	17	41276472	46351954	2626	0.5948
d184c140-f7fa-4060-968f-f09790a7d987	17	46446345	46446360	2	-1.3521
d184c140-f7fa-4060-968f-f09790a7d987	17	46569894	78285287	19244	0.6188
d184c140-f7fa-4060-968f-f09790a7d987	17	78286051	78286887	2	2.259
d184c140-f7fa-4060-968f-f09790a7d987	17	78290662	79501634	784	0.6371
d184c140-f7fa-4060-968f-f09790a7d987	17	79511815	79513733	2	-1.5412
d184c140-f7fa-4060-968f-f09790a7d987	17	79532109	83091923	1534	0.6189
d184c140-f7fa-4060-968f-f09790a7d987	18	48133	71381922	44130	0.2949
d184c140-f7fa-4060-968f-f09790a7d987	18	71382253	73683861	1821	0.3536
d184c140-f7fa-4060-968f-f09790a7d987	18	73686720	80257174	4777	0.3065
d184c140-f7fa-4060-968f-f09790a7d987	19	90910	35358420	16702	-0.1369
d184c140-f7fa-4060-968f-f09790a7d987	19	35364451	35383481	28	-0.6927
d184c140-f7fa-4060-968f-f09790a7d987	19	35383881	55766684	10529	-0.1338
d184c140-f7fa-4060-968f-f09790a7d987	19	55770704	55771701	5	0.8081
d184c140-f7fa-4060-968f-f09790a7d987	19	55774927	58586487	1838	-0.1261
d184c140-f7fa-4060-968f-f09790a7d987	20	80664	1580353	1204	-0.1256
d184c140-f7fa-4060-968f-f09790a7d987	20	1580934	1613247	41	1.3703
d184c140-f7fa-4060-968f-f09790a7d987	20	1617300	14812166	9915	-0.1404
d184c140-f7fa-4060-968f-f09790a7d987	20	14812188	14812192	2	-2.8395
d184c140-f7fa-4060-968f-f09790a7d987	20	14812769	64324800	31189	-0.141
d184c140-f7fa-4060-968f-f09790a7d987	21	10354168	13092058	101	0.1842
d184c140-f7fa-4060-968f-f09790a7d987	21	13095038	13583316	168	-0.0556
d184c140-f7fa-4060-968f-f09790a7d987	21	13612103	13677975	4	0.864
d184c140-f7fa-4060-968f-f09790a7d987	21	13803967	35748483	15910	-0.1434
d184c140-f7fa-4060-968f-f09790a7d987	21	35751800	35752744	2	-1.7013
d184c140-f7fa-4060-968f-f09790a7d987	21	35753403	46654464	7657	-0.1476
d184c140-f7fa-4060-968f-f09790a7d987	21	46657316	46677045	19	0.0267
d184c140-f7fa-4060-968f-f09790a7d987	22	15294547	17043726	314	-0.0461
d184c140-f7fa-4060-968f-f09790a7d987	22	17044681	18128031	787	-0.1596
d184c140-f7fa-4060-968f-f09790a7d987	22	18128862	20596277	1068	-0.0906
d184c140-f7fa-4060-968f-f09790a7d987	22	20598622	20601876	3	-3.2431
d184c140-f7fa-4060-968f-f09790a7d987	22	20604014	20620840	21	-0.0681
d184c140-f7fa-4060-968f-f09790a7d987	22	20621700	20629746	14	-0.5691
d184c140-f7fa-4060-968f-f09790a7d987	22	20630713	23378373	1830	-0.0845
d184c140-f7fa-4060-968f-f09790a7d987	22	23378397	25265731	1176	-0.1448
d184c140-f7fa-4060-968f-f09790a7d987	22	25268018	25535388	296	-0.0468
d184c140-f7fa-4060-968f-f09790a7d987	22	25535405	49112166	16762	-0.1436
d184c140-f7fa-4060-968f-f09790a7d987	22	49115637	50796027	996	-0.1031
d184c140-f7fa-4060-968f-f09790a7d987	X	251810	55000115	31495	-0.0144
d184c140-f7fa-4060-968f-f09790a7d987	X	55000139	55004028	3	-4.5037
d184c140-f7fa-4060-968f-f09790a7d987	X	55007244	55606840	279	0.0068
d184c140-f7fa-4060-968f-f09790a7d987	X	55607011	67852857	3490	0.0926
d184c140-f7fa-4060-968f-f09790a7d987	X	67854491	105335137	18747	0.031
d184c140-f7fa-4060-968f-f09790a7d987	X	105335719	105339871	5	-3.2648
d184c140-f7fa-4060-968f-f09790a7d987	X	105342655	138923650	18580	0.0002
d184c140-f7fa-4060-968f-f09790a7d987	X	138924732	138925280	3	-3.5977
d184c140-f7fa-4060-968f-f09790a7d987	X	138925762	155952689	10343	-0.004
d184c140-f7fa-4060-968f-f09790a7d987	Y	2782397	6807231	876	-1.9819
d184c140-f7fa-4060-968f-f09790a7d987	Y	6809578	12073789	1707	-2.1663
d184c140-f7fa-4060-968f-f09790a7d987	Y	12077161	12077271	3	-5.8322
d184c140-f7fa-4060-968f-f09790a7d987	Y	12077856	13478396	677	-2.1067
d184c140-f7fa-4060-968f-f09790a7d987	Y	13478462	13482643	3	-7.1155
d184c140-f7fa-4060-968f-f09790a7d987	Y	13483009	13491197	5	-3.1079
d184c140-f7fa-4060-968f-f09790a7d987	Y	13492145	17053374	1744	-2.1184
d184c140-f7fa-4060-968f-f09790a7d987	Y	17054981	17058562	5	-3.7849
d184c140-f7fa-4060-968f-f09790a7d987	Y	17067455	17067660	3	-7.6487
d184c140-f7fa-4060-968f-f09790a7d987	Y	17070391	56872112	1612	-2.1055
