GDC_Aliquot	Chromosome	Start	End	Num_Probes	Segment_Mean
34b25a49-ff1d-4b6f-888f-e82d168bb39a	1	62920	98602	13	0.5907
34b25a49-ff1d-4b6f-888f-e82d168bb39a	1	259407	1958678	307	-0.1333
34b25a49-ff1d-4b6f-888f-e82d168bb39a	1	1958847	3309376	423	-0.2635
34b25a49-ff1d-4b6f-888f-e82d168bb39a	1	3309649	16505368	7808	-0.1289
34b25a49-ff1d-4b6f-888f-e82d168bb39a	1	16518437	16686246	38	0.5942
34b25a49-ff1d-4b6f-888f-e82d168bb39a	1	16689764	72297687	33763	-0.107
34b25a49-ff1d-4b6f-888f-e82d168bb39a	1	72302735	72345465	48	1.6955
34b25a49-ff1d-4b6f-888f-e82d168bb39a	1	72346221	94661145	14272	-0.0796
34b25a49-ff1d-4b6f-888f-e82d168bb39a	1	94665122	94687294	58	-1.248
34b25a49-ff1d-4b6f-888f-e82d168bb39a	1	94689829	99593452	3055	-0.0698
34b25a49-ff1d-4b6f-888f-e82d168bb39a	1	99594044	99595770	4	-1.1032
34b25a49-ff1d-4b6f-888f-e82d168bb39a	1	99597054	105476614	3373	-0.073
34b25a49-ff1d-4b6f-888f-e82d168bb39a	1	105476688	105479753	15	1.2171
34b25a49-ff1d-4b6f-888f-e82d168bb39a	1	105481433	112147704	4557	-0.0784
34b25a49-ff1d-4b6f-888f-e82d168bb39a	1	112153343	112163596	38	0.309
34b25a49-ff1d-4b6f-888f-e82d168bb39a	1	112166431	152582700	7515	-0.0873
34b25a49-ff1d-4b6f-888f-e82d168bb39a	1	152583051	152614118	36	1.2887
34b25a49-ff1d-4b6f-888f-e82d168bb39a	1	152618018	155210675	1529	-0.1074
34b25a49-ff1d-4b6f-888f-e82d168bb39a	1	155219369	155231273	11	1.0355
34b25a49-ff1d-4b6f-888f-e82d168bb39a	1	155241876	158545295	1917	-0.1114
34b25a49-ff1d-4b6f-888f-e82d168bb39a	1	158547206	158550155	14	-0.9568
34b25a49-ff1d-4b6f-888f-e82d168bb39a	1	158550387	174827561	11354	-0.089
34b25a49-ff1d-4b6f-888f-e82d168bb39a	1	174827576	174833918	24	0.4367
34b25a49-ff1d-4b6f-888f-e82d168bb39a	1	174834468	179361393	3042	-0.1038
34b25a49-ff1d-4b6f-888f-e82d168bb39a	1	179362247	179364180	3	-1.9347
34b25a49-ff1d-4b6f-888f-e82d168bb39a	1	179370071	196745743	11454	-0.0812
34b25a49-ff1d-4b6f-888f-e82d168bb39a	1	196758720	196832312	56	-0.712
34b25a49-ff1d-4b6f-888f-e82d168bb39a	1	196832525	248572774	35231	-0.091
34b25a49-ff1d-4b6f-888f-e82d168bb39a	1	248574146	248645808	35	-0.9453
34b25a49-ff1d-4b6f-888f-e82d168bb39a	1	248646068	248930189	139	-0.0945
34b25a49-ff1d-4b6f-888f-e82d168bb39a	2	12784	737505	515	-0.0994
34b25a49-ff1d-4b6f-888f-e82d168bb39a	2	742100	747161	3	-2.125
34b25a49-ff1d-4b6f-888f-e82d168bb39a	2	751300	3147886	1641	-0.1177
34b25a49-ff1d-4b6f-888f-e82d168bb39a	2	3148670	3148695	2	-2.1718
34b25a49-ff1d-4b6f-888f-e82d168bb39a	2	3149267	4155990	797	-0.1187
34b25a49-ff1d-4b6f-888f-e82d168bb39a	2	4158097	4192716	55	0.2928
34b25a49-ff1d-4b6f-888f-e82d168bb39a	2	4194793	14564825	7930	-0.082
34b25a49-ff1d-4b6f-888f-e82d168bb39a	2	14565932	14569897	10	-1.0353
34b25a49-ff1d-4b6f-888f-e82d168bb39a	2	14570240	34466002	12885	-0.0788
34b25a49-ff1d-4b6f-888f-e82d168bb39a	2	34474248	34511990	46	0.5941
34b25a49-ff1d-4b6f-888f-e82d168bb39a	2	34512096	52512079	12844	-0.0707
34b25a49-ff1d-4b6f-888f-e82d168bb39a	2	52514599	52568988	54	0.4469
34b25a49-ff1d-4b6f-888f-e82d168bb39a	2	52573456	55095759	1935	-0.0653
34b25a49-ff1d-4b6f-888f-e82d168bb39a	2	55097152	55103192	38	-1.0497
34b25a49-ff1d-4b6f-888f-e82d168bb39a	2	55103195	88858099	20415	-0.0829
34b25a49-ff1d-4b6f-888f-e82d168bb39a	2	88858290	89897956	148	0.1338
34b25a49-ff1d-4b6f-888f-e82d168bb39a	2	89920951	90309328	133	0.7289
34b25a49-ff1d-4b6f-888f-e82d168bb39a	2	91670923	97537802	937	-0.0619
34b25a49-ff1d-4b6f-888f-e82d168bb39a	2	97540809	97545247	3	-2.1193
34b25a49-ff1d-4b6f-888f-e82d168bb39a	2	97545726	106263639	5504	-0.0904
34b25a49-ff1d-4b6f-888f-e82d168bb39a	2	106264257	106268901	11	0.7637
34b25a49-ff1d-4b6f-888f-e82d168bb39a	2	106270799	110342056	2160	-0.0776
34b25a49-ff1d-4b6f-888f-e82d168bb39a	2	110361144	110411551	3	-2.0043
34b25a49-ff1d-4b6f-888f-e82d168bb39a	2	110631055	122712772	7239	-0.0782
34b25a49-ff1d-4b6f-888f-e82d168bb39a	2	122714543	122724665	13	-0.7618
34b25a49-ff1d-4b6f-888f-e82d168bb39a	2	122726077	124894355	1496	-0.0367
34b25a49-ff1d-4b6f-888f-e82d168bb39a	2	124895323	124900785	5	-1.4296
34b25a49-ff1d-4b6f-888f-e82d168bb39a	2	124902115	131458124	3647	-0.0714
34b25a49-ff1d-4b6f-888f-e82d168bb39a	2	131464435	131468795	3	-1.4764
34b25a49-ff1d-4b6f-888f-e82d168bb39a	2	131472229	146106875	9014	-0.0653
34b25a49-ff1d-4b6f-888f-e82d168bb39a	2	146106889	146109366	21	1.0339
34b25a49-ff1d-4b6f-888f-e82d168bb39a	2	146120238	184229950	23257	-0.0731
34b25a49-ff1d-4b6f-888f-e82d168bb39a	2	184235808	185987062	1010	0.007
34b25a49-ff1d-4b6f-888f-e82d168bb39a	2	185987589	230013133	26841	-0.0696
34b25a49-ff1d-4b6f-888f-e82d168bb39a	2	230022926	242092213	7360	-0.1106
34b25a49-ff1d-4b6f-888f-e82d168bb39a	2	242092368	242147305	25	0.171
34b25a49-ff1d-4b6f-888f-e82d168bb39a	3	20930	2608189	2215	-0.0546
34b25a49-ff1d-4b6f-888f-e82d168bb39a	3	2613007	2613798	5	-1.3572
34b25a49-ff1d-4b6f-888f-e82d168bb39a	3	2614240	8527270	5206	-0.0669
34b25a49-ff1d-4b6f-888f-e82d168bb39a	3	8527354	15841932	5062	-0.112
34b25a49-ff1d-4b6f-888f-e82d168bb39a	3	15842657	21707297	3596	-0.0725
34b25a49-ff1d-4b6f-888f-e82d168bb39a	3	21710504	21711474	5	-1.1529
34b25a49-ff1d-4b6f-888f-e82d168bb39a	3	21713236	32060063	7578	-0.0733
34b25a49-ff1d-4b6f-888f-e82d168bb39a	3	32060494	32064742	2	1.9636
34b25a49-ff1d-4b6f-888f-e82d168bb39a	3	32069801	44200794	7629	-0.0853
34b25a49-ff1d-4b6f-888f-e82d168bb39a	3	44201437	52985469	4063	-0.1218
34b25a49-ff1d-4b6f-888f-e82d168bb39a	3	52987053	65213590	9533	-0.0795
34b25a49-ff1d-4b6f-888f-e82d168bb39a	3	65213747	65224302	20	0.4715
34b25a49-ff1d-4b6f-888f-e82d168bb39a	3	65224479	68697013	2392	-0.0771
34b25a49-ff1d-4b6f-888f-e82d168bb39a	3	68697108	68698262	14	-1.7585
34b25a49-ff1d-4b6f-888f-e82d168bb39a	3	68699607	75372019	4822	-0.0898
34b25a49-ff1d-4b6f-888f-e82d168bb39a	3	75377956	75571744	72	-1.011
34b25a49-ff1d-4b6f-888f-e82d168bb39a	3	75589590	95737262	9042	-0.0691
34b25a49-ff1d-4b6f-888f-e82d168bb39a	3	95748036	95749266	2	-2.6262
34b25a49-ff1d-4b6f-888f-e82d168bb39a	3	95749836	97307516	775	-0.0914
34b25a49-ff1d-4b6f-888f-e82d168bb39a	3	97315993	97316213	2	-2.5019
34b25a49-ff1d-4b6f-888f-e82d168bb39a	3	97318159	125950205	17248	-0.0814
34b25a49-ff1d-4b6f-888f-e82d168bb39a	3	125954540	125957120	3	-2.2144
34b25a49-ff1d-4b6f-888f-e82d168bb39a	3	125961657	143027045	10230	-0.0938
34b25a49-ff1d-4b6f-888f-e82d168bb39a	3	143027418	148141118	3244	-0.041
34b25a49-ff1d-4b6f-888f-e82d168bb39a	3	148142607	162794951	8992	-0.0759
34b25a49-ff1d-4b6f-888f-e82d168bb39a	3	162795304	162815162	14	0.4985
34b25a49-ff1d-4b6f-888f-e82d168bb39a	3	162816942	162869490	27	1.057
34b25a49-ff1d-4b6f-888f-e82d168bb39a	3	162869779	162908192	26	0.3878
34b25a49-ff1d-4b6f-888f-e82d168bb39a	3	162908207	165323075	1306	-0.0361
34b25a49-ff1d-4b6f-888f-e82d168bb39a	3	165323760	165364151	65	-0.9922
34b25a49-ff1d-4b6f-888f-e82d168bb39a	3	165367641	176165961	6707	-0.0618
34b25a49-ff1d-4b6f-888f-e82d168bb39a	3	176170271	176196691	34	-1.109
34b25a49-ff1d-4b6f-888f-e82d168bb39a	3	176198433	189645889	8392	-0.0908
34b25a49-ff1d-4b6f-888f-e82d168bb39a	3	189646041	189646849	10	-0.8885
34b25a49-ff1d-4b6f-888f-e82d168bb39a	3	189653199	193160113	2467	-0.0669
34b25a49-ff1d-4b6f-888f-e82d168bb39a	3	193160173	193165114	19	-1.6066
34b25a49-ff1d-4b6f-888f-e82d168bb39a	3	193168646	198169247	2667	-0.1014
34b25a49-ff1d-4b6f-888f-e82d168bb39a	4	68929	246971	86	-0.0767
34b25a49-ff1d-4b6f-888f-e82d168bb39a	4	247389	428759	68	0.1799
34b25a49-ff1d-4b6f-888f-e82d168bb39a	4	428774	952665	182	-0.1751
34b25a49-ff1d-4b6f-888f-e82d168bb39a	4	953186	1051383	12	-0.8288
34b25a49-ff1d-4b6f-888f-e82d168bb39a	4	1051535	3597665	1079	-0.1428
34b25a49-ff1d-4b6f-888f-e82d168bb39a	4	3597723	3600457	3	-2.0224
34b25a49-ff1d-4b6f-888f-e82d168bb39a	4	3612441	8722817	3605	-0.1248
34b25a49-ff1d-4b6f-888f-e82d168bb39a	4	9370577	9427585	42	0.3765
34b25a49-ff1d-4b6f-888f-e82d168bb39a	4	9428543	9455251	16	-0.1076
34b25a49-ff1d-4b6f-888f-e82d168bb39a	4	9459504	9477699	6	2.0092
34b25a49-ff1d-4b6f-888f-e82d168bb39a	4	9484440	9496271	4	0.6066
34b25a49-ff1d-4b6f-888f-e82d168bb39a	4	9499750	10208322	523	-0.1022
34b25a49-ff1d-4b6f-888f-e82d168bb39a	4	10208339	10208766	6	0.4324
34b25a49-ff1d-4b6f-888f-e82d168bb39a	4	10221792	10229874	28	2.4076
34b25a49-ff1d-4b6f-888f-e82d168bb39a	4	10232590	34777418	16820	-0.0836
34b25a49-ff1d-4b6f-888f-e82d168bb39a	4	34777432	34804618	25	-0.6497
34b25a49-ff1d-4b6f-888f-e82d168bb39a	4	34806721	68354665	19258	-0.0798
34b25a49-ff1d-4b6f-888f-e82d168bb39a	4	68361130	68671434	94	0.5285
34b25a49-ff1d-4b6f-888f-e82d168bb39a	4	68674307	68686026	2	1.6619
34b25a49-ff1d-4b6f-888f-e82d168bb39a	4	68725894	69103825	221	-0.0814
34b25a49-ff1d-4b6f-888f-e82d168bb39a	4	69105219	69105246	2	-2.2495
34b25a49-ff1d-4b6f-888f-e82d168bb39a	4	69105345	69255175	79	-0.0844
34b25a49-ff1d-4b6f-888f-e82d168bb39a	4	69255532	69424683	87	0.198
34b25a49-ff1d-4b6f-888f-e82d168bb39a	4	69428422	86054070	10294	-0.0804
34b25a49-ff1d-4b6f-888f-e82d168bb39a	4	86054941	86058791	20	-0.7306
34b25a49-ff1d-4b6f-888f-e82d168bb39a	4	86058936	137171041	29843	-0.0665
34b25a49-ff1d-4b6f-888f-e82d168bb39a	4	137171085	137172260	14	-0.8165
34b25a49-ff1d-4b6f-888f-e82d168bb39a	4	137173804	150955199	8282	-0.0748
34b25a49-ff1d-4b6f-888f-e82d168bb39a	4	150955254	150960261	19	-0.8831
34b25a49-ff1d-4b6f-888f-e82d168bb39a	4	150963144	160959151	6276	-0.0697
34b25a49-ff1d-4b6f-888f-e82d168bb39a	4	160959187	160963756	16	0.5204
34b25a49-ff1d-4b6f-888f-e82d168bb39a	4	160963767	161019769	51	0.0752
34b25a49-ff1d-4b6f-888f-e82d168bb39a	4	161023010	161025216	2	-1.9614
34b25a49-ff1d-4b6f-888f-e82d168bb39a	4	161025473	171448195	6541	-0.0668
34b25a49-ff1d-4b6f-888f-e82d168bb39a	4	171453733	171456573	10	2.0643
34b25a49-ff1d-4b6f-888f-e82d168bb39a	4	171456625	172501371	630	-0.0431
34b25a49-ff1d-4b6f-888f-e82d168bb39a	4	172503796	172507492	7	1.2119
34b25a49-ff1d-4b6f-888f-e82d168bb39a	4	172519981	184063649	7668	-0.0598
34b25a49-ff1d-4b6f-888f-e82d168bb39a	4	184064856	184068275	6	-1.3398
34b25a49-ff1d-4b6f-888f-e82d168bb39a	4	184068517	190106768	4038	-0.0741
34b25a49-ff1d-4b6f-888f-e82d168bb39a	5	15532	685633	306	-0.2025
34b25a49-ff1d-4b6f-888f-e82d168bb39a	5	698256	825538	46	1.3021
34b25a49-ff1d-4b6f-888f-e82d168bb39a	5	833513	17478492	12874	-0.0933
34b25a49-ff1d-4b6f-888f-e82d168bb39a	5	17481490	17601619	19	-1.01
34b25a49-ff1d-4b6f-888f-e82d168bb39a	5	17601952	21404918	2279	-0.0578
34b25a49-ff1d-4b6f-888f-e82d168bb39a	5	21405150	21528695	46	0.3331
34b25a49-ff1d-4b6f-888f-e82d168bb39a	5	21529303	26789387	3085	-0.0752
34b25a49-ff1d-4b6f-888f-e82d168bb39a	5	26797651	26797735	2	-1.9178
34b25a49-ff1d-4b6f-888f-e82d168bb39a	5	26803775	27173166	203	-0.1098
34b25a49-ff1d-4b6f-888f-e82d168bb39a	5	27176113	27177174	2	-2.0564
34b25a49-ff1d-4b6f-888f-e82d168bb39a	5	27178515	45298509	11195	-0.084
34b25a49-ff1d-4b6f-888f-e82d168bb39a	5	45298733	50839150	609	0.0279
34b25a49-ff1d-4b6f-888f-e82d168bb39a	5	50840797	58025819	4729	-0.0857
34b25a49-ff1d-4b6f-888f-e82d168bb39a	5	58030200	58037089	27	1.7948
34b25a49-ff1d-4b6f-888f-e82d168bb39a	5	58037128	58037688	3	0.7919
34b25a49-ff1d-4b6f-888f-e82d168bb39a	5	58042530	61551615	2282	-0.0729
34b25a49-ff1d-4b6f-888f-e82d168bb39a	5	61552358	61552670	4	-0.9633
34b25a49-ff1d-4b6f-888f-e82d168bb39a	5	61552918	62277545	523	-0.0691
34b25a49-ff1d-4b6f-888f-e82d168bb39a	5	62279164	62280093	2	1.5234
34b25a49-ff1d-4b6f-888f-e82d168bb39a	5	62280446	63363000	648	-0.1145
34b25a49-ff1d-4b6f-888f-e82d168bb39a	5	63363032	63832974	274	0.0319
34b25a49-ff1d-4b6f-888f-e82d168bb39a	5	63833679	69571467	3503	-0.0914
34b25a49-ff1d-4b6f-888f-e82d168bb39a	5	69779150	70959079	16	0.8713
34b25a49-ff1d-4b6f-888f-e82d168bb39a	5	71010832	97707887	15424	-0.0845
34b25a49-ff1d-4b6f-888f-e82d168bb39a	5	97709417	97763616	44	-1.1073
34b25a49-ff1d-4b6f-888f-e82d168bb39a	5	97763980	132377998	21905	-0.0759
34b25a49-ff1d-4b6f-888f-e82d168bb39a	5	132378082	132378414	2	-3.7184
34b25a49-ff1d-4b6f-888f-e82d168bb39a	5	132378717	150064431	10943	-0.0939
34b25a49-ff1d-4b6f-888f-e82d168bb39a	5	150064584	150066032	2	-2.2846
34b25a49-ff1d-4b6f-888f-e82d168bb39a	5	150066358	166411869	10901	-0.0871
34b25a49-ff1d-4b6f-888f-e82d168bb39a	5	166412657	166422950	34	-0.9108
34b25a49-ff1d-4b6f-888f-e82d168bb39a	5	166423045	180947523	9609	-0.1075
34b25a49-ff1d-4b6f-888f-e82d168bb39a	5	180951710	180987465	14	0.9028
34b25a49-ff1d-4b6f-888f-e82d168bb39a	5	180990207	181363319	174	-0.1118
34b25a49-ff1d-4b6f-888f-e82d168bb39a	6	149661	254283	100	-0.123
34b25a49-ff1d-4b6f-888f-e82d168bb39a	6	257353	375277	95	0.2857
34b25a49-ff1d-4b6f-888f-e82d168bb39a	6	375759	31318528	21910	-0.1006
34b25a49-ff1d-4b6f-888f-e82d168bb39a	6	31318754	31328674	8	-2.1162
34b25a49-ff1d-4b6f-888f-e82d168bb39a	6	31342147	32485152	491	-0.1485
34b25a49-ff1d-4b6f-888f-e82d168bb39a	6	32486498	32602588	29	1.1019
34b25a49-ff1d-4b6f-888f-e82d168bb39a	6	32605994	32867511	189	0.0266
34b25a49-ff1d-4b6f-888f-e82d168bb39a	6	32877952	44506138	7213	-0.1225
34b25a49-ff1d-4b6f-888f-e82d168bb39a	6	44508016	57350696	8154	-0.0781
34b25a49-ff1d-4b6f-888f-e82d168bb39a	6	57368944	61200568	515	0.0282
34b25a49-ff1d-4b6f-888f-e82d168bb39a	6	61201060	73882142	7813	-0.0692
34b25a49-ff1d-4b6f-888f-e82d168bb39a	6	73882741	73891694	9	1.1625
34b25a49-ff1d-4b6f-888f-e82d168bb39a	6	73893839	76305231	1458	-0.0826
34b25a49-ff1d-4b6f-888f-e82d168bb39a	6	76307183	76307209	3	1.3754
34b25a49-ff1d-4b6f-888f-e82d168bb39a	6	76307276	78253172	1280	-0.0664
34b25a49-ff1d-4b6f-888f-e82d168bb39a	6	78259348	78325310	108	0.5035
34b25a49-ff1d-4b6f-888f-e82d168bb39a	6	78325457	170741917	59095	-0.0811
34b25a49-ff1d-4b6f-888f-e82d168bb39a	7	43355	53145619	37302	0.7929
34b25a49-ff1d-4b6f-888f-e82d168bb39a	7	53145660	53155021	13	-0.1868
34b25a49-ff1d-4b6f-888f-e82d168bb39a	7	53156532	54305455	837	0.7806
34b25a49-ff1d-4b6f-888f-e82d168bb39a	7	54318812	54318824	6	-1.1347
34b25a49-ff1d-4b6f-888f-e82d168bb39a	7	54325795	65800367	3243	0.7826
34b25a49-ff1d-4b6f-888f-e82d168bb39a	7	65805317	65827971	7	1.858
34b25a49-ff1d-4b6f-888f-e82d168bb39a	7	65830040	67003133	405	0.6599
34b25a49-ff1d-4b6f-888f-e82d168bb39a	7	67003322	76407292	4547	0.7561
34b25a49-ff1d-4b6f-888f-e82d168bb39a	7	76409947	76550397	29	0.3668
34b25a49-ff1d-4b6f-888f-e82d168bb39a	7	76568113	87227136	6846	0.7986
34b25a49-ff1d-4b6f-888f-e82d168bb39a	7	87227716	88643122	774	0.7664
34b25a49-ff1d-4b6f-888f-e82d168bb39a	7	88645495	89981498	866	0.8828
34b25a49-ff1d-4b6f-888f-e82d168bb39a	7	89982472	91729225	1230	0.7812
34b25a49-ff1d-4b6f-888f-e82d168bb39a	7	91729456	91730145	6	-0.3791
34b25a49-ff1d-4b6f-888f-e82d168bb39a	7	91730159	109793741	10287	0.7779
34b25a49-ff1d-4b6f-888f-e82d168bb39a	7	109797035	109797044	8	1.6126
34b25a49-ff1d-4b6f-888f-e82d168bb39a	7	109797612	110788876	693	0.8062
34b25a49-ff1d-4b6f-888f-e82d168bb39a	7	110788955	110792438	6	-0.7377
34b25a49-ff1d-4b6f-888f-e82d168bb39a	7	110792471	111150555	210	0.7867
34b25a49-ff1d-4b6f-888f-e82d168bb39a	7	111151136	111541273	258	0.9468
34b25a49-ff1d-4b6f-888f-e82d168bb39a	7	111544423	119513288	4691	0.7992
34b25a49-ff1d-4b6f-888f-e82d168bb39a	7	119516469	119522393	11	-0.1801
34b25a49-ff1d-4b6f-888f-e82d168bb39a	7	119522676	126405502	4115	0.7966
34b25a49-ff1d-4b6f-888f-e82d168bb39a	7	126405597	126406561	10	1.7019
34b25a49-ff1d-4b6f-888f-e82d168bb39a	7	126406822	126412712	7	-0.1686
34b25a49-ff1d-4b6f-888f-e82d168bb39a	7	126414344	134104753	4673	0.7861
34b25a49-ff1d-4b6f-888f-e82d168bb39a	7	134105212	134105258	3	2.3405
34b25a49-ff1d-4b6f-888f-e82d168bb39a	7	134105657	142063324	5169	0.7828
34b25a49-ff1d-4b6f-888f-e82d168bb39a	7	142069843	142092307	34	-0.0874
34b25a49-ff1d-4b6f-888f-e82d168bb39a	7	142099190	153450553	6726	0.7963
34b25a49-ff1d-4b6f-888f-e82d168bb39a	7	153450560	153450627	2	-2.26
34b25a49-ff1d-4b6f-888f-e82d168bb39a	7	153450630	159334314	4055	0.7868
34b25a49-ff1d-4b6f-888f-e82d168bb39a	8	81254	645220	321	-0.0882
34b25a49-ff1d-4b6f-888f-e82d168bb39a	8	645443	645875	5	0.9667
34b25a49-ff1d-4b6f-888f-e82d168bb39a	8	645892	645908	2	3.1523
34b25a49-ff1d-4b6f-888f-e82d168bb39a	8	656117	2844412	1685	-0.1162
34b25a49-ff1d-4b6f-888f-e82d168bb39a	8	2846011	2846377	7	-1.4795
34b25a49-ff1d-4b6f-888f-e82d168bb39a	8	2849649	7358321	5614	-0.0695
34b25a49-ff1d-4b6f-888f-e82d168bb39a	8	7358351	7380497	12	-1.0184
34b25a49-ff1d-4b6f-888f-e82d168bb39a	8	7396819	8528287	332	-0.1173
34b25a49-ff1d-4b6f-888f-e82d168bb39a	8	8528640	8528932	4	-3.019
34b25a49-ff1d-4b6f-888f-e82d168bb39a	8	8530797	10423934	1673	-0.0901
34b25a49-ff1d-4b6f-888f-e82d168bb39a	8	10426238	10431036	11	-0.9712
34b25a49-ff1d-4b6f-888f-e82d168bb39a	8	10432093	11918551	1147	-0.1065
34b25a49-ff1d-4b6f-888f-e82d168bb39a	8	11925498	11925527	2	-2.8429
34b25a49-ff1d-4b6f-888f-e82d168bb39a	8	11928746	16402103	3599	-0.073
34b25a49-ff1d-4b6f-888f-e82d168bb39a	8	16404726	16421186	29	-0.8156
34b25a49-ff1d-4b6f-888f-e82d168bb39a	8	16425078	39372664	15733	-0.0924
34b25a49-ff1d-4b6f-888f-e82d168bb39a	8	39372806	39531605	66	0.6978
34b25a49-ff1d-4b6f-888f-e82d168bb39a	8	39537590	64330191	13742	-0.0894
34b25a49-ff1d-4b6f-888f-e82d168bb39a	8	64334427	64342279	10	-1.1567
34b25a49-ff1d-4b6f-888f-e82d168bb39a	8	64344946	67631239	1637	-0.0933
34b25a49-ff1d-4b6f-888f-e82d168bb39a	8	67631495	67637971	32	-0.8715
34b25a49-ff1d-4b6f-888f-e82d168bb39a	8	67644593	101609225	20394	-0.0837
34b25a49-ff1d-4b6f-888f-e82d168bb39a	8	101609401	101613394	4	-3.1412
34b25a49-ff1d-4b6f-888f-e82d168bb39a	8	101613442	101737340	106	-0.1855
34b25a49-ff1d-4b6f-888f-e82d168bb39a	8	101737459	138784553	25019	-0.0861
34b25a49-ff1d-4b6f-888f-e82d168bb39a	8	138784739	138784806	2	-2.6834
34b25a49-ff1d-4b6f-888f-e82d168bb39a	8	138785298	141088878	1660	-0.1054
34b25a49-ff1d-4b6f-888f-e82d168bb39a	8	141089148	145072769	1704	-0.179
34b25a49-ff1d-4b6f-888f-e82d168bb39a	9	46587	39089393	30763	-0.074
34b25a49-ff1d-4b6f-888f-e82d168bb39a	9	39105077	42014203	153	0.2079
34b25a49-ff1d-4b6f-888f-e82d168bb39a	9	42037471	42211663	22	-0.6986
34b25a49-ff1d-4b6f-888f-e82d168bb39a	9	42230926	60889708	60	0.1695
34b25a49-ff1d-4b6f-888f-e82d168bb39a	9	60893611	61405110	10	-0.5138
34b25a49-ff1d-4b6f-888f-e82d168bb39a	9	61520021	62527527	47	0.5031
34b25a49-ff1d-4b6f-888f-e82d168bb39a	9	62862781	63580418	21	-0.1522
34b25a49-ff1d-4b6f-888f-e82d168bb39a	9	63590317	63592813	7	1.8102
34b25a49-ff1d-4b6f-888f-e82d168bb39a	9	63614182	127406047	41852	-0.0893
34b25a49-ff1d-4b6f-888f-e82d168bb39a	9	127407595	127412817	3	-2.5657
34b25a49-ff1d-4b6f-888f-e82d168bb39a	9	127412817	138200944	5650	-0.1456
34b25a49-ff1d-4b6f-888f-e82d168bb39a	10	45792	24089125	18972	-0.0996
34b25a49-ff1d-4b6f-888f-e82d168bb39a	10	24089979	24092001	11	-0.8887
34b25a49-ff1d-4b6f-888f-e82d168bb39a	10	24092095	46332058	12333	-0.0982
34b25a49-ff1d-4b6f-888f-e82d168bb39a	10	46332377	46526280	24	0.542
34b25a49-ff1d-4b6f-888f-e82d168bb39a	10	46526920	46708198	33	-0.1142
34b25a49-ff1d-4b6f-888f-e82d168bb39a	10	46780843	47044272	18	-0.6092
34b25a49-ff1d-4b6f-888f-e82d168bb39a	10	47045228	53170110	3941	-0.0883
34b25a49-ff1d-4b6f-888f-e82d168bb39a	10	53172714	53179393	8	-1.1102
34b25a49-ff1d-4b6f-888f-e82d168bb39a	10	53181641	53316941	79	0.0019
34b25a49-ff1d-4b6f-888f-e82d168bb39a	10	53317022	53329069	5	-1.2552
34b25a49-ff1d-4b6f-888f-e82d168bb39a	10	53333771	55269363	1404	-0.0705
34b25a49-ff1d-4b6f-888f-e82d168bb39a	10	55270991	55286172	9	-0.7549
34b25a49-ff1d-4b6f-888f-e82d168bb39a	10	55288170	55875617	445	0.0068
34b25a49-ff1d-4b6f-888f-e82d168bb39a	10	55878059	55882522	4	-1.3189
34b25a49-ff1d-4b6f-888f-e82d168bb39a	10	55891974	56757495	557	-0.0673
34b25a49-ff1d-4b6f-888f-e82d168bb39a	10	56757537	56767018	27	0.3832
34b25a49-ff1d-4b6f-888f-e82d168bb39a	10	56767064	59605724	2072	-0.0722
34b25a49-ff1d-4b6f-888f-e82d168bb39a	10	59606045	59606047	3	-1.4978
34b25a49-ff1d-4b6f-888f-e82d168bb39a	10	59606506	65546518	3980	-0.0914
34b25a49-ff1d-4b6f-888f-e82d168bb39a	10	65548165	65554672	26	0.5173
34b25a49-ff1d-4b6f-888f-e82d168bb39a	10	65554688	65581795	19	-0.1393
34b25a49-ff1d-4b6f-888f-e82d168bb39a	10	65583696	65584197	8	-0.8356
34b25a49-ff1d-4b6f-888f-e82d168bb39a	10	65585009	66221306	513	-0.0723
34b25a49-ff1d-4b6f-888f-e82d168bb39a	10	66223652	66792631	412	0.032
34b25a49-ff1d-4b6f-888f-e82d168bb39a	10	66796599	76493093	5768	-0.1121
34b25a49-ff1d-4b6f-888f-e82d168bb39a	10	76497303	76497852	2	2.146
34b25a49-ff1d-4b6f-888f-e82d168bb39a	10	76501509	78606117	1665	-0.0899
34b25a49-ff1d-4b6f-888f-e82d168bb39a	10	78613924	78616574	2	-2.249
34b25a49-ff1d-4b6f-888f-e82d168bb39a	10	78616666	80542217	1181	-0.141
34b25a49-ff1d-4b6f-888f-e82d168bb39a	10	80542291	130782173	34479	-0.094
34b25a49-ff1d-4b6f-888f-e82d168bb39a	10	130783041	130802414	18	-0.6888
34b25a49-ff1d-4b6f-888f-e82d168bb39a	10	130802609	131385038	529	-0.0927
34b25a49-ff1d-4b6f-888f-e82d168bb39a	10	131388002	133654968	1159	-0.1654
34b25a49-ff1d-4b6f-888f-e82d168bb39a	11	198510	1817136	565	-0.1769
34b25a49-ff1d-4b6f-888f-e82d168bb39a	11	1819724	1824690	4	-1.7834
34b25a49-ff1d-4b6f-888f-e82d168bb39a	11	1833341	5772353	2627	-0.1085
34b25a49-ff1d-4b6f-888f-e82d168bb39a	11	5773015	5788108	23	-0.873
34b25a49-ff1d-4b6f-888f-e82d168bb39a	11	5788231	50171657	30327	-0.088
34b25a49-ff1d-4b6f-888f-e82d168bb39a	11	50172254	55609022	547	0.0256
34b25a49-ff1d-4b6f-888f-e82d168bb39a	11	55609035	55685501	47	0.4103
34b25a49-ff1d-4b6f-888f-e82d168bb39a	11	55685533	56312050	428	0.0167
34b25a49-ff1d-4b6f-888f-e82d168bb39a	11	56312836	59042524	1624	-0.1019
34b25a49-ff1d-4b6f-888f-e82d168bb39a	11	59043992	59086292	21	0.5252
34b25a49-ff1d-4b6f-888f-e82d168bb39a	11	59087546	60835736	1054	-0.1034
34b25a49-ff1d-4b6f-888f-e82d168bb39a	11	60835825	78587519	8653	-0.1331
34b25a49-ff1d-4b6f-888f-e82d168bb39a	11	78588744	81787763	2618	-0.0748
34b25a49-ff1d-4b6f-888f-e82d168bb39a	11	81792426	81806116	11	-1.0227
34b25a49-ff1d-4b6f-888f-e82d168bb39a	11	81811590	107367930	17590	-0.0821
34b25a49-ff1d-4b6f-888f-e82d168bb39a	11	107367945	107368402	6	-1.6499
34b25a49-ff1d-4b6f-888f-e82d168bb39a	11	107381636	115265888	5213	-0.0855
34b25a49-ff1d-4b6f-888f-e82d168bb39a	11	115265994	115266009	2	-2.2883
34b25a49-ff1d-4b6f-888f-e82d168bb39a	11	115266527	134287218	13872	-0.1038
34b25a49-ff1d-4b6f-888f-e82d168bb39a	11	134288564	134414608	83	-0.3415
34b25a49-ff1d-4b6f-888f-e82d168bb39a	11	134416303	135074876	535	-0.0886
34b25a49-ff1d-4b6f-888f-e82d168bb39a	12	51460	7842191	5315	0.393
34b25a49-ff1d-4b6f-888f-e82d168bb39a	12	7851829	7971304	57	-1.3672
34b25a49-ff1d-4b6f-888f-e82d168bb39a	12	7978362	9477960	749	0.3706
34b25a49-ff1d-4b6f-888f-e82d168bb39a	12	9481274	9575696	23	1.6547
34b25a49-ff1d-4b6f-888f-e82d168bb39a	12	9582373	11083616	1033	0.4156
34b25a49-ff1d-4b6f-888f-e82d168bb39a	12	11084237	11104230	5	1.3527
34b25a49-ff1d-4b6f-888f-e82d168bb39a	12	11107676	11351157	128	0.4927
34b25a49-ff1d-4b6f-888f-e82d168bb39a	12	11358643	11390472	31	-0.6312
34b25a49-ff1d-4b6f-888f-e82d168bb39a	12	11399258	24240820	8638	0.4
34b25a49-ff1d-4b6f-888f-e82d168bb39a	12	24242268	24242338	3	-0.9011
34b25a49-ff1d-4b6f-888f-e82d168bb39a	12	24244010	33141726	6581	0.4024
34b25a49-ff1d-4b6f-888f-e82d168bb39a	12	33148472	33154440	27	-0.5996
34b25a49-ff1d-4b6f-888f-e82d168bb39a	12	33155426	33373507	142	0.3811
34b25a49-ff1d-4b6f-888f-e82d168bb39a	12	33375905	34128766	448	0.4905
34b25a49-ff1d-4b6f-888f-e82d168bb39a	12	34129839	37777376	265	0.3031
34b25a49-ff1d-4b6f-888f-e82d168bb39a	12	37788687	38651554	367	0.5516
34b25a49-ff1d-4b6f-888f-e82d168bb39a	12	38651612	48331037	6020	0.4079
34b25a49-ff1d-4b6f-888f-e82d168bb39a	12	48331236	48336253	6	-1.1033
34b25a49-ff1d-4b6f-888f-e82d168bb39a	12	48336501	70478078	13343	0.3865
34b25a49-ff1d-4b6f-888f-e82d168bb39a	12	70478895	70485605	10	-0.6411
34b25a49-ff1d-4b6f-888f-e82d168bb39a	12	70485653	133201603	40869	0.4005
34b25a49-ff1d-4b6f-888f-e82d168bb39a	13	18452809	19547319	527	-0.0866
34b25a49-ff1d-4b6f-888f-e82d168bb39a	13	19549755	19549770	2	4.7569
34b25a49-ff1d-4b6f-888f-e82d168bb39a	13	19550361	21931328	1446	-0.1025
34b25a49-ff1d-4b6f-888f-e82d168bb39a	13	21934115	21934640	2	-1.9175
34b25a49-ff1d-4b6f-888f-e82d168bb39a	13	21937241	52294167	21075	-0.0899
34b25a49-ff1d-4b6f-888f-e82d168bb39a	13	52307231	52322826	6	-1.0767
34b25a49-ff1d-4b6f-888f-e82d168bb39a	13	52336554	57176962	2659	-0.0689
34b25a49-ff1d-4b6f-888f-e82d168bb39a	13	57184136	57204246	34	-2.1788
34b25a49-ff1d-4b6f-888f-e82d168bb39a	13	57215580	82116113	15834	-0.0679
34b25a49-ff1d-4b6f-888f-e82d168bb39a	13	82120580	82120651	3	-1.6188
34b25a49-ff1d-4b6f-888f-e82d168bb39a	13	82124136	82983099	501	-0.0775
34b25a49-ff1d-4b6f-888f-e82d168bb39a	13	82985810	82989420	7	-1.2381
34b25a49-ff1d-4b6f-888f-e82d168bb39a	13	82992648	112977466	20748	-0.0822
34b25a49-ff1d-4b6f-888f-e82d168bb39a	13	112978130	113020262	12	-0.838
34b25a49-ff1d-4b6f-888f-e82d168bb39a	13	113020421	114342922	564	-0.1464
34b25a49-ff1d-4b6f-888f-e82d168bb39a	14	18239283	19289821	45	0.8592
34b25a49-ff1d-4b6f-888f-e82d168bb39a	14	19294457	19669187	17	0.0588
34b25a49-ff1d-4b6f-888f-e82d168bb39a	14	19675350	19955213	104	0.9769
34b25a49-ff1d-4b6f-888f-e82d168bb39a	14	19956767	21786874	1200	-0.1142
34b25a49-ff1d-4b6f-888f-e82d168bb39a	14	21789074	22218701	392	0.0422
34b25a49-ff1d-4b6f-888f-e82d168bb39a	14	22219164	22623202	343	-0.0701
34b25a49-ff1d-4b6f-888f-e82d168bb39a	14	22625942	22630225	6	-1.0795
34b25a49-ff1d-4b6f-888f-e82d168bb39a	14	22630304	39520443	10442	-0.0864
34b25a49-ff1d-4b6f-888f-e82d168bb39a	14	39521500	48406080	5320	-0.0521
34b25a49-ff1d-4b6f-888f-e82d168bb39a	14	48408590	106423925	36700	-0.0955
34b25a49-ff1d-4b6f-888f-e82d168bb39a	14	106425447	106462183	47	-0.7052
34b25a49-ff1d-4b6f-888f-e82d168bb39a	14	106462724	106877229	193	-0.0177
34b25a49-ff1d-4b6f-888f-e82d168bb39a	15	19811075	20217125	62	-0.0076
34b25a49-ff1d-4b6f-888f-e82d168bb39a	15	20235285	22299523	144	-0.8495
34b25a49-ff1d-4b6f-888f-e82d168bb39a	15	22385639	24429986	985	-0.0783
34b25a49-ff1d-4b6f-888f-e82d168bb39a	15	24435245	24473026	30	-0.8866
34b25a49-ff1d-4b6f-888f-e82d168bb39a	15	24473449	29119788	2915	-0.0861
34b25a49-ff1d-4b6f-888f-e82d168bb39a	15	29119844	29133037	6	-1.6638
34b25a49-ff1d-4b6f-888f-e82d168bb39a	15	29133893	76586021	29423	-0.0968
34b25a49-ff1d-4b6f-888f-e82d168bb39a	15	76598900	76603434	22	0.7813
34b25a49-ff1d-4b6f-888f-e82d168bb39a	15	76609838	84159599	4544	-0.0907
34b25a49-ff1d-4b6f-888f-e82d168bb39a	15	84192594	84388506	5	1.2614
34b25a49-ff1d-4b6f-888f-e82d168bb39a	15	84390750	87248887	2028	-0.1039
34b25a49-ff1d-4b6f-888f-e82d168bb39a	15	87249097	87571392	257	0.0486
34b25a49-ff1d-4b6f-888f-e82d168bb39a	15	87571441	92222525	3230	-0.1097
34b25a49-ff1d-4b6f-888f-e82d168bb39a	15	92222644	92223064	3	1.4647
34b25a49-ff1d-4b6f-888f-e82d168bb39a	15	92223528	101928837	7346	-0.0878
34b25a49-ff1d-4b6f-888f-e82d168bb39a	16	10777	151390	89	-0.1533
34b25a49-ff1d-4b6f-888f-e82d168bb39a	16	154945	155679	6	-1.1669
34b25a49-ff1d-4b6f-888f-e82d168bb39a	16	171058	539860	138	-0.1458
34b25a49-ff1d-4b6f-888f-e82d168bb39a	16	546442	592610	11	-1.2194
34b25a49-ff1d-4b6f-888f-e82d168bb39a	16	592632	5163122	1958	-0.145
34b25a49-ff1d-4b6f-888f-e82d168bb39a	16	5166717	22546611	12404	-0.0924
34b25a49-ff1d-4b6f-888f-e82d168bb39a	16	22546990	22708868	78	0.2946
34b25a49-ff1d-4b6f-888f-e82d168bb39a	16	22709045	32016657	5077	-0.1157
34b25a49-ff1d-4b6f-888f-e82d168bb39a	16	32016985	33840932	59	0.3837
34b25a49-ff1d-4b6f-888f-e82d168bb39a	16	33841555	55762682	6845	-0.0977
34b25a49-ff1d-4b6f-888f-e82d168bb39a	16	55764310	55788532	16	0.7448
34b25a49-ff1d-4b6f-888f-e82d168bb39a	16	55808442	59384575	2181	-0.1268
34b25a49-ff1d-4b6f-888f-e82d168bb39a	16	59384617	65889413	4377	-0.0725
34b25a49-ff1d-4b6f-888f-e82d168bb39a	16	65890016	75202256	4876	-0.113
34b25a49-ff1d-4b6f-888f-e82d168bb39a	16	75202830	75221231	10	-0.7844
34b25a49-ff1d-4b6f-888f-e82d168bb39a	16	75221319	77921121	2309	-0.092
34b25a49-ff1d-4b6f-888f-e82d168bb39a	16	77921523	77921533	2	-1.5817
34b25a49-ff1d-4b6f-888f-e82d168bb39a	16	77922424	78339440	385	-0.0836
34b25a49-ff1d-4b6f-888f-e82d168bb39a	16	78339867	78342480	3	-2.2048
34b25a49-ff1d-4b6f-888f-e82d168bb39a	16	78342814	83854632	6163	-0.1018
34b25a49-ff1d-4b6f-888f-e82d168bb39a	16	83855023	90096867	4332	-0.1625
34b25a49-ff1d-4b6f-888f-e82d168bb39a	17	150733	41265456	20632	0.3868
34b25a49-ff1d-4b6f-888f-e82d168bb39a	17	41266762	41273934	22	-0.6984
34b25a49-ff1d-4b6f-888f-e82d168bb39a	17	41274279	43354897	1099	0.3611
34b25a49-ff1d-4b6f-888f-e82d168bb39a	17	43361222	43362553	3	2.4814
34b25a49-ff1d-4b6f-888f-e82d168bb39a	17	43366336	45571174	1042	0.3482
34b25a49-ff1d-4b6f-888f-e82d168bb39a	17	45577724	45582060	7	-0.666
34b25a49-ff1d-4b6f-888f-e82d168bb39a	17	45587327	46113719	347	0.4257
34b25a49-ff1d-4b6f-888f-e82d168bb39a	17	46114412	46286804	106	0.0345
34b25a49-ff1d-4b6f-888f-e82d168bb39a	17	46323701	69889125	13580	0.3913
34b25a49-ff1d-4b6f-888f-e82d168bb39a	17	69889342	69895785	3	-1.7505
34b25a49-ff1d-4b6f-888f-e82d168bb39a	17	69895877	83091923	7805	0.3752
34b25a49-ff1d-4b6f-888f-e82d168bb39a	18	48133	65962328	39830	-0.0797
34b25a49-ff1d-4b6f-888f-e82d168bb39a	18	65969815	65972888	6	-1.3155
34b25a49-ff1d-4b6f-888f-e82d168bb39a	18	65973172	73941300	5894	-0.0458
34b25a49-ff1d-4b6f-888f-e82d168bb39a	18	73942208	78510765	3506	-0.0987
34b25a49-ff1d-4b6f-888f-e82d168bb39a	18	78516286	78601202	71	-0.0005
34b25a49-ff1d-4b6f-888f-e82d168bb39a	18	78602084	78607500	3	-2.2699
34b25a49-ff1d-4b6f-888f-e82d168bb39a	18	78608437	80257174	878	-0.1314
34b25a49-ff1d-4b6f-888f-e82d168bb39a	19	90910	19814614	8453	-0.1523
34b25a49-ff1d-4b6f-888f-e82d168bb39a	19	19817391	20295378	283	-0.0653
34b25a49-ff1d-4b6f-888f-e82d168bb39a	19	20299429	20308028	6	-1.3157
34b25a49-ff1d-4b6f-888f-e82d168bb39a	19	20309651	24278016	2283	-0.0742
34b25a49-ff1d-4b6f-888f-e82d168bb39a	19	24278618	24282155	9	-1.1291
34b25a49-ff1d-4b6f-888f-e82d168bb39a	19	24304880	28767683	865	-0.0827
34b25a49-ff1d-4b6f-888f-e82d168bb39a	19	28768218	54214239	14366	-0.1306
34b25a49-ff1d-4b6f-888f-e82d168bb39a	19	54215069	54237443	19	-0.8481
34b25a49-ff1d-4b6f-888f-e82d168bb39a	19	54249482	58586487	2567	-0.1234
34b25a49-ff1d-4b6f-888f-e82d168bb39a	20	80664	80671	7	-0.6506
34b25a49-ff1d-4b6f-888f-e82d168bb39a	20	80907	1580353	1184	0.4
34b25a49-ff1d-4b6f-888f-e82d168bb39a	20	1580934	1613247	39	-0.8894
34b25a49-ff1d-4b6f-888f-e82d168bb39a	20	1617300	16584816	11497	0.4032
34b25a49-ff1d-4b6f-888f-e82d168bb39a	20	16587417	16605989	31	-0.3452
34b25a49-ff1d-4b6f-888f-e82d168bb39a	20	16606585	23368585	5230	0.3963
34b25a49-ff1d-4b6f-888f-e82d168bb39a	20	23369112	23369128	2	-1.2509
34b25a49-ff1d-4b6f-888f-e82d168bb39a	20	23371252	32979039	2701	0.3945
34b25a49-ff1d-4b6f-888f-e82d168bb39a	20	32983165	32983216	2	-2.8948
34b25a49-ff1d-4b6f-888f-e82d168bb39a	20	32984094	63633119	20992	0.3804
34b25a49-ff1d-4b6f-888f-e82d168bb39a	20	63636974	64324800	288	0.242
34b25a49-ff1d-4b6f-888f-e82d168bb39a	21	10354168	10582026	59	0.082
34b25a49-ff1d-4b6f-888f-e82d168bb39a	21	10585552	12996886	32	0.5458
34b25a49-ff1d-4b6f-888f-e82d168bb39a	21	13004391	13028693	6	-0.0979
34b25a49-ff1d-4b6f-888f-e82d168bb39a	21	13080541	13189617	17	-1.2256
34b25a49-ff1d-4b6f-888f-e82d168bb39a	21	13197963	20628599	4873	-0.0777
34b25a49-ff1d-4b6f-888f-e82d168bb39a	21	20633532	20638382	4	-2.6475
34b25a49-ff1d-4b6f-888f-e82d168bb39a	21	20638428	21930659	1004	-0.0722
34b25a49-ff1d-4b6f-888f-e82d168bb39a	21	21931691	21947803	10	-0.9476
34b25a49-ff1d-4b6f-888f-e82d168bb39a	21	21948238	30726813	6541	-0.0725
34b25a49-ff1d-4b6f-888f-e82d168bb39a	21	30727208	30730562	2	1.5865
34b25a49-ff1d-4b6f-888f-e82d168bb39a	21	30740278	30923932	112	-0.0196
34b25a49-ff1d-4b6f-888f-e82d168bb39a	21	30925218	46677045	10947	-0.1177
34b25a49-ff1d-4b6f-888f-e82d168bb39a	22	15294547	15925481	37	0.3528
34b25a49-ff1d-4b6f-888f-e82d168bb39a	22	16392123	20756053	2252	-0.128
34b25a49-ff1d-4b6f-888f-e82d168bb39a	22	20756112	23134299	1558	-0.0573
34b25a49-ff1d-4b6f-888f-e82d168bb39a	22	23135783	48872888	17980	-0.1267
34b25a49-ff1d-4b6f-888f-e82d168bb39a	22	48874111	48874730	2	-2.87
34b25a49-ff1d-4b6f-888f-e82d168bb39a	22	48877479	50796027	1218	-0.202
34b25a49-ff1d-4b6f-888f-e82d168bb39a	X	251810	2748312	94	0.3885
34b25a49-ff1d-4b6f-888f-e82d168bb39a	X	2785350	2904065	88	-0.4102
34b25a49-ff1d-4b6f-888f-e82d168bb39a	X	2904212	2904560	2	-5.8514
34b25a49-ff1d-4b6f-888f-e82d168bb39a	X	2905617	38976153	23415	-0.0279
34b25a49-ff1d-4b6f-888f-e82d168bb39a	X	38976196	38976730	2	-5.8789
34b25a49-ff1d-4b6f-888f-e82d168bb39a	X	38977346	114998067	34859	0.0126
34b25a49-ff1d-4b6f-888f-e82d168bb39a	X	114998337	114998484	2	-6.3659
34b25a49-ff1d-4b6f-888f-e82d168bb39a	X	114999609	153439980	22515	-0.0235
34b25a49-ff1d-4b6f-888f-e82d168bb39a	X	153440790	153440890	2	-4.9164
34b25a49-ff1d-4b6f-888f-e82d168bb39a	X	153441345	153564032	50	-0.3247
34b25a49-ff1d-4b6f-888f-e82d168bb39a	X	153564864	153568278	5	-3.2539
34b25a49-ff1d-4b6f-888f-e82d168bb39a	X	153568702	155952689	845	0.0047
34b25a49-ff1d-4b6f-888f-e82d168bb39a	Y	2782397	13478396	3247	-2.241
34b25a49-ff1d-4b6f-888f-e82d168bb39a	Y	13478462	13482643	3	-7.4178
34b25a49-ff1d-4b6f-888f-e82d168bb39a	Y	13483009	56872112	3362	-2.2564
