GDC_Aliquot	Chromosome	Start	End	Num_Probes	Segment_Mean
f1ad64ce-369f-41af-80c0-b06d3d4b1f6e	1	62920	3296382	732	-0.1262
f1ad64ce-369f-41af-80c0-b06d3d4b1f6e	1	3298168	10480091	4520	-0.0108
f1ad64ce-369f-41af-80c0-b06d3d4b1f6e	1	10482064	10484989	6	-0.9471
f1ad64ce-369f-41af-80c0-b06d3d4b1f6e	1	10488805	16542868	3373	-0.0133
f1ad64ce-369f-41af-80c0-b06d3d4b1f6e	1	16544783	16643961	30	0.4581
f1ad64ce-369f-41af-80c0-b06d3d4b1f6e	1	16679239	16863509	27	-0.2139
f1ad64ce-369f-41af-80c0-b06d3d4b1f6e	1	16864367	16921391	34	0.4728
f1ad64ce-369f-41af-80c0-b06d3d4b1f6e	1	16921903	25223408	5263	-0.002
f1ad64ce-369f-41af-80c0-b06d3d4b1f6e	1	25228030	25320455	38	-0.4567
f1ad64ce-369f-41af-80c0-b06d3d4b1f6e	1	25336819	49448451	13355	-0.0045
f1ad64ce-369f-41af-80c0-b06d3d4b1f6e	1	49449260	49532191	27	-0.8682
f1ad64ce-369f-41af-80c0-b06d3d4b1f6e	1	49533594	72302815	15315	-0.0047
f1ad64ce-369f-41af-80c0-b06d3d4b1f6e	1	72303233	72345465	46	1.3289
f1ad64ce-369f-41af-80c0-b06d3d4b1f6e	1	72346221	83659601	7264	0.0028
f1ad64ce-369f-41af-80c0-b06d3d4b1f6e	1	83660647	83661409	3	-1.4431
f1ad64ce-369f-41af-80c0-b06d3d4b1f6e	1	83666331	105470754	13656	0
f1ad64ce-369f-41af-80c0-b06d3d4b1f6e	1	105476583	105479753	17	0.8411
f1ad64ce-369f-41af-80c0-b06d3d4b1f6e	1	105481433	109684893	2634	0.0052
f1ad64ce-369f-41af-80c0-b06d3d4b1f6e	1	109690352	109697533	12	0.7673
f1ad64ce-369f-41af-80c0-b06d3d4b1f6e	1	109697556	120414592	7030	0.0013
f1ad64ce-369f-41af-80c0-b06d3d4b1f6e	1	120885464	121386039	20	-0.4795
f1ad64ce-369f-41af-80c0-b06d3d4b1f6e	1	121389102	147767884	908	-0.0103
f1ad64ce-369f-41af-80c0-b06d3d4b1f6e	1	147767939	147768204	2	-1.6414
f1ad64ce-369f-41af-80c0-b06d3d4b1f6e	1	147768899	152787202	1809	0.0059
f1ad64ce-369f-41af-80c0-b06d3d4b1f6e	1	152789447	152796224	37	-1.8104
f1ad64ce-369f-41af-80c0-b06d3d4b1f6e	1	152801429	174827267	14782	-0.0041
f1ad64ce-369f-41af-80c0-b06d3d4b1f6e	1	174827418	174832716	17	-0.9254
f1ad64ce-369f-41af-80c0-b06d3d4b1f6e	1	174832734	193186662	12237	0.0017
f1ad64ce-369f-41af-80c0-b06d3d4b1f6e	1	193187149	193187202	3	-1.5165
f1ad64ce-369f-41af-80c0-b06d3d4b1f6e	1	193187218	193753154	452	0.0053
f1ad64ce-369f-41af-80c0-b06d3d4b1f6e	1	193757206	193766389	3	-1.1849
f1ad64ce-369f-41af-80c0-b06d3d4b1f6e	1	193768328	207082860	8569	0.0069
f1ad64ce-369f-41af-80c0-b06d3d4b1f6e	1	207083572	207083958	3	-2.6838
f1ad64ce-369f-41af-80c0-b06d3d4b1f6e	1	207087261	248585918	29017	0.0008
f1ad64ce-369f-41af-80c0-b06d3d4b1f6e	1	248586259	248646068	33	0.3807
f1ad64ce-369f-41af-80c0-b06d3d4b1f6e	1	248661836	248930189	137	-0.0327
f1ad64ce-369f-41af-80c0-b06d3d4b1f6e	2	12784	30143	10	0.0438
f1ad64ce-369f-41af-80c0-b06d3d4b1f6e	2	33901	34346	3	-1.6492
f1ad64ce-369f-41af-80c0-b06d3d4b1f6e	2	36862	34295406	23957	-0.0008
f1ad64ce-369f-41af-80c0-b06d3d4b1f6e	2	34298911	34300513	2	-2.5961
f1ad64ce-369f-41af-80c0-b06d3d4b1f6e	2	34300900	34466002	95	0.0162
f1ad64ce-369f-41af-80c0-b06d3d4b1f6e	2	34474248	34483565	7	-3.1781
f1ad64ce-369f-41af-80c0-b06d3d4b1f6e	2	34483583	34492841	22	-1.4095
f1ad64ce-369f-41af-80c0-b06d3d4b1f6e	2	34492907	34511990	17	-2.9564
f1ad64ce-369f-41af-80c0-b06d3d4b1f6e	2	34512096	52527330	12991	0.0112
f1ad64ce-369f-41af-80c0-b06d3d4b1f6e	2	52527342	52560811	40	0.8793
f1ad64ce-369f-41af-80c0-b06d3d4b1f6e	2	52563002	86897011	21953	0.0053
f1ad64ce-369f-41af-80c0-b06d3d4b1f6e	2	86901078	87082140	15	-0.5687
f1ad64ce-369f-41af-80c0-b06d3d4b1f6e	2	87082711	97359885	1849	-0.0067
f1ad64ce-369f-41af-80c0-b06d3d4b1f6e	2	97524284	97545726	9	-1.4533
f1ad64ce-369f-41af-80c0-b06d3d4b1f6e	2	97550415	106265177	5562	0.0007
f1ad64ce-369f-41af-80c0-b06d3d4b1f6e	2	106266773	106270952	10	0.5746
f1ad64ce-369f-41af-80c0-b06d3d4b1f6e	2	106271414	127085066	12334	-0.0004
f1ad64ce-369f-41af-80c0-b06d3d4b1f6e	2	127085617	127100187	7	-0.9973
f1ad64ce-369f-41af-80c0-b06d3d4b1f6e	2	127100370	128881337	1032	-0.001
f1ad64ce-369f-41af-80c0-b06d3d4b1f6e	2	128881387	128882723	9	-0.7973
f1ad64ce-369f-41af-80c0-b06d3d4b1f6e	2	128882741	130036283	873	-0.0151
f1ad64ce-369f-41af-80c0-b06d3d4b1f6e	2	130036310	130068107	10	-0.6131
f1ad64ce-369f-41af-80c0-b06d3d4b1f6e	2	130068769	146104517	9520	-0.0004
f1ad64ce-369f-41af-80c0-b06d3d4b1f6e	2	146106836	146109139	21	0.5746
f1ad64ce-369f-41af-80c0-b06d3d4b1f6e	2	146109230	154033296	4877	-0.0036
f1ad64ce-369f-41af-80c0-b06d3d4b1f6e	2	154039462	154039969	2	-2.0998
f1ad64ce-369f-41af-80c0-b06d3d4b1f6e	2	154043710	163780342	5700	0.0019
f1ad64ce-369f-41af-80c0-b06d3d4b1f6e	2	163786978	163788616	5	-0.9203
f1ad64ce-369f-41af-80c0-b06d3d4b1f6e	2	163790132	164829909	555	0.0094
f1ad64ce-369f-41af-80c0-b06d3d4b1f6e	2	164830676	164852573	14	0.738
f1ad64ce-369f-41af-80c0-b06d3d4b1f6e	2	164853600	207490231	25779	0.0029
f1ad64ce-369f-41af-80c0-b06d3d4b1f6e	2	207490454	207494752	17	-0.8818
f1ad64ce-369f-41af-80c0-b06d3d4b1f6e	2	207494795	230393900	14857	0.0018
f1ad64ce-369f-41af-80c0-b06d3d4b1f6e	2	230400636	230406957	6	-1.0604
f1ad64ce-369f-41af-80c0-b06d3d4b1f6e	2	230408575	242147305	7201	-0.0063
f1ad64ce-369f-41af-80c0-b06d3d4b1f6e	3	20930	2780466	2411	0.0447
f1ad64ce-369f-41af-80c0-b06d3d4b1f6e	3	2781392	60324697	38559	0.0015
f1ad64ce-369f-41af-80c0-b06d3d4b1f6e	3	60325952	60741163	483	0.1087
f1ad64ce-369f-41af-80c0-b06d3d4b1f6e	3	60741593	68697013	6283	0.0019
f1ad64ce-369f-41af-80c0-b06d3d4b1f6e	3	68697108	68698262	14	-1.4495
f1ad64ce-369f-41af-80c0-b06d3d4b1f6e	3	68699607	85434822	10371	0.0026
f1ad64ce-369f-41af-80c0-b06d3d4b1f6e	3	85437603	85458081	20	0.393
f1ad64ce-369f-41af-80c0-b06d3d4b1f6e	3	85459761	105637085	9354	0.006
f1ad64ce-369f-41af-80c0-b06d3d4b1f6e	3	105638015	105644605	5	-1.0179
f1ad64ce-369f-41af-80c0-b06d3d4b1f6e	3	105645664	130044016	14857	-0.0006
f1ad64ce-369f-41af-80c0-b06d3d4b1f6e	3	130044855	130079892	32	-0.4321
f1ad64ce-369f-41af-80c0-b06d3d4b1f6e	3	130079938	162790480	20252	0.0053
f1ad64ce-369f-41af-80c0-b06d3d4b1f6e	3	162794869	162906093	67	0.7222
f1ad64ce-369f-41af-80c0-b06d3d4b1f6e	3	162906109	162996729	75	0.011
f1ad64ce-369f-41af-80c0-b06d3d4b1f6e	3	162999939	163001774	2	-3.5692
f1ad64ce-369f-41af-80c0-b06d3d4b1f6e	3	163008371	175362822	7569	0.0105
f1ad64ce-369f-41af-80c0-b06d3d4b1f6e	3	175362958	175363536	5	-0.9043
f1ad64ce-369f-41af-80c0-b06d3d4b1f6e	3	175368999	175832452	315	0.0346
f1ad64ce-369f-41af-80c0-b06d3d4b1f6e	3	175840212	175841641	2	-1.4724
f1ad64ce-369f-41af-80c0-b06d3d4b1f6e	3	175841774	193156958	11184	0.0078
f1ad64ce-369f-41af-80c0-b06d3d4b1f6e	3	193160113	193165114	20	0.5557
f1ad64ce-369f-41af-80c0-b06d3d4b1f6e	3	193168646	193416596	177	0.0432
f1ad64ce-369f-41af-80c0-b06d3d4b1f6e	3	193425505	193425759	6	-0.9902
f1ad64ce-369f-41af-80c0-b06d3d4b1f6e	3	193426083	198169131	2504	-0.0003
f1ad64ce-369f-41af-80c0-b06d3d4b1f6e	3	198169146	198169247	2	1.4565
f1ad64ce-369f-41af-80c0-b06d3d4b1f6e	4	68929	945136	333	0.0132
f1ad64ce-369f-41af-80c0-b06d3d4b1f6e	4	945616	1051383	17	-0.5371
f1ad64ce-369f-41af-80c0-b06d3d4b1f6e	4	1051535	10208766	5345	-0.0082
f1ad64ce-369f-41af-80c0-b06d3d4b1f6e	4	10221792	10233644	35	0.9637
f1ad64ce-369f-41af-80c0-b06d3d4b1f6e	4	10234518	10389091	171	-0.007
f1ad64ce-369f-41af-80c0-b06d3d4b1f6e	4	10390730	10399044	16	-0.4492
f1ad64ce-369f-41af-80c0-b06d3d4b1f6e	4	10401094	29314452	13483	0.0027
f1ad64ce-369f-41af-80c0-b06d3d4b1f6e	4	29316617	29316627	2	-2.5386
f1ad64ce-369f-41af-80c0-b06d3d4b1f6e	4	29316643	34777432	3290	-0.0036
f1ad64ce-369f-41af-80c0-b06d3d4b1f6e	4	34784878	34822561	37	-0.6381
f1ad64ce-369f-41af-80c0-b06d3d4b1f6e	4	34823103	35144600	207	0.0177
f1ad64ce-369f-41af-80c0-b06d3d4b1f6e	4	35145891	35148542	5	-1.1079
f1ad64ce-369f-41af-80c0-b06d3d4b1f6e	4	35155099	68394833	19217	0.0035
f1ad64ce-369f-41af-80c0-b06d3d4b1f6e	4	68395346	68468423	12	-0.6057
f1ad64ce-369f-41af-80c0-b06d3d4b1f6e	4	68472744	68663241	75	0.4673
f1ad64ce-369f-41af-80c0-b06d3d4b1f6e	4	68671434	154881396	51691	-0.0001
f1ad64ce-369f-41af-80c0-b06d3d4b1f6e	4	154881853	154881905	2	-2.9052
f1ad64ce-369f-41af-80c0-b06d3d4b1f6e	4	154881926	184329216	19227	0.0045
f1ad64ce-369f-41af-80c0-b06d3d4b1f6e	4	184329425	184332978	3	-1.5437
f1ad64ce-369f-41af-80c0-b06d3d4b1f6e	4	184335162	190106768	3837	0.0086
f1ad64ce-369f-41af-80c0-b06d3d4b1f6e	5	15532	685633	306	-0.0316
f1ad64ce-369f-41af-80c0-b06d3d4b1f6e	5	698256	808932	32	-1.3175
f1ad64ce-369f-41af-80c0-b06d3d4b1f6e	5	817735	12800777	9840	-0.0021
f1ad64ce-369f-41af-80c0-b06d3d4b1f6e	5	12815668	12838421	14	-1.6838
f1ad64ce-369f-41af-80c0-b06d3d4b1f6e	5	12849089	22839913	6224	0.009
f1ad64ce-369f-41af-80c0-b06d3d4b1f6e	5	22839997	22844985	2	-1.8352
f1ad64ce-369f-41af-80c0-b06d3d4b1f6e	5	22846774	46191782	14197	0.0017
f1ad64ce-369f-41af-80c0-b06d3d4b1f6e	5	46195781	46199333	4	-1.0677
f1ad64ce-369f-41af-80c0-b06d3d4b1f6e	5	46209197	46270906	14	0.0012
f1ad64ce-369f-41af-80c0-b06d3d4b1f6e	5	46271006	46273400	7	0.9234
f1ad64ce-369f-41af-80c0-b06d3d4b1f6e	5	46278110	86815939	22023	0.0028
f1ad64ce-369f-41af-80c0-b06d3d4b1f6e	5	86819561	86823329	3	-3.0487
f1ad64ce-369f-41af-80c0-b06d3d4b1f6e	5	86825812	104515520	9873	0.0061
f1ad64ce-369f-41af-80c0-b06d3d4b1f6e	5	104524672	104524903	4	-1.6931
f1ad64ce-369f-41af-80c0-b06d3d4b1f6e	5	104525348	140838745	23186	0.0013
f1ad64ce-369f-41af-80c0-b06d3d4b1f6e	5	140839137	140864171	14	-0.7725
f1ad64ce-369f-41af-80c0-b06d3d4b1f6e	5	140872578	156819395	10729	0.0022
f1ad64ce-369f-41af-80c0-b06d3d4b1f6e	5	156822726	156823584	2	-1.5042
f1ad64ce-369f-41af-80c0-b06d3d4b1f6e	5	156823618	177771448	14262	-0.0015
f1ad64ce-369f-41af-80c0-b06d3d4b1f6e	5	177800550	177805604	3	2.0822
f1ad64ce-369f-41af-80c0-b06d3d4b1f6e	5	177827964	180947484	1792	-0.0116
f1ad64ce-369f-41af-80c0-b06d3d4b1f6e	5	180947523	181006225	21	0.4327
f1ad64ce-369f-41af-80c0-b06d3d4b1f6e	5	181006264	181363319	169	-0.0432
f1ad64ce-369f-41af-80c0-b06d3d4b1f6e	6	149661	294837	123	-0.0307
f1ad64ce-369f-41af-80c0-b06d3d4b1f6e	6	302306	384521	82	-0.4889
f1ad64ce-369f-41af-80c0-b06d3d4b1f6e	6	384546	29869295	21428	0.0006
f1ad64ce-369f-41af-80c0-b06d3d4b1f6e	6	29869410	29907031	24	0.9945
f1ad64ce-369f-41af-80c0-b06d3d4b1f6e	6	29909182	32105847	958	-0.0128
f1ad64ce-369f-41af-80c0-b06d3d4b1f6e	6	32105916	32105929	2	-1.7591
f1ad64ce-369f-41af-80c0-b06d3d4b1f6e	6	32105973	32627306	249	-0.0183
f1ad64ce-369f-41af-80c0-b06d3d4b1f6e	6	32627455	32634330	3	-1.4332
f1ad64ce-369f-41af-80c0-b06d3d4b1f6e	6	32634492	66332822	19067	-0.002
f1ad64ce-369f-41af-80c0-b06d3d4b1f6e	6	66332853	66333299	4	-1.1526
f1ad64ce-369f-41af-80c0-b06d3d4b1f6e	6	66333342	69227925	2009	0.0022
f1ad64ce-369f-41af-80c0-b06d3d4b1f6e	6	69228285	69228625	3	-0.9541
f1ad64ce-369f-41af-80c0-b06d3d4b1f6e	6	69231045	69463404	139	-0.0293
f1ad64ce-369f-41af-80c0-b06d3d4b1f6e	6	69468568	69472244	3	-1.512
f1ad64ce-369f-41af-80c0-b06d3d4b1f6e	6	69476380	73882142	2852	0.0063
f1ad64ce-369f-41af-80c0-b06d3d4b1f6e	6	73882509	73891694	10	-0.8242
f1ad64ce-369f-41af-80c0-b06d3d4b1f6e	6	73893839	78253172	2765	0.0123
f1ad64ce-369f-41af-80c0-b06d3d4b1f6e	6	78259348	78325468	111	-0.7448
f1ad64ce-369f-41af-80c0-b06d3d4b1f6e	6	78329517	80568270	1430	-0.0065
f1ad64ce-369f-41af-80c0-b06d3d4b1f6e	6	80574472	80579817	33	-0.8497
f1ad64ce-369f-41af-80c0-b06d3d4b1f6e	6	80584624	93758766	8425	-0.0034
f1ad64ce-369f-41af-80c0-b06d3d4b1f6e	6	93758791	95562546	889	0.0677
f1ad64ce-369f-41af-80c0-b06d3d4b1f6e	6	95564032	133945130	23785	-0.0024
f1ad64ce-369f-41af-80c0-b06d3d4b1f6e	6	133947933	133948494	2	-2.1522
f1ad64ce-369f-41af-80c0-b06d3d4b1f6e	6	133950934	170741917	25062	-0.0033
f1ad64ce-369f-41af-80c0-b06d3d4b1f6e	7	43355	8786255	5059	0.0055
f1ad64ce-369f-41af-80c0-b06d3d4b1f6e	7	8787540	8826367	50	-1.0293
f1ad64ce-369f-41af-80c0-b06d3d4b1f6e	7	8833366	16756412	6361	0.0249
f1ad64ce-369f-41af-80c0-b06d3d4b1f6e	7	16760836	16768847	14	-1.1355
f1ad64ce-369f-41af-80c0-b06d3d4b1f6e	7	16771928	154598185	83015	0.0175
f1ad64ce-369f-41af-80c0-b06d3d4b1f6e	7	154601461	154607903	4	-2.424
f1ad64ce-369f-41af-80c0-b06d3d4b1f6e	7	154609120	159334314	3229	0.0081
f1ad64ce-369f-41af-80c0-b06d3d4b1f6e	8	81254	2132302	1474	-0.019
f1ad64ce-369f-41af-80c0-b06d3d4b1f6e	8	2132407	2134500	16	-0.6863
f1ad64ce-369f-41af-80c0-b06d3d4b1f6e	8	2134660	2844412	548	0.0152
f1ad64ce-369f-41af-80c0-b06d3d4b1f6e	8	2846011	2846377	7	-1
f1ad64ce-369f-41af-80c0-b06d3d4b1f6e	8	2849649	12323772	8967	0.0126
f1ad64ce-369f-41af-80c0-b06d3d4b1f6e	8	12358500	12562581	41	-0.3907
f1ad64ce-369f-41af-80c0-b06d3d4b1f6e	8	12562646	18407644	5319	0.0086
f1ad64ce-369f-41af-80c0-b06d3d4b1f6e	8	18408647	18413675	4	-2.1492
f1ad64ce-369f-41af-80c0-b06d3d4b1f6e	8	18413877	40326278	14751	-0.0025
f1ad64ce-369f-41af-80c0-b06d3d4b1f6e	8	40326280	40331992	33	-0.878
f1ad64ce-369f-41af-80c0-b06d3d4b1f6e	8	40335391	46010698	1968	0.0003
f1ad64ce-369f-41af-80c0-b06d3d4b1f6e	8	46012500	46350533	92	-0.2018
f1ad64ce-369f-41af-80c0-b06d3d4b1f6e	8	46355238	47311456	382	-0.0027
f1ad64ce-369f-41af-80c0-b06d3d4b1f6e	8	47314761	47314778	2	-1.6504
f1ad64ce-369f-41af-80c0-b06d3d4b1f6e	8	47315114	114619814	40720	0.0027
f1ad64ce-369f-41af-80c0-b06d3d4b1f6e	8	114622258	114629502	35	-0.6391
f1ad64ce-369f-41af-80c0-b06d3d4b1f6e	8	114638468	128744020	9792	0.0037
f1ad64ce-369f-41af-80c0-b06d3d4b1f6e	8	128750889	128751839	2	1.3874
f1ad64ce-369f-41af-80c0-b06d3d4b1f6e	8	128765208	141364983	9678	-0.0034
f1ad64ce-369f-41af-80c0-b06d3d4b1f6e	8	141371052	142225742	526	-0.1358
f1ad64ce-369f-41af-80c0-b06d3d4b1f6e	8	142226119	145072769	1030	-0.0267
f1ad64ce-369f-41af-80c0-b06d3d4b1f6e	9	46587	23363117	20398	0.0049
f1ad64ce-369f-41af-80c0-b06d3d4b1f6e	9	23363935	23373486	7	1.1045
f1ad64ce-369f-41af-80c0-b06d3d4b1f6e	9	23378490	39807498	10745	0.0077
f1ad64ce-369f-41af-80c0-b06d3d4b1f6e	9	39827488	67832316	389	-0.3284
f1ad64ce-369f-41af-80c0-b06d3d4b1f6e	9	67832331	88394686	14476	0.0011
f1ad64ce-369f-41af-80c0-b06d3d4b1f6e	9	88396810	88398303	4	-1.1094
f1ad64ce-369f-41af-80c0-b06d3d4b1f6e	9	88399339	93708429	3621	-0.008
f1ad64ce-369f-41af-80c0-b06d3d4b1f6e	9	93708675	93711682	3	-1.4619
f1ad64ce-369f-41af-80c0-b06d3d4b1f6e	9	93714940	114052381	14477	0.0025
f1ad64ce-369f-41af-80c0-b06d3d4b1f6e	9	114053497	114094885	32	0.5803
f1ad64ce-369f-41af-80c0-b06d3d4b1f6e	9	114111033	114281558	140	-0.0065
f1ad64ce-369f-41af-80c0-b06d3d4b1f6e	9	114284995	114340988	42	0.5601
f1ad64ce-369f-41af-80c0-b06d3d4b1f6e	9	114349312	138200944	15072	-0.0064
f1ad64ce-369f-41af-80c0-b06d3d4b1f6e	10	45792	488279	256	-0.008
f1ad64ce-369f-41af-80c0-b06d3d4b1f6e	10	489348	501627	12	-0.5822
f1ad64ce-369f-41af-80c0-b06d3d4b1f6e	10	501718	30957581	23919	0.0151
f1ad64ce-369f-41af-80c0-b06d3d4b1f6e	10	30962405	30962809	10	-2.6871
f1ad64ce-369f-41af-80c0-b06d3d4b1f6e	10	30962850	46088693	7245	0.0161
f1ad64ce-369f-41af-80c0-b06d3d4b1f6e	10	46092447	47016654	250	-0.1341
f1ad64ce-369f-41af-80c0-b06d3d4b1f6e	10	47024340	65545353	12666	0.0254
f1ad64ce-369f-41af-80c0-b06d3d4b1f6e	10	65546321	65554672	30	-0.4393
f1ad64ce-369f-41af-80c0-b06d3d4b1f6e	10	65554688	120179249	36109	0.0164
f1ad64ce-369f-41af-80c0-b06d3d4b1f6e	10	120181529	120185411	2	-2.0523
f1ad64ce-369f-41af-80c0-b06d3d4b1f6e	10	120185462	128004856	6089	0.0201
f1ad64ce-369f-41af-80c0-b06d3d4b1f6e	10	128011377	128015663	5	-1.1591
f1ad64ce-369f-41af-80c0-b06d3d4b1f6e	10	128015964	133654968	3960	-0.0006
f1ad64ce-369f-41af-80c0-b06d3d4b1f6e	11	198510	1632338	490	-0.0497
f1ad64ce-369f-41af-80c0-b06d3d4b1f6e	11	1633335	1633531	2	-1.6756
f1ad64ce-369f-41af-80c0-b06d3d4b1f6e	11	1635897	4947280	1923	-0.0185
f1ad64ce-369f-41af-80c0-b06d3d4b1f6e	11	4949013	4952799	24	0.6714
f1ad64ce-369f-41af-80c0-b06d3d4b1f6e	11	4953934	5499745	541	-0.0056
f1ad64ce-369f-41af-80c0-b06d3d4b1f6e	11	5500921	5501334	6	-0.9156
f1ad64ce-369f-41af-80c0-b06d3d4b1f6e	11	5502363	5762693	239	-0.0164
f1ad64ce-369f-41af-80c0-b06d3d4b1f6e	11	5766175	5788231	35	-0.8421
f1ad64ce-369f-41af-80c0-b06d3d4b1f6e	11	5791130	18919309	9395	-0.0022
f1ad64ce-369f-41af-80c0-b06d3d4b1f6e	11	18919323	18937343	32	0.383
f1ad64ce-369f-41af-80c0-b06d3d4b1f6e	11	18938477	22322609	2904	0
f1ad64ce-369f-41af-80c0-b06d3d4b1f6e	11	22329922	22330059	2	-2.463
f1ad64ce-369f-41af-80c0-b06d3d4b1f6e	11	22333699	31371747	6182	0.0036
f1ad64ce-369f-41af-80c0-b06d3d4b1f6e	11	31372721	31375533	2	-2.5135
f1ad64ce-369f-41af-80c0-b06d3d4b1f6e	11	31376660	55595864	12662	-0.0085
f1ad64ce-369f-41af-80c0-b06d3d4b1f6e	11	55606556	55674842	48	-1.9201
f1ad64ce-369f-41af-80c0-b06d3d4b1f6e	11	55676735	55677818	4	0.4338
f1ad64ce-369f-41af-80c0-b06d3d4b1f6e	11	55678469	55685533	7	-1.8276
f1ad64ce-369f-41af-80c0-b06d3d4b1f6e	11	55686100	81792426	14550	-0.0046
f1ad64ce-369f-41af-80c0-b06d3d4b1f6e	11	81792950	81806116	10	-0.9913
f1ad64ce-369f-41af-80c0-b06d3d4b1f6e	11	81811590	86594771	3170	0.0028
f1ad64ce-369f-41af-80c0-b06d3d4b1f6e	11	86594775	86594936	3	-1.1536
f1ad64ce-369f-41af-80c0-b06d3d4b1f6e	11	86595012	89741663	2091	0.0017
f1ad64ce-369f-41af-80c0-b06d3d4b1f6e	11	89754781	89817056	12	-0.6687
f1ad64ce-369f-41af-80c0-b06d3d4b1f6e	11	89834373	105179479	11119	0.0015
f1ad64ce-369f-41af-80c0-b06d3d4b1f6e	11	105181511	105199099	10	-0.8603
f1ad64ce-369f-41af-80c0-b06d3d4b1f6e	11	105202311	115644608	6877	0.0022
f1ad64ce-369f-41af-80c0-b06d3d4b1f6e	11	115644822	115645256	2	-2.0188
f1ad64ce-369f-41af-80c0-b06d3d4b1f6e	11	115648234	135074876	14375	-0.0066
f1ad64ce-369f-41af-80c0-b06d3d4b1f6e	12	51460	756804	415	-0.0558
f1ad64ce-369f-41af-80c0-b06d3d4b1f6e	12	759943	764863	18	-0.8594
f1ad64ce-369f-41af-80c0-b06d3d4b1f6e	12	766188	8404097	5153	-0.0081
f1ad64ce-369f-41af-80c0-b06d3d4b1f6e	12	8405892	8406040	2	3.1865
f1ad64ce-369f-41af-80c0-b06d3d4b1f6e	12	8406196	8423870	13	0.7845
f1ad64ce-369f-41af-80c0-b06d3d4b1f6e	12	8428232	9477960	560	-0.0073
f1ad64ce-369f-41af-80c0-b06d3d4b1f6e	12	9481274	9582373	25	0.8723
f1ad64ce-369f-41af-80c0-b06d3d4b1f6e	12	9582374	11083616	1041	-0.0005
f1ad64ce-369f-41af-80c0-b06d3d4b1f6e	12	11084237	11088933	3	1.2453
f1ad64ce-369f-41af-80c0-b06d3d4b1f6e	12	11099275	12377763	984	0.0095
f1ad64ce-369f-41af-80c0-b06d3d4b1f6e	12	12383285	12383778	6	-1.1545
f1ad64ce-369f-41af-80c0-b06d3d4b1f6e	12	12383944	12384563	5	-0.347
f1ad64ce-369f-41af-80c0-b06d3d4b1f6e	12	12384579	12388935	6	-0.9666
f1ad64ce-369f-41af-80c0-b06d3d4b1f6e	12	12389946	27941830	10695	0.0016
f1ad64ce-369f-41af-80c0-b06d3d4b1f6e	12	27941988	27944711	12	-2.4596
f1ad64ce-369f-41af-80c0-b06d3d4b1f6e	12	27950527	33232895	3890	0.0104
f1ad64ce-369f-41af-80c0-b06d3d4b1f6e	12	33233822	33239086	4	1.0884
f1ad64ce-369f-41af-80c0-b06d3d4b1f6e	12	33242207	34261812	620	0.0169
f1ad64ce-369f-41af-80c0-b06d3d4b1f6e	12	34265546	34372551	45	-0.3095
f1ad64ce-369f-41af-80c0-b06d3d4b1f6e	12	34375012	46302320	5340	0.0054
f1ad64ce-369f-41af-80c0-b06d3d4b1f6e	12	46304534	46525398	111	0.5638
f1ad64ce-369f-41af-80c0-b06d3d4b1f6e	12	46526485	48331259	1140	0.0079
f1ad64ce-369f-41af-80c0-b06d3d4b1f6e	12	48331456	48331632	3	-2.1276
f1ad64ce-369f-41af-80c0-b06d3d4b1f6e	12	48336253	87369772	23902	0.0068
f1ad64ce-369f-41af-80c0-b06d3d4b1f6e	12	87369832	87369847	2	-1.7356
f1ad64ce-369f-41af-80c0-b06d3d4b1f6e	12	87370018	99398036	8048	0.011
f1ad64ce-369f-41af-80c0-b06d3d4b1f6e	12	99401515	99404956	31	-0.5307
f1ad64ce-369f-41af-80c0-b06d3d4b1f6e	12	99409315	129516041	20332	0.0021
f1ad64ce-369f-41af-80c0-b06d3d4b1f6e	12	129518945	129519049	2	-2.0094
f1ad64ce-369f-41af-80c0-b06d3d4b1f6e	12	129519225	133201603	2351	-0.0146
f1ad64ce-369f-41af-80c0-b06d3d4b1f6e	13	18452809	31958590	9550	-0.0038
f1ad64ce-369f-41af-80c0-b06d3d4b1f6e	13	31958723	31964286	16	-0.952
f1ad64ce-369f-41af-80c0-b06d3d4b1f6e	13	31965910	37496998	3896	0.0031
f1ad64ce-369f-41af-80c0-b06d3d4b1f6e	13	37497899	37514250	19	-0.4185
f1ad64ce-369f-41af-80c0-b06d3d4b1f6e	13	37514472	59640695	14018	0.0041
f1ad64ce-369f-41af-80c0-b06d3d4b1f6e	13	59641249	59641521	2	-3.9349
f1ad64ce-369f-41af-80c0-b06d3d4b1f6e	13	59641547	63711990	2350	0.0052
f1ad64ce-369f-41af-80c0-b06d3d4b1f6e	13	63712143	63924058	117	0.2138
f1ad64ce-369f-41af-80c0-b06d3d4b1f6e	13	63924648	71902850	5031	0.0117
f1ad64ce-369f-41af-80c0-b06d3d4b1f6e	13	71903417	71906418	4	-2.0996
f1ad64ce-369f-41af-80c0-b06d3d4b1f6e	13	71906467	114342922	29067	-0.0026
f1ad64ce-369f-41af-80c0-b06d3d4b1f6e	14	18239283	40139724	13020	0.0091
f1ad64ce-369f-41af-80c0-b06d3d4b1f6e	14	40144718	40147715	2	-3.2736
f1ad64ce-369f-41af-80c0-b06d3d4b1f6e	14	40148961	41139155	720	-0.0058
f1ad64ce-369f-41af-80c0-b06d3d4b1f6e	14	41141293	41184774	13	-0.8942
f1ad64ce-369f-41af-80c0-b06d3d4b1f6e	14	41188046	53888343	7770	0.0081
f1ad64ce-369f-41af-80c0-b06d3d4b1f6e	14	53888358	53888830	6	-0.8592
f1ad64ce-369f-41af-80c0-b06d3d4b1f6e	14	53891506	73540003	12667	-0.0022
f1ad64ce-369f-41af-80c0-b06d3d4b1f6e	14	73540147	73554275	7	-1.8965
f1ad64ce-369f-41af-80c0-b06d3d4b1f6e	14	73563196	75881373	1335	0.0048
f1ad64ce-369f-41af-80c0-b06d3d4b1f6e	14	75881898	75882339	5	-0.9442
f1ad64ce-369f-41af-80c0-b06d3d4b1f6e	14	75884780	106284182	19479	-0.0021
f1ad64ce-369f-41af-80c0-b06d3d4b1f6e	14	106290131	106412640	58	-0.3335
f1ad64ce-369f-41af-80c0-b06d3d4b1f6e	14	106416146	106492557	55	0.2688
f1ad64ce-369f-41af-80c0-b06d3d4b1f6e	14	106493062	106877229	190	-0.0167
f1ad64ce-369f-41af-80c0-b06d3d4b1f6e	15	19811075	20026653	47	-0.0082
f1ad64ce-369f-41af-80c0-b06d3d4b1f6e	15	20041119	20056983	3	-2.0101
f1ad64ce-369f-41af-80c0-b06d3d4b1f6e	15	20059033	20064520	4	-0.6787
f1ad64ce-369f-41af-80c0-b06d3d4b1f6e	15	20187568	20380735	42	0.0865
f1ad64ce-369f-41af-80c0-b06d3d4b1f6e	15	20380837	21262847	72	0.3303
f1ad64ce-369f-41af-80c0-b06d3d4b1f6e	15	21266108	24429986	1033	-0.0178
f1ad64ce-369f-41af-80c0-b06d3d4b1f6e	15	24435245	24467876	22	-0.8238
f1ad64ce-369f-41af-80c0-b06d3d4b1f6e	15	24468278	30215235	3603	-0.0067
f1ad64ce-369f-41af-80c0-b06d3d4b1f6e	15	30230885	30269364	7	-1.4169
f1ad64ce-369f-41af-80c0-b06d3d4b1f6e	15	30281107	30515739	19	-0.0754
f1ad64ce-369f-41af-80c0-b06d3d4b1f6e	15	30595753	30621384	3	1.1626
f1ad64ce-369f-41af-80c0-b06d3d4b1f6e	15	30628421	31791867	745	-0.004
f1ad64ce-369f-41af-80c0-b06d3d4b1f6e	15	31792541	31804319	14	-0.5792
f1ad64ce-369f-41af-80c0-b06d3d4b1f6e	15	31804788	62996198	20424	0.0004
f1ad64ce-369f-41af-80c0-b06d3d4b1f6e	15	62996531	62998335	4	-1.368
f1ad64ce-369f-41af-80c0-b06d3d4b1f6e	15	62998446	65521764	1287	0.0128
f1ad64ce-369f-41af-80c0-b06d3d4b1f6e	15	65524604	65525186	2	-2.415
f1ad64ce-369f-41af-80c0-b06d3d4b1f6e	15	65526049	101928837	24142	-0.0065
f1ad64ce-369f-41af-80c0-b06d3d4b1f6e	16	10777	10876619	8179	-0.0044
f1ad64ce-369f-41af-80c0-b06d3d4b1f6e	16	10876770	10877613	4	-1.5759
f1ad64ce-369f-41af-80c0-b06d3d4b1f6e	16	10878023	15031584	2972	0
f1ad64ce-369f-41af-80c0-b06d3d4b1f6e	16	15033033	15322653	53	0.505
f1ad64ce-369f-41af-80c0-b06d3d4b1f6e	16	15388077	18134261	1541	-0.0255
f1ad64ce-369f-41af-80c0-b06d3d4b1f6e	16	18144432	18212128	9	-1.0222
f1ad64ce-369f-41af-80c0-b06d3d4b1f6e	16	18260900	35740988	7615	-0.0063
f1ad64ce-369f-41af-80c0-b06d3d4b1f6e	16	35755003	35756981	3	-1.4859
f1ad64ce-369f-41af-80c0-b06d3d4b1f6e	16	35761341	55762682	6531	-0.0001
f1ad64ce-369f-41af-80c0-b06d3d4b1f6e	16	55764310	55764867	3	3.1765
f1ad64ce-369f-41af-80c0-b06d3d4b1f6e	16	55770436	90096867	24896	-0.0009
f1ad64ce-369f-41af-80c0-b06d3d4b1f6e	17	150733	4637352	2428	-0.0182
f1ad64ce-369f-41af-80c0-b06d3d4b1f6e	17	4641036	4641171	2	-2.5829
f1ad64ce-369f-41af-80c0-b06d3d4b1f6e	17	4643884	18414080	8938	-0.0018
f1ad64ce-369f-41af-80c0-b06d3d4b1f6e	17	18452078	18561907	27	0.5377
f1ad64ce-369f-41af-80c0-b06d3d4b1f6e	17	18565883	18722676	34	0.0427
f1ad64ce-369f-41af-80c0-b06d3d4b1f6e	17	18723595	18725135	3	0.9667
f1ad64ce-369f-41af-80c0-b06d3d4b1f6e	17	18740195	19594577	323	0.0006
f1ad64ce-369f-41af-80c0-b06d3d4b1f6e	17	19596423	19635134	30	-0.9974
f1ad64ce-369f-41af-80c0-b06d3d4b1f6e	17	19635445	36108119	6428	-0.0126
f1ad64ce-369f-41af-80c0-b06d3d4b1f6e	17	36108874	36157718	38	0.354
f1ad64ce-369f-41af-80c0-b06d3d4b1f6e	17	36200725	41265433	2523	-0.0053
f1ad64ce-369f-41af-80c0-b06d3d4b1f6e	17	41265456	41274279	25	-0.5326
f1ad64ce-369f-41af-80c0-b06d3d4b1f6e	17	41276472	46084501	2493	-0.0091
f1ad64ce-369f-41af-80c0-b06d3d4b1f6e	17	46084918	46284997	127	0.3875
f1ad64ce-369f-41af-80c0-b06d3d4b1f6e	17	46286804	46569894	6	-1.0157
f1ad64ce-369f-41af-80c0-b06d3d4b1f6e	17	46571001	50230336	1833	-0.0049
f1ad64ce-369f-41af-80c0-b06d3d4b1f6e	17	50233697	50240990	8	-0.9726
f1ad64ce-369f-41af-80c0-b06d3d4b1f6e	17	50242754	83091923	19695	-0.0077
f1ad64ce-369f-41af-80c0-b06d3d4b1f6e	18	48133	40680456	22763	-0.0029
f1ad64ce-369f-41af-80c0-b06d3d4b1f6e	18	40680470	40685425	18	-0.5937
f1ad64ce-369f-41af-80c0-b06d3d4b1f6e	18	40688060	42476720	1218	-0.0008
f1ad64ce-369f-41af-80c0-b06d3d4b1f6e	18	42476918	42477506	18	-0.7004
f1ad64ce-369f-41af-80c0-b06d3d4b1f6e	18	42477802	52638530	6975	-0.0094
f1ad64ce-369f-41af-80c0-b06d3d4b1f6e	18	52641058	52644016	4	-1.8719
f1ad64ce-369f-41af-80c0-b06d3d4b1f6e	18	52646631	53740491	743	-0.0164
f1ad64ce-369f-41af-80c0-b06d3d4b1f6e	18	53740727	53741022	6	-0.8111
f1ad64ce-369f-41af-80c0-b06d3d4b1f6e	18	53741814	53997831	159	-0.019
f1ad64ce-369f-41af-80c0-b06d3d4b1f6e	18	53998472	53998782	3	-1.8752
f1ad64ce-369f-41af-80c0-b06d3d4b1f6e	18	54001998	66054343	8338	0.004
f1ad64ce-369f-41af-80c0-b06d3d4b1f6e	18	66060256	66065502	13	0.551
f1ad64ce-369f-41af-80c0-b06d3d4b1f6e	18	66065527	66099904	47	0.0275
f1ad64ce-369f-41af-80c0-b06d3d4b1f6e	18	66100052	66100686	2	-3.092
f1ad64ce-369f-41af-80c0-b06d3d4b1f6e	18	66108359	71388121	3779	0.0077
f1ad64ce-369f-41af-80c0-b06d3d4b1f6e	18	71388510	72988651	1252	0.0551
f1ad64ce-369f-41af-80c0-b06d3d4b1f6e	18	72989463	80257174	5337	-0.0155
f1ad64ce-369f-41af-80c0-b06d3d4b1f6e	19	90910	12581187	5032	-0.0073
f1ad64ce-369f-41af-80c0-b06d3d4b1f6e	19	12586552	12587288	2	-1.6183
f1ad64ce-369f-41af-80c0-b06d3d4b1f6e	19	12589709	20411869	3877	-0.0066
f1ad64ce-369f-41af-80c0-b06d3d4b1f6e	19	20413400	20533583	68	-0.7845
f1ad64ce-369f-41af-80c0-b06d3d4b1f6e	19	20538075	55770704	18256	-0.0101
f1ad64ce-369f-41af-80c0-b06d3d4b1f6e	19	55771003	55771701	4	-1.8573
f1ad64ce-369f-41af-80c0-b06d3d4b1f6e	19	55774927	58366859	1735	0.0015
f1ad64ce-369f-41af-80c0-b06d3d4b1f6e	19	58370362	58449114	57	-0.2671
f1ad64ce-369f-41af-80c0-b06d3d4b1f6e	19	58458732	58586487	42	0.0489
f1ad64ce-369f-41af-80c0-b06d3d4b1f6e	20	80664	1580353	1202	-0.0359
f1ad64ce-369f-41af-80c0-b06d3d4b1f6e	20	1580934	1613247	41	1.9371
f1ad64ce-369f-41af-80c0-b06d3d4b1f6e	20	1617300	64284715	41072	-0.0086
f1ad64ce-369f-41af-80c0-b06d3d4b1f6e	20	64323342	64324800	5	-2.1437
f1ad64ce-369f-41af-80c0-b06d3d4b1f6e	21	10354168	27072333	10016	0.0061
f1ad64ce-369f-41af-80c0-b06d3d4b1f6e	21	27079051	27081094	5	-1.2965
f1ad64ce-369f-41af-80c0-b06d3d4b1f6e	21	27081843	46677045	13816	-0.0049
f1ad64ce-369f-41af-80c0-b06d3d4b1f6e	22	15294547	18190590	1128	0.0102
f1ad64ce-369f-41af-80c0-b06d3d4b1f6e	22	18392404	18822581	9	0.9587
f1ad64ce-369f-41af-80c0-b06d3d4b1f6e	22	18822597	18918093	4	-0.6041
f1ad64ce-369f-41af-80c0-b06d3d4b1f6e	22	18947964	19990982	682	-0.0352
f1ad64ce-369f-41af-80c0-b06d3d4b1f6e	22	19991035	20000742	7	-1.207
f1ad64ce-369f-41af-80c0-b06d3d4b1f6e	22	20000761	23987520	2560	-0.0491
f1ad64ce-369f-41af-80c0-b06d3d4b1f6e	22	23988078	23990739	4	-2.129
f1ad64ce-369f-41af-80c0-b06d3d4b1f6e	22	23995113	42501276	12732	-0.0036
f1ad64ce-369f-41af-80c0-b06d3d4b1f6e	22	42503434	42538456	21	0.7549
f1ad64ce-369f-41af-80c0-b06d3d4b1f6e	22	42546956	50796027	6094	-0.0212
f1ad64ce-369f-41af-80c0-b06d3d4b1f6e	X	251810	22530334	13236	0.0041
f1ad64ce-369f-41af-80c0-b06d3d4b1f6e	X	22531645	22535125	4	-2.2154
f1ad64ce-369f-41af-80c0-b06d3d4b1f6e	X	22535197	35728903	8632	0.0064
f1ad64ce-369f-41af-80c0-b06d3d4b1f6e	X	35733798	35754018	20	-3.6835
f1ad64ce-369f-41af-80c0-b06d3d4b1f6e	X	35755184	155952689	60396	0.0001
f1ad64ce-369f-41af-80c0-b06d3d4b1f6e	Y	2782397	56872112	6639	-1.0172
