GDC_Aliquot	Chromosome	Start	End	Num_Probes	Segment_Mean
91eaf104-6ca8-4bba-a3a8-821a64dcb19c	1	62920	783283	24	0.4238
91eaf104-6ca8-4bba-a3a8-821a64dcb19c	1	787937	16721984	8647	-0.4367
91eaf104-6ca8-4bba-a3a8-821a64dcb19c	1	16766762	16788139	13	-1.2596
91eaf104-6ca8-4bba-a3a8-821a64dcb19c	1	16855942	21996664	3393	-0.44
91eaf104-6ca8-4bba-a3a8-821a64dcb19c	1	22001786	22004046	3	-7.2458
91eaf104-6ca8-4bba-a3a8-821a64dcb19c	1	22010750	25277975	1921	-0.4557
91eaf104-6ca8-4bba-a3a8-821a64dcb19c	1	25278567	25284961	3	-2.746
91eaf104-6ca8-4bba-a3a8-821a64dcb19c	1	25289805	72297687	28691	-0.4321
91eaf104-6ca8-4bba-a3a8-821a64dcb19c	1	72302735	72345465	48	0.9066
91eaf104-6ca8-4bba-a3a8-821a64dcb19c	1	72346221	105476583	20924	-0.4277
91eaf104-6ca8-4bba-a3a8-821a64dcb19c	1	105476614	105479753	16	-2.2198
91eaf104-6ca8-4bba-a3a8-821a64dcb19c	1	105481433	109684893	2629	-0.4178
91eaf104-6ca8-4bba-a3a8-821a64dcb19c	1	109690352	109697556	13	0.7633
91eaf104-6ca8-4bba-a3a8-821a64dcb19c	1	109702376	111769532	1581	-0.4328
91eaf104-6ca8-4bba-a3a8-821a64dcb19c	1	111769589	111769929	3	0.7521
91eaf104-6ca8-4bba-a3a8-821a64dcb19c	1	111770456	112147704	363	-0.4702
91eaf104-6ca8-4bba-a3a8-821a64dcb19c	1	112153343	112163496	30	0.0654
91eaf104-6ca8-4bba-a3a8-821a64dcb19c	1	112163506	118196846	3841	-0.4402
91eaf104-6ca8-4bba-a3a8-821a64dcb19c	1	118197090	118197171	2	-2.4821
91eaf104-6ca8-4bba-a3a8-821a64dcb19c	1	118197394	121601998	1306	-0.4206
91eaf104-6ca8-4bba-a3a8-821a64dcb19c	1	121705338	182393699	22633	0.2352
91eaf104-6ca8-4bba-a3a8-821a64dcb19c	1	182394284	182394568	2	-1.284
91eaf104-6ca8-4bba-a3a8-821a64dcb19c	1	182397143	196745743	9500	0.2375
91eaf104-6ca8-4bba-a3a8-821a64dcb19c	1	196758720	196762956	4	-1.8717
91eaf104-6ca8-4bba-a3a8-821a64dcb19c	1	196769493	196775070	14	0.1904
91eaf104-6ca8-4bba-a3a8-821a64dcb19c	1	196778780	196832312	38	-0.2323
91eaf104-6ca8-4bba-a3a8-821a64dcb19c	1	196832525	209897717	8787	0.2302
91eaf104-6ca8-4bba-a3a8-821a64dcb19c	1	209908268	209908720	2	-1.7018
91eaf104-6ca8-4bba-a3a8-821a64dcb19c	1	209910639	248546369	26829	0.2307
91eaf104-6ca8-4bba-a3a8-821a64dcb19c	1	248550567	248633912	35	-0.6219
91eaf104-6ca8-4bba-a3a8-821a64dcb19c	1	248645563	248930189	139	0.1793
91eaf104-6ca8-4bba-a3a8-821a64dcb19c	2	12784	4168830	2992	0.2189
91eaf104-6ca8-4bba-a3a8-821a64dcb19c	2	4168862	4175059	30	0.5683
91eaf104-6ca8-4bba-a3a8-821a64dcb19c	2	4175113	34466002	21059	0.2141
91eaf104-6ca8-4bba-a3a8-821a64dcb19c	2	34474248	34512096	47	0.8115
91eaf104-6ca8-4bba-a3a8-821a64dcb19c	2	34512489	35750907	870	0.2142
91eaf104-6ca8-4bba-a3a8-821a64dcb19c	2	35752724	35762881	7	-1.5597
91eaf104-6ca8-4bba-a3a8-821a64dcb19c	2	35772407	41011478	3925	0.2174
91eaf104-6ca8-4bba-a3a8-821a64dcb19c	2	41011533	41018747	17	-0.403
91eaf104-6ca8-4bba-a3a8-821a64dcb19c	2	41024093	52527330	8170	0.2162
91eaf104-6ca8-4bba-a3a8-821a64dcb19c	2	52527342	52554404	39	0.7087
91eaf104-6ca8-4bba-a3a8-821a64dcb19c	2	52560811	59998738	5249	0.229
91eaf104-6ca8-4bba-a3a8-821a64dcb19c	2	59998755	67861267	4839	0.1962
91eaf104-6ca8-4bba-a3a8-821a64dcb19c	2	67869152	69243777	978	0.2376
91eaf104-6ca8-4bba-a3a8-821a64dcb19c	2	69244257	69244321	2	1.3056
91eaf104-6ca8-4bba-a3a8-821a64dcb19c	2	69253380	71115321	1183	0.1973
91eaf104-6ca8-4bba-a3a8-821a64dcb19c	2	71119433	71122913	8	-0.6469
91eaf104-6ca8-4bba-a3a8-821a64dcb19c	2	71122944	74832312	1945	0.1986
91eaf104-6ca8-4bba-a3a8-821a64dcb19c	2	74833200	82995087	5551	0.237
91eaf104-6ca8-4bba-a3a8-821a64dcb19c	2	83003220	97188422	4047	0.2095
91eaf104-6ca8-4bba-a3a8-821a64dcb19c	2	97192190	97210536	12	-0.3773
91eaf104-6ca8-4bba-a3a8-821a64dcb19c	2	97211069	97359885	16	0.1989
91eaf104-6ca8-4bba-a3a8-821a64dcb19c	2	97524284	97545247	8	1.2068
91eaf104-6ca8-4bba-a3a8-821a64dcb19c	2	97545726	122719438	15071	0.214
91eaf104-6ca8-4bba-a3a8-821a64dcb19c	2	122722323	122724665	8	-0.6225
91eaf104-6ca8-4bba-a3a8-821a64dcb19c	2	122726077	124390174	1179	0.2338
91eaf104-6ca8-4bba-a3a8-821a64dcb19c	2	124393146	124395253	2	-2.1434
91eaf104-6ca8-4bba-a3a8-821a64dcb19c	2	124395963	130036310	3598	0.2138
91eaf104-6ca8-4bba-a3a8-821a64dcb19c	2	130037806	130059766	2	-1.5467
91eaf104-6ca8-4bba-a3a8-821a64dcb19c	2	130059787	131458124	435	0.2044
91eaf104-6ca8-4bba-a3a8-821a64dcb19c	2	131464435	131468795	3	-1.3105
91eaf104-6ca8-4bba-a3a8-821a64dcb19c	2	131472229	137746032	3952	0.2149
91eaf104-6ca8-4bba-a3a8-821a64dcb19c	2	137747577	137754783	10	-0.5699
91eaf104-6ca8-4bba-a3a8-821a64dcb19c	2	137757882	144366806	4123	0.2282
91eaf104-6ca8-4bba-a3a8-821a64dcb19c	2	144370086	144376935	2	-1.2634
91eaf104-6ca8-4bba-a3a8-821a64dcb19c	2	144379827	146107511	1018	0.2207
91eaf104-6ca8-4bba-a3a8-821a64dcb19c	2	146107526	146109366	18	0.7981
91eaf104-6ca8-4bba-a3a8-821a64dcb19c	2	146120238	241841244	58915	0.2138
91eaf104-6ca8-4bba-a3a8-821a64dcb19c	2	241973315	242092368	104	-0.7819
91eaf104-6ca8-4bba-a3a8-821a64dcb19c	2	242095460	242147305	24	0.2437
91eaf104-6ca8-4bba-a3a8-821a64dcb19c	3	20930	46008216	32692	0.2371
91eaf104-6ca8-4bba-a3a8-821a64dcb19c	3	46008344	46010221	2	-1.5376
91eaf104-6ca8-4bba-a3a8-821a64dcb19c	3	46010251	60349798	8343	0.2301
91eaf104-6ca8-4bba-a3a8-821a64dcb19c	3	60350473	60411891	52	0.6658
91eaf104-6ca8-4bba-a3a8-821a64dcb19c	3	60412241	68697013	6682	0.2456
91eaf104-6ca8-4bba-a3a8-821a64dcb19c	3	68697108	68698262	14	1.1795
91eaf104-6ca8-4bba-a3a8-821a64dcb19c	3	68699607	98180575	15306	0.2518
91eaf104-6ca8-4bba-a3a8-821a64dcb19c	3	98189826	98195973	4	-1.1061
91eaf104-6ca8-4bba-a3a8-821a64dcb19c	3	98197104	152629338	33462	0.2351
91eaf104-6ca8-4bba-a3a8-821a64dcb19c	3	152629405	152638413	44	-0.5341
91eaf104-6ca8-4bba-a3a8-821a64dcb19c	3	152638694	162790480	6109	0.2354
91eaf104-6ca8-4bba-a3a8-821a64dcb19c	3	162794869	162908207	70	-1.6054
91eaf104-6ca8-4bba-a3a8-821a64dcb19c	3	162908784	162996729	72	0.2002
91eaf104-6ca8-4bba-a3a8-821a64dcb19c	3	162999939	163001774	2	-3.0797
91eaf104-6ca8-4bba-a3a8-821a64dcb19c	3	163008371	167126064	2294	0.2546
91eaf104-6ca8-4bba-a3a8-821a64dcb19c	3	167126414	173106159	3731	0.2189
91eaf104-6ca8-4bba-a3a8-821a64dcb19c	3	173112335	176973220	2579	0.2552
91eaf104-6ca8-4bba-a3a8-821a64dcb19c	3	176975801	176985413	23	-0.8283
91eaf104-6ca8-4bba-a3a8-821a64dcb19c	3	176988181	192220556	9779	0.2213
91eaf104-6ca8-4bba-a3a8-821a64dcb19c	3	192222159	192222289	4	-0.9223
91eaf104-6ca8-4bba-a3a8-821a64dcb19c	3	192224991	192878608	461	0.214
91eaf104-6ca8-4bba-a3a8-821a64dcb19c	3	192884824	192892158	30	-0.6604
91eaf104-6ca8-4bba-a3a8-821a64dcb19c	3	192892364	193160113	177	0.1971
91eaf104-6ca8-4bba-a3a8-821a64dcb19c	3	193160173	193162937	9	0.81
91eaf104-6ca8-4bba-a3a8-821a64dcb19c	3	193163042	195729085	1525	0.2267
91eaf104-6ca8-4bba-a3a8-821a64dcb19c	3	195729177	195751823	13	0.8416
91eaf104-6ca8-4bba-a3a8-821a64dcb19c	3	195751990	198169247	1163	0.2162
91eaf104-6ca8-4bba-a3a8-821a64dcb19c	4	68929	4117959	1627	-0.4506
91eaf104-6ca8-4bba-a3a8-821a64dcb19c	4	4121101	4133604	4	0.5622
91eaf104-6ca8-4bba-a3a8-821a64dcb19c	4	4133854	5309029	892	-0.4768
91eaf104-6ca8-4bba-a3a8-821a64dcb19c	4	5313707	5318059	3	-2.6025
91eaf104-6ca8-4bba-a3a8-821a64dcb19c	4	5321568	10208766	3167	-0.4582
91eaf104-6ca8-4bba-a3a8-821a64dcb19c	4	10212536	10222224	4	1.6265
91eaf104-6ca8-4bba-a3a8-821a64dcb19c	4	10227159	10233644	32	0.6645
91eaf104-6ca8-4bba-a3a8-821a64dcb19c	4	10234518	10389091	171	-0.4225
91eaf104-6ca8-4bba-a3a8-821a64dcb19c	4	10390730	10399044	16	-1.7895
91eaf104-6ca8-4bba-a3a8-821a64dcb19c	4	10401094	10725229	269	-0.477
91eaf104-6ca8-4bba-a3a8-821a64dcb19c	4	10726950	10726970	2	-1.8877
91eaf104-6ca8-4bba-a3a8-821a64dcb19c	4	10727049	29314452	13215	-0.4354
91eaf104-6ca8-4bba-a3a8-821a64dcb19c	4	29316617	29316627	2	-2.1407
91eaf104-6ca8-4bba-a3a8-821a64dcb19c	4	29316643	34777432	3288	-0.4213
91eaf104-6ca8-4bba-a3a8-821a64dcb19c	4	34784878	34823103	38	-1.9053
91eaf104-6ca8-4bba-a3a8-821a64dcb19c	4	34828250	82652147	28127	-0.4283
91eaf104-6ca8-4bba-a3a8-821a64dcb19c	4	82654448	82664509	11	-3.5396
91eaf104-6ca8-4bba-a3a8-821a64dcb19c	4	82668711	82711407	33	-0.5356
91eaf104-6ca8-4bba-a3a8-821a64dcb19c	4	82711820	82720673	14	-0.974
91eaf104-6ca8-4bba-a3a8-821a64dcb19c	4	82723539	90363792	4781	-0.4335
91eaf104-6ca8-4bba-a3a8-821a64dcb19c	4	90366001	90370347	8	-2.2026
91eaf104-6ca8-4bba-a3a8-821a64dcb19c	4	90370365	107155362	9787	-0.4237
91eaf104-6ca8-4bba-a3a8-821a64dcb19c	4	107155376	107157129	4	-1.8402
91eaf104-6ca8-4bba-a3a8-821a64dcb19c	4	107157215	110368627	1944	-0.4328
91eaf104-6ca8-4bba-a3a8-821a64dcb19c	4	110376475	110379000	3	-2.3838
91eaf104-6ca8-4bba-a3a8-821a64dcb19c	4	110384333	114252544	2446	-0.4421
91eaf104-6ca8-4bba-a3a8-821a64dcb19c	4	114254167	114263096	25	0.3896
91eaf104-6ca8-4bba-a3a8-821a64dcb19c	4	114263110	172066777	34993	-0.422
91eaf104-6ca8-4bba-a3a8-821a64dcb19c	4	172067997	172068382	12	-1.6659
91eaf104-6ca8-4bba-a3a8-821a64dcb19c	4	172074828	182647519	7112	-0.4318
91eaf104-6ca8-4bba-a3a8-821a64dcb19c	4	182650187	182651199	3	-2.3369
91eaf104-6ca8-4bba-a3a8-821a64dcb19c	4	182651237	190106768	4948	-0.4518
91eaf104-6ca8-4bba-a3a8-821a64dcb19c	5	15532	760915	326	0.1044
91eaf104-6ca8-4bba-a3a8-821a64dcb19c	5	760969	873235	34	0.4975
91eaf104-6ca8-4bba-a3a8-821a64dcb19c	5	873683	12487670	9654	0.1181
91eaf104-6ca8-4bba-a3a8-821a64dcb19c	5	12488203	12678426	112	-0.6054
91eaf104-6ca8-4bba-a3a8-821a64dcb19c	5	12686516	12800777	60	0.0741
91eaf104-6ca8-4bba-a3a8-821a64dcb19c	5	12815668	12819964	9	0.829
91eaf104-6ca8-4bba-a3a8-821a64dcb19c	5	12824299	17478492	3162	0.1149
91eaf104-6ca8-4bba-a3a8-821a64dcb19c	5	17481490	17601444	18	-0.6993
91eaf104-6ca8-4bba-a3a8-821a64dcb19c	5	17601619	18999030	890	0.1218
91eaf104-6ca8-4bba-a3a8-821a64dcb19c	5	18999483	19006508	12	-0.3615
91eaf104-6ca8-4bba-a3a8-821a64dcb19c	5	19007521	25812152	3958	0.1327
91eaf104-6ca8-4bba-a3a8-821a64dcb19c	5	25821576	25829446	8	-0.6489
91eaf104-6ca8-4bba-a3a8-821a64dcb19c	5	25838958	50151472	12451	0.1158
91eaf104-6ca8-4bba-a3a8-821a64dcb19c	5	50159802	62277545	7909	-0.4494
91eaf104-6ca8-4bba-a3a8-821a64dcb19c	5	62279164	62280446	3	-2.58
91eaf104-6ca8-4bba-a3a8-821a64dcb19c	5	62286365	165181253	63350	-0.4459
91eaf104-6ca8-4bba-a3a8-821a64dcb19c	5	165185107	165276286	58	-1.3845
91eaf104-6ca8-4bba-a3a8-821a64dcb19c	5	165276321	175960856	7980	-0.4637
91eaf104-6ca8-4bba-a3a8-821a64dcb19c	5	175966609	175993893	5	1.0579
91eaf104-6ca8-4bba-a3a8-821a64dcb19c	5	175999690	177800550	731	-0.4268
91eaf104-6ca8-4bba-a3a8-821a64dcb19c	5	177801578	177805604	2	2.633
91eaf104-6ca8-4bba-a3a8-821a64dcb19c	5	177827964	181363319	1980	-0.4644
91eaf104-6ca8-4bba-a3a8-821a64dcb19c	6	149661	254267	100	0.2154
91eaf104-6ca8-4bba-a3a8-821a64dcb19c	6	254283	294837	24	0.7108
91eaf104-6ca8-4bba-a3a8-821a64dcb19c	6	302306	381149	78	0.4014
91eaf104-6ca8-4bba-a3a8-821a64dcb19c	6	382559	17101433	13193	0.2232
91eaf104-6ca8-4bba-a3a8-821a64dcb19c	6	17102527	17102627	2	-1.3849
91eaf104-6ca8-4bba-a3a8-821a64dcb19c	6	17102766	26739499	6830	0.2223
91eaf104-6ca8-4bba-a3a8-821a64dcb19c	6	26743855	26759781	6	1.0982
91eaf104-6ca8-4bba-a3a8-821a64dcb19c	6	26831719	29869295	1415	0.2159
91eaf104-6ca8-4bba-a3a8-821a64dcb19c	6	29869410	29907031	24	-0.5221
91eaf104-6ca8-4bba-a3a8-821a64dcb19c	6	29909182	31313046	653	0.2141
91eaf104-6ca8-4bba-a3a8-821a64dcb19c	6	31318499	31328674	11	1.4704
91eaf104-6ca8-4bba-a3a8-821a64dcb19c	6	31342147	32463198	494	0.2304
91eaf104-6ca8-4bba-a3a8-821a64dcb19c	6	32463328	32658841	69	-0.1742
91eaf104-6ca8-4bba-a3a8-821a64dcb19c	6	32682835	32722250	44	0.381
91eaf104-6ca8-4bba-a3a8-821a64dcb19c	6	32723020	32723053	3	2.7285
91eaf104-6ca8-4bba-a3a8-821a64dcb19c	6	32732907	33970966	753	0.2147
91eaf104-6ca8-4bba-a3a8-821a64dcb19c	6	33974234	33974928	6	-0.7852
91eaf104-6ca8-4bba-a3a8-821a64dcb19c	6	33976809	54066269	12886	0.2286
91eaf104-6ca8-4bba-a3a8-821a64dcb19c	6	54066286	54067057	8	1.3555
91eaf104-6ca8-4bba-a3a8-821a64dcb19c	6	54070550	67728961	6440	0.2419
91eaf104-6ca8-4bba-a3a8-821a64dcb19c	6	67736016	67741110	8	-0.8047
91eaf104-6ca8-4bba-a3a8-821a64dcb19c	6	67745345	73882142	3926	0.2417
91eaf104-6ca8-4bba-a3a8-821a64dcb19c	6	73882509	73891694	10	1.2802
91eaf104-6ca8-4bba-a3a8-821a64dcb19c	6	73893839	76732919	1779	0.2411
91eaf104-6ca8-4bba-a3a8-821a64dcb19c	6	76733502	76736482	3	-1.2732
91eaf104-6ca8-4bba-a3a8-821a64dcb19c	6	76739852	78173363	926	0.2269
91eaf104-6ca8-4bba-a3a8-821a64dcb19c	6	78178745	78188798	5	-0.9532
91eaf104-6ca8-4bba-a3a8-821a64dcb19c	6	78190303	78253172	55	0.2286
91eaf104-6ca8-4bba-a3a8-821a64dcb19c	6	78259348	78325457	111	0.5351
91eaf104-6ca8-4bba-a3a8-821a64dcb19c	6	78325468	84023699	3578	0.2423
91eaf104-6ca8-4bba-a3a8-821a64dcb19c	6	84026015	84029078	9	-0.5175
91eaf104-6ca8-4bba-a3a8-821a64dcb19c	6	84033023	92864624	5647	0.2386
91eaf104-6ca8-4bba-a3a8-821a64dcb19c	6	92866148	92868912	31	-0.7055
91eaf104-6ca8-4bba-a3a8-821a64dcb19c	6	92873205	103290164	6208	0.2522
91eaf104-6ca8-4bba-a3a8-821a64dcb19c	6	103290209	103314174	43	-0.0035
91eaf104-6ca8-4bba-a3a8-821a64dcb19c	6	103314186	106651536	2171	0.2401
91eaf104-6ca8-4bba-a3a8-821a64dcb19c	6	106663506	111711172	3015	0.2116
91eaf104-6ca8-4bba-a3a8-821a64dcb19c	6	111711386	115057911	2123	0.2364
91eaf104-6ca8-4bba-a3a8-821a64dcb19c	6	115057996	115086809	3	-1.8036
91eaf104-6ca8-4bba-a3a8-821a64dcb19c	6	115087407	157366396	27436	0.2378
91eaf104-6ca8-4bba-a3a8-821a64dcb19c	6	157375044	157375962	2	-1.3902
91eaf104-6ca8-4bba-a3a8-821a64dcb19c	6	157385644	170741917	9388	0.2337
91eaf104-6ca8-4bba-a3a8-821a64dcb19c	7	43355	52035638	36750	0.2379
91eaf104-6ca8-4bba-a3a8-821a64dcb19c	7	52038456	52038487	2	-1.7935
91eaf104-6ca8-4bba-a3a8-821a64dcb19c	7	52040120	54305455	1698	0.2546
91eaf104-6ca8-4bba-a3a8-821a64dcb19c	7	54318812	54318824	6	-2.4249
91eaf104-6ca8-4bba-a3a8-821a64dcb19c	7	54325795	70955452	6120	0.2159
91eaf104-6ca8-4bba-a3a8-821a64dcb19c	7	70958264	70961155	2	2.1427
91eaf104-6ca8-4bba-a3a8-821a64dcb19c	7	70963257	79172570	3814	0.2197
91eaf104-6ca8-4bba-a3a8-821a64dcb19c	7	79175983	79223377	56	-0.8274
91eaf104-6ca8-4bba-a3a8-821a64dcb19c	7	79226755	82094589	1901	0.2474
91eaf104-6ca8-4bba-a3a8-821a64dcb19c	7	82097610	82097647	2	-1.5355
91eaf104-6ca8-4bba-a3a8-821a64dcb19c	7	82098245	85741227	2427	0.2519
91eaf104-6ca8-4bba-a3a8-821a64dcb19c	7	85741649	85742560	2	-1.1115
91eaf104-6ca8-4bba-a3a8-821a64dcb19c	7	85744435	91578827	3639	0.2484
91eaf104-6ca8-4bba-a3a8-821a64dcb19c	7	91589569	91589648	2	-1.7162
91eaf104-6ca8-4bba-a3a8-821a64dcb19c	7	91589817	97766148	3847	0.2226
91eaf104-6ca8-4bba-a3a8-821a64dcb19c	7	97766150	97766159	5	1.3934
91eaf104-6ca8-4bba-a3a8-821a64dcb19c	7	97766194	109801155	6636	0.2254
91eaf104-6ca8-4bba-a3a8-821a64dcb19c	7	109801187	109813925	12	0.7472
91eaf104-6ca8-4bba-a3a8-821a64dcb19c	7	109814172	134100458	14736	0.2329
91eaf104-6ca8-4bba-a3a8-821a64dcb19c	7	134100556	134105690	21	0.7704
91eaf104-6ca8-4bba-a3a8-821a64dcb19c	7	134110881	150126227	10033	0.2308
91eaf104-6ca8-4bba-a3a8-821a64dcb19c	7	150128092	150130868	2	-1.937
91eaf104-6ca8-4bba-a3a8-821a64dcb19c	7	150139332	150270897	45	0.2078
91eaf104-6ca8-4bba-a3a8-821a64dcb19c	7	150271147	150296280	3	-1.9964
91eaf104-6ca8-4bba-a3a8-821a64dcb19c	7	150298258	156090927	3994	0.2266
91eaf104-6ca8-4bba-a3a8-821a64dcb19c	7	156090985	156093518	3	-0.9795
91eaf104-6ca8-4bba-a3a8-821a64dcb19c	7	156094352	159334314	2010	0.2359
91eaf104-6ca8-4bba-a3a8-821a64dcb19c	8	81254	13741592	12089	0.2278
91eaf104-6ca8-4bba-a3a8-821a64dcb19c	8	13741668	13745967	25	-0.5027
91eaf104-6ca8-4bba-a3a8-821a64dcb19c	8	13752159	25122039	9363	0.2388
91eaf104-6ca8-4bba-a3a8-821a64dcb19c	8	25122389	25122391	2	-1.692
91eaf104-6ca8-4bba-a3a8-821a64dcb19c	8	25122414	37451254	8081	0.2312
91eaf104-6ca8-4bba-a3a8-821a64dcb19c	8	37451731	37452009	3	-0.9997
91eaf104-6ca8-4bba-a3a8-821a64dcb19c	8	37455143	37968408	226	0.2333
91eaf104-6ca8-4bba-a3a8-821a64dcb19c	8	37971241	37971436	2	-0.9165
91eaf104-6ca8-4bba-a3a8-821a64dcb19c	8	37975985	39373140	710	0.2249
91eaf104-6ca8-4bba-a3a8-821a64dcb19c	8	39378084	39529446	59	0.9366
91eaf104-6ca8-4bba-a3a8-821a64dcb19c	8	39530780	75661599	20809	0.2271
91eaf104-6ca8-4bba-a3a8-821a64dcb19c	8	75662039	78441422	1615	0.2683
91eaf104-6ca8-4bba-a3a8-821a64dcb19c	8	78442500	84345754	3438	0.2313
91eaf104-6ca8-4bba-a3a8-821a64dcb19c	8	84350648	84356431	19	-0.6252
91eaf104-6ca8-4bba-a3a8-821a64dcb19c	8	84358447	85831076	684	0.2417
91eaf104-6ca8-4bba-a3a8-821a64dcb19c	8	85831426	88916697	1743	0.1744
91eaf104-6ca8-4bba-a3a8-821a64dcb19c	8	88916713	88917248	2	-1.3233
91eaf104-6ca8-4bba-a3a8-821a64dcb19c	8	88917766	94545887	3415	0.1695
91eaf104-6ca8-4bba-a3a8-821a64dcb19c	8	94546864	94547604	4	-0.9127
91eaf104-6ca8-4bba-a3a8-821a64dcb19c	8	94547824	111438924	10325	0.1642
91eaf104-6ca8-4bba-a3a8-821a64dcb19c	8	111443026	114619207	1748	0.2409
91eaf104-6ca8-4bba-a3a8-821a64dcb19c	8	114619814	114629340	33	-0.4093
91eaf104-6ca8-4bba-a3a8-821a64dcb19c	8	114629356	119139771	3110	0.231
91eaf104-6ca8-4bba-a3a8-821a64dcb19c	8	119142545	119147207	4	-0.7303
91eaf104-6ca8-4bba-a3a8-821a64dcb19c	8	119150615	139141133	14839	0.2278
91eaf104-6ca8-4bba-a3a8-821a64dcb19c	8	139141600	139143199	3	-2.2718
91eaf104-6ca8-4bba-a3a8-821a64dcb19c	8	139144082	145072769	3090	0.2296
91eaf104-6ca8-4bba-a3a8-821a64dcb19c	9	46587	6342734	6102	0.2409
91eaf104-6ca8-4bba-a3a8-821a64dcb19c	9	6342855	6347610	2	-1.1435
91eaf104-6ca8-4bba-a3a8-821a64dcb19c	9	6347741	10749592	4225	0.242
91eaf104-6ca8-4bba-a3a8-821a64dcb19c	9	10749743	10755356	3	-1.2545
91eaf104-6ca8-4bba-a3a8-821a64dcb19c	9	10756249	23361807	10080	0.2448
91eaf104-6ca8-4bba-a3a8-821a64dcb19c	9	23363117	23373486	8	-2.328
91eaf104-6ca8-4bba-a3a8-821a64dcb19c	9	23378490	36894154	9334	0.2456
91eaf104-6ca8-4bba-a3a8-821a64dcb19c	9	36894590	36894636	2	-0.9712
91eaf104-6ca8-4bba-a3a8-821a64dcb19c	9	36894840	39146321	1371	0.2175
91eaf104-6ca8-4bba-a3a8-821a64dcb19c	9	39214987	39484471	28	0.6359
91eaf104-6ca8-4bba-a3a8-821a64dcb19c	9	39487653	39840169	12	-0.0054
91eaf104-6ca8-4bba-a3a8-821a64dcb19c	9	40018947	40099921	3	1.4773
91eaf104-6ca8-4bba-a3a8-821a64dcb19c	9	40189830	41388422	62	0.0621
91eaf104-6ca8-4bba-a3a8-821a64dcb19c	9	41451823	41451846	3	-1.0298
91eaf104-6ca8-4bba-a3a8-821a64dcb19c	9	41473331	42014203	33	0.3204
91eaf104-6ca8-4bba-a3a8-821a64dcb19c	9	42037471	42179276	20	-1.8381
91eaf104-6ca8-4bba-a3a8-821a64dcb19c	9	42202227	42574420	17	0.3954
91eaf104-6ca8-4bba-a3a8-821a64dcb19c	9	42585140	42727685	14	0.9889
91eaf104-6ca8-4bba-a3a8-821a64dcb19c	9	42729302	60889708	31	0.1735
91eaf104-6ca8-4bba-a3a8-821a64dcb19c	9	60893611	61405110	10	-0.6607
91eaf104-6ca8-4bba-a3a8-821a64dcb19c	9	61520021	61668104	32	0.6237
91eaf104-6ca8-4bba-a3a8-821a64dcb19c	9	61680289	63580418	36	0.0057
91eaf104-6ca8-4bba-a3a8-821a64dcb19c	9	63590317	63592813	7	3.1439
91eaf104-6ca8-4bba-a3a8-821a64dcb19c	9	63614182	66189025	93	0.12
91eaf104-6ca8-4bba-a3a8-821a64dcb19c	9	66880844	110062586	29728	-0.4308
91eaf104-6ca8-4bba-a3a8-821a64dcb19c	9	110067939	110068334	3	-2.7415
91eaf104-6ca8-4bba-a3a8-821a64dcb19c	9	110069252	133202988	15797	-0.4337
91eaf104-6ca8-4bba-a3a8-821a64dcb19c	9	133205149	133209813	2	-3.1707
91eaf104-6ca8-4bba-a3a8-821a64dcb19c	9	133211156	138177075	2343	-0.4491
91eaf104-6ca8-4bba-a3a8-821a64dcb19c	9	138177488	138200944	6	0.6568
91eaf104-6ca8-4bba-a3a8-821a64dcb19c	10	45792	17740861	14826	0.2299
91eaf104-6ca8-4bba-a3a8-821a64dcb19c	10	17753678	17775579	2	-1.1706
91eaf104-6ca8-4bba-a3a8-821a64dcb19c	10	17781972	24086334	4353	0.2223
91eaf104-6ca8-4bba-a3a8-821a64dcb19c	10	24088745	24088992	10	1.0541
91eaf104-6ca8-4bba-a3a8-821a64dcb19c	10	24089125	26390852	1621	0.2267
91eaf104-6ca8-4bba-a3a8-821a64dcb19c	10	26397226	26400838	6	-0.6371
91eaf104-6ca8-4bba-a3a8-821a64dcb19c	10	26402720	44310606	9625	0.2239
91eaf104-6ca8-4bba-a3a8-821a64dcb19c	10	44313749	44314788	5	-0.9847
91eaf104-6ca8-4bba-a3a8-821a64dcb19c	10	44315181	48523157	1823	0.2279
91eaf104-6ca8-4bba-a3a8-821a64dcb19c	10	48524930	48524943	2	-1.3156
91eaf104-6ca8-4bba-a3a8-821a64dcb19c	10	48525216	59598098	8087	0.2481
91eaf104-6ca8-4bba-a3a8-821a64dcb19c	10	59598509	59606047	13	-0.542
91eaf104-6ca8-4bba-a3a8-821a64dcb19c	10	59606506	65546518	4016	0.243
91eaf104-6ca8-4bba-a3a8-821a64dcb19c	10	65548165	65554672	27	0.8089
91eaf104-6ca8-4bba-a3a8-821a64dcb19c	10	65554688	120908900	36797	0.2328
91eaf104-6ca8-4bba-a3a8-821a64dcb19c	10	120917310	120918093	7	0.9905
91eaf104-6ca8-4bba-a3a8-821a64dcb19c	10	120922460	121004162	75	0.2045
91eaf104-6ca8-4bba-a3a8-821a64dcb19c	10	121011150	121017985	18	-0.5323
91eaf104-6ca8-4bba-a3a8-821a64dcb19c	10	121030029	130518333	7353	0.2424
91eaf104-6ca8-4bba-a3a8-821a64dcb19c	10	130520290	130521845	5	-0.948
91eaf104-6ca8-4bba-a3a8-821a64dcb19c	10	130525001	133654968	1951	0.2445
91eaf104-6ca8-4bba-a3a8-821a64dcb19c	11	198510	4217824	1738	0.2303
91eaf104-6ca8-4bba-a3a8-821a64dcb19c	11	4228783	4286769	20	-1.813
91eaf104-6ca8-4bba-a3a8-821a64dcb19c	11	4298482	4306942	4	-0.7044
91eaf104-6ca8-4bba-a3a8-821a64dcb19c	11	4314837	4769881	477	0.2256
91eaf104-6ca8-4bba-a3a8-821a64dcb19c	11	4772127	4772528	3	-0.4926
91eaf104-6ca8-4bba-a3a8-821a64dcb19c	11	4772652	4946000	172	0.2205
91eaf104-6ca8-4bba-a3a8-821a64dcb19c	11	4946021	4954475	31	0.9962
91eaf104-6ca8-4bba-a3a8-821a64dcb19c	11	4955027	5766862	788	0.224
91eaf104-6ca8-4bba-a3a8-821a64dcb19c	11	5768371	5788231	32	-0.5293
91eaf104-6ca8-4bba-a3a8-821a64dcb19c	11	5791130	15594920	7192	0.228
91eaf104-6ca8-4bba-a3a8-821a64dcb19c	11	15598314	15690706	75	0.6647
91eaf104-6ca8-4bba-a3a8-821a64dcb19c	11	15695741	21692916	4672	0.2212
91eaf104-6ca8-4bba-a3a8-821a64dcb19c	11	21693006	21701937	5	-0.7971
91eaf104-6ca8-4bba-a3a8-821a64dcb19c	11	21712549	25680691	2835	0.2411
91eaf104-6ca8-4bba-a3a8-821a64dcb19c	11	25680787	25697434	26	-2.1843
91eaf104-6ca8-4bba-a3a8-821a64dcb19c	11	25700531	55172866	16189	0.2337
91eaf104-6ca8-4bba-a3a8-821a64dcb19c	11	55198132	55264544	12	-0.3555
91eaf104-6ca8-4bba-a3a8-821a64dcb19c	11	55266799	55608804	203	0.2569
91eaf104-6ca8-4bba-a3a8-821a64dcb19c	11	55609022	55685501	50	0.4967
91eaf104-6ca8-4bba-a3a8-821a64dcb19c	11	55685533	59042524	2069	0.2209
91eaf104-6ca8-4bba-a3a8-821a64dcb19c	11	59043768	59086292	22	0.8522
91eaf104-6ca8-4bba-a3a8-821a64dcb19c	11	59087546	135074876	50184	0.2268
91eaf104-6ca8-4bba-a3a8-821a64dcb19c	12	51460	8409838	5601	0.2206
91eaf104-6ca8-4bba-a3a8-821a64dcb19c	12	8410039	8415028	3	2.5595
91eaf104-6ca8-4bba-a3a8-821a64dcb19c	12	8422427	11358643	1764	0.2355
91eaf104-6ca8-4bba-a3a8-821a64dcb19c	12	11358644	11390472	30	0.877
91eaf104-6ca8-4bba-a3a8-821a64dcb19c	12	11399258	45510655	20983	0.2285
91eaf104-6ca8-4bba-a3a8-821a64dcb19c	12	45512057	45515754	3	-1.5135
91eaf104-6ca8-4bba-a3a8-821a64dcb19c	12	45519509	70478078	15164	0.2141
91eaf104-6ca8-4bba-a3a8-821a64dcb19c	12	70478895	70484247	9	-0.4882
91eaf104-6ca8-4bba-a3a8-821a64dcb19c	12	70485605	83763954	8415	0.2352
91eaf104-6ca8-4bba-a3a8-821a64dcb19c	12	83766884	83768973	9	-0.5054
91eaf104-6ca8-4bba-a3a8-821a64dcb19c	12	83769130	90089066	3624	0.2351
91eaf104-6ca8-4bba-a3a8-821a64dcb19c	12	90089570	90099836	11	0.752
91eaf104-6ca8-4bba-a3a8-821a64dcb19c	12	90099849	133201603	29174	0.2207
91eaf104-6ca8-4bba-a3a8-821a64dcb19c	13	18452809	19547319	531	-0.4093
91eaf104-6ca8-4bba-a3a8-821a64dcb19c	13	19549755	19549770	2	1.3731
91eaf104-6ca8-4bba-a3a8-821a64dcb19c	13	19550361	19891257	149	-0.4147
91eaf104-6ca8-4bba-a3a8-821a64dcb19c	13	19891306	19895317	11	-1.9869
91eaf104-6ca8-4bba-a3a8-821a64dcb19c	13	19897544	24995207	3644	-0.4523
91eaf104-6ca8-4bba-a3a8-821a64dcb19c	13	24998780	25006494	7	-1.9901
91eaf104-6ca8-4bba-a3a8-821a64dcb19c	13	25007627	26331068	927	-0.4581
91eaf104-6ca8-4bba-a3a8-821a64dcb19c	13	26332862	26333894	2	-2.2619
91eaf104-6ca8-4bba-a3a8-821a64dcb19c	13	26336975	48957415	16204	-0.4502
91eaf104-6ca8-4bba-a3a8-821a64dcb19c	13	48959579	48962368	2	-2.8347
91eaf104-6ca8-4bba-a3a8-821a64dcb19c	13	48963569	57176962	4493	-0.4235
91eaf104-6ca8-4bba-a3a8-821a64dcb19c	13	57184136	57204246	33	-2.2274
91eaf104-6ca8-4bba-a3a8-821a64dcb19c	13	57215580	57236166	14	-0.2431
91eaf104-6ca8-4bba-a3a8-821a64dcb19c	13	57239237	57314833	52	-2.2938
91eaf104-6ca8-4bba-a3a8-821a64dcb19c	13	57318101	61137182	2356	-0.4234
91eaf104-6ca8-4bba-a3a8-821a64dcb19c	13	61139335	61144209	6	-2.2842
91eaf104-6ca8-4bba-a3a8-821a64dcb19c	13	61152762	114342922	35592	-0.4349
91eaf104-6ca8-4bba-a3a8-821a64dcb19c	14	18239283	19289821	45	-0.3649
91eaf104-6ca8-4bba-a3a8-821a64dcb19c	14	19294457	19955213	122	0.0817
91eaf104-6ca8-4bba-a3a8-821a64dcb19c	14	19956767	20082188	91	-0.4385
91eaf104-6ca8-4bba-a3a8-821a64dcb19c	14	20082381	20085125	2	-2.5691
91eaf104-6ca8-4bba-a3a8-821a64dcb19c	14	20087037	106345431	54771	-0.4362
91eaf104-6ca8-4bba-a3a8-821a64dcb19c	14	106345838	106365807	7	-1.9337
91eaf104-6ca8-4bba-a3a8-821a64dcb19c	14	106369985	106877229	270	-0.4279
91eaf104-6ca8-4bba-a3a8-821a64dcb19c	15	19811075	20041902	49	-0.243
91eaf104-6ca8-4bba-a3a8-821a64dcb19c	15	20056983	20380735	47	0.2463
91eaf104-6ca8-4bba-a3a8-821a64dcb19c	15	20380837	20381704	9	1.1464
91eaf104-6ca8-4bba-a3a8-821a64dcb19c	15	20384774	20441432	27	0.3802
91eaf104-6ca8-4bba-a3a8-821a64dcb19c	15	20525226	21417107	43	-0.3228
91eaf104-6ca8-4bba-a3a8-821a64dcb19c	15	21975606	22385639	32	0.4311
91eaf104-6ca8-4bba-a3a8-821a64dcb19c	15	22395047	25226010	1519	-0.2295
91eaf104-6ca8-4bba-a3a8-821a64dcb19c	15	25227754	25230670	3	-1.8798
91eaf104-6ca8-4bba-a3a8-821a64dcb19c	15	25234008	26315045	832	-0.2508
91eaf104-6ca8-4bba-a3a8-821a64dcb19c	15	26317005	26318009	2	-4.0318
91eaf104-6ca8-4bba-a3a8-821a64dcb19c	15	26318441	76586021	31310	-0.2514
91eaf104-6ca8-4bba-a3a8-821a64dcb19c	15	76598900	76603434	22	0.5826
91eaf104-6ca8-4bba-a3a8-821a64dcb19c	15	76609838	83871986	4408	-0.2506
91eaf104-6ca8-4bba-a3a8-821a64dcb19c	15	83874133	83874798	5	-1.6656
91eaf104-6ca8-4bba-a3a8-821a64dcb19c	15	83878525	85403519	645	-0.2487
91eaf104-6ca8-4bba-a3a8-821a64dcb19c	15	85407622	85408630	4	-2.0229
91eaf104-6ca8-4bba-a3a8-821a64dcb19c	15	85413359	85542083	92	-0.2231
91eaf104-6ca8-4bba-a3a8-821a64dcb19c	15	85542545	85542571	2	-1.3561
91eaf104-6ca8-4bba-a3a8-821a64dcb19c	15	85543502	85796735	187	-0.2661
91eaf104-6ca8-4bba-a3a8-821a64dcb19c	15	85798051	85803336	27	-1.6691
91eaf104-6ca8-4bba-a3a8-821a64dcb19c	15	85803454	85805158	3	-6.738
91eaf104-6ca8-4bba-a3a8-821a64dcb19c	15	85805675	85806808	13	-1.7025
91eaf104-6ca8-4bba-a3a8-821a64dcb19c	15	85806953	92222525	4786	-0.2616
91eaf104-6ca8-4bba-a3a8-821a64dcb19c	15	92222644	92223064	3	1.7497
91eaf104-6ca8-4bba-a3a8-821a64dcb19c	15	92223528	96037024	3095	-0.2575
91eaf104-6ca8-4bba-a3a8-821a64dcb19c	15	96038916	96039768	3	-2.2912
91eaf104-6ca8-4bba-a3a8-821a64dcb19c	15	96040404	101406859	3982	-0.2628
91eaf104-6ca8-4bba-a3a8-821a64dcb19c	15	101406882	101407742	3	-1.5958
91eaf104-6ca8-4bba-a3a8-821a64dcb19c	15	101408160	101928837	336	-0.2865
91eaf104-6ca8-4bba-a3a8-821a64dcb19c	16	10777	18072602	12746	0.2345
91eaf104-6ca8-4bba-a3a8-821a64dcb19c	16	18073660	18212128	15	-0.5132
91eaf104-6ca8-4bba-a3a8-821a64dcb19c	16	18260900	32295899	7198	0.2304
91eaf104-6ca8-4bba-a3a8-821a64dcb19c	16	32383608	32613018	12	0.774
91eaf104-6ca8-4bba-a3a8-821a64dcb19c	16	32629651	35101611	91	0.2334
91eaf104-6ca8-4bba-a3a8-821a64dcb19c	16	35102363	35102486	2	-2.5625
91eaf104-6ca8-4bba-a3a8-821a64dcb19c	16	35104875	47984538	1036	0.2351
91eaf104-6ca8-4bba-a3a8-821a64dcb19c	16	47990545	47991637	2	-1.9747
91eaf104-6ca8-4bba-a3a8-821a64dcb19c	16	47997109	55762682	5813	0.2456
91eaf104-6ca8-4bba-a3a8-821a64dcb19c	16	55764310	55764867	3	3.6229
91eaf104-6ca8-4bba-a3a8-821a64dcb19c	16	55770436	55788532	15	0.9068
91eaf104-6ca8-4bba-a3a8-821a64dcb19c	16	55808442	60975903	3232	0.2342
91eaf104-6ca8-4bba-a3a8-821a64dcb19c	16	60978306	65895540	3404	0.2713
91eaf104-6ca8-4bba-a3a8-821a64dcb19c	16	65897000	78337711	7636	0.2294
91eaf104-6ca8-4bba-a3a8-821a64dcb19c	16	78338543	78350841	16	-1.8046
91eaf104-6ca8-4bba-a3a8-821a64dcb19c	16	78350868	78357320	8	0.1617
91eaf104-6ca8-4bba-a3a8-821a64dcb19c	16	78357366	78463296	135	0.5709
91eaf104-6ca8-4bba-a3a8-821a64dcb19c	16	78463474	80632491	2607	0.2348
91eaf104-6ca8-4bba-a3a8-821a64dcb19c	16	80632882	80638532	2	-1.3086
91eaf104-6ca8-4bba-a3a8-821a64dcb19c	16	80638807	88076816	7025	0.2378
91eaf104-6ca8-4bba-a3a8-821a64dcb19c	16	88080057	88081232	3	-1.2939
91eaf104-6ca8-4bba-a3a8-821a64dcb19c	16	88081785	90096867	837	0.199
91eaf104-6ca8-4bba-a3a8-821a64dcb19c	17	150733	18455632	11395	0.2282
91eaf104-6ca8-4bba-a3a8-821a64dcb19c	17	18455635	18561907	25	-0.491
91eaf104-6ca8-4bba-a3a8-821a64dcb19c	17	18565883	36096981	6821	0.2259
91eaf104-6ca8-4bba-a3a8-821a64dcb19c	17	36097258	36109315	13	-0.3932
91eaf104-6ca8-4bba-a3a8-821a64dcb19c	17	36109735	36148900	31	0.6075
91eaf104-6ca8-4bba-a3a8-821a64dcb19c	17	36150004	40607624	2095	0.2149
91eaf104-6ca8-4bba-a3a8-821a64dcb19c	17	40607804	40608174	3	1.127
91eaf104-6ca8-4bba-a3a8-821a64dcb19c	17	40608429	41265456	431	0.2384
91eaf104-6ca8-4bba-a3a8-821a64dcb19c	17	41266762	41274279	24	-0.6102
91eaf104-6ca8-4bba-a3a8-821a64dcb19c	17	41276472	44956379	1917	0.213
91eaf104-6ca8-4bba-a3a8-821a64dcb19c	17	44956839	44956911	2	1.3563
91eaf104-6ca8-4bba-a3a8-821a64dcb19c	17	44967312	45571174	235	0.1999
91eaf104-6ca8-4bba-a3a8-821a64dcb19c	17	45577724	45581105	6	-0.816
91eaf104-6ca8-4bba-a3a8-821a64dcb19c	17	45582060	46099741	348	0.1997
91eaf104-6ca8-4bba-a3a8-821a64dcb19c	17	46100092	46286804	114	-0.1095
91eaf104-6ca8-4bba-a3a8-821a64dcb19c	17	46323701	46446360	4	1.7749
91eaf104-6ca8-4bba-a3a8-821a64dcb19c	17	46569894	83091923	21554	0.2283
91eaf104-6ca8-4bba-a3a8-821a64dcb19c	18	48133	11860617	8636	-0.4502
91eaf104-6ca8-4bba-a3a8-821a64dcb19c	18	11865893	11866642	2	-3.169
91eaf104-6ca8-4bba-a3a8-821a64dcb19c	18	11867298	47883682	18831	-0.4301
91eaf104-6ca8-4bba-a3a8-821a64dcb19c	18	47883739	47884123	6	-1.5341
91eaf104-6ca8-4bba-a3a8-821a64dcb19c	18	47884281	64139400	11449	-0.4364
91eaf104-6ca8-4bba-a3a8-821a64dcb19c	18	64142171	64142688	2	-2.0908
91eaf104-6ca8-4bba-a3a8-821a64dcb19c	18	64142778	68334330	2936	-0.4155
91eaf104-6ca8-4bba-a3a8-821a64dcb19c	18	68334351	68334366	2	-1.8651
91eaf104-6ca8-4bba-a3a8-821a64dcb19c	18	68334451	72694400	3172	-0.4222
91eaf104-6ca8-4bba-a3a8-821a64dcb19c	18	72697407	72697944	2	-2.7594
91eaf104-6ca8-4bba-a3a8-821a64dcb19c	18	72698599	80257174	5599	-0.4567
91eaf104-6ca8-4bba-a3a8-821a64dcb19c	19	90910	14804102	5966	0.2122
91eaf104-6ca8-4bba-a3a8-821a64dcb19c	19	14804829	14812071	5	-0.6253
91eaf104-6ca8-4bba-a3a8-821a64dcb19c	19	14812225	20411869	2945	0.2052
91eaf104-6ca8-4bba-a3a8-821a64dcb19c	19	20413400	20538428	70	-2.8583
91eaf104-6ca8-4bba-a3a8-821a64dcb19c	19	20538656	24324365	2160	0.2289
91eaf104-6ca8-4bba-a3a8-821a64dcb19c	19	24324370	36339409	6008	-0.257
91eaf104-6ca8-4bba-a3a8-821a64dcb19c	19	36354973	36356596	11	-1.079
91eaf104-6ca8-4bba-a3a8-821a64dcb19c	19	36356735	41431190	2648	-0.2495
91eaf104-6ca8-4bba-a3a8-821a64dcb19c	19	41432135	41432158	2	-2.3238
91eaf104-6ca8-4bba-a3a8-821a64dcb19c	19	41433049	42796054	585	-0.2567
91eaf104-6ca8-4bba-a3a8-821a64dcb19c	19	42798357	42811459	5	-1.4282
91eaf104-6ca8-4bba-a3a8-821a64dcb19c	19	42816985	45013488	1276	-0.2498
91eaf104-6ca8-4bba-a3a8-821a64dcb19c	19	45014025	55797784	5580	-0.4397
91eaf104-6ca8-4bba-a3a8-821a64dcb19c	19	55798299	56970224	828	-0.2765
91eaf104-6ca8-4bba-a3a8-821a64dcb19c	19	56971385	56971424	2	-2.7023
91eaf104-6ca8-4bba-a3a8-821a64dcb19c	19	56972298	58586487	984	-0.2636
91eaf104-6ca8-4bba-a3a8-821a64dcb19c	20	80664	1579916	1199	0.2268
91eaf104-6ca8-4bba-a3a8-821a64dcb19c	20	1580141	1580276	3	1.1234
91eaf104-6ca8-4bba-a3a8-821a64dcb19c	20	1580305	1613203	42	-0.4116
91eaf104-6ca8-4bba-a3a8-821a64dcb19c	20	1613247	2356787	643	0.2614
91eaf104-6ca8-4bba-a3a8-821a64dcb19c	20	2356925	23799193	16619	0.2357
91eaf104-6ca8-4bba-a3a8-821a64dcb19c	20	23799659	23802011	2	-1.5502
91eaf104-6ca8-4bba-a3a8-821a64dcb19c	20	23804620	53957255	16295	0.222
91eaf104-6ca8-4bba-a3a8-821a64dcb19c	20	53958200	64324800	7551	0.2616
91eaf104-6ca8-4bba-a3a8-821a64dcb19c	21	10354168	13189617	114	-0.424
91eaf104-6ca8-4bba-a3a8-821a64dcb19c	21	13197963	13583316	154	0.0922
91eaf104-6ca8-4bba-a3a8-821a64dcb19c	21	13612103	13677975	4	1.4777
91eaf104-6ca8-4bba-a3a8-821a64dcb19c	21	13803967	30266641	12091	0.1216
91eaf104-6ca8-4bba-a3a8-821a64dcb19c	21	30267910	30270719	6	-0.8218
91eaf104-6ca8-4bba-a3a8-821a64dcb19c	21	30278261	46677045	11477	0.1053
91eaf104-6ca8-4bba-a3a8-821a64dcb19c	22	15294547	29604930	8785	-0.4385
91eaf104-6ca8-4bba-a3a8-821a64dcb19c	22	29608940	29657974	27	-1.5375
91eaf104-6ca8-4bba-a3a8-821a64dcb19c	22	29657995	50796027	14415	-0.4509
91eaf104-6ca8-4bba-a3a8-821a64dcb19c	X	251810	107199623	55303	0.0021
91eaf104-6ca8-4bba-a3a8-821a64dcb19c	X	107201519	107202670	3	-1.8601
91eaf104-6ca8-4bba-a3a8-821a64dcb19c	X	107203564	125965312	10673	0.0041
91eaf104-6ca8-4bba-a3a8-821a64dcb19c	X	125967491	126153067	107	-0.3887
91eaf104-6ca8-4bba-a3a8-821a64dcb19c	X	126153090	142251287	9090	-0.0007
91eaf104-6ca8-4bba-a3a8-821a64dcb19c	X	142251372	142254524	3	-1.5275
91eaf104-6ca8-4bba-a3a8-821a64dcb19c	X	142254650	149717253	5102	0.0091
91eaf104-6ca8-4bba-a3a8-821a64dcb19c	X	149748890	149951547	77	0.3174
91eaf104-6ca8-4bba-a3a8-821a64dcb19c	X	149952800	150473747	312	-0.0136
91eaf104-6ca8-4bba-a3a8-821a64dcb19c	X	150477693	150480009	2	-1.7033
91eaf104-6ca8-4bba-a3a8-821a64dcb19c	X	150482586	154142504	2196	-0.0045
91eaf104-6ca8-4bba-a3a8-821a64dcb19c	X	154156374	154239991	3	-2.3849
91eaf104-6ca8-4bba-a3a8-821a64dcb19c	X	154295951	155952689	614	-0.0088
91eaf104-6ca8-4bba-a3a8-821a64dcb19c	Y	2782397	6075631	719	-2.6437
91eaf104-6ca8-4bba-a3a8-821a64dcb19c	Y	6076562	23586854	5726	-3.0522
91eaf104-6ca8-4bba-a3a8-821a64dcb19c	Y	23784615	56872112	192	-2.731
