GDC_Aliquot	Chromosome	Start	End	Num_Probes	Segment_Mean
d161b26c-7bf8-46fb-9365-ea92ce4b36b4	1	62920	9266599	4660	-0.0191
d161b26c-7bf8-46fb-9365-ea92ce4b36b4	1	9267354	9327300	44	0.5474
d161b26c-7bf8-46fb-9365-ea92ce4b36b4	1	9327385	16785682	3989	-0.0209
d161b26c-7bf8-46fb-9365-ea92ce4b36b4	1	16787932	16934768	53	-0.5592
d161b26c-7bf8-46fb-9365-ea92ce4b36b4	1	16935200	25256850	5268	-0.0123
d161b26c-7bf8-46fb-9365-ea92ce4b36b4	1	25266637	25320455	24	0.6039
d161b26c-7bf8-46fb-9365-ea92ce4b36b4	1	25336819	34626037	4946	-0.0181
d161b26c-7bf8-46fb-9365-ea92ce4b36b4	1	34626073	34638890	21	-0.6655
d161b26c-7bf8-46fb-9365-ea92ce4b36b4	1	34648667	72302815	23755	-0.0139
d161b26c-7bf8-46fb-9365-ea92ce4b36b4	1	72303233	72345465	46	-1.0967
d161b26c-7bf8-46fb-9365-ea92ce4b36b4	1	72346221	75585159	1928	-0.0051
d161b26c-7bf8-46fb-9365-ea92ce4b36b4	1	75589078	75589169	2	-2.6616
d161b26c-7bf8-46fb-9365-ea92ce4b36b4	1	75593824	101305158	16664	-0.0114
d161b26c-7bf8-46fb-9365-ea92ce4b36b4	1	101305302	101305642	2	-1.4922
d161b26c-7bf8-46fb-9365-ea92ce4b36b4	1	101305749	103560608	1391	-0.0035
d161b26c-7bf8-46fb-9365-ea92ce4b36b4	1	103566616	103616762	27	0.3955
d161b26c-7bf8-46fb-9365-ea92ce4b36b4	1	103620877	109679105	3574	-0.0071
d161b26c-7bf8-46fb-9365-ea92ce4b36b4	1	109684695	109697556	15	-0.7741
d161b26c-7bf8-46fb-9365-ea92ce4b36b4	1	109702376	112153465	1952	0.0128
d161b26c-7bf8-46fb-9365-ea92ce4b36b4	1	112153571	112154768	23	0.46
d161b26c-7bf8-46fb-9365-ea92ce4b36b4	1	112163334	120414592	5064	-0.012
d161b26c-7bf8-46fb-9365-ea92ce4b36b4	1	120885464	120954128	3	1.1372
d161b26c-7bf8-46fb-9365-ea92ce4b36b4	1	120954165	152787202	2737	0.0074
d161b26c-7bf8-46fb-9365-ea92ce4b36b4	1	152789447	152801429	38	-0.369
d161b26c-7bf8-46fb-9365-ea92ce4b36b4	1	152804279	158896783	3611	-0.0219
d161b26c-7bf8-46fb-9365-ea92ce4b36b4	1	158898711	158899969	2	2.3861
d161b26c-7bf8-46fb-9365-ea92ce4b36b4	1	158905028	193186662	23433	-0.0111
d161b26c-7bf8-46fb-9365-ea92ce4b36b4	1	193187149	193187187	2	1.8569
d161b26c-7bf8-46fb-9365-ea92ce4b36b4	1	193187202	196762956	2399	-0.0086
d161b26c-7bf8-46fb-9365-ea92ce4b36b4	1	196769493	196788990	31	-0.4855
d161b26c-7bf8-46fb-9365-ea92ce4b36b4	1	196789019	209897717	8812	-0.0135
d161b26c-7bf8-46fb-9365-ea92ce4b36b4	1	209908268	209910639	3	-1.6848
d161b26c-7bf8-46fb-9365-ea92ce4b36b4	1	209913207	223471064	9346	-0.0172
d161b26c-7bf8-46fb-9365-ea92ce4b36b4	1	223471097	223471914	3	-1.5336
d161b26c-7bf8-46fb-9365-ea92ce4b36b4	1	223472019	223652915	91	0.0609
d161b26c-7bf8-46fb-9365-ea92ce4b36b4	1	223652928	247654789	16858	-0.01
d161b26c-7bf8-46fb-9365-ea92ce4b36b4	1	247656685	248585893	533	0.0695
d161b26c-7bf8-46fb-9365-ea92ce4b36b4	1	248585918	248626987	27	-0.4484
d161b26c-7bf8-46fb-9365-ea92ce4b36b4	1	248631163	248930189	145	0.0447
d161b26c-7bf8-46fb-9365-ea92ce4b36b4	2	12784	37827480	26634	-0.0085
d161b26c-7bf8-46fb-9365-ea92ce4b36b4	2	37827591	37828000	3	-1.2188
d161b26c-7bf8-46fb-9365-ea92ce4b36b4	2	37828401	52527330	10479	0.0003
d161b26c-7bf8-46fb-9365-ea92ce4b36b4	2	52527342	52554404	39	0.4447
d161b26c-7bf8-46fb-9365-ea92ce4b36b4	2	52560811	86710564	21895	-0.0035
d161b26c-7bf8-46fb-9365-ea92ce4b36b4	2	86725947	86726731	2	-1.3795
d161b26c-7bf8-46fb-9365-ea92ce4b36b4	2	86743283	87225631	111	-0.0079
d161b26c-7bf8-46fb-9365-ea92ce4b36b4	2	87228594	87321424	28	-0.4151
d161b26c-7bf8-46fb-9365-ea92ce4b36b4	2	87321927	97359885	1789	-0.0028
d161b26c-7bf8-46fb-9365-ea92ce4b36b4	2	97524284	97545247	8	-0.9615
d161b26c-7bf8-46fb-9365-ea92ce4b36b4	2	97545726	146106875	29390	-0.0061
d161b26c-7bf8-46fb-9365-ea92ce4b36b4	2	146106889	146109366	21	1.0029
d161b26c-7bf8-46fb-9365-ea92ce4b36b4	2	146120238	242147305	59041	-0.0097
d161b26c-7bf8-46fb-9365-ea92ce4b36b4	3	20930	2680455	2297	0.0493
d161b26c-7bf8-46fb-9365-ea92ce4b36b4	3	2680636	75519398	50415	-0.0015
d161b26c-7bf8-46fb-9365-ea92ce4b36b4	3	75523398	75537654	6	-1.9247
d161b26c-7bf8-46fb-9365-ea92ce4b36b4	3	75546030	99218940	10964	0.0028
d161b26c-7bf8-46fb-9365-ea92ce4b36b4	3	99225614	99230577	38	-0.4167
d161b26c-7bf8-46fb-9365-ea92ce4b36b4	3	99232120	130067531	18711	-0.008
d161b26c-7bf8-46fb-9365-ea92ce4b36b4	3	130067896	130087393	29	0.7119
d161b26c-7bf8-46fb-9365-ea92ce4b36b4	3	130088081	143566923	8363	-0.0029
d161b26c-7bf8-46fb-9365-ea92ce4b36b4	3	143566958	143567132	4	1.2295
d161b26c-7bf8-46fb-9365-ea92ce4b36b4	3	143567959	144447030	536	-0.0157
d161b26c-7bf8-46fb-9365-ea92ce4b36b4	3	144450541	144458994	5	-0.5835
d161b26c-7bf8-46fb-9365-ea92ce4b36b4	3	144459490	146658754	1479	0.0014
d161b26c-7bf8-46fb-9365-ea92ce4b36b4	3	146660742	147299009	346	0.1132
d161b26c-7bf8-46fb-9365-ea92ce4b36b4	3	147299199	162405578	9259	-0.002
d161b26c-7bf8-46fb-9365-ea92ce4b36b4	3	162419812	162424917	14	0.4831
d161b26c-7bf8-46fb-9365-ea92ce4b36b4	3	162426460	162729472	210	0.0112
d161b26c-7bf8-46fb-9365-ea92ce4b36b4	3	162729842	162730030	3	-0.7063
d161b26c-7bf8-46fb-9365-ea92ce4b36b4	3	162740551	162822702	66	0.0447
d161b26c-7bf8-46fb-9365-ea92ce4b36b4	3	162827928	162908784	49	-0.3121
d161b26c-7bf8-46fb-9365-ea92ce4b36b4	3	162908815	167442492	2528	0.0299
d161b26c-7bf8-46fb-9365-ea92ce4b36b4	3	167442503	173342366	3687	-0.0157
d161b26c-7bf8-46fb-9365-ea92ce4b36b4	3	173343572	173893329	394	0.084
d161b26c-7bf8-46fb-9365-ea92ce4b36b4	3	173896330	175378757	1065	-0.0041
d161b26c-7bf8-46fb-9365-ea92ce4b36b4	3	175379493	176236324	540	0.097
d161b26c-7bf8-46fb-9365-ea92ce4b36b4	3	176236398	193133056	10913	-0.0063
d161b26c-7bf8-46fb-9365-ea92ce4b36b4	3	193133076	193133115	2	-1.9662
d161b26c-7bf8-46fb-9365-ea92ce4b36b4	3	193133574	194809074	1124	-0.006
d161b26c-7bf8-46fb-9365-ea92ce4b36b4	3	194809615	194809712	2	-1.4452
d161b26c-7bf8-46fb-9365-ea92ce4b36b4	3	194811713	195656271	404	-0.0065
d161b26c-7bf8-46fb-9365-ea92ce4b36b4	3	195663809	195729177	32	0.4655
d161b26c-7bf8-46fb-9365-ea92ce4b36b4	3	195730018	198142659	1173	0.0208
d161b26c-7bf8-46fb-9365-ea92ce4b36b4	3	198169114	198169247	4	-1.0314
d161b26c-7bf8-46fb-9365-ea92ce4b36b4	4	68929	34777432	22694	-0.0055
d161b26c-7bf8-46fb-9365-ea92ce4b36b4	4	34784878	34823103	38	-2.0295
d161b26c-7bf8-46fb-9365-ea92ce4b36b4	4	34828250	52872244	9556	0.0018
d161b26c-7bf8-46fb-9365-ea92ce4b36b4	4	52872349	52872357	2	-2.8826
d161b26c-7bf8-46fb-9365-ea92ce4b36b4	4	52873095	57183027	2965	-0.0017
d161b26c-7bf8-46fb-9365-ea92ce4b36b4	4	57185482	57234405	40	0.5744
d161b26c-7bf8-46fb-9365-ea92ce4b36b4	4	57236258	57917762	578	-0.0105
d161b26c-7bf8-46fb-9365-ea92ce4b36b4	4	57917966	57924340	2	-1.3021
d161b26c-7bf8-46fb-9365-ea92ce4b36b4	4	57925016	62802116	2846	0.0032
d161b26c-7bf8-46fb-9365-ea92ce4b36b4	4	62804218	62805944	8	-1.8189
d161b26c-7bf8-46fb-9365-ea92ce4b36b4	4	62813912	114252544	31205	-0.0085
d161b26c-7bf8-46fb-9365-ea92ce4b36b4	4	114254167	114261019	23	-1.3218
d161b26c-7bf8-46fb-9365-ea92ce4b36b4	4	114263073	160952848	27952	-0.0061
d161b26c-7bf8-46fb-9365-ea92ce4b36b4	4	160958866	160964013	29	0.4099
d161b26c-7bf8-46fb-9365-ea92ce4b36b4	4	160964026	171448195	6654	-0.0017
d161b26c-7bf8-46fb-9365-ea92ce4b36b4	4	171453733	171456293	8	1.3177
d161b26c-7bf8-46fb-9365-ea92ce4b36b4	4	171456307	172066777	400	-0.007
d161b26c-7bf8-46fb-9365-ea92ce4b36b4	4	172067997	172068382	12	0.758
d161b26c-7bf8-46fb-9365-ea92ce4b36b4	4	172074828	172491840	222	0.0199
d161b26c-7bf8-46fb-9365-ea92ce4b36b4	4	172492746	172507320	13	0.4536
d161b26c-7bf8-46fb-9365-ea92ce4b36b4	4	172507437	172507492	2	1.8119
d161b26c-7bf8-46fb-9365-ea92ce4b36b4	4	172519981	188300104	10689	0.0026
d161b26c-7bf8-46fb-9365-ea92ce4b36b4	4	188300206	188300221	2	-1.549
d161b26c-7bf8-46fb-9365-ea92ce4b36b4	4	188300270	190106768	1142	0.0578
d161b26c-7bf8-46fb-9365-ea92ce4b36b4	5	15532	685633	306	0.0149
d161b26c-7bf8-46fb-9365-ea92ce4b36b4	5	698256	779766	28	0.7058
d161b26c-7bf8-46fb-9365-ea92ce4b36b4	5	800724	27524345	18901	-0.0019
d161b26c-7bf8-46fb-9365-ea92ce4b36b4	5	27525283	27525407	2	-2.147
d161b26c-7bf8-46fb-9365-ea92ce4b36b4	5	27525800	45396905	11139	-0.0118
d161b26c-7bf8-46fb-9365-ea92ce4b36b4	5	45398951	46191782	257	0.1033
d161b26c-7bf8-46fb-9365-ea92ce4b36b4	5	46195781	46199333	4	-1.0856
d161b26c-7bf8-46fb-9365-ea92ce4b36b4	5	46209197	46251204	13	0.1791
d161b26c-7bf8-46fb-9365-ea92ce4b36b4	5	46270906	46273400	8	0.9815
d161b26c-7bf8-46fb-9365-ea92ce4b36b4	5	46278110	67067680	10836	-0.0085
d161b26c-7bf8-46fb-9365-ea92ce4b36b4	5	67067873	67069397	4	-1.8319
d161b26c-7bf8-46fb-9365-ea92ce4b36b4	5	67071346	97707329	17174	-0.012
d161b26c-7bf8-46fb-9365-ea92ce4b36b4	5	97707887	97837936	82	0.1815
d161b26c-7bf8-46fb-9365-ea92ce4b36b4	5	97840413	99167137	755	-0.0343
d161b26c-7bf8-46fb-9365-ea92ce4b36b4	5	99173252	101900648	1624	0.049
d161b26c-7bf8-46fb-9365-ea92ce4b36b4	5	101901356	118050922	10846	-0.0032
d161b26c-7bf8-46fb-9365-ea92ce4b36b4	5	118052727	118053390	11	-0.718
d161b26c-7bf8-46fb-9365-ea92ce4b36b4	5	118068645	121073343	1955	-0.0055
d161b26c-7bf8-46fb-9365-ea92ce4b36b4	5	121073464	121101606	13	0.5101
d161b26c-7bf8-46fb-9365-ea92ce4b36b4	5	121105980	156048095	22066	-0.0117
d161b26c-7bf8-46fb-9365-ea92ce4b36b4	5	156049762	156055719	14	-0.733
d161b26c-7bf8-46fb-9365-ea92ce4b36b4	5	156068240	180947523	16591	-0.0123
d161b26c-7bf8-46fb-9365-ea92ce4b36b4	5	180951710	180991103	19	-1.7383
d161b26c-7bf8-46fb-9365-ea92ce4b36b4	5	181006225	181363319	170	-0.0104
d161b26c-7bf8-46fb-9365-ea92ce4b36b4	6	149661	254283	101	-0.064
d161b26c-7bf8-46fb-9365-ea92ce4b36b4	6	257353	294837	23	0.4837
d161b26c-7bf8-46fb-9365-ea92ce4b36b4	6	302306	730701	360	-0.0367
d161b26c-7bf8-46fb-9365-ea92ce4b36b4	6	731918	1021993	288	0.0993
d161b26c-7bf8-46fb-9365-ea92ce4b36b4	6	1022028	2604411	1246	-0.0172
d161b26c-7bf8-46fb-9365-ea92ce4b36b4	6	2604486	2604964	2	-2.3576
d161b26c-7bf8-46fb-9365-ea92ce4b36b4	6	2608562	26743855	18201	-0.0124
d161b26c-7bf8-46fb-9365-ea92ce4b36b4	6	26747492	26759781	5	-1.128
d161b26c-7bf8-46fb-9365-ea92ce4b36b4	6	26831719	31313046	2091	-0.0238
d161b26c-7bf8-46fb-9365-ea92ce4b36b4	6	31318499	31319724	6	0.9691
d161b26c-7bf8-46fb-9365-ea92ce4b36b4	6	31327629	32463515	502	-0.0406
d161b26c-7bf8-46fb-9365-ea92ce4b36b4	6	32463775	32602588	34	1.721
d161b26c-7bf8-46fb-9365-ea92ce4b36b4	6	32605994	32658841	32	0.5142
d161b26c-7bf8-46fb-9365-ea92ce4b36b4	6	32682835	32718419	36	0.0323
d161b26c-7bf8-46fb-9365-ea92ce4b36b4	6	32720838	32723053	11	0.7077
d161b26c-7bf8-46fb-9365-ea92ce4b36b4	6	32732907	33970222	754	-0.0035
d161b26c-7bf8-46fb-9365-ea92ce4b36b4	6	33970966	33976809	8	-0.6949
d161b26c-7bf8-46fb-9365-ea92ce4b36b4	6	33976846	48963228	9577	-0.0149
d161b26c-7bf8-46fb-9365-ea92ce4b36b4	6	48964092	48978926	6	-0.7733
d161b26c-7bf8-46fb-9365-ea92ce4b36b4	6	48979553	57277368	5249	-0.0182
d161b26c-7bf8-46fb-9365-ea92ce4b36b4	6	57281464	61784652	794	0.0676
d161b26c-7bf8-46fb-9365-ea92ce4b36b4	6	61785958	65689589	2195	0.0084
d161b26c-7bf8-46fb-9365-ea92ce4b36b4	6	65689644	65693959	22	-0.6017
d161b26c-7bf8-46fb-9365-ea92ce4b36b4	6	65697234	68868848	2231	-0.0001
d161b26c-7bf8-46fb-9365-ea92ce4b36b4	6	68878704	68881988	7	-0.9949
d161b26c-7bf8-46fb-9365-ea92ce4b36b4	6	68884234	73882142	3198	-0.0043
d161b26c-7bf8-46fb-9365-ea92ce4b36b4	6	73882509	73891694	10	0.9081
d161b26c-7bf8-46fb-9365-ea92ce4b36b4	6	73893839	78253172	2765	-0.0043
d161b26c-7bf8-46fb-9365-ea92ce4b36b4	6	78259348	78325468	113	-0.4289
d161b26c-7bf8-46fb-9365-ea92ce4b36b4	6	78329517	93757988	9887	-0.0067
d161b26c-7bf8-46fb-9365-ea92ce4b36b4	6	93758123	94953011	783	0.0689
d161b26c-7bf8-46fb-9365-ea92ce4b36b4	6	94953395	103286954	4791	-0.0012
d161b26c-7bf8-46fb-9365-ea92ce4b36b4	6	103290101	103314186	46	-1.1935
d161b26c-7bf8-46fb-9365-ea92ce4b36b4	6	103317795	170741917	44149	-0.0134
d161b26c-7bf8-46fb-9365-ea92ce4b36b4	7	43355	8167226	4535	0.2727
d161b26c-7bf8-46fb-9365-ea92ce4b36b4	7	8167877	10584914	1959	0.3369
d161b26c-7bf8-46fb-9365-ea92ce4b36b4	7	10586865	18872334	6636	0.2888
d161b26c-7bf8-46fb-9365-ea92ce4b36b4	7	18873267	19475700	715	0.3907
d161b26c-7bf8-46fb-9365-ea92ce4b36b4	7	19475793	56693807	26193	0.2745
d161b26c-7bf8-46fb-9365-ea92ce4b36b4	7	56694420	56701121	3	-2.1338
d161b26c-7bf8-46fb-9365-ea92ce4b36b4	7	56704473	88548580	14323	0.2779
d161b26c-7bf8-46fb-9365-ea92ce4b36b4	7	88548621	90195076	1106	0.3815
d161b26c-7bf8-46fb-9365-ea92ce4b36b4	7	90195163	126405502	21501	0.2768
d161b26c-7bf8-46fb-9365-ea92ce4b36b4	7	126405597	126406822	11	1.6993
d161b26c-7bf8-46fb-9365-ea92ce4b36b4	7	126406823	134100424	4697	0.2668
d161b26c-7bf8-46fb-9365-ea92ce4b36b4	7	134100442	134110881	23	-1.7819
d161b26c-7bf8-46fb-9365-ea92ce4b36b4	7	134110912	134114444	11	-0.5666
d161b26c-7bf8-46fb-9365-ea92ce4b36b4	7	134121491	142060194	5187	0.2742
d161b26c-7bf8-46fb-9365-ea92ce4b36b4	7	142061030	142087441	22	0.8615
d161b26c-7bf8-46fb-9365-ea92ce4b36b4	7	142087473	147041395	2898	0.2952
d161b26c-7bf8-46fb-9365-ea92ce4b36b4	7	147041663	147049223	9	-0.4655
d161b26c-7bf8-46fb-9365-ea92ce4b36b4	7	147049952	150575278	2150	0.2723
d161b26c-7bf8-46fb-9365-ea92ce4b36b4	7	150581287	150581426	2	-1.101
d161b26c-7bf8-46fb-9365-ea92ce4b36b4	7	150583184	153450553	1723	0.2695
d161b26c-7bf8-46fb-9365-ea92ce4b36b4	7	153450560	153450627	2	-2.5751
d161b26c-7bf8-46fb-9365-ea92ce4b36b4	7	153450630	154598185	852	0.2938
d161b26c-7bf8-46fb-9365-ea92ce4b36b4	7	154601461	154607903	4	1.5684
d161b26c-7bf8-46fb-9365-ea92ce4b36b4	7	154609120	159334314	3235	0.2605
d161b26c-7bf8-46fb-9365-ea92ce4b36b4	8	81254	644973	324	-0.0268
d161b26c-7bf8-46fb-9365-ea92ce4b36b4	8	645220	645908	8	1.0039
d161b26c-7bf8-46fb-9365-ea92ce4b36b4	8	656117	2132302	1143	-0.0118
d161b26c-7bf8-46fb-9365-ea92ce4b36b4	8	2132407	2134890	18	-1.0947
d161b26c-7bf8-46fb-9365-ea92ce4b36b4	8	2137191	4187839	2291	0.0109
d161b26c-7bf8-46fb-9365-ea92ce4b36b4	8	4187943	4188084	2	-1.6003
d161b26c-7bf8-46fb-9365-ea92ce4b36b4	8	4188167	7368781	3961	0.0254
d161b26c-7bf8-46fb-9365-ea92ce4b36b4	8	7368914	7930192	32	-0.6375
d161b26c-7bf8-46fb-9365-ea92ce4b36b4	8	7941868	76489927	44064	-0.0049
d161b26c-7bf8-46fb-9365-ea92ce4b36b4	8	76494311	76499460	7	-1.0496
d161b26c-7bf8-46fb-9365-ea92ce4b36b4	8	76501408	102980362	15705	-0.0056
d161b26c-7bf8-46fb-9365-ea92ce4b36b4	8	102982683	102985207	3	-2.2518
d161b26c-7bf8-46fb-9365-ea92ce4b36b4	8	102986318	111279265	4985	-0.0108
d161b26c-7bf8-46fb-9365-ea92ce4b36b4	8	111282050	111283031	10	-0.9924
d161b26c-7bf8-46fb-9365-ea92ce4b36b4	8	111288052	140453473	20844	-0.0119
d161b26c-7bf8-46fb-9365-ea92ce4b36b4	8	140453804	140454006	2	-1.6966
d161b26c-7bf8-46fb-9365-ea92ce4b36b4	8	140455883	141239137	441	0.0175
d161b26c-7bf8-46fb-9365-ea92ce4b36b4	8	141240852	141241454	2	-2.7955
d161b26c-7bf8-46fb-9365-ea92ce4b36b4	8	141243382	145072769	1615	-0.0364
d161b26c-7bf8-46fb-9365-ea92ce4b36b4	9	46587	602903	508	0.0061
d161b26c-7bf8-46fb-9365-ea92ce4b36b4	9	606699	606893	3	-2.1709
d161b26c-7bf8-46fb-9365-ea92ce4b36b4	9	606961	6053089	5414	-0.0024
d161b26c-7bf8-46fb-9365-ea92ce4b36b4	9	6053098	10404138	4037	0.0222
d161b26c-7bf8-46fb-9365-ea92ce4b36b4	9	10404986	10408395	4	-0.9433
d161b26c-7bf8-46fb-9365-ea92ce4b36b4	9	10408553	13364331	2281	0.0486
d161b26c-7bf8-46fb-9365-ea92ce4b36b4	9	13364419	22481754	7576	-0.0131
d161b26c-7bf8-46fb-9365-ea92ce4b36b4	9	22484017	22502700	13	0.5035
d161b26c-7bf8-46fb-9365-ea92ce4b36b4	9	22509341	22920821	289	-0.0231
d161b26c-7bf8-46fb-9365-ea92ce4b36b4	9	22924983	22925245	3	-1.145
d161b26c-7bf8-46fb-9365-ea92ce4b36b4	9	22929989	23361807	288	-0.001
d161b26c-7bf8-46fb-9365-ea92ce4b36b4	9	23363117	23372401	7	0.8777
d161b26c-7bf8-46fb-9365-ea92ce4b36b4	9	23373486	39588611	10747	0.0019
d161b26c-7bf8-46fb-9365-ea92ce4b36b4	9	39747848	41644133	94	-0.2813
d161b26c-7bf8-46fb-9365-ea92ce4b36b4	9	41644288	41741113	11	-0.0352
d161b26c-7bf8-46fb-9365-ea92ce4b36b4	9	42014203	42211663	23	0.4856
d161b26c-7bf8-46fb-9365-ea92ce4b36b4	9	42230926	42585140	16	0.0388
d161b26c-7bf8-46fb-9365-ea92ce4b36b4	9	42697878	42726239	12	-0.8405
d161b26c-7bf8-46fb-9365-ea92ce4b36b4	9	42727685	64603195	181	-0.0362
d161b26c-7bf8-46fb-9365-ea92ce4b36b4	9	64603210	66170759	28	-0.4271
d161b26c-7bf8-46fb-9365-ea92ce4b36b4	9	66189025	87899200	14235	-0.0174
d161b26c-7bf8-46fb-9365-ea92ce4b36b4	9	87907679	87939304	3	-1.4925
d161b26c-7bf8-46fb-9365-ea92ce4b36b4	9	87943042	113046537	17699	-0.0067
d161b26c-7bf8-46fb-9365-ea92ce4b36b4	9	113050104	113058286	8	-1.099
d161b26c-7bf8-46fb-9365-ea92ce4b36b4	9	113092071	131383392	12347	-0.0086
d161b26c-7bf8-46fb-9365-ea92ce4b36b4	9	131385539	131390317	5	-0.9131
d161b26c-7bf8-46fb-9365-ea92ce4b36b4	9	131396628	138200944	3622	-0.0072
d161b26c-7bf8-46fb-9365-ea92ce4b36b4	10	45792	21412806	17636	-0.0174
d161b26c-7bf8-46fb-9365-ea92ce4b36b4	10	21416316	21422275	6	-0.9908
d161b26c-7bf8-46fb-9365-ea92ce4b36b4	10	21426879	24088745	1544	-0.0214
d161b26c-7bf8-46fb-9365-ea92ce4b36b4	10	24088746	24089125	10	-1.8716
d161b26c-7bf8-46fb-9365-ea92ce4b36b4	10	24089979	46217974	12312	-0.0146
d161b26c-7bf8-46fb-9365-ea92ce4b36b4	10	46221032	46606240	189	-0.1648
d161b26c-7bf8-46fb-9365-ea92ce4b36b4	10	46617422	46804606	13	0.6865
d161b26c-7bf8-46fb-9365-ea92ce4b36b4	10	46810571	55156877	5466	-0.0105
d161b26c-7bf8-46fb-9365-ea92ce4b36b4	10	55156996	56236623	754	0.0579
d161b26c-7bf8-46fb-9365-ea92ce4b36b4	10	56236647	65548193	6464	-0.0198
d161b26c-7bf8-46fb-9365-ea92ce4b36b4	10	65548259	65554688	25	-0.4339
d161b26c-7bf8-46fb-9365-ea92ce4b36b4	10	65563037	133654968	46195	-0.016
d161b26c-7bf8-46fb-9365-ea92ce4b36b4	11	198510	4946021	2408	-0.0189
d161b26c-7bf8-46fb-9365-ea92ce4b36b4	11	4946166	4954475	30	0.8295
d161b26c-7bf8-46fb-9365-ea92ce4b36b4	11	4955027	5757293	776	-0.0066
d161b26c-7bf8-46fb-9365-ea92ce4b36b4	11	5761695	5795055	47	0.326
d161b26c-7bf8-46fb-9365-ea92ce4b36b4	11	5797091	6083601	232	-0.0005
d161b26c-7bf8-46fb-9365-ea92ce4b36b4	11	6086560	6100864	9	0.644
d161b26c-7bf8-46fb-9365-ea92ce4b36b4	11	6101273	18919323	9159	-0.018
d161b26c-7bf8-46fb-9365-ea92ce4b36b4	11	18927525	18939631	35	-3.4621
d161b26c-7bf8-46fb-9365-ea92ce4b36b4	11	18939734	18940441	10	-1.1463
d161b26c-7bf8-46fb-9365-ea92ce4b36b4	11	18940469	36948644	13308	-0.01
d161b26c-7bf8-46fb-9365-ea92ce4b36b4	11	36953177	37646064	465	0.0978
d161b26c-7bf8-46fb-9365-ea92ce4b36b4	11	37646484	55609186	7990	-0.0014
d161b26c-7bf8-46fb-9365-ea92ce4b36b4	11	55609201	55685533	46	-0.4142
d161b26c-7bf8-46fb-9365-ea92ce4b36b4	11	55686100	56345471	449	0.0914
d161b26c-7bf8-46fb-9365-ea92ce4b36b4	11	56346099	91239010	20232	-0.0158
d161b26c-7bf8-46fb-9365-ea92ce4b36b4	11	91240605	91240681	2	-2.5595
d161b26c-7bf8-46fb-9365-ea92ce4b36b4	11	91241618	124901635	23804	-0.013
d161b26c-7bf8-46fb-9365-ea92ce4b36b4	11	124906091	124906888	2	-1.9627
d161b26c-7bf8-46fb-9365-ea92ce4b36b4	11	124907522	135074876	7760	-0.0088
d161b26c-7bf8-46fb-9365-ea92ce4b36b4	12	51460	756804	415	0.2441
d161b26c-7bf8-46fb-9365-ea92ce4b36b4	12	759943	764863	18	-0.6273
d161b26c-7bf8-46fb-9365-ea92ce4b36b4	12	766188	9481274	5737	0.263
d161b26c-7bf8-46fb-9365-ea92ce4b36b4	12	9485313	9575696	23	-1.4267
d161b26c-7bf8-46fb-9365-ea92ce4b36b4	12	9582373	11064250	1036	0.2832
d161b26c-7bf8-46fb-9365-ea92ce4b36b4	12	11066824	11088933	11	1.088
d161b26c-7bf8-46fb-9365-ea92ce4b36b4	12	11099275	33141726	15533	0.2734
d161b26c-7bf8-46fb-9365-ea92ce4b36b4	12	33148472	33154440	27	-2.852
d161b26c-7bf8-46fb-9365-ea92ce4b36b4	12	33155426	39094246	1491	0.3322
d161b26c-7bf8-46fb-9365-ea92ce4b36b4	12	39094579	86487001	29278	0.2665
d161b26c-7bf8-46fb-9365-ea92ce4b36b4	12	86488051	86488178	2	-2.2575
d161b26c-7bf8-46fb-9365-ea92ce4b36b4	12	86496238	108407909	14703	0.266
d161b26c-7bf8-46fb-9365-ea92ce4b36b4	12	108407930	108409978	11	-0.5049
d161b26c-7bf8-46fb-9365-ea92ce4b36b4	12	108410417	125031286	10246	0.2514
d161b26c-7bf8-46fb-9365-ea92ce4b36b4	12	125034556	125044073	6	-1.096
d161b26c-7bf8-46fb-9365-ea92ce4b36b4	12	125048241	133201603	6268	0.2647
d161b26c-7bf8-46fb-9365-ea92ce4b36b4	13	18452809	37497899	13473	-0.0084
d161b26c-7bf8-46fb-9365-ea92ce4b36b4	13	37498087	37510620	15	-0.6659
d161b26c-7bf8-46fb-9365-ea92ce4b36b4	13	37514193	57184136	12519	-0.0045
d161b26c-7bf8-46fb-9365-ea92ce4b36b4	13	57184155	57428308	170	0.1562
d161b26c-7bf8-46fb-9365-ea92ce4b36b4	13	57429432	63650072	3662	-0.0026
d161b26c-7bf8-46fb-9365-ea92ce4b36b4	13	63650659	63662559	9	-0.9871
d161b26c-7bf8-46fb-9365-ea92ce4b36b4	13	63665430	63788718	70	0.0196
d161b26c-7bf8-46fb-9365-ea92ce4b36b4	13	63788749	64273974	278	0.1515
d161b26c-7bf8-46fb-9365-ea92ce4b36b4	13	64274950	64291423	16	-0.2196
d161b26c-7bf8-46fb-9365-ea92ce4b36b4	13	64297737	64363350	41	0.2048
d161b26c-7bf8-46fb-9365-ea92ce4b36b4	13	64372045	68668030	2670	0.0076
d161b26c-7bf8-46fb-9365-ea92ce4b36b4	13	68668047	68675349	9	-0.6097
d161b26c-7bf8-46fb-9365-ea92ce4b36b4	13	68676647	68676903	5	0.0688
d161b26c-7bf8-46fb-9365-ea92ce4b36b4	13	68677373	68694110	26	-0.7571
d161b26c-7bf8-46fb-9365-ea92ce4b36b4	13	68694987	71902850	2063	-0.0179
d161b26c-7bf8-46fb-9365-ea92ce4b36b4	13	71903417	71906418	4	-2.3787
d161b26c-7bf8-46fb-9365-ea92ce4b36b4	13	71906467	114342922	29065	-0.0097
d161b26c-7bf8-46fb-9365-ea92ce4b36b4	14	18239283	19140829	36	0.1818
d161b26c-7bf8-46fb-9365-ea92ce4b36b4	14	19143599	19955213	131	-0.3435
d161b26c-7bf8-46fb-9365-ea92ce4b36b4	14	19956767	22463492	1788	0.0164
d161b26c-7bf8-46fb-9365-ea92ce4b36b4	14	22464970	22468664	5	-1.0484
d161b26c-7bf8-46fb-9365-ea92ce4b36b4	14	22469219	39770168	10878	-0.0087
d161b26c-7bf8-46fb-9365-ea92ce4b36b4	14	39770626	46413561	3956	0.0297
d161b26c-7bf8-46fb-9365-ea92ce4b36b4	14	46413674	106321086	38299	-0.0101
d161b26c-7bf8-46fb-9365-ea92ce4b36b4	14	106340102	106360014	8	-0.8532
d161b26c-7bf8-46fb-9365-ea92ce4b36b4	14	106362628	106418444	30	-0.0423
d161b26c-7bf8-46fb-9365-ea92ce4b36b4	14	106423925	106462183	48	-0.4464
d161b26c-7bf8-46fb-9365-ea92ce4b36b4	14	106462724	106877229	195	0.0416
d161b26c-7bf8-46fb-9365-ea92ce4b36b4	15	19811075	20235285	63	0.0239
d161b26c-7bf8-46fb-9365-ea92ce4b36b4	15	20240885	20376311	32	-0.7464
d161b26c-7bf8-46fb-9365-ea92ce4b36b4	15	20380735	20381659	8	-0.157
d161b26c-7bf8-46fb-9365-ea92ce4b36b4	15	20381689	20401445	15	-0.6579
d161b26c-7bf8-46fb-9365-ea92ce4b36b4	15	20402240	21018354	40	-0.1805
d161b26c-7bf8-46fb-9365-ea92ce4b36b4	15	21053458	22395047	50	-0.6345
d161b26c-7bf8-46fb-9365-ea92ce4b36b4	15	22413894	24429986	993	0.0275
d161b26c-7bf8-46fb-9365-ea92ce4b36b4	15	24435245	24473449	31	-0.6222
d161b26c-7bf8-46fb-9365-ea92ce4b36b4	15	24480146	26315045	1331	0.0011
d161b26c-7bf8-46fb-9365-ea92ce4b36b4	15	26317005	26318009	2	-3.5014
d161b26c-7bf8-46fb-9365-ea92ce4b36b4	15	26318441	101530416	48742	-0.0095
d161b26c-7bf8-46fb-9365-ea92ce4b36b4	15	101537572	101545397	2	-1.933
d161b26c-7bf8-46fb-9365-ea92ce4b36b4	15	101545571	101928837	216	-0.0266
d161b26c-7bf8-46fb-9365-ea92ce4b36b4	16	10777	16539504	11757	-0.0107
d161b26c-7bf8-46fb-9365-ea92ce4b36b4	16	16539715	16541191	2	-2.108
d161b26c-7bf8-46fb-9365-ea92ce4b36b4	16	16541758	90096867	40082	-0.0072
d161b26c-7bf8-46fb-9365-ea92ce4b36b4	17	150733	8339592	4529	-0.0192
d161b26c-7bf8-46fb-9365-ea92ce4b36b4	17	8344229	8344415	2	-2.1057
d161b26c-7bf8-46fb-9365-ea92ce4b36b4	17	8346140	41047659	16133	-0.0117
d161b26c-7bf8-46fb-9365-ea92ce4b36b4	17	41053891	41065060	12	-0.9679
d161b26c-7bf8-46fb-9365-ea92ce4b36b4	17	41065355	41265456	117	-0.0055
d161b26c-7bf8-46fb-9365-ea92ce4b36b4	17	41266762	41274279	24	1.9852
d161b26c-7bf8-46fb-9365-ea92ce4b36b4	17	41276472	46135062	2533	-0.0181
d161b26c-7bf8-46fb-9365-ea92ce4b36b4	17	46135838	46215389	72	-0.4497
d161b26c-7bf8-46fb-9365-ea92ce4b36b4	17	46218468	83091923	21576	-0.0139
d161b26c-7bf8-46fb-9365-ea92ce4b36b4	18	48133	14021362	9972	-0.3857
d161b26c-7bf8-46fb-9365-ea92ce4b36b4	18	14021985	21009715	438	-0.2605
d161b26c-7bf8-46fb-9365-ea92ce4b36b4	18	21014721	24112322	1626	-0.4019
d161b26c-7bf8-46fb-9365-ea92ce4b36b4	18	24112918	24113928	3	-2.0205
d161b26c-7bf8-46fb-9365-ea92ce4b36b4	18	24114038	65588810	27879	-0.383
d161b26c-7bf8-46fb-9365-ea92ce4b36b4	18	65592893	66099904	386	-0.2744
d161b26c-7bf8-46fb-9365-ea92ce4b36b4	18	66100052	66100686	2	-2.6669
d161b26c-7bf8-46fb-9365-ea92ce4b36b4	18	66108359	71080886	3564	-0.3717
d161b26c-7bf8-46fb-9365-ea92ce4b36b4	18	71081227	73551298	1917	-0.3143
d161b26c-7bf8-46fb-9365-ea92ce4b36b4	18	73551445	79518250	4512	-0.4
d161b26c-7bf8-46fb-9365-ea92ce4b36b4	18	79528063	79528323	2	-2.5677
d161b26c-7bf8-46fb-9365-ea92ce4b36b4	18	79528455	80257174	373	-0.3927
d161b26c-7bf8-46fb-9365-ea92ce4b36b4	19	90910	19829788	8553	-0.0144
d161b26c-7bf8-46fb-9365-ea92ce4b36b4	19	19833113	20413400	367	0.0903
d161b26c-7bf8-46fb-9365-ea92ce4b36b4	19	20415637	20538428	69	-0.6901
d161b26c-7bf8-46fb-9365-ea92ce4b36b4	19	20538656	29413999	3589	0.0097
d161b26c-7bf8-46fb-9365-ea92ce4b36b4	19	29414173	41291194	7172	-0.0222
d161b26c-7bf8-46fb-9365-ea92ce4b36b4	19	41291646	43193181	831	0.0325
d161b26c-7bf8-46fb-9365-ea92ce4b36b4	19	43198881	43252085	22	-0.7929
d161b26c-7bf8-46fb-9365-ea92ce4b36b4	19	43262507	43572424	171	-0.018
d161b26c-7bf8-46fb-9365-ea92ce4b36b4	19	43576573	43577347	3	-1.6108
d161b26c-7bf8-46fb-9365-ea92ce4b36b4	19	43577449	53362410	5181	-0.0118
d161b26c-7bf8-46fb-9365-ea92ce4b36b4	19	53364047	53368137	2	-1.8819
d161b26c-7bf8-46fb-9365-ea92ce4b36b4	19	53373619	54801157	830	0.0287
d161b26c-7bf8-46fb-9365-ea92ce4b36b4	19	54801545	54802362	2	-1.5882
d161b26c-7bf8-46fb-9365-ea92ce4b36b4	19	54802832	57491018	1699	-0.009
d161b26c-7bf8-46fb-9365-ea92ce4b36b4	19	57491076	57491451	3	-1.2776
d161b26c-7bf8-46fb-9365-ea92ce4b36b4	19	57492505	58586487	604	-0.0172
d161b26c-7bf8-46fb-9365-ea92ce4b36b4	20	80664	1571470	1180	-0.0087
d161b26c-7bf8-46fb-9365-ea92ce4b36b4	20	1571528	1587437	32	-0.5138
d161b26c-7bf8-46fb-9365-ea92ce4b36b4	20	1590091	1601561	28	-0.1539
d161b26c-7bf8-46fb-9365-ea92ce4b36b4	20	1609611	1613203	4	1.7636
d161b26c-7bf8-46fb-9365-ea92ce4b36b4	20	1613247	64284715	41110	-0.0071
d161b26c-7bf8-46fb-9365-ea92ce4b36b4	20	64323342	64324800	5	-2.6459
d161b26c-7bf8-46fb-9365-ea92ce4b36b4	21	10354168	22278814	6300	-0.0062
d161b26c-7bf8-46fb-9365-ea92ce4b36b4	21	22283580	22292338	9	-0.757
d161b26c-7bf8-46fb-9365-ea92ce4b36b4	21	22294679	45329968	16778	-0.0115
d161b26c-7bf8-46fb-9365-ea92ce4b36b4	21	45330275	45339971	3	-1.8402
d161b26c-7bf8-46fb-9365-ea92ce4b36b4	21	45340335	46677045	766	-0.0361
d161b26c-7bf8-46fb-9365-ea92ce4b36b4	22	15294547	17014661	301	0.0298
d161b26c-7bf8-46fb-9365-ea92ce4b36b4	22	17018144	17019000	3	1.362
d161b26c-7bf8-46fb-9365-ea92ce4b36b4	22	17019146	50796027	22961	-0.0079
d161b26c-7bf8-46fb-9365-ea92ce4b36b4	X	251810	53939195	31305	0.0208
d161b26c-7bf8-46fb-9365-ea92ce4b36b4	X	53939722	53947621	4	-2.8266
d161b26c-7bf8-46fb-9365-ea92ce4b36b4	X	53947775	55000115	418	0.0422
d161b26c-7bf8-46fb-9365-ea92ce4b36b4	X	55000139	55004028	3	-2.5116
d161b26c-7bf8-46fb-9365-ea92ce4b36b4	X	55007244	79844341	9127	0.0151
d161b26c-7bf8-46fb-9365-ea92ce4b36b4	X	79846079	79849004	27	-3.5353
d161b26c-7bf8-46fb-9365-ea92ce4b36b4	X	79849126	87553590	4361	0.0146
d161b26c-7bf8-46fb-9365-ea92ce4b36b4	X	87553603	87556797	3	-3.2676
d161b26c-7bf8-46fb-9365-ea92ce4b36b4	X	87556973	105335137	9140	0.0218
d161b26c-7bf8-46fb-9365-ea92ce4b36b4	X	105335719	105339871	5	-2.4923
d161b26c-7bf8-46fb-9365-ea92ce4b36b4	X	105342655	155952689	29110	0.0157
d161b26c-7bf8-46fb-9365-ea92ce4b36b4	Y	2782397	13478396	3263	-1.6393
d161b26c-7bf8-46fb-9365-ea92ce4b36b4	Y	13478462	13491197	8	-2.5605
d161b26c-7bf8-46fb-9365-ea92ce4b36b4	Y	13492145	16717388	1579	-1.632
d161b26c-7bf8-46fb-9365-ea92ce4b36b4	Y	16719204	16727524	2	-3.1242
d161b26c-7bf8-46fb-9365-ea92ce4b36b4	Y	16728370	19978569	863	-1.6383
d161b26c-7bf8-46fb-9365-ea92ce4b36b4	Y	19980712	19988788	6	-3.1243
d161b26c-7bf8-46fb-9365-ea92ce4b36b4	Y	19996552	20013031	4	-1.739
d161b26c-7bf8-46fb-9365-ea92ce4b36b4	Y	20021128	20327471	20	-1.0292
d161b26c-7bf8-46fb-9365-ea92ce4b36b4	Y	20353082	21961640	588	-1.6114
d161b26c-7bf8-46fb-9365-ea92ce4b36b4	Y	22159306	22197200	5	0.0398
d161b26c-7bf8-46fb-9365-ea92ce4b36b4	Y	22213784	56872112	293	-1.5453
