GDC_Aliquot	Chromosome	Start	End	Num_Probes	Segment_Mean
3c9b65bf-34e0-4582-9ff7-cd83516f4323	1	62920	259422	15	0.5226
3c9b65bf-34e0-4582-9ff7-cd83516f4323	1	259926	15823420	8300	-0.1909
3c9b65bf-34e0-4582-9ff7-cd83516f4323	1	15827002	15828515	10	0.43
3c9b65bf-34e0-4582-9ff7-cd83516f4323	1	15839166	16679483	331	-0.186
3c9b65bf-34e0-4582-9ff7-cd83516f4323	1	16685961	16868660	26	0.2279
3c9b65bf-34e0-4582-9ff7-cd83516f4323	1	16877002	25266637	5307	-0.1968
3c9b65bf-34e0-4582-9ff7-cd83516f4323	1	25269390	25320455	23	0.3906
3c9b65bf-34e0-4582-9ff7-cd83516f4323	1	25336819	34626073	4947	-0.1897
3c9b65bf-34e0-4582-9ff7-cd83516f4323	1	34637053	34648667	21	-1.0498
3c9b65bf-34e0-4582-9ff7-cd83516f4323	1	34649941	40555364	3180	-0.1974
3c9b65bf-34e0-4582-9ff7-cd83516f4323	1	40556404	40562538	4	-2.4591
3c9b65bf-34e0-4582-9ff7-cd83516f4323	1	40563254	63005821	14185	-0.193
3c9b65bf-34e0-4582-9ff7-cd83516f4323	1	63005909	63006432	2	-1.5538
3c9b65bf-34e0-4582-9ff7-cd83516f4323	1	63007197	72302735	6340	-0.1976
3c9b65bf-34e0-4582-9ff7-cd83516f4323	1	72302815	72353207	54	0.1468
3c9b65bf-34e0-4582-9ff7-cd83516f4323	1	72354344	103560608	19926	-0.1957
3c9b65bf-34e0-4582-9ff7-cd83516f4323	1	103566616	103760781	33	0.5065
3c9b65bf-34e0-4582-9ff7-cd83516f4323	1	103760879	105470754	912	-0.2007
3c9b65bf-34e0-4582-9ff7-cd83516f4323	1	105476583	105479468	14	0.4526
3c9b65bf-34e0-4582-9ff7-cd83516f4323	1	105479722	109684893	2630	-0.1851
3c9b65bf-34e0-4582-9ff7-cd83516f4323	1	109690352	109702376	14	-1.0721
3c9b65bf-34e0-4582-9ff7-cd83516f4323	1	109703504	118754180	6141	-0.1998
3c9b65bf-34e0-4582-9ff7-cd83516f4323	1	118758124	121597150	971	0.1843
3c9b65bf-34e0-4582-9ff7-cd83516f4323	1	121598439	143751380	109	0.3553
3c9b65bf-34e0-4582-9ff7-cd83516f4323	1	143751625	152583051	2329	0.1628
3c9b65bf-34e0-4582-9ff7-cd83516f4323	1	152583230	152614064	33	-2.4461
3c9b65bf-34e0-4582-9ff7-cd83516f4323	1	152614100	248930189	65413	0.1551
3c9b65bf-34e0-4582-9ff7-cd83516f4323	2	12784	1782449	1154	0.1438
3c9b65bf-34e0-4582-9ff7-cd83516f4323	2	1782750	1786188	5	-0.7737
3c9b65bf-34e0-4582-9ff7-cd83516f4323	2	1786865	4168830	1826	0.155
3c9b65bf-34e0-4582-9ff7-cd83516f4323	2	4168862	4176429	38	0.4147
3c9b65bf-34e0-4582-9ff7-cd83516f4323	2	4182472	14563570	7995	0.1501
3c9b65bf-34e0-4582-9ff7-cd83516f4323	2	14564825	14569968	12	-0.631
3c9b65bf-34e0-4582-9ff7-cd83516f4323	2	14570240	87110846	48039	0.1478
3c9b65bf-34e0-4582-9ff7-cd83516f4323	2	87117615	87747102	118	0.6396
3c9b65bf-34e0-4582-9ff7-cd83516f4323	2	87835245	97359885	1729	0.1592
3c9b65bf-34e0-4582-9ff7-cd83516f4323	2	97524284	97545726	9	1.2204
3c9b65bf-34e0-4582-9ff7-cd83516f4323	2	97550415	122719438	15051	0.1445
3c9b65bf-34e0-4582-9ff7-cd83516f4323	2	122722323	122724665	8	-0.714
3c9b65bf-34e0-4582-9ff7-cd83516f4323	2	122726077	130036283	4775	0.1498
3c9b65bf-34e0-4582-9ff7-cd83516f4323	2	130036310	130116915	13	-0.4088
3c9b65bf-34e0-4582-9ff7-cd83516f4323	2	130117303	130375733	82	0.1489
3c9b65bf-34e0-4582-9ff7-cd83516f4323	2	130377031	130539652	19	0.4887
3c9b65bf-34e0-4582-9ff7-cd83516f4323	2	130560276	131523263	345	0.1648
3c9b65bf-34e0-4582-9ff7-cd83516f4323	2	131543558	131543567	2	-1.1302
3c9b65bf-34e0-4582-9ff7-cd83516f4323	2	131547372	141132922	6043	0.1505
3c9b65bf-34e0-4582-9ff7-cd83516f4323	2	141135316	141433732	191	-0.215
3c9b65bf-34e0-4582-9ff7-cd83516f4323	2	141438187	151235642	5892	0.142
3c9b65bf-34e0-4582-9ff7-cd83516f4323	2	151244466	151288291	34	-0.8517
3c9b65bf-34e0-4582-9ff7-cd83516f4323	2	151291765	200235004	29406	0.139
3c9b65bf-34e0-4582-9ff7-cd83516f4323	2	200236026	200239037	5	-0.9363
3c9b65bf-34e0-4582-9ff7-cd83516f4323	2	200240097	207490614	4420	0.1373
3c9b65bf-34e0-4582-9ff7-cd83516f4323	2	207490972	207494612	14	-0.6652
3c9b65bf-34e0-4582-9ff7-cd83516f4323	2	207494752	212316597	3034	0.1431
3c9b65bf-34e0-4582-9ff7-cd83516f4323	2	212321824	212327088	24	-0.7486
3c9b65bf-34e0-4582-9ff7-cd83516f4323	2	212327101	242147305	18989	0.1447
3c9b65bf-34e0-4582-9ff7-cd83516f4323	3	20930	6604856	5804	-0.1629
3c9b65bf-34e0-4582-9ff7-cd83516f4323	3	6609441	6611645	23	-1.3851
3c9b65bf-34e0-4582-9ff7-cd83516f4323	3	6613391	21200164	9994	-0.1991
3c9b65bf-34e0-4582-9ff7-cd83516f4323	3	21209827	21299255	73	0.273
3c9b65bf-34e0-4582-9ff7-cd83516f4323	3	21299297	68697013	31761	-0.1927
3c9b65bf-34e0-4582-9ff7-cd83516f4323	3	68697108	68698262	14	-2.117
3c9b65bf-34e0-4582-9ff7-cd83516f4323	3	68699607	75372019	4847	-0.1924
3c9b65bf-34e0-4582-9ff7-cd83516f4323	3	75377956	75496021	49	-1.2007
3c9b65bf-34e0-4582-9ff7-cd83516f4323	3	75496671	75537120	15	-0.204
3c9b65bf-34e0-4582-9ff7-cd83516f4323	3	75537654	75606920	12	-0.7643
3c9b65bf-34e0-4582-9ff7-cd83516f4323	3	75620279	77436235	1049	-0.1742
3c9b65bf-34e0-4582-9ff7-cd83516f4323	3	77436274	77436347	2	-1.6819
3c9b65bf-34e0-4582-9ff7-cd83516f4323	3	77436506	82759677	3001	-0.1943
3c9b65bf-34e0-4582-9ff7-cd83516f4323	3	82765491	82765627	2	-1.5881
3c9b65bf-34e0-4582-9ff7-cd83516f4323	3	82768827	87303483	2425	-0.1804
3c9b65bf-34e0-4582-9ff7-cd83516f4323	3	87307155	99218940	4465	0.1592
3c9b65bf-34e0-4582-9ff7-cd83516f4323	3	99225614	99230470	37	-0.4283
3c9b65bf-34e0-4582-9ff7-cd83516f4323	3	99230577	104629865	3071	0.1466
3c9b65bf-34e0-4582-9ff7-cd83516f4323	3	104629926	104631049	2	-1.7995
3c9b65bf-34e0-4582-9ff7-cd83516f4323	3	104633616	107314617	1682	0.137
3c9b65bf-34e0-4582-9ff7-cd83516f4323	3	107316951	107317337	2	1.3587
3c9b65bf-34e0-4582-9ff7-cd83516f4323	3	107320614	128662406	13279	0.156
3c9b65bf-34e0-4582-9ff7-cd83516f4323	3	128665680	128695318	16	0.8396
3c9b65bf-34e0-4582-9ff7-cd83516f4323	3	128702323	130038990	617	0.1412
3c9b65bf-34e0-4582-9ff7-cd83516f4323	3	130039375	130087393	41	0.6073
3c9b65bf-34e0-4582-9ff7-cd83516f4323	3	130088081	130375478	147	0.2154
3c9b65bf-34e0-4582-9ff7-cd83516f4323	3	130377713	130377726	2	1.3569
3c9b65bf-34e0-4582-9ff7-cd83516f4323	3	130378038	132269794	1280	0.1493
3c9b65bf-34e0-4582-9ff7-cd83516f4323	3	132270020	132276840	8	-1.3612
3c9b65bf-34e0-4582-9ff7-cd83516f4323	3	132281633	145915619	8424	0.1636
3c9b65bf-34e0-4582-9ff7-cd83516f4323	3	145924135	145924147	2	-2.1249
3c9b65bf-34e0-4582-9ff7-cd83516f4323	3	145924578	162828441	10383	0.1675
3c9b65bf-34e0-4582-9ff7-cd83516f4323	3	162829721	162906109	44	-0.2613
3c9b65bf-34e0-4582-9ff7-cd83516f4323	3	162908192	162996729	74	0.1996
3c9b65bf-34e0-4582-9ff7-cd83516f4323	3	162999939	163001774	2	1.5471
3c9b65bf-34e0-4582-9ff7-cd83516f4323	3	163008371	176165961	8066	0.1638
3c9b65bf-34e0-4582-9ff7-cd83516f4323	3	176170271	176196691	34	-0.865
3c9b65bf-34e0-4582-9ff7-cd83516f4323	3	176198433	182644152	3780	0.1623
3c9b65bf-34e0-4582-9ff7-cd83516f4323	3	182645062	182661738	20	-1.0736
3c9b65bf-34e0-4582-9ff7-cd83516f4323	3	182673588	193160113	7146	0.1623
3c9b65bf-34e0-4582-9ff7-cd83516f4323	3	193160173	193165114	19	-1.575
3c9b65bf-34e0-4582-9ff7-cd83516f4323	3	193168646	198169247	2689	0.1667
3c9b65bf-34e0-4582-9ff7-cd83516f4323	4	68929	10208766	5694	-0.0688
3c9b65bf-34e0-4582-9ff7-cd83516f4323	4	10212536	10232642	31	-2.4214
3c9b65bf-34e0-4582-9ff7-cd83516f4323	4	10232984	34777432	16946	-0.0676
3c9b65bf-34e0-4582-9ff7-cd83516f4323	4	34784878	34822561	37	-0.7989
3c9b65bf-34e0-4582-9ff7-cd83516f4323	4	34823103	48194103	8497	-0.0657
3c9b65bf-34e0-4582-9ff7-cd83516f4323	4	48194318	49087357	450	-0.017
3c9b65bf-34e0-4582-9ff7-cd83516f4323	4	49091769	49588639	24	0.5196
3c9b65bf-34e0-4582-9ff7-cd83516f4323	4	49618868	63828222	7558	-0.0025
3c9b65bf-34e0-4582-9ff7-cd83516f4323	4	63831751	63852325	31	-0.4974
3c9b65bf-34e0-4582-9ff7-cd83516f4323	4	63856498	64954275	655	-0.0198
3c9b65bf-34e0-4582-9ff7-cd83516f4323	4	64955198	68418873	2193	-0.0529
3c9b65bf-34e0-4582-9ff7-cd83516f4323	4	68422420	68422424	3	-1.941
3c9b65bf-34e0-4582-9ff7-cd83516f4323	4	68429081	68640616	80	-0.2624
3c9b65bf-34e0-4582-9ff7-cd83516f4323	4	68655691	69421960	393	0.0464
3c9b65bf-34e0-4582-9ff7-cd83516f4323	4	69422116	79447223	6320	-0.0568
3c9b65bf-34e0-4582-9ff7-cd83516f4323	4	79449757	114252544	20909	-0.0926
3c9b65bf-34e0-4582-9ff7-cd83516f4323	4	114254167	114254223	4	0.9575
3c9b65bf-34e0-4582-9ff7-cd83516f4323	4	114254238	114257893	6	0.1642
3c9b65bf-34e0-4582-9ff7-cd83516f4323	4	114258196	114263073	14	0.9236
3c9b65bf-34e0-4582-9ff7-cd83516f4323	4	114263096	137171085	13214	-0.0913
3c9b65bf-34e0-4582-9ff7-cd83516f4323	4	137171266	137173818	15	-0.8962
3c9b65bf-34e0-4582-9ff7-cd83516f4323	4	137173967	139466500	1574	-0.0894
3c9b65bf-34e0-4582-9ff7-cd83516f4323	4	139467573	139600954	81	0.4905
3c9b65bf-34e0-4582-9ff7-cd83516f4323	4	139607410	171448195	19690	-0.0903
3c9b65bf-34e0-4582-9ff7-cd83516f4323	4	171453733	171456625	12	-1.2526
3c9b65bf-34e0-4582-9ff7-cd83516f4323	4	171459220	172066777	395	-0.0954
3c9b65bf-34e0-4582-9ff7-cd83516f4323	4	172067997	172068382	12	0.89
3c9b65bf-34e0-4582-9ff7-cd83516f4323	4	172074828	190106768	12053	-0.0871
3c9b65bf-34e0-4582-9ff7-cd83516f4323	5	15532	58025819	35669	0.1396
3c9b65bf-34e0-4582-9ff7-cd83516f4323	5	58030200	58037706	32	2.1393
3c9b65bf-34e0-4582-9ff7-cd83516f4323	5	58042530	59008327	738	0.1922
3c9b65bf-34e0-4582-9ff7-cd83516f4323	5	59008560	59008743	2	-0.8518
3c9b65bf-34e0-4582-9ff7-cd83516f4323	5	59008878	62277545	2090	0.1589
3c9b65bf-34e0-4582-9ff7-cd83516f4323	5	62279164	62280446	3	-1.2351
3c9b65bf-34e0-4582-9ff7-cd83516f4323	5	62286365	99397007	20995	0.1596
3c9b65bf-34e0-4582-9ff7-cd83516f4323	5	99397382	99948045	321	0.2579
3c9b65bf-34e0-4582-9ff7-cd83516f4323	5	99948866	99986860	28	0.1852
3c9b65bf-34e0-4582-9ff7-cd83516f4323	5	99988808	99989106	3	-0.668
3c9b65bf-34e0-4582-9ff7-cd83516f4323	5	99989443	100708148	384	0.1625
3c9b65bf-34e0-4582-9ff7-cd83516f4323	5	100709348	100709658	2	-0.9389
3c9b65bf-34e0-4582-9ff7-cd83516f4323	5	100709698	104515520	2214	0.1497
3c9b65bf-34e0-4582-9ff7-cd83516f4323	5	104524672	104524903	4	-1.0946
3c9b65bf-34e0-4582-9ff7-cd83516f4323	5	104525348	177771448	48176	0.1564
3c9b65bf-34e0-4582-9ff7-cd83516f4323	5	177800550	177801578	2	2.6534
3c9b65bf-34e0-4582-9ff7-cd83516f4323	5	177805604	178680821	448	0.1835
3c9b65bf-34e0-4582-9ff7-cd83516f4323	5	178682974	178686162	3	-0.7291
3c9b65bf-34e0-4582-9ff7-cd83516f4323	5	178691854	180947523	1345	0.1754
3c9b65bf-34e0-4582-9ff7-cd83516f4323	5	180951710	180991103	19	-0.3073
3c9b65bf-34e0-4582-9ff7-cd83516f4323	5	181006225	181363319	170	0.1967
3c9b65bf-34e0-4582-9ff7-cd83516f4323	6	149661	174834	14	0.0149
3c9b65bf-34e0-4582-9ff7-cd83516f4323	6	174988	252145	82	-0.1949
3c9b65bf-34e0-4582-9ff7-cd83516f4323	6	252772	302306	29	-0.0068
3c9b65bf-34e0-4582-9ff7-cd83516f4323	6	303017	385056	82	-0.4468
3c9b65bf-34e0-4582-9ff7-cd83516f4323	6	385687	6025978	4628	-0.1905
3c9b65bf-34e0-4582-9ff7-cd83516f4323	6	6033698	6034203	3	-1.2492
3c9b65bf-34e0-4582-9ff7-cd83516f4323	6	6036812	11589397	4258	-0.1959
3c9b65bf-34e0-4582-9ff7-cd83516f4323	6	11589802	11589936	3	-1.611
3c9b65bf-34e0-4582-9ff7-cd83516f4323	6	11596075	19039888	5637	-0.1995
3c9b65bf-34e0-4582-9ff7-cd83516f4323	6	19041950	19042587	3	-1.6305
3c9b65bf-34e0-4582-9ff7-cd83516f4323	6	19044471	29868964	6862	-0.1981
3c9b65bf-34e0-4582-9ff7-cd83516f4323	6	29869295	29980974	66	0.0418
3c9b65bf-34e0-4582-9ff7-cd83516f4323	6	29983234	31318499	609	-0.2118
3c9b65bf-34e0-4582-9ff7-cd83516f4323	6	31318528	31342147	11	0.3746
3c9b65bf-34e0-4582-9ff7-cd83516f4323	6	31349570	32463515	495	-0.1829
3c9b65bf-34e0-4582-9ff7-cd83516f4323	6	32463775	32533522	19	1.3903
3c9b65bf-34e0-4582-9ff7-cd83516f4323	6	32540699	32722250	91	0.013
3c9b65bf-34e0-4582-9ff7-cd83516f4323	6	32723020	32723053	3	1.5376
3c9b65bf-34e0-4582-9ff7-cd83516f4323	6	32732907	53351168	13068	-0.1997
3c9b65bf-34e0-4582-9ff7-cd83516f4323	6	53353804	54066286	542	0.1538
3c9b65bf-34e0-4582-9ff7-cd83516f4323	6	54066353	54067057	7	-1.7385
3c9b65bf-34e0-4582-9ff7-cd83516f4323	6	54070550	54740031	443	0.1475
3c9b65bf-34e0-4582-9ff7-cd83516f4323	6	54740269	54746091	3	-0.9509
3c9b65bf-34e0-4582-9ff7-cd83516f4323	6	54746279	56430859	1080	0.1582
3c9b65bf-34e0-4582-9ff7-cd83516f4323	6	56433681	56434126	2	-1.3561
3c9b65bf-34e0-4582-9ff7-cd83516f4323	6	56434519	62519028	1603	0.1829
3c9b65bf-34e0-4582-9ff7-cd83516f4323	6	62524475	63722961	604	-0.2095
3c9b65bf-34e0-4582-9ff7-cd83516f4323	6	63728372	64591931	449	0.4172
3c9b65bf-34e0-4582-9ff7-cd83516f4323	6	64592835	64627049	32	-0.1907
3c9b65bf-34e0-4582-9ff7-cd83516f4323	6	64637651	64639099	2	-3.072
3c9b65bf-34e0-4582-9ff7-cd83516f4323	6	64640883	65684197	697	-0.1665
3c9b65bf-34e0-4582-9ff7-cd83516f4323	6	65689589	65693959	23	-1.2794
3c9b65bf-34e0-4582-9ff7-cd83516f4323	6	65697234	66331020	417	-0.1768
3c9b65bf-34e0-4582-9ff7-cd83516f4323	6	66331558	66333299	6	-1.1445
3c9b65bf-34e0-4582-9ff7-cd83516f4323	6	66333342	73882142	4999	-0.1919
3c9b65bf-34e0-4582-9ff7-cd83516f4323	6	73882509	73891694	10	0.5403
3c9b65bf-34e0-4582-9ff7-cd83516f4323	6	73893839	78253172	2763	-0.1933
3c9b65bf-34e0-4582-9ff7-cd83516f4323	6	78259348	78325457	112	-3.0266
3c9b65bf-34e0-4582-9ff7-cd83516f4323	6	78325468	80179964	1163	-0.2021
3c9b65bf-34e0-4582-9ff7-cd83516f4323	6	80183612	80333254	104	-0.0295
3c9b65bf-34e0-4582-9ff7-cd83516f4323	6	80333531	92128770	7491	-0.1974
3c9b65bf-34e0-4582-9ff7-cd83516f4323	6	92130656	95638749	2056	-0.1604
3c9b65bf-34e0-4582-9ff7-cd83516f4323	6	95639619	114881368	11912	-0.2041
3c9b65bf-34e0-4582-9ff7-cd83516f4323	6	114881438	114881626	3	-1.4413
3c9b65bf-34e0-4582-9ff7-cd83516f4323	6	114885112	115047731	60	-0.1576
3c9b65bf-34e0-4582-9ff7-cd83516f4323	6	115057911	115086809	4	-1.8008
3c9b65bf-34e0-4582-9ff7-cd83516f4323	6	115087407	170741917	36754	-0.2033
3c9b65bf-34e0-4582-9ff7-cd83516f4323	7	43355	3570080	1616	0.1609
3c9b65bf-34e0-4582-9ff7-cd83516f4323	7	3570211	3575168	28	-0.8042
3c9b65bf-34e0-4582-9ff7-cd83516f4323	7	3578378	6791305	1767	0.1694
3c9b65bf-34e0-4582-9ff7-cd83516f4323	7	6797375	6799093	3	-1.4683
3c9b65bf-34e0-4582-9ff7-cd83516f4323	7	6814479	38271122	23903	0.1644
3c9b65bf-34e0-4582-9ff7-cd83516f4323	7	38271497	38373446	126	0.383
3c9b65bf-34e0-4582-9ff7-cd83516f4323	7	38374745	57457995	12808	0.1606
3c9b65bf-34e0-4582-9ff7-cd83516f4323	7	57458014	63024724	363	0.2483
3c9b65bf-34e0-4582-9ff7-cd83516f4323	7	63032243	72736895	5036	0.1549
3c9b65bf-34e0-4582-9ff7-cd83516f4323	7	72741465	72800757	25	-0.8019
3c9b65bf-34e0-4582-9ff7-cd83516f4323	7	72803280	76524031	991	0.1528
3c9b65bf-34e0-4582-9ff7-cd83516f4323	7	76524046	76531980	3	1.13
3c9b65bf-34e0-4582-9ff7-cd83516f4323	7	76531991	88542064	7595	0.1599
3c9b65bf-34e0-4582-9ff7-cd83516f4323	7	88542217	90227274	1129	0.2186
3c9b65bf-34e0-4582-9ff7-cd83516f4323	7	90227308	91727882	1045	0.146
3c9b65bf-34e0-4582-9ff7-cd83516f4323	7	91727902	91729456	11	-0.6552
3c9b65bf-34e0-4582-9ff7-cd83516f4323	7	91729474	109793741	10331	0.1484
3c9b65bf-34e0-4582-9ff7-cd83516f4323	7	109797035	109821427	48	-0.1382
3c9b65bf-34e0-4582-9ff7-cd83516f4323	7	109821603	126405597	10002	0.1559
3c9b65bf-34e0-4582-9ff7-cd83516f4323	7	126405632	126406822	10	-1.3929
3c9b65bf-34e0-4582-9ff7-cd83516f4323	7	126406823	134070923	4671	0.1575
3c9b65bf-34e0-4582-9ff7-cd83516f4323	7	134071910	134105244	47	0.454
3c9b65bf-34e0-4582-9ff7-cd83516f4323	7	134105258	134110881	4	1.1016
3c9b65bf-34e0-4582-9ff7-cd83516f4323	7	134110912	134121491	12	0.4031
3c9b65bf-34e0-4582-9ff7-cd83516f4323	7	134124039	142419982	5476	0.1483
3c9b65bf-34e0-4582-9ff7-cd83516f4323	7	142420005	142801993	186	0.3342
3c9b65bf-34e0-4582-9ff7-cd83516f4323	7	142802783	143780181	474	0.1578
3c9b65bf-34e0-4582-9ff7-cd83516f4323	7	143790571	143802294	4	-0.9717
3c9b65bf-34e0-4582-9ff7-cd83516f4323	7	143846758	159334314	9920	0.1607
3c9b65bf-34e0-4582-9ff7-cd83516f4323	8	81254	643041	321	0.1695
3c9b65bf-34e0-4582-9ff7-cd83516f4323	8	644944	645908	10	-0.8775
3c9b65bf-34e0-4582-9ff7-cd83516f4323	8	656117	6511937	6731	0.1754
3c9b65bf-34e0-4582-9ff7-cd83516f4323	8	6512275	6512526	4	-1.5802
3c9b65bf-34e0-4582-9ff7-cd83516f4323	8	6517201	6969240	550	0.1675
3c9b65bf-34e0-4582-9ff7-cd83516f4323	8	6969479	6969643	4	-1.5361
3c9b65bf-34e0-4582-9ff7-cd83516f4323	8	6969664	39373140	22845	0.1618
3c9b65bf-34e0-4582-9ff7-cd83516f4323	8	39378084	39529446	59	1.0742
3c9b65bf-34e0-4582-9ff7-cd83516f4323	8	39530780	111282417	41938	0.1525
3c9b65bf-34e0-4582-9ff7-cd83516f4323	8	111282441	111283031	6	1.2964
3c9b65bf-34e0-4582-9ff7-cd83516f4323	8	111288052	119142545	4955	0.1555
3c9b65bf-34e0-4582-9ff7-cd83516f4323	8	119143515	119147207	3	-0.9265
3c9b65bf-34e0-4582-9ff7-cd83516f4323	8	119150615	137810080	13686	0.1552
3c9b65bf-34e0-4582-9ff7-cd83516f4323	8	137811491	137812781	4	-1.2875
3c9b65bf-34e0-4582-9ff7-cd83516f4323	8	137813527	141564139	2783	0.1672
3c9b65bf-34e0-4582-9ff7-cd83516f4323	8	141564862	141566973	5	-1.14
3c9b65bf-34e0-4582-9ff7-cd83516f4323	8	141567131	145072769	1443	0.1808
3c9b65bf-34e0-4582-9ff7-cd83516f4323	9	46587	39547492	31091	-0.1863
3c9b65bf-34e0-4582-9ff7-cd83516f4323	9	39588611	42501791	140	0.3065
3c9b65bf-34e0-4582-9ff7-cd83516f4323	9	42524983	42719891	15	-0.4369
3c9b65bf-34e0-4582-9ff7-cd83516f4323	9	42720266	64846581	192	0.0807
3c9b65bf-34e0-4582-9ff7-cd83516f4323	9	64847615	138200944	47844	-0.1543
3c9b65bf-34e0-4582-9ff7-cd83516f4323	10	45792	30957581	24170	0.1589
3c9b65bf-34e0-4582-9ff7-cd83516f4323	10	30962405	30964071	15	-0.3167
3c9b65bf-34e0-4582-9ff7-cd83516f4323	10	30964177	46522571	7429	0.1537
3c9b65bf-34e0-4582-9ff7-cd83516f4323	10	46525652	46526248	12	-0.6226
3c9b65bf-34e0-4582-9ff7-cd83516f4323	10	46526265	46543248	8	-0.2394
3c9b65bf-34e0-4582-9ff7-cd83516f4323	10	46545913	57824234	7423	0.1645
3c9b65bf-34e0-4582-9ff7-cd83516f4323	10	57845879	57845932	2	-1.9042
3c9b65bf-34e0-4582-9ff7-cd83516f4323	10	57846603	65546518	5267	0.1541
3c9b65bf-34e0-4582-9ff7-cd83516f4323	10	65548165	65554688	28	-2.3751
3c9b65bf-34e0-4582-9ff7-cd83516f4323	10	65563037	80333257	9516	0.159
3c9b65bf-34e0-4582-9ff7-cd83516f4323	10	80335280	80357703	9	0.7479
3c9b65bf-34e0-4582-9ff7-cd83516f4323	10	80358652	81118403	574	0.1492
3c9b65bf-34e0-4582-9ff7-cd83516f4323	10	81121574	81130027	10	-0.7871
3c9b65bf-34e0-4582-9ff7-cd83516f4323	10	81134713	81970265	539	0.153
3c9b65bf-34e0-4582-9ff7-cd83516f4323	10	81970300	81973130	5	-1.1105
3c9b65bf-34e0-4582-9ff7-cd83516f4323	10	81974389	126583519	30408	0.1551
3c9b65bf-34e0-4582-9ff7-cd83516f4323	10	126584610	126586981	5	-0.8881
3c9b65bf-34e0-4582-9ff7-cd83516f4323	10	126592825	133415637	4937	0.166
3c9b65bf-34e0-4582-9ff7-cd83516f4323	10	133416215	133416364	2	-3.5517
3c9b65bf-34e0-4582-9ff7-cd83516f4323	10	133419150	133654968	147	0.1865
3c9b65bf-34e0-4582-9ff7-cd83516f4323	11	198510	5499745	2979	0.1613
3c9b65bf-34e0-4582-9ff7-cd83516f4323	11	5500921	5501334	6	-0.6778
3c9b65bf-34e0-4582-9ff7-cd83516f4323	11	5502363	5766175	240	0.1696
3c9b65bf-34e0-4582-9ff7-cd83516f4323	11	5766850	5788108	33	-0.4713
3c9b65bf-34e0-4582-9ff7-cd83516f4323	11	5788231	48576870	29985	0.1535
3c9b65bf-34e0-4582-9ff7-cd83516f4323	11	48579882	48581124	2	-2.2592
3c9b65bf-34e0-4582-9ff7-cd83516f4323	11	48584766	48968103	111	0.243
3c9b65bf-34e0-4582-9ff7-cd83516f4323	11	48969924	50338295	610	0.1162
3c9b65bf-34e0-4582-9ff7-cd83516f4323	11	50340173	54743970	166	0.2467
3c9b65bf-34e0-4582-9ff7-cd83516f4323	11	54762035	54766290	3	-1.3858
3c9b65bf-34e0-4582-9ff7-cd83516f4323	11	54782119	55595864	285	0.1887
3c9b65bf-34e0-4582-9ff7-cd83516f4323	11	55606556	55674842	48	-2.5897
3c9b65bf-34e0-4582-9ff7-cd83516f4323	11	55676735	55677818	4	0.4676
3c9b65bf-34e0-4582-9ff7-cd83516f4323	11	55678469	55685533	7	-2.5031
3c9b65bf-34e0-4582-9ff7-cd83516f4323	11	55686100	56302253	424	0.1554
3c9b65bf-34e0-4582-9ff7-cd83516f4323	11	56307469	71580425	7853	-0.1988
3c9b65bf-34e0-4582-9ff7-cd83516f4323	11	71580444	71582841	2	-1.7619
3c9b65bf-34e0-4582-9ff7-cd83516f4323	11	71588129	71753030	46	-0.218
3c9b65bf-34e0-4582-9ff7-cd83516f4323	11	71766534	71770617	5	-1.2603
3c9b65bf-34e0-4582-9ff7-cd83516f4323	11	71771008	74744377	1466	-0.1957
3c9b65bf-34e0-4582-9ff7-cd83516f4323	11	74753503	74770273	10	-0.8033
3c9b65bf-34e0-4582-9ff7-cd83516f4323	11	74770586	99968957	17228	-0.1988
3c9b65bf-34e0-4582-9ff7-cd83516f4323	11	99972614	99972870	3	-2.6653
3c9b65bf-34e0-4582-9ff7-cd83516f4323	11	99974970	107910653	5624	-0.1953
3c9b65bf-34e0-4582-9ff7-cd83516f4323	11	107913781	107916987	3	-1.6329
3c9b65bf-34e0-4582-9ff7-cd83516f4323	11	107919044	135074876	19491	-0.2044
3c9b65bf-34e0-4582-9ff7-cd83516f4323	12	51460	756804	416	0.2049
3c9b65bf-34e0-4582-9ff7-cd83516f4323	12	759943	764863	18	-0.7142
3c9b65bf-34e0-4582-9ff7-cd83516f4323	12	766188	11351157	6935	0.1647
3c9b65bf-34e0-4582-9ff7-cd83516f4323	12	11358643	11390472	31	0.664
3c9b65bf-34e0-4582-9ff7-cd83516f4323	12	11399258	12377763	821	0.1555
3c9b65bf-34e0-4582-9ff7-cd83516f4323	12	12383285	12388935	17	-0.6259
3c9b65bf-34e0-4582-9ff7-cd83516f4323	12	12389946	13178404	542	0.1449
3c9b65bf-34e0-4582-9ff7-cd83516f4323	12	13181725	13182206	3	-0.825
3c9b65bf-34e0-4582-9ff7-cd83516f4323	12	13183433	30082648	11680	0.1515
3c9b65bf-34e0-4582-9ff7-cd83516f4323	12	30086334	30091000	26	-0.4762
3c9b65bf-34e0-4582-9ff7-cd83516f4323	12	30091017	34104546	2863	0.1551
3c9b65bf-34e0-4582-9ff7-cd83516f4323	12	34106209	39083525	898	0.2465
3c9b65bf-34e0-4582-9ff7-cd83516f4323	12	39087759	39089311	5	-0.6159
3c9b65bf-34e0-4582-9ff7-cd83516f4323	12	39094246	40220977	668	0.2416
3c9b65bf-34e0-4582-9ff7-cd83516f4323	12	40221530	58327448	10601	0.177
3c9b65bf-34e0-4582-9ff7-cd83516f4323	12	58336368	58336379	2	-1.0254
3c9b65bf-34e0-4582-9ff7-cd83516f4323	12	58337065	72995961	9591	0.175
3c9b65bf-34e0-4582-9ff7-cd83516f4323	12	72995992	93983140	12979	0.1196
3c9b65bf-34e0-4582-9ff7-cd83516f4323	12	93989653	93989822	3	-0.8876
3c9b65bf-34e0-4582-9ff7-cd83516f4323	12	93990379	99398036	3881	0.1201
3c9b65bf-34e0-4582-9ff7-cd83516f4323	12	99401515	99404956	31	-0.4998
3c9b65bf-34e0-4582-9ff7-cd83516f4323	12	99409315	131636170	22112	0.1191
3c9b65bf-34e0-4582-9ff7-cd83516f4323	12	131648039	131648790	13	-2.4866
3c9b65bf-34e0-4582-9ff7-cd83516f4323	12	131657925	133201603	559	0.1176
3c9b65bf-34e0-4582-9ff7-cd83516f4323	13	18452809	42541222	16962	-0.2002
3c9b65bf-34e0-4582-9ff7-cd83516f4323	13	42542560	42545193	4	-1.4106
3c9b65bf-34e0-4582-9ff7-cd83516f4323	13	42545201	63733398	12864	-0.1908
3c9b65bf-34e0-4582-9ff7-cd83516f4323	13	63743696	63814138	39	0.4622
3c9b65bf-34e0-4582-9ff7-cd83516f4323	13	63818088	64777999	582	-0.1732
3c9b65bf-34e0-4582-9ff7-cd83516f4323	13	64778119	64779363	2	-1.6229
3c9b65bf-34e0-4582-9ff7-cd83516f4323	13	64782151	68668123	2398	-0.1922
3c9b65bf-34e0-4582-9ff7-cd83516f4323	13	68674201	68694987	38	-1.2268
3c9b65bf-34e0-4582-9ff7-cd83516f4323	13	68695002	71902850	2057	-0.1838
3c9b65bf-34e0-4582-9ff7-cd83516f4323	13	71903417	71906418	4	-3.0547
3c9b65bf-34e0-4582-9ff7-cd83516f4323	13	71906467	114342922	29019	-0.1974
3c9b65bf-34e0-4582-9ff7-cd83516f4323	14	18239283	19110634	33	0.4546
3c9b65bf-34e0-4582-9ff7-cd83516f4323	14	19134873	19955213	134	-0.0537
3c9b65bf-34e0-4582-9ff7-cd83516f4323	14	19956767	21211616	888	0.4039
3c9b65bf-34e0-4582-9ff7-cd83516f4323	14	21212001	21748208	293	-0.2005
3c9b65bf-34e0-4582-9ff7-cd83516f4323	14	21750823	22131197	333	-0.0312
3c9b65bf-34e0-4582-9ff7-cd83516f4323	14	22131407	22460708	263	0.0894
3c9b65bf-34e0-4582-9ff7-cd83516f4323	14	22461795	22535762	99	-0.0686
3c9b65bf-34e0-4582-9ff7-cd83516f4323	14	22535852	73534419	32076	-0.193
3c9b65bf-34e0-4582-9ff7-cd83516f4323	14	73540003	73550834	7	-1.9397
3c9b65bf-34e0-4582-9ff7-cd83516f4323	14	73554275	86353555	8496	-0.19
3c9b65bf-34e0-4582-9ff7-cd83516f4323	14	86355116	86355347	3	-1.2606
3c9b65bf-34e0-4582-9ff7-cd83516f4323	14	86357231	86618960	185	-0.1697
3c9b65bf-34e0-4582-9ff7-cd83516f4323	14	86618964	86624521	2	-2.6575
3c9b65bf-34e0-4582-9ff7-cd83516f4323	14	86626191	106280330	12124	-0.1961
3c9b65bf-34e0-4582-9ff7-cd83516f4323	14	106283755	106378929	41	-0.5216
3c9b65bf-34e0-4582-9ff7-cd83516f4323	14	106378956	106423925	22	-0.22
3c9b65bf-34e0-4582-9ff7-cd83516f4323	14	106425447	106462183	47	-1.2929
3c9b65bf-34e0-4582-9ff7-cd83516f4323	14	106462724	106877229	195	-0.1645
3c9b65bf-34e0-4582-9ff7-cd83516f4323	15	19811075	19986916	42	0.5095
3c9b65bf-34e0-4582-9ff7-cd83516f4323	15	19989485	22736858	205	0.2755
3c9b65bf-34e0-4582-9ff7-cd83516f4323	15	22736939	25210977	1470	0.4602
3c9b65bf-34e0-4582-9ff7-cd83516f4323	15	25214903	25279613	40	-0.1919
3c9b65bf-34e0-4582-9ff7-cd83516f4323	15	25282379	25435965	71	0.4324
3c9b65bf-34e0-4582-9ff7-cd83516f4323	15	25445569	101928837	49598	-0.1895
3c9b65bf-34e0-4582-9ff7-cd83516f4323	16	10777	35827	4	-0.5876
3c9b65bf-34e0-4582-9ff7-cd83516f4323	16	36125	18067640	12730	0.1764
3c9b65bf-34e0-4582-9ff7-cd83516f4323	16	18067914	18714714	44	0.4709
3c9b65bf-34e0-4582-9ff7-cd83516f4323	16	18730788	19933041	674	0.1627
3c9b65bf-34e0-4582-9ff7-cd83516f4323	16	19934328	19956040	29	-3.8548
3c9b65bf-34e0-4582-9ff7-cd83516f4323	16	19958932	27320653	4666	0.1611
3c9b65bf-34e0-4582-9ff7-cd83516f4323	16	27326291	27339366	12	-0.7981
3c9b65bf-34e0-4582-9ff7-cd83516f4323	16	27341867	35087005	1887	0.1565
3c9b65bf-34e0-4582-9ff7-cd83516f4323	16	35087092	35225338	98	-0.137
3c9b65bf-34e0-4582-9ff7-cd83516f4323	16	35232200	35520357	166	0.4385
3c9b65bf-34e0-4582-9ff7-cd83516f4323	16	35521195	35533640	8	0.0531
3c9b65bf-34e0-4582-9ff7-cd83516f4323	16	35533876	54444318	5456	-0.1909
3c9b65bf-34e0-4582-9ff7-cd83516f4323	16	54444471	54444961	2	-2.1015
3c9b65bf-34e0-4582-9ff7-cd83516f4323	16	54445311	86127958	23482	-0.1877
3c9b65bf-34e0-4582-9ff7-cd83516f4323	16	86129615	86132667	2	-1.9757
3c9b65bf-34e0-4582-9ff7-cd83516f4323	16	86134541	90096867	2519	-0.2026
3c9b65bf-34e0-4582-9ff7-cd83516f4323	17	150733	6197464	3349	-0.1839
3c9b65bf-34e0-4582-9ff7-cd83516f4323	17	6197476	6197491	2	-2.1378
3c9b65bf-34e0-4582-9ff7-cd83516f4323	17	6197723	8339592	1174	-0.1939
3c9b65bf-34e0-4582-9ff7-cd83516f4323	17	8344229	8344415	2	-2.8832
3c9b65bf-34e0-4582-9ff7-cd83516f4323	17	8346140	22058829	8132	-0.1741
3c9b65bf-34e0-4582-9ff7-cd83516f4323	17	22167265	29104407	1270	0.1561
3c9b65bf-34e0-4582-9ff7-cd83516f4323	17	29108078	29530680	192	-0.1667
3c9b65bf-34e0-4582-9ff7-cd83516f4323	17	29532498	30056628	205	0.4485
3c9b65bf-34e0-4582-9ff7-cd83516f4323	17	30060592	32246440	1005	-0.1964
3c9b65bf-34e0-4582-9ff7-cd83516f4323	17	32252163	32670595	229	0.4354
3c9b65bf-34e0-4582-9ff7-cd83516f4323	17	32671788	32868076	107	0.1447
3c9b65bf-34e0-4582-9ff7-cd83516f4323	17	32868459	46085732	7641	0.4344
3c9b65bf-34e0-4582-9ff7-cd83516f4323	17	46088437	46569894	129	0.7508
3c9b65bf-34e0-4582-9ff7-cd83516f4323	17	46571001	61580759	9024	0.4344
3c9b65bf-34e0-4582-9ff7-cd83516f4323	17	61581390	63271424	765	0.8176
3c9b65bf-34e0-4582-9ff7-cd83516f4323	17	63275644	83091923	11744	0.4408
3c9b65bf-34e0-4582-9ff7-cd83516f4323	18	48133	66054343	40193	-0.159
3c9b65bf-34e0-4582-9ff7-cd83516f4323	18	66060256	66061104	12	0.5605
3c9b65bf-34e0-4582-9ff7-cd83516f4323	18	66065502	66095064	47	-0.0812
3c9b65bf-34e0-4582-9ff7-cd83516f4323	18	66099904	66100686	3	-1.6985
3c9b65bf-34e0-4582-9ff7-cd83516f4323	18	66108359	80257174	10346	-0.1576
3c9b65bf-34e0-4582-9ff7-cd83516f4323	19	90910	419498	87	-0.2023
3c9b65bf-34e0-4582-9ff7-cd83516f4323	19	420755	5633227	1566	0.1571
3c9b65bf-34e0-4582-9ff7-cd83516f4323	19	5633867	5636353	3	-0.9473
3c9b65bf-34e0-4582-9ff7-cd83516f4323	19	5637877	27581134	9530	0.1524
3c9b65bf-34e0-4582-9ff7-cd83516f4323	19	27581903	28128082	316	-0.167
3c9b65bf-34e0-4582-9ff7-cd83516f4323	19	28130344	28132968	3	-1.2453
3c9b65bf-34e0-4582-9ff7-cd83516f4323	19	28134630	30793899	2041	-0.1926
3c9b65bf-34e0-4582-9ff7-cd83516f4323	19	30797211	30797633	2	-1.7835
3c9b65bf-34e0-4582-9ff7-cd83516f4323	19	30799692	42724021	6811	-0.1956
3c9b65bf-34e0-4582-9ff7-cd83516f4323	19	42733459	43315252	250	-0.0663
3c9b65bf-34e0-4582-9ff7-cd83516f4323	19	43320255	53459743	5383	-0.1902
3c9b65bf-34e0-4582-9ff7-cd83516f4323	19	53461150	53461165	2	-2.2471
3c9b65bf-34e0-4582-9ff7-cd83516f4323	19	53461278	58586487	3063	-0.1826
3c9b65bf-34e0-4582-9ff7-cd83516f4323	20	80664	1571811	1181	0.1719
3c9b65bf-34e0-4582-9ff7-cd83516f4323	20	1576544	1601561	57	-0.7464
3c9b65bf-34e0-4582-9ff7-cd83516f4323	20	1609611	38244563	22364	0.1611
3c9b65bf-34e0-4582-9ff7-cd83516f4323	20	38247781	38249939	3	-1.1878
3c9b65bf-34e0-4582-9ff7-cd83516f4323	20	38250447	41405600	2146	0.1603
3c9b65bf-34e0-4582-9ff7-cd83516f4323	20	41405646	41484573	54	-0.1666
3c9b65bf-34e0-4582-9ff7-cd83516f4323	20	41486499	64324800	16514	0.1617
3c9b65bf-34e0-4582-9ff7-cd83516f4323	21	10354168	10459118	17	0.2928
3c9b65bf-34e0-4582-9ff7-cd83516f4323	21	10459828	10559033	36	-0.153
3c9b65bf-34e0-4582-9ff7-cd83516f4323	21	10568903	10756733	33	0.5111
3c9b65bf-34e0-4582-9ff7-cd83516f4323	21	10775586	46677045	23724	-0.1692
3c9b65bf-34e0-4582-9ff7-cd83516f4323	22	15294547	19360676	1406	0.291
3c9b65bf-34e0-4582-9ff7-cd83516f4323	22	19361403	21111383	1298	0.3535
3c9b65bf-34e0-4582-9ff7-cd83516f4323	22	21188326	23987520	1689	-0.1767
3c9b65bf-34e0-4582-9ff7-cd83516f4323	22	23988078	23989773	2	-3.3248
3c9b65bf-34e0-4582-9ff7-cd83516f4323	22	23990431	50796027	18831	-0.1917
3c9b65bf-34e0-4582-9ff7-cd83516f4323	X	251810	34157857	21218	0.0085
3c9b65bf-34e0-4582-9ff7-cd83516f4323	X	34162711	34163393	4	-2.3916
3c9b65bf-34e0-4582-9ff7-cd83516f4323	X	34164894	88492347	24526	-0.0018
3c9b65bf-34e0-4582-9ff7-cd83516f4323	X	88492378	88496907	7	-2.881
3c9b65bf-34e0-4582-9ff7-cd83516f4323	X	88499780	132081733	23508	0.0031
3c9b65bf-34e0-4582-9ff7-cd83516f4323	X	132082426	132082656	2	3.6875
3c9b65bf-34e0-4582-9ff7-cd83516f4323	X	132083360	135665876	1784	-0.0023
3c9b65bf-34e0-4582-9ff7-cd83516f4323	X	135666582	135666603	2	-2.7747
3c9b65bf-34e0-4582-9ff7-cd83516f4323	X	135668591	135931248	98	0.0033
3c9b65bf-34e0-4582-9ff7-cd83516f4323	X	135934976	135934980	2	-2.6668
3c9b65bf-34e0-4582-9ff7-cd83516f4323	X	135935651	155952689	12156	0.0077
3c9b65bf-34e0-4582-9ff7-cd83516f4323	Y	2782397	56872112	6639	-0.8184
