GDC_Aliquot	Chromosome	Start	End	Num_Probes	Segment_Mean
6b4b23df-c09d-459a-bc6d-5b24881b4f1d	1	62920	16785682	8691	0.0031
6b4b23df-c09d-459a-bc6d-5b24881b4f1d	1	16787932	16949746	59	0.4809
6b4b23df-c09d-459a-bc6d-5b24881b4f1d	1	16951445	25256800	5254	-0.0003
6b4b23df-c09d-459a-bc6d-5b24881b4f1d	1	25256850	25320455	25	0.5208
6b4b23df-c09d-459a-bc6d-5b24881b4f1d	1	25336819	34626073	4946	0.0051
6b4b23df-c09d-459a-bc6d-5b24881b4f1d	1	34637053	34638890	20	-2.8552
6b4b23df-c09d-459a-bc6d-5b24881b4f1d	1	34648667	98126964	40330	0.0074
6b4b23df-c09d-459a-bc6d-5b24881b4f1d	1	98127074	98143997	12	-0.5395
6b4b23df-c09d-459a-bc6d-5b24881b4f1d	1	98150293	100136221	1291	-0.0003
6b4b23df-c09d-459a-bc6d-5b24881b4f1d	1	100137757	100139121	3	-1.5385
6b4b23df-c09d-459a-bc6d-5b24881b4f1d	1	100139769	105470132	3049	0.0088
6b4b23df-c09d-459a-bc6d-5b24881b4f1d	1	105470754	105479738	17	-0.5471
6b4b23df-c09d-459a-bc6d-5b24881b4f1d	1	105479753	105763866	206	-0.0337
6b4b23df-c09d-459a-bc6d-5b24881b4f1d	1	105766516	105773232	7	-1.0119
6b4b23df-c09d-459a-bc6d-5b24881b4f1d	1	105778334	109684893	2416	0.0098
6b4b23df-c09d-459a-bc6d-5b24881b4f1d	1	109690352	109697556	12	2.3386
6b4b23df-c09d-459a-bc6d-5b24881b4f1d	1	109702376	110839907	856	-0.0084
6b4b23df-c09d-459a-bc6d-5b24881b4f1d	1	110840022	110841332	13	-0.9172
6b4b23df-c09d-459a-bc6d-5b24881b4f1d	1	110841350	112147704	1075	0.0048
6b4b23df-c09d-459a-bc6d-5b24881b4f1d	1	112153343	112154754	24	0.4922
6b4b23df-c09d-459a-bc6d-5b24881b4f1d	1	112154768	121705338	5153	0.009
6b4b23df-c09d-459a-bc6d-5b24881b4f1d	1	143459641	143762042	119	0.6568
6b4b23df-c09d-459a-bc6d-5b24881b4f1d	1	143796140	152783832	2515	0.0368
6b4b23df-c09d-459a-bc6d-5b24881b4f1d	1	152783934	152796224	43	0.4992
6b4b23df-c09d-459a-bc6d-5b24881b4f1d	1	152801429	194479104	27974	0.0061
6b4b23df-c09d-459a-bc6d-5b24881b4f1d	1	194482281	194485888	2	-2.3161
6b4b23df-c09d-459a-bc6d-5b24881b4f1d	1	194487886	196745743	1448	-0.0047
6b4b23df-c09d-459a-bc6d-5b24881b4f1d	1	196758720	196843377	59	-0.8004
6b4b23df-c09d-459a-bc6d-5b24881b4f1d	1	196843400	209897717	8775	0.0065
6b4b23df-c09d-459a-bc6d-5b24881b4f1d	1	209908268	209910639	3	1.4386
6b4b23df-c09d-459a-bc6d-5b24881b4f1d	1	209913207	248574146	26804	0.01
6b4b23df-c09d-459a-bc6d-5b24881b4f1d	1	248585893	248633912	32	-0.7011
6b4b23df-c09d-459a-bc6d-5b24881b4f1d	1	248645563	248930189	141	0.0625
6b4b23df-c09d-459a-bc6d-5b24881b4f1d	2	12784	52527743	37085	0.0093
6b4b23df-c09d-459a-bc6d-5b24881b4f1d	2	52531615	52554404	33	0.7232
6b4b23df-c09d-459a-bc6d-5b24881b4f1d	2	52560811	68957144	10816	0.0108
6b4b23df-c09d-459a-bc6d-5b24881b4f1d	2	68964479	68966451	3	-1.4141
6b4b23df-c09d-459a-bc6d-5b24881b4f1d	2	68968422	69767513	547	0.0058
6b4b23df-c09d-459a-bc6d-5b24881b4f1d	2	69767876	69768448	2	-1.525
6b4b23df-c09d-459a-bc6d-5b24881b4f1d	2	69768474	71115321	869	0.0167
6b4b23df-c09d-459a-bc6d-5b24881b4f1d	2	71119433	71122913	8	-0.6579
6b4b23df-c09d-459a-bc6d-5b24881b4f1d	2	71122944	74864903	1968	0.0067
6b4b23df-c09d-459a-bc6d-5b24881b4f1d	2	74865434	74866998	5	-2.4041
6b4b23df-c09d-459a-bc6d-5b24881b4f1d	2	74867131	75603095	602	0.0127
6b4b23df-c09d-459a-bc6d-5b24881b4f1d	2	75606187	75655530	63	0.2688
6b4b23df-c09d-459a-bc6d-5b24881b4f1d	2	75655729	87256891	7123	0.0048
6b4b23df-c09d-459a-bc6d-5b24881b4f1d	2	87260822	87286164	10	-0.4939
6b4b23df-c09d-459a-bc6d-5b24881b4f1d	2	87287256	87295819	3	-1.6105
6b4b23df-c09d-459a-bc6d-5b24881b4f1d	2	87299357	129787992	21495	0.013
6b4b23df-c09d-459a-bc6d-5b24881b4f1d	2	129791702	129791707	2	-2.3114
6b4b23df-c09d-459a-bc6d-5b24881b4f1d	2	129792678	129800804	6	-5.7575
6b4b23df-c09d-459a-bc6d-5b24881b4f1d	2	129801456	130455273	251	0.0054
6b4b23df-c09d-459a-bc6d-5b24881b4f1d	2	130471073	130539652	5	1.1569
6b4b23df-c09d-459a-bc6d-5b24881b4f1d	2	130560276	137730530	4271	0.0171
6b4b23df-c09d-459a-bc6d-5b24881b4f1d	2	137731957	137737677	2	-2.0032
6b4b23df-c09d-459a-bc6d-5b24881b4f1d	2	137738322	146106875	5146	0.0086
6b4b23df-c09d-459a-bc6d-5b24881b4f1d	2	146106889	146107801	8	0.5482
6b4b23df-c09d-459a-bc6d-5b24881b4f1d	2	146108179	146109366	13	1.1822
6b4b23df-c09d-459a-bc6d-5b24881b4f1d	2	146120238	184379336	23593	0.0095
6b4b23df-c09d-459a-bc6d-5b24881b4f1d	2	184392326	184400238	16	-0.8319
6b4b23df-c09d-459a-bc6d-5b24881b4f1d	2	184400547	184451949	45	-0.0027
6b4b23df-c09d-459a-bc6d-5b24881b4f1d	2	184452153	184455332	4	1.0766
6b4b23df-c09d-459a-bc6d-5b24881b4f1d	2	184460792	185782125	680	-0.0402
6b4b23df-c09d-459a-bc6d-5b24881b4f1d	2	185786846	185792362	8	-0.6873
6b4b23df-c09d-459a-bc6d-5b24881b4f1d	2	185796022	188420530	1396	-0.0112
6b4b23df-c09d-459a-bc6d-5b24881b4f1d	2	188422109	188423828	2	-1.5654
6b4b23df-c09d-459a-bc6d-5b24881b4f1d	2	188426618	193823021	3078	0.0097
6b4b23df-c09d-459a-bc6d-5b24881b4f1d	2	193825580	193829074	2	1.7527
6b4b23df-c09d-459a-bc6d-5b24881b4f1d	2	193837590	204479729	6039	0.0066
6b4b23df-c09d-459a-bc6d-5b24881b4f1d	2	204479949	204484001	33	-0.8834
6b4b23df-c09d-459a-bc6d-5b24881b4f1d	2	204484672	233736917	18711	0.0055
6b4b23df-c09d-459a-bc6d-5b24881b4f1d	2	233741958	233749337	6	-1.0265
6b4b23df-c09d-459a-bc6d-5b24881b4f1d	2	233753288	242147305	5366	0.0088
6b4b23df-c09d-459a-bc6d-5b24881b4f1d	3	20930	182919	154	0.0443
6b4b23df-c09d-459a-bc6d-5b24881b4f1d	3	188339	191117	4	-3.7077
6b4b23df-c09d-459a-bc6d-5b24881b4f1d	3	193194	5908861	5016	0.0178
6b4b23df-c09d-459a-bc6d-5b24881b4f1d	3	5909234	5909308	2	-2.0477
6b4b23df-c09d-459a-bc6d-5b24881b4f1d	3	5911732	46380554	27697	0.0036
6b4b23df-c09d-459a-bc6d-5b24881b4f1d	3	46380801	46380896	4	-1.6009
6b4b23df-c09d-459a-bc6d-5b24881b4f1d	3	46381266	86212375	25671	0.0059
6b4b23df-c09d-459a-bc6d-5b24881b4f1d	3	86216052	86216665	2	-2.7268
6b4b23df-c09d-459a-bc6d-5b24881b4f1d	3	86221012	88278658	1071	0.0067
6b4b23df-c09d-459a-bc6d-5b24881b4f1d	3	88279103	88279106	2	-1.4198
6b4b23df-c09d-459a-bc6d-5b24881b4f1d	3	88282567	89219540	561	0.0031
6b4b23df-c09d-459a-bc6d-5b24881b4f1d	3	89219636	89219650	2	1.406
6b4b23df-c09d-459a-bc6d-5b24881b4f1d	3	89219662	105542636	7183	-0.006
6b4b23df-c09d-459a-bc6d-5b24881b4f1d	3	105542638	105548592	14	-0.5912
6b4b23df-c09d-459a-bc6d-5b24881b4f1d	3	105548697	114936935	5700	0.0094
6b4b23df-c09d-459a-bc6d-5b24881b4f1d	3	114941745	114942097	6	-1.2544
6b4b23df-c09d-459a-bc6d-5b24881b4f1d	3	114950103	125950205	6846	0.0103
6b4b23df-c09d-459a-bc6d-5b24881b4f1d	3	125954540	125957120	3	-2.4847
6b4b23df-c09d-459a-bc6d-5b24881b4f1d	3	125961657	162906093	22712	0.0051
6b4b23df-c09d-459a-bc6d-5b24881b4f1d	3	162906109	162916527	23	-0.7832
6b4b23df-c09d-459a-bc6d-5b24881b4f1d	3	162927179	189642965	16604	0.0039
6b4b23df-c09d-459a-bc6d-5b24881b4f1d	3	189645889	189653225	13	-0.7792
6b4b23df-c09d-459a-bc6d-5b24881b4f1d	3	189654562	193160113	2488	0.0008
6b4b23df-c09d-459a-bc6d-5b24881b4f1d	3	193160173	193165114	19	-1.3685
6b4b23df-c09d-459a-bc6d-5b24881b4f1d	3	193168646	194714310	1016	0.0045
6b4b23df-c09d-459a-bc6d-5b24881b4f1d	3	194717232	194717562	2	-1.1844
6b4b23df-c09d-459a-bc6d-5b24881b4f1d	3	194719179	195656271	463	0.0056
6b4b23df-c09d-459a-bc6d-5b24881b4f1d	3	195663809	195728990	26	-0.3526
6b4b23df-c09d-459a-bc6d-5b24881b4f1d	3	195729005	198118345	1163	0.0308
6b4b23df-c09d-459a-bc6d-5b24881b4f1d	3	198118700	198169247	16	-0.4897
6b4b23df-c09d-459a-bc6d-5b24881b4f1d	4	68929	4117959	1628	0.0087
6b4b23df-c09d-459a-bc6d-5b24881b4f1d	4	4121101	4151033	6	-1.0729
6b4b23df-c09d-459a-bc6d-5b24881b4f1d	4	4158336	9430125	3509	-0.0002
6b4b23df-c09d-459a-bc6d-5b24881b4f1d	4	9430168	9435284	9	-0.7895
6b4b23df-c09d-459a-bc6d-5b24881b4f1d	4	9444321	9455251	6	0.1019
6b4b23df-c09d-459a-bc6d-5b24881b4f1d	4	9459504	9463248	3	2.6198
6b4b23df-c09d-459a-bc6d-5b24881b4f1d	4	9469529	10212536	543	0.0291
6b4b23df-c09d-459a-bc6d-5b24881b4f1d	4	10221792	10233644	35	1.2643
6b4b23df-c09d-459a-bc6d-5b24881b4f1d	4	10234518	10390730	172	0.0402
6b4b23df-c09d-459a-bc6d-5b24881b4f1d	4	10391530	10399044	15	-0.5857
6b4b23df-c09d-459a-bc6d-5b24881b4f1d	4	10401094	21367070	8008	0.0018
6b4b23df-c09d-459a-bc6d-5b24881b4f1d	4	21370380	21375228	15	-0.6417
6b4b23df-c09d-459a-bc6d-5b24881b4f1d	4	21382117	33374942	7963	-0.0019
6b4b23df-c09d-459a-bc6d-5b24881b4f1d	4	33374961	33384564	12	-0.8554
6b4b23df-c09d-459a-bc6d-5b24881b4f1d	4	33386731	49214614	9762	0.0025
6b4b23df-c09d-459a-bc6d-5b24881b4f1d	4	49289175	49289338	2	-1.9922
6b4b23df-c09d-459a-bc6d-5b24881b4f1d	4	49295203	63818451	7560	-0.0009
6b4b23df-c09d-459a-bc6d-5b24881b4f1d	4	63821843	63831812	12	-0.5808
6b4b23df-c09d-459a-bc6d-5b24881b4f1d	4	63831891	68361130	2867	-0.0001
6b4b23df-c09d-459a-bc6d-5b24881b4f1d	4	68378716	68429081	12	0.9525
6b4b23df-c09d-459a-bc6d-5b24881b4f1d	4	68439221	68663241	81	-0.1534
6b4b23df-c09d-459a-bc6d-5b24881b4f1d	4	68671434	68686026	3	-1.7475
6b4b23df-c09d-459a-bc6d-5b24881b4f1d	4	68725894	69265191	311	-0.0024
6b4b23df-c09d-459a-bc6d-5b24881b4f1d	4	69265628	69366081	49	0.3096
6b4b23df-c09d-459a-bc6d-5b24881b4f1d	4	69366304	76244997	4149	0.0034
6b4b23df-c09d-459a-bc6d-5b24881b4f1d	4	76252761	76257523	15	-1.0895
6b4b23df-c09d-459a-bc6d-5b24881b4f1d	4	76261525	103277986	16431	0.0028
6b4b23df-c09d-459a-bc6d-5b24881b4f1d	4	103279862	103326777	49	-0.8035
6b4b23df-c09d-459a-bc6d-5b24881b4f1d	4	103328248	103824414	335	0.0113
6b4b23df-c09d-459a-bc6d-5b24881b4f1d	4	103830473	103830480	5	1.1186
6b4b23df-c09d-459a-bc6d-5b24881b4f1d	4	103830487	110082850	3624	0.0006
6b4b23df-c09d-459a-bc6d-5b24881b4f1d	4	110082985	110083850	8	-0.7872
6b4b23df-c09d-459a-bc6d-5b24881b4f1d	4	110085282	111120366	641	0.0183
6b4b23df-c09d-459a-bc6d-5b24881b4f1d	4	111121717	111131505	3	-1.1615
6b4b23df-c09d-459a-bc6d-5b24881b4f1d	4	111131594	111375831	155	0.0052
6b4b23df-c09d-459a-bc6d-5b24881b4f1d	4	111376259	111388458	24	-0.8939
6b4b23df-c09d-459a-bc6d-5b24881b4f1d	4	111388478	114252544	1833	0.0122
6b4b23df-c09d-459a-bc6d-5b24881b4f1d	4	114254167	114261019	23	-1.346
6b4b23df-c09d-459a-bc6d-5b24881b4f1d	4	114263073	116924857	1619	-0.0137
6b4b23df-c09d-459a-bc6d-5b24881b4f1d	4	116926722	116943150	22	-0.6067
6b4b23df-c09d-459a-bc6d-5b24881b4f1d	4	116946725	117699080	473	0.004
6b4b23df-c09d-459a-bc6d-5b24881b4f1d	4	117699099	117699149	2	-1.5208
6b4b23df-c09d-459a-bc6d-5b24881b4f1d	4	117699334	121360818	2217	0.0042
6b4b23df-c09d-459a-bc6d-5b24881b4f1d	4	121361313	121363980	28	-2.7254
6b4b23df-c09d-459a-bc6d-5b24881b4f1d	4	121369976	124538250	1728	-0.0007
6b4b23df-c09d-459a-bc6d-5b24881b4f1d	4	124539196	124541780	3	-1.3997
6b4b23df-c09d-459a-bc6d-5b24881b4f1d	4	124541870	137205787	7160	-0.0012
6b4b23df-c09d-459a-bc6d-5b24881b4f1d	4	137206663	137226771	21	-0.4584
6b4b23df-c09d-459a-bc6d-5b24881b4f1d	4	137227350	148317162	6865	0.0066
6b4b23df-c09d-459a-bc6d-5b24881b4f1d	4	148317860	148333453	5	-1.3354
6b4b23df-c09d-459a-bc6d-5b24881b4f1d	4	148333518	152068448	2102	0.0054
6b4b23df-c09d-459a-bc6d-5b24881b4f1d	4	152069134	152072978	6	-0.8409
6b4b23df-c09d-459a-bc6d-5b24881b4f1d	4	152073038	160859617	5584	0.0019
6b4b23df-c09d-459a-bc6d-5b24881b4f1d	4	160862028	160865148	9	-0.8043
6b4b23df-c09d-459a-bc6d-5b24881b4f1d	4	160865239	164932971	2709	-0.0094
6b4b23df-c09d-459a-bc6d-5b24881b4f1d	4	164935953	164961141	14	0.5708
6b4b23df-c09d-459a-bc6d-5b24881b4f1d	4	164970478	171448195	4035	0.0093
6b4b23df-c09d-459a-bc6d-5b24881b4f1d	4	171453733	171456625	12	0.9919
6b4b23df-c09d-459a-bc6d-5b24881b4f1d	4	171459220	172501371	639	0.0001
6b4b23df-c09d-459a-bc6d-5b24881b4f1d	4	172503796	172507492	7	1.5662
6b4b23df-c09d-459a-bc6d-5b24881b4f1d	4	172519981	190106768	11824	0.0123
6b4b23df-c09d-459a-bc6d-5b24881b4f1d	5	15532	722281	314	0.0262
6b4b23df-c09d-459a-bc6d-5b24881b4f1d	5	724612	819817	29	-0.3422
6b4b23df-c09d-459a-bc6d-5b24881b4f1d	5	819921	5676334	4029	-0.0002
6b4b23df-c09d-459a-bc6d-5b24881b4f1d	5	5678884	5680502	25	-0.7506
6b4b23df-c09d-459a-bc6d-5b24881b4f1d	5	5680632	8931406	2726	0.008
6b4b23df-c09d-459a-bc6d-5b24881b4f1d	5	8933018	8933621	3	-1.119
6b4b23df-c09d-459a-bc6d-5b24881b4f1d	5	8936310	11161513	1952	0.0258
6b4b23df-c09d-459a-bc6d-5b24881b4f1d	5	11162524	11162659	3	-1.0316
6b4b23df-c09d-459a-bc6d-5b24881b4f1d	5	11167165	12785150	1083	0.0078
6b4b23df-c09d-459a-bc6d-5b24881b4f1d	5	12790757	12838421	18	0.5096
6b4b23df-c09d-459a-bc6d-5b24881b4f1d	5	12849089	34599942	13604	0.0045
6b4b23df-c09d-459a-bc6d-5b24881b4f1d	5	34599967	34599977	2	-1.7463
6b4b23df-c09d-459a-bc6d-5b24881b4f1d	5	34600158	45953598	6766	0.0049
6b4b23df-c09d-459a-bc6d-5b24881b4f1d	5	45961994	50206422	93	-0.4617
6b4b23df-c09d-459a-bc6d-5b24881b4f1d	5	50224178	69550476	12347	0.0054
6b4b23df-c09d-459a-bc6d-5b24881b4f1d	5	69571467	69822308	5	1.4474
6b4b23df-c09d-459a-bc6d-5b24881b4f1d	5	69937600	99713972	16702	0.0043
6b4b23df-c09d-459a-bc6d-5b24881b4f1d	5	99714556	99739211	10	-0.8073
6b4b23df-c09d-459a-bc6d-5b24881b4f1d	5	99740845	104524780	2790	-0.024
6b4b23df-c09d-459a-bc6d-5b24881b4f1d	5	104524847	104524903	2	2.0272
6b4b23df-c09d-459a-bc6d-5b24881b4f1d	5	104525348	105236926	538	-0.006
6b4b23df-c09d-459a-bc6d-5b24881b4f1d	5	105240458	105245290	8	-0.9059
6b4b23df-c09d-459a-bc6d-5b24881b4f1d	5	105246488	105351409	67	-0.0685
6b4b23df-c09d-459a-bc6d-5b24881b4f1d	5	105351799	105357328	6	-0.9347
6b4b23df-c09d-459a-bc6d-5b24881b4f1d	5	105361780	106749799	689	-0.0134
6b4b23df-c09d-459a-bc6d-5b24881b4f1d	5	106751537	106755485	6	-1.1704
6b4b23df-c09d-459a-bc6d-5b24881b4f1d	5	106755510	110643102	2583	0.0061
6b4b23df-c09d-459a-bc6d-5b24881b4f1d	5	110646882	110647094	2	-1.9652
6b4b23df-c09d-459a-bc6d-5b24881b4f1d	5	110647904	111098609	269	0.0051
6b4b23df-c09d-459a-bc6d-5b24881b4f1d	5	111101795	111119504	13	-0.6337
6b4b23df-c09d-459a-bc6d-5b24881b4f1d	5	111119568	118050922	5187	0.0124
6b4b23df-c09d-459a-bc6d-5b24881b4f1d	5	118052727	118071110	13	-0.5428
6b4b23df-c09d-459a-bc6d-5b24881b4f1d	5	118071839	150822643	20370	0.0032
6b4b23df-c09d-459a-bc6d-5b24881b4f1d	5	150825938	150839042	8	-0.9273
6b4b23df-c09d-459a-bc6d-5b24881b4f1d	5	150843825	167223313	11073	0.0083
6b4b23df-c09d-459a-bc6d-5b24881b4f1d	5	167232128	167232823	2	-1.4962
6b4b23df-c09d-459a-bc6d-5b24881b4f1d	5	167235585	175966609	6618	0.0139
6b4b23df-c09d-459a-bc6d-5b24881b4f1d	5	175966747	175993893	4	1.17
6b4b23df-c09d-459a-bc6d-5b24881b4f1d	5	175999690	177800550	730	0.026
6b4b23df-c09d-459a-bc6d-5b24881b4f1d	5	177801578	177805604	2	2.4913
6b4b23df-c09d-459a-bc6d-5b24881b4f1d	5	177827964	180947523	1795	0.0036
6b4b23df-c09d-459a-bc6d-5b24881b4f1d	5	180951710	180990911	18	0.6517
6b4b23df-c09d-459a-bc6d-5b24881b4f1d	5	180991103	181363319	171	0.0407
6b4b23df-c09d-459a-bc6d-5b24881b4f1d	6	149661	29869295	21618	0.0094
6b4b23df-c09d-459a-bc6d-5b24881b4f1d	6	29869410	29907031	24	-1.0929
6b4b23df-c09d-459a-bc6d-5b24881b4f1d	6	29909182	32656814	1222	0.001
6b4b23df-c09d-459a-bc6d-5b24881b4f1d	6	32657318	32658841	4	-2.6357
6b4b23df-c09d-459a-bc6d-5b24881b4f1d	6	32682835	33970222	798	0.0034
6b4b23df-c09d-459a-bc6d-5b24881b4f1d	6	33970966	33974928	7	-1.0994
6b4b23df-c09d-459a-bc6d-5b24881b4f1d	6	33976809	41650440	5096	0.0087
6b4b23df-c09d-459a-bc6d-5b24881b4f1d	6	41651023	41651509	3	-1.1732
6b4b23df-c09d-459a-bc6d-5b24881b4f1d	6	41651951	48361374	4128	0.0052
6b4b23df-c09d-459a-bc6d-5b24881b4f1d	6	48368995	48491863	57	0.431
6b4b23df-c09d-459a-bc6d-5b24881b4f1d	6	48496857	48535564	24	0.1605
6b4b23df-c09d-459a-bc6d-5b24881b4f1d	6	48537081	48537194	2	0.7316
6b4b23df-c09d-459a-bc6d-5b24881b4f1d	6	48539553	64627049	7786	0.0017
6b4b23df-c09d-459a-bc6d-5b24881b4f1d	6	64637651	64639099	2	-2.2548
6b4b23df-c09d-459a-bc6d-5b24881b4f1d	6	64640883	66963003	1656	-0.0188
6b4b23df-c09d-459a-bc6d-5b24881b4f1d	6	66965207	66978368	31	-0.4901
6b4b23df-c09d-459a-bc6d-5b24881b4f1d	6	66978390	67075844	97	-0.025
6b4b23df-c09d-459a-bc6d-5b24881b4f1d	6	67076038	67093974	29	-0.4684
6b4b23df-c09d-459a-bc6d-5b24881b4f1d	6	67094003	73882142	4334	0.0031
6b4b23df-c09d-459a-bc6d-5b24881b4f1d	6	73882509	73891694	10	0.6795
6b4b23df-c09d-459a-bc6d-5b24881b4f1d	6	73893839	103290458	18342	0.0005
6b4b23df-c09d-459a-bc6d-5b24881b4f1d	6	103290531	103314186	38	0.5439
6b4b23df-c09d-459a-bc6d-5b24881b4f1d	6	103317795	170741917	44080	0.0032
6b4b23df-c09d-459a-bc6d-5b24881b4f1d	7	43355	19463655	13800	0.008
6b4b23df-c09d-459a-bc6d-5b24881b4f1d	7	19463783	19476794	21	-0.6569
6b4b23df-c09d-459a-bc6d-5b24881b4f1d	7	19477100	47243291	19463	0.0127
6b4b23df-c09d-459a-bc6d-5b24881b4f1d	7	47245685	47249326	7	-0.8135
6b4b23df-c09d-459a-bc6d-5b24881b4f1d	7	47252356	54305455	5117	0.0145
6b4b23df-c09d-459a-bc6d-5b24881b4f1d	7	54318812	54318824	6	3.7807
6b4b23df-c09d-459a-bc6d-5b24881b4f1d	7	54325795	57822636	2023	0.0108
6b4b23df-c09d-459a-bc6d-5b24881b4f1d	7	57847011	61083061	18	-0.4983
6b4b23df-c09d-459a-bc6d-5b24881b4f1d	7	61083571	62526795	27	0.0858
6b4b23df-c09d-459a-bc6d-5b24881b4f1d	7	62526866	62904882	91	-0.5404
6b4b23df-c09d-459a-bc6d-5b24881b4f1d	7	62905066	109787793	26223	0.0074
6b4b23df-c09d-459a-bc6d-5b24881b4f1d	7	109789520	109797041	12	-0.2295
6b4b23df-c09d-459a-bc6d-5b24881b4f1d	7	109797042	109797700	9	0.5752
6b4b23df-c09d-459a-bc6d-5b24881b4f1d	7	109797715	109801187	11	0.1613
6b4b23df-c09d-459a-bc6d-5b24881b4f1d	7	109801572	109813853	10	0.88
6b4b23df-c09d-459a-bc6d-5b24881b4f1d	7	109813925	126405428	10015	0.0007
6b4b23df-c09d-459a-bc6d-5b24881b4f1d	7	126405502	126406822	12	1.1541
6b4b23df-c09d-459a-bc6d-5b24881b4f1d	7	126406823	127000465	409	0.0266
6b4b23df-c09d-459a-bc6d-5b24881b4f1d	7	127001004	127002867	9	-0.6857
6b4b23df-c09d-459a-bc6d-5b24881b4f1d	7	127008002	134100424	4278	0.0127
6b4b23df-c09d-459a-bc6d-5b24881b4f1d	7	134100442	134110881	25	-2.4055
6b4b23df-c09d-459a-bc6d-5b24881b4f1d	7	134110912	151346186	10750	0.0107
6b4b23df-c09d-459a-bc6d-5b24881b4f1d	7	151346588	151351868	4	-2.0824
6b4b23df-c09d-459a-bc6d-5b24881b4f1d	7	151351939	159334314	5320	0.0064
6b4b23df-c09d-459a-bc6d-5b24881b4f1d	8	81254	643041	321	0.0449
6b4b23df-c09d-459a-bc6d-5b24881b4f1d	8	644944	645908	10	1.2444
6b4b23df-c09d-459a-bc6d-5b24881b4f1d	8	656117	4144463	3356	0.0098
6b4b23df-c09d-459a-bc6d-5b24881b4f1d	8	4144509	4146421	23	-1.0804
6b4b23df-c09d-459a-bc6d-5b24881b4f1d	8	4146440	7185818	4003	0.0204
6b4b23df-c09d-459a-bc6d-5b24881b4f1d	8	7296545	7890177	50	-0.4898
6b4b23df-c09d-459a-bc6d-5b24881b4f1d	8	7919608	12092042	3235	0.0213
6b4b23df-c09d-459a-bc6d-5b24881b4f1d	8	12130217	12176798	7	-0.9827
6b4b23df-c09d-459a-bc6d-5b24881b4f1d	8	12177488	13757350	1114	0.01
6b4b23df-c09d-459a-bc6d-5b24881b4f1d	8	13757483	13794197	41	-0.8466
6b4b23df-c09d-459a-bc6d-5b24881b4f1d	8	13794213	13952610	179	-0.0568
6b4b23df-c09d-459a-bc6d-5b24881b4f1d	8	13952720	13957728	5	-1.9263
6b4b23df-c09d-459a-bc6d-5b24881b4f1d	8	13957826	16339682	2165	-0.0074
6b4b23df-c09d-459a-bc6d-5b24881b4f1d	8	16349445	16349614	8	-1.4608
6b4b23df-c09d-459a-bc6d-5b24881b4f1d	8	16354575	23544795	5782	0.0053
6b4b23df-c09d-459a-bc6d-5b24881b4f1d	8	23550227	23550358	5	-0.9161
6b4b23df-c09d-459a-bc6d-5b24881b4f1d	8	23550392	25116961	1138	0.0047
6b4b23df-c09d-459a-bc6d-5b24881b4f1d	8	25117007	25126818	25	0.4661
6b4b23df-c09d-459a-bc6d-5b24881b4f1d	8	25133589	32821348	5419	0.0046
6b4b23df-c09d-459a-bc6d-5b24881b4f1d	8	32825580	32830895	8	2.4315
6b4b23df-c09d-459a-bc6d-5b24881b4f1d	8	32834588	40914477	4702	0.0017
6b4b23df-c09d-459a-bc6d-5b24881b4f1d	8	40920333	40920952	2	-2.2918
6b4b23df-c09d-459a-bc6d-5b24881b4f1d	8	40926161	43566387	1447	0.0065
6b4b23df-c09d-459a-bc6d-5b24881b4f1d	8	43583771	43665212	15	-0.6561
6b4b23df-c09d-459a-bc6d-5b24881b4f1d	8	43673073	43749343	13	-0.0542
6b4b23df-c09d-459a-bc6d-5b24881b4f1d	8	43766749	43862525	19	-1.3716
6b4b23df-c09d-459a-bc6d-5b24881b4f1d	8	43869321	46486636	137	-0.0966
6b4b23df-c09d-459a-bc6d-5b24881b4f1d	8	46499689	46504606	9	-1.1759
6b4b23df-c09d-459a-bc6d-5b24881b4f1d	8	46517387	106840278	36577	0.0054
6b4b23df-c09d-459a-bc6d-5b24881b4f1d	8	106846291	106848098	13	-0.8173
6b4b23df-c09d-459a-bc6d-5b24881b4f1d	8	106850042	111279265	2629	0.0007
6b4b23df-c09d-459a-bc6d-5b24881b4f1d	8	111282050	111283031	10	0.9466
6b4b23df-c09d-459a-bc6d-5b24881b4f1d	8	111288052	114946621	2060	-0.0187
6b4b23df-c09d-459a-bc6d-5b24881b4f1d	8	114952125	114952288	2	-1.5374
6b4b23df-c09d-459a-bc6d-5b24881b4f1d	8	114954720	120401765	3711	0.0051
6b4b23df-c09d-459a-bc6d-5b24881b4f1d	8	120402235	120404112	2	-1.3774
6b4b23df-c09d-459a-bc6d-5b24881b4f1d	8	120406197	121306310	597	-0.0008
6b4b23df-c09d-459a-bc6d-5b24881b4f1d	8	121308836	121336061	16	0.6167
6b4b23df-c09d-459a-bc6d-5b24881b4f1d	8	121337065	121382007	30	0.05
6b4b23df-c09d-459a-bc6d-5b24881b4f1d	8	121382546	121426368	22	0.5799
6b4b23df-c09d-459a-bc6d-5b24881b4f1d	8	121426457	145072769	16444	0.0114
6b4b23df-c09d-459a-bc6d-5b24881b4f1d	9	46587	9817842	9343	0.0208
6b4b23df-c09d-459a-bc6d-5b24881b4f1d	9	9819724	9819729	2	-2.769
6b4b23df-c09d-459a-bc6d-5b24881b4f1d	9	9819733	9908279	118	0.0231
6b4b23df-c09d-459a-bc6d-5b24881b4f1d	9	9908296	9910123	10	-0.7048
6b4b23df-c09d-459a-bc6d-5b24881b4f1d	9	9912607	12296052	2010	-0.0087
6b4b23df-c09d-459a-bc6d-5b24881b4f1d	9	12296119	12296454	2	-1.497
6b4b23df-c09d-459a-bc6d-5b24881b4f1d	9	12296950	12316206	20	0.0397
6b4b23df-c09d-459a-bc6d-5b24881b4f1d	9	12319300	12333266	15	-0.457
6b4b23df-c09d-459a-bc6d-5b24881b4f1d	9	12340219	17581041	4272	0.0001
6b4b23df-c09d-459a-bc6d-5b24881b4f1d	9	17581152	17630772	50	0.2594
6b4b23df-c09d-459a-bc6d-5b24881b4f1d	9	17631210	17668489	40	0.0396
6b4b23df-c09d-459a-bc6d-5b24881b4f1d	9	17668641	17669008	2	-1.9949
6b4b23df-c09d-459a-bc6d-5b24881b4f1d	9	17669211	23366284	4498	0.0123
6b4b23df-c09d-459a-bc6d-5b24881b4f1d	9	23367171	23373486	5	1.1836
6b4b23df-c09d-459a-bc6d-5b24881b4f1d	9	23378490	29400714	4526	-0.0085
6b4b23df-c09d-459a-bc6d-5b24881b4f1d	9	29404323	29424849	24	-0.3989
6b4b23df-c09d-459a-bc6d-5b24881b4f1d	9	29425712	40018947	6181	0.0026
6b4b23df-c09d-459a-bc6d-5b24881b4f1d	9	40099591	40189830	3	1.3531
6b4b23df-c09d-459a-bc6d-5b24881b4f1d	9	40228981	40753470	7	0.0732
6b4b23df-c09d-459a-bc6d-5b24881b4f1d	9	40769393	40796987	2	2.6772
6b4b23df-c09d-459a-bc6d-5b24881b4f1d	9	40832327	42014203	88	0.0801
6b4b23df-c09d-459a-bc6d-5b24881b4f1d	9	42037471	42211663	22	-1.9078
6b4b23df-c09d-459a-bc6d-5b24881b4f1d	9	42230926	42279025	4	0.253
6b4b23df-c09d-459a-bc6d-5b24881b4f1d	9	42292452	42308537	6	-1.4614
6b4b23df-c09d-459a-bc6d-5b24881b4f1d	9	42501791	42727685	19	0.5743
6b4b23df-c09d-459a-bc6d-5b24881b4f1d	9	42729302	63580418	109	-0.0668
6b4b23df-c09d-459a-bc6d-5b24881b4f1d	9	63590317	63592813	7	2.2652
6b4b23df-c09d-459a-bc6d-5b24881b4f1d	9	63614182	64480578	49	-0.0652
6b4b23df-c09d-459a-bc6d-5b24881b4f1d	9	64493528	64510407	9	-0.8356
6b4b23df-c09d-459a-bc6d-5b24881b4f1d	9	64520620	64881149	20	0.0257
6b4b23df-c09d-459a-bc6d-5b24881b4f1d	9	64890167	64965589	6	-0.8974
6b4b23df-c09d-459a-bc6d-5b24881b4f1d	9	65947360	67107066	23	-0.0552
6b4b23df-c09d-459a-bc6d-5b24881b4f1d	9	67135566	67375814	5	1.0495
6b4b23df-c09d-459a-bc6d-5b24881b4f1d	9	67402423	91416705	16694	0.007
6b4b23df-c09d-459a-bc6d-5b24881b4f1d	9	91417696	91419669	4	-1.1341
6b4b23df-c09d-459a-bc6d-5b24881b4f1d	9	91425859	103804216	8080	-0.0025
6b4b23df-c09d-459a-bc6d-5b24881b4f1d	9	103806415	103807009	2	-2.9162
6b4b23df-c09d-459a-bc6d-5b24881b4f1d	9	103808421	138200944	23074	0.0004
6b4b23df-c09d-459a-bc6d-5b24881b4f1d	10	45792	24086334	19156	0.0071
6b4b23df-c09d-459a-bc6d-5b24881b4f1d	10	24088745	24089125	11	0.8046
6b4b23df-c09d-459a-bc6d-5b24881b4f1d	10	24089979	30962405	5014	0.006
6b4b23df-c09d-459a-bc6d-5b24881b4f1d	10	30962419	30962893	11	0.553
6b4b23df-c09d-459a-bc6d-5b24881b4f1d	10	30962956	41716768	4825	0.0077
6b4b23df-c09d-459a-bc6d-5b24881b4f1d	10	41717270	41796971	15	-0.6035
6b4b23df-c09d-459a-bc6d-5b24881b4f1d	10	41798237	47559592	2936	0.005
6b4b23df-c09d-459a-bc6d-5b24881b4f1d	10	47559596	47622159	2	-2.9365
6b4b23df-c09d-459a-bc6d-5b24881b4f1d	10	47627616	50070600	1387	0.011
6b4b23df-c09d-459a-bc6d-5b24881b4f1d	10	50081224	50132160	4	1.205
6b4b23df-c09d-459a-bc6d-5b24881b4f1d	10	50144008	55407933	3911	-0.0022
6b4b23df-c09d-459a-bc6d-5b24881b4f1d	10	55419392	55424059	38	-0.5734
6b4b23df-c09d-459a-bc6d-5b24881b4f1d	10	55430389	56753095	895	-0.0476
6b4b23df-c09d-459a-bc6d-5b24881b4f1d	10	56756615	56767077	41	-0.7825
6b4b23df-c09d-459a-bc6d-5b24881b4f1d	10	56772992	64638921	5438	0.002
6b4b23df-c09d-459a-bc6d-5b24881b4f1d	10	64639652	64640112	2	-1.946
6b4b23df-c09d-459a-bc6d-5b24881b4f1d	10	64643074	79595316	9904	-0.0021
6b4b23df-c09d-459a-bc6d-5b24881b4f1d	10	79624118	79737715	13	-0.7822
6b4b23df-c09d-459a-bc6d-5b24881b4f1d	10	79737848	131524832	35872	0.0071
6b4b23df-c09d-459a-bc6d-5b24881b4f1d	10	131528513	131528631	2	1.6738
6b4b23df-c09d-459a-bc6d-5b24881b4f1d	10	131528819	133415637	917	-0.0057
6b4b23df-c09d-459a-bc6d-5b24881b4f1d	10	133416215	133416364	2	-3.5065
6b4b23df-c09d-459a-bc6d-5b24881b4f1d	10	133419150	133654968	147	0.0144
6b4b23df-c09d-459a-bc6d-5b24881b4f1d	11	198510	4945831	2411	0.0091
6b4b23df-c09d-459a-bc6d-5b24881b4f1d	11	4946000	4946420	4	-1.089
6b4b23df-c09d-459a-bc6d-5b24881b4f1d	11	4947280	4955042	30	0.3933
6b4b23df-c09d-459a-bc6d-5b24881b4f1d	11	4955781	5766175	783	0.0137
6b4b23df-c09d-459a-bc6d-5b24881b4f1d	11	5766850	5787146	30	0.3295
6b4b23df-c09d-459a-bc6d-5b24881b4f1d	11	5787818	5850293	71	0.0057
6b4b23df-c09d-459a-bc6d-5b24881b4f1d	11	5851007	5862087	7	-1.1867
6b4b23df-c09d-459a-bc6d-5b24881b4f1d	11	5864481	21825348	11963	0.0047
6b4b23df-c09d-459a-bc6d-5b24881b4f1d	11	21825960	21827206	5	-1.1954
6b4b23df-c09d-459a-bc6d-5b24881b4f1d	11	21829111	48770451	18028	0.0035
6b4b23df-c09d-459a-bc6d-5b24881b4f1d	11	48770485	48871638	15	-0.9768
6b4b23df-c09d-459a-bc6d-5b24881b4f1d	11	48871667	50514047	677	0.0008
6b4b23df-c09d-459a-bc6d-5b24881b4f1d	11	50517097	50810146	31	-0.643
6b4b23df-c09d-459a-bc6d-5b24881b4f1d	11	54554853	54852259	114	0.0295
6b4b23df-c09d-459a-bc6d-5b24881b4f1d	11	54880568	55090832	38	-0.7878
6b4b23df-c09d-459a-bc6d-5b24881b4f1d	11	55123806	55608547	226	0.03
6b4b23df-c09d-459a-bc6d-5b24881b4f1d	11	55608760	55685533	54	-0.6547
6b4b23df-c09d-459a-bc6d-5b24881b4f1d	11	55686100	76251982	10616	0.0008
6b4b23df-c09d-459a-bc6d-5b24881b4f1d	11	76253330	76259104	7	-1.3015
6b4b23df-c09d-459a-bc6d-5b24881b4f1d	11	76260834	78603929	1278	0.0071
6b4b23df-c09d-459a-bc6d-5b24881b4f1d	11	78604669	78633203	11	-0.5162
6b4b23df-c09d-459a-bc6d-5b24881b4f1d	11	78634295	80256469	1329	0.011
6b4b23df-c09d-459a-bc6d-5b24881b4f1d	11	80256504	80256520	2	-3.2009
6b4b23df-c09d-459a-bc6d-5b24881b4f1d	11	80256642	93012353	8705	0.0019
6b4b23df-c09d-459a-bc6d-5b24881b4f1d	11	93012411	93012638	2	-3.4051
6b4b23df-c09d-459a-bc6d-5b24881b4f1d	11	93012815	135074876	30262	0.0053
6b4b23df-c09d-459a-bc6d-5b24881b4f1d	12	51460	8404097	5595	0.0339
6b4b23df-c09d-459a-bc6d-5b24881b4f1d	12	8405892	8423870	15	1.1612
6b4b23df-c09d-459a-bc6d-5b24881b4f1d	12	8428232	9481274	562	0.0187
6b4b23df-c09d-459a-bc6d-5b24881b4f1d	12	9485313	9575696	23	0.5262
6b4b23df-c09d-459a-bc6d-5b24881b4f1d	12	9582373	11358643	1179	0.0228
6b4b23df-c09d-459a-bc6d-5b24881b4f1d	12	11358644	11390472	30	-0.6642
6b4b23df-c09d-459a-bc6d-5b24881b4f1d	12	11399258	33227031	15411	0.0244
6b4b23df-c09d-459a-bc6d-5b24881b4f1d	12	33232895	33242483	7	-1.9151
6b4b23df-c09d-459a-bc6d-5b24881b4f1d	12	33246118	34446392	684	0.0197
6b4b23df-c09d-459a-bc6d-5b24881b4f1d	12	34458576	34577418	29	-0.5528
6b4b23df-c09d-459a-bc6d-5b24881b4f1d	12	34581817	74761319	22585	0.019
6b4b23df-c09d-459a-bc6d-5b24881b4f1d	12	74764832	74774039	19	-0.5788
6b4b23df-c09d-459a-bc6d-5b24881b4f1d	12	74774339	99398014	15860	0.0157
6b4b23df-c09d-459a-bc6d-5b24881b4f1d	12	99398036	99404956	32	-0.6498
6b4b23df-c09d-459a-bc6d-5b24881b4f1d	12	99409315	126462193	17609	0.0246
6b4b23df-c09d-459a-bc6d-5b24881b4f1d	12	126462719	130601378	3669	0.0691
6b4b23df-c09d-459a-bc6d-5b24881b4f1d	12	130601428	131648123	845	0.0301
6b4b23df-c09d-459a-bc6d-5b24881b4f1d	12	131648138	131648530	3	1.3284
6b4b23df-c09d-459a-bc6d-5b24881b4f1d	12	131648620	133201603	566	0.0397
6b4b23df-c09d-459a-bc6d-5b24881b4f1d	13	18452809	23184238	2982	0.0175
6b4b23df-c09d-459a-bc6d-5b24881b4f1d	13	23186680	23192723	13	-0.9703
6b4b23df-c09d-459a-bc6d-5b24881b4f1d	13	23193675	31560393	6284	0.0139
6b4b23df-c09d-459a-bc6d-5b24881b4f1d	13	31563966	31574239	12	-1.3374
6b4b23df-c09d-459a-bc6d-5b24881b4f1d	13	31574428	37493438	4166	0.0149
6b4b23df-c09d-459a-bc6d-5b24881b4f1d	13	37495907	37514193	20	0.4435
6b4b23df-c09d-459a-bc6d-5b24881b4f1d	13	37514237	57189013	12508	0.0099
6b4b23df-c09d-459a-bc6d-5b24881b4f1d	13	57189156	57215580	29	-0.8151
6b4b23df-c09d-459a-bc6d-5b24881b4f1d	13	57215875	58010656	418	-0.0151
6b4b23df-c09d-459a-bc6d-5b24881b4f1d	13	58016147	58019138	4	-2.4802
6b4b23df-c09d-459a-bc6d-5b24881b4f1d	13	58019212	68668123	6452	-0.0086
6b4b23df-c09d-459a-bc6d-5b24881b4f1d	13	68674167	68694110	38	-0.8015
6b4b23df-c09d-459a-bc6d-5b24881b4f1d	13	68694987	71902850	2055	-0.0049
6b4b23df-c09d-459a-bc6d-5b24881b4f1d	13	71903417	71906418	4	1.3302
6b4b23df-c09d-459a-bc6d-5b24881b4f1d	13	71906467	81320797	6513	0.0121
6b4b23df-c09d-459a-bc6d-5b24881b4f1d	13	81322135	81322562	2	-2.526
6b4b23df-c09d-459a-bc6d-5b24881b4f1d	13	81327044	82617608	767	-0.0212
6b4b23df-c09d-459a-bc6d-5b24881b4f1d	13	82617703	82629163	7	-0.7395
6b4b23df-c09d-459a-bc6d-5b24881b4f1d	13	82631841	86073263	2233	-0.0092
6b4b23df-c09d-459a-bc6d-5b24881b4f1d	13	86073297	86074404	2	-1.5592
6b4b23df-c09d-459a-bc6d-5b24881b4f1d	13	86076437	94322376	5144	-0.01
6b4b23df-c09d-459a-bc6d-5b24881b4f1d	13	94324297	94324748	3	-1.5082
6b4b23df-c09d-459a-bc6d-5b24881b4f1d	13	94326480	103746078	6701	0.0094
6b4b23df-c09d-459a-bc6d-5b24881b4f1d	13	103750696	103755087	22	-0.4367
6b4b23df-c09d-459a-bc6d-5b24881b4f1d	13	103755192	104897561	899	0.0075
6b4b23df-c09d-459a-bc6d-5b24881b4f1d	13	104901315	104905165	8	-0.5983
6b4b23df-c09d-459a-bc6d-5b24881b4f1d	13	104911499	105190027	229	0.0218
6b4b23df-c09d-459a-bc6d-5b24881b4f1d	13	105190240	105192678	2	1.4497
6b4b23df-c09d-459a-bc6d-5b24881b4f1d	13	105192807	114342922	6509	0.0102
6b4b23df-c09d-459a-bc6d-5b24881b4f1d	14	18239283	18640726	15	0.183
6b4b23df-c09d-459a-bc6d-5b24881b4f1d	14	18646056	18656322	2	-1.6252
6b4b23df-c09d-459a-bc6d-5b24881b4f1d	14	18657897	19735307	52	0.2704
6b4b23df-c09d-459a-bc6d-5b24881b4f1d	14	19735726	22126519	1609	0.0185
6b4b23df-c09d-459a-bc6d-5b24881b4f1d	14	22130412	22528875	356	0.1925
6b4b23df-c09d-459a-bc6d-5b24881b4f1d	14	22530451	41002809	11544	0.0024
6b4b23df-c09d-459a-bc6d-5b24881b4f1d	14	41002893	41019628	37	-1.16
6b4b23df-c09d-459a-bc6d-5b24881b4f1d	14	41019982	55848193	9165	-0.001
6b4b23df-c09d-459a-bc6d-5b24881b4f1d	14	55855565	55858405	3	-2.0723
6b4b23df-c09d-459a-bc6d-5b24881b4f1d	14	55859177	106294689	32214	0.0038
6b4b23df-c09d-459a-bc6d-5b24881b4f1d	14	106297265	106297273	3	1.9228
6b4b23df-c09d-459a-bc6d-5b24881b4f1d	14	106297409	106403147	45	-0.0423
6b4b23df-c09d-459a-bc6d-5b24881b4f1d	14	106407604	106418444	7	-0.873
6b4b23df-c09d-459a-bc6d-5b24881b4f1d	14	106423925	106877229	243	0.0225
6b4b23df-c09d-459a-bc6d-5b24881b4f1d	15	19811075	20190276	56	-0.0483
6b4b23df-c09d-459a-bc6d-5b24881b4f1d	15	20206125	22005276	124	-0.3914
6b4b23df-c09d-459a-bc6d-5b24881b4f1d	15	22227530	25226010	1548	0.0202
6b4b23df-c09d-459a-bc6d-5b24881b4f1d	15	25227754	25230670	3	-1.3314
6b4b23df-c09d-459a-bc6d-5b24881b4f1d	15	25234008	30077828	3094	0.0166
6b4b23df-c09d-459a-bc6d-5b24881b4f1d	15	30094208	30500366	34	-0.3996
6b4b23df-c09d-459a-bc6d-5b24881b4f1d	15	30503586	40144882	6618	0.0028
6b4b23df-c09d-459a-bc6d-5b24881b4f1d	15	40152133	40152146	2	-1.5265
6b4b23df-c09d-459a-bc6d-5b24881b4f1d	15	40158524	43553275	1673	-0.0043
6b4b23df-c09d-459a-bc6d-5b24881b4f1d	15	43553305	43698816	26	0.6327
6b4b23df-c09d-459a-bc6d-5b24881b4f1d	15	43700460	76599286	20687	0.0044
6b4b23df-c09d-459a-bc6d-5b24881b4f1d	15	76599400	76603434	19	0.8845
6b4b23df-c09d-459a-bc6d-5b24881b4f1d	15	76609838	83874498	4411	0.0053
6b4b23df-c09d-459a-bc6d-5b24881b4f1d	15	83874650	83878795	5	-1.1432
6b4b23df-c09d-459a-bc6d-5b24881b4f1d	15	83879115	101928837	13168	0.0124
6b4b23df-c09d-459a-bc6d-5b24881b4f1d	16	10777	9635483	7084	0.0274
6b4b23df-c09d-459a-bc6d-5b24881b4f1d	16	9636249	9636257	2	-2.1001
6b4b23df-c09d-459a-bc6d-5b24881b4f1d	16	9636970	16246583	4648	0.0123
6b4b23df-c09d-459a-bc6d-5b24881b4f1d	16	16259309	16268505	2	-2.5571
6b4b23df-c09d-459a-bc6d-5b24881b4f1d	16	16269368	16743769	40	0.4433
6b4b23df-c09d-459a-bc6d-5b24881b4f1d	16	16761504	16834890	40	0.0455
6b4b23df-c09d-459a-bc6d-5b24881b4f1d	16	16834896	16840360	10	-0.5421
6b4b23df-c09d-459a-bc6d-5b24881b4f1d	16	16848869	18622094	942	0.0809
6b4b23df-c09d-459a-bc6d-5b24881b4f1d	16	18624482	89417726	38708	0.0047
6b4b23df-c09d-459a-bc6d-5b24881b4f1d	16	89417771	90096867	320	0.062
6b4b23df-c09d-459a-bc6d-5b24881b4f1d	17	150733	15608819	10003	0.0133
6b4b23df-c09d-459a-bc6d-5b24881b4f1d	17	15609752	15643476	5	-1.893
6b4b23df-c09d-459a-bc6d-5b24881b4f1d	17	15650964	18452078	1382	-0.0143
6b4b23df-c09d-459a-bc6d-5b24881b4f1d	17	18455632	18561907	26	0.7313
6b4b23df-c09d-459a-bc6d-5b24881b4f1d	17	18565883	33549331	4910	-0.0001
6b4b23df-c09d-459a-bc6d-5b24881b4f1d	17	33549825	34698412	1077	0.0794
6b4b23df-c09d-459a-bc6d-5b24881b4f1d	17	34698955	36112585	843	0.0066
6b4b23df-c09d-459a-bc6d-5b24881b4f1d	17	36113405	36150098	31	0.4335
6b4b23df-c09d-459a-bc6d-5b24881b4f1d	17	36150221	41266805	2528	0.0018
6b4b23df-c09d-459a-bc6d-5b24881b4f1d	17	41266825	41266838	2	2.1105
6b4b23df-c09d-459a-bc6d-5b24881b4f1d	17	41266851	46103588	2529	0.0086
6b4b23df-c09d-459a-bc6d-5b24881b4f1d	17	46104213	46569894	117	-0.3627
6b4b23df-c09d-459a-bc6d-5b24881b4f1d	17	46571001	52752187	3485	0.0086
6b4b23df-c09d-459a-bc6d-5b24881b4f1d	17	52758177	52758281	2	-1.7915
6b4b23df-c09d-459a-bc6d-5b24881b4f1d	17	52759125	56081683	2303	-0.0087
6b4b23df-c09d-459a-bc6d-5b24881b4f1d	17	56083553	56094916	25	-1.049
6b4b23df-c09d-459a-bc6d-5b24881b4f1d	17	56095230	83091923	15718	0.0048
6b4b23df-c09d-459a-bc6d-5b24881b4f1d	18	48133	42351574	23898	0.0061
6b4b23df-c09d-459a-bc6d-5b24881b4f1d	18	42357227	42357824	10	-0.8236
6b4b23df-c09d-459a-bc6d-5b24881b4f1d	18	42360438	42470463	72	0.0146
6b4b23df-c09d-459a-bc6d-5b24881b4f1d	18	42471713	42490234	32	0.3252
6b4b23df-c09d-459a-bc6d-5b24881b4f1d	18	42490280	49468535	4576	0.0058
6b4b23df-c09d-459a-bc6d-5b24881b4f1d	18	49471356	49476982	3	-2.839
6b4b23df-c09d-459a-bc6d-5b24881b4f1d	18	49483097	66060309	11641	0.0057
6b4b23df-c09d-459a-bc6d-5b24881b4f1d	18	66060363	66061104	10	-1.4273
6b4b23df-c09d-459a-bc6d-5b24881b4f1d	18	66065502	67286412	819	-0.0175
6b4b23df-c09d-459a-bc6d-5b24881b4f1d	18	67291970	67300028	21	-0.6979
6b4b23df-c09d-459a-bc6d-5b24881b4f1d	18	67300481	80257174	9560	0.0102
6b4b23df-c09d-459a-bc6d-5b24881b4f1d	19	90910	255578	4	-0.3928
6b4b23df-c09d-459a-bc6d-5b24881b4f1d	19	255830	24247735	11107	0.009
6b4b23df-c09d-459a-bc6d-5b24881b4f1d	19	24250395	27525332	63	-0.3032
6b4b23df-c09d-459a-bc6d-5b24881b4f1d	19	27525385	27550922	8	-1.365
6b4b23df-c09d-459a-bc6d-5b24881b4f1d	19	27578093	43307659	9435	0.0021
6b4b23df-c09d-459a-bc6d-5b24881b4f1d	19	43313285	43313683	3	-1.6167
6b4b23df-c09d-459a-bc6d-5b24881b4f1d	19	43313722	58586487	8455	0.0077
6b4b23df-c09d-459a-bc6d-5b24881b4f1d	20	80664	961022	705	0.0261
6b4b23df-c09d-459a-bc6d-5b24881b4f1d	20	965819	965855	2	-2.4724
6b4b23df-c09d-459a-bc6d-5b24881b4f1d	20	966371	1571811	474	0.0144
6b4b23df-c09d-459a-bc6d-5b24881b4f1d	20	1576544	1601561	57	-0.5679
6b4b23df-c09d-459a-bc6d-5b24881b4f1d	20	1609611	4459418	2042	0.0075
6b4b23df-c09d-459a-bc6d-5b24881b4f1d	20	4465402	4468301	5	-1.0921
6b4b23df-c09d-459a-bc6d-5b24881b4f1d	20	4469019	4575749	105	-0.0247
6b4b23df-c09d-459a-bc6d-5b24881b4f1d	20	4576220	4583489	2	-1.6039
6b4b23df-c09d-459a-bc6d-5b24881b4f1d	20	4585670	23184378	14618	0.0136
6b4b23df-c09d-459a-bc6d-5b24881b4f1d	20	23190094	23193757	7	-1.029
6b4b23df-c09d-459a-bc6d-5b24881b4f1d	20	23195875	26277456	1957	0.0154
6b4b23df-c09d-459a-bc6d-5b24881b4f1d	20	26285462	26324855	12	-0.8034
6b4b23df-c09d-459a-bc6d-5b24881b4f1d	20	26324943	64324800	22337	0.0054
6b4b23df-c09d-459a-bc6d-5b24881b4f1d	21	10354168	23307708	7070	-0.0086
6b4b23df-c09d-459a-bc6d-5b24881b4f1d	21	23311180	23334248	29	-1.0754
6b4b23df-c09d-459a-bc6d-5b24881b4f1d	21	23336644	46677045	16732	0.0041
6b4b23df-c09d-459a-bc6d-5b24881b4f1d	22	15294547	50796027	23256	0.0074
6b4b23df-c09d-459a-bc6d-5b24881b4f1d	X	251810	5822076	2343	0.0304
6b4b23df-c09d-459a-bc6d-5b24881b4f1d	X	5822123	5828401	3	-2.4496
6b4b23df-c09d-459a-bc6d-5b24881b4f1d	X	5828935	24057670	12179	0.0243
6b4b23df-c09d-459a-bc6d-5b24881b4f1d	X	24057745	24059792	4	-2.4931
6b4b23df-c09d-459a-bc6d-5b24881b4f1d	X	24059977	33790035	6386	-0.002
6b4b23df-c09d-459a-bc6d-5b24881b4f1d	X	33790624	33801501	4	-1.8745
6b4b23df-c09d-459a-bc6d-5b24881b4f1d	X	33808272	58291715	12251	0.0079
6b4b23df-c09d-459a-bc6d-5b24881b4f1d	X	58298864	62802319	76	-0.4421
6b4b23df-c09d-459a-bc6d-5b24881b4f1d	X	62831001	116489197	26933	0.006
6b4b23df-c09d-459a-bc6d-5b24881b4f1d	X	116489377	116491109	3	-3.539
6b4b23df-c09d-459a-bc6d-5b24881b4f1d	X	116491632	121623835	2998	0.0009
6b4b23df-c09d-459a-bc6d-5b24881b4f1d	X	121625468	121626426	2	-4.002
6b4b23df-c09d-459a-bc6d-5b24881b4f1d	X	121629402	121840388	123	0.003
6b4b23df-c09d-459a-bc6d-5b24881b4f1d	X	121843144	121843181	2	-6.5078
6b4b23df-c09d-459a-bc6d-5b24881b4f1d	X	121843526	121847739	5	-1.3381
6b4b23df-c09d-459a-bc6d-5b24881b4f1d	X	121848998	126854923	3023	-0.0023
6b4b23df-c09d-459a-bc6d-5b24881b4f1d	X	126856362	126862060	2	-3.9224
6b4b23df-c09d-459a-bc6d-5b24881b4f1d	X	126862972	128502215	881	-0.0366
6b4b23df-c09d-459a-bc6d-5b24881b4f1d	X	128503676	128504703	3	-3.1789
6b4b23df-c09d-459a-bc6d-5b24881b4f1d	X	128505017	155952689	16005	0.0072
6b4b23df-c09d-459a-bc6d-5b24881b4f1d	Y	2782397	9685653	2308	-1.0073
6b4b23df-c09d-459a-bc6d-5b24881b4f1d	Y	9759940	9811130	3	-3.4579
6b4b23df-c09d-459a-bc6d-5b24881b4f1d	Y	9870332	56872112	4328	-1.0076
