GDC_Aliquot	Chromosome	Start	End	Num_Probes	Segment_Mean
550e625a-a1cb-4257-a14e-5f46799c03b4	1	62920	98588	12	-0.6085
550e625a-a1cb-4257-a14e-5f46799c03b4	1	98602	34637053	18967	-0.0002
550e625a-a1cb-4257-a14e-5f46799c03b4	1	34637069	34638890	19	-0.434
550e625a-a1cb-4257-a14e-5f46799c03b4	1	34648667	72280864	23688	0.0026
550e625a-a1cb-4257-a14e-5f46799c03b4	1	72280884	72338895	47	0.3046
550e625a-a1cb-4257-a14e-5f46799c03b4	1	72339055	83350794	7071	0.0063
550e625a-a1cb-4257-a14e-5f46799c03b4	1	83359894	83359907	2	-2.2495
550e625a-a1cb-4257-a14e-5f46799c03b4	1	83362590	110834746	17308	0.0053
550e625a-a1cb-4257-a14e-5f46799c03b4	1	110834943	110845604	38	-0.4156
550e625a-a1cb-4257-a14e-5f46799c03b4	1	110849445	113224635	1782	-0.0027
550e625a-a1cb-4257-a14e-5f46799c03b4	1	113225129	113231359	2	-1.6654
550e625a-a1cb-4257-a14e-5f46799c03b4	1	113231492	152583230	6892	0.0082
550e625a-a1cb-4257-a14e-5f46799c03b4	1	152583291	152613762	30	-1.5306
550e625a-a1cb-4257-a14e-5f46799c03b4	1	152613802	152787202	170	-0.0121
550e625a-a1cb-4257-a14e-5f46799c03b4	1	152789447	152796224	37	0.4339
550e625a-a1cb-4257-a14e-5f46799c03b4	1	152801429	196762956	29372	0.0037
550e625a-a1cb-4257-a14e-5f46799c03b4	1	196769493	196854187	59	-0.5075
550e625a-a1cb-4257-a14e-5f46799c03b4	1	196854483	247621841	34991	-0.0017
550e625a-a1cb-4257-a14e-5f46799c03b4	1	247621992	248844611	679	0.0815
550e625a-a1cb-4257-a14e-5f46799c03b4	1	248849447	248930189	41	-0.0974
550e625a-a1cb-4257-a14e-5f46799c03b4	2	12784	34466002	24027	0.0132
550e625a-a1cb-4257-a14e-5f46799c03b4	2	34474248	34502800	44	0.6012
550e625a-a1cb-4257-a14e-5f46799c03b4	2	34511446	52527423	12980	0.0108
550e625a-a1cb-4257-a14e-5f46799c03b4	2	52527590	52527743	3	-2.2588
550e625a-a1cb-4257-a14e-5f46799c03b4	2	52531615	52537675	13	0.1947
550e625a-a1cb-4257-a14e-5f46799c03b4	2	52538254	52554366	18	0.5645
550e625a-a1cb-4257-a14e-5f46799c03b4	2	52554384	87489240	22030	0.017
550e625a-a1cb-4257-a14e-5f46799c03b4	2	87489506	87528459	11	-0.6813
550e625a-a1cb-4257-a14e-5f46799c03b4	2	87542032	106266773	7330	0.0139
550e625a-a1cb-4257-a14e-5f46799c03b4	2	106266875	106268557	6	-2.8326
550e625a-a1cb-4257-a14e-5f46799c03b4	2	106268901	125263301	11163	0.0168
550e625a-a1cb-4257-a14e-5f46799c03b4	2	125265293	125266840	2	-1.4464
550e625a-a1cb-4257-a14e-5f46799c03b4	2	125267210	183929124	35833	0.0107
550e625a-a1cb-4257-a14e-5f46799c03b4	2	183929673	183937714	17	-0.7358
550e625a-a1cb-4257-a14e-5f46799c03b4	2	183943862	242147305	35654	0.0106
550e625a-a1cb-4257-a14e-5f46799c03b4	3	20930	2809769	2424	0.0626
550e625a-a1cb-4257-a14e-5f46799c03b4	3	2810159	68697108	45253	0.0068
550e625a-a1cb-4257-a14e-5f46799c03b4	3	68697133	68698213	12	-1.3363
550e625a-a1cb-4257-a14e-5f46799c03b4	3	68698262	162906109	54868	0.0066
550e625a-a1cb-4257-a14e-5f46799c03b4	3	162908192	162908815	4	-1.5873
550e625a-a1cb-4257-a14e-5f46799c03b4	3	162910826	169631156	3894	0.0044
550e625a-a1cb-4257-a14e-5f46799c03b4	3	169632074	169632816	2	-1.6989
550e625a-a1cb-4257-a14e-5f46799c03b4	3	169634670	193162798	15214	0.0052
550e625a-a1cb-4257-a14e-5f46799c03b4	3	193162937	193165114	11	1.0198
550e625a-a1cb-4257-a14e-5f46799c03b4	3	193168646	198169247	2688	0.0024
550e625a-a1cb-4257-a14e-5f46799c03b4	4	68929	5315008	2526	-0.0078
550e625a-a1cb-4257-a14e-5f46799c03b4	4	5318059	5319207	2	-1.4484
550e625a-a1cb-4257-a14e-5f46799c03b4	4	5321568	9455251	2624	0.007
550e625a-a1cb-4257-a14e-5f46799c03b4	4	9459504	9477699	6	2.1053
550e625a-a1cb-4257-a14e-5f46799c03b4	4	9484440	10208766	540	0.0299
550e625a-a1cb-4257-a14e-5f46799c03b4	4	10212536	10229874	29	2.0255
550e625a-a1cb-4257-a14e-5f46799c03b4	4	10232590	34777238	16923	0.0038
550e625a-a1cb-4257-a14e-5f46799c03b4	4	34777340	34822561	43	-0.5035
550e625a-a1cb-4257-a14e-5f46799c03b4	4	34823103	62993338	16056	0.0058
550e625a-a1cb-4257-a14e-5f46799c03b4	4	62993471	62993510	2	-1.5731
550e625a-a1cb-4257-a14e-5f46799c03b4	4	62993769	68418873	3315	0.0062
550e625a-a1cb-4257-a14e-5f46799c03b4	4	68422420	68422424	3	-1.71
550e625a-a1cb-4257-a14e-5f46799c03b4	4	68429081	114252500	27676	0.0055
550e625a-a1cb-4257-a14e-5f46799c03b4	4	114252544	114263073	25	0.6877
550e625a-a1cb-4257-a14e-5f46799c03b4	4	114263096	115244712	604	0.0031
550e625a-a1cb-4257-a14e-5f46799c03b4	4	115244948	115259026	24	-0.5293
550e625a-a1cb-4257-a14e-5f46799c03b4	4	115259080	160952848	27238	0.0039
550e625a-a1cb-4257-a14e-5f46799c03b4	4	160958866	160963881	27	0.5008
550e625a-a1cb-4257-a14e-5f46799c03b4	4	160963971	188300104	17962	0.0064
550e625a-a1cb-4257-a14e-5f46799c03b4	4	188300206	188300221	2	-2.7208
550e625a-a1cb-4257-a14e-5f46799c03b4	4	188300270	190106768	1141	0.0441
550e625a-a1cb-4257-a14e-5f46799c03b4	5	15532	32102625	22208	0.0062
550e625a-a1cb-4257-a14e-5f46799c03b4	5	32106978	32158349	39	0.5694
550e625a-a1cb-4257-a14e-5f46799c03b4	5	32170181	46251204	8344	0.0092
550e625a-a1cb-4257-a14e-5f46799c03b4	5	46270906	46273400	8	1.2084
550e625a-a1cb-4257-a14e-5f46799c03b4	5	46278110	118050922	41208	0.0076
550e625a-a1cb-4257-a14e-5f46799c03b4	5	118052727	118053390	11	-0.7213
550e625a-a1cb-4257-a14e-5f46799c03b4	5	118068645	140839137	13775	0.0025
550e625a-a1cb-4257-a14e-5f46799c03b4	5	140844251	140852254	10	-0.7139
550e625a-a1cb-4257-a14e-5f46799c03b4	5	140861442	156049910	10203	0.0007
550e625a-a1cb-4257-a14e-5f46799c03b4	5	156049988	156055719	12	-2.1273
550e625a-a1cb-4257-a14e-5f46799c03b4	5	156068240	167338422	7489	0.0008
550e625a-a1cb-4257-a14e-5f46799c03b4	5	167348009	167524636	138	-0.9633
550e625a-a1cb-4257-a14e-5f46799c03b4	5	167533554	167653975	90	-0.0495
550e625a-a1cb-4257-a14e-5f46799c03b4	5	167655000	167661033	12	-0.9844
550e625a-a1cb-4257-a14e-5f46799c03b4	5	167663529	178682974	7485	0.0024
550e625a-a1cb-4257-a14e-5f46799c03b4	5	178685260	178686162	2	-2.1687
550e625a-a1cb-4257-a14e-5f46799c03b4	5	178691854	181363319	1530	-0.0071
550e625a-a1cb-4257-a14e-5f46799c03b4	6	149661	9074073	7316	0.0047
550e625a-a1cb-4257-a14e-5f46799c03b4	6	9074388	9074600	2	-1.4806
550e625a-a1cb-4257-a14e-5f46799c03b4	6	9076692	26743855	12869	0.0027
550e625a-a1cb-4257-a14e-5f46799c03b4	6	26747492	26759781	5	-0.9051
550e625a-a1cb-4257-a14e-5f46799c03b4	6	26831719	29869411	1412	-0.0168
550e625a-a1cb-4257-a14e-5f46799c03b4	6	29869537	29876257	8	-0.2929
550e625a-a1cb-4257-a14e-5f46799c03b4	6	29876595	29881490	6	-1.2746
550e625a-a1cb-4257-a14e-5f46799c03b4	6	29882419	31313046	660	-0.0079
550e625a-a1cb-4257-a14e-5f46799c03b4	6	31318499	31328674	10	1.5437
550e625a-a1cb-4257-a14e-5f46799c03b4	6	31342147	32502190	506	-0.0006
550e625a-a1cb-4257-a14e-5f46799c03b4	6	32507164	32658841	56	0.2752
550e625a-a1cb-4257-a14e-5f46799c03b4	6	32682835	54066286	13676	0.0053
550e625a-a1cb-4257-a14e-5f46799c03b4	6	54066353	54066582	4	-0.673
550e625a-a1cb-4257-a14e-5f46799c03b4	6	54066621	54067057	3	-2.2111
550e625a-a1cb-4257-a14e-5f46799c03b4	6	54070550	68428164	6878	0.0041
550e625a-a1cb-4257-a14e-5f46799c03b4	6	68428437	68432116	2	-2.3609
550e625a-a1cb-4257-a14e-5f46799c03b4	6	68436135	76730151	5255	0.0114
550e625a-a1cb-4257-a14e-5f46799c03b4	6	76730331	76758214	22	-0.62
550e625a-a1cb-4257-a14e-5f46799c03b4	6	76758749	78252909	968	0.0152
550e625a-a1cb-4257-a14e-5f46799c03b4	6	78253157	78322875	108	0.591
550e625a-a1cb-4257-a14e-5f46799c03b4	6	78325223	133945130	34487	0.004
550e625a-a1cb-4257-a14e-5f46799c03b4	6	133947933	133948494	2	-2.458
550e625a-a1cb-4257-a14e-5f46799c03b4	6	133950934	153636235	13131	0.0015
550e625a-a1cb-4257-a14e-5f46799c03b4	6	153639651	153640284	2	-3.1306
550e625a-a1cb-4257-a14e-5f46799c03b4	6	153640764	162501286	6204	0.0066
550e625a-a1cb-4257-a14e-5f46799c03b4	6	162510414	162543650	36	-1.0608
550e625a-a1cb-4257-a14e-5f46799c03b4	6	162545500	170741917	5651	0.0083
550e625a-a1cb-4257-a14e-5f46799c03b4	7	43355	4634827	2516	0.0138
550e625a-a1cb-4257-a14e-5f46799c03b4	7	4644145	4644243	3	-2.266
550e625a-a1cb-4257-a14e-5f46799c03b4	7	4645497	54305455	35852	0.0078
550e625a-a1cb-4257-a14e-5f46799c03b4	7	54318812	54318824	6	1.2337
550e625a-a1cb-4257-a14e-5f46799c03b4	7	54325795	70844342	6054	0.0068
550e625a-a1cb-4257-a14e-5f46799c03b4	7	70850038	70899527	35	0.5325
550e625a-a1cb-4257-a14e-5f46799c03b4	7	70900257	109801187	22288	0.0048
550e625a-a1cb-4257-a14e-5f46799c03b4	7	109801572	109813853	10	-1.6909
550e625a-a1cb-4257-a14e-5f46799c03b4	7	109813925	111332371	1007	-0.0109
550e625a-a1cb-4257-a14e-5f46799c03b4	7	111333183	111569048	155	0.1414
550e625a-a1cb-4257-a14e-5f46799c03b4	7	111572499	114361247	1594	0.0036
550e625a-a1cb-4257-a14e-5f46799c03b4	7	114366200	114366836	2	-1.5342
550e625a-a1cb-4257-a14e-5f46799c03b4	7	114367020	127135944	7761	0.0014
550e625a-a1cb-4257-a14e-5f46799c03b4	7	127136408	127136421	2	-1.4759
550e625a-a1cb-4257-a14e-5f46799c03b4	7	127136540	134100424	4178	-0.002
550e625a-a1cb-4257-a14e-5f46799c03b4	7	134100442	134110881	25	-1.8673
550e625a-a1cb-4257-a14e-5f46799c03b4	7	134110912	142069891	5197	0.0008
550e625a-a1cb-4257-a14e-5f46799c03b4	7	142070569	142092307	30	0.3752
550e625a-a1cb-4257-a14e-5f46799c03b4	7	142099190	143790571	920	0.044
550e625a-a1cb-4257-a14e-5f46799c03b4	7	143799657	143877688	15	-0.5078
550e625a-a1cb-4257-a14e-5f46799c03b4	7	143878890	144012606	120	0.0403
550e625a-a1cb-4257-a14e-5f46799c03b4	7	144013003	144014058	7	-0.9392
550e625a-a1cb-4257-a14e-5f46799c03b4	7	144014076	144176859	135	-0.0051
550e625a-a1cb-4257-a14e-5f46799c03b4	7	144199159	144352208	16	0.69
550e625a-a1cb-4257-a14e-5f46799c03b4	7	144377836	159334314	9631	0.0135
550e625a-a1cb-4257-a14e-5f46799c03b4	8	81254	645875	330	0.0505
550e625a-a1cb-4257-a14e-5f46799c03b4	8	645892	645908	2	4.3766
550e625a-a1cb-4257-a14e-5f46799c03b4	8	656117	1418902	564	0.0233
550e625a-a1cb-4257-a14e-5f46799c03b4	8	1419196	1419436	2	-1.7935
550e625a-a1cb-4257-a14e-5f46799c03b4	8	1419522	2132302	576	0.0293
550e625a-a1cb-4257-a14e-5f46799c03b4	8	2132407	2137191	19	-0.9713
550e625a-a1cb-4257-a14e-5f46799c03b4	8	2142105	2679484	359	0.0269
550e625a-a1cb-4257-a14e-5f46799c03b4	8	2682544	2698630	20	0.5765
550e625a-a1cb-4257-a14e-5f46799c03b4	8	2700967	2844412	165	0.0843
550e625a-a1cb-4257-a14e-5f46799c03b4	8	2846011	2846377	7	1.0428
550e625a-a1cb-4257-a14e-5f46799c03b4	8	2849649	7336299	5673	0.0204
550e625a-a1cb-4257-a14e-5f46799c03b4	8	7357089	7380381	18	0.6608
550e625a-a1cb-4257-a14e-5f46799c03b4	8	7380497	39373140	22707	0.0099
550e625a-a1cb-4257-a14e-5f46799c03b4	8	39378084	39529446	58	-2.0451
550e625a-a1cb-4257-a14e-5f46799c03b4	8	39530780	43344865	2448	0.0055
550e625a-a1cb-4257-a14e-5f46799c03b4	8	43348527	46883673	451	0.1094
550e625a-a1cb-4257-a14e-5f46799c03b4	8	46884340	111282852	39016	0.0043
550e625a-a1cb-4257-a14e-5f46799c03b4	8	111282973	111283031	3	1.8508
550e625a-a1cb-4257-a14e-5f46799c03b4	8	111288052	112947398	881	0.0025
550e625a-a1cb-4257-a14e-5f46799c03b4	8	112949447	112949729	2	-1.9621
550e625a-a1cb-4257-a14e-5f46799c03b4	8	112953656	136670116	16803	0.0012
550e625a-a1cb-4257-a14e-5f46799c03b4	8	136675642	136914671	213	0.1394
550e625a-a1cb-4257-a14e-5f46799c03b4	8	136922455	143642893	4450	0.0099
550e625a-a1cb-4257-a14e-5f46799c03b4	8	143643300	143643786	2	-1.8153
550e625a-a1cb-4257-a14e-5f46799c03b4	8	143645483	145072769	496	-0.008
550e625a-a1cb-4257-a14e-5f46799c03b4	9	46587	22492890	19779	0.017
550e625a-a1cb-4257-a14e-5f46799c03b4	9	22501914	22502700	2	-3.2348
550e625a-a1cb-4257-a14e-5f46799c03b4	9	22509341	23361807	576	-0.0153
550e625a-a1cb-4257-a14e-5f46799c03b4	9	23363117	23373486	8	-2.5321
550e625a-a1cb-4257-a14e-5f46799c03b4	9	23378490	23545663	124	0.0249
550e625a-a1cb-4257-a14e-5f46799c03b4	9	23545957	23546393	2	-1.6332
550e625a-a1cb-4257-a14e-5f46799c03b4	9	23549042	42014203	10695	0.0201
550e625a-a1cb-4257-a14e-5f46799c03b4	9	42037471	42546668	35	-1.413
550e625a-a1cb-4257-a14e-5f46799c03b4	9	42566207	138200944	48088	0.0018
550e625a-a1cb-4257-a14e-5f46799c03b4	10	45792	15301554	12869	0.0061
550e625a-a1cb-4257-a14e-5f46799c03b4	10	15302714	15304565	5	-1.1537
550e625a-a1cb-4257-a14e-5f46799c03b4	10	15306227	37714742	15690	-0.0004
550e625a-a1cb-4257-a14e-5f46799c03b4	10	37715430	37715855	2	1.5361
550e625a-a1cb-4257-a14e-5f46799c03b4	10	37715918	45798061	2774	-0.0018
550e625a-a1cb-4257-a14e-5f46799c03b4	10	45798171	45817039	2	-1.4491
550e625a-a1cb-4257-a14e-5f46799c03b4	10	45936113	55349557	5841	0.0048
550e625a-a1cb-4257-a14e-5f46799c03b4	10	55355423	55595919	177	0.1546
550e625a-a1cb-4257-a14e-5f46799c03b4	10	55598956	65546518	6917	0.0096
550e625a-a1cb-4257-a14e-5f46799c03b4	10	65548165	65554672	27	-0.5507
550e625a-a1cb-4257-a14e-5f46799c03b4	10	65554688	87310039	14417	-0.0008
550e625a-a1cb-4257-a14e-5f46799c03b4	10	87310988	87353136	11	0.6636
550e625a-a1cb-4257-a14e-5f46799c03b4	10	87357543	133654968	31692	-0.002
550e625a-a1cb-4257-a14e-5f46799c03b4	11	198510	5766175	3221	0.0006
550e625a-a1cb-4257-a14e-5f46799c03b4	11	5766850	5787909	32	-2.1663
550e625a-a1cb-4257-a14e-5f46799c03b4	11	5788108	49686823	30365	0.0071
550e625a-a1cb-4257-a14e-5f46799c03b4	11	49689309	49736119	16	-0.6758
550e625a-a1cb-4257-a14e-5f46799c03b4	11	49736215	74313212	10318	0.0105
550e625a-a1cb-4257-a14e-5f46799c03b4	11	74314244	74315183	2	-2.7598
550e625a-a1cb-4257-a14e-5f46799c03b4	11	74318485	135074876	42631	0.007
550e625a-a1cb-4257-a14e-5f46799c03b4	12	51460	756804	416	0.005
550e625a-a1cb-4257-a14e-5f46799c03b4	12	759943	764863	18	-0.9894
550e625a-a1cb-4257-a14e-5f46799c03b4	12	766188	9481274	5731	0.0064
550e625a-a1cb-4257-a14e-5f46799c03b4	12	9485313	9561078	21	-1.3323
550e625a-a1cb-4257-a14e-5f46799c03b4	12	9562969	31112123	15160	0.0025
550e625a-a1cb-4257-a14e-5f46799c03b4	12	31116364	31241490	81	0.5474
550e625a-a1cb-4257-a14e-5f46799c03b4	12	31242538	33141726	1299	0.0012
550e625a-a1cb-4257-a14e-5f46799c03b4	12	33148472	38871433	1390	0.0699
550e625a-a1cb-4257-a14e-5f46799c03b4	12	38871673	42326971	2262	-0.0009
550e625a-a1cb-4257-a14e-5f46799c03b4	12	42327023	42327142	2	-3.5275
550e625a-a1cb-4257-a14e-5f46799c03b4	12	42327368	133201603	58253	0.0041
550e625a-a1cb-4257-a14e-5f46799c03b4	13	18452809	114342922	63928	0.0081
550e625a-a1cb-4257-a14e-5f46799c03b4	14	18239283	19197351	40	-0.2742
550e625a-a1cb-4257-a14e-5f46799c03b4	14	19203845	19954424	126	0.7756
550e625a-a1cb-4257-a14e-5f46799c03b4	14	19955213	21746791	1181	0.0023
550e625a-a1cb-4257-a14e-5f46799c03b4	14	21747284	22500013	655	0.1299
550e625a-a1cb-4257-a14e-5f46799c03b4	14	22500513	40139724	10999	0.0029
550e625a-a1cb-4257-a14e-5f46799c03b4	14	40144718	40147715	2	1.7796
550e625a-a1cb-4257-a14e-5f46799c03b4	14	40148961	41138431	716	0.0201
550e625a-a1cb-4257-a14e-5f46799c03b4	14	41139155	41184774	14	-0.6059
550e625a-a1cb-4257-a14e-5f46799c03b4	14	41188046	85818410	28563	0.0061
550e625a-a1cb-4257-a14e-5f46799c03b4	14	85819968	85845829	15	-1.0279
550e625a-a1cb-4257-a14e-5f46799c03b4	14	85849791	88094954	1470	0.0035
550e625a-a1cb-4257-a14e-5f46799c03b4	14	88101573	88108760	4	-1.6943
550e625a-a1cb-4257-a14e-5f46799c03b4	14	88109798	105588560	10982	0.0023
550e625a-a1cb-4257-a14e-5f46799c03b4	14	105612353	105701150	16	0.5946
550e625a-a1cb-4257-a14e-5f46799c03b4	14	105728140	106434898	253	0.041
550e625a-a1cb-4257-a14e-5f46799c03b4	14	106437363	106493062	49	0.3474
550e625a-a1cb-4257-a14e-5f46799c03b4	14	106496501	106877229	189	0.0746
550e625a-a1cb-4257-a14e-5f46799c03b4	15	19811075	20207225	60	0.0833
550e625a-a1cb-4257-a14e-5f46799c03b4	15	20210984	21417107	115	-0.2922
550e625a-a1cb-4257-a14e-5f46799c03b4	15	21975606	21999319	3	-1.9007
550e625a-a1cb-4257-a14e-5f46799c03b4	15	22003073	22299523	26	-0.6336
550e625a-a1cb-4257-a14e-5f46799c03b4	15	22385639	24137883	865	0.0028
550e625a-a1cb-4257-a14e-5f46799c03b4	15	24139418	24189385	29	-0.7293
550e625a-a1cb-4257-a14e-5f46799c03b4	15	24197072	24326202	61	0.1284
550e625a-a1cb-4257-a14e-5f46799c03b4	15	24329610	24533744	95	0.5977
550e625a-a1cb-4257-a14e-5f46799c03b4	15	24537120	30608675	3601	0.0183
550e625a-a1cb-4257-a14e-5f46799c03b4	15	30621384	30644082	5	-1.0887
550e625a-a1cb-4257-a14e-5f46799c03b4	15	30654103	32257550	1054	0.0193
550e625a-a1cb-4257-a14e-5f46799c03b4	15	32283641	32285940	2	-1.3492
550e625a-a1cb-4257-a14e-5f46799c03b4	15	32307601	34421922	1497	-0.0042
550e625a-a1cb-4257-a14e-5f46799c03b4	15	34430601	34526116	65	-2.6092
550e625a-a1cb-4257-a14e-5f46799c03b4	15	34570058	56497449	13588	-0.0027
550e625a-a1cb-4257-a14e-5f46799c03b4	15	56498505	56508779	25	-0.6822
550e625a-a1cb-4257-a14e-5f46799c03b4	15	56509425	81696198	16004	0.0024
550e625a-a1cb-4257-a14e-5f46799c03b4	15	81703527	81796869	60	0.6487
550e625a-a1cb-4257-a14e-5f46799c03b4	15	81804153	101928837	14264	0.0115
550e625a-a1cb-4257-a14e-5f46799c03b4	16	10777	18730788	12779	0.0075
550e625a-a1cb-4257-a14e-5f46799c03b4	16	18731740	18754907	4	-1.0562
550e625a-a1cb-4257-a14e-5f46799c03b4	16	18756796	21401082	1587	0.0029
550e625a-a1cb-4257-a14e-5f46799c03b4	16	21503753	21580019	22	-0.7523
550e625a-a1cb-4257-a14e-5f46799c03b4	16	21582134	22430699	362	0.0004
550e625a-a1cb-4257-a14e-5f46799c03b4	16	22546611	22693199	71	-0.8859
550e625a-a1cb-4257-a14e-5f46799c03b4	16	22699421	27320653	3321	0.0021
550e625a-a1cb-4257-a14e-5f46799c03b4	16	27326291	27339366	12	-0.9058
550e625a-a1cb-4257-a14e-5f46799c03b4	16	27341867	78338543	23009	0.0064
550e625a-a1cb-4257-a14e-5f46799c03b4	16	78338714	78347366	13	0.975
550e625a-a1cb-4257-a14e-5f46799c03b4	16	78349243	90096867	10600	0.0034
550e625a-a1cb-4257-a14e-5f46799c03b4	17	150733	41266838	20792	0.0054
550e625a-a1cb-4257-a14e-5f46799c03b4	17	41266851	41274279	19	0.8962
550e625a-a1cb-4257-a14e-5f46799c03b4	17	41276472	46351954	2623	0.0033
550e625a-a1cb-4257-a14e-5f46799c03b4	17	46446345	46446360	2	3.1439
550e625a-a1cb-4257-a14e-5f46799c03b4	17	46569894	49006781	1185	-0.0056
550e625a-a1cb-4257-a14e-5f46799c03b4	17	49008953	49012355	2	-1.3024
550e625a-a1cb-4257-a14e-5f46799c03b4	17	49012518	58134739	6162	0.006
550e625a-a1cb-4257-a14e-5f46799c03b4	17	58135153	58136733	4	-1.1646
550e625a-a1cb-4257-a14e-5f46799c03b4	17	58140037	83091923	14190	-0.0069
550e625a-a1cb-4257-a14e-5f46799c03b4	18	48133	11176381	8192	0.0091
550e625a-a1cb-4257-a14e-5f46799c03b4	18	11176927	11177109	2	-1.6444
550e625a-a1cb-4257-a14e-5f46799c03b4	18	11180662	42471713	15760	0.004
550e625a-a1cb-4257-a14e-5f46799c03b4	18	42476604	42477802	25	-0.5884
550e625a-a1cb-4257-a14e-5f46799c03b4	18	42478430	53740491	7716	0.0067
550e625a-a1cb-4257-a14e-5f46799c03b4	18	53740727	53740840	4	1.357
550e625a-a1cb-4257-a14e-5f46799c03b4	18	53740980	66239629	8654	0.0028
550e625a-a1cb-4257-a14e-5f46799c03b4	18	66240197	66244352	10	-0.6764
550e625a-a1cb-4257-a14e-5f46799c03b4	18	66244639	67292086	659	0.0071
550e625a-a1cb-4257-a14e-5f46799c03b4	18	67292135	67300028	18	-0.5344
550e625a-a1cb-4257-a14e-5f46799c03b4	18	67300481	71508459	3089	0.006
550e625a-a1cb-4257-a14e-5f46799c03b4	18	71511248	74471281	2389	0.0606
550e625a-a1cb-4257-a14e-5f46799c03b4	18	74471994	78902828	3369	0.0101
550e625a-a1cb-4257-a14e-5f46799c03b4	18	78903872	78904863	3	-1.4049
550e625a-a1cb-4257-a14e-5f46799c03b4	18	78906449	80257174	702	0.0157
550e625a-a1cb-4257-a14e-5f46799c03b4	19	90910	36354973	17151	0.0014
550e625a-a1cb-4257-a14e-5f46799c03b4	19	36355248	36356596	10	-0.8765
550e625a-a1cb-4257-a14e-5f46799c03b4	19	36356735	43193181	3413	0.0119
550e625a-a1cb-4257-a14e-5f46799c03b4	19	43198881	43252085	22	-0.6113
550e625a-a1cb-4257-a14e-5f46799c03b4	19	43262507	49899356	3178	-0.0045
550e625a-a1cb-4257-a14e-5f46799c03b4	19	49905908	49913000	3	-1.6126
550e625a-a1cb-4257-a14e-5f46799c03b4	19	49914233	58586487	5303	-0.0002
550e625a-a1cb-4257-a14e-5f46799c03b4	20	80664	1571811	1182	-0.0046
550e625a-a1cb-4257-a14e-5f46799c03b4	20	1576544	1580353	21	-2.1401
550e625a-a1cb-4257-a14e-5f46799c03b4	20	1580934	64324800	41096	0.0075
550e625a-a1cb-4257-a14e-5f46799c03b4	21	10354168	46677045	23797	0.0046
550e625a-a1cb-4257-a14e-5f46799c03b4	22	15294547	15474116	8	0.297
550e625a-a1cb-4257-a14e-5f46799c03b4	22	15479574	17014661	293	0.0549
550e625a-a1cb-4257-a14e-5f46799c03b4	22	17018144	17018618	2	1.7749
550e625a-a1cb-4257-a14e-5f46799c03b4	22	17019000	18620743	831	0.0059
550e625a-a1cb-4257-a14e-5f46799c03b4	22	18649244	18818348	5	1.3759
550e625a-a1cb-4257-a14e-5f46799c03b4	22	18822581	22114208	1980	-0.0067
550e625a-a1cb-4257-a14e-5f46799c03b4	22	22119549	22120255	6	-2.2096
550e625a-a1cb-4257-a14e-5f46799c03b4	22	22127104	23971817	1266	0.0347
550e625a-a1cb-4257-a14e-5f46799c03b4	22	23981995	23990739	6	-1.273
550e625a-a1cb-4257-a14e-5f46799c03b4	22	23995113	50796027	18860	0.0047
550e625a-a1cb-4257-a14e-5f46799c03b4	X	251810	155952689	83286	0.0012
550e625a-a1cb-4257-a14e-5f46799c03b4	Y	2782397	56872112	6638	-1.4585
