GDC_Aliquot	Chromosome	Start	End	Num_Probes	Segment_Mean
8361c472-5889-4809-97d5-bfb9a2c08719	1	62920	21992508	12084	-0.0795
8361c472-5889-4809-97d5-bfb9a2c08719	1	21996664	22010750	5	-1.4319
8361c472-5889-4809-97d5-bfb9a2c08719	1	22011632	72303233	30601	-0.0738
8361c472-5889-4809-97d5-bfb9a2c08719	1	72303253	72345450	44	-1.2073
8361c472-5889-4809-97d5-bfb9a2c08719	1	72345465	102221147	19230	-0.064
8361c472-5889-4809-97d5-bfb9a2c08719	1	102222016	102309917	60	0.2054
8361c472-5889-4809-97d5-bfb9a2c08719	1	102313067	103616762	675	-0.0404
8361c472-5889-4809-97d5-bfb9a2c08719	1	103620877	103621165	2	2.3038
8361c472-5889-4809-97d5-bfb9a2c08719	1	103697067	105454138	903	-0.0536
8361c472-5889-4809-97d5-bfb9a2c08719	1	105454705	105501665	50	0.336
8361c472-5889-4809-97d5-bfb9a2c08719	1	105502565	110833598	3445	-0.0586
8361c472-5889-4809-97d5-bfb9a2c08719	1	110834746	110841332	36	-0.5929
8361c472-5889-4809-97d5-bfb9a2c08719	1	110841350	152580550	8677	-0.0584
8361c472-5889-4809-97d5-bfb9a2c08719	1	152582700	152583938	9	0.3567
8361c472-5889-4809-97d5-bfb9a2c08719	1	152587808	152588407	4	1.1963
8361c472-5889-4809-97d5-bfb9a2c08719	1	152598693	152614118	24	0.3466
8361c472-5889-4809-97d5-bfb9a2c08719	1	152618018	196758720	29569	-0.0551
8361c472-5889-4809-97d5-bfb9a2c08719	1	196761905	196762956	3	-1.787
8361c472-5889-4809-97d5-bfb9a2c08719	1	196769493	196829435	45	0.0212
8361c472-5889-4809-97d5-bfb9a2c08719	1	196829513	196947669	79	0.5702
8361c472-5889-4809-97d5-bfb9a2c08719	1	196954750	209767215	8581	-0.0599
8361c472-5889-4809-97d5-bfb9a2c08719	1	209767330	209768038	2	-1.8684
8361c472-5889-4809-97d5-bfb9a2c08719	1	209768477	248242253	26731	-0.0555
8361c472-5889-4809-97d5-bfb9a2c08719	1	248243898	248631163	182	0.1027
8361c472-5889-4809-97d5-bfb9a2c08719	1	248631988	248930189	143	-0.1016
8361c472-5889-4809-97d5-bfb9a2c08719	2	12784	34438376	24019	-0.0478
8361c472-5889-4809-97d5-bfb9a2c08719	2	34438862	34512096	54	-0.3492
8361c472-5889-4809-97d5-bfb9a2c08719	2	34512489	40105711	4018	-0.0404
8361c472-5889-4809-97d5-bfb9a2c08719	2	40108270	40110927	5	-1.3137
8361c472-5889-4809-97d5-bfb9a2c08719	2	40111004	52531677	8956	-0.0467
8361c472-5889-4809-97d5-bfb9a2c08719	2	52531803	52554259	24	-0.5403
8361c472-5889-4809-97d5-bfb9a2c08719	2	52554274	76618047	15507	-0.0437
8361c472-5889-4809-97d5-bfb9a2c08719	2	76618155	76618300	4	-1.1634
8361c472-5889-4809-97d5-bfb9a2c08719	2	76620460	79054496	1604	-0.0326
8361c472-5889-4809-97d5-bfb9a2c08719	2	79055280	79069893	3	-1.4649
8361c472-5889-4809-97d5-bfb9a2c08719	2	79070348	86710564	4738	-0.0451
8361c472-5889-4809-97d5-bfb9a2c08719	2	86725947	86726731	2	-2.0654
8361c472-5889-4809-97d5-bfb9a2c08719	2	86743283	97350874	1918	-0.0373
8361c472-5889-4809-97d5-bfb9a2c08719	2	97353176	97545726	18	-0.6061
8361c472-5889-4809-97d5-bfb9a2c08719	2	97550415	106258266	5562	-0.0553
8361c472-5889-4809-97d5-bfb9a2c08719	2	106263639	106266890	7	-0.9493
8361c472-5889-4809-97d5-bfb9a2c08719	2	106266905	106268557	4	-3.0749
8361c472-5889-4809-97d5-bfb9a2c08719	2	106268901	197891107	54813	-0.0428
8361c472-5889-4809-97d5-bfb9a2c08719	2	197893977	197896617	2	-1.909
8361c472-5889-4809-97d5-bfb9a2c08719	2	197897818	242147305	27839	-0.0487
8361c472-5889-4809-97d5-bfb9a2c08719	3	20930	11066468	9347	0.234
8361c472-5889-4809-97d5-bfb9a2c08719	3	11069122	11069885	2	-3.0589
8361c472-5889-4809-97d5-bfb9a2c08719	3	11074235	59734120	30865	0.2178
8361c472-5889-4809-97d5-bfb9a2c08719	3	59736995	61035665	1458	0.2898
8361c472-5889-4809-97d5-bfb9a2c08719	3	61035828	68674077	6004	0.2128
8361c472-5889-4809-97d5-bfb9a2c08719	3	68675541	68699635	20	0.6865
8361c472-5889-4809-97d5-bfb9a2c08719	3	68699794	75366712	4858	0.2162
8361c472-5889-4809-97d5-bfb9a2c08719	3	75372019	75499583	55	-0.2731
8361c472-5889-4809-97d5-bfb9a2c08719	3	75500567	99217783	10940	0.2236
8361c472-5889-4809-97d5-bfb9a2c08719	3	99218119	99230212	29	0.601
8361c472-5889-4809-97d5-bfb9a2c08719	3	99230225	136300257	22732	0.2209
8361c472-5889-4809-97d5-bfb9a2c08719	3	136304109	136306584	2	-2.6699
8361c472-5889-4809-97d5-bfb9a2c08719	3	136319699	137309114	451	0.1974
8361c472-5889-4809-97d5-bfb9a2c08719	3	137309116	137309120	3	-0.9072
8361c472-5889-4809-97d5-bfb9a2c08719	3	137309121	146660742	5895	0.2175
8361c472-5889-4809-97d5-bfb9a2c08719	3	146661402	147718193	562	0.2972
8361c472-5889-4809-97d5-bfb9a2c08719	3	147719227	154512800	4296	0.2129
8361c472-5889-4809-97d5-bfb9a2c08719	3	154516229	154719592	107	0.4177
8361c472-5889-4809-97d5-bfb9a2c08719	3	154721245	162790480	4882	0.2275
8361c472-5889-4809-97d5-bfb9a2c08719	3	162794869	162898127	64	-0.1529
8361c472-5889-4809-97d5-bfb9a2c08719	3	162906054	193162798	19115	0.224
8361c472-5889-4809-97d5-bfb9a2c08719	3	193162937	193165114	11	1.1538
8361c472-5889-4809-97d5-bfb9a2c08719	3	193168646	195737636	1522	0.2139
8361c472-5889-4809-97d5-bfb9a2c08719	3	195737995	195747892	4	-0.8128
8361c472-5889-4809-97d5-bfb9a2c08719	3	195751823	198169247	1163	0.2395
8361c472-5889-4809-97d5-bfb9a2c08719	4	68929	10208766	5696	-0.0635
8361c472-5889-4809-97d5-bfb9a2c08719	4	10212536	10229874	29	1.8459
8361c472-5889-4809-97d5-bfb9a2c08719	4	10232590	34788894	16930	-0.0546
8361c472-5889-4809-97d5-bfb9a2c08719	4	34789072	34819718	29	0.4933
8361c472-5889-4809-97d5-bfb9a2c08719	4	34822561	63839438	16506	-0.0552
8361c472-5889-4809-97d5-bfb9a2c08719	4	63839445	63842540	20	-0.5261
8361c472-5889-4809-97d5-bfb9a2c08719	4	63850713	69255175	3229	-0.0457
8361c472-5889-4809-97d5-bfb9a2c08719	4	69255532	69381203	66	0.2482
8361c472-5889-4809-97d5-bfb9a2c08719	4	69383212	160958989	55105	-0.0487
8361c472-5889-4809-97d5-bfb9a2c08719	4	160959045	160963448	17	-0.5984
8361c472-5889-4809-97d5-bfb9a2c08719	4	160963756	172066777	7054	-0.0409
8361c472-5889-4809-97d5-bfb9a2c08719	4	172067997	172068382	12	-1.6688
8361c472-5889-4809-97d5-bfb9a2c08719	4	172074828	190106768	12041	-0.0406
8361c472-5889-4809-97d5-bfb9a2c08719	5	15532	12815668	10163	-0.0519
8361c472-5889-4809-97d5-bfb9a2c08719	5	12815753	12838421	13	0.6164
8361c472-5889-4809-97d5-bfb9a2c08719	5	12849089	12885569	7	-0.1627
8361c472-5889-4809-97d5-bfb9a2c08719	5	12888703	12891278	3	-1.2451
8361c472-5889-4809-97d5-bfb9a2c08719	5	12892020	13032375	55	0.0349
8361c472-5889-4809-97d5-bfb9a2c08719	5	13042994	13043119	2	1.4002
8361c472-5889-4809-97d5-bfb9a2c08719	5	13079786	13802889	490	-0.0424
8361c472-5889-4809-97d5-bfb9a2c08719	5	13803011	13803049	2	-2.8292
8361c472-5889-4809-97d5-bfb9a2c08719	5	13803443	58034306	24932	-0.0486
8361c472-5889-4809-97d5-bfb9a2c08719	5	58034492	58037706	20	0.405
8361c472-5889-4809-97d5-bfb9a2c08719	5	58042530	63434059	3527	-0.0413
8361c472-5889-4809-97d5-bfb9a2c08719	5	63434084	63825723	232	0.0814
8361c472-5889-4809-97d5-bfb9a2c08719	5	63826363	99180989	19915	-0.0554
8361c472-5889-4809-97d5-bfb9a2c08719	5	99186797	100006802	493	0.053
8361c472-5889-4809-97d5-bfb9a2c08719	5	100007644	105097721	3018	-0.0405
8361c472-5889-4809-97d5-bfb9a2c08719	5	105097893	105168236	46	-0.872
8361c472-5889-4809-97d5-bfb9a2c08719	5	105171909	161121148	36370	-0.0522
8361c472-5889-4809-97d5-bfb9a2c08719	5	161122691	161126403	4	-1.3609
8361c472-5889-4809-97d5-bfb9a2c08719	5	161127134	179498842	12221	-0.0565
8361c472-5889-4809-97d5-bfb9a2c08719	5	179501760	179509670	4	1.6003
8361c472-5889-4809-97d5-bfb9a2c08719	5	179509694	181363319	1019	-0.0593
8361c472-5889-4809-97d5-bfb9a2c08719	6	149661	254283	101	-0.0054
8361c472-5889-4809-97d5-bfb9a2c08719	6	257353	380821	100	0.205
8361c472-5889-4809-97d5-bfb9a2c08719	6	381149	29869295	21401	-0.0571
8361c472-5889-4809-97d5-bfb9a2c08719	6	29869410	29881490	16	0.6847
8361c472-5889-4809-97d5-bfb9a2c08719	6	29882419	31318528	659	-0.0616
8361c472-5889-4809-97d5-bfb9a2c08719	6	31318754	31327629	5	1.7566
8361c472-5889-4809-97d5-bfb9a2c08719	6	31328176	32533522	519	-0.0231
8361c472-5889-4809-97d5-bfb9a2c08719	6	32540699	32550992	5	-1.4262
8361c472-5889-4809-97d5-bfb9a2c08719	6	32559507	32627306	27	-0.1434
8361c472-5889-4809-97d5-bfb9a2c08719	6	32627455	32634330	3	-1.7996
8361c472-5889-4809-97d5-bfb9a2c08719	6	32634492	72153222	22966	-0.0569
8361c472-5889-4809-97d5-bfb9a2c08719	6	72156821	72157169	2	-2.1153
8361c472-5889-4809-97d5-bfb9a2c08719	6	72158860	76730151	2854	-0.047
8361c472-5889-4809-97d5-bfb9a2c08719	6	76730331	76743040	20	-0.6511
8361c472-5889-4809-97d5-bfb9a2c08719	6	76751356	78253172	972	-0.0286
8361c472-5889-4809-97d5-bfb9a2c08719	6	78259348	78325468	109	-1.7942
8361c472-5889-4809-97d5-bfb9a2c08719	6	78329517	91046219	8020	-0.0509
8361c472-5889-4809-97d5-bfb9a2c08719	6	91046488	91291285	144	0.2876
8361c472-5889-4809-97d5-bfb9a2c08719	6	91291886	91387119	71	0.5216
8361c472-5889-4809-97d5-bfb9a2c08719	6	91389771	103290414	7187	-0.0493
8361c472-5889-4809-97d5-bfb9a2c08719	6	103290439	103314186	40	-1.0345
8361c472-5889-4809-97d5-bfb9a2c08719	6	103317795	104357313	661	-0.0379
8361c472-5889-4809-97d5-bfb9a2c08719	6	104357839	104358576	2	-2.1634
8361c472-5889-4809-97d5-bfb9a2c08719	6	104358665	170741917	43369	-0.0547
8361c472-5889-4809-97d5-bfb9a2c08719	7	43355	8211892	4577	-0.0584
8361c472-5889-4809-97d5-bfb9a2c08719	7	8211981	10886443	2075	-0.0008
8361c472-5889-4809-97d5-bfb9a2c08719	7	10888515	14777877	3213	-0.0609
8361c472-5889-4809-97d5-bfb9a2c08719	7	14777929	14778541	3	-1.4492
8361c472-5889-4809-97d5-bfb9a2c08719	7	14778622	22395161	6119	-0.0386
8361c472-5889-4809-97d5-bfb9a2c08719	7	22395853	22396868	2	-2.1767
8361c472-5889-4809-97d5-bfb9a2c08719	7	22399135	29288417	5030	-0.0626
8361c472-5889-4809-97d5-bfb9a2c08719	7	29288582	29289205	3	-1.3101
8361c472-5889-4809-97d5-bfb9a2c08719	7	29289882	54318812	17337	-0.0586
8361c472-5889-4809-97d5-bfb9a2c08719	7	54318816	54318824	5	-1.8027
8361c472-5889-4809-97d5-bfb9a2c08719	7	54325795	109793728	28339	-0.0567
8361c472-5889-4809-97d5-bfb9a2c08719	7	109793741	109813853	36	0.5779
8361c472-5889-4809-97d5-bfb9a2c08719	7	109813925	154598185	27561	-0.0595
8361c472-5889-4809-97d5-bfb9a2c08719	7	154601461	154605369	3	-1.9445
8361c472-5889-4809-97d5-bfb9a2c08719	7	154607903	155671335	916	-0.0609
8361c472-5889-4809-97d5-bfb9a2c08719	7	155673169	155676942	3	1.2819
8361c472-5889-4809-97d5-bfb9a2c08719	7	155683042	159334314	2311	-0.0541
8361c472-5889-4809-97d5-bfb9a2c08719	8	81254	3926665	3343	-0.0313
8361c472-5889-4809-97d5-bfb9a2c08719	8	3929538	3932476	22	-0.5614
8361c472-5889-4809-97d5-bfb9a2c08719	8	3932515	18994154	13511	-0.0349
8361c472-5889-4809-97d5-bfb9a2c08719	8	18994251	19008638	25	-0.8588
8361c472-5889-4809-97d5-bfb9a2c08719	8	19008717	25117062	4519	-0.0535
8361c472-5889-4809-97d5-bfb9a2c08719	8	25117985	25122472	17	0.5484
8361c472-5889-4809-97d5-bfb9a2c08719	8	25126554	25715749	447	-0.0451
8361c472-5889-4809-97d5-bfb9a2c08719	8	25723252	25730126	5	0.868
8361c472-5889-4809-97d5-bfb9a2c08719	8	25736760	39368830	8541	-0.0544
8361c472-5889-4809-97d5-bfb9a2c08719	8	39372664	39526605	57	0.8684
8361c472-5889-4809-97d5-bfb9a2c08719	8	39527181	111276327	41910	-0.0515
8361c472-5889-4809-97d5-bfb9a2c08719	8	111279123	111288052	12	0.7917
8361c472-5889-4809-97d5-bfb9a2c08719	8	111289023	145072769	22841	-0.0561
8361c472-5889-4809-97d5-bfb9a2c08719	9	46587	9795214	9283	-0.0433
8361c472-5889-4809-97d5-bfb9a2c08719	9	9795428	12884900	2612	0.0065
8361c472-5889-4809-97d5-bfb9a2c08719	9	12886184	110265889	49421	-0.0526
8361c472-5889-4809-97d5-bfb9a2c08719	9	110270151	110270398	2	-1.989
8361c472-5889-4809-97d5-bfb9a2c08719	9	110273504	138200944	17980	-0.0611
8361c472-5889-4809-97d5-bfb9a2c08719	10	45792	9546674	8191	-0.0588
8361c472-5889-4809-97d5-bfb9a2c08719	10	9546990	9637939	48	0.2281
8361c472-5889-4809-97d5-bfb9a2c08719	10	9638300	16424371	5480	-0.0733
8361c472-5889-4809-97d5-bfb9a2c08719	10	16425243	16428934	3	-2.3423
8361c472-5889-4809-97d5-bfb9a2c08719	10	16434272	24088745	5402	-0.0557
8361c472-5889-4809-97d5-bfb9a2c08719	10	24088746	24089125	10	1.0048
8361c472-5889-4809-97d5-bfb9a2c08719	10	24089979	55113507	17912	-0.055
8361c472-5889-4809-97d5-bfb9a2c08719	10	55116477	56030639	620	0.0529
8361c472-5889-4809-97d5-bfb9a2c08719	10	56032367	133654968	52741	-0.0601
8361c472-5889-4809-97d5-bfb9a2c08719	11	198510	18908268	12614	-0.0591
8361c472-5889-4809-97d5-bfb9a2c08719	11	18909781	18949833	63	0.1972
8361c472-5889-4809-97d5-bfb9a2c08719	11	18949866	48576870	20505	-0.0577
8361c472-5889-4809-97d5-bfb9a2c08719	11	48579882	48581124	2	-2.4317
8361c472-5889-4809-97d5-bfb9a2c08719	11	48584766	135074876	53372	-0.0524
8361c472-5889-4809-97d5-bfb9a2c08719	12	51460	9481274	6167	0.1898
8361c472-5889-4809-97d5-bfb9a2c08719	12	9485313	9575696	23	-1.2692
8361c472-5889-4809-97d5-bfb9a2c08719	12	9582373	27941811	12711	0.1909
8361c472-5889-4809-97d5-bfb9a2c08719	12	27941830	27944711	13	-0.4344
8361c472-5889-4809-97d5-bfb9a2c08719	12	27950527	30086978	1547	0.2014
8361c472-5889-4809-97d5-bfb9a2c08719	12	30087113	30091000	20	-0.7078
8361c472-5889-4809-97d5-bfb9a2c08719	12	30091017	33128626	2234	0.1917
8361c472-5889-4809-97d5-bfb9a2c08719	12	33129292	38827290	1376	0.267
8361c472-5889-4809-97d5-bfb9a2c08719	12	38829764	127707543	56556	0.1933
8361c472-5889-4809-97d5-bfb9a2c08719	12	127710980	133201603	3990	0.2279
8361c472-5889-4809-97d5-bfb9a2c08719	13	18452809	18744498	70	0.0897
8361c472-5889-4809-97d5-bfb9a2c08719	13	18794552	18827938	10	-0.5645
8361c472-5889-4809-97d5-bfb9a2c08719	13	18828183	52485081	23251	0.2188
8361c472-5889-4809-97d5-bfb9a2c08719	13	52497017	52583183	17	-0.5195
8361c472-5889-4809-97d5-bfb9a2c08719	13	52585716	63558882	6371	0.222
8361c472-5889-4809-97d5-bfb9a2c08719	13	63559162	64476143	537	0.3103
8361c472-5889-4809-97d5-bfb9a2c08719	13	64483276	105209065	27186	0.2199
8361c472-5889-4809-97d5-bfb9a2c08719	13	105209200	105751338	420	0.3141
8361c472-5889-4809-97d5-bfb9a2c08719	13	105751635	114342922	6066	0.2154
8361c472-5889-4809-97d5-bfb9a2c08719	14	18239283	106877229	55272	-0.0544
8361c472-5889-4809-97d5-bfb9a2c08719	15	19811075	20001686	45	-0.0258
8361c472-5889-4809-97d5-bfb9a2c08719	15	20011702	20986997	110	-0.7634
8361c472-5889-4809-97d5-bfb9a2c08719	15	20988347	21262847	13	0.1264
8361c472-5889-4809-97d5-bfb9a2c08719	15	21266108	22299523	37	-0.9536
8361c472-5889-4809-97d5-bfb9a2c08719	15	22385639	30291233	4633	-0.0349
8361c472-5889-4809-97d5-bfb9a2c08719	15	30297594	30668578	32	-0.7223
8361c472-5889-4809-97d5-bfb9a2c08719	15	30668947	31707442	674	-0.0762
8361c472-5889-4809-97d5-bfb9a2c08719	15	31719286	32219773	365	0.4853
8361c472-5889-4809-97d5-bfb9a2c08719	15	32220019	101928837	45499	-0.0592
8361c472-5889-4809-97d5-bfb9a2c08719	16	10777	19933041	13451	0.2007
8361c472-5889-4809-97d5-bfb9a2c08719	16	19934328	19954510	27	-0.4076
8361c472-5889-4809-97d5-bfb9a2c08719	16	19954553	22546611	1276	0.1968
8361c472-5889-4809-97d5-bfb9a2c08719	16	22546990	22576729	8	0.0407
8361c472-5889-4809-97d5-bfb9a2c08719	16	22579557	22604483	5	-0.748
8361c472-5889-4809-97d5-bfb9a2c08719	16	22614263	22680000	47	-0.0217
8361c472-5889-4809-97d5-bfb9a2c08719	16	22680525	55761136	12087	0.202
8361c472-5889-4809-97d5-bfb9a2c08719	16	55762477	55788485	21	-0.7528
8361c472-5889-4809-97d5-bfb9a2c08719	16	55788532	78337711	14244	0.2027
8361c472-5889-4809-97d5-bfb9a2c08719	16	78338543	78350868	17	0.9387
8361c472-5889-4809-97d5-bfb9a2c08719	16	78351104	84823946	7087	0.2142
8361c472-5889-4809-97d5-bfb9a2c08719	16	84824073	84831261	2	-1.1736
8361c472-5889-4809-97d5-bfb9a2c08719	16	84832814	90096867	3508	0.2205
8361c472-5889-4809-97d5-bfb9a2c08719	17	150733	41265456	20785	0.2024
8361c472-5889-4809-97d5-bfb9a2c08719	17	41266762	41277289	39	-0.4243
8361c472-5889-4809-97d5-bfb9a2c08719	17	41282110	46118359	2504	0.1971
8361c472-5889-4809-97d5-bfb9a2c08719	17	46120237	46446360	107	-0.1755
8361c472-5889-4809-97d5-bfb9a2c08719	17	46569894	78576847	19392	0.2051
8361c472-5889-4809-97d5-bfb9a2c08719	17	78578193	78599049	12	0.9325
8361c472-5889-4809-97d5-bfb9a2c08719	17	78601218	83091923	2139	0.1998
8361c472-5889-4809-97d5-bfb9a2c08719	18	48133	64543663	39162	-0.0548
8361c472-5889-4809-97d5-bfb9a2c08719	18	64544391	64544711	2	-2.243
8361c472-5889-4809-97d5-bfb9a2c08719	18	64550181	71227555	4735	-0.0394
8361c472-5889-4809-97d5-bfb9a2c08719	18	71230777	73900775	2123	0.0203
8361c472-5889-4809-97d5-bfb9a2c08719	18	73900838	80257174	4563	-0.0585
8361c472-5889-4809-97d5-bfb9a2c08719	19	90910	35358420	16685	-0.0711
8361c472-5889-4809-97d5-bfb9a2c08719	19	35364451	35370946	21	-1.3073
8361c472-5889-4809-97d5-bfb9a2c08719	19	35375842	58586487	12366	-0.0724
8361c472-5889-4809-97d5-bfb9a2c08719	20	80664	1580141	1199	0.2137
8361c472-5889-4809-97d5-bfb9a2c08719	20	1580156	1601561	40	-0.1303
8361c472-5889-4809-97d5-bfb9a2c08719	20	1609611	1613247	5	-1.6008
8361c472-5889-4809-97d5-bfb9a2c08719	20	1617300	64324800	41061	0.2001
8361c472-5889-4809-97d5-bfb9a2c08719	21	10354168	46677045	23787	-0.095
8361c472-5889-4809-97d5-bfb9a2c08719	22	15294547	18190590	1130	-0.0598
8361c472-5889-4809-97d5-bfb9a2c08719	22	18392404	18760941	6	1.1695
8361c472-5889-4809-97d5-bfb9a2c08719	22	18783014	22148876	2058	-0.0288
8361c472-5889-4809-97d5-bfb9a2c08719	22	22148948	22149260	4	1.3653
8361c472-5889-4809-97d5-bfb9a2c08719	22	22149460	25841989	2564	-0.0378
8361c472-5889-4809-97d5-bfb9a2c08719	22	25842744	47419550	14878	-0.0728
8361c472-5889-4809-97d5-bfb9a2c08719	22	47421333	50796027	2608	-0.0363
8361c472-5889-4809-97d5-bfb9a2c08719	X	251810	35858546	22180	0.0085
8361c472-5889-4809-97d5-bfb9a2c08719	X	35861243	35864284	2	-5.5735
8361c472-5889-4809-97d5-bfb9a2c08719	X	35864310	155952689	60917	0.0121
8361c472-5889-4809-97d5-bfb9a2c08719	Y	2782397	56872112	6640	-0.9277
