GDC_Aliquot	Chromosome	Start	End	Num_Probes	Segment_Mean
e56899dd-6144-442a-9f41-e027a3600ef8	1	62920	3305770	745	0.069
e56899dd-6144-442a-9f41-e027a3600ef8	1	3305906	15239853	7250	-0.0067
e56899dd-6144-442a-9f41-e027a3600ef8	1	15240203	15823420	344	0.0455
e56899dd-6144-442a-9f41-e027a3600ef8	1	15827002	15828515	10	0.6445
e56899dd-6144-442a-9f41-e027a3600ef8	1	15839166	16569132	299	0.0145
e56899dd-6144-442a-9f41-e027a3600ef8	1	16570326	16617327	9	0.2851
e56899dd-6144-442a-9f41-e027a3600ef8	1	16627347	16643961	19	-0.4694
e56899dd-6144-442a-9f41-e027a3600ef8	1	16679239	16955930	84	0.3816
e56899dd-6144-442a-9f41-e027a3600ef8	1	16956580	25273814	5266	-0.0018
e56899dd-6144-442a-9f41-e027a3600ef8	1	25273831	25284961	9	-0.6753
e56899dd-6144-442a-9f41-e027a3600ef8	1	25289805	72303233	28750	0.0044
e56899dd-6144-442a-9f41-e027a3600ef8	1	72303253	72345465	45	-0.9681
e56899dd-6144-442a-9f41-e027a3600ef8	1	72346221	105476614	20944	0.0033
e56899dd-6144-442a-9f41-e027a3600ef8	1	105476688	105479753	15	0.8588
e56899dd-6144-442a-9f41-e027a3600ef8	1	105481433	108223733	1959	0.0024
e56899dd-6144-442a-9f41-e027a3600ef8	1	108226680	108274557	2	-2.7252
e56899dd-6144-442a-9f41-e027a3600ef8	1	108310648	109684893	676	0.0232
e56899dd-6144-442a-9f41-e027a3600ef8	1	109690352	109697556	13	1.4839
e56899dd-6144-442a-9f41-e027a3600ef8	1	109702376	112147589	1948	0.0074
e56899dd-6144-442a-9f41-e027a3600ef8	1	112147626	112154576	23	0.3497
e56899dd-6144-442a-9f41-e027a3600ef8	1	112154591	119883359	4988	0.0048
e56899dd-6144-442a-9f41-e027a3600ef8	1	119884026	152778761	2813	0.0512
e56899dd-6144-442a-9f41-e027a3600ef8	1	152782154	152795883	43	0.398
e56899dd-6144-442a-9f41-e027a3600ef8	1	152796094	152816957	19	0.0928
e56899dd-6144-442a-9f41-e027a3600ef8	1	152819252	158989785	3661	0.0065
e56899dd-6144-442a-9f41-e027a3600ef8	1	158992249	158993006	2	-1.1388
e56899dd-6144-442a-9f41-e027a3600ef8	1	158997074	161648901	1584	0.0011
e56899dd-6144-442a-9f41-e027a3600ef8	1	161649069	161678831	8	-0.7125
e56899dd-6144-442a-9f41-e027a3600ef8	1	161680585	189052857	19020	0.0035
e56899dd-6144-442a-9f41-e027a3600ef8	1	189053468	189053479	2	-1.3023
e56899dd-6144-442a-9f41-e027a3600ef8	1	189053545	193186662	2761	-0.0026
e56899dd-6144-442a-9f41-e027a3600ef8	1	193187149	193187202	3	-1.1466
e56899dd-6144-442a-9f41-e027a3600ef8	1	193187218	196829693	2446	0.0147
e56899dd-6144-442a-9f41-e027a3600ef8	1	196830158	196846661	9	0.6204
e56899dd-6144-442a-9f41-e027a3600ef8	1	196847600	209897717	8789	0.0067
e56899dd-6144-442a-9f41-e027a3600ef8	1	209908268	209910639	3	-2.0744
e56899dd-6144-442a-9f41-e027a3600ef8	1	209913207	248477891	26828	0.007
e56899dd-6144-442a-9f41-e027a3600ef8	1	248520099	248664935	54	0.4303
e56899dd-6144-442a-9f41-e027a3600ef8	1	248668953	248930189	134	0.0395
e56899dd-6144-442a-9f41-e027a3600ef8	2	12784	35750907	24997	0.006
e56899dd-6144-442a-9f41-e027a3600ef8	2	35752724	35762850	6	-1.7083
e56899dd-6144-442a-9f41-e027a3600ef8	2	35762881	52516787	12125	0.0095
e56899dd-6144-442a-9f41-e027a3600ef8	2	52527330	52560811	41	0.3615
e56899dd-6144-442a-9f41-e027a3600ef8	2	52563002	85105322	20939	0.0052
e56899dd-6144-442a-9f41-e027a3600ef8	2	85105337	85106283	2	-1.6238
e56899dd-6144-442a-9f41-e027a3600ef8	2	85106853	86710564	963	0.0111
e56899dd-6144-442a-9f41-e027a3600ef8	2	86725947	86726731	2	-1.635
e56899dd-6144-442a-9f41-e027a3600ef8	2	86743283	97359380	1928	0.0271
e56899dd-6144-442a-9f41-e027a3600ef8	2	97359885	97545726	10	-0.8891
e56899dd-6144-442a-9f41-e027a3600ef8	2	97550415	128880904	18966	0.003
e56899dd-6144-442a-9f41-e027a3600ef8	2	128880928	128882723	13	-0.7676
e56899dd-6144-442a-9f41-e027a3600ef8	2	128882741	130036283	876	0.0126
e56899dd-6144-442a-9f41-e027a3600ef8	2	130036310	130116915	13	0.8984
e56899dd-6144-442a-9f41-e027a3600ef8	2	130117303	146104517	9524	0.0011
e56899dd-6144-442a-9f41-e027a3600ef8	2	146106836	146109366	24	-1.4641
e56899dd-6144-442a-9f41-e027a3600ef8	2	146120238	242147305	59049	0.0037
e56899dd-6144-442a-9f41-e027a3600ef8	3	20930	141230	112	0.0751
e56899dd-6144-442a-9f41-e027a3600ef8	3	142563	144528	5	-0.7259
e56899dd-6144-442a-9f41-e027a3600ef8	3	145107	182919	37	0.0316
e56899dd-6144-442a-9f41-e027a3600ef8	3	188339	190956	3	-3.1719
e56899dd-6144-442a-9f41-e027a3600ef8	3	191117	18557586	14143	0.0101
e56899dd-6144-442a-9f41-e027a3600ef8	3	18558378	18559489	2	-1.6511
e56899dd-6144-442a-9f41-e027a3600ef8	3	18564006	21262781	1607	0.0105
e56899dd-6144-442a-9f41-e027a3600ef8	3	21265909	21269040	5	-0.8918
e56899dd-6144-442a-9f41-e027a3600ef8	3	21269397	21919303	588	0.013
e56899dd-6144-442a-9f41-e027a3600ef8	3	21919427	21919435	2	-1.4487
e56899dd-6144-442a-9f41-e027a3600ef8	3	21920801	65203560	28804	0.0035
e56899dd-6144-442a-9f41-e027a3600ef8	3	65203644	65214027	30	-0.6928
e56899dd-6144-442a-9f41-e027a3600ef8	3	65214192	65217857	5	0.5356
e56899dd-6144-442a-9f41-e027a3600ef8	3	65217863	65224777	16	-0.5097
e56899dd-6144-442a-9f41-e027a3600ef8	3	65230674	68697013	2425	0.0059
e56899dd-6144-442a-9f41-e027a3600ef8	3	68697108	68698262	14	-1.1841
e56899dd-6144-442a-9f41-e027a3600ef8	3	68699607	75315329	4839	0.0031
e56899dd-6144-442a-9f41-e027a3600ef8	3	75317942	75596233	104	0.1592
e56899dd-6144-442a-9f41-e027a3600ef8	3	75600083	80760822	2950	0.0009
e56899dd-6144-442a-9f41-e027a3600ef8	3	80770039	80780120	3	0.9801
e56899dd-6144-442a-9f41-e027a3600ef8	3	80780544	84053071	1712	-0.0019
e56899dd-6144-442a-9f41-e027a3600ef8	3	84056282	84057015	2	-3.7487
e56899dd-6144-442a-9f41-e027a3600ef8	3	84061816	99225667	6295	0.0018
e56899dd-6144-442a-9f41-e027a3600ef8	3	99225703	99230194	23	-0.6509
e56899dd-6144-442a-9f41-e027a3600ef8	3	99230212	119014879	12263	-0.0012
e56899dd-6144-442a-9f41-e027a3600ef8	3	119015424	119016857	3	-1.3025
e56899dd-6144-442a-9f41-e027a3600ef8	3	119023688	128665680	5817	0.0032
e56899dd-6144-442a-9f41-e027a3600ef8	3	128667759	128693488	14	0.843
e56899dd-6144-442a-9f41-e027a3600ef8	3	128695318	162785334	20917	0.0057
e56899dd-6144-442a-9f41-e027a3600ef8	3	162785504	162815162	23	-0.3885
e56899dd-6144-442a-9f41-e027a3600ef8	3	162816942	162822702	6	-1.795
e56899dd-6144-442a-9f41-e027a3600ef8	3	162827928	193160113	19213	0.007
e56899dd-6144-442a-9f41-e027a3600ef8	3	193160173	193165114	19	-1.2719
e56899dd-6144-442a-9f41-e027a3600ef8	3	193168646	195656271	1483	-0.0016
e56899dd-6144-442a-9f41-e027a3600ef8	3	195663809	195707243	16	0.4349
e56899dd-6144-442a-9f41-e027a3600ef8	3	195707392	198169247	1193	0.0444
e56899dd-6144-442a-9f41-e027a3600ef8	4	68929	10208489	5700	0.0066
e56899dd-6144-442a-9f41-e027a3600ef8	4	10208518	10233558	39	0.411
e56899dd-6144-442a-9f41-e027a3600ef8	4	10233644	49289338	25983	0.0024
e56899dd-6144-442a-9f41-e027a3600ef8	4	49295203	49656595	19	0.4377
e56899dd-6144-442a-9f41-e027a3600ef8	4	51819533	56632503	3152	0.0028
e56899dd-6144-442a-9f41-e027a3600ef8	4	56633100	56637762	2	-2.2457
e56899dd-6144-442a-9f41-e027a3600ef8	4	56640405	56664465	23	-0.0153
e56899dd-6144-442a-9f41-e027a3600ef8	4	56677017	56677886	5	0.7351
e56899dd-6144-442a-9f41-e027a3600ef8	4	56677910	63827261	4379	0.0023
e56899dd-6144-442a-9f41-e027a3600ef8	4	63828222	63852325	32	-0.4999
e56899dd-6144-442a-9f41-e027a3600ef8	4	63856498	68418873	2854	-0.0061
e56899dd-6144-442a-9f41-e027a3600ef8	4	68422420	68422424	3	-1.2593
e56899dd-6144-442a-9f41-e027a3600ef8	4	68429081	68548225	32	-0.0841
e56899dd-6144-442a-9f41-e027a3600ef8	4	68554305	68560770	5	-0.9809
e56899dd-6144-442a-9f41-e027a3600ef8	4	68564004	69257792	355	-0.0239
e56899dd-6144-442a-9f41-e027a3600ef8	4	69261926	69363634	52	-0.6268
e56899dd-6144-442a-9f41-e027a3600ef8	4	69363716	172066777	62395	0.0038
e56899dd-6144-442a-9f41-e027a3600ef8	4	172067997	172068382	12	0.7358
e56899dd-6144-442a-9f41-e027a3600ef8	4	172074828	190106768	12073	0.017
e56899dd-6144-442a-9f41-e027a3600ef8	5	15532	8390255	6662	0.0098
e56899dd-6144-442a-9f41-e027a3600ef8	5	8396348	8396772	3	-1.2392
e56899dd-6144-442a-9f41-e027a3600ef8	5	8398273	21376735	8999	0.0062
e56899dd-6144-442a-9f41-e027a3600ef8	5	21377730	21377744	2	1.844
e56899dd-6144-442a-9f41-e027a3600ef8	5	21385957	21451168	46	0.0209
e56899dd-6144-442a-9f41-e027a3600ef8	5	21451855	21452329	3	1.1049
e56899dd-6144-442a-9f41-e027a3600ef8	5	21452387	45905895	14883	0.0042
e56899dd-6144-442a-9f41-e027a3600ef8	5	45906692	50300874	135	0.17
e56899dd-6144-442a-9f41-e027a3600ef8	5	50300902	102140678	30566	0.0066
e56899dd-6144-442a-9f41-e027a3600ef8	5	102141424	102148124	3	1.1553
e56899dd-6144-442a-9f41-e027a3600ef8	5	102149877	104515520	1313	0.0042
e56899dd-6144-442a-9f41-e027a3600ef8	5	104524672	104524903	4	-0.9198
e56899dd-6144-442a-9f41-e027a3600ef8	5	104525348	119618000	10406	0
e56899dd-6144-442a-9f41-e027a3600ef8	5	119624251	119625926	5	-1.3347
e56899dd-6144-442a-9f41-e027a3600ef8	5	119628442	140839137	12792	0.003
e56899dd-6144-442a-9f41-e027a3600ef8	5	140844251	140864171	13	-0.7612
e56899dd-6144-442a-9f41-e027a3600ef8	5	140872578	177771448	25027	0.0034
e56899dd-6144-442a-9f41-e027a3600ef8	5	177800550	177805604	3	2.2766
e56899dd-6144-442a-9f41-e027a3600ef8	5	177827964	180947523	1796	0.0047
e56899dd-6144-442a-9f41-e027a3600ef8	5	180951710	180991103	19	0.6588
e56899dd-6144-442a-9f41-e027a3600ef8	5	181006225	181363319	170	0.0655
e56899dd-6144-442a-9f41-e027a3600ef8	6	149661	327531	136	0.0519
e56899dd-6144-442a-9f41-e027a3600ef8	6	328070	380821	64	-0.3573
e56899dd-6144-442a-9f41-e027a3600ef8	6	381149	29868926	21445	0.007
e56899dd-6144-442a-9f41-e027a3600ef8	6	29868964	29906865	24	-0.6675
e56899dd-6144-442a-9f41-e027a3600ef8	6	29906932	32486746	1171	0.0447
e56899dd-6144-442a-9f41-e027a3600ef8	6	32488906	32634330	48	0.7824
e56899dd-6144-442a-9f41-e027a3600ef8	6	32634492	32718419	48	0.0827
e56899dd-6144-442a-9f41-e027a3600ef8	6	32720838	32723053	11	0.8066
e56899dd-6144-442a-9f41-e027a3600ef8	6	32732907	42605121	6404	0.008
e56899dd-6144-442a-9f41-e027a3600ef8	6	42605423	42607044	2	-1.7263
e56899dd-6144-442a-9f41-e027a3600ef8	6	42609959	54060151	7239	0.0032
e56899dd-6144-442a-9f41-e027a3600ef8	6	54060167	54066621	11	0.5375
e56899dd-6144-442a-9f41-e027a3600ef8	6	54067005	64627049	4228	0.0118
e56899dd-6144-442a-9f41-e027a3600ef8	6	64637651	64639099	2	-1.7353
e56899dd-6144-442a-9f41-e027a3600ef8	6	64640883	76726442	7935	-0.0023
e56899dd-6144-442a-9f41-e027a3600ef8	6	76726815	76742924	19	0.5895
e56899dd-6144-442a-9f41-e027a3600ef8	6	76742956	78253172	978	0.0141
e56899dd-6144-442a-9f41-e027a3600ef8	6	78259348	78325223	110	0.348
e56899dd-6144-442a-9f41-e027a3600ef8	6	78325310	167156031	57554	0.0024
e56899dd-6144-442a-9f41-e027a3600ef8	6	167156069	168244098	477	0.1089
e56899dd-6144-442a-9f41-e027a3600ef8	6	168245127	170741917	1642	0.0223
e56899dd-6144-442a-9f41-e027a3600ef8	7	43355	8757480	5035	0.0176
e56899dd-6144-442a-9f41-e027a3600ef8	7	8757691	8758149	4	-0.9887
e56899dd-6144-442a-9f41-e027a3600ef8	7	8760818	10042749	1075	0.0143
e56899dd-6144-442a-9f41-e027a3600ef8	7	10043104	10160793	88	-0.9368
e56899dd-6144-442a-9f41-e027a3600ef8	7	10164945	38347842	21283	0.0001
e56899dd-6144-442a-9f41-e027a3600ef8	7	38351764	38356875	4	-1.437
e56899dd-6144-442a-9f41-e027a3600ef8	7	38361356	54318812	10988	-0.0025
e56899dd-6144-442a-9f41-e027a3600ef8	7	54318816	54318824	5	2.2586
e56899dd-6144-442a-9f41-e027a3600ef8	7	54325795	56693807	1559	0.0005
e56899dd-6144-442a-9f41-e027a3600ef8	7	56694420	63376953	776	0.086
e56899dd-6144-442a-9f41-e027a3600ef8	7	63381025	124523209	34982	-0.0001
e56899dd-6144-442a-9f41-e027a3600ef8	7	124523712	124524073	3	-1.4196
e56899dd-6144-442a-9f41-e027a3600ef8	7	124524582	134100424	5888	0.0076
e56899dd-6144-442a-9f41-e027a3600ef8	7	134100442	134105690	23	-1.7742
e56899dd-6144-442a-9f41-e027a3600ef8	7	134110881	142063324	5202	-0.0018
e56899dd-6144-442a-9f41-e027a3600ef8	7	142069843	142092307	33	-2.0516
e56899dd-6144-442a-9f41-e027a3600ef8	7	142099190	150855785	5256	0.0099
e56899dd-6144-442a-9f41-e027a3600ef8	7	150856669	150863234	9	-0.9458
e56899dd-6144-442a-9f41-e027a3600ef8	7	150865574	150868240	11	-0.0609
e56899dd-6144-442a-9f41-e027a3600ef8	7	150868870	150875482	7	-0.8159
e56899dd-6144-442a-9f41-e027a3600ef8	7	150877476	154598185	2341	0.0073
e56899dd-6144-442a-9f41-e027a3600ef8	7	154601461	154607903	4	-1.8027
e56899dd-6144-442a-9f41-e027a3600ef8	7	154609120	159334314	3236	0.0092
e56899dd-6144-442a-9f41-e027a3600ef8	8	81254	643041	322	0.0398
e56899dd-6144-442a-9f41-e027a3600ef8	8	644944	645908	10	1.1553
e56899dd-6144-442a-9f41-e027a3600ef8	8	656117	6968014	7289	0.0232
e56899dd-6144-442a-9f41-e027a3600ef8	8	6968154	7030434	31	0.3884
e56899dd-6144-442a-9f41-e027a3600ef8	8	7032113	7380497	99	0.0487
e56899dd-6144-442a-9f41-e027a3600ef8	8	7396819	8085660	36	0.7592
e56899dd-6144-442a-9f41-e027a3600ef8	8	8101440	12025748	3226	0.0287
e56899dd-6144-442a-9f41-e027a3600ef8	8	12035719	12616373	63	0.3981
e56899dd-6144-442a-9f41-e027a3600ef8	8	12620185	50119451	24071	0.0011
e56899dd-6144-442a-9f41-e027a3600ef8	8	50119464	50119827	7	-1.5806
e56899dd-6144-442a-9f41-e027a3600ef8	8	50126018	59411610	6188	0.0079
e56899dd-6144-442a-9f41-e027a3600ef8	8	59413898	59416574	6	-1.0394
e56899dd-6144-442a-9f41-e027a3600ef8	8	59420249	63936340	2864	0.0026
e56899dd-6144-442a-9f41-e027a3600ef8	8	63936355	63936561	5	0.8506
e56899dd-6144-442a-9f41-e027a3600ef8	8	63936953	111282237	28347	0.0022
e56899dd-6144-442a-9f41-e027a3600ef8	8	111282417	111283031	7	-1.1415
e56899dd-6144-442a-9f41-e027a3600ef8	8	111288052	140579391	20909	0.0013
e56899dd-6144-442a-9f41-e027a3600ef8	8	140581014	142067450	888	0.075
e56899dd-6144-442a-9f41-e027a3600ef8	8	142067969	145072769	1117	0.011
e56899dd-6144-442a-9f41-e027a3600ef8	9	46587	5081585	5244	0.026
e56899dd-6144-442a-9f41-e027a3600ef8	9	5081611	5082995	7	-0.9213
e56899dd-6144-442a-9f41-e027a3600ef8	9	5083003	5191430	89	0.1391
e56899dd-6144-442a-9f41-e027a3600ef8	9	5192082	6624293	952	0.0117
e56899dd-6144-442a-9f41-e027a3600ef8	9	6624484	6655056	45	0.212
e56899dd-6144-442a-9f41-e027a3600ef8	9	6657192	6661406	2	-1.2349
e56899dd-6144-442a-9f41-e027a3600ef8	9	6661613	6695986	32	0.0771
e56899dd-6144-442a-9f41-e027a3600ef8	9	6701145	6708357	7	-0.8771
e56899dd-6144-442a-9f41-e027a3600ef8	9	6712314	17636429	9508	0.0078
e56899dd-6144-442a-9f41-e027a3600ef8	9	17636443	17636676	5	-1.1966
e56899dd-6144-442a-9f41-e027a3600ef8	9	17641130	23361807	4530	-0.0004
e56899dd-6144-442a-9f41-e027a3600ef8	9	23363117	23373486	8	-2.0182
e56899dd-6144-442a-9f41-e027a3600ef8	9	23378490	29088080	4329	0.0057
e56899dd-6144-442a-9f41-e027a3600ef8	9	29088731	29097682	7	-0.659
e56899dd-6144-442a-9f41-e027a3600ef8	9	29101434	29948531	601	0.0011
e56899dd-6144-442a-9f41-e027a3600ef8	9	29948739	29970413	32	0.3287
e56899dd-6144-442a-9f41-e027a3600ef8	9	29972113	38989381	5717	0.0083
e56899dd-6144-442a-9f41-e027a3600ef8	9	38996106	38996240	2	-1.8764
e56899dd-6144-442a-9f41-e027a3600ef8	9	38996751	60898630	250	0.0414
e56899dd-6144-442a-9f41-e027a3600ef8	9	61337631	61629689	35	0.6311
e56899dd-6144-442a-9f41-e027a3600ef8	9	61633080	64672853	114	0.0675
e56899dd-6144-442a-9f41-e027a3600ef8	9	64794598	64853789	8	0.6724
e56899dd-6144-442a-9f41-e027a3600ef8	9	64866665	64929736	6	-0.2316
e56899dd-6144-442a-9f41-e027a3600ef8	9	64945250	66880844	13	0.427
e56899dd-6144-442a-9f41-e027a3600ef8	9	66881239	69485135	960	0.0021
e56899dd-6144-442a-9f41-e027a3600ef8	9	69485202	69492785	11	0.5543
e56899dd-6144-442a-9f41-e027a3600ef8	9	69492817	82749856	9422	0.0007
e56899dd-6144-442a-9f41-e027a3600ef8	9	82761361	82769329	10	-1.0384
e56899dd-6144-442a-9f41-e027a3600ef8	9	82776771	118543636	25890	0.0015
e56899dd-6144-442a-9f41-e027a3600ef8	9	118548375	118588239	36	0.2888
e56899dd-6144-442a-9f41-e027a3600ef8	9	118588528	133074203	9216	0.0033
e56899dd-6144-442a-9f41-e027a3600ef8	9	133075508	133082053	7	-1.0845
e56899dd-6144-442a-9f41-e027a3600ef8	9	133090275	135318961	1288	-0.0015
e56899dd-6144-442a-9f41-e027a3600ef8	9	135319329	135339617	35	0.2976
e56899dd-6144-442a-9f41-e027a3600ef8	9	135345274	138200944	1078	0.0121
e56899dd-6144-442a-9f41-e027a3600ef8	10	45792	17896194	14850	0.0057
e56899dd-6144-442a-9f41-e027a3600ef8	10	17907840	17934718	4	-1.2979
e56899dd-6144-442a-9f41-e027a3600ef8	10	17941330	37166217	13474	0.0006
e56899dd-6144-442a-9f41-e027a3600ef8	10	37172220	37178686	2	2.0707
e56899dd-6144-442a-9f41-e027a3600ef8	10	37190486	46522571	3343	0.0092
e56899dd-6144-442a-9f41-e027a3600ef8	10	46525652	46525848	8	1.2053
e56899dd-6144-442a-9f41-e027a3600ef8	10	46526046	47113019	82	0.136
e56899dd-6144-442a-9f41-e027a3600ef8	10	47117262	65545311	12645	-0.0016
e56899dd-6144-442a-9f41-e027a3600ef8	10	65545327	65554672	32	-0.3152
e56899dd-6144-442a-9f41-e027a3600ef8	10	65554688	130380338	44141	-0.0024
e56899dd-6144-442a-9f41-e027a3600ef8	10	130380449	133562190	2037	0.0353
e56899dd-6144-442a-9f41-e027a3600ef8	10	133563765	133563774	2	-1.8267
e56899dd-6144-442a-9f41-e027a3600ef8	10	133573736	133654968	34	0.0762
e56899dd-6144-442a-9f41-e027a3600ef8	11	198510	367139	80	0.0534
e56899dd-6144-442a-9f41-e027a3600ef8	11	368246	377795	4	0.6499
e56899dd-6144-442a-9f41-e027a3600ef8	11	378573	1626349	400	-0.0114
e56899dd-6144-442a-9f41-e027a3600ef8	11	1627184	1627418	2	-1.4687
e56899dd-6144-442a-9f41-e027a3600ef8	11	1628657	3465494	807	0.0165
e56899dd-6144-442a-9f41-e027a3600ef8	11	3466435	3467311	3	-1.0365
e56899dd-6144-442a-9f41-e027a3600ef8	11	3485296	4705210	846	0.0258
e56899dd-6144-442a-9f41-e027a3600ef8	11	4705388	4705661	5	-1.0111
e56899dd-6144-442a-9f41-e027a3600ef8	11	4707904	4729598	51	-0.0555
e56899dd-6144-442a-9f41-e027a3600ef8	11	4730116	4746285	16	0.3194
e56899dd-6144-442a-9f41-e027a3600ef8	11	4750836	4947280	201	-0.0065
e56899dd-6144-442a-9f41-e027a3600ef8	11	4949013	4954475	27	0.7843
e56899dd-6144-442a-9f41-e027a3600ef8	11	4955027	5766175	785	-0.0093
e56899dd-6144-442a-9f41-e027a3600ef8	11	5766850	5787909	32	-0.7448
e56899dd-6144-442a-9f41-e027a3600ef8	11	5788108	18919309	9405	0.004
e56899dd-6144-442a-9f41-e027a3600ef8	11	18919323	18949158	48	0.4899
e56899dd-6144-442a-9f41-e027a3600ef8	11	18949201	22322609	2887	0.0024
e56899dd-6144-442a-9f41-e027a3600ef8	11	22329922	22330059	2	-2.1478
e56899dd-6144-442a-9f41-e027a3600ef8	11	22333699	25057650	1937	-0.0011
e56899dd-6144-442a-9f41-e027a3600ef8	11	25057762	25058058	2	1.138
e56899dd-6144-442a-9f41-e027a3600ef8	11	25061629	25064191	5	-0.8534
e56899dd-6144-442a-9f41-e027a3600ef8	11	25064963	49896866	16290	0.0022
e56899dd-6144-442a-9f41-e027a3600ef8	11	49898230	55606572	630	0.0833
e56899dd-6144-442a-9f41-e027a3600ef8	11	55606712	55685533	57	-1.7313
e56899dd-6144-442a-9f41-e027a3600ef8	11	55686100	64858519	5125	0.0073
e56899dd-6144-442a-9f41-e027a3600ef8	11	64866165	65852950	380	0.1164
e56899dd-6144-442a-9f41-e027a3600ef8	11	65856268	89736714	14347	0.0013
e56899dd-6144-442a-9f41-e027a3600ef8	11	89739376	89834373	15	-0.5032
e56899dd-6144-442a-9f41-e027a3600ef8	11	89847184	92289319	1600	0.0145
e56899dd-6144-442a-9f41-e027a3600ef8	11	92291620	92294987	7	-0.9912
e56899dd-6144-442a-9f41-e027a3600ef8	11	92296034	107910653	11272	0.0065
e56899dd-6144-442a-9f41-e027a3600ef8	11	107913781	107914372	2	-3.4954
e56899dd-6144-442a-9f41-e027a3600ef8	11	107916987	108832979	490	0.0328
e56899dd-6144-442a-9f41-e027a3600ef8	11	108844212	132827156	17331	0.0017
e56899dd-6144-442a-9f41-e027a3600ef8	11	132827370	135074876	1707	0.0421
e56899dd-6144-442a-9f41-e027a3600ef8	12	51460	9477960	6169	0.0073
e56899dd-6144-442a-9f41-e027a3600ef8	12	9481274	9584060	28	0.5338
e56899dd-6144-442a-9f41-e027a3600ef8	12	9584317	11014369	998	0.0084
e56899dd-6144-442a-9f41-e027a3600ef8	12	11014627	11115108	51	0.3261
e56899dd-6144-442a-9f41-e027a3600ef8	12	11117645	18773098	5229	0.0067
e56899dd-6144-442a-9f41-e027a3600ef8	12	18782255	18782999	3	-1.0683
e56899dd-6144-442a-9f41-e027a3600ef8	12	18791454	30086978	8027	-0.0015
e56899dd-6144-442a-9f41-e027a3600ef8	12	30087113	30090698	16	-0.8061
e56899dd-6144-442a-9f41-e027a3600ef8	12	30090732	31112123	870	-0.0061
e56899dd-6144-442a-9f41-e027a3600ef8	12	31116364	31254189	88	0.6252
e56899dd-6144-442a-9f41-e027a3600ef8	12	31256945	48331259	8629	0.0079
e56899dd-6144-442a-9f41-e027a3600ef8	12	48331456	48331632	3	-1.6344
e56899dd-6144-442a-9f41-e027a3600ef8	12	48336253	127685968	50697	0.0018
e56899dd-6144-442a-9f41-e027a3600ef8	12	127686756	133201603	4018	0.0421
e56899dd-6144-442a-9f41-e027a3600ef8	13	18452809	21842035	1916	0.0204
e56899dd-6144-442a-9f41-e027a3600ef8	13	21845143	21848162	4	-1.3027
e56899dd-6144-442a-9f41-e027a3600ef8	13	21848221	31957984	7644	0.0146
e56899dd-6144-442a-9f41-e027a3600ef8	13	31958485	31964286	18	-0.7649
e56899dd-6144-442a-9f41-e027a3600ef8	13	31965910	38478674	4616	-0.0049
e56899dd-6144-442a-9f41-e027a3600ef8	13	38483435	38483919	2	-1.9021
e56899dd-6144-442a-9f41-e027a3600ef8	13	38490920	42913038	3128	0.0076
e56899dd-6144-442a-9f41-e027a3600ef8	13	42913316	42913929	5	-0.8274
e56899dd-6144-442a-9f41-e027a3600ef8	13	42914053	57184255	8690	0.008
e56899dd-6144-442a-9f41-e027a3600ef8	13	57184492	57204234	29	-0.55
e56899dd-6144-442a-9f41-e027a3600ef8	13	57204246	71902850	8988	0.0042
e56899dd-6144-442a-9f41-e027a3600ef8	13	71903417	71906418	4	1.3756
e56899dd-6144-442a-9f41-e027a3600ef8	13	71906467	114342922	29075	0.0056
e56899dd-6144-442a-9f41-e027a3600ef8	14	18239283	19185165	38	0.0193
e56899dd-6144-442a-9f41-e027a3600ef8	14	19185951	19957752	133	0.5945
e56899dd-6144-442a-9f41-e027a3600ef8	14	19958388	23977508	2712	0.0223
e56899dd-6144-442a-9f41-e027a3600ef8	14	23982222	24020067	27	-0.3983
e56899dd-6144-442a-9f41-e027a3600ef8	14	24024866	24779087	459	-0.0065
e56899dd-6144-442a-9f41-e027a3600ef8	14	24779340	24780616	2	-1.0408
e56899dd-6144-442a-9f41-e027a3600ef8	14	24780895	25525066	553	0.0169
e56899dd-6144-442a-9f41-e027a3600ef8	14	25525490	25526704	4	-1.2689
e56899dd-6144-442a-9f41-e027a3600ef8	14	25527654	69551330	27675	0.0034
e56899dd-6144-442a-9f41-e027a3600ef8	14	69551651	69556009	10	-0.7077
e56899dd-6144-442a-9f41-e027a3600ef8	14	69556227	73540003	2623	0.0035
e56899dd-6144-442a-9f41-e027a3600ef8	14	73540147	73563196	8	-1.7938
e56899dd-6144-442a-9f41-e027a3600ef8	14	73563211	106346129	20875	0.0051
e56899dd-6144-442a-9f41-e027a3600ef8	14	106360014	106365807	4	1.3256
e56899dd-6144-442a-9f41-e027a3600ef8	14	106369985	106877229	270	0.074
e56899dd-6144-442a-9f41-e027a3600ef8	15	19811075	20210984	61	0.0518
e56899dd-6144-442a-9f41-e027a3600ef8	15	20217125	20373168	27	-0.5121
e56899dd-6144-442a-9f41-e027a3600ef8	15	20376198	20376311	7	0.725
e56899dd-6144-442a-9f41-e027a3600ef8	15	20380735	22635920	129	-0.4494
e56899dd-6144-442a-9f41-e027a3600ef8	15	22646628	24435538	979	0.0163
e56899dd-6144-442a-9f41-e027a3600ef8	15	24435590	24473026	28	-0.5486
e56899dd-6144-442a-9f41-e027a3600ef8	15	24473449	30152073	3599	0.0164
e56899dd-6144-442a-9f41-e027a3600ef8	15	30156392	30215235	7	-0.9956
e56899dd-6144-442a-9f41-e027a3600ef8	15	30230885	34431375	2595	0.0092
e56899dd-6144-442a-9f41-e027a3600ef8	15	34434971	34526116	62	-0.7839
e56899dd-6144-442a-9f41-e027a3600ef8	15	34570058	76577588	26408	0.0044
e56899dd-6144-442a-9f41-e027a3600ef8	15	76586021	76603434	23	0.7956
e56899dd-6144-442a-9f41-e027a3600ef8	15	76609838	101928837	17614	0.0081
e56899dd-6144-442a-9f41-e027a3600ef8	16	10777	209791	112	0.1328
e56899dd-6144-442a-9f41-e027a3600ef8	16	212300	14666125	10982	0.0143
e56899dd-6144-442a-9f41-e027a3600ef8	16	14671357	18335528	1683	0.0761
e56899dd-6144-442a-9f41-e027a3600ef8	16	18540265	18545889	3	1.533
e56899dd-6144-442a-9f41-e027a3600ef8	16	18583078	35225338	7392	0.0188
e56899dd-6144-442a-9f41-e027a3600ef8	16	35232200	35522700	168	0.9989
e56899dd-6144-442a-9f41-e027a3600ef8	16	35526596	55762682	6601	0.0032
e56899dd-6144-442a-9f41-e027a3600ef8	16	55764310	55764867	3	3.5973
e56899dd-6144-442a-9f41-e027a3600ef8	16	55770436	90096867	24921	0.0057
e56899dd-6144-442a-9f41-e027a3600ef8	17	150733	16754017	10468	0.0164
e56899dd-6144-442a-9f41-e027a3600ef8	17	16759600	16834846	10	0.6092
e56899dd-6144-442a-9f41-e027a3600ef8	17	16838201	18375453	887	0.0143
e56899dd-6144-442a-9f41-e027a3600ef8	17	18375514	18379351	3	0.7657
e56899dd-6144-442a-9f41-e027a3600ef8	17	18379429	18452078	19	0.193
e56899dd-6144-442a-9f41-e027a3600ef8	17	18455632	18561907	26	-1.1057
e56899dd-6144-442a-9f41-e027a3600ef8	17	18565883	83091923	33611	0.0103
e56899dd-6144-442a-9f41-e027a3600ef8	18	48133	860355	604	0.0803
e56899dd-6144-442a-9f41-e027a3600ef8	18	860939	79362434	49704	0.0108
e56899dd-6144-442a-9f41-e027a3600ef8	18	79362597	80257174	424	0.0747
e56899dd-6144-442a-9f41-e027a3600ef8	19	90910	6894304	2249	0.005
e56899dd-6144-442a-9f41-e027a3600ef8	19	6895855	6942483	40	0.2977
e56899dd-6144-442a-9f41-e027a3600ef8	19	6942707	12581187	2754	0.008
e56899dd-6144-442a-9f41-e027a3600ef8	19	12586552	12589709	3	1.5873
e56899dd-6144-442a-9f41-e027a3600ef8	19	12589872	14928127	1051	-0.0001
e56899dd-6144-442a-9f41-e027a3600ef8	19	14934380	14938487	3	-1.142
e56899dd-6144-442a-9f41-e027a3600ef8	19	14940475	43133031	14461	0.0094
e56899dd-6144-442a-9f41-e027a3600ef8	19	43133064	43313722	81	0.2163
e56899dd-6144-442a-9f41-e027a3600ef8	19	43313843	48440664	2640	0.0127
e56899dd-6144-442a-9f41-e027a3600ef8	19	48448459	48448622	2	-1.6712
e56899dd-6144-442a-9f41-e027a3600ef8	19	48451314	58586487	5826	0.03
e56899dd-6144-442a-9f41-e027a3600ef8	20	80664	1580353	1204	0.0179
e56899dd-6144-442a-9f41-e027a3600ef8	20	1580934	1613247	41	1.7235
e56899dd-6144-442a-9f41-e027a3600ef8	20	1617300	14812166	9924	0.0053
e56899dd-6144-442a-9f41-e027a3600ef8	20	14812188	14812192	2	-2.4589
e56899dd-6144-442a-9f41-e027a3600ef8	20	14812769	26217295	8809	-0.0037
e56899dd-6144-442a-9f41-e027a3600ef8	20	26229118	30377631	79	0.2137
e56899dd-6144-442a-9f41-e027a3600ef8	20	30381395	64324800	22318	0.0033
e56899dd-6144-442a-9f41-e027a3600ef8	21	10354168	13933618	307	0.1392
e56899dd-6144-442a-9f41-e027a3600ef8	21	13933932	46486207	23392	0.0057
e56899dd-6144-442a-9f41-e027a3600ef8	21	46487065	46677045	167	0.0757
e56899dd-6144-442a-9f41-e027a3600ef8	22	15294547	25510963	5463	0.0571
e56899dd-6144-442a-9f41-e027a3600ef8	22	25510983	37346951	8965	0.0052
e56899dd-6144-442a-9f41-e027a3600ef8	22	37352689	37353573	3	-1.491
e56899dd-6144-442a-9f41-e027a3600ef8	22	37353906	38894915	767	0.0054
e56899dd-6144-442a-9f41-e027a3600ef8	22	38899250	38900899	3	-1.0609
e56899dd-6144-442a-9f41-e027a3600ef8	22	38903109	48780839	6790	0.0011
e56899dd-6144-442a-9f41-e027a3600ef8	22	48781165	50528603	1138	0.0541
e56899dd-6144-442a-9f41-e027a3600ef8	22	50534679	50534687	5	-0.9659
e56899dd-6144-442a-9f41-e027a3600ef8	22	50535325	50796027	143	0.0739
e56899dd-6144-442a-9f41-e027a3600ef8	X	251810	93669112	48070	0.0026
e56899dd-6144-442a-9f41-e027a3600ef8	X	93669139	93670020	5	-1.9156
e56899dd-6144-442a-9f41-e027a3600ef8	X	93683658	118857537	13780	0.0075
e56899dd-6144-442a-9f41-e027a3600ef8	X	118859329	118859334	2	-1.9777
e56899dd-6144-442a-9f41-e027a3600ef8	X	118861334	124561265	3408	0.0016
e56899dd-6144-442a-9f41-e027a3600ef8	X	124561338	124562237	2	-2.9945
e56899dd-6144-442a-9f41-e027a3600ef8	X	124562319	140042420	8625	-0.0001
e56899dd-6144-442a-9f41-e027a3600ef8	X	140044962	140052674	6	-1.3528
e56899dd-6144-442a-9f41-e027a3600ef8	X	140052739	155952689	9679	0.0009
e56899dd-6144-442a-9f41-e027a3600ef8	Y	2782397	23029591	6442	-0.8882
e56899dd-6144-442a-9f41-e027a3600ef8	Y	23045484	25692987	24	-1.6297
e56899dd-6144-442a-9f41-e027a3600ef8	Y	25968161	56872112	174	-0.9025
