GDC_Aliquot	Chromosome	Start	End	Num_Probes	Segment_Mean
9abb40a8-9fa5-4495-a443-3ce500227e19	1	62920	72303233	42762	-0.0015
9abb40a8-9fa5-4495-a443-3ce500227e19	1	72303253	72345450	44	-1.4961
9abb40a8-9fa5-4495-a443-3ce500227e19	1	72345465	81422771	5774	-0.0047
9abb40a8-9fa5-4495-a443-3ce500227e19	1	81422917	81422920	2	1.3755
9abb40a8-9fa5-4495-a443-3ce500227e19	1	81422982	109690352	17816	-0.0034
9abb40a8-9fa5-4495-a443-3ce500227e19	1	109690415	109691933	8	-0.8236
9abb40a8-9fa5-4495-a443-3ce500227e19	1	109692006	112154591	1971	0.0081
9abb40a8-9fa5-4495-a443-3ce500227e19	1	112154619	112163334	4	1.2139
9abb40a8-9fa5-4495-a443-3ce500227e19	1	112163438	152583051	7600	0.0006
9abb40a8-9fa5-4495-a443-3ce500227e19	1	152583230	152614100	34	-1.8567
9abb40a8-9fa5-4495-a443-3ce500227e19	1	152614118	152787202	168	-0.018
9abb40a8-9fa5-4495-a443-3ce500227e19	1	152789447	152796224	37	-0.3322
9abb40a8-9fa5-4495-a443-3ce500227e19	1	152801429	158896783	3611	-0.0009
9abb40a8-9fa5-4495-a443-3ce500227e19	1	158898711	158899969	2	-1.6806
9abb40a8-9fa5-4495-a443-3ce500227e19	1	158905028	165685290	4962	0.0046
9abb40a8-9fa5-4495-a443-3ce500227e19	1	165685614	165685632	2	-1.2555
9abb40a8-9fa5-4495-a443-3ce500227e19	1	165686867	174826800	6209	0.0051
9abb40a8-9fa5-4495-a443-3ce500227e19	1	174827128	174835841	34	0.3156
9abb40a8-9fa5-4495-a443-3ce500227e19	1	174835884	193186662	12219	0.0022
9abb40a8-9fa5-4495-a443-3ce500227e19	1	193187149	193187202	3	1.2865
9abb40a8-9fa5-4495-a443-3ce500227e19	1	193187218	196745692	2394	-0.0055
9abb40a8-9fa5-4495-a443-3ce500227e19	1	196745743	196830375	55	0.4482
9abb40a8-9fa5-4495-a443-3ce500227e19	1	196832298	229675422	21825	0.0019
9abb40a8-9fa5-4495-a443-3ce500227e19	1	229681109	229684383	2	-3.3999
9abb40a8-9fa5-4495-a443-3ce500227e19	1	229684449	243134955	10248	-0.0012
9abb40a8-9fa5-4495-a443-3ce500227e19	1	243135116	243190549	21	0.4708
9abb40a8-9fa5-4495-a443-3ce500227e19	1	243192159	246780043	2457	-0.0041
9abb40a8-9fa5-4495-a443-3ce500227e19	1	246780235	246782457	5	-1.0495
9abb40a8-9fa5-4495-a443-3ce500227e19	1	246782473	248930189	1233	0.0067
9abb40a8-9fa5-4495-a443-3ce500227e19	2	12784	4158097	2986	-0.0064
9abb40a8-9fa5-4495-a443-3ce500227e19	2	4166274	4175577	36	-2.2475
9abb40a8-9fa5-4495-a443-3ce500227e19	2	4175922	14565932	8021	0.0094
9abb40a8-9fa5-4495-a443-3ce500227e19	2	14566145	14569968	10	-1.1895
9abb40a8-9fa5-4495-a443-3ce500227e19	2	14570240	97359885	49947	0.0045
9abb40a8-9fa5-4495-a443-3ce500227e19	2	97524284	97545726	9	-1.1387
9abb40a8-9fa5-4495-a443-3ce500227e19	2	97550415	111562204	8220	0.0008
9abb40a8-9fa5-4495-a443-3ce500227e19	2	111565774	111616265	10	-0.6477
9abb40a8-9fa5-4495-a443-3ce500227e19	2	111617900	117465774	3477	-0.0005
9abb40a8-9fa5-4495-a443-3ce500227e19	2	117466188	117472885	8	-0.6995
9abb40a8-9fa5-4495-a443-3ce500227e19	2	117472962	122714543	3342	-0.005
9abb40a8-9fa5-4495-a443-3ce500227e19	2	122714603	122724665	12	-0.6315
9abb40a8-9fa5-4495-a443-3ce500227e19	2	122726077	127094445	2859	-0.0006
9abb40a8-9fa5-4495-a443-3ce500227e19	2	127099470	127100187	2	1.8265
9abb40a8-9fa5-4495-a443-3ce500227e19	2	127100370	146106875	11460	0.001
9abb40a8-9fa5-4495-a443-3ce500227e19	2	146106889	146109139	18	0.6428
9abb40a8-9fa5-4495-a443-3ce500227e19	2	146109230	152930971	4202	0.0077
9abb40a8-9fa5-4495-a443-3ce500227e19	2	152939554	152940270	3	-1.7504
9abb40a8-9fa5-4495-a443-3ce500227e19	2	152944055	175340473	13614	0.0032
9abb40a8-9fa5-4495-a443-3ce500227e19	2	175342578	175345944	5	-1.3125
9abb40a8-9fa5-4495-a443-3ce500227e19	2	175347662	183144948	4970	0.0002
9abb40a8-9fa5-4495-a443-3ce500227e19	2	183145243	183145479	3	-1.3572
9abb40a8-9fa5-4495-a443-3ce500227e19	2	183147261	184451949	892	-0.0071
9abb40a8-9fa5-4495-a443-3ce500227e19	2	184452153	184455332	4	1.4833
9abb40a8-9fa5-4495-a443-3ce500227e19	2	184460792	242147305	35353	-0.0005
9abb40a8-9fa5-4495-a443-3ce500227e19	3	20930	68697013	47759	0.0027
9abb40a8-9fa5-4495-a443-3ce500227e19	3	68697108	68698262	14	-1.4496
9abb40a8-9fa5-4495-a443-3ce500227e19	3	68699607	128662406	34002	0.0008
9abb40a8-9fa5-4495-a443-3ce500227e19	3	128665680	128693488	15	0.7148
9abb40a8-9fa5-4495-a443-3ce500227e19	3	128695318	130044855	622	0.0129
9abb40a8-9fa5-4495-a443-3ce500227e19	3	130047743	130067366	6	-0.6575
9abb40a8-9fa5-4495-a443-3ce500227e19	3	130067443	130087393	31	-1.8043
9abb40a8-9fa5-4495-a443-3ce500227e19	3	130088081	158632329	17648	-0.0003
9abb40a8-9fa5-4495-a443-3ce500227e19	3	158633095	158633756	2	-2.0909
9abb40a8-9fa5-4495-a443-3ce500227e19	3	158641083	162790404	2599	0.0063
9abb40a8-9fa5-4495-a443-3ce500227e19	3	162790480	162898127	65	0.7046
9abb40a8-9fa5-4495-a443-3ce500227e19	3	162906054	193156958	19169	-0.0008
9abb40a8-9fa5-4495-a443-3ce500227e19	3	193160113	193161217	7	1.0384
9abb40a8-9fa5-4495-a443-3ce500227e19	3	193162684	198169247	2705	0.0061
9abb40a8-9fa5-4495-a443-3ce500227e19	4	68929	4101617	1623	-0.0139
9abb40a8-9fa5-4495-a443-3ce500227e19	4	4108503	4151033	10	-0.8164
9abb40a8-9fa5-4495-a443-3ce500227e19	4	4158336	9455251	3524	-0.0038
9abb40a8-9fa5-4495-a443-3ce500227e19	4	9459504	9477699	6	1.0854
9abb40a8-9fa5-4495-a443-3ce500227e19	4	9484440	10208766	538	0.0001
9abb40a8-9fa5-4495-a443-3ce500227e19	4	10221792	10229874	28	-2.1713
9abb40a8-9fa5-4495-a443-3ce500227e19	4	10232590	10233644	7	-0.4392
9abb40a8-9fa5-4495-a443-3ce500227e19	4	10234518	10389091	170	0.0176
9abb40a8-9fa5-4495-a443-3ce500227e19	4	10390730	10399044	16	0.5322
9abb40a8-9fa5-4495-a443-3ce500227e19	4	10401094	25554550	11011	-0.0013
9abb40a8-9fa5-4495-a443-3ce500227e19	4	25554958	25571497	17	0.556
9abb40a8-9fa5-4495-a443-3ce500227e19	4	25572251	34777432	5755	-0.0013
9abb40a8-9fa5-4495-a443-3ce500227e19	4	34784878	34823103	38	-0.7522
9abb40a8-9fa5-4495-a443-3ce500227e19	4	34828250	49112078	8965	0.0018
9abb40a8-9fa5-4495-a443-3ce500227e19	4	49113964	49141246	2	1.4774
9abb40a8-9fa5-4495-a443-3ce500227e19	4	49146817	49289338	10	-0.0244
9abb40a8-9fa5-4495-a443-3ce500227e19	4	49295203	68354665	10457	0.0044
9abb40a8-9fa5-4495-a443-3ce500227e19	4	68361130	68429081	12	0.711
9abb40a8-9fa5-4495-a443-3ce500227e19	4	68439221	68620122	74	-0.2119
9abb40a8-9fa5-4495-a443-3ce500227e19	4	68620261	69523998	480	0.0318
9abb40a8-9fa5-4495-a443-3ce500227e19	4	69524143	69525061	2	-2.5329
9abb40a8-9fa5-4495-a443-3ce500227e19	4	69526170	160952848	55165	0.0035
9abb40a8-9fa5-4495-a443-3ce500227e19	4	160958866	160963971	28	0.4884
9abb40a8-9fa5-4495-a443-3ce500227e19	4	160964013	171448195	6653	0.0017
9abb40a8-9fa5-4495-a443-3ce500227e19	4	171453733	171456559	10	-1.0332
9abb40a8-9fa5-4495-a443-3ce500227e19	4	171456573	190106768	12484	-0.0018
9abb40a8-9fa5-4495-a443-3ce500227e19	5	15532	760901	325	0.0065
9abb40a8-9fa5-4495-a443-3ce500227e19	5	760915	833513	28	-0.6442
9abb40a8-9fa5-4495-a443-3ce500227e19	5	852451	7169363	5367	-0.0069
9abb40a8-9fa5-4495-a443-3ce500227e19	5	7177225	7189812	26	-0.9225
9abb40a8-9fa5-4495-a443-3ce500227e19	5	7202522	12785150	4441	-0.0019
9abb40a8-9fa5-4495-a443-3ce500227e19	5	12790757	12838421	18	0.552
9abb40a8-9fa5-4495-a443-3ce500227e19	5	12849089	21376735	5462	-0.0062
9abb40a8-9fa5-4495-a443-3ce500227e19	5	21377730	21377744	2	-2.6622
9abb40a8-9fa5-4495-a443-3ce500227e19	5	21385957	62277545	22937	0.0038
9abb40a8-9fa5-4495-a443-3ce500227e19	5	62279164	62280093	2	-1.7935
9abb40a8-9fa5-4495-a443-3ce500227e19	5	62280446	76154195	7604	0.0019
9abb40a8-9fa5-4495-a443-3ce500227e19	5	76154242	76154319	3	1.0738
9abb40a8-9fa5-4495-a443-3ce500227e19	5	76154351	104515520	16381	-0.0037
9abb40a8-9fa5-4495-a443-3ce500227e19	5	104524672	104524903	4	-1.7396
9abb40a8-9fa5-4495-a443-3ce500227e19	5	104525348	139785686	22711	0.0032
9abb40a8-9fa5-4495-a443-3ce500227e19	5	139789292	139798577	2	-2.0949
9abb40a8-9fa5-4495-a443-3ce500227e19	5	139802454	140838745	485	-0.0058
9abb40a8-9fa5-4495-a443-3ce500227e19	5	140839137	140852254	11	-0.8019
9abb40a8-9fa5-4495-a443-3ce500227e19	5	140861442	181363319	27007	0.0011
9abb40a8-9fa5-4495-a443-3ce500227e19	6	149661	16329960	12704	-0.0034
9abb40a8-9fa5-4495-a443-3ce500227e19	6	16334188	16359652	16	-1.0132
9abb40a8-9fa5-4495-a443-3ce500227e19	6	16361739	19039888	2044	0.0102
9abb40a8-9fa5-4495-a443-3ce500227e19	6	19041950	19044667	9	-0.6126
9abb40a8-9fa5-4495-a443-3ce500227e19	6	19050511	29868964	6871	0.0017
9abb40a8-9fa5-4495-a443-3ce500227e19	6	29869295	29933799	37	0.4401
9abb40a8-9fa5-4495-a443-3ce500227e19	6	29940692	31313046	642	0.0168
9abb40a8-9fa5-4495-a443-3ce500227e19	6	31318499	31327629	7	-1.9544
9abb40a8-9fa5-4495-a443-3ce500227e19	6	31328176	32533522	519	-0.0088
9abb40a8-9fa5-4495-a443-3ce500227e19	6	32540699	32572834	11	0.9295
9abb40a8-9fa5-4495-a443-3ce500227e19	6	32576532	33970966	836	0.0075
9abb40a8-9fa5-4495-a443-3ce500227e19	6	33974234	33974928	6	-1.1926
9abb40a8-9fa5-4495-a443-3ce500227e19	6	33976809	47595615	8749	0.0045
9abb40a8-9fa5-4495-a443-3ce500227e19	6	47596323	47597753	3	-1.0211
9abb40a8-9fa5-4495-a443-3ce500227e19	6	47601821	54066353	4132	-0.0009
9abb40a8-9fa5-4495-a443-3ce500227e19	6	54066432	54067005	5	-1.6563
9abb40a8-9fa5-4495-a443-3ce500227e19	6	54067057	57045536	1838	-0.0026
9abb40a8-9fa5-4495-a443-3ce500227e19	6	57048274	57087832	16	0.7159
9abb40a8-9fa5-4495-a443-3ce500227e19	6	57094865	66331020	3513	0.0046
9abb40a8-9fa5-4495-a443-3ce500227e19	6	66331558	66333299	6	-0.9908
9abb40a8-9fa5-4495-a443-3ce500227e19	6	66333342	76726815	6794	-0.0037
9abb40a8-9fa5-4495-a443-3ce500227e19	6	76730151	76742924	18	-0.6772
9abb40a8-9fa5-4495-a443-3ce500227e19	6	76742956	133945130	35662	-0.0054
9abb40a8-9fa5-4495-a443-3ce500227e19	6	133947933	133948494	2	-2.741
9abb40a8-9fa5-4495-a443-3ce500227e19	6	133950934	146542401	8054	-0.0064
9abb40a8-9fa5-4495-a443-3ce500227e19	6	146550254	146554889	5	-0.9339
9abb40a8-9fa5-4495-a443-3ce500227e19	6	146555543	170741917	17019	-0.0069
9abb40a8-9fa5-4495-a443-3ce500227e19	7	43355	65503	28	0.5535
9abb40a8-9fa5-4495-a443-3ce500227e19	7	65765	145185	61	0.0537
9abb40a8-9fa5-4495-a443-3ce500227e19	7	148300	158626	11	-0.7571
9abb40a8-9fa5-4495-a443-3ce500227e19	7	161442	54305455	38359	-0.0023
9abb40a8-9fa5-4495-a443-3ce500227e19	7	54318812	54318824	6	-2.3286
9abb40a8-9fa5-4495-a443-3ce500227e19	7	54325795	97777749	21850	0.0021
9abb40a8-9fa5-4495-a443-3ce500227e19	7	97788295	97788298	2	-2.3455
9abb40a8-9fa5-4495-a443-3ce500227e19	7	97791337	109793720	6577	0.0043
9abb40a8-9fa5-4495-a443-3ce500227e19	7	109793728	109813746	34	0.2865
9abb40a8-9fa5-4495-a443-3ce500227e19	7	109813762	126405597	10027	0.0065
9abb40a8-9fa5-4495-a443-3ce500227e19	7	126405632	126406561	9	1.2685
9abb40a8-9fa5-4495-a443-3ce500227e19	7	126406822	134100424	4695	0.0056
9abb40a8-9fa5-4495-a443-3ce500227e19	7	134100442	134113356	31	0.3849
9abb40a8-9fa5-4495-a443-3ce500227e19	7	134113790	142063324	5195	0.0003
9abb40a8-9fa5-4495-a443-3ce500227e19	7	142069843	142090383	31	-0.7587
9abb40a8-9fa5-4495-a443-3ce500227e19	7	142090403	144199159	1204	-0.0084
9abb40a8-9fa5-4495-a443-3ce500227e19	7	144207186	144255475	4	1.0463
9abb40a8-9fa5-4495-a443-3ce500227e19	7	144255771	154598185	6415	-0.0012
9abb40a8-9fa5-4495-a443-3ce500227e19	7	154601461	154607903	4	-1.8315
9abb40a8-9fa5-4495-a443-3ce500227e19	7	154609120	155411140	734	-0.0118
9abb40a8-9fa5-4495-a443-3ce500227e19	7	155412404	155414572	5	-0.9215
9abb40a8-9fa5-4495-a443-3ce500227e19	7	155415881	159334314	2494	-0.0027
9abb40a8-9fa5-4495-a443-3ce500227e19	8	81254	2725657	1898	-0.0105
9abb40a8-9fa5-4495-a443-3ce500227e19	8	2732385	2733520	4	-1.3754
9abb40a8-9fa5-4495-a443-3ce500227e19	8	2737696	2751755	13	0.2151
9abb40a8-9fa5-4495-a443-3ce500227e19	8	2751943	4308968	2159	-0.0083
9abb40a8-9fa5-4495-a443-3ce500227e19	8	4309151	4309168	2	-1.721
9abb40a8-9fa5-4495-a443-3ce500227e19	8	4309259	4310980	18	-0.0495
9abb40a8-9fa5-4495-a443-3ce500227e19	8	4311094	4311141	2	-1.5972
9abb40a8-9fa5-4495-a443-3ce500227e19	8	4311442	5741828	1915	0.0066
9abb40a8-9fa5-4495-a443-3ce500227e19	8	5743780	5743796	2	2.3195
9abb40a8-9fa5-4495-a443-3ce500227e19	8	5743816	12585546	5062	-0.0037
9abb40a8-9fa5-4495-a443-3ce500227e19	8	12616034	12624470	8	-0.8862
9abb40a8-9fa5-4495-a443-3ce500227e19	8	12624538	25117062	10393	0.0003
9abb40a8-9fa5-4495-a443-3ce500227e19	8	25117985	25119126	5	-0.8025
9abb40a8-9fa5-4495-a443-3ce500227e19	8	25119160	39373140	9027	0.0031
9abb40a8-9fa5-4495-a443-3ce500227e19	8	39378084	39529446	59	0.826
9abb40a8-9fa5-4495-a443-3ce500227e19	8	39530780	50119451	4581	-0.0028
9abb40a8-9fa5-4495-a443-3ce500227e19	8	50119464	50120863	8	-0.699
9abb40a8-9fa5-4495-a443-3ce500227e19	8	50126018	88672666	23600	0.0008
9abb40a8-9fa5-4495-a443-3ce500227e19	8	88678065	88700842	9	-0.7695
9abb40a8-9fa5-4495-a443-3ce500227e19	8	88703922	145072769	36693	0.0001
9abb40a8-9fa5-4495-a443-3ce500227e19	9	46587	6695986	6374	0.008
9abb40a8-9fa5-4495-a443-3ce500227e19	9	6701145	6708357	7	-0.9884
9abb40a8-9fa5-4495-a443-3ce500227e19	9	6712314	12554856	5316	0.0072
9abb40a8-9fa5-4495-a443-3ce500227e19	9	12556594	12562294	3	1.3868
9abb40a8-9fa5-4495-a443-3ce500227e19	9	12565520	39588611	19465	0.0062
9abb40a8-9fa5-4495-a443-3ce500227e19	9	39747848	39840169	5	1.2092
9abb40a8-9fa5-4495-a443-3ce500227e19	9	40018947	61405110	193	-0.0227
9abb40a8-9fa5-4495-a443-3ce500227e19	9	61520021	61629689	28	-1.7342
9abb40a8-9fa5-4495-a443-3ce500227e19	9	61633080	63763088	91	-0.0641
9abb40a8-9fa5-4495-a443-3ce500227e19	9	64462508	64510407	14	0.5168
9abb40a8-9fa5-4495-a443-3ce500227e19	9	64520620	66880844	36	-0.2383
9abb40a8-9fa5-4495-a443-3ce500227e19	9	66881239	87907679	14232	0.0065
9abb40a8-9fa5-4495-a443-3ce500227e19	9	87939236	87939304	2	-1.8078
9abb40a8-9fa5-4495-a443-3ce500227e19	9	87943042	135319522	32583	0.0045
9abb40a8-9fa5-4495-a443-3ce500227e19	9	135322259	135323776	2	-2.0744
9abb40a8-9fa5-4495-a443-3ce500227e19	9	135324566	137358495	700	-0.0193
9abb40a8-9fa5-4495-a443-3ce500227e19	9	137361190	137361266	2	1.453
9abb40a8-9fa5-4495-a443-3ce500227e19	9	137361381	138200944	407	-0.0106
9abb40a8-9fa5-4495-a443-3ce500227e19	10	45792	22493438	18107	-0.0019
9abb40a8-9fa5-4495-a443-3ce500227e19	10	22494625	22507920	15	-0.8463
9abb40a8-9fa5-4495-a443-3ce500227e19	10	22512320	24086334	1062	0.0038
9abb40a8-9fa5-4495-a443-3ce500227e19	10	24088745	24088753	7	-2.1562
9abb40a8-9fa5-4495-a443-3ce500227e19	10	24088989	50058725	14199	-0.003
9abb40a8-9fa5-4495-a443-3ce500227e19	10	50062240	50240776	16	-0.575
9abb40a8-9fa5-4495-a443-3ce500227e19	10	50242107	56753095	4840	-0.0041
9abb40a8-9fa5-4495-a443-3ce500227e19	10	56756615	56767077	41	-0.7941
9abb40a8-9fa5-4495-a443-3ce500227e19	10	56772992	57450745	550	-0.0182
9abb40a8-9fa5-4495-a443-3ce500227e19	10	57450761	57451013	3	-2.2039
9abb40a8-9fa5-4495-a443-3ce500227e19	10	57458735	59604671	1528	0.0029
9abb40a8-9fa5-4495-a443-3ce500227e19	10	59605132	59605153	2	-1.5791
9abb40a8-9fa5-4495-a443-3ce500227e19	10	59605316	65548165	4025	-0.0017
9abb40a8-9fa5-4495-a443-3ce500227e19	10	65548178	65554672	26	-0.61
9abb40a8-9fa5-4495-a443-3ce500227e19	10	65554688	89178916	15815	0.003
9abb40a8-9fa5-4495-a443-3ce500227e19	10	89183210	89188273	11	-0.9587
9abb40a8-9fa5-4495-a443-3ce500227e19	10	89188333	122584593	22470	0.0011
9abb40a8-9fa5-4495-a443-3ce500227e19	10	122584707	122591497	5	-0.9154
9abb40a8-9fa5-4495-a443-3ce500227e19	10	122597296	133654968	7897	-0.0004
9abb40a8-9fa5-4495-a443-3ce500227e19	11	198510	4705210	2144	-0.0099
9abb40a8-9fa5-4495-a443-3ce500227e19	11	4705388	4705661	5	-0.9224
9abb40a8-9fa5-4495-a443-3ce500227e19	11	4707904	4947280	269	-0.0066
9abb40a8-9fa5-4495-a443-3ce500227e19	11	4949013	4955042	29	0.6702
9abb40a8-9fa5-4495-a443-3ce500227e19	11	4955781	18919309	10219	0.0048
9abb40a8-9fa5-4495-a443-3ce500227e19	11	18919323	18940271	44	-0.2822
9abb40a8-9fa5-4495-a443-3ce500227e19	11	18940375	48822906	20658	0.003
9abb40a8-9fa5-4495-a443-3ce500227e19	11	48827653	48908776	15	0.4533
9abb40a8-9fa5-4495-a443-3ce500227e19	11	48943181	54743970	789	-0.0191
9abb40a8-9fa5-4495-a443-3ce500227e19	11	54762035	54766290	3	-1.4018
9abb40a8-9fa5-4495-a443-3ce500227e19	11	54782119	55588246	277	0.0166
9abb40a8-9fa5-4495-a443-3ce500227e19	11	55591984	55686100	68	0.4108
9abb40a8-9fa5-4495-a443-3ce500227e19	11	55693207	135074876	52252	-0.0029
9abb40a8-9fa5-4495-a443-3ce500227e19	12	51460	756804	415	0.0203
9abb40a8-9fa5-4495-a443-3ce500227e19	12	759943	764863	18	-0.828
9abb40a8-9fa5-4495-a443-3ce500227e19	12	766188	2126723	829	0.0015
9abb40a8-9fa5-4495-a443-3ce500227e19	12	2136696	2141677	8	-1.1177
9abb40a8-9fa5-4495-a443-3ce500227e19	12	2141887	2145453	25	-0.4968
9abb40a8-9fa5-4495-a443-3ce500227e19	12	2145523	2148754	8	-1.0668
9abb40a8-9fa5-4495-a443-3ce500227e19	12	2148857	11061546	5924	-0.0091
9abb40a8-9fa5-4495-a443-3ce500227e19	12	11062773	11088933	13	0.4881
9abb40a8-9fa5-4495-a443-3ce500227e19	12	11099275	12383285	984	0.0073
9abb40a8-9fa5-4495-a443-3ce500227e19	12	12383363	12388935	16	-0.7072
9abb40a8-9fa5-4495-a443-3ce500227e19	12	12389946	99398036	53841	-0.0033
9abb40a8-9fa5-4495-a443-3ce500227e19	12	99401515	99404956	31	-1.8404
9abb40a8-9fa5-4495-a443-3ce500227e19	12	99409315	131603587	22097	-0.0003
9abb40a8-9fa5-4495-a443-3ce500227e19	12	131606137	131618173	14	-0.4868
9abb40a8-9fa5-4495-a443-3ce500227e19	12	131618351	131636170	13	0.0505
9abb40a8-9fa5-4495-a443-3ce500227e19	12	131648039	131648790	13	-2.0053
9abb40a8-9fa5-4495-a443-3ce500227e19	12	131657925	133201603	559	-0.0304
9abb40a8-9fa5-4495-a443-3ce500227e19	13	18452809	31963127	9570	-0.0014
9abb40a8-9fa5-4495-a443-3ce500227e19	13	31963152	31964271	11	0.5264
9abb40a8-9fa5-4495-a443-3ce500227e19	13	31964286	32385103	400	0.0101
9abb40a8-9fa5-4495-a443-3ce500227e19	13	32386668	32391593	8	-0.5675
9abb40a8-9fa5-4495-a443-3ce500227e19	13	32391608	37496998	3491	0.0024
9abb40a8-9fa5-4495-a443-3ce500227e19	13	37497899	37514193	17	0.7765
9abb40a8-9fa5-4495-a443-3ce500227e19	13	37514237	50970918	9109	0.0024
9abb40a8-9fa5-4495-a443-3ce500227e19	13	50972775	50975062	2	1.6316
9abb40a8-9fa5-4495-a443-3ce500227e19	13	50975421	58010656	3861	0.0152
9abb40a8-9fa5-4495-a443-3ce500227e19	13	58016147	58022896	6	-0.9483
9abb40a8-9fa5-4495-a443-3ce500227e19	13	58027918	68668123	6462	0.0051
9abb40a8-9fa5-4495-a443-3ce500227e19	13	68674167	68675349	7	-1.0853
9abb40a8-9fa5-4495-a443-3ce500227e19	13	68676647	68676863	3	0.5536
9abb40a8-9fa5-4495-a443-3ce500227e19	13	68676887	68694987	29	-0.8393
9abb40a8-9fa5-4495-a443-3ce500227e19	13	68695002	97875020	19007	-0.0002
9abb40a8-9fa5-4495-a443-3ce500227e19	13	97877870	97879211	6	-1.1675
9abb40a8-9fa5-4495-a443-3ce500227e19	13	97881576	105370372	5737	-0.0017
9abb40a8-9fa5-4495-a443-3ce500227e19	13	105370636	105374205	2	1.4418
9abb40a8-9fa5-4495-a443-3ce500227e19	13	105374508	114342922	6395	-0.0139
9abb40a8-9fa5-4495-a443-3ce500227e19	14	18239283	19955213	167	0.2341
9abb40a8-9fa5-4495-a443-3ce500227e19	14	19956767	47227057	17116	0.0069
9abb40a8-9fa5-4495-a443-3ce500227e19	14	47238133	47248244	9	-0.8682
9abb40a8-9fa5-4495-a443-3ce500227e19	14	47252721	48040647	545	0.0179
9abb40a8-9fa5-4495-a443-3ce500227e19	14	48041374	48041387	2	-1.3008
9abb40a8-9fa5-4495-a443-3ce500227e19	14	48043734	73529070	16370	0.0073
9abb40a8-9fa5-4495-a443-3ce500227e19	14	73534419	73563196	10	0.9427
9abb40a8-9fa5-4495-a443-3ce500227e19	14	73563211	106210588	20810	0.0062
9abb40a8-9fa5-4495-a443-3ce500227e19	14	106214284	106321086	52	0.2522
9abb40a8-9fa5-4495-a443-3ce500227e19	14	106340102	106346129	7	1.3266
9abb40a8-9fa5-4495-a443-3ce500227e19	14	106360014	106423925	32	-0.0168
9abb40a8-9fa5-4495-a443-3ce500227e19	14	106425447	106462169	46	-0.5157
9abb40a8-9fa5-4495-a443-3ce500227e19	14	106462183	106877229	196	-0.0186
9abb40a8-9fa5-4495-a443-3ce500227e19	15	19811075	20026653	47	0.0521
9abb40a8-9fa5-4495-a443-3ce500227e19	15	20041119	20056983	3	-2.1962
9abb40a8-9fa5-4495-a443-3ce500227e19	15	20059033	22003073	129	-0.0569
9abb40a8-9fa5-4495-a443-3ce500227e19	15	22005276	22299523	27	-0.7835
9abb40a8-9fa5-4495-a443-3ce500227e19	15	22385639	24401996	986	0.0061
9abb40a8-9fa5-4495-a443-3ce500227e19	15	24402847	24473026	39	-0.4458
9abb40a8-9fa5-4495-a443-3ce500227e19	15	24473449	30488460	3624	0.0037
9abb40a8-9fa5-4495-a443-3ce500227e19	15	30500366	30633402	8	1.0299
9abb40a8-9fa5-4495-a443-3ce500227e19	15	30638297	35847205	3502	0.0008
9abb40a8-9fa5-4495-a443-3ce500227e19	15	35847556	35847585	2	-1.8651
9abb40a8-9fa5-4495-a443-3ce500227e19	15	35849751	76586021	25528	0.0017
9abb40a8-9fa5-4495-a443-3ce500227e19	15	76598900	76603434	22	0.8735
9abb40a8-9fa5-4495-a443-3ce500227e19	15	76609838	101928837	17601	-0.0029
9abb40a8-9fa5-4495-a443-3ce500227e19	16	10777	22579924	14775	0.0022
9abb40a8-9fa5-4495-a443-3ce500227e19	16	22591547	22604483	3	-1.8062
9abb40a8-9fa5-4495-a443-3ce500227e19	16	22614263	90096867	37058	-0.0001
9abb40a8-9fa5-4495-a443-3ce500227e19	17	150733	10408709	6043	0.0051
9abb40a8-9fa5-4495-a443-3ce500227e19	17	10409163	10410374	2	-1.8128
9abb40a8-9fa5-4495-a443-3ce500227e19	17	10412155	36109315	12195	-0.0018
9abb40a8-9fa5-4495-a443-3ce500227e19	17	36109735	36208249	37	-0.3485
9abb40a8-9fa5-4495-a443-3ce500227e19	17	36460442	41258395	2519	0.0089
9abb40a8-9fa5-4495-a443-3ce500227e19	17	41262120	41274198	26	-0.7221
9abb40a8-9fa5-4495-a443-3ce500227e19	17	41274279	46089089	2502	0.0097
9abb40a8-9fa5-4495-a443-3ce500227e19	17	46089134	46571001	127	0.3958
9abb40a8-9fa5-4495-a443-3ce500227e19	17	46664059	76208417	18005	0.0037
9abb40a8-9fa5-4495-a443-3ce500227e19	17	76209131	76213286	5	-0.9696
9abb40a8-9fa5-4495-a443-3ce500227e19	17	76213651	80655063	2593	-0.0036
9abb40a8-9fa5-4495-a443-3ce500227e19	17	80655993	80660379	2	1.6029
9abb40a8-9fa5-4495-a443-3ce500227e19	17	80660500	83091923	946	-0.0132
9abb40a8-9fa5-4495-a443-3ce500227e19	18	48133	7748663	5569	0.0081
9abb40a8-9fa5-4495-a443-3ce500227e19	18	7752786	7755228	2	1.4155
9abb40a8-9fa5-4495-a443-3ce500227e19	18	7755354	42476636	18441	0.0063
9abb40a8-9fa5-4495-a443-3ce500227e19	18	42476672	42477802	23	0.3728
9abb40a8-9fa5-4495-a443-3ce500227e19	18	42478430	53677765	7664	0.0091
9abb40a8-9fa5-4495-a443-3ce500227e19	18	53680839	53684270	5	-0.9624
9abb40a8-9fa5-4495-a443-3ce500227e19	18	53685778	54722849	644	0.007
9abb40a8-9fa5-4495-a443-3ce500227e19	18	54724343	54726513	2	-1.8025
9abb40a8-9fa5-4495-a443-3ce500227e19	18	54726933	60250615	3866	0.006
9abb40a8-9fa5-4495-a443-3ce500227e19	18	60250708	60254878	9	0.5648
9abb40a8-9fa5-4495-a443-3ce500227e19	18	60254981	66240855	4213	0.0005
9abb40a8-9fa5-4495-a443-3ce500227e19	18	66241324	66244352	7	-0.835
9abb40a8-9fa5-4495-a443-3ce500227e19	18	66244639	67651557	930	-0.0017
9abb40a8-9fa5-4495-a443-3ce500227e19	18	67657247	67657471	3	-0.9711
9abb40a8-9fa5-4495-a443-3ce500227e19	18	67659207	69076108	1124	-0.0017
9abb40a8-9fa5-4495-a443-3ce500227e19	18	69078869	69086089	38	-0.7943
9abb40a8-9fa5-4495-a443-3ce500227e19	18	69090459	80257174	8173	-0.0093
9abb40a8-9fa5-4495-a443-3ce500227e19	19	90910	15952885	6802	0.0036
9abb40a8-9fa5-4495-a443-3ce500227e19	19	15955745	15955864	2	-1.6192
9abb40a8-9fa5-4495-a443-3ce500227e19	19	15956000	20411869	2115	0.0073
9abb40a8-9fa5-4495-a443-3ce500227e19	19	20413400	20533543	67	-0.7311
9abb40a8-9fa5-4495-a443-3ce500227e19	19	20533583	35358285	7705	0.0012
9abb40a8-9fa5-4495-a443-3ce500227e19	19	35358319	35375884	26	-0.5671
9abb40a8-9fa5-4495-a443-3ce500227e19	19	35375899	40854465	2772	0.0094
9abb40a8-9fa5-4495-a443-3ce500227e19	19	40855189	40886250	19	0.6975
9abb40a8-9fa5-4495-a443-3ce500227e19	19	40886749	55757551	7737	-0.0051
9abb40a8-9fa5-4495-a443-3ce500227e19	19	55757730	55771701	10	0.6716
9abb40a8-9fa5-4495-a443-3ce500227e19	19	55774927	57049654	922	-0.0103
9abb40a8-9fa5-4495-a443-3ce500227e19	19	57050573	57052048	3	-0.9888
9abb40a8-9fa5-4495-a443-3ce500227e19	19	57054224	58429147	858	-0.0039
9abb40a8-9fa5-4495-a443-3ce500227e19	19	58432041	58433008	2	-1.1395
9abb40a8-9fa5-4495-a443-3ce500227e19	19	58434689	58586487	52	0.1697
9abb40a8-9fa5-4495-a443-3ce500227e19	20	80664	88767	20	-0.08
9abb40a8-9fa5-4495-a443-3ce500227e19	20	89690	92905	3	1.4289
9abb40a8-9fa5-4495-a443-3ce500227e19	20	93706	64324800	42319	-0.0032
9abb40a8-9fa5-4495-a443-3ce500227e19	21	10354168	46677045	23853	0.0018
9abb40a8-9fa5-4495-a443-3ce500227e19	22	15294547	23987520	4393	-0.0004
9abb40a8-9fa5-4495-a443-3ce500227e19	22	23988078	23989773	2	-2.8768
9abb40a8-9fa5-4495-a443-3ce500227e19	22	23990431	38894915	10792	0.0064
9abb40a8-9fa5-4495-a443-3ce500227e19	22	38899250	38900899	3	-3.6902
9abb40a8-9fa5-4495-a443-3ce500227e19	22	38903109	38967614	39	-0.0275
9abb40a8-9fa5-4495-a443-3ce500227e19	22	38967679	38979302	23	-0.577
9abb40a8-9fa5-4495-a443-3ce500227e19	22	38993700	50796027	8011	-0.0026
9abb40a8-9fa5-4495-a443-3ce500227e19	X	251810	5240323	1847	-0.025
9abb40a8-9fa5-4495-a443-3ce500227e19	X	5242906	5248159	5	-1.5415
9abb40a8-9fa5-4495-a443-3ce500227e19	X	5252118	34432087	19320	-0.011
9abb40a8-9fa5-4495-a443-3ce500227e19	X	34432729	34433967	2	-1.9174
9abb40a8-9fa5-4495-a443-3ce500227e19	X	34434966	39786752	3105	-0.0206
9abb40a8-9fa5-4495-a443-3ce500227e19	X	39787696	39804963	8	1.1199
9abb40a8-9fa5-4495-a443-3ce500227e19	X	39805468	103999203	28703	-0.006
9abb40a8-9fa5-4495-a443-3ce500227e19	X	104003417	104050744	57	0.8743
9abb40a8-9fa5-4495-a443-3ce500227e19	X	104050792	155952689	29378	0.0108
9abb40a8-9fa5-4495-a443-3ce500227e19	Y	2782397	56872112	6639	-0.8993
