GDC_Aliquot	Chromosome	Start	End	Num_Probes	Segment_Mean
4399d340-d1ed-48a2-91e8-bb628fd9a33b	1	62920	86341	11	-0.5201
4399d340-d1ed-48a2-91e8-bb628fd9a33b	1	98588	2908802	546	0.0898
4399d340-d1ed-48a2-91e8-bb628fd9a33b	1	2909598	16719082	8127	0.0061
4399d340-d1ed-48a2-91e8-bb628fd9a33b	1	16719266	16864367	20	0.3907
4399d340-d1ed-48a2-91e8-bb628fd9a33b	1	16868660	16935737	52	-0.3832
4399d340-d1ed-48a2-91e8-bb628fd9a33b	1	16935752	72303233	34011	0.0034
4399d340-d1ed-48a2-91e8-bb628fd9a33b	1	72303253	72313397	9	-1.9464
4399d340-d1ed-48a2-91e8-bb628fd9a33b	1	72313408	72345465	36	-1.1506
4399d340-d1ed-48a2-91e8-bb628fd9a33b	1	72346221	103560608	20000	0.0059
4399d340-d1ed-48a2-91e8-bb628fd9a33b	1	103566616	103616762	27	0.5017
4399d340-d1ed-48a2-91e8-bb628fd9a33b	1	103620877	105470754	923	0.0001
4399d340-d1ed-48a2-91e8-bb628fd9a33b	1	105476583	105479738	16	0.7793
4399d340-d1ed-48a2-91e8-bb628fd9a33b	1	105479753	109684893	2638	0.0078
4399d340-d1ed-48a2-91e8-bb628fd9a33b	1	109690352	109697556	13	1.7039
4399d340-d1ed-48a2-91e8-bb628fd9a33b	1	109702376	112147704	1950	0.0083
4399d340-d1ed-48a2-91e8-bb628fd9a33b	1	112153343	112154552	19	0.4984
4399d340-d1ed-48a2-91e8-bb628fd9a33b	1	112154566	143748012	5268	0.0013
4399d340-d1ed-48a2-91e8-bb628fd9a33b	1	143748074	143760271	20	0.4519
4399d340-d1ed-48a2-91e8-bb628fd9a33b	1	143762042	152583051	2324	0.0377
4399d340-d1ed-48a2-91e8-bb628fd9a33b	1	152583230	152613762	31	-1.5579
4399d340-d1ed-48a2-91e8-bb628fd9a33b	1	152613802	152787202	170	-0.034
4399d340-d1ed-48a2-91e8-bb628fd9a33b	1	152789447	152796224	37	-1.3165
4399d340-d1ed-48a2-91e8-bb628fd9a33b	1	152801429	169247699	11277	0.0048
4399d340-d1ed-48a2-91e8-bb628fd9a33b	1	169264736	169272528	6	-2.2951
4399d340-d1ed-48a2-91e8-bb628fd9a33b	1	169273163	196745743	18178	0.0078
4399d340-d1ed-48a2-91e8-bb628fd9a33b	1	196758720	196843377	59	0.4172
4399d340-d1ed-48a2-91e8-bb628fd9a33b	1	196843400	248572774	35639	0.0076
4399d340-d1ed-48a2-91e8-bb628fd9a33b	1	248574146	248633912	33	0.42
4399d340-d1ed-48a2-91e8-bb628fd9a33b	1	248645563	248930189	141	0.0467
4399d340-d1ed-48a2-91e8-bb628fd9a33b	2	12784	4158097	2986	0.0108
4399d340-d1ed-48a2-91e8-bb628fd9a33b	2	4166274	4175577	36	-0.5218
4399d340-d1ed-48a2-91e8-bb628fd9a33b	2	4175922	27216883	16327	0.0017
4399d340-d1ed-48a2-91e8-bb628fd9a33b	2	27218434	27218529	2	-1.5466
4399d340-d1ed-48a2-91e8-bb628fd9a33b	2	27218632	34466002	4733	0.0084
4399d340-d1ed-48a2-91e8-bb628fd9a33b	2	34474248	34511990	46	-0.4034
4399d340-d1ed-48a2-91e8-bb628fd9a33b	2	34512096	41011095	4802	0.0025
4399d340-d1ed-48a2-91e8-bb628fd9a33b	2	41011303	41024125	24	-0.6132
4399d340-d1ed-48a2-91e8-bb628fd9a33b	2	41024138	52527423	8178	0.0018
4399d340-d1ed-48a2-91e8-bb628fd9a33b	2	52527590	52527743	3	-1.5905
4399d340-d1ed-48a2-91e8-bb628fd9a33b	2	52531615	57167767	3382	0.0052
4399d340-d1ed-48a2-91e8-bb628fd9a33b	2	57174909	57214788	68	1.3994
4399d340-d1ed-48a2-91e8-bb628fd9a33b	2	57218336	88831554	19165	0.0022
4399d340-d1ed-48a2-91e8-bb628fd9a33b	2	88833611	94685288	387	0.1154
4399d340-d1ed-48a2-91e8-bb628fd9a33b	2	94693073	113604438	10243	0.0022
4399d340-d1ed-48a2-91e8-bb628fd9a33b	2	113604837	113604839	2	-1.9549
4399d340-d1ed-48a2-91e8-bb628fd9a33b	2	113623244	116378222	1669	0.0141
4399d340-d1ed-48a2-91e8-bb628fd9a33b	2	116381677	116387383	2	-1.4852
4399d340-d1ed-48a2-91e8-bb628fd9a33b	2	116388791	125684646	5985	0.0003
4399d340-d1ed-48a2-91e8-bb628fd9a33b	2	125694074	125694336	2	-2.2596
4399d340-d1ed-48a2-91e8-bb628fd9a33b	2	125694355	242147305	71448	0.0035
4399d340-d1ed-48a2-91e8-bb628fd9a33b	3	20930	182919	154	0.0318
4399d340-d1ed-48a2-91e8-bb628fd9a33b	3	188339	191117	4	-0.9943
4399d340-d1ed-48a2-91e8-bb628fd9a33b	3	193194	6604856	5659	0.03
4399d340-d1ed-48a2-91e8-bb628fd9a33b	3	6609441	6611645	23	-2.3903
4399d340-d1ed-48a2-91e8-bb628fd9a33b	3	6613391	130044016	76598	0.0061
4399d340-d1ed-48a2-91e8-bb628fd9a33b	3	130044855	130088081	39	0.5217
4399d340-d1ed-48a2-91e8-bb628fd9a33b	3	130088155	162790404	20263	0.0108
4399d340-d1ed-48a2-91e8-bb628fd9a33b	3	162790480	162908207	71	0.4688
4399d340-d1ed-48a2-91e8-bb628fd9a33b	3	162908784	193160173	19161	0.0099
4399d340-d1ed-48a2-91e8-bb628fd9a33b	3	193160256	193165114	18	0.736
4399d340-d1ed-48a2-91e8-bb628fd9a33b	3	193168646	198111566	2677	0.0142
4399d340-d1ed-48a2-91e8-bb628fd9a33b	3	198118345	198122834	9	-0.6336
4399d340-d1ed-48a2-91e8-bb628fd9a33b	3	198124354	198169247	8	-0.0027
4399d340-d1ed-48a2-91e8-bb628fd9a33b	4	68929	9455251	5160	0.0072
4399d340-d1ed-48a2-91e8-bb628fd9a33b	4	9459504	9477699	6	-1.1832
4399d340-d1ed-48a2-91e8-bb628fd9a33b	4	9484440	9858273	159	-0.0104
4399d340-d1ed-48a2-91e8-bb628fd9a33b	4	9858277	9863418	4	-1.0051
4399d340-d1ed-48a2-91e8-bb628fd9a33b	4	9865878	10208766	377	-0.0052
4399d340-d1ed-48a2-91e8-bb628fd9a33b	4	10212536	10233644	36	0.8878
4399d340-d1ed-48a2-91e8-bb628fd9a33b	4	10234518	10389091	171	-0.0434
4399d340-d1ed-48a2-91e8-bb628fd9a33b	4	10390730	10399044	16	-1.7799
4399d340-d1ed-48a2-91e8-bb628fd9a33b	4	10401094	21211769	7900	0.0028
4399d340-d1ed-48a2-91e8-bb628fd9a33b	4	21211857	21213601	2	-1.3251
4399d340-d1ed-48a2-91e8-bb628fd9a33b	4	21214607	34777432	8882	0.0068
4399d340-d1ed-48a2-91e8-bb628fd9a33b	4	34784878	34822561	37	-0.5986
4399d340-d1ed-48a2-91e8-bb628fd9a33b	4	34823103	61071220	15050	0.0102
4399d340-d1ed-48a2-91e8-bb628fd9a33b	4	61075217	61076234	2	-1.4416
4399d340-d1ed-48a2-91e8-bb628fd9a33b	4	61079968	63806949	1488	0.0001
4399d340-d1ed-48a2-91e8-bb628fd9a33b	4	63807836	63861158	51	0.2416
4399d340-d1ed-48a2-91e8-bb628fd9a33b	4	63861672	68389352	2842	0.0053
4399d340-d1ed-48a2-91e8-bb628fd9a33b	4	68391041	68422424	9	0.8661
4399d340-d1ed-48a2-91e8-bb628fd9a33b	4	68429081	114252544	27766	0.0047
4399d340-d1ed-48a2-91e8-bb628fd9a33b	4	114254167	114261019	23	0.7054
4399d340-d1ed-48a2-91e8-bb628fd9a33b	4	114263073	154881396	24039	0.0122
4399d340-d1ed-48a2-91e8-bb628fd9a33b	4	154881853	154881926	3	-2.9876
4399d340-d1ed-48a2-91e8-bb628fd9a33b	4	154882047	156035480	838	0.015
4399d340-d1ed-48a2-91e8-bb628fd9a33b	4	156046823	156052053	16	-0.7223
4399d340-d1ed-48a2-91e8-bb628fd9a33b	4	156053545	160952773	3060	0.0091
4399d340-d1ed-48a2-91e8-bb628fd9a33b	4	160952788	160963767	24	-0.4748
4399d340-d1ed-48a2-91e8-bb628fd9a33b	4	160963806	170346793	5973	0.0179
4399d340-d1ed-48a2-91e8-bb628fd9a33b	4	170346931	170352007	7	-0.6931
4399d340-d1ed-48a2-91e8-bb628fd9a33b	4	170352863	171448195	684	-0.0135
4399d340-d1ed-48a2-91e8-bb628fd9a33b	4	171453733	171456559	10	1.4002
4399d340-d1ed-48a2-91e8-bb628fd9a33b	4	171456573	180694734	5944	0.0117
4399d340-d1ed-48a2-91e8-bb628fd9a33b	4	180697666	180699269	2	-1.6586
4399d340-d1ed-48a2-91e8-bb628fd9a33b	4	180701759	190106768	6535	0.0256
4399d340-d1ed-48a2-91e8-bb628fd9a33b	5	15532	685633	306	0.0661
4399d340-d1ed-48a2-91e8-bb628fd9a33b	5	698256	779766	28	1.0812
4399d340-d1ed-48a2-91e8-bb628fd9a33b	5	800724	4675223	3135	0.0181
4399d340-d1ed-48a2-91e8-bb628fd9a33b	5	4683990	4684789	2	-1.4515
4399d340-d1ed-48a2-91e8-bb628fd9a33b	5	4687325	94253705	53126	0.0076
4399d340-d1ed-48a2-91e8-bb628fd9a33b	5	94256118	94376545	53	-0.7574
4399d340-d1ed-48a2-91e8-bb628fd9a33b	5	94376917	94403613	23	-1.1587
4399d340-d1ed-48a2-91e8-bb628fd9a33b	5	94405865	94417567	9	-0.761
4399d340-d1ed-48a2-91e8-bb628fd9a33b	5	94420430	160423496	42339	0.006
4399d340-d1ed-48a2-91e8-bb628fd9a33b	5	160430521	160434568	8	-1.0935
4399d340-d1ed-48a2-91e8-bb628fd9a33b	5	160435369	161170770	571	-0.0065
4399d340-d1ed-48a2-91e8-bb628fd9a33b	5	161171884	161172535	3	-1.0252
4399d340-d1ed-48a2-91e8-bb628fd9a33b	5	161177883	177800550	11260	0.0075
4399d340-d1ed-48a2-91e8-bb628fd9a33b	5	177801578	177805604	2	1.9692
4399d340-d1ed-48a2-91e8-bb628fd9a33b	5	177827964	177959312	21	0.2505
4399d340-d1ed-48a2-91e8-bb628fd9a33b	5	177963074	177974381	10	-1.0616
4399d340-d1ed-48a2-91e8-bb628fd9a33b	5	177974394	180947523	1765	0.0147
4399d340-d1ed-48a2-91e8-bb628fd9a33b	5	180951710	180991103	19	-1.9924
4399d340-d1ed-48a2-91e8-bb628fd9a33b	5	181006225	181363319	170	0.0556
4399d340-d1ed-48a2-91e8-bb628fd9a33b	6	149661	78259388	49765	0.0051
4399d340-d1ed-48a2-91e8-bb628fd9a33b	6	78261980	78325468	111	0.4691
4399d340-d1ed-48a2-91e8-bb628fd9a33b	6	78329517	103286954	15467	0.0057
4399d340-d1ed-48a2-91e8-bb628fd9a33b	6	103290101	103314186	46	-0.9899
4399d340-d1ed-48a2-91e8-bb628fd9a33b	6	103317795	128107408	15082	0.0014
4399d340-d1ed-48a2-91e8-bb628fd9a33b	6	128111285	128115270	7	-1.0233
4399d340-d1ed-48a2-91e8-bb628fd9a33b	6	128118669	133945130	3979	0.0036
4399d340-d1ed-48a2-91e8-bb628fd9a33b	6	133947933	133948494	2	-1.9107
4399d340-d1ed-48a2-91e8-bb628fd9a33b	6	133950934	167088034	22909	0.0031
4399d340-d1ed-48a2-91e8-bb628fd9a33b	6	167088050	170741917	2179	0.0483
4399d340-d1ed-48a2-91e8-bb628fd9a33b	7	43355	22395161	16055	0.0175
4399d340-d1ed-48a2-91e8-bb628fd9a33b	7	22395853	22396868	2	-3.0861
4399d340-d1ed-48a2-91e8-bb628fd9a33b	7	22399135	38271765	11316	0.0085
4399d340-d1ed-48a2-91e8-bb628fd9a33b	7	38277969	38347211	110	0.2185
4399d340-d1ed-48a2-91e8-bb628fd9a33b	7	38347842	56668987	12543	0.0042
4399d340-d1ed-48a2-91e8-bb628fd9a33b	7	56675925	63837429	831	0.078
4399d340-d1ed-48a2-91e8-bb628fd9a33b	7	63837810	75724865	5590	0.0104
4399d340-d1ed-48a2-91e8-bb628fd9a33b	7	75725525	75734920	7	0.7385
4399d340-d1ed-48a2-91e8-bb628fd9a33b	7	75745339	86163809	6578	0.014
4399d340-d1ed-48a2-91e8-bb628fd9a33b	7	86164361	86171211	2	-1.5524
4399d340-d1ed-48a2-91e8-bb628fd9a33b	7	86171556	126404920	23940	0.0101
4399d340-d1ed-48a2-91e8-bb628fd9a33b	7	126405428	126406561	12	-0.9955
4399d340-d1ed-48a2-91e8-bb628fd9a33b	7	126406822	128287910	1273	0.0065
4399d340-d1ed-48a2-91e8-bb628fd9a33b	7	128288208	128308081	22	0.4788
4399d340-d1ed-48a2-91e8-bb628fd9a33b	7	128308551	142063324	8630	0.0042
4399d340-d1ed-48a2-91e8-bb628fd9a33b	7	142069843	142092108	33	-0.606
4399d340-d1ed-48a2-91e8-bb628fd9a33b	7	142092307	142464943	298	0.0603
4399d340-d1ed-48a2-91e8-bb628fd9a33b	7	142465064	142801993	150	0.1615
4399d340-d1ed-48a2-91e8-bb628fd9a33b	7	142802783	143521765	450	0.0004
4399d340-d1ed-48a2-91e8-bb628fd9a33b	7	143529806	143728639	8	-0.7006
4399d340-d1ed-48a2-91e8-bb628fd9a33b	7	143728721	144176859	296	0.0438
4399d340-d1ed-48a2-91e8-bb628fd9a33b	7	144199159	144352208	16	-0.5363
4399d340-d1ed-48a2-91e8-bb628fd9a33b	7	144377836	153450553	5551	0.0084
4399d340-d1ed-48a2-91e8-bb628fd9a33b	7	153450560	153450627	2	-2.3668
4399d340-d1ed-48a2-91e8-bb628fd9a33b	7	153450630	154083159	438	0.048
4399d340-d1ed-48a2-91e8-bb628fd9a33b	7	154092910	154092950	2	-1.6604
4399d340-d1ed-48a2-91e8-bb628fd9a33b	7	154092965	154598185	412	-0.0082
4399d340-d1ed-48a2-91e8-bb628fd9a33b	7	154601461	154607903	4	-1.495
4399d340-d1ed-48a2-91e8-bb628fd9a33b	7	154609120	159334314	3235	0.0202
4399d340-d1ed-48a2-91e8-bb628fd9a33b	8	81254	8429535	7981	0.0373
4399d340-d1ed-48a2-91e8-bb628fd9a33b	8	8429546	8433847	5	-0.9179
4399d340-d1ed-48a2-91e8-bb628fd9a33b	8	8434235	12177488	3039	0.0178
4399d340-d1ed-48a2-91e8-bb628fd9a33b	8	12323772	12376789	10	-1.2439
4399d340-d1ed-48a2-91e8-bb628fd9a33b	8	12376891	16402103	3556	0.0159
4399d340-d1ed-48a2-91e8-bb628fd9a33b	8	16404726	16417152	28	-0.604
4399d340-d1ed-48a2-91e8-bb628fd9a33b	8	16421186	18407644	1772	0.0161
4399d340-d1ed-48a2-91e8-bb628fd9a33b	8	18408647	18413877	5	-1.5845
4399d340-d1ed-48a2-91e8-bb628fd9a33b	8	18414438	25114672	5080	0.0106
4399d340-d1ed-48a2-91e8-bb628fd9a33b	8	25116928	25126818	27	0.5912
4399d340-d1ed-48a2-91e8-bb628fd9a33b	8	25133589	111279265	51077	0.0052
4399d340-d1ed-48a2-91e8-bb628fd9a33b	8	111282050	111283031	10	1.0781
4399d340-d1ed-48a2-91e8-bb628fd9a33b	8	111288052	114619814	1821	0.0024
4399d340-d1ed-48a2-91e8-bb628fd9a33b	8	114622258	114629502	35	-0.4109
4399d340-d1ed-48a2-91e8-bb628fd9a33b	8	114638468	145072769	21061	0.006
4399d340-d1ed-48a2-91e8-bb628fd9a33b	9	46587	29856955	25299	0.0172
4399d340-d1ed-48a2-91e8-bb628fd9a33b	9	29866028	29867261	4	-1.1844
4399d340-d1ed-48a2-91e8-bb628fd9a33b	9	29869985	39588611	5870	0.0085
4399d340-d1ed-48a2-91e8-bb628fd9a33b	9	39747848	40189830	9	0.8125
4399d340-d1ed-48a2-91e8-bb628fd9a33b	9	40228981	41644288	86	0.1371
4399d340-d1ed-48a2-91e8-bb628fd9a33b	9	41644336	41659472	4	0.9084
4399d340-d1ed-48a2-91e8-bb628fd9a33b	9	41666811	42046831	10	0.1009
4399d340-d1ed-48a2-91e8-bb628fd9a33b	9	42073850	42727685	48	-0.2976
4399d340-d1ed-48a2-91e8-bb628fd9a33b	9	42729302	66880844	210	0.0109
4399d340-d1ed-48a2-91e8-bb628fd9a33b	9	66881239	67042427	6	0.8467
4399d340-d1ed-48a2-91e8-bb628fd9a33b	9	67073081	82748043	10386	0.0012
4399d340-d1ed-48a2-91e8-bb628fd9a33b	9	82749190	82769329	12	-0.7196
4399d340-d1ed-48a2-91e8-bb628fd9a33b	9	82776771	87907679	3835	0.002
4399d340-d1ed-48a2-91e8-bb628fd9a33b	9	87939236	87939304	2	-1.5657
4399d340-d1ed-48a2-91e8-bb628fd9a33b	9	87943042	138200944	33707	0.0048
4399d340-d1ed-48a2-91e8-bb628fd9a33b	10	45792	24088746	19192	0.0073
4399d340-d1ed-48a2-91e8-bb628fd9a33b	10	24088747	24089125	9	-2.0084
4399d340-d1ed-48a2-91e8-bb628fd9a33b	10	24089979	26398822	1625	0.0032
4399d340-d1ed-48a2-91e8-bb628fd9a33b	10	26398860	26400075	2	-1.4934
4399d340-d1ed-48a2-91e8-bb628fd9a33b	10	26400319	65546518	23577	0.0079
4399d340-d1ed-48a2-91e8-bb628fd9a33b	10	65548165	65548272	5	-0.6322
4399d340-d1ed-48a2-91e8-bb628fd9a33b	10	65548833	65549024	4	0.2764
4399d340-d1ed-48a2-91e8-bb628fd9a33b	10	65549079	65554672	18	-0.4148
4399d340-d1ed-48a2-91e8-bb628fd9a33b	10	65554688	79491575	9221	0.0004
4399d340-d1ed-48a2-91e8-bb628fd9a33b	10	79523511	79837113	39	0.2715
4399d340-d1ed-48a2-91e8-bb628fd9a33b	10	79837297	82124522	1549	0.0036
4399d340-d1ed-48a2-91e8-bb628fd9a33b	10	82124904	82128911	5	-1.1188
4399d340-d1ed-48a2-91e8-bb628fd9a33b	10	82129864	122693422	27542	0.0049
4399d340-d1ed-48a2-91e8-bb628fd9a33b	10	122695830	122696068	3	-1.528
4399d340-d1ed-48a2-91e8-bb628fd9a33b	10	122696455	133654968	7858	0.0109
4399d340-d1ed-48a2-91e8-bb628fd9a33b	11	198510	5768511	3236	0.0157
4399d340-d1ed-48a2-91e8-bb628fd9a33b	11	5768639	5787909	27	0.4448
4399d340-d1ed-48a2-91e8-bb628fd9a33b	11	5788108	18931442	9426	-0.0039
4399d340-d1ed-48a2-91e8-bb628fd9a33b	11	18931457	18938477	10	-0.5297
4399d340-d1ed-48a2-91e8-bb628fd9a33b	11	18938568	31371747	9096	0.0055
4399d340-d1ed-48a2-91e8-bb628fd9a33b	11	31372721	31375533	2	-1.9663
4399d340-d1ed-48a2-91e8-bb628fd9a33b	11	31376660	49055048	11654	0.0081
4399d340-d1ed-48a2-91e8-bb628fd9a33b	11	49057319	49082138	11	-0.6572
4399d340-d1ed-48a2-91e8-bb628fd9a33b	11	49088013	135074876	53349	0.0052
4399d340-d1ed-48a2-91e8-bb628fd9a33b	12	51460	564495	304	0.0535
4399d340-d1ed-48a2-91e8-bb628fd9a33b	12	564688	565011	2	-1.2297
4399d340-d1ed-48a2-91e8-bb628fd9a33b	12	566275	2126723	960	0.0458
4399d340-d1ed-48a2-91e8-bb628fd9a33b	12	2136696	2148754	41	-0.6337
4399d340-d1ed-48a2-91e8-bb628fd9a33b	12	2148857	9481274	4868	0.0036
4399d340-d1ed-48a2-91e8-bb628fd9a33b	12	9485313	9561078	21	-1.5844
4399d340-d1ed-48a2-91e8-bb628fd9a33b	12	9562969	11359558	1182	0.0094
4399d340-d1ed-48a2-91e8-bb628fd9a33b	12	11359597	11383179	19	-0.5087
4399d340-d1ed-48a2-91e8-bb628fd9a33b	12	11383180	30086334	13109	0.0074
4399d340-d1ed-48a2-91e8-bb628fd9a33b	12	30086381	30090756	23	-0.4795
4399d340-d1ed-48a2-91e8-bb628fd9a33b	12	30090789	83769408	31477	0.0041
4399d340-d1ed-48a2-91e8-bb628fd9a33b	12	83769511	83769569	2	-1.9513
4399d340-d1ed-48a2-91e8-bb628fd9a33b	12	83771462	133201603	32818	0.0076
4399d340-d1ed-48a2-91e8-bb628fd9a33b	13	18452809	114342922	64122	0.0084
4399d340-d1ed-48a2-91e8-bb628fd9a33b	14	18239283	19289821	45	0.257
4399d340-d1ed-48a2-91e8-bb628fd9a33b	14	19294457	19689684	19	-0.3744
4399d340-d1ed-48a2-91e8-bb628fd9a33b	14	19732024	19966871	120	0.292
4399d340-d1ed-48a2-91e8-bb628fd9a33b	14	19967227	21921927	1318	0.0147
4399d340-d1ed-48a2-91e8-bb628fd9a33b	14	21922009	22543601	558	0.1881
4399d340-d1ed-48a2-91e8-bb628fd9a33b	14	22545118	86636251	40888	0.0022
4399d340-d1ed-48a2-91e8-bb628fd9a33b	14	86637327	86637353	2	-1.9276
4399d340-d1ed-48a2-91e8-bb628fd9a33b	14	86643224	105616252	11939	0.0014
4399d340-d1ed-48a2-91e8-bb628fd9a33b	14	105632009	105733039	18	0.5243
4399d340-d1ed-48a2-91e8-bb628fd9a33b	14	105752248	106340305	206	0.1049
4399d340-d1ed-48a2-91e8-bb628fd9a33b	14	106340774	106379202	17	-0.3989
4399d340-d1ed-48a2-91e8-bb628fd9a33b	14	106380858	106487827	71	0.2437
4399d340-d1ed-48a2-91e8-bb628fd9a33b	14	106492557	106877229	191	0.083
4399d340-d1ed-48a2-91e8-bb628fd9a33b	15	19811075	19986758	41	0.1265
4399d340-d1ed-48a2-91e8-bb628fd9a33b	15	19986916	20206773	18	-0.2646
4399d340-d1ed-48a2-91e8-bb628fd9a33b	15	20207225	20665162	89	0.1013
4399d340-d1ed-48a2-91e8-bb628fd9a33b	15	20668932	22646842	78	0.3422
4399d340-d1ed-48a2-91e8-bb628fd9a33b	15	22647715	23448370	315	0.1028
4399d340-d1ed-48a2-91e8-bb628fd9a33b	15	23448798	29672538	4033	0.0178
4399d340-d1ed-48a2-91e8-bb628fd9a33b	15	29672582	30094208	254	0.1057
4399d340-d1ed-48a2-91e8-bb628fd9a33b	15	30106026	30313650	25	-0.6498
4399d340-d1ed-48a2-91e8-bb628fd9a33b	15	30314058	34431231	2578	0.0089
4399d340-d1ed-48a2-91e8-bb628fd9a33b	15	34431375	34695063	172	0.1282
4399d340-d1ed-48a2-91e8-bb628fd9a33b	15	34695075	51128877	9894	-0.0024
4399d340-d1ed-48a2-91e8-bb628fd9a33b	15	51129893	51136000	5	-0.9218
4399d340-d1ed-48a2-91e8-bb628fd9a33b	15	51137076	61392006	7286	0.005
4399d340-d1ed-48a2-91e8-bb628fd9a33b	15	61395970	61405475	11	-0.8838
4399d340-d1ed-48a2-91e8-bb628fd9a33b	15	61405492	76586021	9109	0.0006
4399d340-d1ed-48a2-91e8-bb628fd9a33b	15	76598900	76603434	22	-1.9113
4399d340-d1ed-48a2-91e8-bb628fd9a33b	15	76609838	101928837	17609	0.0042
4399d340-d1ed-48a2-91e8-bb628fd9a33b	16	10777	8081263	5704	0.0236
4399d340-d1ed-48a2-91e8-bb628fd9a33b	16	8081711	8110021	11	0.7556
4399d340-d1ed-48a2-91e8-bb628fd9a33b	16	8110365	12555002	3695	0.0091
4399d340-d1ed-48a2-91e8-bb628fd9a33b	16	12555121	12555138	2	-1.3805
4399d340-d1ed-48a2-91e8-bb628fd9a33b	16	12556390	15022400	1752	-0.0046
4399d340-d1ed-48a2-91e8-bb628fd9a33b	16	15031584	18104860	1596	0.0593
4399d340-d1ed-48a2-91e8-bb628fd9a33b	16	18134261	18144432	2	-1.4609
4399d340-d1ed-48a2-91e8-bb628fd9a33b	16	18148869	19933041	703	-0.0098
4399d340-d1ed-48a2-91e8-bb628fd9a33b	16	19934328	19956040	29	-0.705
4399d340-d1ed-48a2-91e8-bb628fd9a33b	16	19958932	20046578	68	0.0471
4399d340-d1ed-48a2-91e8-bb628fd9a33b	16	20047451	20047761	3	-0.9944
4399d340-d1ed-48a2-91e8-bb628fd9a33b	16	20048355	22430699	1205	0.016
4399d340-d1ed-48a2-91e8-bb628fd9a33b	16	22546611	22699421	73	-0.3048
4399d340-d1ed-48a2-91e8-bb628fd9a33b	16	22701658	25058224	1534	-0.0051
4399d340-d1ed-48a2-91e8-bb628fd9a33b	16	25070963	25110037	28	0.5728
4399d340-d1ed-48a2-91e8-bb628fd9a33b	16	25116324	25117156	4	-0.0909
4399d340-d1ed-48a2-91e8-bb628fd9a33b	16	25119673	25150197	26	0.518
4399d340-d1ed-48a2-91e8-bb628fd9a33b	16	25157647	32852602	3550	0.0109
4399d340-d1ed-48a2-91e8-bb628fd9a33b	16	32861972	33045427	21	0.8176
4399d340-d1ed-48a2-91e8-bb628fd9a33b	16	33340712	52365498	4150	-0.0005
4399d340-d1ed-48a2-91e8-bb628fd9a33b	16	52365989	52366493	2	-1.3211
4399d340-d1ed-48a2-91e8-bb628fd9a33b	16	52366806	55762682	2772	-0.004
4399d340-d1ed-48a2-91e8-bb628fd9a33b	16	55764310	55775312	9	1.3372
4399d340-d1ed-48a2-91e8-bb628fd9a33b	16	55775554	88404306	24210	0.0096
4399d340-d1ed-48a2-91e8-bb628fd9a33b	16	88404454	90096867	712	0.0836
4399d340-d1ed-48a2-91e8-bb628fd9a33b	17	150733	41265433	20814	0.0115
4399d340-d1ed-48a2-91e8-bb628fd9a33b	17	41265456	41274279	25	-0.8135
4399d340-d1ed-48a2-91e8-bb628fd9a33b	17	41276472	83091923	24190	0.0083
4399d340-d1ed-48a2-91e8-bb628fd9a33b	18	48133	67286412	41124	0.008
4399d340-d1ed-48a2-91e8-bb628fd9a33b	18	67291970	67300028	21	-0.6996
4399d340-d1ed-48a2-91e8-bb628fd9a33b	18	67300481	69541156	1774	0.0231
4399d340-d1ed-48a2-91e8-bb628fd9a33b	18	69541417	69550035	6	-1.0618
4399d340-d1ed-48a2-91e8-bb628fd9a33b	18	69550306	78900693	7094	0.0209
4399d340-d1ed-48a2-91e8-bb628fd9a33b	18	78902714	78904863	5	-0.9373
4399d340-d1ed-48a2-91e8-bb628fd9a33b	18	78906449	80257174	704	0.0433
4399d340-d1ed-48a2-91e8-bb628fd9a33b	19	90910	19595924	8442	0.0083
4399d340-d1ed-48a2-91e8-bb628fd9a33b	19	19598211	20498636	522	0.0925
4399d340-d1ed-48a2-91e8-bb628fd9a33b	19	20500381	35358420	7738	0.0059
4399d340-d1ed-48a2-91e8-bb628fd9a33b	19	35364451	35370946	21	-0.3913
4399d340-d1ed-48a2-91e8-bb628fd9a33b	19	35375842	42811459	3692	-0.0008
4399d340-d1ed-48a2-91e8-bb628fd9a33b	19	42816985	42947668	61	0.4727
4399d340-d1ed-48a2-91e8-bb628fd9a33b	19	42950466	43230258	126	0.6443
4399d340-d1ed-48a2-91e8-bb628fd9a33b	19	43231593	55771003	6656	0.0139
4399d340-d1ed-48a2-91e8-bb628fd9a33b	19	55771169	55771701	3	-2.5173
4399d340-d1ed-48a2-91e8-bb628fd9a33b	19	55774927	58586487	1837	0.0142
4399d340-d1ed-48a2-91e8-bb628fd9a33b	20	80664	1571811	1183	0.0174
4399d340-d1ed-48a2-91e8-bb628fd9a33b	20	1576544	1601561	57	-0.5032
4399d340-d1ed-48a2-91e8-bb628fd9a33b	20	1609611	14790826	9910	0.0113
4399d340-d1ed-48a2-91e8-bb628fd9a33b	20	14801038	14843259	69	-0.8453
4399d340-d1ed-48a2-91e8-bb628fd9a33b	20	14849950	64324800	31154	0.0063
4399d340-d1ed-48a2-91e8-bb628fd9a33b	21	10354168	46677045	23859	0.0079
4399d340-d1ed-48a2-91e8-bb628fd9a33b	22	15294547	22398127	3458	0.0405
4399d340-d1ed-48a2-91e8-bb628fd9a33b	22	22398345	22398545	4	-1.1151
4399d340-d1ed-48a2-91e8-bb628fd9a33b	22	22402989	24714909	1326	0.0516
4399d340-d1ed-48a2-91e8-bb628fd9a33b	22	24716358	29928938	4171	-0.0002
4399d340-d1ed-48a2-91e8-bb628fd9a33b	22	29934470	29965892	24	-0.7531
4399d340-d1ed-48a2-91e8-bb628fd9a33b	22	29976004	42501276	8166	0.0042
4399d340-d1ed-48a2-91e8-bb628fd9a33b	22	42503434	42554485	24	0.8266
4399d340-d1ed-48a2-91e8-bb628fd9a33b	22	42559425	42584045	12	-0.6395
4399d340-d1ed-48a2-91e8-bb628fd9a33b	22	42585161	49215177	5194	0.0086
4399d340-d1ed-48a2-91e8-bb628fd9a33b	22	49215392	49215407	2	-1.2636
4399d340-d1ed-48a2-91e8-bb628fd9a33b	22	49219057	50796027	893	0.0666
4399d340-d1ed-48a2-91e8-bb628fd9a33b	X	251810	152849443	82153	0.0148
4399d340-d1ed-48a2-91e8-bb628fd9a33b	X	152850003	152872188	20	-1.3044
4399d340-d1ed-48a2-91e8-bb628fd9a33b	X	152872486	155952689	1279	0.0144
4399d340-d1ed-48a2-91e8-bb628fd9a33b	Y	2782397	56872112	6638	-0.9337
