GDC_Aliquot	Chromosome	Start	End	Num_Probes	Segment_Mean
2f81b42b-294a-412e-9fe3-794d1536965b	1	62920	783283	24	-0.0315
2f81b42b-294a-412e-9fe3-794d1536965b	1	787937	1905488	291	-0.7495
2f81b42b-294a-412e-9fe3-794d1536965b	1	1915175	6201811	2562	-0.903
2f81b42b-294a-412e-9fe3-794d1536965b	1	6201867	15822848	5397	-0.7908
2f81b42b-294a-412e-9fe3-794d1536965b	1	15823420	15827430	7	0.8607
2f81b42b-294a-412e-9fe3-794d1536965b	1	15827706	16863509	356	-0.7319
2f81b42b-294a-412e-9fe3-794d1536965b	1	16864367	19452559	1847	-0.8488
2f81b42b-294a-412e-9fe3-794d1536965b	1	19453179	25256850	3441	-0.7644
2f81b42b-294a-412e-9fe3-794d1536965b	1	25266637	25320198	22	-1.9684
2f81b42b-294a-412e-9fe3-794d1536965b	1	25320253	27481107	888	-0.7033
2f81b42b-294a-412e-9fe3-794d1536965b	1	27483067	27522789	15	-1.5027
2f81b42b-294a-412e-9fe3-794d1536965b	1	27523699	29082649	638	-0.6475
2f81b42b-294a-412e-9fe3-794d1536965b	1	29091224	38633346	5582	-0.8041
2f81b42b-294a-412e-9fe3-794d1536965b	1	38635858	39673881	527	-0.7293
2f81b42b-294a-412e-9fe3-794d1536965b	1	39674743	39688962	18	-1.3157
2f81b42b-294a-412e-9fe3-794d1536965b	1	39689516	41569044	1040	-0.7264
2f81b42b-294a-412e-9fe3-794d1536965b	1	41569972	41572204	2	-3.5761
2f81b42b-294a-412e-9fe3-794d1536965b	1	41572255	44302118	1661	-0.7654
2f81b42b-294a-412e-9fe3-794d1536965b	1	44302241	44302720	2	-3.6871
2f81b42b-294a-412e-9fe3-794d1536965b	1	44305813	46166754	941	-0.7357
2f81b42b-294a-412e-9fe3-794d1536965b	1	46168202	49141481	1866	-0.8298
2f81b42b-294a-412e-9fe3-794d1536965b	1	49146479	49496959	150	-0.7164
2f81b42b-294a-412e-9fe3-794d1536965b	1	49516208	49597506	30	-3.319
2f81b42b-294a-412e-9fe3-794d1536965b	1	49604020	105470754	36219	-0.7937
2f81b42b-294a-412e-9fe3-794d1536965b	1	105476583	105479753	17	0.2812
2f81b42b-294a-412e-9fe3-794d1536965b	1	105481433	112147704	4588	-0.7727
2f81b42b-294a-412e-9fe3-794d1536965b	1	112153343	112154390	18	-2.0015
2f81b42b-294a-412e-9fe3-794d1536965b	1	112154552	119880215	4966	-0.8001
2f81b42b-294a-412e-9fe3-794d1536965b	1	119882781	151793488	2129	-0.7129
2f81b42b-294a-412e-9fe3-794d1536965b	1	151794839	152582700	488	-0.7765
2f81b42b-294a-412e-9fe3-794d1536965b	1	152583051	152618018	37	0.5125
2f81b42b-294a-412e-9fe3-794d1536965b	1	152618089	152787202	164	-0.7633
2f81b42b-294a-412e-9fe3-794d1536965b	1	152789447	152796094	36	-0.0824
2f81b42b-294a-412e-9fe3-794d1536965b	1	152796224	153259007	379	-0.8218
2f81b42b-294a-412e-9fe3-794d1536965b	1	153272606	156725712	1635	-0.6944
2f81b42b-294a-412e-9fe3-794d1536965b	1	156725745	160199134	2434	-0.7855
2f81b42b-294a-412e-9fe3-794d1536965b	1	160199806	161967392	1016	-0.6959
2f81b42b-294a-412e-9fe3-794d1536965b	1	161967834	169247699	5761	-0.807
2f81b42b-294a-412e-9fe3-794d1536965b	1	169264736	169272528	7	-4.3934
2f81b42b-294a-412e-9fe3-794d1536965b	1	169273163	174827576	3511	-0.7547
2f81b42b-294a-412e-9fe3-794d1536965b	1	174827723	174835841	29	-0.2592
2f81b42b-294a-412e-9fe3-794d1536965b	1	174835884	175207333	216	-0.7584
2f81b42b-294a-412e-9fe3-794d1536965b	1	175207951	178693453	2291	-0.8359
2f81b42b-294a-412e-9fe3-794d1536965b	1	178693483	178704567	34	-0.2954
2f81b42b-294a-412e-9fe3-794d1536965b	1	178704778	182112298	2359	-0.7915
2f81b42b-294a-412e-9fe3-794d1536965b	1	182112649	182120000	11	-1.5886
2f81b42b-294a-412e-9fe3-794d1536965b	1	182123889	189114484	4573	-0.7928
2f81b42b-294a-412e-9fe3-794d1536965b	1	189114734	196769506	5118	-0.751
2f81b42b-294a-412e-9fe3-794d1536965b	1	196769638	196862194	67	-0.1992
2f81b42b-294a-412e-9fe3-794d1536965b	1	196865976	207951859	7099	-0.7676
2f81b42b-294a-412e-9fe3-794d1536965b	1	207952428	219458520	8298	-0.8167
2f81b42b-294a-412e-9fe3-794d1536965b	1	219460527	219461038	2	-3.2438
2f81b42b-294a-412e-9fe3-794d1536965b	1	219461445	230658616	7118	-0.7944
2f81b42b-294a-412e-9fe3-794d1536965b	1	230659895	236641962	4372	0.1009
2f81b42b-294a-412e-9fe3-794d1536965b	1	236641994	242892595	5026	0.0575
2f81b42b-294a-412e-9fe3-794d1536965b	1	242892684	242966050	36	0.2707
2f81b42b-294a-412e-9fe3-794d1536965b	1	242971405	248144969	3375	0.0942
2f81b42b-294a-412e-9fe3-794d1536965b	1	248148728	248574146	204	0.2557
2f81b42b-294a-412e-9fe3-794d1536965b	1	248585893	248626987	28	-0.5204
2f81b42b-294a-412e-9fe3-794d1536965b	1	248631163	248930189	145	0.0518
2f81b42b-294a-412e-9fe3-794d1536965b	2	12784	7448591	5877	0.0487
2f81b42b-294a-412e-9fe3-794d1536965b	2	7450490	7450859	2	2.6449
2f81b42b-294a-412e-9fe3-794d1536965b	2	7454261	7499242	43	0.0282
2f81b42b-294a-412e-9fe3-794d1536965b	2	7502934	7506841	2	1.7474
2f81b42b-294a-412e-9fe3-794d1536965b	2	7506876	13179680	4144	0.099
2f81b42b-294a-412e-9fe3-794d1536965b	2	13180831	24157359	7743	0.0626
2f81b42b-294a-412e-9fe3-794d1536965b	2	24157845	32505822	4815	0.1013
2f81b42b-294a-412e-9fe3-794d1536965b	2	32506851	32509219	2	1.7724
2f81b42b-294a-412e-9fe3-794d1536965b	2	32510766	34295406	1361	0.0697
2f81b42b-294a-412e-9fe3-794d1536965b	2	34298911	34300513	2	-1.6738
2f81b42b-294a-412e-9fe3-794d1536965b	2	34300900	52514599	13144	0.0905
2f81b42b-294a-412e-9fe3-794d1536965b	2	52516787	52554259	36	0.5278
2f81b42b-294a-412e-9fe3-794d1536965b	2	52554274	68388767	10459	0.081
2f81b42b-294a-412e-9fe3-794d1536965b	2	68388953	71181739	1873	0.1283
2f81b42b-294a-412e-9fe3-794d1536965b	2	71185992	81329871	6440	0.0741
2f81b42b-294a-412e-9fe3-794d1536965b	2	81330404	81330716	2	-1.7418
2f81b42b-294a-412e-9fe3-794d1536965b	2	81331952	84953772	2112	0.0587
2f81b42b-294a-412e-9fe3-794d1536965b	2	84957341	84965158	8	-0.7332
2f81b42b-294a-412e-9fe3-794d1536965b	2	84976573	86710564	1018	0.1064
2f81b42b-294a-412e-9fe3-794d1536965b	2	86725947	86726731	2	-1.5695
2f81b42b-294a-412e-9fe3-794d1536965b	2	86743283	87087002	80	0.0685
2f81b42b-294a-412e-9fe3-794d1536965b	2	87094919	87894092	127	0.5099
2f81b42b-294a-412e-9fe3-794d1536965b	2	87919224	97359885	1722	0.0872
2f81b42b-294a-412e-9fe3-794d1536965b	2	97524284	97545726	9	-0.9721
2f81b42b-294a-412e-9fe3-794d1536965b	2	97550415	212316597	69432	0.0806
2f81b42b-294a-412e-9fe3-794d1536965b	2	212321824	212327101	25	-0.5782
2f81b42b-294a-412e-9fe3-794d1536965b	2	212327402	242147305	19013	0.0777
2f81b42b-294a-412e-9fe3-794d1536965b	3	20930	2156005	1892	0.1331
2f81b42b-294a-412e-9fe3-794d1536965b	3	2156422	13645258	9315	0.088
2f81b42b-294a-412e-9fe3-794d1536965b	3	13646199	18796321	3249	0.1202
2f81b42b-294a-412e-9fe3-794d1536965b	3	18796444	25952291	5148	0.0736
2f81b42b-294a-412e-9fe3-794d1536965b	3	25952942	26404902	283	0.1875
2f81b42b-294a-412e-9fe3-794d1536965b	3	26405349	42266417	10577	0.0822
2f81b42b-294a-412e-9fe3-794d1536965b	3	42266903	52989195	5247	0.1379
2f81b42b-294a-412e-9fe3-794d1536965b	3	52994359	53005473	42	-0.2593
2f81b42b-294a-412e-9fe3-794d1536965b	3	53005661	55666484	2003	0.066
2f81b42b-294a-412e-9fe3-794d1536965b	3	55667419	61040827	4008	0.1043
2f81b42b-294a-412e-9fe3-794d1536965b	3	61040959	65203560	3542	0.0448
2f81b42b-294a-412e-9fe3-794d1536965b	3	65203644	65224777	51	-0.6057
2f81b42b-294a-412e-9fe3-794d1536965b	3	65230674	69781858	3304	0.0627
2f81b42b-294a-412e-9fe3-794d1536965b	3	69782327	69804826	32	-0.2676
2f81b42b-294a-412e-9fe3-794d1536965b	3	69804840	71068963	925	0.0656
2f81b42b-294a-412e-9fe3-794d1536965b	3	71069076	72893076	1342	0.1252
2f81b42b-294a-412e-9fe3-794d1536965b	3	72897176	75519398	1765	0.0471
2f81b42b-294a-412e-9fe3-794d1536965b	3	75523398	75559488	9	0.7069
2f81b42b-294a-412e-9fe3-794d1536965b	3	75564023	82493358	3889	0.0552
2f81b42b-294a-412e-9fe3-794d1536965b	3	82493375	99225632	7079	0.0827
2f81b42b-294a-412e-9fe3-794d1536965b	3	99225667	99230448	32	-0.2644
2f81b42b-294a-412e-9fe3-794d1536965b	3	99230457	125950205	16322	0.0864
2f81b42b-294a-412e-9fe3-794d1536965b	3	125954540	125957120	3	-1.8962
2f81b42b-294a-412e-9fe3-794d1536965b	3	125961657	128941857	1912	0.0977
2f81b42b-294a-412e-9fe3-794d1536965b	3	128942130	128942143	2	-1.1664
2f81b42b-294a-412e-9fe3-794d1536965b	3	128944316	130044016	471	0.1202
2f81b42b-294a-412e-9fe3-794d1536965b	3	130044855	130088155	40	-0.1924
2f81b42b-294a-412e-9fe3-794d1536965b	3	130089433	132269794	1431	0.0837
2f81b42b-294a-412e-9fe3-794d1536965b	3	132270020	132274392	7	-0.5233
2f81b42b-294a-412e-9fe3-794d1536965b	3	132276840	133306023	681	0.0911
2f81b42b-294a-412e-9fe3-794d1536965b	3	133306038	133306053	2	1.937
2f81b42b-294a-412e-9fe3-794d1536965b	3	133306168	149245189	9783	0.0925
2f81b42b-294a-412e-9fe3-794d1536965b	3	149245608	149250334	25	-0.6882
2f81b42b-294a-412e-9fe3-794d1536965b	3	149253293	152629479	2176	0.1073
2f81b42b-294a-412e-9fe3-794d1536965b	3	152629693	152638394	41	-0.507
2f81b42b-294a-412e-9fe3-794d1536965b	3	152638413	175362822	13841	0.0869
2f81b42b-294a-412e-9fe3-794d1536965b	3	175362958	175363437	4	-2.1463
2f81b42b-294a-412e-9fe3-794d1536965b	3	175363536	179222736	2445	0.1143
2f81b42b-294a-412e-9fe3-794d1536965b	3	179225093	184082749	2719	0.0676
2f81b42b-294a-412e-9fe3-794d1536965b	3	184084710	189646096	3849	0.1094
2f81b42b-294a-412e-9fe3-794d1536965b	3	189646245	189653199	8	-0.7347
2f81b42b-294a-412e-9fe3-794d1536965b	3	189653225	193156958	2484	0.0704
2f81b42b-294a-412e-9fe3-794d1536965b	3	193160113	193165114	20	0.9168
2f81b42b-294a-412e-9fe3-794d1536965b	3	193168646	195934662	1606	0.0899
2f81b42b-294a-412e-9fe3-794d1536965b	3	195934679	195991894	8	-0.7512
2f81b42b-294a-412e-9fe3-794d1536965b	3	195998433	198169247	1079	0.1374
2f81b42b-294a-412e-9fe3-794d1536965b	4	68929	10208766	5703	0.0772
2f81b42b-294a-412e-9fe3-794d1536965b	4	10212536	10229874	29	-1.8481
2f81b42b-294a-412e-9fe3-794d1536965b	4	10232590	34777382	16973	0.0621
2f81b42b-294a-412e-9fe3-794d1536965b	4	34777403	34823103	41	1.0334
2f81b42b-294a-412e-9fe3-794d1536965b	4	34828250	49508382	8978	0.0851
2f81b42b-294a-412e-9fe3-794d1536965b	4	49509185	49656595	15	-0.707
2f81b42b-294a-412e-9fe3-794d1536965b	4	51819533	68394833	10447	0.0673
2f81b42b-294a-412e-9fe3-794d1536965b	4	68395346	68422424	6	-0.9175
2f81b42b-294a-412e-9fe3-794d1536965b	4	68429081	68509223	13	0.1499
2f81b42b-294a-412e-9fe3-794d1536965b	4	68509237	68623617	65	0.5618
2f81b42b-294a-412e-9fe3-794d1536965b	4	68639397	86055238	10804	0.0839
2f81b42b-294a-412e-9fe3-794d1536965b	4	86055291	86058791	18	-0.538
2f81b42b-294a-412e-9fe3-794d1536965b	4	86058936	91148100	3136	0.0904
2f81b42b-294a-412e-9fe3-794d1536965b	4	91148753	91164559	10	-0.6633
2f81b42b-294a-412e-9fe3-794d1536965b	4	91169248	103824414	7418	0.0818
2f81b42b-294a-412e-9fe3-794d1536965b	4	103830473	103830487	6	1.2993
2f81b42b-294a-412e-9fe3-794d1536965b	4	103830488	107150455	1874	0.0805
2f81b42b-294a-412e-9fe3-794d1536965b	4	107150471	107150731	2	1.6798
2f81b42b-294a-412e-9fe3-794d1536965b	4	107152350	111291050	2491	0.0671
2f81b42b-294a-412e-9fe3-794d1536965b	4	111291686	111295645	2	-1.64
2f81b42b-294a-412e-9fe3-794d1536965b	4	111296654	114252544	1927	0.0839
2f81b42b-294a-412e-9fe3-794d1536965b	4	114254167	114263110	26	1.089
2f81b42b-294a-412e-9fe3-794d1536965b	4	114263154	156035480	24877	0.0829
2f81b42b-294a-412e-9fe3-794d1536965b	4	156046823	156052053	16	-0.4953
2f81b42b-294a-412e-9fe3-794d1536965b	4	156053545	160132499	2435	0.0609
2f81b42b-294a-412e-9fe3-794d1536965b	4	160132562	160162917	38	0.4217
2f81b42b-294a-412e-9fe3-794d1536965b	4	160163410	160958866	590	0.0653
2f81b42b-294a-412e-9fe3-794d1536965b	4	160958972	160964026	29	0.6183
2f81b42b-294a-412e-9fe3-794d1536965b	4	160964110	171447291	6651	0.0803
2f81b42b-294a-412e-9fe3-794d1536965b	4	171447380	171456559	12	1.0498
2f81b42b-294a-412e-9fe3-794d1536965b	4	171456573	189273964	12131	0.0872
2f81b42b-294a-412e-9fe3-794d1536965b	4	189274468	189278110	3	-3.6775
2f81b42b-294a-412e-9fe3-794d1536965b	4	189278617	190106768	350	0.0879
2f81b42b-294a-412e-9fe3-794d1536965b	5	15532	9898850	8010	0.0429
2f81b42b-294a-412e-9fe3-794d1536965b	5	9901840	9924385	32	-1.0031
2f81b42b-294a-412e-9fe3-794d1536965b	5	9926299	20432230	7065	0.068
2f81b42b-294a-412e-9fe3-794d1536965b	5	20432649	20505711	96	0.2689
2f81b42b-294a-412e-9fe3-794d1536965b	5	20506802	37542666	10492	0.0686
2f81b42b-294a-412e-9fe3-794d1536965b	5	37547421	37551416	2	1.785
2f81b42b-294a-412e-9fe3-794d1536965b	5	37553936	45308261	4658	0.0813
2f81b42b-294a-412e-9fe3-794d1536965b	5	45310953	50837510	607	0.1785
2f81b42b-294a-412e-9fe3-794d1536965b	5	50837542	97798515	27792	0.0857
2f81b42b-294a-412e-9fe3-794d1536965b	5	97798884	97798918	2	1.6668
2f81b42b-294a-412e-9fe3-794d1536965b	5	97798958	99279461	815	0.0744
2f81b42b-294a-412e-9fe3-794d1536965b	5	99279506	101947464	1607	0.1547
2f81b42b-294a-412e-9fe3-794d1536965b	5	101948661	104515520	1437	0.0835
2f81b42b-294a-412e-9fe3-794d1536965b	5	104524672	104524903	4	2.0425
2f81b42b-294a-412e-9fe3-794d1536965b	5	104525348	130884333	17481	0.0805
2f81b42b-294a-412e-9fe3-794d1536965b	5	130884665	134569321	2204	0.1225
2f81b42b-294a-412e-9fe3-794d1536965b	5	134573370	138002565	2265	0.0736
2f81b42b-294a-412e-9fe3-794d1536965b	5	138004608	143797663	3168	0.1205
2f81b42b-294a-412e-9fe3-794d1536965b	5	143802328	160364199	11245	0.0885
2f81b42b-294a-412e-9fe3-794d1536965b	5	160364327	169185831	6104	0.056
2f81b42b-294a-412e-9fe3-794d1536965b	5	169186709	177771448	5776	0.0882
2f81b42b-294a-412e-9fe3-794d1536965b	5	177800550	177805604	3	2.1859
2f81b42b-294a-412e-9fe3-794d1536965b	5	177827964	180951888	1797	0.0959
2f81b42b-294a-412e-9fe3-794d1536965b	5	180953203	180991103	17	0.9871
2f81b42b-294a-412e-9fe3-794d1536965b	5	181006225	181363319	170	0.0529
2f81b42b-294a-412e-9fe3-794d1536965b	6	149661	254283	100	-0.8869
2f81b42b-294a-412e-9fe3-794d1536965b	6	257353	294725	22	0.5174
2f81b42b-294a-412e-9fe3-794d1536965b	6	294837	381149	78	0.0363
2f81b42b-294a-412e-9fe3-794d1536965b	6	382559	19039888	14502	-0.8328
2f81b42b-294a-412e-9fe3-794d1536965b	6	19041950	19042587	3	-3.5129
2f81b42b-294a-412e-9fe3-794d1536965b	6	19044471	24633201	4073	-0.8408
2f81b42b-294a-412e-9fe3-794d1536965b	6	24634711	26749330	1368	-0.7664
2f81b42b-294a-412e-9fe3-794d1536965b	6	26749405	26973736	38	-0.2678
2f81b42b-294a-412e-9fe3-794d1536965b	6	26975280	29504095	1121	-0.7392
2f81b42b-294a-412e-9fe3-794d1536965b	6	29504157	29882603	269	-0.8859
2f81b42b-294a-412e-9fe3-794d1536965b	6	29903859	29931120	11	-5.5074
2f81b42b-294a-412e-9fe3-794d1536965b	6	29931900	31025351	441	-0.7999
2f81b42b-294a-412e-9fe3-794d1536965b	6	31025459	31963832	473	-0.9772
2f81b42b-294a-412e-9fe3-794d1536965b	6	31964731	37534672	3139	-0.7647
2f81b42b-294a-412e-9fe3-794d1536965b	6	37534809	38167505	398	-0.8264
2f81b42b-294a-412e-9fe3-794d1536965b	6	38167954	38174943	7	-2.1076
2f81b42b-294a-412e-9fe3-794d1536965b	6	38174984	41741200	2698	-0.8517
2f81b42b-294a-412e-9fe3-794d1536965b	6	41741333	44513235	1484	-0.7662
2f81b42b-294a-412e-9fe3-794d1536965b	6	44513272	44522070	2	-3.3785
2f81b42b-294a-412e-9fe3-794d1536965b	6	44522377	46008061	989	-0.8263
2f81b42b-294a-412e-9fe3-794d1536965b	6	46010406	46010499	3	-3.3575
2f81b42b-294a-412e-9fe3-794d1536965b	6	46012820	53258564	4604	-0.8162
2f81b42b-294a-412e-9fe3-794d1536965b	6	53259486	54066582	619	0.0957
2f81b42b-294a-412e-9fe3-794d1536965b	6	54066621	54067057	3	1.1974
2f81b42b-294a-412e-9fe3-794d1536965b	6	54070550	58066735	2062	0.0638
2f81b42b-294a-412e-9fe3-794d1536965b	6	58067591	61797701	683	0.1449
2f81b42b-294a-412e-9fe3-794d1536965b	6	61804830	65683455	2181	0.0656
2f81b42b-294a-412e-9fe3-794d1536965b	6	65684197	65693200	17	0.5492
2f81b42b-294a-412e-9fe3-794d1536965b	6	65693364	66281941	377	0.075
2f81b42b-294a-412e-9fe3-794d1536965b	6	66283562	66334573	65	0.352
2f81b42b-294a-412e-9fe3-794d1536965b	6	66337420	76720013	6778	0.0812
2f81b42b-294a-412e-9fe3-794d1536965b	6	76726442	76743040	23	0.8108
2f81b42b-294a-412e-9fe3-794d1536965b	6	76751356	78259348	976	0.0819
2f81b42b-294a-412e-9fe3-794d1536965b	6	78259388	78317642	104	0.578
2f81b42b-294a-412e-9fe3-794d1536965b	6	78317798	93778196	9916	0.0769
2f81b42b-294a-412e-9fe3-794d1536965b	6	93778242	94970302	772	0.1698
2f81b42b-294a-412e-9fe3-794d1536965b	6	95386776	103286954	4781	0.0725
2f81b42b-294a-412e-9fe3-794d1536965b	6	103290101	103314186	46	1.0311
2f81b42b-294a-412e-9fe3-794d1536965b	6	103317795	105226811	1180	0.0432
2f81b42b-294a-412e-9fe3-794d1536965b	6	105228782	157442043	33600	0.0939
2f81b42b-294a-412e-9fe3-794d1536965b	6	157443975	157478613	11	-0.69
2f81b42b-294a-412e-9fe3-794d1536965b	6	157480944	167163210	7250	0.0827
2f81b42b-294a-412e-9fe3-794d1536965b	6	167163698	170741917	2116	0.0404
2f81b42b-294a-412e-9fe3-794d1536965b	7	43355	978593	239	0.0456
2f81b42b-294a-412e-9fe3-794d1536965b	7	994826	1102680	50	-0.2464
2f81b42b-294a-412e-9fe3-794d1536965b	7	1102875	13868625	8805	0.0923
2f81b42b-294a-412e-9fe3-794d1536965b	7	13870143	14323558	505	-0.7812
2f81b42b-294a-412e-9fe3-794d1536965b	7	14328381	14373507	42	0.0538
2f81b42b-294a-412e-9fe3-794d1536965b	7	14375513	14385867	13	-0.8597
2f81b42b-294a-412e-9fe3-794d1536965b	7	14390365	14461908	48	0.1316
2f81b42b-294a-412e-9fe3-794d1536965b	7	14464528	14475962	12	-0.6464
2f81b42b-294a-412e-9fe3-794d1536965b	7	14487145	18898996	3443	0.0853
2f81b42b-294a-412e-9fe3-794d1536965b	7	18899618	19290137	509	0.1719
2f81b42b-294a-412e-9fe3-794d1536965b	7	19290832	35547410	11670	0.0795
2f81b42b-294a-412e-9fe3-794d1536965b	7	35547541	37578570	1535	0.1281
2f81b42b-294a-412e-9fe3-794d1536965b	7	37578760	38248326	488	0.075
2f81b42b-294a-412e-9fe3-794d1536965b	7	38251092	38319127	108	0.2757
2f81b42b-294a-412e-9fe3-794d1536965b	7	38319355	51068499	8599	0.0789
2f81b42b-294a-412e-9fe3-794d1536965b	7	51071117	51252434	127	-0.868
2f81b42b-294a-412e-9fe3-794d1536965b	7	51260826	51289277	20	-0.0447
2f81b42b-294a-412e-9fe3-794d1536965b	7	51293203	51303844	10	-0.8162
2f81b42b-294a-412e-9fe3-794d1536965b	7	51308874	51623891	201	0.0512
2f81b42b-294a-412e-9fe3-794d1536965b	7	51624840	51626491	3	-1.4073
2f81b42b-294a-412e-9fe3-794d1536965b	7	51626776	65108474	5068	0.0709
2f81b42b-294a-412e-9fe3-794d1536965b	7	65133963	65190971	5	-1.2128
2f81b42b-294a-412e-9fe3-794d1536965b	7	65191262	67732366	1048	0.0932
2f81b42b-294a-412e-9fe3-794d1536965b	7	67734842	67739409	4	-1.1191
2f81b42b-294a-412e-9fe3-794d1536965b	7	67742850	70955452	2052	0.0461
2f81b42b-294a-412e-9fe3-794d1536965b	7	70958264	70961155	2	1.4134
2f81b42b-294a-412e-9fe3-794d1536965b	7	70963257	72546247	1075	0.013
2f81b42b-294a-412e-9fe3-794d1536965b	7	72550992	88580453	8706	0.077
2f81b42b-294a-412e-9fe3-794d1536965b	7	88580899	89895535	857	0.1797
2f81b42b-294a-412e-9fe3-794d1536965b	7	89902765	91578827	1207	0.0676
2f81b42b-294a-412e-9fe3-794d1536965b	7	91589569	91589648	2	-1.7959
2f81b42b-294a-412e-9fe3-794d1536965b	7	91589817	109787499	10454	0.0836
2f81b42b-294a-412e-9fe3-794d1536965b	7	109787579	109818715	51	0.4933
2f81b42b-294a-412e-9fe3-794d1536965b	7	109818839	126405502	10019	0.0782
2f81b42b-294a-412e-9fe3-794d1536965b	7	126405597	126406827	16	-0.8117
2f81b42b-294a-412e-9fe3-794d1536965b	7	126412712	128290909	1279	0.0831
2f81b42b-294a-412e-9fe3-794d1536965b	7	128290926	128290941	2	1.4753
2f81b42b-294a-412e-9fe3-794d1536965b	7	128291027	134100424	3413	0.0873
2f81b42b-294a-412e-9fe3-794d1536965b	7	134100442	134105690	23	0.6754
2f81b42b-294a-412e-9fe3-794d1536965b	7	134110881	142070732	5209	0.0819
2f81b42b-294a-412e-9fe3-794d1536965b	7	142070827	142088173	20	-0.5036
2f81b42b-294a-412e-9fe3-794d1536965b	7	142088203	144207186	1210	0.107
2f81b42b-294a-412e-9fe3-794d1536965b	7	144249785	144295437	8	0.9807
2f81b42b-294a-412e-9fe3-794d1536965b	7	144306653	149148995	3103	0.0665
2f81b42b-294a-412e-9fe3-794d1536965b	7	149150086	152556008	1851	0.1203
2f81b42b-294a-412e-9fe3-794d1536965b	7	152560875	153450553	604	0.0427
2f81b42b-294a-412e-9fe3-794d1536965b	7	153450560	153450627	2	1.444
2f81b42b-294a-412e-9fe3-794d1536965b	7	153450630	154598185	851	0.0515
2f81b42b-294a-412e-9fe3-794d1536965b	7	154601461	154607903	4	1.233
2f81b42b-294a-412e-9fe3-794d1536965b	7	154609120	159334314	3236	0.0487
2f81b42b-294a-412e-9fe3-794d1536965b	8	81254	1414312	883	0.0178
2f81b42b-294a-412e-9fe3-794d1536965b	8	1414637	1414696	3	-1.4444
2f81b42b-294a-412e-9fe3-794d1536965b	8	1415048	12037736	10130	0.0722
2f81b42b-294a-412e-9fe3-794d1536965b	8	12092042	12176798	8	-0.8118
2f81b42b-294a-412e-9fe3-794d1536965b	8	12177488	13590603	906	0.0432
2f81b42b-294a-412e-9fe3-794d1536965b	8	13594940	13801442	267	0.2078
2f81b42b-294a-412e-9fe3-794d1536965b	8	13801993	16330428	2329	0.0563
2f81b42b-294a-412e-9fe3-794d1536965b	8	16330801	16473481	126	0.2273
2f81b42b-294a-412e-9fe3-794d1536965b	8	16473682	25114672	6821	0.0728
2f81b42b-294a-412e-9fe3-794d1536965b	8	25116928	25126626	23	0.8938
2f81b42b-294a-412e-9fe3-794d1536965b	8	25126641	27401713	1755	0.0564
2f81b42b-294a-412e-9fe3-794d1536965b	8	27401966	30158242	1845	0.1106
2f81b42b-294a-412e-9fe3-794d1536965b	8	30160398	34412347	2731	0.0444
2f81b42b-294a-412e-9fe3-794d1536965b	8	34417883	34417907	2	-1.3997
2f81b42b-294a-412e-9fe3-794d1536965b	8	34420076	40324598	3327	0.0576
2f81b42b-294a-412e-9fe3-794d1536965b	8	40326278	40331992	34	-2.5683
2f81b42b-294a-412e-9fe3-794d1536965b	8	40335391	40914477	451	0.0432
2f81b42b-294a-412e-9fe3-794d1536965b	8	40920333	40920952	2	-1.9286
2f81b42b-294a-412e-9fe3-794d1536965b	8	40926161	50119451	3507	0.0769
2f81b42b-294a-412e-9fe3-794d1536965b	8	50119464	50119827	7	-1.6528
2f81b42b-294a-412e-9fe3-794d1536965b	8	50120863	98644691	29895	0.0717
2f81b42b-294a-412e-9fe3-794d1536965b	8	98646709	103170262	2684	0.1135
2f81b42b-294a-412e-9fe3-794d1536965b	8	103176687	111282417	4835	0.0687
2f81b42b-294a-412e-9fe3-794d1536965b	8	111282441	111283031	6	-1.7274
2f81b42b-294a-412e-9fe3-794d1536965b	8	111288052	114259840	1622	0.0609
2f81b42b-294a-412e-9fe3-794d1536965b	8	114260026	114273630	6	0.7194
2f81b42b-294a-412e-9fe3-794d1536965b	8	114278173	114341734	38	-0.0076
2f81b42b-294a-412e-9fe3-794d1536965b	8	114343362	114866654	340	0.1753
2f81b42b-294a-412e-9fe3-794d1536965b	8	114868212	123568960	5878	0.0679
2f81b42b-294a-412e-9fe3-794d1536965b	8	123568973	130821577	5188	0.1018
2f81b42b-294a-412e-9fe3-794d1536965b	8	130821747	132569568	1338	0.05
2f81b42b-294a-412e-9fe3-794d1536965b	8	132574771	134065227	1305	0.1295
2f81b42b-294a-412e-9fe3-794d1536965b	8	134065241	141336652	5628	0.058
2f81b42b-294a-412e-9fe3-794d1536965b	8	141338950	142409225	620	-0.0735
2f81b42b-294a-412e-9fe3-794d1536965b	8	142409456	145072769	949	0.0824
2f81b42b-294a-412e-9fe3-794d1536965b	9	46587	602903	508	0.0508
2f81b42b-294a-412e-9fe3-794d1536965b	9	606699	606961	4	-1.7592
2f81b42b-294a-412e-9fe3-794d1536965b	9	607307	4938719	4534	0.0781
2f81b42b-294a-412e-9fe3-794d1536965b	9	4939466	6523056	1181	0.14
2f81b42b-294a-412e-9fe3-794d1536965b	9	6523617	9796608	3089	0.0752
2f81b42b-294a-412e-9fe3-794d1536965b	9	9798243	9821895	55	-0.5795
2f81b42b-294a-412e-9fe3-794d1536965b	9	9822038	12608873	2362	0.1344
2f81b42b-294a-412e-9fe3-794d1536965b	9	12609706	19654450	5958	0.0516
2f81b42b-294a-412e-9fe3-794d1536965b	9	19654483	23363117	2734	0.0921
2f81b42b-294a-412e-9fe3-794d1536965b	9	23363935	23380836	11	0.8175
2f81b42b-294a-412e-9fe3-794d1536965b	9	23380967	61629689	10970	0.0928
2f81b42b-294a-412e-9fe3-794d1536965b	9	61633080	61668104	4	1.2942
2f81b42b-294a-412e-9fe3-794d1536965b	9	61680289	63580418	36	0.136
2f81b42b-294a-412e-9fe3-794d1536965b	9	63590317	63592813	7	1.7747
2f81b42b-294a-412e-9fe3-794d1536965b	9	63614182	71642352	2691	0.0624
2f81b42b-294a-412e-9fe3-794d1536965b	9	71642375	71642403	3	1.2876
2f81b42b-294a-412e-9fe3-794d1536965b	9	71642502	88785335	12144	0.0713
2f81b42b-294a-412e-9fe3-794d1536965b	9	88786978	99974426	7444	0.0997
2f81b42b-294a-412e-9fe3-794d1536965b	9	99974621	102058985	1421	0.0686
2f81b42b-294a-412e-9fe3-794d1536965b	9	102059000	102179022	104	0.2884
2f81b42b-294a-412e-9fe3-794d1536965b	9	102179528	123595958	16117	0.0742
2f81b42b-294a-412e-9fe3-794d1536965b	9	123599041	124878487	782	0.1121
2f81b42b-294a-412e-9fe3-794d1536965b	9	124879148	134698981	5779	0.1462
2f81b42b-294a-412e-9fe3-794d1536965b	9	134699359	138200944	1557	0.0853
2f81b42b-294a-412e-9fe3-794d1536965b	10	45792	3266203	2701	0.0571
2f81b42b-294a-412e-9fe3-794d1536965b	10	3266260	12590120	7822	0.1016
2f81b42b-294a-412e-9fe3-794d1536965b	10	12590157	13008023	391	0.0651
2f81b42b-294a-412e-9fe3-794d1536965b	10	13008064	13008170	3	-0.9646
2f81b42b-294a-412e-9fe3-794d1536965b	10	13008428	19029351	4803	0.076
2f81b42b-294a-412e-9fe3-794d1536965b	10	19030782	19055893	26	-0.8647
2f81b42b-294a-412e-9fe3-794d1536965b	10	19058141	26229550	4953	0.0627
2f81b42b-294a-412e-9fe3-794d1536965b	10	26230310	33019588	4818	0.1054
2f81b42b-294a-412e-9fe3-794d1536965b	10	33019928	46606240	6194	0.0507
2f81b42b-294a-412e-9fe3-794d1536965b	10	46617422	46708121	8	0.8466
2f81b42b-294a-412e-9fe3-794d1536965b	10	46708198	55119089	5454	0.0703
2f81b42b-294a-412e-9fe3-794d1536965b	10	55123984	56018995	609	0.2024
2f81b42b-294a-412e-9fe3-794d1536965b	10	56019022	56217974	137	0.0362
2f81b42b-294a-412e-9fe3-794d1536965b	10	56218800	56219404	2	1.976
2f81b42b-294a-412e-9fe3-794d1536965b	10	56219998	65546400	6489	0.0822
2f81b42b-294a-412e-9fe3-794d1536965b	10	65546518	65551602	23	-0.3075
2f81b42b-294a-412e-9fe3-794d1536965b	10	65554104	70777093	3577	0.0923
2f81b42b-294a-412e-9fe3-794d1536965b	10	70778117	75061340	2249	0.1348
2f81b42b-294a-412e-9fe3-794d1536965b	10	75062359	87278584	8615	0.0689
2f81b42b-294a-412e-9fe3-794d1536965b	10	87286741	87310039	2	1.9928
2f81b42b-294a-412e-9fe3-794d1536965b	10	87310988	93437304	4060	0.1048
2f81b42b-294a-412e-9fe3-794d1536965b	10	93437434	95519925	1260	0.0476
2f81b42b-294a-412e-9fe3-794d1536965b	10	95521229	104282744	5135	0.1057
2f81b42b-294a-412e-9fe3-794d1536965b	10	104286245	109520391	3902	0.0502
2f81b42b-294a-412e-9fe3-794d1536965b	10	109521984	110871099	864	0.1059
2f81b42b-294a-412e-9fe3-794d1536965b	10	110873200	123923617	9701	0.0679
2f81b42b-294a-412e-9fe3-794d1536965b	10	123924326	125907411	1155	0.1157
2f81b42b-294a-412e-9fe3-794d1536965b	10	125907908	132901599	5373	0.041
2f81b42b-294a-412e-9fe3-794d1536965b	10	132901631	132901741	2	-1.6413
2f81b42b-294a-412e-9fe3-794d1536965b	10	132907011	133654968	323	0.0109
2f81b42b-294a-412e-9fe3-794d1536965b	11	198510	4949137	2422	0.0785
2f81b42b-294a-412e-9fe3-794d1536965b	11	4950775	4952799	18	-1.6901
2f81b42b-294a-412e-9fe3-794d1536965b	11	4953934	4955042	5	-0.4866
2f81b42b-294a-412e-9fe3-794d1536965b	11	4955781	5499342	536	0.081
2f81b42b-294a-412e-9fe3-794d1536965b	11	5499745	5501298	6	-0.5066
2f81b42b-294a-412e-9fe3-794d1536965b	11	5501334	5766862	243	0.0727
2f81b42b-294a-412e-9fe3-794d1536965b	11	5768371	5787909	30	-0.6835
2f81b42b-294a-412e-9fe3-794d1536965b	11	5788108	25123333	14332	0.0739
2f81b42b-294a-412e-9fe3-794d1536965b	11	25123461	25269821	126	0.2766
2f81b42b-294a-412e-9fe3-794d1536965b	11	25269841	32816742	5071	0.048
2f81b42b-294a-412e-9fe3-794d1536965b	11	32817910	35679449	2263	0.0979
2f81b42b-294a-412e-9fe3-794d1536965b	11	35679688	36946148	964	0.0559
2f81b42b-294a-412e-9fe3-794d1536965b	11	36947454	37644100	468	0.1931
2f81b42b-294a-412e-9fe3-794d1536965b	11	37645912	44073071	4307	0.0538
2f81b42b-294a-412e-9fe3-794d1536965b	11	44073121	55595864	3672	0.109
2f81b42b-294a-412e-9fe3-794d1536965b	11	55606556	55674842	48	-0.3944
2f81b42b-294a-412e-9fe3-794d1536965b	11	55676735	56246322	408	0.1615
2f81b42b-294a-412e-9fe3-794d1536965b	11	56247303	58904600	1587	0.063
2f81b42b-294a-412e-9fe3-794d1536965b	11	58904965	76840362	9011	0.1196
2f81b42b-294a-412e-9fe3-794d1536965b	11	76840998	92097323	10302	0.0699
2f81b42b-294a-412e-9fe3-794d1536965b	11	92097492	92097877	2	2.7684
2f81b42b-294a-412e-9fe3-794d1536965b	11	92099538	117635911	18014	0.0723
2f81b42b-294a-412e-9fe3-794d1536965b	11	117640509	119969733	1569	0.1426
2f81b42b-294a-412e-9fe3-794d1536965b	11	119970481	120365624	297	0.0364
2f81b42b-294a-412e-9fe3-794d1536965b	11	120368253	130752115	7641	0.0868
2f81b42b-294a-412e-9fe3-794d1536965b	11	130752265	135074876	3459	0.0467
2f81b42b-294a-412e-9fe3-794d1536965b	12	51460	2126723	1261	0.1068
2f81b42b-294a-412e-9fe3-794d1536965b	12	2136696	2148754	41	-0.5698
2f81b42b-294a-412e-9fe3-794d1536965b	12	2148857	8336125	4266	0.0927
2f81b42b-294a-412e-9fe3-794d1536965b	12	8340826	8341033	2	-1.8305
2f81b42b-294a-412e-9fe3-794d1536965b	12	8342360	9481274	601	0.0728
2f81b42b-294a-412e-9fe3-794d1536965b	12	9485313	9582374	25	-1.403
2f81b42b-294a-412e-9fe3-794d1536965b	12	9583090	12851477	2376	0.1265
2f81b42b-294a-412e-9fe3-794d1536965b	12	12856488	27071931	9747	0.0714
2f81b42b-294a-412e-9fe3-794d1536965b	12	27074791	27495047	283	0.1173
2f81b42b-294a-412e-9fe3-794d1536965b	12	27495118	27498429	24	-0.6998
2f81b42b-294a-412e-9fe3-794d1536965b	12	27504228	33148472	4150	0.0775
2f81b42b-294a-412e-9fe3-794d1536965b	12	33148492	38733128	1329	0.1602
2f81b42b-294a-412e-9fe3-794d1536965b	12	38733730	43039135	2831	0.067
2f81b42b-294a-412e-9fe3-794d1536965b	12	43046384	43168748	67	0.3392
2f81b42b-294a-412e-9fe3-794d1536965b	12	43169324	45386299	1298	0.0676
2f81b42b-294a-412e-9fe3-794d1536965b	12	45386561	45506042	87	0.1209
2f81b42b-294a-412e-9fe3-794d1536965b	12	45510655	45519509	5	1.0632
2f81b42b-294a-412e-9fe3-794d1536965b	12	45521808	57641923	6785	0.1257
2f81b42b-294a-412e-9fe3-794d1536965b	12	57642525	64274440	4209	0.0552
2f81b42b-294a-412e-9fe3-794d1536965b	12	64279021	72978336	5784	0.0974
2f81b42b-294a-412e-9fe3-794d1536965b	12	72980470	86954735	8621	0.0679
2f81b42b-294a-412e-9fe3-794d1536965b	12	86954782	87010210	28	0.4754
2f81b42b-294a-412e-9fe3-794d1536965b	12	87011146	88750015	1010	0.0488
2f81b42b-294a-412e-9fe3-794d1536965b	12	88753024	99402929	7272	0.0938
2f81b42b-294a-412e-9fe3-794d1536965b	12	99403124	99404279	5	1.0476
2f81b42b-294a-412e-9fe3-794d1536965b	12	99404284	113582684	9015	0.0952
2f81b42b-294a-412e-9fe3-794d1536965b	12	113582908	120472757	5131	0.0687
2f81b42b-294a-412e-9fe3-794d1536965b	12	120473983	123530562	1342	0.1664
2f81b42b-294a-412e-9fe3-794d1536965b	12	123538534	131483213	6508	0.0621
2f81b42b-294a-412e-9fe3-794d1536965b	12	131484778	131486824	7	-0.7196
2f81b42b-294a-412e-9fe3-794d1536965b	12	131486959	131532954	45	0.1353
2f81b42b-294a-412e-9fe3-794d1536965b	12	131537662	131537679	2	-1.5801
2f81b42b-294a-412e-9fe3-794d1536965b	12	131537855	131648039	99	0.0136
2f81b42b-294a-412e-9fe3-794d1536965b	12	131648066	131648790	12	-1.8178
2f81b42b-294a-412e-9fe3-794d1536965b	12	131657925	133201603	559	0.0944
2f81b42b-294a-412e-9fe3-794d1536965b	13	18452809	29507090	7723	0.073
2f81b42b-294a-412e-9fe3-794d1536965b	13	29507247	31964286	1860	0.1148
2f81b42b-294a-412e-9fe3-794d1536965b	13	31965910	37496998	3899	0.054
2f81b42b-294a-412e-9fe3-794d1536965b	13	37497899	37510620	16	-0.5293
2f81b42b-294a-412e-9fe3-794d1536965b	13	37514193	39306105	1358	0.0373
2f81b42b-294a-412e-9fe3-794d1536965b	13	39306294	52712849	8606	0.1027
2f81b42b-294a-412e-9fe3-794d1536965b	13	52712888	57184181	2563	0.0708
2f81b42b-294a-412e-9fe3-794d1536965b	13	57184255	57479530	193	0.2492
2f81b42b-294a-412e-9fe3-794d1536965b	13	57483107	63534155	3568	0.0512
2f81b42b-294a-412e-9fe3-794d1536965b	13	63535303	64346250	470	0.1948
2f81b42b-294a-412e-9fe3-794d1536965b	13	64347714	114342922	33864	0.0694
2f81b42b-294a-412e-9fe3-794d1536965b	14	18239283	19134873	34	0.1139
2f81b42b-294a-412e-9fe3-794d1536965b	14	19138115	19944641	123	-0.2652
2f81b42b-294a-412e-9fe3-794d1536965b	14	19945512	21937218	1381	0.1152
2f81b42b-294a-412e-9fe3-794d1536965b	14	21940575	22501272	473	0.2327
2f81b42b-294a-412e-9fe3-794d1536965b	14	22501343	24469786	1133	0.1149
2f81b42b-294a-412e-9fe3-794d1536965b	14	24470089	27604105	2144	0.0502
2f81b42b-294a-412e-9fe3-794d1536965b	14	27607662	27750581	77	0.27
2f81b42b-294a-412e-9fe3-794d1536965b	14	27754473	40139724	7673	0.0576
2f81b42b-294a-412e-9fe3-794d1536965b	14	40144718	40147715	2	-2.5217
2f81b42b-294a-412e-9fe3-794d1536965b	14	40148961	41010888	602	0.091
2f81b42b-294a-412e-9fe3-794d1536965b	14	41016151	41016228	2	1.6606
2f81b42b-294a-412e-9fe3-794d1536965b	14	41016235	41139155	117	0.0855
2f81b42b-294a-412e-9fe3-794d1536965b	14	41141293	41188146	15	-0.4925
2f81b42b-294a-412e-9fe3-794d1536965b	14	41200899	67714369	16606	0.0799
2f81b42b-294a-412e-9fe3-794d1536965b	14	67714516	73529070	3849	0.113
2f81b42b-294a-412e-9fe3-794d1536965b	14	73534419	73563196	10	-1.9978
2f81b42b-294a-412e-9fe3-794d1536965b	14	73563211	77547947	2478	0.1193
2f81b42b-294a-412e-9fe3-794d1536965b	14	77548503	87936477	7035	0.062
2f81b42b-294a-412e-9fe3-794d1536965b	14	87936730	106284182	11337	0.1032
2f81b42b-294a-412e-9fe3-794d1536965b	14	106290131	106454986	88	0.4674
2f81b42b-294a-412e-9fe3-794d1536965b	14	106455391	106877229	215	0.1357
2f81b42b-294a-412e-9fe3-794d1536965b	15	19811075	24186080	1097	0.0463
2f81b42b-294a-412e-9fe3-794d1536965b	15	24188295	24563489	172	0.2514
2f81b42b-294a-412e-9fe3-794d1536965b	15	24564703	30201158	3566	0.0589
2f81b42b-294a-412e-9fe3-794d1536965b	15	30215220	30269364	9	-0.6702
2f81b42b-294a-412e-9fe3-794d1536965b	15	30281107	32151263	1064	0.1051
2f81b42b-294a-412e-9fe3-794d1536965b	15	32151854	32212063	3	1.8403
2f81b42b-294a-412e-9fe3-794d1536965b	15	32217691	32520328	28	0.2161
2f81b42b-294a-412e-9fe3-794d1536965b	15	32565281	32584783	4	1.5807
2f81b42b-294a-412e-9fe3-794d1536965b	15	32610782	39345725	5008	0.0701
2f81b42b-294a-412e-9fe3-794d1536965b	15	39346194	44788775	2697	0.1223
2f81b42b-294a-412e-9fe3-794d1536965b	15	44789541	44931456	62	0.0373
2f81b42b-294a-412e-9fe3-794d1536965b	15	44933059	44942249	6	-0.7501
2f81b42b-294a-412e-9fe3-794d1536965b	15	44942884	47221056	1374	0.0458
2f81b42b-294a-412e-9fe3-794d1536965b	15	47226610	47226922	4	-1.0095
2f81b42b-294a-412e-9fe3-794d1536965b	15	47227348	57582893	6706	0.0814
2f81b42b-294a-412e-9fe3-794d1536965b	15	57584472	63003922	4280	0.097
2f81b42b-294a-412e-9fe3-794d1536965b	15	63004166	70520059	4594	0.138
2f81b42b-294a-412e-9fe3-794d1536965b	15	70521413	94557035	15399	0.0982
2f81b42b-294a-412e-9fe3-794d1536965b	15	94557299	97265179	2027	0.0472
2f81b42b-294a-412e-9fe3-794d1536965b	15	97274562	97288957	11	-0.597
2f81b42b-294a-412e-9fe3-794d1536965b	15	97290419	100064429	2004	0.0711
2f81b42b-294a-412e-9fe3-794d1536965b	15	100064611	100066228	2	1.6897
2f81b42b-294a-412e-9fe3-794d1536965b	15	100074171	101738615	1345	0.0625
2f81b42b-294a-412e-9fe3-794d1536965b	15	101748403	101766660	7	1.4676
2f81b42b-294a-412e-9fe3-794d1536965b	15	101771055	101794654	11	0.187
2f81b42b-294a-412e-9fe3-794d1536965b	15	101797127	101827025	24	1.8606
2f81b42b-294a-412e-9fe3-794d1536965b	15	101829176	101928837	32	0.1765
2f81b42b-294a-412e-9fe3-794d1536965b	16	10777	920543	352	0.5173
2f81b42b-294a-412e-9fe3-794d1536965b	16	920814	4844415	1675	0.6432
2f81b42b-294a-412e-9fe3-794d1536965b	16	4845037	14885112	9087	0.5759
2f81b42b-294a-412e-9fe3-794d1536965b	16	14887120	15036113	60	0.0412
2f81b42b-294a-412e-9fe3-794d1536965b	16	15040518	21735181	3340	0.5898
2f81b42b-294a-412e-9fe3-794d1536965b	16	21735632	21776197	7	-0.5853
2f81b42b-294a-412e-9fe3-794d1536965b	16	21806139	23451984	831	0.5685
2f81b42b-294a-412e-9fe3-794d1536965b	16	23461232	31564788	4424	0.6094
2f81b42b-294a-412e-9fe3-794d1536965b	16	31565028	56557809	7666	0.5761
2f81b42b-294a-412e-9fe3-794d1536965b	16	56559072	57906986	798	0.6439
2f81b42b-294a-412e-9fe3-794d1536965b	16	57907439	58808347	531	0.5545
2f81b42b-294a-412e-9fe3-794d1536965b	16	58809060	58809200	2	-0.9011
2f81b42b-294a-412e-9fe3-794d1536965b	16	58812947	66481059	5314	0.5589
2f81b42b-294a-412e-9fe3-794d1536965b	16	66484789	70028659	1601	0.6344
2f81b42b-294a-412e-9fe3-794d1536965b	16	70030862	75986120	3272	0.5701
2f81b42b-294a-412e-9fe3-794d1536965b	16	75986802	75987083	6	-0.2874
2f81b42b-294a-412e-9fe3-794d1536965b	16	75987170	78337711	2272	0.5617
2f81b42b-294a-412e-9fe3-794d1536965b	16	78338543	78350868	16	-2.1456
2f81b42b-294a-412e-9fe3-794d1536965b	16	78351104	82657959	4711	0.5846
2f81b42b-294a-412e-9fe3-794d1536965b	16	82658630	84640670	2210	0.5447
2f81b42b-294a-412e-9fe3-794d1536965b	16	84640682	88670764	3081	0.6034
2f81b42b-294a-412e-9fe3-794d1536965b	16	88670922	89022777	89	0.3692
2f81b42b-294a-412e-9fe3-794d1536965b	16	89023244	89234014	97	0.5191
2f81b42b-294a-412e-9fe3-794d1536965b	16	89237903	89479197	137	0.6981
2f81b42b-294a-412e-9fe3-794d1536965b	16	89481721	90096867	291	0.4986
2f81b42b-294a-412e-9fe3-794d1536965b	17	150733	9286311	5153	0.1172
2f81b42b-294a-412e-9fe3-794d1536965b	17	9290030	14429342	3900	0.0579
2f81b42b-294a-412e-9fe3-794d1536965b	17	14429669	16834846	1424	0.1169
2f81b42b-294a-412e-9fe3-794d1536965b	17	16838201	16838214	2	-1.625
2f81b42b-294a-412e-9fe3-794d1536965b	17	16838470	17715576	529	0.1224
2f81b42b-294a-412e-9fe3-794d1536965b	17	17716261	17730618	11	-0.2699
2f81b42b-294a-412e-9fe3-794d1536965b	17	17734636	18452078	367	0.124
2f81b42b-294a-412e-9fe3-794d1536965b	17	18455632	18550123	24	-1.4736
2f81b42b-294a-412e-9fe3-794d1536965b	17	18561272	32082330	3840	0.1187
2f81b42b-294a-412e-9fe3-794d1536965b	17	32085782	34608994	2087	0.0628
2f81b42b-294a-412e-9fe3-794d1536965b	17	34609520	36109315	908	0.1438
2f81b42b-294a-412e-9fe3-794d1536965b	17	36109735	36157718	35	0.5037
2f81b42b-294a-412e-9fe3-794d1536965b	17	36200725	41265456	2523	0.1298
2f81b42b-294a-412e-9fe3-794d1536965b	17	41266762	41274279	24	2.1878
2f81b42b-294a-412e-9fe3-794d1536965b	17	41276472	46351954	2626	0.133
2f81b42b-294a-412e-9fe3-794d1536965b	17	46446345	46446360	2	-1.6791
2f81b42b-294a-412e-9fe3-794d1536965b	17	46569894	51409904	2456	0.1446
2f81b42b-294a-412e-9fe3-794d1536965b	17	51412622	52964547	1170	0.0491
2f81b42b-294a-412e-9fe3-794d1536965b	17	52964581	53217344	161	0.2269
2f81b42b-294a-412e-9fe3-794d1536965b	17	53217601	55499349	1516	0.0486
2f81b42b-294a-412e-9fe3-794d1536965b	17	55499428	59033715	2488	0.1146
2f81b42b-294a-412e-9fe3-794d1536965b	17	59034756	59049097	2	1.8268
2f81b42b-294a-412e-9fe3-794d1536965b	17	59049947	68777010	5186	0.1124
2f81b42b-294a-412e-9fe3-794d1536965b	17	68777820	74622106	4343	0.057
2f81b42b-294a-412e-9fe3-794d1536965b	17	74623086	78575478	2088	0.1522
2f81b42b-294a-412e-9fe3-794d1536965b	17	78575497	78647879	66	-0.1349
2f81b42b-294a-412e-9fe3-794d1536965b	17	78648485	83091923	2090	0.1137
2f81b42b-294a-412e-9fe3-794d1536965b	18	48133	3464045	2422	0.1158
2f81b42b-294a-412e-9fe3-794d1536965b	18	3466306	8809708	4016	0.062
2f81b42b-294a-412e-9fe3-794d1536965b	18	8811973	14058311	3578	0.1022
2f81b42b-294a-412e-9fe3-794d1536965b	18	14060447	21109102	450	0.1966
2f81b42b-294a-412e-9fe3-794d1536965b	18	21109786	65536507	29455	0.0668
2f81b42b-294a-412e-9fe3-794d1536965b	18	65536523	65540037	12	0.9781
2f81b42b-294a-412e-9fe3-794d1536965b	18	65540145	71409146	4221	0.0911
2f81b42b-294a-412e-9fe3-794d1536965b	18	71412016	73587678	1717	0.1488
2f81b42b-294a-412e-9fe3-794d1536965b	18	73591637	80257174	4856	0.0626
2f81b42b-294a-412e-9fe3-794d1536965b	19	90910	20959836	9221	0.1337
2f81b42b-294a-412e-9fe3-794d1536965b	19	20962588	24190281	1880	0.0705
2f81b42b-294a-412e-9fe3-794d1536965b	19	24190841	27663417	116	0.2662
2f81b42b-294a-412e-9fe3-794d1536965b	19	27667215	32483780	3617	0.0624
2f81b42b-294a-412e-9fe3-794d1536965b	19	32493489	49899356	8958	0.1329
2f81b42b-294a-412e-9fe3-794d1536965b	19	49905908	49913000	3	-1.8012
2f81b42b-294a-412e-9fe3-794d1536965b	19	49914233	54740939	2992	0.1143
2f81b42b-294a-412e-9fe3-794d1536965b	19	54772391	54815158	19	0.8211
2f81b42b-294a-412e-9fe3-794d1536965b	19	54819199	54908679	42	-0.1262
2f81b42b-294a-412e-9fe3-794d1536965b	19	54909203	58428181	2199	0.1151
2f81b42b-294a-412e-9fe3-794d1536965b	19	58428476	58586487	58	-0.1074
2f81b42b-294a-412e-9fe3-794d1536965b	20	80664	80907	8	-0.1606
2f81b42b-294a-412e-9fe3-794d1536965b	20	80941	1580353	1196	0.6238
2f81b42b-294a-412e-9fe3-794d1536965b	20	1580934	1613247	41	-0.2876
2f81b42b-294a-412e-9fe3-794d1536965b	20	1617300	5652759	2924	0.6225
2f81b42b-294a-412e-9fe3-794d1536965b	20	5652772	8466926	2186	0.5676
2f81b42b-294a-412e-9fe3-794d1536965b	20	8468404	8544630	52	0.8087
2f81b42b-294a-412e-9fe3-794d1536965b	20	8544807	14727254	4697	0.55
2f81b42b-294a-412e-9fe3-794d1536965b	20	14737223	14842673	107	0.7876
2f81b42b-294a-412e-9fe3-794d1536965b	20	14842788	25430398	8469	0.5715
2f81b42b-294a-412e-9fe3-794d1536965b	20	25430450	25433137	2	2.2189
2f81b42b-294a-412e-9fe3-794d1536965b	20	25433783	26324855	333	0.5376
2f81b42b-294a-412e-9fe3-794d1536965b	20	26324943	30259177	16	-0.4226
2f81b42b-294a-412e-9fe3-794d1536965b	20	30271154	30377631	24	0.3974
2f81b42b-294a-412e-9fe3-794d1536965b	20	30381395	33715801	1270	0.6244
2f81b42b-294a-412e-9fe3-794d1536965b	20	33716405	33716496	2	2.1414
2f81b42b-294a-412e-9fe3-794d1536965b	20	33718569	37068156	1523	0.6322
2f81b42b-294a-412e-9fe3-794d1536965b	20	37068159	37103095	96	0.3969
2f81b42b-294a-412e-9fe3-794d1536965b	20	37112086	39359399	1404	0.6203
2f81b42b-294a-412e-9fe3-794d1536965b	20	39359811	43733185	3312	0.5617
2f81b42b-294a-412e-9fe3-794d1536965b	20	43733266	45713700	1310	0.6361
2f81b42b-294a-412e-9fe3-794d1536965b	20	45719923	45746167	22	0.0234
2f81b42b-294a-412e-9fe3-794d1536965b	20	45747708	45753445	8	0.3394
2f81b42b-294a-412e-9fe3-794d1536965b	20	45754535	54051587	5930	0.6108
2f81b42b-294a-412e-9fe3-794d1536965b	20	54053851	57009990	2452	0.5611
2f81b42b-294a-412e-9fe3-794d1536965b	20	57011758	57012392	2	-1.1008
2f81b42b-294a-412e-9fe3-794d1536965b	20	57019630	60535987	2801	0.6127
2f81b42b-294a-412e-9fe3-794d1536965b	20	60538651	60547635	7	-0.8844
2f81b42b-294a-412e-9fe3-794d1536965b	20	60553323	64324800	2186	0.5763
2f81b42b-294a-412e-9fe3-794d1536965b	21	10354168	22171281	6236	0.0616
2f81b42b-294a-412e-9fe3-794d1536965b	21	22171765	23271314	826	0.1477
2f81b42b-294a-412e-9fe3-794d1536965b	21	23271478	32707418	6975	0.0564
2f81b42b-294a-412e-9fe3-794d1536965b	21	32708334	35881801	2224	0.1198
2f81b42b-294a-412e-9fe3-794d1536965b	21	35882016	41918291	4981	0.0619
2f81b42b-294a-412e-9fe3-794d1536965b	21	41920596	45237653	1801	0.1272
2f81b42b-294a-412e-9fe3-794d1536965b	21	45242946	46677045	825	0.0405
2f81b42b-294a-412e-9fe3-794d1536965b	22	15294547	15771752	30	-0.2752
2f81b42b-294a-412e-9fe3-794d1536965b	22	15772152	19490699	1450	-0.8245
2f81b42b-294a-412e-9fe3-794d1536965b	22	19491581	20729661	782	-1.0016
2f81b42b-294a-412e-9fe3-794d1536965b	22	20732473	22078182	795	-0.7837
2f81b42b-294a-412e-9fe3-794d1536965b	22	22080743	22150900	136	-0.517
2f81b42b-294a-412e-9fe3-794d1536965b	22	22150915	27987066	4646	-0.8336
2f81b42b-294a-412e-9fe3-794d1536965b	22	27988273	31864416	2152	-0.7462
2f81b42b-294a-412e-9fe3-794d1536965b	22	31867145	38192152	4761	-0.8355
2f81b42b-294a-412e-9fe3-794d1536965b	22	38192503	42639787	2382	-0.7273
2f81b42b-294a-412e-9fe3-794d1536965b	22	42642787	44972239	1736	-0.8479
2f81b42b-294a-412e-9fe3-794d1536965b	22	44972460	44972651	2	-3.6313
2f81b42b-294a-412e-9fe3-794d1536965b	22	44978106	46352604	877	-0.8114
2f81b42b-294a-412e-9fe3-794d1536965b	22	46353049	48361764	1723	-0.8963
2f81b42b-294a-412e-9fe3-794d1536965b	22	48363117	48363416	2	-3.813
2f81b42b-294a-412e-9fe3-794d1536965b	22	48363584	49256216	812	-0.9394
2f81b42b-294a-412e-9fe3-794d1536965b	22	49257566	49258533	2	-4.6797
2f81b42b-294a-412e-9fe3-794d1536965b	22	49258594	50796027	847	-0.9671
2f81b42b-294a-412e-9fe3-794d1536965b	X	251810	2793920	104	0.0931
2f81b42b-294a-412e-9fe3-794d1536965b	X	2794242	2794620	2	-3.5621
2f81b42b-294a-412e-9fe3-794d1536965b	X	2794874	4051232	728	-0.074
2f81b42b-294a-412e-9fe3-794d1536965b	X	4051577	4055702	11	-0.9594
2f81b42b-294a-412e-9fe3-794d1536965b	X	4057015	33141412	19724	-0.0141
2f81b42b-294a-412e-9fe3-794d1536965b	X	33144338	38437904	3097	0.0193
2f81b42b-294a-412e-9fe3-794d1536965b	X	38438304	38438756	3	-1.6916
2f81b42b-294a-412e-9fe3-794d1536965b	X	38438789	39212625	571	-0.0061
2f81b42b-294a-412e-9fe3-794d1536965b	X	39219237	39219774	2	-2.3152
2f81b42b-294a-412e-9fe3-794d1536965b	X	39219999	99965530	27346	0.0274
2f81b42b-294a-412e-9fe3-794d1536965b	X	99966051	99966201	2	-2.5725
2f81b42b-294a-412e-9fe3-794d1536965b	X	99971340	133208964	18351	0.0077
2f81b42b-294a-412e-9fe3-794d1536965b	X	133209305	147102794	8511	-0.0122
2f81b42b-294a-412e-9fe3-794d1536965b	X	147102826	147106160	12	0.7714
2f81b42b-294a-412e-9fe3-794d1536965b	X	147106397	147277033	130	0.0519
2f81b42b-294a-412e-9fe3-794d1536965b	X	147279480	147280769	3	-2.2928
2f81b42b-294a-412e-9fe3-794d1536965b	X	147280837	149803246	1640	-0.0185
2f81b42b-294a-412e-9fe3-794d1536965b	X	149803608	149803667	2	-2.4041
2f81b42b-294a-412e-9fe3-794d1536965b	X	149803741	155952689	3185	-0.0172
2f81b42b-294a-412e-9fe3-794d1536965b	Y	2782397	3106791	146	-2.606
2f81b42b-294a-412e-9fe3-794d1536965b	Y	3106917	6071948	572	-2.2796
2f81b42b-294a-412e-9fe3-794d1536965b	Y	6075631	17058562	4304	-2.6667
2f81b42b-294a-412e-9fe3-794d1536965b	Y	17067455	17067660	3	-7.6487
2f81b42b-294a-412e-9fe3-794d1536965b	Y	17070391	56872112	1613	-2.653
