GDC_Aliquot	Chromosome	Start	End	Num_Probes	Segment_Mean
5f22710d-57c6-4b24-8d92-4904818cc554	1	62920	787937	25	0.3411
5f22710d-57c6-4b24-8d92-4904818cc554	1	793228	3368666	753	-0.3959
5f22710d-57c6-4b24-8d92-4904818cc554	1	3369064	35506101	18554	-0.2362
5f22710d-57c6-4b24-8d92-4904818cc554	1	35508868	37697264	1214	0.0755
5f22710d-57c6-4b24-8d92-4904818cc554	1	37697667	37697715	2	-2.5078
5f22710d-57c6-4b24-8d92-4904818cc554	1	37698520	72297687	22064	0.1004
5f22710d-57c6-4b24-8d92-4904818cc554	1	72302735	72345465	48	-1.308
5f22710d-57c6-4b24-8d92-4904818cc554	1	72346221	74021651	1025	0.111
5f22710d-57c6-4b24-8d92-4904818cc554	1	74035623	74039254	2	1.7691
5f22710d-57c6-4b24-8d92-4904818cc554	1	74040920	76661137	1724	0.1098
5f22710d-57c6-4b24-8d92-4904818cc554	1	76662744	76662933	2	-1.7642
5f22710d-57c6-4b24-8d92-4904818cc554	1	76664545	105470754	18121	0.1071
5f22710d-57c6-4b24-8d92-4904818cc554	1	105476583	105479753	17	-1.3845
5f22710d-57c6-4b24-8d92-4904818cc554	1	105481433	109690352	2619	0.1235
5f22710d-57c6-4b24-8d92-4904818cc554	1	109690431	109702376	12	1.1744
5f22710d-57c6-4b24-8d92-4904818cc554	1	109703504	110789384	802	0.0911
5f22710d-57c6-4b24-8d92-4904818cc554	1	110789487	110852488	79	0.3241
5f22710d-57c6-4b24-8d92-4904818cc554	1	110852766	111178705	202	0.0992
5f22710d-57c6-4b24-8d92-4904818cc554	1	111184275	111291446	137	0.3712
5f22710d-57c6-4b24-8d92-4904818cc554	1	111291450	112147704	723	0.107
5f22710d-57c6-4b24-8d92-4904818cc554	1	112153343	112154619	23	-0.3318
5f22710d-57c6-4b24-8d92-4904818cc554	1	112154754	143734438	5245	0.1012
5f22710d-57c6-4b24-8d92-4904818cc554	1	143748012	143754062	16	0.7717
5f22710d-57c6-4b24-8d92-4904818cc554	1	143754077	152789447	2521	0.0759
5f22710d-57c6-4b24-8d92-4904818cc554	1	152789463	152801429	37	0.6535
5f22710d-57c6-4b24-8d92-4904818cc554	1	152804279	174827267	14756	0.0938
5f22710d-57c6-4b24-8d92-4904818cc554	1	174827418	174832702	16	-0.809
5f22710d-57c6-4b24-8d92-4904818cc554	1	174832716	196745743	14589	0.1165
5f22710d-57c6-4b24-8d92-4904818cc554	1	196758720	196832525	57	-0.649
5f22710d-57c6-4b24-8d92-4904818cc554	1	196832720	225825654	19514	0.1038
5f22710d-57c6-4b24-8d92-4904818cc554	1	225825687	225884298	38	-0.3215
5f22710d-57c6-4b24-8d92-4904818cc554	1	225886459	248930189	16145	0.1017
5f22710d-57c6-4b24-8d92-4904818cc554	2	12784	1920894	1244	0.0292
5f22710d-57c6-4b24-8d92-4904818cc554	2	1921174	2518817	409	0.1401
5f22710d-57c6-4b24-8d92-4904818cc554	2	2520805	34466002	22365	0.099
5f22710d-57c6-4b24-8d92-4904818cc554	2	34474248	34485758	11	0.8165
5f22710d-57c6-4b24-8d92-4904818cc554	2	34485794	50003973	11171	0.1015
5f22710d-57c6-4b24-8d92-4904818cc554	2	50004303	52527590	1833	0.1556
5f22710d-57c6-4b24-8d92-4904818cc554	2	52527727	52554404	35	-0.3355
5f22710d-57c6-4b24-8d92-4904818cc554	2	52560811	85167981	20932	0.1001
5f22710d-57c6-4b24-8d92-4904818cc554	2	85171752	85778110	346	0.0387
5f22710d-57c6-4b24-8d92-4904818cc554	2	85778609	86070238	195	0.313
5f22710d-57c6-4b24-8d92-4904818cc554	2	86070824	86710564	376	0.0797
5f22710d-57c6-4b24-8d92-4904818cc554	2	86725947	86726731	2	-1.8633
5f22710d-57c6-4b24-8d92-4904818cc554	2	86743283	87207015	102	0.1274
5f22710d-57c6-4b24-8d92-4904818cc554	2	87207066	87218834	6	-1.0879
5f22710d-57c6-4b24-8d92-4904818cc554	2	87221597	97359885	1818	0.0698
5f22710d-57c6-4b24-8d92-4904818cc554	2	97524284	97545726	9	1.4022
5f22710d-57c6-4b24-8d92-4904818cc554	2	97550415	106263639	5562	0.1029
5f22710d-57c6-4b24-8d92-4904818cc554	2	106264257	106270799	12	0.7184
5f22710d-57c6-4b24-8d92-4904818cc554	2	106270952	107824280	988	0.1234
5f22710d-57c6-4b24-8d92-4904818cc554	2	107830513	107864451	2	2.3077
5f22710d-57c6-4b24-8d92-4904818cc554	2	107875632	146104517	22753	0.1077
5f22710d-57c6-4b24-8d92-4904818cc554	2	146106836	146109366	24	-1.6736
5f22710d-57c6-4b24-8d92-4904818cc554	2	146120238	205944833	35895	0.1087
5f22710d-57c6-4b24-8d92-4904818cc554	2	205945091	205950105	4	-1.7745
5f22710d-57c6-4b24-8d92-4904818cc554	2	205952433	232371246	16749	0.1103
5f22710d-57c6-4b24-8d92-4904818cc554	2	232371275	232454022	66	-0.2368
5f22710d-57c6-4b24-8d92-4904818cc554	2	232455267	241585172	5967	0.0906
5f22710d-57c6-4b24-8d92-4904818cc554	2	241592107	241600249	2	-5.6001
5f22710d-57c6-4b24-8d92-4904818cc554	2	241618370	242147305	160	0.047
5f22710d-57c6-4b24-8d92-4904818cc554	3	20930	8512948	7465	-0.1762
5f22710d-57c6-4b24-8d92-4904818cc554	3	8513024	17741414	6314	-0.2243
5f22710d-57c6-4b24-8d92-4904818cc554	3	17741892	28891734	7685	-0.1819
5f22710d-57c6-4b24-8d92-4904818cc554	3	28892292	28893256	2	-2.2814
5f22710d-57c6-4b24-8d92-4904818cc554	3	28893659	41571856	8515	-0.1911
5f22710d-57c6-4b24-8d92-4904818cc554	3	41574276	41593718	13	-1.6525
5f22710d-57c6-4b24-8d92-4904818cc554	3	41595897	68697013	17604	-0.2018
5f22710d-57c6-4b24-8d92-4904818cc554	3	68697108	68698213	13	-1.5235
5f22710d-57c6-4b24-8d92-4904818cc554	3	68698262	73577696	3668	-0.2002
5f22710d-57c6-4b24-8d92-4904818cc554	3	73580397	73580817	2	-2.027
5f22710d-57c6-4b24-8d92-4904818cc554	3	73584176	75327311	1167	-0.183
5f22710d-57c6-4b24-8d92-4904818cc554	3	75329114	75331295	3	-1.8958
5f22710d-57c6-4b24-8d92-4904818cc554	3	75332618	84053071	4735	-0.1911
5f22710d-57c6-4b24-8d92-4904818cc554	3	84056282	84057015	2	-3.1602
5f22710d-57c6-4b24-8d92-4904818cc554	3	84061816	89956222	3308	-0.1699
5f22710d-57c6-4b24-8d92-4904818cc554	3	89965942	95737262	1119	0.1122
5f22710d-57c6-4b24-8d92-4904818cc554	3	95748036	95749266	2	-2.6989
5f22710d-57c6-4b24-8d92-4904818cc554	3	95749836	99225614	1840	0.1206
5f22710d-57c6-4b24-8d92-4904818cc554	3	99225632	99230457	34	0.589
5f22710d-57c6-4b24-8d92-4904818cc554	3	99230464	130044016	18651	0.1095
5f22710d-57c6-4b24-8d92-4904818cc554	3	130044855	130087393	38	-0.5533
5f22710d-57c6-4b24-8d92-4904818cc554	3	130088081	162490631	20006	0.1148
5f22710d-57c6-4b24-8d92-4904818cc554	3	162498841	162518746	32	-0.5524
5f22710d-57c6-4b24-8d92-4904818cc554	3	162519097	162790480	168	0.1272
5f22710d-57c6-4b24-8d92-4904818cc554	3	162794869	162795361	4	-1.0327
5f22710d-57c6-4b24-8d92-4904818cc554	3	162795671	162807070	8	-2.9212
5f22710d-57c6-4b24-8d92-4904818cc554	3	162810842	162908207	58	-1.3694
5f22710d-57c6-4b24-8d92-4904818cc554	3	162908784	193155915	19089	0.1163
5f22710d-57c6-4b24-8d92-4904818cc554	3	193156018	193165114	22	-0.8291
5f22710d-57c6-4b24-8d92-4904818cc554	3	193168646	198169114	2680	0.09
5f22710d-57c6-4b24-8d92-4904818cc554	3	198169131	198169247	3	-0.6234
5f22710d-57c6-4b24-8d92-4904818cc554	4	68929	721147	246	0.2918
5f22710d-57c6-4b24-8d92-4904818cc554	4	729225	3461725	1141	0.0713
5f22710d-57c6-4b24-8d92-4904818cc554	4	3462155	3502209	13	-0.6831
5f22710d-57c6-4b24-8d92-4904818cc554	4	3503396	9393602	3699	0.091
5f22710d-57c6-4b24-8d92-4904818cc554	4	9393691	9494650	47	-0.2341
5f22710d-57c6-4b24-8d92-4904818cc554	4	9496201	9496271	2	-2.4677
5f22710d-57c6-4b24-8d92-4904818cc554	4	9499750	10208570	532	-0.2006
5f22710d-57c6-4b24-8d92-4904818cc554	4	10208670	10236812	40	-0.8022
5f22710d-57c6-4b24-8d92-4904818cc554	4	10237337	34777353	16894	-0.1933
5f22710d-57c6-4b24-8d92-4904818cc554	4	34777382	34823103	42	0.3128
5f22710d-57c6-4b24-8d92-4904818cc554	4	34828250	56470143	12012	-0.1934
5f22710d-57c6-4b24-8d92-4904818cc554	4	56472225	67665885	6896	0.1323
5f22710d-57c6-4b24-8d92-4904818cc554	4	67667126	68418873	450	-0.1992
5f22710d-57c6-4b24-8d92-4904818cc554	4	68422420	68422424	3	-1.5442
5f22710d-57c6-4b24-8d92-4904818cc554	4	68429081	68509237	14	-0.0717
5f22710d-57c6-4b24-8d92-4904818cc554	4	68509442	68620261	62	-1.5833
5f22710d-57c6-4b24-8d92-4904818cc554	4	68623617	93779004	15271	-0.1845
5f22710d-57c6-4b24-8d92-4904818cc554	4	93779425	93780850	3	-2.6864
5f22710d-57c6-4b24-8d92-4904818cc554	4	93780913	114252500	12303	-0.188
5f22710d-57c6-4b24-8d92-4904818cc554	4	114252544	114267153	34	0.532
5f22710d-57c6-4b24-8d92-4904818cc554	4	114267345	130120778	9343	-0.1751
5f22710d-57c6-4b24-8d92-4904818cc554	4	130121002	130133076	2	-2.8866
5f22710d-57c6-4b24-8d92-4904818cc554	4	130137041	137021755	3714	-0.1608
5f22710d-57c6-4b24-8d92-4904818cc554	4	137021888	137021901	3	-2.6221
5f22710d-57c6-4b24-8d92-4904818cc554	4	137025215	152069134	9102	-0.1841
5f22710d-57c6-4b24-8d92-4904818cc554	4	152069741	152071589	4	-2.1837
5f22710d-57c6-4b24-8d92-4904818cc554	4	152072978	171448195	12320	-0.1848
5f22710d-57c6-4b24-8d92-4904818cc554	4	171453733	171456625	12	0.6343
5f22710d-57c6-4b24-8d92-4904818cc554	4	171459220	172066706	394	-0.1504
5f22710d-57c6-4b24-8d92-4904818cc554	4	172066777	172074828	14	0.5916
5f22710d-57c6-4b24-8d92-4904818cc554	4	172075742	182768659	7191	-0.1727
5f22710d-57c6-4b24-8d92-4904818cc554	4	182769271	185765366	1972	-0.2463
5f22710d-57c6-4b24-8d92-4904818cc554	4	185768859	190106768	2867	-0.1939
5f22710d-57c6-4b24-8d92-4904818cc554	5	15532	773453	331	0.0262
5f22710d-57c6-4b24-8d92-4904818cc554	5	779766	852451	21	0.7658
5f22710d-57c6-4b24-8d92-4904818cc554	5	863682	1687507	423	-0.0153
5f22710d-57c6-4b24-8d92-4904818cc554	5	1687711	21449167	14886	0.115
5f22710d-57c6-4b24-8d92-4904818cc554	5	21451091	21452329	5	-2.0203
5f22710d-57c6-4b24-8d92-4904818cc554	5	21452387	69779150	27282	0.1182
5f22710d-57c6-4b24-8d92-4904818cc554	5	69779164	69822308	3	-1.4224
5f22710d-57c6-4b24-8d92-4904818cc554	5	69937600	99263986	16416	0.1084
5f22710d-57c6-4b24-8d92-4904818cc554	5	99265557	100514698	709	0.2039
5f22710d-57c6-4b24-8d92-4904818cc554	5	100517224	104515520	2331	0.1343
5f22710d-57c6-4b24-8d92-4904818cc554	5	104524672	104524903	4	-1.6917
5f22710d-57c6-4b24-8d92-4904818cc554	5	104525348	181363319	50088	0.1116
5f22710d-57c6-4b24-8d92-4904818cc554	6	149661	149835	3	-0.6216
5f22710d-57c6-4b24-8d92-4904818cc554	6	150286	258265	100	0.0796
5f22710d-57c6-4b24-8d92-4904818cc554	6	260376	336218	42	0.4438
5f22710d-57c6-4b24-8d92-4904818cc554	6	336809	23742789	18010	0.1016
5f22710d-57c6-4b24-8d92-4904818cc554	6	23744444	23745202	2	-2.519
5f22710d-57c6-4b24-8d92-4904818cc554	6	23747504	29854205	3408	0.0953
5f22710d-57c6-4b24-8d92-4904818cc554	6	29854794	29860690	4	-1.4007
5f22710d-57c6-4b24-8d92-4904818cc554	6	29861139	29882603	42	0.0876
5f22710d-57c6-4b24-8d92-4904818cc554	6	29903859	29931120	11	-5.1717
5f22710d-57c6-4b24-8d92-4904818cc554	6	29931900	29949369	16	-0.7763
5f22710d-57c6-4b24-8d92-4904818cc554	6	29950659	31305253	624	0.043
5f22710d-57c6-4b24-8d92-4904818cc554	6	31305926	31313046	3	-0.9166
5f22710d-57c6-4b24-8d92-4904818cc554	6	31318499	31342147	11	1.3118
5f22710d-57c6-4b24-8d92-4904818cc554	6	31349570	32389356	422	0.0424
5f22710d-57c6-4b24-8d92-4904818cc554	6	32391654	32392711	4	-1.1574
5f22710d-57c6-4b24-8d92-4904818cc554	6	32394044	32533522	88	0.0946
5f22710d-57c6-4b24-8d92-4904818cc554	6	32540699	32562367	7	1.074
5f22710d-57c6-4b24-8d92-4904818cc554	6	32562521	46008061	8479	0.094
5f22710d-57c6-4b24-8d92-4904818cc554	6	46010406	46010499	3	-1.2468
5f22710d-57c6-4b24-8d92-4904818cc554	6	46012820	61925382	8035	0.1126
5f22710d-57c6-4b24-8d92-4904818cc554	6	61925535	62765516	431	0.349
5f22710d-57c6-4b24-8d92-4904818cc554	6	62767102	64701758	1010	0.0888
5f22710d-57c6-4b24-8d92-4904818cc554	6	64702304	65683455	654	-0.1774
5f22710d-57c6-4b24-8d92-4904818cc554	6	65684197	65693959	24	-1.7357
5f22710d-57c6-4b24-8d92-4904818cc554	6	65697234	78259348	8187	-0.1757
5f22710d-57c6-4b24-8d92-4904818cc554	6	78259388	78325468	109	0.393
5f22710d-57c6-4b24-8d92-4904818cc554	6	78329517	80568270	1421	-0.1892
5f22710d-57c6-4b24-8d92-4904818cc554	6	80574472	80584624	34	-1.1579
5f22710d-57c6-4b24-8d92-4904818cc554	6	80584682	167141072	55862	-0.1913
5f22710d-57c6-4b24-8d92-4904818cc554	6	167141667	170275315	1906	-0.2905
5f22710d-57c6-4b24-8d92-4904818cc554	6	170278918	170741917	216	-0.2061
5f22710d-57c6-4b24-8d92-4904818cc554	7	43355	148300	90	0.1695
5f22710d-57c6-4b24-8d92-4904818cc554	7	155066	158626	10	-3.0055
5f22710d-57c6-4b24-8d92-4904818cc554	7	161442	879502	117	0.0589
5f22710d-57c6-4b24-8d92-4904818cc554	7	880030	1124056	97	-0.1884
5f22710d-57c6-4b24-8d92-4904818cc554	7	1126510	6982579	3154	0.0626
5f22710d-57c6-4b24-8d92-4904818cc554	7	6988360	54318812	34878	0.1141
5f22710d-57c6-4b24-8d92-4904818cc554	7	54318816	54318824	5	1.7966
5f22710d-57c6-4b24-8d92-4904818cc554	7	54325795	78305285	9202	0.081
5f22710d-57c6-4b24-8d92-4904818cc554	7	78306693	88482045	6597	0.13
5f22710d-57c6-4b24-8d92-4904818cc554	7	88485024	89699449	797	0.2231
5f22710d-57c6-4b24-8d92-4904818cc554	7	89704359	90104743	290	0.1289
5f22710d-57c6-4b24-8d92-4904818cc554	7	90104790	91402027	887	0.0942
5f22710d-57c6-4b24-8d92-4904818cc554	7	91402190	91411143	25	-0.7806
5f22710d-57c6-4b24-8d92-4904818cc554	7	91411274	109801155	10561	0.1048
5f22710d-57c6-4b24-8d92-4904818cc554	7	109801187	109813853	11	0.8516
5f22710d-57c6-4b24-8d92-4904818cc554	7	109813925	126404869	9990	0.1263
5f22710d-57c6-4b24-8d92-4904818cc554	7	126404920	126406561	13	1.0681
5f22710d-57c6-4b24-8d92-4904818cc554	7	126406822	134093899	4691	0.0933
5f22710d-57c6-4b24-8d92-4904818cc554	7	134100424	134113805	34	-0.4358
5f22710d-57c6-4b24-8d92-4904818cc554	7	134114093	142738713	5629	0.0994
5f22710d-57c6-4b24-8d92-4904818cc554	7	142739099	142802783	35	-0.2805
5f22710d-57c6-4b24-8d92-4904818cc554	7	142804120	144295437	760	0.1047
5f22710d-57c6-4b24-8d92-4904818cc554	7	144306653	144336758	4	-1.6841
5f22710d-57c6-4b24-8d92-4904818cc554	7	144343967	153698387	5760	0.102
5f22710d-57c6-4b24-8d92-4904818cc554	7	153698920	153702303	5	-1.0362
5f22710d-57c6-4b24-8d92-4904818cc554	7	153702335	154598185	632	0.0715
5f22710d-57c6-4b24-8d92-4904818cc554	7	154601461	154607903	4	-1.6447
5f22710d-57c6-4b24-8d92-4904818cc554	7	154609120	159334314	3220	0.0788
5f22710d-57c6-4b24-8d92-4904818cc554	8	81254	3013429	2209	0.0577
5f22710d-57c6-4b24-8d92-4904818cc554	8	3015011	7336299	5488	-0.1985
5f22710d-57c6-4b24-8d92-4904818cc554	8	7357089	7380497	19	-1.1597
5f22710d-57c6-4b24-8d92-4904818cc554	8	7396819	11987815	3237	-0.2505
5f22710d-57c6-4b24-8d92-4904818cc554	8	11987997	13702810	1057	-0.1706
5f22710d-57c6-4b24-8d92-4904818cc554	8	13705459	13708153	2	-1.812
5f22710d-57c6-4b24-8d92-4904818cc554	8	13708547	17149061	3117	-0.1705
5f22710d-57c6-4b24-8d92-4904818cc554	8	17149551	30685395	10159	-0.2115
5f22710d-57c6-4b24-8d92-4904818cc554	8	30687957	39373140	5095	0.1061
5f22710d-57c6-4b24-8d92-4904818cc554	8	39378084	39529446	58	0.9773
5f22710d-57c6-4b24-8d92-4904818cc554	8	39530780	111282065	41902	0.1134
5f22710d-57c6-4b24-8d92-4904818cc554	8	111282237	111283031	7	1.8825
5f22710d-57c6-4b24-8d92-4904818cc554	8	111288052	118753330	4607	0.1294
5f22710d-57c6-4b24-8d92-4904818cc554	8	118756372	118954309	154	0.3423
5f22710d-57c6-4b24-8d92-4904818cc554	8	118958919	141009999	16304	0.1061
5f22710d-57c6-4b24-8d92-4904818cc554	8	141012587	144871549	1648	-0.0268
5f22710d-57c6-4b24-8d92-4904818cc554	8	144874466	145072769	121	0.1064
5f22710d-57c6-4b24-8d92-4904818cc554	9	46587	6542265	6205	-0.1967
5f22710d-57c6-4b24-8d92-4904818cc554	9	6544766	6672699	110	-0.4734
5f22710d-57c6-4b24-8d92-4904818cc554	9	6673766	9270138	2483	-0.1927
5f22710d-57c6-4b24-8d92-4904818cc554	9	9270436	9272218	5	-1.6966
5f22710d-57c6-4b24-8d92-4904818cc554	9	9272841	31461460	17458	-0.1758
5f22710d-57c6-4b24-8d92-4904818cc554	9	31462155	31467368	2	-2.2858
5f22710d-57c6-4b24-8d92-4904818cc554	9	31468726	61405110	4963	-0.2077
5f22710d-57c6-4b24-8d92-4904818cc554	9	61520021	61633080	29	0.382
5f22710d-57c6-4b24-8d92-4904818cc554	9	61647899	63580401	38	-0.339
5f22710d-57c6-4b24-8d92-4904818cc554	9	63580418	63592813	8	1.5558
5f22710d-57c6-4b24-8d92-4904818cc554	9	63614182	110264442	29917	-0.1986
5f22710d-57c6-4b24-8d92-4904818cc554	9	110265889	110270151	2	-3.8653
5f22710d-57c6-4b24-8d92-4904818cc554	9	110270398	135262424	16803	-0.2153
5f22710d-57c6-4b24-8d92-4904818cc554	9	135262532	135431118	122	-0.5161
5f22710d-57c6-4b24-8d92-4904818cc554	9	135431985	136532614	427	-0.2293
5f22710d-57c6-4b24-8d92-4904818cc554	9	136536903	136537300	3	-2.8147
5f22710d-57c6-4b24-8d92-4904818cc554	9	136539349	138200944	588	-0.284
5f22710d-57c6-4b24-8d92-4904818cc554	10	45792	24088746	19108	0.0963
5f22710d-57c6-4b24-8d92-4904818cc554	10	24088747	24089125	9	1.0814
5f22710d-57c6-4b24-8d92-4904818cc554	10	24089979	26939421	1984	0.1001
5f22710d-57c6-4b24-8d92-4904818cc554	10	26939492	26939544	4	-1.2021
5f22710d-57c6-4b24-8d92-4904818cc554	10	26941064	27345731	218	0.0602
5f22710d-57c6-4b24-8d92-4904818cc554	10	27350672	27358845	7	-0.7606
5f22710d-57c6-4b24-8d92-4904818cc554	10	27360846	30593906	2526	0.1062
5f22710d-57c6-4b24-8d92-4904818cc554	10	30599023	30599506	4	-1.1516
5f22710d-57c6-4b24-8d92-4904818cc554	10	30600147	46279318	7617	0.0908
5f22710d-57c6-4b24-8d92-4904818cc554	10	46279715	67210288	14036	-0.1565
5f22710d-57c6-4b24-8d92-4904818cc554	10	67212617	70596050	2154	-0.198
5f22710d-57c6-4b24-8d92-4904818cc554	10	70596441	70771644	151	-0.3988
5f22710d-57c6-4b24-8d92-4904818cc554	10	70772281	80654963	6175	-0.2018
5f22710d-57c6-4b24-8d92-4904818cc554	10	80655134	98244841	11720	-0.1723
5f22710d-57c6-4b24-8d92-4904818cc554	10	98245149	98465532	151	0.0894
5f22710d-57c6-4b24-8d92-4904818cc554	10	98465900	130477554	22447	-0.1794
5f22710d-57c6-4b24-8d92-4904818cc554	10	130477754	133475164	1865	-0.2864
5f22710d-57c6-4b24-8d92-4904818cc554	10	133476197	133654968	109	-0.1595
5f22710d-57c6-4b24-8d92-4904818cc554	11	198510	313923	65	0.1223
5f22710d-57c6-4b24-8d92-4904818cc554	11	324880	450189	35	-0.3178
5f22710d-57c6-4b24-8d92-4904818cc554	11	452664	4217824	1632	0.0748
5f22710d-57c6-4b24-8d92-4904818cc554	11	4228783	4314648	25	-0.5101
5f22710d-57c6-4b24-8d92-4904818cc554	11	4314837	4946420	653	0.0974
5f22710d-57c6-4b24-8d92-4904818cc554	11	4947280	4952799	25	0.6982
5f22710d-57c6-4b24-8d92-4904818cc554	11	4953934	5766175	784	0.1055
5f22710d-57c6-4b24-8d92-4904818cc554	11	5766850	5788231	34	0.6407
5f22710d-57c6-4b24-8d92-4904818cc554	11	5791130	6094875	238	0.086
5f22710d-57c6-4b24-8d92-4904818cc554	11	6095613	6100864	5	-1.3689
5f22710d-57c6-4b24-8d92-4904818cc554	11	6101273	56831151	31669	0.1059
5f22710d-57c6-4b24-8d92-4904818cc554	11	56835129	57798511	570	-0.1911
5f22710d-57c6-4b24-8d92-4904818cc554	11	57803695	58019373	105	0.0506
5f22710d-57c6-4b24-8d92-4904818cc554	11	58019567	58025005	3	-1.4351
5f22710d-57c6-4b24-8d92-4904818cc554	11	58025085	59039768	628	0.0889
5f22710d-57c6-4b24-8d92-4904818cc554	11	59042524	59086292	23	0.5309
5f22710d-57c6-4b24-8d92-4904818cc554	11	59087546	60910433	1101	0.0969
5f22710d-57c6-4b24-8d92-4904818cc554	11	60910563	69052961	3562	-0.2748
5f22710d-57c6-4b24-8d92-4904818cc554	11	69053408	69060158	2	-3.9474
5f22710d-57c6-4b24-8d92-4904818cc554	11	69060249	71429110	1392	-0.2609
5f22710d-57c6-4b24-8d92-4904818cc554	11	71429440	79778888	4715	-0.2155
5f22710d-57c6-4b24-8d92-4904818cc554	11	79779028	82532020	2168	-0.1706
5f22710d-57c6-4b24-8d92-4904818cc554	11	82533262	82533458	2	-2.2867
5f22710d-57c6-4b24-8d92-4904818cc554	11	82540008	115366498	22503	-0.1826
5f22710d-57c6-4b24-8d92-4904818cc554	11	115369375	133797226	13596	-0.2095
5f22710d-57c6-4b24-8d92-4904818cc554	11	133797430	135074876	932	-0.3158
5f22710d-57c6-4b24-8d92-4904818cc554	12	51460	11066824	7214	0.0799
5f22710d-57c6-4b24-8d92-4904818cc554	12	11068125	11088933	10	0.8268
5f22710d-57c6-4b24-8d92-4904818cc554	12	11099275	33227031	15559	0.1038
5f22710d-57c6-4b24-8d92-4904818cc554	12	33232895	33242483	7	-1.8395
5f22710d-57c6-4b24-8d92-4904818cc554	12	33246118	133201603	61788	0.099
5f22710d-57c6-4b24-8d92-4904818cc554	13	18452809	27382465	6096	-0.2057
5f22710d-57c6-4b24-8d92-4904818cc554	13	27382570	27383775	3	-2.1961
5f22710d-57c6-4b24-8d92-4904818cc554	13	27384060	31957984	3425	-0.2061
5f22710d-57c6-4b24-8d92-4904818cc554	13	31958485	31964286	18	-1.3723
5f22710d-57c6-4b24-8d92-4904818cc554	13	31965910	53382334	14274	-0.1937
5f22710d-57c6-4b24-8d92-4904818cc554	13	53385365	63704999	5948	-0.1665
5f22710d-57c6-4b24-8d92-4904818cc554	13	63705310	64315894	346	-0.0375
5f22710d-57c6-4b24-8d92-4904818cc554	13	64316127	94001264	19149	-0.1755
5f22710d-57c6-4b24-8d92-4904818cc554	13	94001609	114342922	14573	-0.2009
5f22710d-57c6-4b24-8d92-4904818cc554	14	18239283	18662134	20	-0.0299
5f22710d-57c6-4b24-8d92-4904818cc554	14	18674599	19110634	13	-0.6544
5f22710d-57c6-4b24-8d92-4904818cc554	14	19134873	21990456	1535	0.1024
5f22710d-57c6-4b24-8d92-4904818cc554	14	21991283	22549721	490	-0.0564
5f22710d-57c6-4b24-8d92-4904818cc554	14	22549878	23957440	805	0.1019
5f22710d-57c6-4b24-8d92-4904818cc554	14	23957515	23995303	18	-0.4441
5f22710d-57c6-4b24-8d92-4904818cc554	14	24009685	39352981	9676	0.1044
5f22710d-57c6-4b24-8d92-4904818cc554	14	39353698	42385962	1926	0.1499
5f22710d-57c6-4b24-8d92-4904818cc554	14	42386263	42386514	3	-1.0646
5f22710d-57c6-4b24-8d92-4904818cc554	14	42387773	48908320	3777	0.1321
5f22710d-57c6-4b24-8d92-4904818cc554	14	48908502	73523958	15857	0.0983
5f22710d-57c6-4b24-8d92-4904818cc554	14	73526068	73564027	14	-1.1409
5f22710d-57c6-4b24-8d92-4904818cc554	14	73571010	82834478	6087	0.107
5f22710d-57c6-4b24-8d92-4904818cc554	14	82834764	82835658	2	-2.2578
5f22710d-57c6-4b24-8d92-4904818cc554	14	82837989	88761938	3922	0.1305
5f22710d-57c6-4b24-8d92-4904818cc554	14	88762225	105632998	10590	0.0915
5f22710d-57c6-4b24-8d92-4904818cc554	14	105636696	105650524	2	-2.0279
5f22710d-57c6-4b24-8d92-4904818cc554	14	105653302	106030809	105	-0.0984
5f22710d-57c6-4b24-8d92-4904818cc554	14	106031960	106877229	393	0.1686
5f22710d-57c6-4b24-8d92-4904818cc554	15	19811075	22794310	263	0.1551
5f22710d-57c6-4b24-8d92-4904818cc554	15	22794452	23095451	231	-0.0343
5f22710d-57c6-4b24-8d92-4904818cc554	15	23098859	24225955	623	0.1302
5f22710d-57c6-4b24-8d92-4904818cc554	15	24227083	24271726	21	-0.5223
5f22710d-57c6-4b24-8d92-4904818cc554	15	24275186	29875037	3538	0.09
5f22710d-57c6-4b24-8d92-4904818cc554	15	29875215	29876778	4	-1.9683
5f22710d-57c6-4b24-8d92-4904818cc554	15	29876805	30314058	159	0.0588
5f22710d-57c6-4b24-8d92-4904818cc554	15	30440076	30515739	9	-1.6576
5f22710d-57c6-4b24-8d92-4904818cc554	15	30595753	32212063	1045	0.0735
5f22710d-57c6-4b24-8d92-4904818cc554	15	32217691	32219773	7	-5.7636
5f22710d-57c6-4b24-8d92-4904818cc554	15	32220019	32484010	16	-0.7698
5f22710d-57c6-4b24-8d92-4904818cc554	15	32491973	34379885	1485	0.0948
5f22710d-57c6-4b24-8d92-4904818cc554	15	34386576	34434988	7	-0.8099
5f22710d-57c6-4b24-8d92-4904818cc554	15	34435421	34447720	9	0.2375
5f22710d-57c6-4b24-8d92-4904818cc554	15	34453518	34454261	3	-1.956
5f22710d-57c6-4b24-8d92-4904818cc554	15	34455142	76586021	26369	0.0961
5f22710d-57c6-4b24-8d92-4904818cc554	15	76598900	76602857	14	1.0688
5f22710d-57c6-4b24-8d92-4904818cc554	15	76603003	76609838	9	0.556
5f22710d-57c6-4b24-8d92-4904818cc554	15	76609853	83871965	4402	0.086
5f22710d-57c6-4b24-8d92-4904818cc554	15	83871986	83878795	8	-0.991
5f22710d-57c6-4b24-8d92-4904818cc554	15	83879115	101894806	13150	0.0914
5f22710d-57c6-4b24-8d92-4904818cc554	15	101900719	101928837	4	-0.621
5f22710d-57c6-4b24-8d92-4904818cc554	16	10777	602941	278	-0.0845
5f22710d-57c6-4b24-8d92-4904818cc554	16	603045	14895982	10811	0.0756
5f22710d-57c6-4b24-8d92-4904818cc554	16	14954911	15031584	53	-0.523
5f22710d-57c6-4b24-8d92-4904818cc554	16	15033033	16200861	577	-0.002
5f22710d-57c6-4b24-8d92-4904818cc554	16	16201950	16653072	41	-0.6982
5f22710d-57c6-4b24-8d92-4904818cc554	16	16666829	18583078	990	0.061
5f22710d-57c6-4b24-8d92-4904818cc554	16	18595356	18759524	20	-0.7467
5f22710d-57c6-4b24-8d92-4904818cc554	16	18768456	27610156	5536	0.0818
5f22710d-57c6-4b24-8d92-4904818cc554	16	27612836	30760719	1096	-0.0157
5f22710d-57c6-4b24-8d92-4904818cc554	16	30760925	55761136	7473	0.0932
5f22710d-57c6-4b24-8d92-4904818cc554	16	55762477	55782331	17	-0.8721
5f22710d-57c6-4b24-8d92-4904818cc554	16	55782734	59927645	2593	0.0793
5f22710d-57c6-4b24-8d92-4904818cc554	16	59928263	66701915	4633	0.1174
5f22710d-57c6-4b24-8d92-4904818cc554	16	66704020	69943506	1476	0.0524
5f22710d-57c6-4b24-8d92-4904818cc554	16	69943532	70117657	36	0.5602
5f22710d-57c6-4b24-8d92-4904818cc554	16	70118419	78342814	5507	0.0976
5f22710d-57c6-4b24-8d92-4904818cc554	16	78343037	78350841	8	0.9722
5f22710d-57c6-4b24-8d92-4904818cc554	16	78350868	79628828	1608	0.0794
5f22710d-57c6-4b24-8d92-4904818cc554	16	79628843	79629356	2	-3.2616
5f22710d-57c6-4b24-8d92-4904818cc554	16	79629537	81144991	1598	0.0905
5f22710d-57c6-4b24-8d92-4904818cc554	16	81147413	81154247	9	-0.8375
5f22710d-57c6-4b24-8d92-4904818cc554	16	81154947	84031602	3131	0.0804
5f22710d-57c6-4b24-8d92-4904818cc554	16	84031981	84979105	840	-0.0359
5f22710d-57c6-4b24-8d92-4904818cc554	16	84983369	88305003	2652	0.0747
5f22710d-57c6-4b24-8d92-4904818cc554	16	88306642	88341547	15	-0.1055
5f22710d-57c6-4b24-8d92-4904818cc554	16	88342835	88343034	3	-1.7672
5f22710d-57c6-4b24-8d92-4904818cc554	16	88349534	89563829	491	-0.0579
5f22710d-57c6-4b24-8d92-4904818cc554	16	89563903	89566015	2	-2.9175
5f22710d-57c6-4b24-8d92-4904818cc554	16	89578428	90096867	235	-0.1457
5f22710d-57c6-4b24-8d92-4904818cc554	17	150733	10268283	5920	0.0453
5f22710d-57c6-4b24-8d92-4904818cc554	17	10268374	13166704	2105	0.0956
5f22710d-57c6-4b24-8d92-4904818cc554	17	13166765	13167468	2	-1.7436
5f22710d-57c6-4b24-8d92-4904818cc554	17	13167943	16051403	2107	0.1215
5f22710d-57c6-4b24-8d92-4904818cc554	17	16052421	16798212	310	0.0172
5f22710d-57c6-4b24-8d92-4904818cc554	17	16806233	16834846	6	-0.9954
5f22710d-57c6-4b24-8d92-4904818cc554	17	16838201	17720879	535	0.0971
5f22710d-57c6-4b24-8d92-4904818cc554	17	17721718	17734636	7	-0.7647
5f22710d-57c6-4b24-8d92-4904818cc554	17	17743310	18413879	364	0.0673
5f22710d-57c6-4b24-8d92-4904818cc554	17	18414080	18561907	28	0.8635
5f22710d-57c6-4b24-8d92-4904818cc554	17	18565883	32259080	3934	0.0672
5f22710d-57c6-4b24-8d92-4904818cc554	17	32261189	36109139	2888	0.3166
5f22710d-57c6-4b24-8d92-4904818cc554	17	36109315	36208249	38	1.4645
5f22710d-57c6-4b24-8d92-4904818cc554	17	36460442	37416083	678	0.301
5f22710d-57c6-4b24-8d92-4904818cc554	17	37419035	37419555	2	-1.7426
5f22710d-57c6-4b24-8d92-4904818cc554	17	37425380	39712924	982	0.2943
5f22710d-57c6-4b24-8d92-4904818cc554	17	39712939	39713426	2	-1.2493
5f22710d-57c6-4b24-8d92-4904818cc554	17	39714153	41083215	754	0.3038
5f22710d-57c6-4b24-8d92-4904818cc554	17	41085237	41095014	6	-0.8755
5f22710d-57c6-4b24-8d92-4904818cc554	17	41100992	41265433	94	0.3001
5f22710d-57c6-4b24-8d92-4904818cc554	17	41265456	41274279	25	-1.013
5f22710d-57c6-4b24-8d92-4904818cc554	17	41276472	43354897	1105	0.2875
5f22710d-57c6-4b24-8d92-4904818cc554	17	43361222	43362553	3	-1.1908
5f22710d-57c6-4b24-8d92-4904818cc554	17	43366336	45371137	1000	0.303
5f22710d-57c6-4b24-8d92-4904818cc554	17	45372072	45962970	289	0.1501
5f22710d-57c6-4b24-8d92-4904818cc554	17	45963155	46114412	117	0.3293
5f22710d-57c6-4b24-8d92-4904818cc554	17	46117997	46351954	107	-0.0648
5f22710d-57c6-4b24-8d92-4904818cc554	17	46446345	46446360	2	3.8431
5f22710d-57c6-4b24-8d92-4904818cc554	17	46569894	73976616	16888	0.326
5f22710d-57c6-4b24-8d92-4904818cc554	17	73977136	74695492	460	0.1634
5f22710d-57c6-4b24-8d92-4904818cc554	17	74695789	79245561	2441	0.2849
5f22710d-57c6-4b24-8d92-4904818cc554	17	79245867	79250962	11	-0.5088
5f22710d-57c6-4b24-8d92-4904818cc554	17	79251108	83071714	1728	0.3089
5f22710d-57c6-4b24-8d92-4904818cc554	17	83082750	83091923	5	-0.1741
5f22710d-57c6-4b24-8d92-4904818cc554	18	48133	60670953	36401	-0.1941
5f22710d-57c6-4b24-8d92-4904818cc554	18	60671430	60827446	92	0.0534
5f22710d-57c6-4b24-8d92-4904818cc554	18	60828096	66027248	3624	-0.1833
5f22710d-57c6-4b24-8d92-4904818cc554	18	66028237	66061104	27	0.3355
5f22710d-57c6-4b24-8d92-4904818cc554	18	66065502	66099904	48	-0.152
5f22710d-57c6-4b24-8d92-4904818cc554	18	66100052	66100686	2	-2.8836
5f22710d-57c6-4b24-8d92-4904818cc554	18	66108359	73830758	5695	-0.1573
5f22710d-57c6-4b24-8d92-4904818cc554	18	73830860	80257174	4621	-0.2306
5f22710d-57c6-4b24-8d92-4904818cc554	19	90910	12908740	5137	-0.2645
5f22710d-57c6-4b24-8d92-4904818cc554	19	12909071	35358420	11523	0.0799
5f22710d-57c6-4b24-8d92-4904818cc554	19	35364451	35370268	17	0.7228
5f22710d-57c6-4b24-8d92-4904818cc554	19	35370747	40846734	2769	0.0648
5f22710d-57c6-4b24-8d92-4904818cc554	19	40846752	40888431	26	-0.7714
5f22710d-57c6-4b24-8d92-4904818cc554	19	40889145	43190778	1068	0.0805
5f22710d-57c6-4b24-8d92-4904818cc554	19	43193181	43252085	23	-0.5649
5f22710d-57c6-4b24-8d92-4904818cc554	19	43262507	51628560	4139	0.0516
5f22710d-57c6-4b24-8d92-4904818cc554	19	51639099	51644944	11	-2.7703
5f22710d-57c6-4b24-8d92-4904818cc554	19	51651652	54215136	1729	0.0513
5f22710d-57c6-4b24-8d92-4904818cc554	19	54226329	54237443	16	-1.0881
5f22710d-57c6-4b24-8d92-4904818cc554	19	54249482	58393348	2512	0.062
5f22710d-57c6-4b24-8d92-4904818cc554	19	58398325	58586487	72	-0.1762
5f22710d-57c6-4b24-8d92-4904818cc554	20	80664	81034	10	-0.5572
5f22710d-57c6-4b24-8d92-4904818cc554	20	81049	1587007	1193	0.0668
5f22710d-57c6-4b24-8d92-4904818cc554	20	1587075	1587360	3	-1.8739
5f22710d-57c6-4b24-8d92-4904818cc554	20	1587437	1601561	29	-0.5876
5f22710d-57c6-4b24-8d92-4904818cc554	20	1609611	1613247	5	-1.8453
5f22710d-57c6-4b24-8d92-4904818cc554	20	1617300	5933778	3129	0.0609
5f22710d-57c6-4b24-8d92-4904818cc554	20	5933848	23296228	13699	0.104
5f22710d-57c6-4b24-8d92-4904818cc554	20	23296592	63588502	23881	0.0842
5f22710d-57c6-4b24-8d92-4904818cc554	20	63589896	64245651	279	-0.1304
5f22710d-57c6-4b24-8d92-4904818cc554	20	64249281	64324800	32	0.2056
5f22710d-57c6-4b24-8d92-4904818cc554	21	10354168	10512663	21	0.128
5f22710d-57c6-4b24-8d92-4904818cc554	21	10512698	10756733	65	0.5344
5f22710d-57c6-4b24-8d92-4904818cc554	21	10775586	13850551	205	0.0659
5f22710d-57c6-4b24-8d92-4904818cc554	21	13883107	13883478	2	-1.6238
5f22710d-57c6-4b24-8d92-4904818cc554	21	13913132	22285238	5993	0.1171
5f22710d-57c6-4b24-8d92-4904818cc554	21	22287668	22292338	7	-0.9264
5f22710d-57c6-4b24-8d92-4904818cc554	21	22294679	23315888	780	0.1777
5f22710d-57c6-4b24-8d92-4904818cc554	21	23316473	41756639	13991	0.0946
5f22710d-57c6-4b24-8d92-4904818cc554	21	41760221	41783802	19	0.9661
5f22710d-57c6-4b24-8d92-4904818cc554	21	41788438	46677045	2703	0.0472
5f22710d-57c6-4b24-8d92-4904818cc554	22	15294547	19852958	1714	-0.2557
5f22710d-57c6-4b24-8d92-4904818cc554	22	19853068	19854762	2	-4.0355
5f22710d-57c6-4b24-8d92-4904818cc554	22	19854787	19885834	21	-0.4944
5f22710d-57c6-4b24-8d92-4904818cc554	22	19886686	19891497	4	-2.2884
5f22710d-57c6-4b24-8d92-4904818cc554	22	19892415	22027139	1230	-0.3702
5f22710d-57c6-4b24-8d92-4904818cc554	22	22027154	23088223	868	-0.2313
5f22710d-57c6-4b24-8d92-4904818cc554	22	23089160	23303531	150	-0.4881
5f22710d-57c6-4b24-8d92-4904818cc554	22	23304366	43303509	13600	-0.2353
5f22710d-57c6-4b24-8d92-4904818cc554	22	43303620	43303695	2	-3.8696
5f22710d-57c6-4b24-8d92-4904818cc554	22	43303768	44726034	1150	-0.2591
5f22710d-57c6-4b24-8d92-4904818cc554	22	44726097	44741026	13	-0.9546
5f22710d-57c6-4b24-8d92-4904818cc554	22	44750545	48645032	3018	-0.2383
5f22710d-57c6-4b24-8d92-4904818cc554	22	48646304	50528603	1271	-0.3729
5f22710d-57c6-4b24-8d92-4904818cc554	22	50534679	50534687	5	-2.0041
5f22710d-57c6-4b24-8d92-4904818cc554	22	50535325	50796027	143	-0.3864
5f22710d-57c6-4b24-8d92-4904818cc554	X	251810	9982641	5554	-0.0227
5f22710d-57c6-4b24-8d92-4904818cc554	X	9983431	10374289	307	-0.1776
5f22710d-57c6-4b24-8d92-4904818cc554	X	10374692	23995203	8675	-0.0013
5f22710d-57c6-4b24-8d92-4904818cc554	X	23999941	24002671	4	-1.1561
5f22710d-57c6-4b24-8d92-4904818cc554	X	24003597	32672772	5604	0.0116
5f22710d-57c6-4b24-8d92-4904818cc554	X	32672857	32673211	2	-1.9299
5f22710d-57c6-4b24-8d92-4904818cc554	X	32673580	39478562	4233	0.0308
5f22710d-57c6-4b24-8d92-4904818cc554	X	39479188	72580439	13308	-0.0144
5f22710d-57c6-4b24-8d92-4904818cc554	X	72590593	117342494	23035	0.0188
5f22710d-57c6-4b24-8d92-4904818cc554	X	117347582	117845717	365	0.4735
5f22710d-57c6-4b24-8d92-4904818cc554	X	117847344	125383013	4480	-0.011
5f22710d-57c6-4b24-8d92-4904818cc554	X	125383738	126924063	881	0.2703
5f22710d-57c6-4b24-8d92-4904818cc554	X	126936190	143668395	9587	0.0029
5f22710d-57c6-4b24-8d92-4904818cc554	X	143669351	143785697	95	-0.8139
5f22710d-57c6-4b24-8d92-4904818cc554	X	143785844	152818940	5857	-0.0058
5f22710d-57c6-4b24-8d92-4904818cc554	X	152819409	154827424	959	-0.1003
5f22710d-57c6-4b24-8d92-4904818cc554	X	154830834	155952689	371	0.0154
5f22710d-57c6-4b24-8d92-4904818cc554	Y	2782397	3169529	158	-2.9938
5f22710d-57c6-4b24-8d92-4904818cc554	Y	3173168	6075631	560	-2.4731
5f22710d-57c6-4b24-8d92-4904818cc554	Y	6076562	13478396	2546	-2.994
5f22710d-57c6-4b24-8d92-4904818cc554	Y	13478462	13482643	3	-7.598
5f22710d-57c6-4b24-8d92-4904818cc554	Y	13483009	56872112	3371	-2.9707
