GDC_Aliquot	Chromosome	Start	End	Num_Probes	Segment_Mean
c122bb36-5144-4e38-8d46-24eb3e680b0f	1	62920	2130530	361	0.0306
c122bb36-5144-4e38-8d46-24eb3e680b0f	1	2138242	2527180	115	-0.2725
c122bb36-5144-4e38-8d46-24eb3e680b0f	1	2527193	5841228	2199	0.0043
c122bb36-5144-4e38-8d46-24eb3e680b0f	1	5841990	5842026	2	-1.9218
c122bb36-5144-4e38-8d46-24eb3e680b0f	1	5842254	12775725	3800	0.0216
c122bb36-5144-4e38-8d46-24eb3e680b0f	1	12777697	13432696	59	0.3886
c122bb36-5144-4e38-8d46-24eb3e680b0f	1	13438567	16609512	2100	0.0029
c122bb36-5144-4e38-8d46-24eb3e680b0f	1	16617118	16921178	81	0.2633
c122bb36-5144-4e38-8d46-24eb3e680b0f	1	16921232	22175223	3462	0.021
c122bb36-5144-4e38-8d46-24eb3e680b0f	1	22180930	22187743	7	-1.44
c122bb36-5144-4e38-8d46-24eb3e680b0f	1	22188162	25116870	1698	0.022
c122bb36-5144-4e38-8d46-24eb3e680b0f	1	25118323	25134110	48	0.2626
c122bb36-5144-4e38-8d46-24eb3e680b0f	1	25135588	25248216	54	0.039
c122bb36-5144-4e38-8d46-24eb3e680b0f	1	25256138	25360708	41	0.4397
c122bb36-5144-4e38-8d46-24eb3e680b0f	1	25360774	38965465	7345	0.016
c122bb36-5144-4e38-8d46-24eb3e680b0f	1	38970964	38993209	11	-0.9725
c122bb36-5144-4e38-8d46-24eb3e680b0f	1	38993888	143546851	51995	0.005
c122bb36-5144-4e38-8d46-24eb3e680b0f	1	143547055	143928045	121	-0.5813
c122bb36-5144-4e38-8d46-24eb3e680b0f	1	143942271	150298417	1082	0.1067
c122bb36-5144-4e38-8d46-24eb3e680b0f	1	150302919	150305958	4	-1.2699
c122bb36-5144-4e38-8d46-24eb3e680b0f	1	150306902	152583051	1219	0.0347
c122bb36-5144-4e38-8d46-24eb3e680b0f	1	152583230	152614064	33	-1.8727
c122bb36-5144-4e38-8d46-24eb3e680b0f	1	152614100	152787202	168	0.007
c122bb36-5144-4e38-8d46-24eb3e680b0f	1	152789447	152796224	37	-1.9803
c122bb36-5144-4e38-8d46-24eb3e680b0f	1	152801429	160176704	4449	0.0302
c122bb36-5144-4e38-8d46-24eb3e680b0f	1	160176855	160177153	3	-1.7366
c122bb36-5144-4e38-8d46-24eb3e680b0f	1	160178881	161647612	805	0.0361
c122bb36-5144-4e38-8d46-24eb3e680b0f	1	161647641	161680831	14	0.5339
c122bb36-5144-4e38-8d46-24eb3e680b0f	1	161682512	161715567	36	0.0492
c122bb36-5144-4e38-8d46-24eb3e680b0f	1	161715801	161715989	2	-1.7145
c122bb36-5144-4e38-8d46-24eb3e680b0f	1	161716735	162046084	250	0.0265
c122bb36-5144-4e38-8d46-24eb3e680b0f	1	162049751	162051268	3	-1.1064
c122bb36-5144-4e38-8d46-24eb3e680b0f	1	162051334	169017063	5503	0.0066
c122bb36-5144-4e38-8d46-24eb3e680b0f	1	169017136	169017973	4	-1.3062
c122bb36-5144-4e38-8d46-24eb3e680b0f	1	169020148	169247699	189	0.0109
c122bb36-5144-4e38-8d46-24eb3e680b0f	1	169264736	169272528	7	0.7936
c122bb36-5144-4e38-8d46-24eb3e680b0f	1	169273163	181191135	7732	0.0098
c122bb36-5144-4e38-8d46-24eb3e680b0f	1	181191819	181191860	2	1.9271
c122bb36-5144-4e38-8d46-24eb3e680b0f	1	181192048	185505954	3002	0.0115
c122bb36-5144-4e38-8d46-24eb3e680b0f	1	185506404	185518473	6	-1.0033
c122bb36-5144-4e38-8d46-24eb3e680b0f	1	185519580	185946259	269	0.0397
c122bb36-5144-4e38-8d46-24eb3e680b0f	1	185949625	185954443	2	-2.012
c122bb36-5144-4e38-8d46-24eb3e680b0f	1	185955041	196745743	7114	-0.0014
c122bb36-5144-4e38-8d46-24eb3e680b0f	1	196758720	196762956	4	-1.4879
c122bb36-5144-4e38-8d46-24eb3e680b0f	1	196769493	209897717	8811	0.0148
c122bb36-5144-4e38-8d46-24eb3e680b0f	1	209908268	209908720	2	-1.807
c122bb36-5144-4e38-8d46-24eb3e680b0f	1	209910639	210425493	345	0.0021
c122bb36-5144-4e38-8d46-24eb3e680b0f	1	210431402	210439184	24	-0.9503
c122bb36-5144-4e38-8d46-24eb3e680b0f	1	210441948	220759758	7141	-0.0026
c122bb36-5144-4e38-8d46-24eb3e680b0f	1	220763030	220777793	15	-0.6975
c122bb36-5144-4e38-8d46-24eb3e680b0f	1	220780435	225474616	3008	0.0174
c122bb36-5144-4e38-8d46-24eb3e680b0f	1	225474976	225480822	6	-1.588
c122bb36-5144-4e38-8d46-24eb3e680b0f	1	225481969	248546369	16228	0.0037
c122bb36-5144-4e38-8d46-24eb3e680b0f	1	248550567	248633912	35	-0.6487
c122bb36-5144-4e38-8d46-24eb3e680b0f	1	248645563	248930189	141	0.0305
c122bb36-5144-4e38-8d46-24eb3e680b0f	2	12784	7018138	5457	-0.0045
c122bb36-5144-4e38-8d46-24eb3e680b0f	2	7018294	7019354	2	-2.0084
c122bb36-5144-4e38-8d46-24eb3e680b0f	2	7019639	7750991	616	0.0436
c122bb36-5144-4e38-8d46-24eb3e680b0f	2	7751345	7752513	3	-1.6931
c122bb36-5144-4e38-8d46-24eb3e680b0f	2	7753240	14165354	4577	0.0123
c122bb36-5144-4e38-8d46-24eb3e680b0f	2	14165662	14170278	7	-1.0182
c122bb36-5144-4e38-8d46-24eb3e680b0f	2	14173035	16478612	1714	0.0212
c122bb36-5144-4e38-8d46-24eb3e680b0f	2	16478908	16487980	11	-0.9765
c122bb36-5144-4e38-8d46-24eb3e680b0f	2	16490554	23242273	4830	0.0113
c122bb36-5144-4e38-8d46-24eb3e680b0f	2	23243995	23250686	7	-1.1818
c122bb36-5144-4e38-8d46-24eb3e680b0f	2	23252915	34427804	6788	0.0186
c122bb36-5144-4e38-8d46-24eb3e680b0f	2	34434869	34515690	61	0.3243
c122bb36-5144-4e38-8d46-24eb3e680b0f	2	34515732	36253614	1266	0.0062
c122bb36-5144-4e38-8d46-24eb3e680b0f	2	36254187	36263898	15	-0.5576
c122bb36-5144-4e38-8d46-24eb3e680b0f	2	36265877	37631423	1043	0.0374
c122bb36-5144-4e38-8d46-24eb3e680b0f	2	37633562	37637927	7	-1.0584
c122bb36-5144-4e38-8d46-24eb3e680b0f	2	37638553	42437618	3613	0.0253
c122bb36-5144-4e38-8d46-24eb3e680b0f	2	42440117	42445563	3	-1.7787
c122bb36-5144-4e38-8d46-24eb3e680b0f	2	42447833	54255416	8331	0.0049
c122bb36-5144-4e38-8d46-24eb3e680b0f	2	54255805	54255827	2	-2.2871
c122bb36-5144-4e38-8d46-24eb3e680b0f	2	54259004	55681804	1043	0.0056
c122bb36-5144-4e38-8d46-24eb3e680b0f	2	55687655	55711444	12	0.7026
c122bb36-5144-4e38-8d46-24eb3e680b0f	2	55711612	56775002	752	0.002
c122bb36-5144-4e38-8d46-24eb3e680b0f	2	56781746	56781967	2	-2.0471
c122bb36-5144-4e38-8d46-24eb3e680b0f	2	56784668	88142206	19088	0.0004
c122bb36-5144-4e38-8d46-24eb3e680b0f	2	88144359	88144961	2	-1.9732
c122bb36-5144-4e38-8d46-24eb3e680b0f	2	88146296	97359885	1614	0.0294
c122bb36-5144-4e38-8d46-24eb3e680b0f	2	97524284	97545247	8	-1.2325
c122bb36-5144-4e38-8d46-24eb3e680b0f	2	97545726	105521668	4910	0.014
c122bb36-5144-4e38-8d46-24eb3e680b0f	2	105522355	105522759	2	-2.9938
c122bb36-5144-4e38-8d46-24eb3e680b0f	2	105523754	146104517	24412	-0.0001
c122bb36-5144-4e38-8d46-24eb3e680b0f	2	146106836	146109366	24	0.9131
c122bb36-5144-4e38-8d46-24eb3e680b0f	2	146120238	213145107	40527	0.0131
c122bb36-5144-4e38-8d46-24eb3e680b0f	2	213145491	213146692	3	-1.908
c122bb36-5144-4e38-8d46-24eb3e680b0f	2	213147216	242147305	18387	0.0163
c122bb36-5144-4e38-8d46-24eb3e680b0f	3	20930	4065935	3661	-0.0447
c122bb36-5144-4e38-8d46-24eb3e680b0f	3	4066015	4067244	3	-2.0509
c122bb36-5144-4e38-8d46-24eb3e680b0f	3	4068641	7060264	2513	-0.0083
c122bb36-5144-4e38-8d46-24eb3e680b0f	3	7061395	7062585	4	-1.4255
c122bb36-5144-4e38-8d46-24eb3e680b0f	3	7062818	7664145	560	-0.0003
c122bb36-5144-4e38-8d46-24eb3e680b0f	3	7666321	7666362	2	-1.9746
c122bb36-5144-4e38-8d46-24eb3e680b0f	3	7668860	14615987	5077	-0.0118
c122bb36-5144-4e38-8d46-24eb3e680b0f	3	14617359	18975578	2691	0.0324
c122bb36-5144-4e38-8d46-24eb3e680b0f	3	18988927	21841499	1831	-0.0157
c122bb36-5144-4e38-8d46-24eb3e680b0f	3	21841590	21841892	2	-2.1589
c122bb36-5144-4e38-8d46-24eb3e680b0f	3	21843327	22520684	622	-0.02
c122bb36-5144-4e38-8d46-24eb3e680b0f	3	22520746	22525134	11	-0.9428
c122bb36-5144-4e38-8d46-24eb3e680b0f	3	22528122	46761844	16088	0.0091
c122bb36-5144-4e38-8d46-24eb3e680b0f	3	46761943	46808099	33	-0.5852
c122bb36-5144-4e38-8d46-24eb3e680b0f	3	46817989	52994359	2493	0.0161
c122bb36-5144-4e38-8d46-24eb3e680b0f	3	52997720	52997929	9	0.653
c122bb36-5144-4e38-8d46-24eb3e680b0f	3	52997995	53673835	448	-0.0138
c122bb36-5144-4e38-8d46-24eb3e680b0f	3	53675055	53675582	2	-2.2497
c122bb36-5144-4e38-8d46-24eb3e680b0f	3	53675824	130044855	46153	-0.0017
c122bb36-5144-4e38-8d46-24eb3e680b0f	3	130047743	130087393	37	0.6025
c122bb36-5144-4e38-8d46-24eb3e680b0f	3	130088081	161774629	19513	0.0072
c122bb36-5144-4e38-8d46-24eb3e680b0f	3	161774669	161778086	2	-1.7466
c122bb36-5144-4e38-8d46-24eb3e680b0f	3	161778779	162790480	686	0.0269
c122bb36-5144-4e38-8d46-24eb3e680b0f	3	162794869	162906093	67	0.5913
c122bb36-5144-4e38-8d46-24eb3e680b0f	3	162906109	186688156	14391	0.0057
c122bb36-5144-4e38-8d46-24eb3e680b0f	3	186688334	186688349	2	-3.2043
c122bb36-5144-4e38-8d46-24eb3e680b0f	3	186695072	193160113	4716	0.0129
c122bb36-5144-4e38-8d46-24eb3e680b0f	3	193160173	193162684	7	1.6541
c122bb36-5144-4e38-8d46-24eb3e680b0f	3	193162798	196938927	2077	0.0296
c122bb36-5144-4e38-8d46-24eb3e680b0f	3	196939188	196948008	3	-2.4682
c122bb36-5144-4e38-8d46-24eb3e680b0f	3	196949561	198169247	616	0.0831
c122bb36-5144-4e38-8d46-24eb3e680b0f	4	68929	9455251	5147	-0.0088
c122bb36-5144-4e38-8d46-24eb3e680b0f	4	9459504	9477560	5	1.5287
c122bb36-5144-4e38-8d46-24eb3e680b0f	4	9477699	10208766	539	0.0248
c122bb36-5144-4e38-8d46-24eb3e680b0f	4	10212536	10227668	14	1.1555
c122bb36-5144-4e38-8d46-24eb3e680b0f	4	10227684	34777432	16952	-0.0094
c122bb36-5144-4e38-8d46-24eb3e680b0f	4	34784878	34830196	44	0.6148
c122bb36-5144-4e38-8d46-24eb3e680b0f	4	34830245	48092517	8312	-0.0062
c122bb36-5144-4e38-8d46-24eb3e680b0f	4	48093110	51823256	665	0.1109
c122bb36-5144-4e38-8d46-24eb3e680b0f	4	51823373	57925016	4134	-0.0066
c122bb36-5144-4e38-8d46-24eb3e680b0f	4	57928022	57929666	3	-1.4149
c122bb36-5144-4e38-8d46-24eb3e680b0f	4	57929865	61071220	1898	-0.0283
c122bb36-5144-4e38-8d46-24eb3e680b0f	4	61075217	61076234	2	1.7793
c122bb36-5144-4e38-8d46-24eb3e680b0f	4	61079968	63828222	1498	-0.0376
c122bb36-5144-4e38-8d46-24eb3e680b0f	4	63831751	63852325	31	0.4084
c122bb36-5144-4e38-8d46-24eb3e680b0f	4	63856498	68378716	2835	-0.0163
c122bb36-5144-4e38-8d46-24eb3e680b0f	4	68389352	68391041	2	1.9233
c122bb36-5144-4e38-8d46-24eb3e680b0f	4	68394355	68569894	50	0.0636
c122bb36-5144-4e38-8d46-24eb3e680b0f	4	68570184	68570854	4	-2.402
c122bb36-5144-4e38-8d46-24eb3e680b0f	4	68570901	68655691	35	-0.0957
c122bb36-5144-4e38-8d46-24eb3e680b0f	4	68663241	68686026	4	-1.372
c122bb36-5144-4e38-8d46-24eb3e680b0f	4	68725894	69257792	305	-0.0115
c122bb36-5144-4e38-8d46-24eb3e680b0f	4	69261926	69366081	54	-1.8846
c122bb36-5144-4e38-8d46-24eb3e680b0f	4	69366304	90363792	13068	0.0005
c122bb36-5144-4e38-8d46-24eb3e680b0f	4	90366001	90366699	3	-1.731
c122bb36-5144-4e38-8d46-24eb3e680b0f	4	90367455	101930658	6755	-0.0032
c122bb36-5144-4e38-8d46-24eb3e680b0f	4	101931129	101933953	5	-0.9948
c122bb36-5144-4e38-8d46-24eb3e680b0f	4	101934343	107145112	2978	-0.0046
c122bb36-5144-4e38-8d46-24eb3e680b0f	4	107145215	107147256	12	0.6961
c122bb36-5144-4e38-8d46-24eb3e680b0f	4	107150362	107352408	168	0.0082
c122bb36-5144-4e38-8d46-24eb3e680b0f	4	107358064	107358586	2	-1.7694
c122bb36-5144-4e38-8d46-24eb3e680b0f	4	107358937	114252544	4244	-0.0068
c122bb36-5144-4e38-8d46-24eb3e680b0f	4	114254167	114261019	23	-1.1765
c122bb36-5144-4e38-8d46-24eb3e680b0f	4	114263073	115243304	606	0.0136
c122bb36-5144-4e38-8d46-24eb3e680b0f	4	115244564	115254969	27	0.3938
c122bb36-5144-4e38-8d46-24eb3e680b0f	4	115259026	116375783	637	-0.0078
c122bb36-5144-4e38-8d46-24eb3e680b0f	4	116376993	116378204	2	-1.7229
c122bb36-5144-4e38-8d46-24eb3e680b0f	4	116378996	119085597	1606	-0.0059
c122bb36-5144-4e38-8d46-24eb3e680b0f	4	119086770	119191174	75	0.5701
c122bb36-5144-4e38-8d46-24eb3e680b0f	4	119191317	129141596	5741	-0.0165
c122bb36-5144-4e38-8d46-24eb3e680b0f	4	129146391	129147005	2	-2.4691
c122bb36-5144-4e38-8d46-24eb3e680b0f	4	129151408	137018143	4391	-0.0169
c122bb36-5144-4e38-8d46-24eb3e680b0f	4	137018216	137028046	18	0.4995
c122bb36-5144-4e38-8d46-24eb3e680b0f	4	137028350	137258291	189	0.0243
c122bb36-5144-4e38-8d46-24eb3e680b0f	4	137261279	137262373	23	0.4939
c122bb36-5144-4e38-8d46-24eb3e680b0f	4	137262390	144389501	4560	-0.0071
c122bb36-5144-4e38-8d46-24eb3e680b0f	4	144389986	144398848	3	1.3327
c122bb36-5144-4e38-8d46-24eb3e680b0f	4	144405258	150955173	3659	-0.0145
c122bb36-5144-4e38-8d46-24eb3e680b0f	4	150955199	150963158	25	-0.5576
c122bb36-5144-4e38-8d46-24eb3e680b0f	4	150964975	155673078	2908	0.0019
c122bb36-5144-4e38-8d46-24eb3e680b0f	4	155673116	155676843	14	-2.8447
c122bb36-5144-4e38-8d46-24eb3e680b0f	4	155680783	160952454	3385	-0.0224
c122bb36-5144-4e38-8d46-24eb3e680b0f	4	160952506	160963971	37	0.3289
c122bb36-5144-4e38-8d46-24eb3e680b0f	4	160964013	161443047	343	0.0002
c122bb36-5144-4e38-8d46-24eb3e680b0f	4	161443112	161443807	3	-1.5766
c122bb36-5144-4e38-8d46-24eb3e680b0f	4	161448197	164923508	2253	-0.0124
c122bb36-5144-4e38-8d46-24eb3e680b0f	4	164928054	164932971	3	-1.4524
c122bb36-5144-4e38-8d46-24eb3e680b0f	4	164935953	167892726	1739	-0.0205
c122bb36-5144-4e38-8d46-24eb3e680b0f	4	167892869	168072733	158	0.1363
c122bb36-5144-4e38-8d46-24eb3e680b0f	4	168072942	169922993	1175	-0.0377
c122bb36-5144-4e38-8d46-24eb3e680b0f	4	169923329	169925402	3	-1.6621
c122bb36-5144-4e38-8d46-24eb3e680b0f	4	169925890	171448195	966	-0.0145
c122bb36-5144-4e38-8d46-24eb3e680b0f	4	171453733	171456625	12	0.9753
c122bb36-5144-4e38-8d46-24eb3e680b0f	4	171459220	171828831	226	0.0108
c122bb36-5144-4e38-8d46-24eb3e680b0f	4	171829823	171829960	2	-2.0624
c122bb36-5144-4e38-8d46-24eb3e680b0f	4	171831109	172501371	411	0.0315
c122bb36-5144-4e38-8d46-24eb3e680b0f	4	172503796	172507492	7	1.0321
c122bb36-5144-4e38-8d46-24eb3e680b0f	4	172519981	177675391	3083	-0.0233
c122bb36-5144-4e38-8d46-24eb3e680b0f	4	177675406	177677297	22	0.4497
c122bb36-5144-4e38-8d46-24eb3e680b0f	4	177677394	177962126	210	0.0051
c122bb36-5144-4e38-8d46-24eb3e680b0f	4	177969027	177971395	13	0.4541
c122bb36-5144-4e38-8d46-24eb3e680b0f	4	177974753	178318447	204	0.0133
c122bb36-5144-4e38-8d46-24eb3e680b0f	4	178320828	178324622	2	-3.2236
c122bb36-5144-4e38-8d46-24eb3e680b0f	4	178325820	178606348	221	-0.0301
c122bb36-5144-4e38-8d46-24eb3e680b0f	4	178615158	178619882	9	-0.9931
c122bb36-5144-4e38-8d46-24eb3e680b0f	4	178620233	182890893	3287	-0.0179
c122bb36-5144-4e38-8d46-24eb3e680b0f	4	182891730	182891994	2	-2.0936
c122bb36-5144-4e38-8d46-24eb3e680b0f	4	182892272	185469885	1649	-0.009
c122bb36-5144-4e38-8d46-24eb3e680b0f	4	185473480	185474865	3	-2.288
c122bb36-5144-4e38-8d46-24eb3e680b0f	4	185477075	190106768	3101	-0.0285
c122bb36-5144-4e38-8d46-24eb3e680b0f	5	15532	378298	161	-1.0206
c122bb36-5144-4e38-8d46-24eb3e680b0f	5	379812	46270906	30408	-0.0094
c122bb36-5144-4e38-8d46-24eb3e680b0f	5	46271006	46273400	7	1.2537
c122bb36-5144-4e38-8d46-24eb3e680b0f	5	46278110	99483913	28939	0.0066
c122bb36-5144-4e38-8d46-24eb3e680b0f	5	99484537	99504922	7	1.0301
c122bb36-5144-4e38-8d46-24eb3e680b0f	5	99508633	100318791	492	0.0302
c122bb36-5144-4e38-8d46-24eb3e680b0f	5	100320347	100321982	4	-1.8163
c122bb36-5144-4e38-8d46-24eb3e680b0f	5	100324245	116269770	10389	0.0057
c122bb36-5144-4e38-8d46-24eb3e680b0f	5	116273727	116274323	4	-1.8255
c122bb36-5144-4e38-8d46-24eb3e680b0f	5	116276540	157994612	26673	0
c122bb36-5144-4e38-8d46-24eb3e680b0f	5	157998131	157998242	2	-2.4099
c122bb36-5144-4e38-8d46-24eb3e680b0f	5	157999936	173775504	11069	-0.0019
c122bb36-5144-4e38-8d46-24eb3e680b0f	5	173778055	173779213	7	-1.6278
c122bb36-5144-4e38-8d46-24eb3e680b0f	5	173779368	175935472	1650	0.012
c122bb36-5144-4e38-8d46-24eb3e680b0f	5	175940876	176137131	30	0.5413
c122bb36-5144-4e38-8d46-24eb3e680b0f	5	176137289	177771448	711	-0.0241
c122bb36-5144-4e38-8d46-24eb3e680b0f	5	177800550	177805604	3	2.7127
c122bb36-5144-4e38-8d46-24eb3e680b0f	5	177827964	178464131	301	-0.0115
c122bb36-5144-4e38-8d46-24eb3e680b0f	5	178465346	178465955	3	-1.3019
c122bb36-5144-4e38-8d46-24eb3e680b0f	5	178466880	180766199	1380	-0.0054
c122bb36-5144-4e38-8d46-24eb3e680b0f	5	180766779	180767609	3	-1.4544
c122bb36-5144-4e38-8d46-24eb3e680b0f	5	180768522	181111233	190	0.0829
c122bb36-5144-4e38-8d46-24eb3e680b0f	5	181112725	181114186	2	-2.5754
c122bb36-5144-4e38-8d46-24eb3e680b0f	5	181114251	181363319	97	-0.1015
c122bb36-5144-4e38-8d46-24eb3e680b0f	6	149661	381149	202	0.0999
c122bb36-5144-4e38-8d46-24eb3e680b0f	6	382559	382897	2	-2.8835
c122bb36-5144-4e38-8d46-24eb3e680b0f	6	384109	3755612	2727	-0.0054
c122bb36-5144-4e38-8d46-24eb3e680b0f	6	3755809	3755989	2	-2.0878
c122bb36-5144-4e38-8d46-24eb3e680b0f	6	3759896	24908417	16044	0.0016
c122bb36-5144-4e38-8d46-24eb3e680b0f	6	24909691	27508616	1509	0.049
c122bb36-5144-4e38-8d46-24eb3e680b0f	6	27509320	27509947	2	-1.7236
c122bb36-5144-4e38-8d46-24eb3e680b0f	6	27512448	29950810	1160	0.0619
c122bb36-5144-4e38-8d46-24eb3e680b0f	6	29953297	29969534	8	0.6005
c122bb36-5144-4e38-8d46-24eb3e680b0f	6	29971000	31145275	496	-0.0455
c122bb36-5144-4e38-8d46-24eb3e680b0f	6	31145329	31148097	6	-1.0112
c122bb36-5144-4e38-8d46-24eb3e680b0f	6	31149245	31298610	98	0.0078
c122bb36-5144-4e38-8d46-24eb3e680b0f	6	31298745	31304686	9	-0.8578
c122bb36-5144-4e38-8d46-24eb3e680b0f	6	31305203	31318754	8	-0.1339
c122bb36-5144-4e38-8d46-24eb3e680b0f	6	31319334	31327629	4	0.9721
c122bb36-5144-4e38-8d46-24eb3e680b0f	6	31328176	31366162	16	0.007
c122bb36-5144-4e38-8d46-24eb3e680b0f	6	31366700	31380423	35	-0.3654
c122bb36-5144-4e38-8d46-24eb3e680b0f	6	31380693	31498018	107	0.0863
c122bb36-5144-4e38-8d46-24eb3e680b0f	6	31506911	32300711	223	-0.1923
c122bb36-5144-4e38-8d46-24eb3e680b0f	6	32302071	33970222	980	-0.0112
c122bb36-5144-4e38-8d46-24eb3e680b0f	6	33970966	33974834	6	-1.3635
c122bb36-5144-4e38-8d46-24eb3e680b0f	6	33974928	54066477	12860	0.0186
c122bb36-5144-4e38-8d46-24eb3e680b0f	6	54066582	54067057	4	2.0727
c122bb36-5144-4e38-8d46-24eb3e680b0f	6	54070550	58075309	2059	-0.0133
c122bb36-5144-4e38-8d46-24eb3e680b0f	6	58077708	61825425	693	0.0803
c122bb36-5144-4e38-8d46-24eb3e680b0f	6	61825972	65000836	1698	-0.0086
c122bb36-5144-4e38-8d46-24eb3e680b0f	6	65001506	65003899	3	-1.0778
c122bb36-5144-4e38-8d46-24eb3e680b0f	6	65007491	65115735	77	0.0631
c122bb36-5144-4e38-8d46-24eb3e680b0f	6	65116654	65116738	2	-2.5846
c122bb36-5144-4e38-8d46-24eb3e680b0f	6	65117744	78240510	8577	-0.007
c122bb36-5144-4e38-8d46-24eb3e680b0f	6	78246139	78336944	134	0.3986
c122bb36-5144-4e38-8d46-24eb3e680b0f	6	78341897	79595980	763	-0.0213
c122bb36-5144-4e38-8d46-24eb3e680b0f	6	79597699	79598204	2	-2.077
c122bb36-5144-4e38-8d46-24eb3e680b0f	6	79599303	103286954	14665	-0.005
c122bb36-5144-4e38-8d46-24eb3e680b0f	6	103290101	103314186	46	0.7822
c122bb36-5144-4e38-8d46-24eb3e680b0f	6	103317795	105879319	1599	-0.0075
c122bb36-5144-4e38-8d46-24eb3e680b0f	6	105879443	105880768	2	-2.4781
c122bb36-5144-4e38-8d46-24eb3e680b0f	6	105880801	116835164	6643	-0.0032
c122bb36-5144-4e38-8d46-24eb3e680b0f	6	116835702	116836611	2	-2.305
c122bb36-5144-4e38-8d46-24eb3e680b0f	6	116840693	121457980	2773	-0.0052
c122bb36-5144-4e38-8d46-24eb3e680b0f	6	121458500	121459616	2	-1.8446
c122bb36-5144-4e38-8d46-24eb3e680b0f	6	121461667	133945130	8008	-0.0005
c122bb36-5144-4e38-8d46-24eb3e680b0f	6	133947933	133948494	2	-1.9256
c122bb36-5144-4e38-8d46-24eb3e680b0f	6	133950934	146520184	8028	0.0161
c122bb36-5144-4e38-8d46-24eb3e680b0f	6	146523379	146609106	54	-0.9444
c122bb36-5144-4e38-8d46-24eb3e680b0f	6	146611700	162307926	11064	0.0014
c122bb36-5144-4e38-8d46-24eb3e680b0f	6	162308349	162308495	2	-2.1081
c122bb36-5144-4e38-8d46-24eb3e680b0f	6	162309601	167415360	3903	-0.0188
c122bb36-5144-4e38-8d46-24eb3e680b0f	6	167416839	168276837	339	-0.232
c122bb36-5144-4e38-8d46-24eb3e680b0f	6	168278073	170741917	1618	-0.041
c122bb36-5144-4e38-8d46-24eb3e680b0f	7	43355	2780190	951	-0.0524
c122bb36-5144-4e38-8d46-24eb3e680b0f	7	2780569	2782774	2	-2.2631
c122bb36-5144-4e38-8d46-24eb3e680b0f	7	2783299	4492246	1444	-0.0018
c122bb36-5144-4e38-8d46-24eb3e680b0f	7	4495166	4501056	3	-2.1705
c122bb36-5144-4e38-8d46-24eb3e680b0f	7	4502421	9183146	3025	-0.009
c122bb36-5144-4e38-8d46-24eb3e680b0f	7	9183482	9183965	3	-2.37
c122bb36-5144-4e38-8d46-24eb3e680b0f	7	9187340	9829705	495	-0.0009
c122bb36-5144-4e38-8d46-24eb3e680b0f	7	9830842	9831240	3	-1.4036
c122bb36-5144-4e38-8d46-24eb3e680b0f	7	9835337	11273374	1028	-0.0246
c122bb36-5144-4e38-8d46-24eb3e680b0f	7	11273526	11283409	25	0.4875
c122bb36-5144-4e38-8d46-24eb3e680b0f	7	11283438	23995508	10088	-0.0011
c122bb36-5144-4e38-8d46-24eb3e680b0f	7	24000259	24000764	2	1.8149
c122bb36-5144-4e38-8d46-24eb3e680b0f	7	24001198	24233875	219	0.0491
c122bb36-5144-4e38-8d46-24eb3e680b0f	7	24234076	24234394	2	-1.7113
c122bb36-5144-4e38-8d46-24eb3e680b0f	7	24234906	38317722	10090	0.0032
c122bb36-5144-4e38-8d46-24eb3e680b0f	7	38318626	38318811	2	-2.4172
c122bb36-5144-4e38-8d46-24eb3e680b0f	7	38319355	43226547	3299	-0.0114
c122bb36-5144-4e38-8d46-24eb3e680b0f	7	43226958	43229090	4	-1.2659
c122bb36-5144-4e38-8d46-24eb3e680b0f	7	43231351	45509655	1243	0.0004
c122bb36-5144-4e38-8d46-24eb3e680b0f	7	45511363	45513547	3	-2.0983
c122bb36-5144-4e38-8d46-24eb3e680b0f	7	45514082	62559778	8502	-0.0207
c122bb36-5144-4e38-8d46-24eb3e680b0f	7	62589052	62993318	110	0.2594
c122bb36-5144-4e38-8d46-24eb3e680b0f	7	62993475	65314214	888	0.0146
c122bb36-5144-4e38-8d46-24eb3e680b0f	7	65314421	65992462	254	0.1329
c122bb36-5144-4e38-8d46-24eb3e680b0f	7	66004830	76409947	4909	-0.0121
c122bb36-5144-4e38-8d46-24eb3e680b0f	7	76416723	76920832	177	0.1574
c122bb36-5144-4e38-8d46-24eb3e680b0f	7	76927895	79182931	1519	-0.0253
c122bb36-5144-4e38-8d46-24eb3e680b0f	7	79185751	79199475	13	0.7089
c122bb36-5144-4e38-8d46-24eb3e680b0f	7	79199774	88258230	5730	-0.0151
c122bb36-5144-4e38-8d46-24eb3e680b0f	7	88265427	88318411	27	0.5182
c122bb36-5144-4e38-8d46-24eb3e680b0f	7	88321370	89122583	582	-0.0093
c122bb36-5144-4e38-8d46-24eb3e680b0f	7	89123968	89124943	2	-1.9726
c122bb36-5144-4e38-8d46-24eb3e680b0f	7	89125263	89222273	58	-0.0294
c122bb36-5144-4e38-8d46-24eb3e680b0f	7	89222387	89229780	5	-1.267
c122bb36-5144-4e38-8d46-24eb3e680b0f	7	89233522	89993314	455	0.007
c122bb36-5144-4e38-8d46-24eb3e680b0f	7	89993647	89994725	4	-1.2624
c122bb36-5144-4e38-8d46-24eb3e680b0f	7	89997297	90139872	113	-0.0885
c122bb36-5144-4e38-8d46-24eb3e680b0f	7	90146435	90147556	4	-1.1875
c122bb36-5144-4e38-8d46-24eb3e680b0f	7	90147717	109789993	11419	0.0062
c122bb36-5144-4e38-8d46-24eb3e680b0f	7	109793690	109814172	41	0.6367
c122bb36-5144-4e38-8d46-24eb3e680b0f	7	109814214	111408523	1064	0
c122bb36-5144-4e38-8d46-24eb3e680b0f	7	111409675	111492666	55	0.2701
c122bb36-5144-4e38-8d46-24eb3e680b0f	7	111497696	116285536	2744	-0.0002
c122bb36-5144-4e38-8d46-24eb3e680b0f	7	116287872	116289641	12	-0.9492
c122bb36-5144-4e38-8d46-24eb3e680b0f	7	116289776	159334314	26905	-0.0081
c122bb36-5144-4e38-8d46-24eb3e680b0f	8	81254	645875	329	-0.0745
c122bb36-5144-4e38-8d46-24eb3e680b0f	8	645892	645908	2	4.946
c122bb36-5144-4e38-8d46-24eb3e680b0f	8	656117	2132302	1142	-0.0514
c122bb36-5144-4e38-8d46-24eb3e680b0f	8	2132407	2145213	23	-0.9718
c122bb36-5144-4e38-8d46-24eb3e680b0f	8	2145257	16465537	13102	-0.0274
c122bb36-5144-4e38-8d46-24eb3e680b0f	8	16465635	16469783	7	-1.3111
c122bb36-5144-4e38-8d46-24eb3e680b0f	8	16470205	16820653	283	-0.0222
c122bb36-5144-4e38-8d46-24eb3e680b0f	8	16821826	16821903	5	1.1079
c122bb36-5144-4e38-8d46-24eb3e680b0f	8	16828778	17471566	559	-0.0502
c122bb36-5144-4e38-8d46-24eb3e680b0f	8	17475243	17477409	3	-1.5344
c122bb36-5144-4e38-8d46-24eb3e680b0f	8	17481592	23339303	4675	0.0071
c122bb36-5144-4e38-8d46-24eb3e680b0f	8	23343141	23344312	2	-1.4525
c122bb36-5144-4e38-8d46-24eb3e680b0f	8	23344834	23544795	145	-0.0215
c122bb36-5144-4e38-8d46-24eb3e680b0f	8	23550227	23550358	5	-3.8507
c122bb36-5144-4e38-8d46-24eb3e680b0f	8	23550392	25114672	1134	-0.0042
c122bb36-5144-4e38-8d46-24eb3e680b0f	8	25116928	25119160	10	0.5722
c122bb36-5144-4e38-8d46-24eb3e680b0f	8	25120977	25122472	11	1.0615
c122bb36-5144-4e38-8d46-24eb3e680b0f	8	25126554	25133893	13	0.4805
c122bb36-5144-4e38-8d46-24eb3e680b0f	8	25134248	28300199	2465	-0.0145
c122bb36-5144-4e38-8d46-24eb3e680b0f	8	28300546	29977173	1005	0.0546
c122bb36-5144-4e38-8d46-24eb3e680b0f	8	29977854	32821348	1936	-0.0232
c122bb36-5144-4e38-8d46-24eb3e680b0f	8	32825580	32830895	8	2.661
c122bb36-5144-4e38-8d46-24eb3e680b0f	8	32834588	59129451	14199	-0.0099
c122bb36-5144-4e38-8d46-24eb3e680b0f	8	59129601	59129852	3	-1.4742
c122bb36-5144-4e38-8d46-24eb3e680b0f	8	59130571	72691012	8245	-0.0151
c122bb36-5144-4e38-8d46-24eb3e680b0f	8	72691788	72691847	2	-2.0199
c122bb36-5144-4e38-8d46-24eb3e680b0f	8	72696388	74396083	1212	-0.006
c122bb36-5144-4e38-8d46-24eb3e680b0f	8	74406948	74415359	5	-3.5701
c122bb36-5144-4e38-8d46-24eb3e680b0f	8	74416300	106187739	18762	-0.0049
c122bb36-5144-4e38-8d46-24eb3e680b0f	8	106188471	106188612	2	-1.9804
c122bb36-5144-4e38-8d46-24eb3e680b0f	8	106189259	111279265	3086	-0.0212
c122bb36-5144-4e38-8d46-24eb3e680b0f	8	111282050	111283031	10	1.113
c122bb36-5144-4e38-8d46-24eb3e680b0f	8	111288052	114719701	1900	0.0034
c122bb36-5144-4e38-8d46-24eb3e680b0f	8	114726139	114726195	2	-1.5906
c122bb36-5144-4e38-8d46-24eb3e680b0f	8	114726789	127964219	9112	0.0123
c122bb36-5144-4e38-8d46-24eb3e680b0f	8	127970148	127973398	2	-1.7424
c122bb36-5144-4e38-8d46-24eb3e680b0f	8	127977842	140996875	10063	0.0113
c122bb36-5144-4e38-8d46-24eb3e680b0f	8	140997627	142822382	975	-0.0985
c122bb36-5144-4e38-8d46-24eb3e680b0f	8	142824911	145072769	798	0.0141
c122bb36-5144-4e38-8d46-24eb3e680b0f	9	46587	602903	506	-0.0623
c122bb36-5144-4e38-8d46-24eb3e680b0f	9	606699	606961	4	-2.2716
c122bb36-5144-4e38-8d46-24eb3e680b0f	9	607307	671347	137	-0.0144
c122bb36-5144-4e38-8d46-24eb3e680b0f	9	672786	673512	6	-1.225
c122bb36-5144-4e38-8d46-24eb3e680b0f	9	676055	1071814	379	-0.0408
c122bb36-5144-4e38-8d46-24eb3e680b0f	9	1073114	1082544	13	-0.7439
c122bb36-5144-4e38-8d46-24eb3e680b0f	9	1083171	1306501	252	-0.0579
c122bb36-5144-4e38-8d46-24eb3e680b0f	9	1306676	1307315	3	-1.3882
c122bb36-5144-4e38-8d46-24eb3e680b0f	9	1309747	4009807	2714	-0.0006
c122bb36-5144-4e38-8d46-24eb3e680b0f	9	4010946	4022111	55	0.2863
c122bb36-5144-4e38-8d46-24eb3e680b0f	9	4022162	4219028	272	0.001
c122bb36-5144-4e38-8d46-24eb3e680b0f	9	4219259	4270682	57	-0.2728
c122bb36-5144-4e38-8d46-24eb3e680b0f	9	4273941	5077915	815	0.008
c122bb36-5144-4e38-8d46-24eb3e680b0f	9	5077997	5084226	21	0.5345
c122bb36-5144-4e38-8d46-24eb3e680b0f	9	5084325	6993848	1352	0.0169
c122bb36-5144-4e38-8d46-24eb3e680b0f	9	6994399	6994542	3	-1.5864
c122bb36-5144-4e38-8d46-24eb3e680b0f	9	6994684	7339002	422	0.0062
c122bb36-5144-4e38-8d46-24eb3e680b0f	9	7340153	7346029	5	-1.1033
c122bb36-5144-4e38-8d46-24eb3e680b0f	9	7346924	8144163	801	0.0168
c122bb36-5144-4e38-8d46-24eb3e680b0f	9	8144973	8147857	2	-2.0364
c122bb36-5144-4e38-8d46-24eb3e680b0f	9	8148244	8918295	705	-0.0059
c122bb36-5144-4e38-8d46-24eb3e680b0f	9	8922467	8923715	4	-1.0365
c122bb36-5144-4e38-8d46-24eb3e680b0f	9	8923819	9303160	314	-0.0048
c122bb36-5144-4e38-8d46-24eb3e680b0f	9	9305088	9308230	3	-1.6552
c122bb36-5144-4e38-8d46-24eb3e680b0f	9	9308675	9901457	590	0.0198
c122bb36-5144-4e38-8d46-24eb3e680b0f	9	9903101	9904611	4	-1.5499
c122bb36-5144-4e38-8d46-24eb3e680b0f	9	9905178	11616337	1491	-0.0067
c122bb36-5144-4e38-8d46-24eb3e680b0f	9	11617265	11617441	2	-1.9764
c122bb36-5144-4e38-8d46-24eb3e680b0f	9	11619099	11992604	281	0.0364
c122bb36-5144-4e38-8d46-24eb3e680b0f	9	11995297	11996163	3	-1.4556
c122bb36-5144-4e38-8d46-24eb3e680b0f	9	11996759	12925922	714	-0.0037
c122bb36-5144-4e38-8d46-24eb3e680b0f	9	12928080	12928476	2	-2.6363
c122bb36-5144-4e38-8d46-24eb3e680b0f	9	12934852	23361807	8421	-0.0003
c122bb36-5144-4e38-8d46-24eb3e680b0f	9	23363117	23373486	8	0.9669
c122bb36-5144-4e38-8d46-24eb3e680b0f	9	23378490	29948923	4923	-0.0182
c122bb36-5144-4e38-8d46-24eb3e680b0f	9	29949676	29965086	21	-0.6622
c122bb36-5144-4e38-8d46-24eb3e680b0f	9	29969105	30516415	367	0.0568
c122bb36-5144-4e38-8d46-24eb3e680b0f	9	30520033	30521754	3	-1.1132
c122bb36-5144-4e38-8d46-24eb3e680b0f	9	30522683	31481300	647	0.0199
c122bb36-5144-4e38-8d46-24eb3e680b0f	9	31481955	31482971	2	-2.511
c122bb36-5144-4e38-8d46-24eb3e680b0f	9	31486636	39840169	4750	0.0083
c122bb36-5144-4e38-8d46-24eb3e680b0f	9	40018947	40796987	13	0.8625
c122bb36-5144-4e38-8d46-24eb3e680b0f	9	40832327	42014203	88	0.0734
c122bb36-5144-4e38-8d46-24eb3e680b0f	9	42037471	42202227	21	-1.6474
c122bb36-5144-4e38-8d46-24eb3e680b0f	9	42211663	42574420	16	-0.0852
c122bb36-5144-4e38-8d46-24eb3e680b0f	9	42585140	42719891	11	1.0493
c122bb36-5144-4e38-8d46-24eb3e680b0f	9	42720266	63580418	112	-0.0706
c122bb36-5144-4e38-8d46-24eb3e680b0f	9	63590317	63592813	7	2.2015
c122bb36-5144-4e38-8d46-24eb3e680b0f	9	63614182	71638399	2671	0.0028
c122bb36-5144-4e38-8d46-24eb3e680b0f	9	71639937	71643908	21	-0.779
c122bb36-5144-4e38-8d46-24eb3e680b0f	9	71647284	90890022	13679	-0.0035
c122bb36-5144-4e38-8d46-24eb3e680b0f	9	90891808	90892222	2	-2.2259
c122bb36-5144-4e38-8d46-24eb3e680b0f	9	90893281	102019286	7210	0.0121
c122bb36-5144-4e38-8d46-24eb3e680b0f	9	102019418	102024050	9	-0.9029
c122bb36-5144-4e38-8d46-24eb3e680b0f	9	102028487	123608806	16224	-0.0065
c122bb36-5144-4e38-8d46-24eb3e680b0f	9	123609807	126213032	1565	0.0288
c122bb36-5144-4e38-8d46-24eb3e680b0f	9	126213498	126214423	12	0.5506
c122bb36-5144-4e38-8d46-24eb3e680b0f	9	126217221	133074203	4101	0.0255
c122bb36-5144-4e38-8d46-24eb3e680b0f	9	133075508	137333905	1983	-0.0363
c122bb36-5144-4e38-8d46-24eb3e680b0f	9	137334669	137396353	22	0.4419
c122bb36-5144-4e38-8d46-24eb3e680b0f	9	137396369	138200944	398	0.0153
c122bb36-5144-4e38-8d46-24eb3e680b0f	10	45792	3024072	2458	-0.0071
c122bb36-5144-4e38-8d46-24eb3e680b0f	10	3025935	3026493	4	-1.4105
c122bb36-5144-4e38-8d46-24eb3e680b0f	10	3026885	3075485	39	-0.0082
c122bb36-5144-4e38-8d46-24eb3e680b0f	10	3076439	3082127	5	-0.8687
c122bb36-5144-4e38-8d46-24eb3e680b0f	10	3086194	3904877	762	0.0237
c122bb36-5144-4e38-8d46-24eb3e680b0f	10	3905635	3906824	4	-1.1739
c122bb36-5144-4e38-8d46-24eb3e680b0f	10	3907101	4244878	294	0.0595
c122bb36-5144-4e38-8d46-24eb3e680b0f	10	4248622	4248732	3	1.2596
c122bb36-5144-4e38-8d46-24eb3e680b0f	10	4248824	5610055	1196	0.0272
c122bb36-5144-4e38-8d46-24eb3e680b0f	10	5610274	5670403	30	-0.3326
c122bb36-5144-4e38-8d46-24eb3e680b0f	10	5672594	6369109	583	0
c122bb36-5144-4e38-8d46-24eb3e680b0f	10	6369253	6369519	6	1.3829
c122bb36-5144-4e38-8d46-24eb3e680b0f	10	6376792	16424371	8325	0.0176
c122bb36-5144-4e38-8d46-24eb3e680b0f	10	16425243	16435107	5	-1.659
c122bb36-5144-4e38-8d46-24eb3e680b0f	10	16435167	17659538	1003	0.0069
c122bb36-5144-4e38-8d46-24eb3e680b0f	10	17664121	17664149	2	-2.1509
c122bb36-5144-4e38-8d46-24eb3e680b0f	10	17665872	24086334	4407	-0.0007
c122bb36-5144-4e38-8d46-24eb3e680b0f	10	24088745	24089125	11	1.3013
c122bb36-5144-4e38-8d46-24eb3e680b0f	10	24089979	29810743	4107	-0.0047
c122bb36-5144-4e38-8d46-24eb3e680b0f	10	29811627	29814056	4	-2.3575
c122bb36-5144-4e38-8d46-24eb3e680b0f	10	29814842	30957581	889	0.011
c122bb36-5144-4e38-8d46-24eb3e680b0f	10	30962405	30962850	11	0.6605
c122bb36-5144-4e38-8d46-24eb3e680b0f	10	30962893	46836986	7480	0.0034
c122bb36-5144-4e38-8d46-24eb3e680b0f	10	46898735	46901552	2	3.4317
c122bb36-5144-4e38-8d46-24eb3e680b0f	10	46967412	49664200	1528	0
c122bb36-5144-4e38-8d46-24eb3e680b0f	10	49664356	49664866	2	-3.6112
c122bb36-5144-4e38-8d46-24eb3e680b0f	10	49665545	55891974	4433	-0.0029
c122bb36-5144-4e38-8d46-24eb3e680b0f	10	55892809	55894343	3	-1.6236
c122bb36-5144-4e38-8d46-24eb3e680b0f	10	55895847	65546518	6672	0.0011
c122bb36-5144-4e38-8d46-24eb3e680b0f	10	65548165	65563168	30	0.457
c122bb36-5144-4e38-8d46-24eb3e680b0f	10	65565695	66986527	1101	-0.0182
c122bb36-5144-4e38-8d46-24eb3e680b0f	10	66988698	67112546	86	-0.2497
c122bb36-5144-4e38-8d46-24eb3e680b0f	10	67114774	70608852	2233	-0.0145
c122bb36-5144-4e38-8d46-24eb3e680b0f	10	70613462	70625472	12	-1.1203
c122bb36-5144-4e38-8d46-24eb3e680b0f	10	70635513	70745771	96	-0.135
c122bb36-5144-4e38-8d46-24eb3e680b0f	10	70745790	129852137	40116	-0.0001
c122bb36-5144-4e38-8d46-24eb3e680b0f	10	129852576	133432275	2310	-0.0565
c122bb36-5144-4e38-8d46-24eb3e680b0f	10	133438612	133576392	111	0.4475
c122bb36-5144-4e38-8d46-24eb3e680b0f	10	133582780	133654968	30	-0.0469
c122bb36-5144-4e38-8d46-24eb3e680b0f	11	198510	4461198	1857	-0.0206
c122bb36-5144-4e38-8d46-24eb3e680b0f	11	4465471	4465710	2	-2.0537
c122bb36-5144-4e38-8d46-24eb3e680b0f	11	4468974	5766175	1357	0.0049
c122bb36-5144-4e38-8d46-24eb3e680b0f	11	5766850	5788231	34	-0.487
c122bb36-5144-4e38-8d46-24eb3e680b0f	11	5791130	7546374	1307	0.0036
c122bb36-5144-4e38-8d46-24eb3e680b0f	11	7546551	7546631	2	-2.0176
c122bb36-5144-4e38-8d46-24eb3e680b0f	11	7548241	45163177	27013	0.0023
c122bb36-5144-4e38-8d46-24eb3e680b0f	11	45165627	45166160	2	-2.1508
c122bb36-5144-4e38-8d46-24eb3e680b0f	11	45166681	48684291	1659	-0.0017
c122bb36-5144-4e38-8d46-24eb3e680b0f	11	48688176	48700215	10	0.9066
c122bb36-5144-4e38-8d46-24eb3e680b0f	11	48702884	48908330	49	0.1768
c122bb36-5144-4e38-8d46-24eb3e680b0f	11	48908369	48908580	2	-1.6138
c122bb36-5144-4e38-8d46-24eb3e680b0f	11	48908776	50400965	633	-0.0017
c122bb36-5144-4e38-8d46-24eb3e680b0f	11	50408188	50439736	13	-1.2441
c122bb36-5144-4e38-8d46-24eb3e680b0f	11	50442681	55608804	436	-0.024
c122bb36-5144-4e38-8d46-24eb3e680b0f	11	55609022	55685501	50	0.5297
c122bb36-5144-4e38-8d46-24eb3e680b0f	11	55685533	80256469	13226	0.0125
c122bb36-5144-4e38-8d46-24eb3e680b0f	11	80256504	80256520	2	-2.8021
c122bb36-5144-4e38-8d46-24eb3e680b0f	11	80256642	107359993	19026	-0.0036
c122bb36-5144-4e38-8d46-24eb3e680b0f	11	107367930	107368205	6	-1.8844
c122bb36-5144-4e38-8d46-24eb3e680b0f	11	107368402	107507409	117	-0.0942
c122bb36-5144-4e38-8d46-24eb3e680b0f	11	107507702	133944296	18925	0.0034
c122bb36-5144-4e38-8d46-24eb3e680b0f	11	133944818	133949547	6	-1.3408
c122bb36-5144-4e38-8d46-24eb3e680b0f	11	133952831	134287218	210	0.0307
c122bb36-5144-4e38-8d46-24eb3e680b0f	11	134288564	135074876	623	-0.1412
c122bb36-5144-4e38-8d46-24eb3e680b0f	12	51460	273710	137	-0.1787
c122bb36-5144-4e38-8d46-24eb3e680b0f	12	274228	5954739	4257	0.017
c122bb36-5144-4e38-8d46-24eb3e680b0f	12	5954808	6027802	50	-0.1574
c122bb36-5144-4e38-8d46-24eb3e680b0f	12	6028305	6029429	3	-1.9139
c122bb36-5144-4e38-8d46-24eb3e680b0f	12	6030095	8404097	1138	0.0121
c122bb36-5144-4e38-8d46-24eb3e680b0f	12	8405892	8423870	15	1.9989
c122bb36-5144-4e38-8d46-24eb3e680b0f	12	8428232	9477960	561	0.0404
c122bb36-5144-4e38-8d46-24eb3e680b0f	12	9481274	9587289	33	0.501
c122bb36-5144-4e38-8d46-24eb3e680b0f	12	9587401	10162106	433	0.0504
c122bb36-5144-4e38-8d46-24eb3e680b0f	12	10163198	10178634	9	-0.6857
c122bb36-5144-4e38-8d46-24eb3e680b0f	12	10180748	11359637	731	0.0635
c122bb36-5144-4e38-8d46-24eb3e680b0f	12	11360247	11390472	26	0.9018
c122bb36-5144-4e38-8d46-24eb3e680b0f	12	11399258	20991368	6493	0.0054
c122bb36-5144-4e38-8d46-24eb3e680b0f	12	20991497	20991572	3	-2.2849
c122bb36-5144-4e38-8d46-24eb3e680b0f	12	20991608	24753888	2560	0.016
c122bb36-5144-4e38-8d46-24eb3e680b0f	12	24754781	24775225	14	-0.705
c122bb36-5144-4e38-8d46-24eb3e680b0f	12	24775644	27493059	2078	-0.0024
c122bb36-5144-4e38-8d46-24eb3e680b0f	12	27494808	27498429	28	-0.6057
c122bb36-5144-4e38-8d46-24eb3e680b0f	12	27504228	33233822	4214	-0.0031
c122bb36-5144-4e38-8d46-24eb3e680b0f	12	33235894	33242207	4	-3.8471
c122bb36-5144-4e38-8d46-24eb3e680b0f	12	33242483	40150880	2043	0.0452
c122bb36-5144-4e38-8d46-24eb3e680b0f	12	40153577	40153948	2	-2.1798
c122bb36-5144-4e38-8d46-24eb3e680b0f	12	40155603	45506042	3473	-0.0058
c122bb36-5144-4e38-8d46-24eb3e680b0f	12	45510655	45515754	4	1.3884
c122bb36-5144-4e38-8d46-24eb3e680b0f	12	45519509	126354431	51144	0.01
c122bb36-5144-4e38-8d46-24eb3e680b0f	12	126354678	130661869	3814	-0.0524
c122bb36-5144-4e38-8d46-24eb3e680b0f	12	130663147	130665614	19	-0.9261
c122bb36-5144-4e38-8d46-24eb3e680b0f	12	130665824	131242840	390	-0.0152
c122bb36-5144-4e38-8d46-24eb3e680b0f	12	131248112	131248938	3	-1.2861
c122bb36-5144-4e38-8d46-24eb3e680b0f	12	131249503	131311902	60	-0.0925
c122bb36-5144-4e38-8d46-24eb3e680b0f	12	131319247	131331871	8	-1.0021
c122bb36-5144-4e38-8d46-24eb3e680b0f	12	131332260	133201603	873	0.0376
c122bb36-5144-4e38-8d46-24eb3e680b0f	13	18452809	23911963	3500	0.0003
c122bb36-5144-4e38-8d46-24eb3e680b0f	13	23912005	23921773	8	-1.3081
c122bb36-5144-4e38-8d46-24eb3e680b0f	13	23922979	57128433	22398	0.0087
c122bb36-5144-4e38-8d46-24eb3e680b0f	13	57128885	57204246	54	-0.4214
c122bb36-5144-4e38-8d46-24eb3e680b0f	13	57215580	81228506	15434	0.0001
c122bb36-5144-4e38-8d46-24eb3e680b0f	13	81231551	81237549	2	-2.6082
c122bb36-5144-4e38-8d46-24eb3e680b0f	13	81241730	114342922	22538	-0.0091
c122bb36-5144-4e38-8d46-24eb3e680b0f	14	18239283	22066233	1617	-0.0024
c122bb36-5144-4e38-8d46-24eb3e680b0f	14	22066726	22067807	2	-3.2179
c122bb36-5144-4e38-8d46-24eb3e680b0f	14	22069113	22139542	71	-0.1609
c122bb36-5144-4e38-8d46-24eb3e680b0f	14	22143351	22145736	11	-1.2447
c122bb36-5144-4e38-8d46-24eb3e680b0f	14	22147511	24472931	1429	-0.0152
c122bb36-5144-4e38-8d46-24eb3e680b0f	14	24474395	24474915	3	-2.1171
c122bb36-5144-4e38-8d46-24eb3e680b0f	14	24476835	24479975	10	-0.0452
c122bb36-5144-4e38-8d46-24eb3e680b0f	14	24481618	24484996	9	-0.6309
c122bb36-5144-4e38-8d46-24eb3e680b0f	14	24485427	25288645	603	0.0215
c122bb36-5144-4e38-8d46-24eb3e680b0f	14	25289020	25289828	2	-1.3994
c122bb36-5144-4e38-8d46-24eb3e680b0f	14	25290943	26120234	553	-0.0044
c122bb36-5144-4e38-8d46-24eb3e680b0f	14	26120348	26122390	5	-0.7218
c122bb36-5144-4e38-8d46-24eb3e680b0f	14	26126645	26314697	172	-0.028
c122bb36-5144-4e38-8d46-24eb3e680b0f	14	26314707	26314712	6	0.9332
c122bb36-5144-4e38-8d46-24eb3e680b0f	14	26325898	30205692	2213	-0.0182
c122bb36-5144-4e38-8d46-24eb3e680b0f	14	30205966	30216415	13	-0.8153
c122bb36-5144-4e38-8d46-24eb3e680b0f	14	30217364	48067723	11086	-0.0061
c122bb36-5144-4e38-8d46-24eb3e680b0f	14	48067728	48083311	11	-1.0095
c122bb36-5144-4e38-8d46-24eb3e680b0f	14	48091437	81497262	21508	0.0083
c122bb36-5144-4e38-8d46-24eb3e680b0f	14	81500649	81501005	2	-3.0639
c122bb36-5144-4e38-8d46-24eb3e680b0f	14	81502779	92519695	7195	0.0051
c122bb36-5144-4e38-8d46-24eb3e680b0f	14	92522151	92522210	2	-2.0923
c122bb36-5144-4e38-8d46-24eb3e680b0f	14	92522453	96092258	2639	-0.0041
c122bb36-5144-4e38-8d46-24eb3e680b0f	14	96092357	96093454	2	-1.7245
c122bb36-5144-4e38-8d46-24eb3e680b0f	14	96095744	98738228	2077	0.061
c122bb36-5144-4e38-8d46-24eb3e680b0f	14	98741191	105656902	3493	0.004
c122bb36-5144-4e38-8d46-24eb3e680b0f	14	105659061	106258891	181	0.1447
c122bb36-5144-4e38-8d46-24eb3e680b0f	14	106260759	106271566	8	-0.5452
c122bb36-5144-4e38-8d46-24eb3e680b0f	14	106279645	106297265	10	0.3541
c122bb36-5144-4e38-8d46-24eb3e680b0f	14	106297268	106297273	2	-1.8384
c122bb36-5144-4e38-8d46-24eb3e680b0f	14	106297409	106365807	25	-0.0693
c122bb36-5144-4e38-8d46-24eb3e680b0f	14	106369985	106646232	153	0.3148
c122bb36-5144-4e38-8d46-24eb3e680b0f	14	106647269	106696326	38	-0.0809
c122bb36-5144-4e38-8d46-24eb3e680b0f	14	106696342	106776512	16	0.5626
c122bb36-5144-4e38-8d46-24eb3e680b0f	14	106779223	106877229	63	-0.0184
c122bb36-5144-4e38-8d46-24eb3e680b0f	15	19811075	20041902	49	0.0552
c122bb36-5144-4e38-8d46-24eb3e680b0f	15	20056983	20373168	39	0.4475
c122bb36-5144-4e38-8d46-24eb3e680b0f	15	20376198	20376202	5	-0.7144
c122bb36-5144-4e38-8d46-24eb3e680b0f	15	20376309	22395047	115	0.5356
c122bb36-5144-4e38-8d46-24eb3e680b0f	15	22413894	24424509	989	0.002
c122bb36-5144-4e38-8d46-24eb3e680b0f	15	24424598	24473026	34	-0.5438
c122bb36-5144-4e38-8d46-24eb3e680b0f	15	24473449	26977677	1783	-0.0214
c122bb36-5144-4e38-8d46-24eb3e680b0f	15	26978664	26985752	9	-1.3091
c122bb36-5144-4e38-8d46-24eb3e680b0f	15	26986273	29119844	1142	-0.0096
c122bb36-5144-4e38-8d46-24eb3e680b0f	15	29123357	29150322	19	-0.6719
c122bb36-5144-4e38-8d46-24eb3e680b0f	15	29150454	47405844	11002	-0.0007
c122bb36-5144-4e38-8d46-24eb3e680b0f	15	47408600	47409188	3	-2.0414
c122bb36-5144-4e38-8d46-24eb3e680b0f	15	47409769	48855475	1009	-0.0173
c122bb36-5144-4e38-8d46-24eb3e680b0f	15	48856159	48865766	6	-0.8478
c122bb36-5144-4e38-8d46-24eb3e680b0f	15	48867949	53357190	2722	-0.0058
c122bb36-5144-4e38-8d46-24eb3e680b0f	15	53358220	53379748	15	-1.0378
c122bb36-5144-4e38-8d46-24eb3e680b0f	15	53382529	54213948	671	-0.0127
c122bb36-5144-4e38-8d46-24eb3e680b0f	15	54214194	54216584	4	-1.3252
c122bb36-5144-4e38-8d46-24eb3e680b0f	15	54216766	54843074	455	-0.0218
c122bb36-5144-4e38-8d46-24eb3e680b0f	15	54843637	54844557	6	-0.7109
c122bb36-5144-4e38-8d46-24eb3e680b0f	15	54844577	56494995	985	-0.0057
c122bb36-5144-4e38-8d46-24eb3e680b0f	15	56495478	56509425	33	0.426
c122bb36-5144-4e38-8d46-24eb3e680b0f	15	56509503	61391762	3606	0.0175
c122bb36-5144-4e38-8d46-24eb3e680b0f	15	61392006	61395992	3	-1.1997
c122bb36-5144-4e38-8d46-24eb3e680b0f	15	61397901	62693003	1005	0.022
c122bb36-5144-4e38-8d46-24eb3e680b0f	15	62697576	62697650	2	-2.683
c122bb36-5144-4e38-8d46-24eb3e680b0f	15	62698210	76586021	8094	0.0169
c122bb36-5144-4e38-8d46-24eb3e680b0f	15	76598900	76603434	22	1.2467
c122bb36-5144-4e38-8d46-24eb3e680b0f	15	76609838	101928837	17564	-0.0033
c122bb36-5144-4e38-8d46-24eb3e680b0f	16	10777	6752434	4090	-0.0292
c122bb36-5144-4e38-8d46-24eb3e680b0f	16	6755912	6785413	47	-0.4576
c122bb36-5144-4e38-8d46-24eb3e680b0f	16	6785677	7551939	935	-0.0367
c122bb36-5144-4e38-8d46-24eb3e680b0f	16	7553665	7564080	26	-0.5013
c122bb36-5144-4e38-8d46-24eb3e680b0f	16	7564874	7879675	394	0.0065
c122bb36-5144-4e38-8d46-24eb3e680b0f	16	7881283	7889148	12	-0.6649
c122bb36-5144-4e38-8d46-24eb3e680b0f	16	7889766	9022048	1007	-0.0293
c122bb36-5144-4e38-8d46-24eb3e680b0f	16	9024742	9024958	2	-2.3483
c122bb36-5144-4e38-8d46-24eb3e680b0f	16	9026026	9646683	568	-0.021
c122bb36-5144-4e38-8d46-24eb3e680b0f	16	9647486	9648221	3	1.4999
c122bb36-5144-4e38-8d46-24eb3e680b0f	16	9649556	14359638	3834	-0.0094
c122bb36-5144-4e38-8d46-24eb3e680b0f	16	14361476	16246583	798	0.0793
c122bb36-5144-4e38-8d46-24eb3e680b0f	16	16259309	16268505	2	-2.9446
c122bb36-5144-4e38-8d46-24eb3e680b0f	16	16269368	18335528	1022	0.0535
c122bb36-5144-4e38-8d46-24eb3e680b0f	16	18540265	18545889	3	2.0907
c122bb36-5144-4e38-8d46-24eb3e680b0f	16	18583078	18713525	13	0.6005
c122bb36-5144-4e38-8d46-24eb3e680b0f	16	18714714	20476785	1098	0.0096
c122bb36-5144-4e38-8d46-24eb3e680b0f	16	20476786	20522198	28	-0.7197
c122bb36-5144-4e38-8d46-24eb3e680b0f	16	20522319	21348993	460	0.0379
c122bb36-5144-4e38-8d46-24eb3e680b0f	16	21349109	22714893	478	0.1703
c122bb36-5144-4e38-8d46-24eb3e680b0f	16	22714914	26007290	2255	0.0191
c122bb36-5144-4e38-8d46-24eb3e680b0f	16	26008507	26904141	720	-0.0097
c122bb36-5144-4e38-8d46-24eb3e680b0f	16	26906833	26907090	2	-3.3706
c122bb36-5144-4e38-8d46-24eb3e680b0f	16	26910566	29269733	1214	-0.0049
c122bb36-5144-4e38-8d46-24eb3e680b0f	16	29269734	29272383	3	-1.4485
c122bb36-5144-4e38-8d46-24eb3e680b0f	16	29276882	55762682	7867	0.0032
c122bb36-5144-4e38-8d46-24eb3e680b0f	16	55764310	55764867	3	2.6296
c122bb36-5144-4e38-8d46-24eb3e680b0f	16	55770436	58909081	1897	-0.0095
c122bb36-5144-4e38-8d46-24eb3e680b0f	16	58913571	58914327	3	-4.2181
c122bb36-5144-4e38-8d46-24eb3e680b0f	16	58921751	66125395	4980	-0.0236
c122bb36-5144-4e38-8d46-24eb3e680b0f	16	66128326	66129164	4	-1.7995
c122bb36-5144-4e38-8d46-24eb3e680b0f	16	66133829	82002575	11362	-0.0032
c122bb36-5144-4e38-8d46-24eb3e680b0f	16	82004069	82004268	2	-1.9619
c122bb36-5144-4e38-8d46-24eb3e680b0f	16	82010424	82671617	753	0.0025
c122bb36-5144-4e38-8d46-24eb3e680b0f	16	82672044	82677899	13	-0.6668
c122bb36-5144-4e38-8d46-24eb3e680b0f	16	82678427	84009243	1590	0.0044
c122bb36-5144-4e38-8d46-24eb3e680b0f	16	84011095	84019057	11	-0.7472
c122bb36-5144-4e38-8d46-24eb3e680b0f	16	84022882	84178112	107	-0.0406
c122bb36-5144-4e38-8d46-24eb3e680b0f	16	84183000	84199930	20	-0.6313
c122bb36-5144-4e38-8d46-24eb3e680b0f	16	84199961	84357821	175	-0.0088
c122bb36-5144-4e38-8d46-24eb3e680b0f	16	84360565	84361955	3	-1.3558
c122bb36-5144-4e38-8d46-24eb3e680b0f	16	84362668	84462507	89	-0.0786
c122bb36-5144-4e38-8d46-24eb3e680b0f	16	84462657	84465175	9	-1.3284
c122bb36-5144-4e38-8d46-24eb3e680b0f	16	84471782	90096867	3841	-0.0204
c122bb36-5144-4e38-8d46-24eb3e680b0f	17	150733	525007	174	-0.0915
c122bb36-5144-4e38-8d46-24eb3e680b0f	17	526404	526418	2	2.3529
c122bb36-5144-4e38-8d46-24eb3e680b0f	17	526894	11201685	6391	0.0118
c122bb36-5144-4e38-8d46-24eb3e680b0f	17	11202477	11212570	7	-1.0346
c122bb36-5144-4e38-8d46-24eb3e680b0f	17	11213200	12991489	1328	0.0053
c122bb36-5144-4e38-8d46-24eb3e680b0f	17	12992498	12992538	2	2.0279
c122bb36-5144-4e38-8d46-24eb3e680b0f	17	12992667	15581557	2073	-0.0091
c122bb36-5144-4e38-8d46-24eb3e680b0f	17	15586786	15586837	2	-2.1597
c122bb36-5144-4e38-8d46-24eb3e680b0f	17	15587808	18414080	1392	0.0068
c122bb36-5144-4e38-8d46-24eb3e680b0f	17	18452078	18561907	27	1.053
c122bb36-5144-4e38-8d46-24eb3e680b0f	17	18565883	33708273	5063	0.0206
c122bb36-5144-4e38-8d46-24eb3e680b0f	17	33709157	33826661	106	-0.2153
c122bb36-5144-4e38-8d46-24eb3e680b0f	17	33826980	36120012	1660	0.0209
c122bb36-5144-4e38-8d46-24eb3e680b0f	17	36121793	36157718	27	0.6453
c122bb36-5144-4e38-8d46-24eb3e680b0f	17	36200725	39712252	1661	0.0129
c122bb36-5144-4e38-8d46-24eb3e680b0f	17	39712276	39712435	4	2.3598
c122bb36-5144-4e38-8d46-24eb3e680b0f	17	39712509	41266838	860	0.0469
c122bb36-5144-4e38-8d46-24eb3e680b0f	17	41266851	41274279	19	-1.182
c122bb36-5144-4e38-8d46-24eb3e680b0f	17	41276472	41360793	79	0.0824
c122bb36-5144-4e38-8d46-24eb3e680b0f	17	41360830	41366243	24	0.4221
c122bb36-5144-4e38-8d46-24eb3e680b0f	17	41370057	43354897	1002	0.0319
c122bb36-5144-4e38-8d46-24eb3e680b0f	17	43361222	43362553	3	1.5516
c122bb36-5144-4e38-8d46-24eb3e680b0f	17	43366336	46169631	1458	0.0178
c122bb36-5144-4e38-8d46-24eb3e680b0f	17	46169798	46286804	55	-0.2799
c122bb36-5144-4e38-8d46-24eb3e680b0f	17	46323701	46351954	2	0.7333
c122bb36-5144-4e38-8d46-24eb3e680b0f	17	46446345	46446360	2	3.2146
c122bb36-5144-4e38-8d46-24eb3e680b0f	17	46569894	57263080	6710	0.0083
c122bb36-5144-4e38-8d46-24eb3e680b0f	17	57267741	66797215	5062	0.0406
c122bb36-5144-4e38-8d46-24eb3e680b0f	17	66801017	74538828	5429	0.0008
c122bb36-5144-4e38-8d46-24eb3e680b0f	17	74539182	74540762	3	-1.9512
c122bb36-5144-4e38-8d46-24eb3e680b0f	17	74541040	74653324	93	-0.2478
c122bb36-5144-4e38-8d46-24eb3e680b0f	17	74655597	79370707	2592	-0.0003
c122bb36-5144-4e38-8d46-24eb3e680b0f	17	79372071	79406159	20	-0.5248
c122bb36-5144-4e38-8d46-24eb3e680b0f	17	79407482	80022981	257	0.0088
c122bb36-5144-4e38-8d46-24eb3e680b0f	17	80030294	80030491	3	-1.2193
c122bb36-5144-4e38-8d46-24eb3e680b0f	17	80033814	80660743	387	-0.0055
c122bb36-5144-4e38-8d46-24eb3e680b0f	17	80667490	80668820	2	-2.0942
c122bb36-5144-4e38-8d46-24eb3e680b0f	17	80670218	83091923	943	-0.0007
c122bb36-5144-4e38-8d46-24eb3e680b0f	18	48133	445309	281	0.0246
c122bb36-5144-4e38-8d46-24eb3e680b0f	18	446277	454728	3	-1.5695
c122bb36-5144-4e38-8d46-24eb3e680b0f	18	455128	2638564	1599	-0.0246
c122bb36-5144-4e38-8d46-24eb3e680b0f	18	2639452	2641859	6	-1.118
c122bb36-5144-4e38-8d46-24eb3e680b0f	18	2642721	3261224	400	0.0476
c122bb36-5144-4e38-8d46-24eb3e680b0f	18	3265015	3268552	6	-0.8698
c122bb36-5144-4e38-8d46-24eb3e680b0f	18	3268660	5963764	1919	-0.0016
c122bb36-5144-4e38-8d46-24eb3e680b0f	18	5963906	5965670	4	-1.5246
c122bb36-5144-4e38-8d46-24eb3e680b0f	18	5966159	13801920	5575	-0.0177
c122bb36-5144-4e38-8d46-24eb3e680b0f	18	13803345	13803520	2	-1.7503
c122bb36-5144-4e38-8d46-24eb3e680b0f	18	13804044	28613464	5229	-0.0086
c122bb36-5144-4e38-8d46-24eb3e680b0f	18	28613572	28616166	5	-2.0124
c122bb36-5144-4e38-8d46-24eb3e680b0f	18	28616668	70424559	28377	-0.0017
c122bb36-5144-4e38-8d46-24eb3e680b0f	18	70431004	70497342	35	0.5171
c122bb36-5144-4e38-8d46-24eb3e680b0f	18	70497538	80257174	7145	-0.0181
c122bb36-5144-4e38-8d46-24eb3e680b0f	19	90910	4417848	1163	-0.0722
c122bb36-5144-4e38-8d46-24eb3e680b0f	19	4423834	17175065	6281	0.0278
c122bb36-5144-4e38-8d46-24eb3e680b0f	19	17176766	19814614	1083	-0.0185
c122bb36-5144-4e38-8d46-24eb3e680b0f	19	19817391	20932567	651	0.1488
c122bb36-5144-4e38-8d46-24eb3e680b0f	19	20938383	20971362	31	0.0067
c122bb36-5144-4e38-8d46-24eb3e680b0f	19	20972535	20982361	7	-0.7638
c122bb36-5144-4e38-8d46-24eb3e680b0f	19	20985642	22348056	783	0.0532
c122bb36-5144-4e38-8d46-24eb3e680b0f	19	22350715	22350836	2	-1.8362
c122bb36-5144-4e38-8d46-24eb3e680b0f	19	22351508	27474607	1146	0.0486
c122bb36-5144-4e38-8d46-24eb3e680b0f	19	27507658	33884937	4543	-0.004
c122bb36-5144-4e38-8d46-24eb3e680b0f	19	33887081	35358159	970	0.0444
c122bb36-5144-4e38-8d46-24eb3e680b0f	19	35358269	35365384	11	0.5779
c122bb36-5144-4e38-8d46-24eb3e680b0f	19	35365657	36265950	444	0.028
c122bb36-5144-4e38-8d46-24eb3e680b0f	19	36267995	36334556	6	-1.1282
c122bb36-5144-4e38-8d46-24eb3e680b0f	19	36336037	43305795	3467	0.0345
c122bb36-5144-4e38-8d46-24eb3e680b0f	19	43307659	43313722	5	-1.9544
c122bb36-5144-4e38-8d46-24eb3e680b0f	19	43313843	58586487	8444	0.0447
c122bb36-5144-4e38-8d46-24eb3e680b0f	20	80664	112174	33	0.1178
c122bb36-5144-4e38-8d46-24eb3e680b0f	20	112858	122021	6	-0.9878
c122bb36-5144-4e38-8d46-24eb3e680b0f	20	125789	1576544	1140	0.0261
c122bb36-5144-4e38-8d46-24eb3e680b0f	20	1576573	1601561	56	-0.4109
c122bb36-5144-4e38-8d46-24eb3e680b0f	20	1609611	64324800	41029	-0.0025
c122bb36-5144-4e38-8d46-24eb3e680b0f	21	10354168	22408526	6365	-0.0179
c122bb36-5144-4e38-8d46-24eb3e680b0f	21	22410388	22413165	2	-2.6001
c122bb36-5144-4e38-8d46-24eb3e680b0f	21	22414619	46677045	17431	-0.0038
c122bb36-5144-4e38-8d46-24eb3e680b0f	22	15294547	16804770	164	0.068
c122bb36-5144-4e38-8d46-24eb3e680b0f	22	16805257	16819011	4	-1.5154
c122bb36-5144-4e38-8d46-24eb3e680b0f	22	16819430	20052299	1699	-0.006
c122bb36-5144-4e38-8d46-24eb3e680b0f	22	20052344	20066031	9	-1.1135
c122bb36-5144-4e38-8d46-24eb3e680b0f	22	20069620	20621700	310	0.0218
c122bb36-5144-4e38-8d46-24eb3e680b0f	22	20622790	20624104	3	-2.1108
c122bb36-5144-4e38-8d46-24eb3e680b0f	22	20624210	20727852	63	-0.0224
c122bb36-5144-4e38-8d46-24eb3e680b0f	22	20728297	20947378	290	0.1569
c122bb36-5144-4e38-8d46-24eb3e680b0f	22	20947505	22026345	425	0.0198
c122bb36-5144-4e38-8d46-24eb3e680b0f	22	22027139	22027436	6	0.4059
c122bb36-5144-4e38-8d46-24eb3e680b0f	22	22027710	22027946	6	0.9114
c122bb36-5144-4e38-8d46-24eb3e680b0f	22	22032036	22148333	202	0.1638
c122bb36-5144-4e38-8d46-24eb3e680b0f	22	22148457	22151020	20	0.6456
c122bb36-5144-4e38-8d46-24eb3e680b0f	22	22154015	22870526	487	0.1098
c122bb36-5144-4e38-8d46-24eb3e680b0f	22	22871187	38124880	11057	0.0107
c122bb36-5144-4e38-8d46-24eb3e680b0f	22	38125594	38125864	2	-2.1075
c122bb36-5144-4e38-8d46-24eb3e680b0f	22	38128732	42473994	2352	0.0138
c122bb36-5144-4e38-8d46-24eb3e680b0f	22	42475109	42483049	5	-1.128
c122bb36-5144-4e38-8d46-24eb3e680b0f	22	42488991	42768404	142	0.0315
c122bb36-5144-4e38-8d46-24eb3e680b0f	22	42775258	42776302	2	-2.0917
c122bb36-5144-4e38-8d46-24eb3e680b0f	22	42780275	48968037	4813	0.0066
c122bb36-5144-4e38-8d46-24eb3e680b0f	22	48968852	49679606	657	-0.1682
c122bb36-5144-4e38-8d46-24eb3e680b0f	22	49681615	50796027	498	-0.0143
c122bb36-5144-4e38-8d46-24eb3e680b0f	X	251810	395560	10	0.2927
c122bb36-5144-4e38-8d46-24eb3e680b0f	X	417141	427040	5	-1.1114
c122bb36-5144-4e38-8d46-24eb3e680b0f	X	440787	4125976	898	0.0609
c122bb36-5144-4e38-8d46-24eb3e680b0f	X	4125980	4128902	2	-1.9167
c122bb36-5144-4e38-8d46-24eb3e680b0f	X	4130583	16454178	9104	0.0183
c122bb36-5144-4e38-8d46-24eb3e680b0f	X	16454267	16459938	29	-0.4473
c122bb36-5144-4e38-8d46-24eb3e680b0f	X	16462476	22826954	3591	0.0079
c122bb36-5144-4e38-8d46-24eb3e680b0f	X	22828888	22838619	21	-0.6732
c122bb36-5144-4e38-8d46-24eb3e680b0f	X	22838845	32965828	6728	0.001
c122bb36-5144-4e38-8d46-24eb3e680b0f	X	32969337	32969498	2	-1.7382
c122bb36-5144-4e38-8d46-24eb3e680b0f	X	32970141	38031376	2953	-0.0095
c122bb36-5144-4e38-8d46-24eb3e680b0f	X	38032363	38108224	58	-0.3507
c122bb36-5144-4e38-8d46-24eb3e680b0f	X	38109707	56630035	9055	0.0151
c122bb36-5144-4e38-8d46-24eb3e680b0f	X	56635479	56646272	3	-2.0218
c122bb36-5144-4e38-8d46-24eb3e680b0f	X	56652478	155952689	50906	0
c122bb36-5144-4e38-8d46-24eb3e680b0f	Y	2782397	3037955	126	-3.0044
c122bb36-5144-4e38-8d46-24eb3e680b0f	Y	3039405	6075631	592	-2.5067
c122bb36-5144-4e38-8d46-24eb3e680b0f	Y	6076562	56872112	5920	-3.0799
