GDC_Aliquot	Chromosome	Start	End	Num_Probes	Segment_Mean
85cdc29d-5d38-4e73-81a5-c236c78bfefd	1	62920	6908352	3225	-0.583
85cdc29d-5d38-4e73-81a5-c236c78bfefd	1	6908365	10588748	2098	0.0047
85cdc29d-5d38-4e73-81a5-c236c78bfefd	1	10589000	10589166	2	-1.5034
85cdc29d-5d38-4e73-81a5-c236c78bfefd	1	10590287	16504325	3295	0.0149
85cdc29d-5d38-4e73-81a5-c236c78bfefd	1	16505368	16617327	15	-0.4944
85cdc29d-5d38-4e73-81a5-c236c78bfefd	1	16627347	25276440	5366	0
85cdc29d-5d38-4e73-81a5-c236c78bfefd	1	25277975	25320455	14	0.6134
85cdc29d-5d38-4e73-81a5-c236c78bfefd	1	25336819	121598439	59475	0.0048
85cdc29d-5d38-4e73-81a5-c236c78bfefd	1	121601998	144442098	134	-0.7751
85cdc29d-5d38-4e73-81a5-c236c78bfefd	1	144442342	152583051	2305	0.0179
85cdc29d-5d38-4e73-81a5-c236c78bfefd	1	152583230	152614064	33	1.5887
85cdc29d-5d38-4e73-81a5-c236c78bfefd	1	152614100	156510532	2114	0.0032
85cdc29d-5d38-4e73-81a5-c236c78bfefd	1	156510597	156578372	42	0.3515
85cdc29d-5d38-4e73-81a5-c236c78bfefd	1	156580437	164852545	5810	0.0151
85cdc29d-5d38-4e73-81a5-c236c78bfefd	1	164853962	164855770	2	-1.4623
85cdc29d-5d38-4e73-81a5-c236c78bfefd	1	164857517	166817454	1666	0.0216
85cdc29d-5d38-4e73-81a5-c236c78bfefd	1	166822478	169247699	1840	0.3693
85cdc29d-5d38-4e73-81a5-c236c78bfefd	1	169264736	169272528	7	-1.8914
85cdc29d-5d38-4e73-81a5-c236c78bfefd	1	169273163	186982297	11658	0.3752
85cdc29d-5d38-4e73-81a5-c236c78bfefd	1	186983277	191192800	2805	0.42
85cdc29d-5d38-4e73-81a5-c236c78bfefd	1	191193563	191851594	399	0.3771
85cdc29d-5d38-4e73-81a5-c236c78bfefd	1	191851794	191851809	2	-0.7192
85cdc29d-5d38-4e73-81a5-c236c78bfefd	1	191852398	194479104	1846	0.3773
85cdc29d-5d38-4e73-81a5-c236c78bfefd	1	194482281	194485888	2	-1.3158
85cdc29d-5d38-4e73-81a5-c236c78bfefd	1	194487886	196745743	1451	0.3943
85cdc29d-5d38-4e73-81a5-c236c78bfefd	1	196758720	196846661	61	0.0191
85cdc29d-5d38-4e73-81a5-c236c78bfefd	1	196847600	204480306	4970	0.3885
85cdc29d-5d38-4e73-81a5-c236c78bfefd	1	204483000	204509302	16	0.8771
85cdc29d-5d38-4e73-81a5-c236c78bfefd	1	204519463	207940386	2136	0.3787
85cdc29d-5d38-4e73-81a5-c236c78bfefd	1	207945234	207966819	24	0.897
85cdc29d-5d38-4e73-81a5-c236c78bfefd	1	207966864	229675422	14663	0.3887
85cdc29d-5d38-4e73-81a5-c236c78bfefd	1	229681109	229684709	4	-2.4192
85cdc29d-5d38-4e73-81a5-c236c78bfefd	1	229684738	235370202	4337	0.3914
85cdc29d-5d38-4e73-81a5-c236c78bfefd	1	235375705	235547476	99	0.7331
85cdc29d-5d38-4e73-81a5-c236c78bfefd	1	235549081	248546369	9357	0.3925
85cdc29d-5d38-4e73-81a5-c236c78bfefd	1	248550567	248633912	35	-0.5027
85cdc29d-5d38-4e73-81a5-c236c78bfefd	1	248645563	248930189	141	0.4263
85cdc29d-5d38-4e73-81a5-c236c78bfefd	2	12784	17039898	12830	0.0259
85cdc29d-5d38-4e73-81a5-c236c78bfefd	2	17040053	17056694	45	-0.4826
85cdc29d-5d38-4e73-81a5-c236c78bfefd	2	17061270	35346806	11752	0.0127
85cdc29d-5d38-4e73-81a5-c236c78bfefd	2	35347087	35859449	440	0.1238
85cdc29d-5d38-4e73-81a5-c236c78bfefd	2	35859609	52527330	12033	0.0186
85cdc29d-5d38-4e73-81a5-c236c78bfefd	2	52527342	52554404	39	-1.8247
85cdc29d-5d38-4e73-81a5-c236c78bfefd	2	52560811	146106875	53191	0.0155
85cdc29d-5d38-4e73-81a5-c236c78bfefd	2	146106889	146121420	31	0.625
85cdc29d-5d38-4e73-81a5-c236c78bfefd	2	146122686	152915851	4180	0.0172
85cdc29d-5d38-4e73-81a5-c236c78bfefd	2	152917366	152918439	2	-1.901
85cdc29d-5d38-4e73-81a5-c236c78bfefd	2	152918802	154033296	691	0.006
85cdc29d-5d38-4e73-81a5-c236c78bfefd	2	154039462	154039969	2	-2.0533
85cdc29d-5d38-4e73-81a5-c236c78bfefd	2	154043710	192226117	23178	0.0181
85cdc29d-5d38-4e73-81a5-c236c78bfefd	2	192228956	194912622	1350	0.0807
85cdc29d-5d38-4e73-81a5-c236c78bfefd	2	194912767	207490231	7523	0.0158
85cdc29d-5d38-4e73-81a5-c236c78bfefd	2	207490454	207494612	16	-0.612
85cdc29d-5d38-4e73-81a5-c236c78bfefd	2	207494752	232377647	15868	0.0259
85cdc29d-5d38-4e73-81a5-c236c78bfefd	2	232377689	232423556	29	-0.3256
85cdc29d-5d38-4e73-81a5-c236c78bfefd	2	232424039	242147305	6163	0.0361
85cdc29d-5d38-4e73-81a5-c236c78bfefd	3	20930	182919	151	0.0582
85cdc29d-5d38-4e73-81a5-c236c78bfefd	3	188339	191117	4	-1.8159
85cdc29d-5d38-4e73-81a5-c236c78bfefd	3	193194	2753532	2231	0.042
85cdc29d-5d38-4e73-81a5-c236c78bfefd	3	2753674	10201649	6248	-0.0071
85cdc29d-5d38-4e73-81a5-c236c78bfefd	3	10201919	10210525	13	-0.5748
85cdc29d-5d38-4e73-81a5-c236c78bfefd	3	10210540	17499108	5084	-0.0107
85cdc29d-5d38-4e73-81a5-c236c78bfefd	3	17501710	17502521	2	-3.073
85cdc29d-5d38-4e73-81a5-c236c78bfefd	3	17504946	49960124	20630	-0.0111
85cdc29d-5d38-4e73-81a5-c236c78bfefd	3	49963463	55895016	3545	-0.5682
85cdc29d-5d38-4e73-81a5-c236c78bfefd	3	55895327	55897930	6	-2.3795
85cdc29d-5d38-4e73-81a5-c236c78bfefd	3	55898928	99674248	25943	-0.5837
85cdc29d-5d38-4e73-81a5-c236c78bfefd	3	99674551	101424941	985	0.0131
85cdc29d-5d38-4e73-81a5-c236c78bfefd	3	101428018	125950205	15033	0.3859
85cdc29d-5d38-4e73-81a5-c236c78bfefd	3	125954540	125957120	3	-1.3971
85cdc29d-5d38-4e73-81a5-c236c78bfefd	3	125961657	130044016	2381	0.3925
85cdc29d-5d38-4e73-81a5-c236c78bfefd	3	130044855	130087393	38	-1.0474
85cdc29d-5d38-4e73-81a5-c236c78bfefd	3	130088081	130152692	24	0.0393
85cdc29d-5d38-4e73-81a5-c236c78bfefd	3	130166725	132273893	1414	0.3872
85cdc29d-5d38-4e73-81a5-c236c78bfefd	3	132273929	132276840	3	-1.2036
85cdc29d-5d38-4e73-81a5-c236c78bfefd	3	132281633	134751765	1564	0.382
85cdc29d-5d38-4e73-81a5-c236c78bfefd	3	134751958	134752365	2	-1.9789
85cdc29d-5d38-4e73-81a5-c236c78bfefd	3	134752812	140823697	3718	0.3959
85cdc29d-5d38-4e73-81a5-c236c78bfefd	3	140826859	140828142	2	-1.6491
85cdc29d-5d38-4e73-81a5-c236c78bfefd	3	140841776	158632329	10922	0.394
85cdc29d-5d38-4e73-81a5-c236c78bfefd	3	158633095	158633756	2	-2.7038
85cdc29d-5d38-4e73-81a5-c236c78bfefd	3	158641083	162773237	2586	0.3966
85cdc29d-5d38-4e73-81a5-c236c78bfefd	3	162773276	162898127	82	0.7615
85cdc29d-5d38-4e73-81a5-c236c78bfefd	3	162906054	162908815	8	-0.2094
85cdc29d-5d38-4e73-81a5-c236c78bfefd	3	162910826	162996729	70	0.5223
85cdc29d-5d38-4e73-81a5-c236c78bfefd	3	162999939	163001774	2	-1.4276
85cdc29d-5d38-4e73-81a5-c236c78bfefd	3	163008371	173798242	6479	0.4054
85cdc29d-5d38-4e73-81a5-c236c78bfefd	3	173808194	173825661	15	0.8973
85cdc29d-5d38-4e73-81a5-c236c78bfefd	3	173829842	175382608	1113	0.3948
85cdc29d-5d38-4e73-81a5-c236c78bfefd	3	175383192	175709813	224	0.569
85cdc29d-5d38-4e73-81a5-c236c78bfefd	3	175710838	186980310	6749	0.3814
85cdc29d-5d38-4e73-81a5-c236c78bfefd	3	186983049	186983135	2	-2.1294
85cdc29d-5d38-4e73-81a5-c236c78bfefd	3	186991016	193072229	4422	0.397
85cdc29d-5d38-4e73-81a5-c236c78bfefd	3	193072477	193075398	2	-2.1851
85cdc29d-5d38-4e73-81a5-c236c78bfefd	3	193075629	193084770	6	-0.3228
85cdc29d-5d38-4e73-81a5-c236c78bfefd	3	193084990	193160256	67	0.3048
85cdc29d-5d38-4e73-81a5-c236c78bfefd	3	193160406	193165114	17	-1.0582
85cdc29d-5d38-4e73-81a5-c236c78bfefd	3	193168646	194920587	1160	0.4001
85cdc29d-5d38-4e73-81a5-c236c78bfefd	3	194920617	194921116	4	-2.1626
85cdc29d-5d38-4e73-81a5-c236c78bfefd	3	194921751	198169247	1527	0.4102
85cdc29d-5d38-4e73-81a5-c236c78bfefd	4	68929	3899125	1568	0.0269
85cdc29d-5d38-4e73-81a5-c236c78bfefd	4	3901987	4175446	73	-0.305
85cdc29d-5d38-4e73-81a5-c236c78bfefd	4	4176082	10208766	4050	0.0173
85cdc29d-5d38-4e73-81a5-c236c78bfefd	4	10212536	10232642	31	-1.551
85cdc29d-5d38-4e73-81a5-c236c78bfefd	4	10232984	34763542	16954	0.0066
85cdc29d-5d38-4e73-81a5-c236c78bfefd	4	34763561	34828250	52	0.4106
85cdc29d-5d38-4e73-81a5-c236c78bfefd	4	34828291	63839646	16549	0.0157
85cdc29d-5d38-4e73-81a5-c236c78bfefd	4	63839797	63842540	14	-0.652
85cdc29d-5d38-4e73-81a5-c236c78bfefd	4	63850713	68339382	2836	0.028
85cdc29d-5d38-4e73-81a5-c236c78bfefd	4	68340958	68620122	101	0.3318
85cdc29d-5d38-4e73-81a5-c236c78bfefd	4	68620261	77225887	5222	0.0159
85cdc29d-5d38-4e73-81a5-c236c78bfefd	4	77229951	77237359	14	-0.627
85cdc29d-5d38-4e73-81a5-c236c78bfefd	4	77238336	114254167	22428	0.0101
85cdc29d-5d38-4e73-81a5-c236c78bfefd	4	114254188	114261019	22	-1.3116
85cdc29d-5d38-4e73-81a5-c236c78bfefd	4	114263073	137017211	13103	0.0147
85cdc29d-5d38-4e73-81a5-c236c78bfefd	4	137017324	137027745	26	0.4305
85cdc29d-5d38-4e73-81a5-c236c78bfefd	4	137027974	137168393	93	0.0258
85cdc29d-5d38-4e73-81a5-c236c78bfefd	4	137170949	137173818	18	-0.536
85cdc29d-5d38-4e73-81a5-c236c78bfefd	4	137173967	151870485	8817	0.0047
85cdc29d-5d38-4e73-81a5-c236c78bfefd	4	151870502	151871415	10	-0.8074
85cdc29d-5d38-4e73-81a5-c236c78bfefd	4	151871739	181113174	18770	0.0148
85cdc29d-5d38-4e73-81a5-c236c78bfefd	4	181115847	181302618	158	-0.6694
85cdc29d-5d38-4e73-81a5-c236c78bfefd	4	181306889	181596420	270	-0.1418
85cdc29d-5d38-4e73-81a5-c236c78bfefd	4	181601723	188300104	4677	0.0215
85cdc29d-5d38-4e73-81a5-c236c78bfefd	4	188300206	188300221	2	-1.6353
85cdc29d-5d38-4e73-81a5-c236c78bfefd	4	188300270	189864410	1083	0.0484
85cdc29d-5d38-4e73-81a5-c236c78bfefd	4	189870388	190106768	59	-0.1335
85cdc29d-5d38-4e73-81a5-c236c78bfefd	5	15532	12800777	10173	-0.0137
85cdc29d-5d38-4e73-81a5-c236c78bfefd	5	12815668	12838421	14	-1.0051
85cdc29d-5d38-4e73-81a5-c236c78bfefd	5	12849089	33203704	12764	-0.0203
85cdc29d-5d38-4e73-81a5-c236c78bfefd	5	33208136	33253113	25	-0.6364
85cdc29d-5d38-4e73-81a5-c236c78bfefd	5	33255350	34346863	673	-0.0096
85cdc29d-5d38-4e73-81a5-c236c78bfefd	5	34347077	34355143	2	-1.504
85cdc29d-5d38-4e73-81a5-c236c78bfefd	5	34359282	42587630	5393	-0.0253
85cdc29d-5d38-4e73-81a5-c236c78bfefd	5	42590646	42600570	4	-0.9839
85cdc29d-5d38-4e73-81a5-c236c78bfefd	5	42606539	45423517	1308	-0.0413
85cdc29d-5d38-4e73-81a5-c236c78bfefd	5	45426298	46271828	268	0.069
85cdc29d-5d38-4e73-81a5-c236c78bfefd	5	46272419	46273400	5	-1.6856
85cdc29d-5d38-4e73-81a5-c236c78bfefd	5	46278110	58025819	5070	-0.0277
85cdc29d-5d38-4e73-81a5-c236c78bfefd	5	58030200	58037706	32	1.7162
85cdc29d-5d38-4e73-81a5-c236c78bfefd	5	58042530	98727347	23481	-0.0268
85cdc29d-5d38-4e73-81a5-c236c78bfefd	5	98728006	104515520	3330	0.3864
85cdc29d-5d38-4e73-81a5-c236c78bfefd	5	104524672	104524903	4	1.5415
85cdc29d-5d38-4e73-81a5-c236c78bfefd	5	104525348	177771448	48231	0.376
85cdc29d-5d38-4e73-81a5-c236c78bfefd	5	177800550	177805604	3	2.2258
85cdc29d-5d38-4e73-81a5-c236c78bfefd	5	177827964	181287470	1981	0.3762
85cdc29d-5d38-4e73-81a5-c236c78bfefd	5	181288108	181363319	3	-0.2226
85cdc29d-5d38-4e73-81a5-c236c78bfefd	6	149661	254283	101	-0.038
85cdc29d-5d38-4e73-81a5-c236c78bfefd	6	257353	380821	100	0.6902
85cdc29d-5d38-4e73-81a5-c236c78bfefd	6	381149	29772129	21349	0.0143
85cdc29d-5d38-4e73-81a5-c236c78bfefd	6	29776636	29777949	2	-1.8126
85cdc29d-5d38-4e73-81a5-c236c78bfefd	6	29777984	29869295	75	0.0115
85cdc29d-5d38-4e73-81a5-c236c78bfefd	6	29869410	29876257	10	-0.321
85cdc29d-5d38-4e73-81a5-c236c78bfefd	6	29876595	29882419	7	-1.2513
85cdc29d-5d38-4e73-81a5-c236c78bfefd	6	29882497	31309909	662	0.0041
85cdc29d-5d38-4e73-81a5-c236c78bfefd	6	31313046	31342147	13	-1.1676
85cdc29d-5d38-4e73-81a5-c236c78bfefd	6	31349570	32656527	555	0.0192
85cdc29d-5d38-4e73-81a5-c236c78bfefd	6	32656814	32658841	5	-1.4625
85cdc29d-5d38-4e73-81a5-c236c78bfefd	6	32682835	47205920	9327	0.0163
85cdc29d-5d38-4e73-81a5-c236c78bfefd	6	47209149	52013511	2864	-0.572
85cdc29d-5d38-4e73-81a5-c236c78bfefd	6	52018570	64637651	5724	0.0005
85cdc29d-5d38-4e73-81a5-c236c78bfefd	6	64639099	64640883	2	-1.6577
85cdc29d-5d38-4e73-81a5-c236c78bfefd	6	64640920	65000836	238	-0.0109
85cdc29d-5d38-4e73-81a5-c236c78bfefd	6	65001506	65021673	5	-0.8889
85cdc29d-5d38-4e73-81a5-c236c78bfefd	6	65022239	66328153	895	0.0482
85cdc29d-5d38-4e73-81a5-c236c78bfefd	6	66331020	66333004	6	-1.5548
85cdc29d-5d38-4e73-81a5-c236c78bfefd	6	66333299	78252576	7784	0.0102
85cdc29d-5d38-4e73-81a5-c236c78bfefd	6	78252864	78332092	122	-0.2785
85cdc29d-5d38-4e73-81a5-c236c78bfefd	6	78336049	93977259	10015	0.009
85cdc29d-5d38-4e73-81a5-c236c78bfefd	6	93978787	94531718	367	0.142
85cdc29d-5d38-4e73-81a5-c236c78bfefd	6	94532188	103286954	5067	0.0142
85cdc29d-5d38-4e73-81a5-c236c78bfefd	6	103290101	103314186	46	-0.9489
85cdc29d-5d38-4e73-81a5-c236c78bfefd	6	103317795	103982337	429	-0.0146
85cdc29d-5d38-4e73-81a5-c236c78bfefd	6	103982991	104004439	8	0.5677
85cdc29d-5d38-4e73-81a5-c236c78bfefd	6	104006186	104303713	168	0.0622
85cdc29d-5d38-4e73-81a5-c236c78bfefd	6	104304003	104304458	2	-1.673
85cdc29d-5d38-4e73-81a5-c236c78bfefd	6	104304472	136447316	20180	0.0049
85cdc29d-5d38-4e73-81a5-c236c78bfefd	6	136451562	170741917	23252	-0.5982
85cdc29d-5d38-4e73-81a5-c236c78bfefd	7	43355	6791305	3412	0.0064
85cdc29d-5d38-4e73-81a5-c236c78bfefd	7	6797375	7018793	75	-0.2408
85cdc29d-5d38-4e73-81a5-c236c78bfefd	7	7018950	8167226	1042	0.0104
85cdc29d-5d38-4e73-81a5-c236c78bfefd	7	8167877	8414265	208	0.1576
85cdc29d-5d38-4e73-81a5-c236c78bfefd	7	8414267	16797327	6768	0.0194
85cdc29d-5d38-4e73-81a5-c236c78bfefd	7	16797430	17726805	770	0.0871
85cdc29d-5d38-4e73-81a5-c236c78bfefd	7	17727580	54305455	26148	0.0117
85cdc29d-5d38-4e73-81a5-c236c78bfefd	7	54318812	54318824	6	-2.1373
85cdc29d-5d38-4e73-81a5-c236c78bfefd	7	54325795	76812620	8347	-0.006
85cdc29d-5d38-4e73-81a5-c236c78bfefd	7	76817005	76866635	31	0.5872
85cdc29d-5d38-4e73-81a5-c236c78bfefd	7	76870222	77093078	49	0.1462
85cdc29d-5d38-4e73-81a5-c236c78bfefd	7	77105116	77106361	2	1.7054
85cdc29d-5d38-4e73-81a5-c236c78bfefd	7	77109303	88609917	7469	0.0123
85cdc29d-5d38-4e73-81a5-c236c78bfefd	7	88610122	89580299	670	0.1058
85cdc29d-5d38-4e73-81a5-c236c78bfefd	7	89582890	109793690	11830	-0.0053
85cdc29d-5d38-4e73-81a5-c236c78bfefd	7	109793720	109797715	18	0.4925
85cdc29d-5d38-4e73-81a5-c236c78bfefd	7	109797717	126405597	10042	0.002
85cdc29d-5d38-4e73-81a5-c236c78bfefd	7	126405632	126412712	16	-0.6209
85cdc29d-5d38-4e73-81a5-c236c78bfefd	7	126414344	134089581	4676	-0.028
85cdc29d-5d38-4e73-81a5-c236c78bfefd	7	134090386	134110881	33	0.3897
85cdc29d-5d38-4e73-81a5-c236c78bfefd	7	134110912	135885440	1263	-0.0107
85cdc29d-5d38-4e73-81a5-c236c78bfefd	7	135886540	135888034	3	-1.1979
85cdc29d-5d38-4e73-81a5-c236c78bfefd	7	135888492	142054523	3916	-0.0295
85cdc29d-5d38-4e73-81a5-c236c78bfefd	7	142055395	142092108	41	-0.5765
85cdc29d-5d38-4e73-81a5-c236c78bfefd	7	142092307	159334314	10848	-0.0097
85cdc29d-5d38-4e73-81a5-c236c78bfefd	8	81254	7064168	7677	0.0525
85cdc29d-5d38-4e73-81a5-c236c78bfefd	8	7064355	8234503	108	-0.1788
85cdc29d-5d38-4e73-81a5-c236c78bfefd	8	8235660	8426157	180	0.0645
85cdc29d-5d38-4e73-81a5-c236c78bfefd	8	8429535	8433847	6	-0.9465
85cdc29d-5d38-4e73-81a5-c236c78bfefd	8	8434235	12176798	3034	0.0309
85cdc29d-5d38-4e73-81a5-c236c78bfefd	8	12177488	12496221	35	-0.6963
85cdc29d-5d38-4e73-81a5-c236c78bfefd	8	12496252	15695423	2840	0.033
85cdc29d-5d38-4e73-81a5-c236c78bfefd	8	15702221	15914708	266	-0.5946
85cdc29d-5d38-4e73-81a5-c236c78bfefd	8	15916786	89424859	45101	0.0152
85cdc29d-5d38-4e73-81a5-c236c78bfefd	8	89439732	89499986	29	-0.5267
85cdc29d-5d38-4e73-81a5-c236c78bfefd	8	89501438	111282417	13226	0.0085
85cdc29d-5d38-4e73-81a5-c236c78bfefd	8	111282441	111283016	5	-1.3998
85cdc29d-5d38-4e73-81a5-c236c78bfefd	8	111283031	145072769	22883	0.0148
85cdc29d-5d38-4e73-81a5-c236c78bfefd	9	46587	11262339	10673	0.0264
85cdc29d-5d38-4e73-81a5-c236c78bfefd	9	11262638	12762375	1161	0.1059
85cdc29d-5d38-4e73-81a5-c236c78bfefd	9	12762493	40018947	19292	0.0166
85cdc29d-5d38-4e73-81a5-c236c78bfefd	9	40099591	41644133	87	-0.2315
85cdc29d-5d38-4e73-81a5-c236c78bfefd	9	41644133	41666811	7	-1.5117
85cdc29d-5d38-4e73-81a5-c236c78bfefd	9	41703463	68398884	311	-0.1824
85cdc29d-5d38-4e73-81a5-c236c78bfefd	9	68404657	76527389	5956	0.0107
85cdc29d-5d38-4e73-81a5-c236c78bfefd	9	76535422	76549730	17	-0.603
85cdc29d-5d38-4e73-81a5-c236c78bfefd	9	76550024	77154478	516	0.0128
85cdc29d-5d38-4e73-81a5-c236c78bfefd	9	77155482	77162152	26	0.6293
85cdc29d-5d38-4e73-81a5-c236c78bfefd	9	77162169	128093053	35946	0.0048
85cdc29d-5d38-4e73-81a5-c236c78bfefd	9	128093258	128164018	37	0.3838
85cdc29d-5d38-4e73-81a5-c236c78bfefd	9	128171504	137339957	4924	0.0124
85cdc29d-5d38-4e73-81a5-c236c78bfefd	9	137356366	137520818	53	-0.428
85cdc29d-5d38-4e73-81a5-c236c78bfefd	9	137523622	138119269	341	0.0321
85cdc29d-5d38-4e73-81a5-c236c78bfefd	9	138123971	138200944	21	-0.5737
85cdc29d-5d38-4e73-81a5-c236c78bfefd	10	45792	14969326	12681	0.0086
85cdc29d-5d38-4e73-81a5-c236c78bfefd	10	14970362	15015796	17	-0.5224
85cdc29d-5d38-4e73-81a5-c236c78bfefd	10	15018277	19316636	3242	-0.0119
85cdc29d-5d38-4e73-81a5-c236c78bfefd	10	19316654	19319014	2	-1.2943
85cdc29d-5d38-4e73-81a5-c236c78bfefd	10	19319242	20844253	1292	0.0007
85cdc29d-5d38-4e73-81a5-c236c78bfefd	10	20846501	20850450	8	-0.8282
85cdc29d-5d38-4e73-81a5-c236c78bfefd	10	20850599	41806669	11805	-0.004
85cdc29d-5d38-4e73-81a5-c236c78bfefd	10	42118988	42264605	25	-0.5521
85cdc29d-5d38-4e73-81a5-c236c78bfefd	10	42267782	46527206	2578	0.0008
85cdc29d-5d38-4e73-81a5-c236c78bfefd	10	46529441	46836986	38	-0.6485
85cdc29d-5d38-4e73-81a5-c236c78bfefd	10	46898735	47559596	289	0.0251
85cdc29d-5d38-4e73-81a5-c236c78bfefd	10	47622159	48154966	19	-0.5597
85cdc29d-5d38-4e73-81a5-c236c78bfefd	10	48173568	49567161	1147	0.0014
85cdc29d-5d38-4e73-81a5-c236c78bfefd	10	49568194	49571218	2	-2.1927
85cdc29d-5d38-4e73-81a5-c236c78bfefd	10	49571261	53022427	2402	-0.0061
85cdc29d-5d38-4e73-81a5-c236c78bfefd	10	53022440	57802671	3512	0.046
85cdc29d-5d38-4e73-81a5-c236c78bfefd	10	57805913	66889578	6370	-0.0023
85cdc29d-5d38-4e73-81a5-c236c78bfefd	10	66889594	67131618	162	0.1676
85cdc29d-5d38-4e73-81a5-c236c78bfefd	10	67132744	79491575	8002	0
85cdc29d-5d38-4e73-81a5-c236c78bfefd	10	79523511	79533859	2	-1.6358
85cdc29d-5d38-4e73-81a5-c236c78bfefd	10	79576939	127819802	32842	-0.0015
85cdc29d-5d38-4e73-81a5-c236c78bfefd	10	127820031	131743955	3213	0.0372
85cdc29d-5d38-4e73-81a5-c236c78bfefd	10	131749029	133654968	896	-0.0034
85cdc29d-5d38-4e73-81a5-c236c78bfefd	11	198510	18927525	12662	0.0173
85cdc29d-5d38-4e73-81a5-c236c78bfefd	11	18927562	18950163	54	-0.266
85cdc29d-5d38-4e73-81a5-c236c78bfefd	11	18950226	67762740	28007	0.0186
85cdc29d-5d38-4e73-81a5-c236c78bfefd	11	67763627	68053569	82	-0.2301
85cdc29d-5d38-4e73-81a5-c236c78bfefd	11	68054155	79429638	6315	0.0172
85cdc29d-5d38-4e73-81a5-c236c78bfefd	11	79430466	124024922	31094	-0.5749
85cdc29d-5d38-4e73-81a5-c236c78bfefd	11	124025056	124027990	6	-2.6547
85cdc29d-5d38-4e73-81a5-c236c78bfefd	11	124028808	135074876	8359	-0.5925
85cdc29d-5d38-4e73-81a5-c236c78bfefd	12	51460	9481274	6161	0.0237
85cdc29d-5d38-4e73-81a5-c236c78bfefd	12	9485313	9575696	23	-1.0044
85cdc29d-5d38-4e73-81a5-c236c78bfefd	12	9582373	133201603	78548	0.0177
85cdc29d-5d38-4e73-81a5-c236c78bfefd	13	18452809	18835707	92	-0.2167
85cdc29d-5d38-4e73-81a5-c236c78bfefd	13	18842946	31954873	9450	0.0075
85cdc29d-5d38-4e73-81a5-c236c78bfefd	13	31956878	31957934	12	-0.2233
85cdc29d-5d38-4e73-81a5-c236c78bfefd	13	31957984	31964286	19	-0.7616
85cdc29d-5d38-4e73-81a5-c236c78bfefd	13	31965910	49946720	12370	-0.0003
85cdc29d-5d38-4e73-81a5-c236c78bfefd	13	49949534	51043725	673	0.0781
85cdc29d-5d38-4e73-81a5-c236c78bfefd	13	51044024	57189013	3378	0.0179
85cdc29d-5d38-4e73-81a5-c236c78bfefd	13	57189156	57204246	28	0.3674
85cdc29d-5d38-4e73-81a5-c236c78bfefd	13	57215580	63814138	3892	0.0044
85cdc29d-5d38-4e73-81a5-c236c78bfefd	13	63818088	64281479	267	0.126
85cdc29d-5d38-4e73-81a5-c236c78bfefd	13	64282105	71902850	4819	0.0096
85cdc29d-5d38-4e73-81a5-c236c78bfefd	13	71903417	71906418	4	1.4204
85cdc29d-5d38-4e73-81a5-c236c78bfefd	13	71906467	114342922	29048	0.0097
85cdc29d-5d38-4e73-81a5-c236c78bfefd	14	18239283	106877229	55326	-0.0547
85cdc29d-5d38-4e73-81a5-c236c78bfefd	15	19811075	61392006	24753	0.0145
85cdc29d-5d38-4e73-81a5-c236c78bfefd	15	61395970	61405492	12	-0.9146
85cdc29d-5d38-4e73-81a5-c236c78bfefd	15	61405509	76599170	9107	0.017
85cdc29d-5d38-4e73-81a5-c236c78bfefd	15	76599286	76603003	13	0.7634
85cdc29d-5d38-4e73-81a5-c236c78bfefd	15	76603426	101928837	17599	0.0158
85cdc29d-5d38-4e73-81a5-c236c78bfefd	16	10777	36235	6	-0.2454
85cdc29d-5d38-4e73-81a5-c236c78bfefd	16	36671	32016985	19955	0.6262
85cdc29d-5d38-4e73-81a5-c236c78bfefd	16	32022253	32458145	18	-0.3115
85cdc29d-5d38-4e73-81a5-c236c78bfefd	16	32471634	35989290	485	0.2105
85cdc29d-5d38-4e73-81a5-c236c78bfefd	16	36048855	78337711	20741	0.0086
85cdc29d-5d38-4e73-81a5-c236c78bfefd	16	78338543	78345778	13	-1.2304
85cdc29d-5d38-4e73-81a5-c236c78bfefd	16	78350841	90096867	10611	0.0198
85cdc29d-5d38-4e73-81a5-c236c78bfefd	17	150733	1673408	741	0.054
85cdc29d-5d38-4e73-81a5-c236c78bfefd	17	1673853	31688616	14317	0.0099
85cdc29d-5d38-4e73-81a5-c236c78bfefd	17	31690250	36109139	3181	0.051
85cdc29d-5d38-4e73-81a5-c236c78bfefd	17	36109315	36467902	50	0.3421
85cdc29d-5d38-4e73-81a5-c236c78bfefd	17	36467915	41526616	2787	0.0465
85cdc29d-5d38-4e73-81a5-c236c78bfefd	17	41531068	41531380	2	-2.2973
85cdc29d-5d38-4e73-81a5-c236c78bfefd	17	41532347	44089130	1272	0.0371
85cdc29d-5d38-4e73-81a5-c236c78bfefd	17	44097491	45497555	618	0.4042
85cdc29d-5d38-4e73-81a5-c236c78bfefd	17	45508731	45647163	27	0.0196
85cdc29d-5d38-4e73-81a5-c236c78bfefd	17	45649695	46351954	447	0.375
85cdc29d-5d38-4e73-81a5-c236c78bfefd	17	46446345	46446360	2	3.1398
85cdc29d-5d38-4e73-81a5-c236c78bfefd	17	46569894	49859954	1624	0.4208
85cdc29d-5d38-4e73-81a5-c236c78bfefd	17	49861110	49864510	3	-1.596
85cdc29d-5d38-4e73-81a5-c236c78bfefd	17	49865012	52811589	1916	0.4281
85cdc29d-5d38-4e73-81a5-c236c78bfefd	17	52821626	53222535	248	0.5699
85cdc29d-5d38-4e73-81a5-c236c78bfefd	17	53223423	53640545	280	0.3958
85cdc29d-5d38-4e73-81a5-c236c78bfefd	17	53649631	53649820	2	-2.1567
85cdc29d-5d38-4e73-81a5-c236c78bfefd	17	53651183	83091923	17493	0.4365
85cdc29d-5d38-4e73-81a5-c236c78bfefd	18	48133	6574571	4661	0.0324
85cdc29d-5d38-4e73-81a5-c236c78bfefd	18	6579217	6580729	2	-1.5294
85cdc29d-5d38-4e73-81a5-c236c78bfefd	18	6580779	42476937	19326	0.0188
85cdc29d-5d38-4e73-81a5-c236c78bfefd	18	42476974	42477802	17	-0.7921
85cdc29d-5d38-4e73-81a5-c236c78bfefd	18	42478430	65536628	15857	0.0108
85cdc29d-5d38-4e73-81a5-c236c78bfefd	18	65536707	66061104	378	0.1268
85cdc29d-5d38-4e73-81a5-c236c78bfefd	18	66065502	71405112	3846	0.0214
85cdc29d-5d38-4e73-81a5-c236c78bfefd	18	71405669	73624067	1744	0.11
85cdc29d-5d38-4e73-81a5-c236c78bfefd	18	73624270	80257174	4830	0.036
85cdc29d-5d38-4e73-81a5-c236c78bfefd	19	90910	1247836	266	0.1111
85cdc29d-5d38-4e73-81a5-c236c78bfefd	19	1271275	6943527	2015	-0.5547
85cdc29d-5d38-4e73-81a5-c236c78bfefd	19	6950049	8838683	867	0.0773
85cdc29d-5d38-4e73-81a5-c236c78bfefd	19	8838919	10598160	892	-0.0468
85cdc29d-5d38-4e73-81a5-c236c78bfefd	19	10606674	13927978	1563	-0.1091
85cdc29d-5d38-4e73-81a5-c236c78bfefd	19	13928118	19720735	2879	-0.0337
85cdc29d-5d38-4e73-81a5-c236c78bfefd	19	19724944	19725867	2	-1.5194
85cdc29d-5d38-4e73-81a5-c236c78bfefd	19	19729959	20415637	424	-0.0607
85cdc29d-5d38-4e73-81a5-c236c78bfefd	19	20415743	20541093	70	-0.7052
85cdc29d-5d38-4e73-81a5-c236c78bfefd	19	20542173	20908373	200	-0.0508
85cdc29d-5d38-4e73-81a5-c236c78bfefd	19	20921640	27707531	2029	-0.1331
85cdc29d-5d38-4e73-81a5-c236c78bfefd	19	27718103	35364451	5467	-0.0233
85cdc29d-5d38-4e73-81a5-c236c78bfefd	19	35364547	35385420	29	-0.5497
85cdc29d-5d38-4e73-81a5-c236c78bfefd	19	35385973	54215099	9756	-0.0522
85cdc29d-5d38-4e73-81a5-c236c78bfefd	19	54215136	54249619	19	-0.7514
85cdc29d-5d38-4e73-81a5-c236c78bfefd	19	54249657	54772391	269	-0.0293
85cdc29d-5d38-4e73-81a5-c236c78bfefd	19	54772476	54837236	30	-1.0434
85cdc29d-5d38-4e73-81a5-c236c78bfefd	19	54852069	58586487	2284	-0.0532
85cdc29d-5d38-4e73-81a5-c236c78bfefd	20	80664	1580305	1201	0.0285
85cdc29d-5d38-4e73-81a5-c236c78bfefd	20	1580353	1601446	36	1.1577
85cdc29d-5d38-4e73-81a5-c236c78bfefd	20	1601561	14812166	9917	0.0298
85cdc29d-5d38-4e73-81a5-c236c78bfefd	20	14812188	14812192	2	-3.0168
85cdc29d-5d38-4e73-81a5-c236c78bfefd	20	14812769	15889296	1019	0.0487
85cdc29d-5d38-4e73-81a5-c236c78bfefd	20	15891745	53957255	22602	0.0149
85cdc29d-5d38-4e73-81a5-c236c78bfefd	20	53958200	64324800	7552	0.0411
85cdc29d-5d38-4e73-81a5-c236c78bfefd	21	10354168	46677045	23813	-0.2352
85cdc29d-5d38-4e73-81a5-c236c78bfefd	22	15294547	20248450	1980	-0.2338
85cdc29d-5d38-4e73-81a5-c236c78bfefd	22	20257093	50796027	21181	-0.5762
85cdc29d-5d38-4e73-81a5-c236c78bfefd	X	251810	2799497	118	0.28
85cdc29d-5d38-4e73-81a5-c236c78bfefd	X	2800094	2815600	3	-2.8209
85cdc29d-5d38-4e73-81a5-c236c78bfefd	X	2815750	33066999	20213	-0.0016
85cdc29d-5d38-4e73-81a5-c236c78bfefd	X	33069239	33072020	3	-3.4478
85cdc29d-5d38-4e73-81a5-c236c78bfefd	X	33072034	141235928	53488	0.0104
85cdc29d-5d38-4e73-81a5-c236c78bfefd	X	141247587	141585262	143	0.8437
85cdc29d-5d38-4e73-81a5-c236c78bfefd	X	141585301	153031937	7608	-0.0131
85cdc29d-5d38-4e73-81a5-c236c78bfefd	X	153033320	153037475	7	-2.1874
85cdc29d-5d38-4e73-81a5-c236c78bfefd	X	153042014	155952689	1115	0.0105
85cdc29d-5d38-4e73-81a5-c236c78bfefd	Y	2782397	6167430	747	-1.8398
85cdc29d-5d38-4e73-81a5-c236c78bfefd	Y	6171310	6171622	2	-7.6439
85cdc29d-5d38-4e73-81a5-c236c78bfefd	Y	6180233	56872112	5880	-1.9031
