GDC_Aliquot	Chromosome	Start	End	Num_Probes	Segment_Mean
d484353b-c8ff-4607-a26e-a08aa8de9f7d	1	62920	98588	12	-1.0019
d484353b-c8ff-4607-a26e-a08aa8de9f7d	1	98602	3803996	983	-0.0506
d484353b-c8ff-4607-a26e-a08aa8de9f7d	1	3804401	16477846	7641	0.0119
d484353b-c8ff-4607-a26e-a08aa8de9f7d	1	16480031	16487426	5	-1.0074
d484353b-c8ff-4607-a26e-a08aa8de9f7d	1	16488499	25256850	5388	0.0159
d484353b-c8ff-4607-a26e-a08aa8de9f7d	1	25266637	25320455	24	-2.6268
d484353b-c8ff-4607-a26e-a08aa8de9f7d	1	25336819	25390874	24	0.0001
d484353b-c8ff-4607-a26e-a08aa8de9f7d	1	25393020	25432164	9	0.5977
d484353b-c8ff-4607-a26e-a08aa8de9f7d	1	25433616	40555364	8126	0.0038
d484353b-c8ff-4607-a26e-a08aa8de9f7d	1	40556404	40562538	4	-0.8982
d484353b-c8ff-4607-a26e-a08aa8de9f7d	1	40563254	61647430	13286	0.0017
d484353b-c8ff-4607-a26e-a08aa8de9f7d	1	61648334	61652515	4	-1.3276
d484353b-c8ff-4607-a26e-a08aa8de9f7d	1	61654137	86695954	16708	0.0059
d484353b-c8ff-4607-a26e-a08aa8de9f7d	1	86697550	86699910	3	-1.8886
d484353b-c8ff-4607-a26e-a08aa8de9f7d	1	86706044	103560166	10648	0.0085
d484353b-c8ff-4607-a26e-a08aa8de9f7d	1	103560435	103616762	29	0.4542
d484353b-c8ff-4607-a26e-a08aa8de9f7d	1	103620877	103621165	2	-1.2162
d484353b-c8ff-4607-a26e-a08aa8de9f7d	1	103697067	109684893	3577	0.0142
d484353b-c8ff-4607-a26e-a08aa8de9f7d	1	109690352	109697556	13	-1.8058
d484353b-c8ff-4607-a26e-a08aa8de9f7d	1	109702376	112153343	1952	0.0142
d484353b-c8ff-4607-a26e-a08aa8de9f7d	1	112153465	112154619	22	-0.4107
d484353b-c8ff-4607-a26e-a08aa8de9f7d	1	112154754	143927887	5292	0.0042
d484353b-c8ff-4607-a26e-a08aa8de9f7d	1	143928045	143942271	2	1.3574
d484353b-c8ff-4607-a26e-a08aa8de9f7d	1	144432083	146043237	176	-0.0099
d484353b-c8ff-4607-a26e-a08aa8de9f7d	1	146044828	147004967	10	-0.5608
d484353b-c8ff-4607-a26e-a08aa8de9f7d	1	147008051	152583230	2131	0.0064
d484353b-c8ff-4607-a26e-a08aa8de9f7d	1	152583291	152613762	30	2.898
d484353b-c8ff-4607-a26e-a08aa8de9f7d	1	152613802	152614118	4	0.9792
d484353b-c8ff-4607-a26e-a08aa8de9f7d	1	152618018	152783934	162	0.014
d484353b-c8ff-4607-a26e-a08aa8de9f7d	1	152784062	152801429	43	0.5285
d484353b-c8ff-4607-a26e-a08aa8de9f7d	1	152804279	169247699	11289	0.0085
d484353b-c8ff-4607-a26e-a08aa8de9f7d	1	169264736	169272528	7	0.8239
d484353b-c8ff-4607-a26e-a08aa8de9f7d	1	169273163	179470495	6689	0.0053
d484353b-c8ff-4607-a26e-a08aa8de9f7d	1	179476998	179478146	2	-1.4832
d484353b-c8ff-4607-a26e-a08aa8de9f7d	1	179478408	196788990	11532	0.0079
d484353b-c8ff-4607-a26e-a08aa8de9f7d	1	196789019	196790158	4	-1.6408
d484353b-c8ff-4607-a26e-a08aa8de9f7d	1	196792690	212826477	10763	0.0062
d484353b-c8ff-4607-a26e-a08aa8de9f7d	1	212831113	212833055	7	-1.0972
d484353b-c8ff-4607-a26e-a08aa8de9f7d	1	212837094	222847162	6997	0.0074
d484353b-c8ff-4607-a26e-a08aa8de9f7d	1	222849581	222850427	3	-0.8741
d484353b-c8ff-4607-a26e-a08aa8de9f7d	1	222853375	227237600	2719	0.0054
d484353b-c8ff-4607-a26e-a08aa8de9f7d	1	227238371	227238705	3	-1.2622
d484353b-c8ff-4607-a26e-a08aa8de9f7d	1	227241477	248930189	15366	0.0029
d484353b-c8ff-4607-a26e-a08aa8de9f7d	2	12784	295136	179	0.0302
d484353b-c8ff-4607-a26e-a08aa8de9f7d	2	295255	296852	4	-1.0427
d484353b-c8ff-4607-a26e-a08aa8de9f7d	2	300879	12163947	9120	0.0143
d484353b-c8ff-4607-a26e-a08aa8de9f7d	2	12163964	12164189	4	-0.8715
d484353b-c8ff-4607-a26e-a08aa8de9f7d	2	12164245	14563570	1739	0.0282
d484353b-c8ff-4607-a26e-a08aa8de9f7d	2	14564825	14569968	12	-0.7395
d484353b-c8ff-4607-a26e-a08aa8de9f7d	2	14570240	34295406	12949	0.0136
d484353b-c8ff-4607-a26e-a08aa8de9f7d	2	34298911	34300513	2	-2.6924
d484353b-c8ff-4607-a26e-a08aa8de9f7d	2	34300900	34456427	92	-0.0032
d484353b-c8ff-4607-a26e-a08aa8de9f7d	2	34458223	34511990	49	0.3541
d484353b-c8ff-4607-a26e-a08aa8de9f7d	2	34512096	35750907	872	0.0433
d484353b-c8ff-4607-a26e-a08aa8de9f7d	2	35752724	35762881	7	-1.7559
d484353b-c8ff-4607-a26e-a08aa8de9f7d	2	35772407	52527330	12133	0.0172
d484353b-c8ff-4607-a26e-a08aa8de9f7d	2	52527342	52554404	39	-3.1025
d484353b-c8ff-4607-a26e-a08aa8de9f7d	2	52560811	86710564	21933	0.0129
d484353b-c8ff-4607-a26e-a08aa8de9f7d	2	86725947	86726731	2	1.2684
d484353b-c8ff-4607-a26e-a08aa8de9f7d	2	86743283	87228594	112	0.0976
d484353b-c8ff-4607-a26e-a08aa8de9f7d	2	87229739	87286164	17	-0.3155
d484353b-c8ff-4607-a26e-a08aa8de9f7d	2	87287256	87295819	3	-1.8224
d484353b-c8ff-4607-a26e-a08aa8de9f7d	2	87299357	97359885	1798	-0.0004
d484353b-c8ff-4607-a26e-a08aa8de9f7d	2	97524284	97545726	9	-1.1608
d484353b-c8ff-4607-a26e-a08aa8de9f7d	2	97550415	113604438	9369	0.0094
d484353b-c8ff-4607-a26e-a08aa8de9f7d	2	113604837	113604839	2	-2.0698
d484353b-c8ff-4607-a26e-a08aa8de9f7d	2	113623244	128880353	9608	0.0126
d484353b-c8ff-4607-a26e-a08aa8de9f7d	2	128880504	128882755	17	-0.5229
d484353b-c8ff-4607-a26e-a08aa8de9f7d	2	128888874	146104517	10421	0.0116
d484353b-c8ff-4607-a26e-a08aa8de9f7d	2	146106836	146109139	21	-0.4073
d484353b-c8ff-4607-a26e-a08aa8de9f7d	2	146109230	179548635	20510	0.0086
d484353b-c8ff-4607-a26e-a08aa8de9f7d	2	179548644	179557161	28	0.3365
d484353b-c8ff-4607-a26e-a08aa8de9f7d	2	179557179	183709219	2620	0.01
d484353b-c8ff-4607-a26e-a08aa8de9f7d	2	183712465	183712596	3	-1.1105
d484353b-c8ff-4607-a26e-a08aa8de9f7d	2	183716167	207486030	13828	0.013
d484353b-c8ff-4607-a26e-a08aa8de9f7d	2	207490188	207494612	18	-0.813
d484353b-c8ff-4607-a26e-a08aa8de9f7d	2	207494752	217777466	6757	0.0113
d484353b-c8ff-4607-a26e-a08aa8de9f7d	2	217782397	217794755	3	-1.1222
d484353b-c8ff-4607-a26e-a08aa8de9f7d	2	217797304	228894763	7122	0.0122
d484353b-c8ff-4607-a26e-a08aa8de9f7d	2	228894930	228895503	12	-0.4847
d484353b-c8ff-4607-a26e-a08aa8de9f7d	2	228900174	242147305	8203	0.0122
d484353b-c8ff-4607-a26e-a08aa8de9f7d	3	20930	846602	687	0.0485
d484353b-c8ff-4607-a26e-a08aa8de9f7d	3	853342	2764603	1716	0.0908
d484353b-c8ff-4607-a26e-a08aa8de9f7d	3	2770724	6604856	3418	0.0248
d484353b-c8ff-4607-a26e-a08aa8de9f7d	3	6609441	6611645	23	-0.7365
d484353b-c8ff-4607-a26e-a08aa8de9f7d	3	6613391	13076906	4952	0.0074
d484353b-c8ff-4607-a26e-a08aa8de9f7d	3	13079720	13086930	5	-0.7273
d484353b-c8ff-4607-a26e-a08aa8de9f7d	3	13088596	16005394	1941	0.0001
d484353b-c8ff-4607-a26e-a08aa8de9f7d	3	16005557	16010791	3	-1.2309
d484353b-c8ff-4607-a26e-a08aa8de9f7d	3	16011828	16197556	159	0.0427
d484353b-c8ff-4607-a26e-a08aa8de9f7d	3	16199049	16199672	6	-0.6108
d484353b-c8ff-4607-a26e-a08aa8de9f7d	3	16199818	21767774	3431	0.0065
d484353b-c8ff-4607-a26e-a08aa8de9f7d	3	21771868	22227348	439	0.1116
d484353b-c8ff-4607-a26e-a08aa8de9f7d	3	22227556	59546573	23369	0.0083
d484353b-c8ff-4607-a26e-a08aa8de9f7d	3	59550249	59550271	2	-1.2905
d484353b-c8ff-4607-a26e-a08aa8de9f7d	3	59550340	59733232	178	0.0048
d484353b-c8ff-4607-a26e-a08aa8de9f7d	3	59733446	61073759	1518	0.0692
d484353b-c8ff-4607-a26e-a08aa8de9f7d	3	61074940	65202778	3496	0.0044
d484353b-c8ff-4607-a26e-a08aa8de9f7d	3	65203560	65224777	52	-2.8367
d484353b-c8ff-4607-a26e-a08aa8de9f7d	3	65230674	162794951	57430	0.0056
d484353b-c8ff-4607-a26e-a08aa8de9f7d	3	162795304	162908207	68	0.7018
d484353b-c8ff-4607-a26e-a08aa8de9f7d	3	162908784	176165961	8158	0.0172
d484353b-c8ff-4607-a26e-a08aa8de9f7d	3	176170271	176196691	34	-0.9717
d484353b-c8ff-4607-a26e-a08aa8de9f7d	3	176198433	196046906	12650	0.0102
d484353b-c8ff-4607-a26e-a08aa8de9f7d	3	196049719	196049993	4	1.0279
d484353b-c8ff-4607-a26e-a08aa8de9f7d	3	196050340	198169247	1047	-0.0039
d484353b-c8ff-4607-a26e-a08aa8de9f7d	4	68929	2368614	853	0.004
d484353b-c8ff-4607-a26e-a08aa8de9f7d	4	2369169	2369365	2	-1.1639
d484353b-c8ff-4607-a26e-a08aa8de9f7d	4	2369382	4101617	769	-0.0019
d484353b-c8ff-4607-a26e-a08aa8de9f7d	4	4108503	4121101	5	-0.7605
d484353b-c8ff-4607-a26e-a08aa8de9f7d	4	4133219	10208766	4079	-0.0018
d484353b-c8ff-4607-a26e-a08aa8de9f7d	4	10212536	10227684	15	0.7901
d484353b-c8ff-4607-a26e-a08aa8de9f7d	4	10228006	10233383	18	0.2698
d484353b-c8ff-4607-a26e-a08aa8de9f7d	4	10233542	10233644	3	0.8038
d484353b-c8ff-4607-a26e-a08aa8de9f7d	4	10234518	10389091	171	-0.0012
d484353b-c8ff-4607-a26e-a08aa8de9f7d	4	10390730	10399044	16	-0.6321
d484353b-c8ff-4607-a26e-a08aa8de9f7d	4	10401094	34793850	16806	0.0029
d484353b-c8ff-4607-a26e-a08aa8de9f7d	4	34794477	34819718	26	-0.6056
d484353b-c8ff-4607-a26e-a08aa8de9f7d	4	34822561	63840033	16591	0.0079
d484353b-c8ff-4607-a26e-a08aa8de9f7d	4	63841863	63842540	8	0.9802
d484353b-c8ff-4607-a26e-a08aa8de9f7d	4	63850713	68395346	2858	0.0016
d484353b-c8ff-4607-a26e-a08aa8de9f7d	4	68416487	68422424	5	-1.542
d484353b-c8ff-4607-a26e-a08aa8de9f7d	4	68429081	68478894	9	0.0308
d484353b-c8ff-4607-a26e-a08aa8de9f7d	4	68494770	68623617	69	0.5773
d484353b-c8ff-4607-a26e-a08aa8de9f7d	4	68639397	69523998	478	0.0681
d484353b-c8ff-4607-a26e-a08aa8de9f7d	4	69524143	69525061	2	-2.9822
d484353b-c8ff-4607-a26e-a08aa8de9f7d	4	69526170	151870381	49347	0.0047
d484353b-c8ff-4607-a26e-a08aa8de9f7d	4	151870485	151871739	12	-0.9887
d484353b-c8ff-4607-a26e-a08aa8de9f7d	4	151873644	151874621	5	0.7912
d484353b-c8ff-4607-a26e-a08aa8de9f7d	4	151874768	152224792	280	-0.013
d484353b-c8ff-4607-a26e-a08aa8de9f7d	4	152228198	152230450	2	-2.0543
d484353b-c8ff-4607-a26e-a08aa8de9f7d	4	152231770	154881396	1663	-0.0037
d484353b-c8ff-4607-a26e-a08aa8de9f7d	4	154881853	154881926	3	1.6975
d484353b-c8ff-4607-a26e-a08aa8de9f7d	4	154882047	160952454	3911	-0.0008
d484353b-c8ff-4607-a26e-a08aa8de9f7d	4	160952506	160963971	37	0.4019
d484353b-c8ff-4607-a26e-a08aa8de9f7d	4	160964013	161290585	242	0.0424
d484353b-c8ff-4607-a26e-a08aa8de9f7d	4	161290864	161291088	2	-1.4629
d484353b-c8ff-4607-a26e-a08aa8de9f7d	4	161298971	171448195	6419	0.0042
d484353b-c8ff-4607-a26e-a08aa8de9f7d	4	171453733	171456625	12	1.3324
d484353b-c8ff-4607-a26e-a08aa8de9f7d	4	171459220	172501371	640	0.0311
d484353b-c8ff-4607-a26e-a08aa8de9f7d	4	172503796	172507492	7	-0.8382
d484353b-c8ff-4607-a26e-a08aa8de9f7d	4	172519981	178419259	3615	0
d484353b-c8ff-4607-a26e-a08aa8de9f7d	4	178419496	178630755	168	0.1583
d484353b-c8ff-4607-a26e-a08aa8de9f7d	4	178631312	182809497	3235	0.0061
d484353b-c8ff-4607-a26e-a08aa8de9f7d	4	182810584	182810591	2	-1.4219
d484353b-c8ff-4607-a26e-a08aa8de9f7d	4	182814109	190094046	4828	0.0208
d484353b-c8ff-4607-a26e-a08aa8de9f7d	4	190095009	190106768	3	1.1843
d484353b-c8ff-4607-a26e-a08aa8de9f7d	5	15532	661708	296	-0.0092
d484353b-c8ff-4607-a26e-a08aa8de9f7d	5	667335	773453	37	-0.3494
d484353b-c8ff-4607-a26e-a08aa8de9f7d	5	779766	15487865	11703	0.0067
d484353b-c8ff-4607-a26e-a08aa8de9f7d	5	15492962	15781022	191	0.1245
d484353b-c8ff-4607-a26e-a08aa8de9f7d	5	15781135	17625524	1169	0.0011
d484353b-c8ff-4607-a26e-a08aa8de9f7d	5	17629411	17642442	8	-0.9216
d484353b-c8ff-4607-a26e-a08aa8de9f7d	5	17655029	46191782	17267	0.0032
d484353b-c8ff-4607-a26e-a08aa8de9f7d	5	46195781	46199333	4	-1.9152
d484353b-c8ff-4607-a26e-a08aa8de9f7d	5	46209197	46246558	12	-0.0431
d484353b-c8ff-4607-a26e-a08aa8de9f7d	5	46251204	46313245	11	0.7597
d484353b-c8ff-4607-a26e-a08aa8de9f7d	5	46313400	55643243	3411	0.0077
d484353b-c8ff-4607-a26e-a08aa8de9f7d	5	55648434	55648442	2	-1.3262
d484353b-c8ff-4607-a26e-a08aa8de9f7d	5	55652905	57943143	1592	-0.0021
d484353b-c8ff-4607-a26e-a08aa8de9f7d	5	57944940	57946985	2	-1.0769
d484353b-c8ff-4607-a26e-a08aa8de9f7d	5	57948243	58030200	68	0.0151
d484353b-c8ff-4607-a26e-a08aa8de9f7d	5	58030336	58037089	27	-0.6554
d484353b-c8ff-4607-a26e-a08aa8de9f7d	5	58037128	104515520	26854	0.0056
d484353b-c8ff-4607-a26e-a08aa8de9f7d	5	104524672	104524903	4	-1.1777
d484353b-c8ff-4607-a26e-a08aa8de9f7d	5	104525348	138469431	22165	0.0067
d484353b-c8ff-4607-a26e-a08aa8de9f7d	5	138472272	138481268	20	-0.8377
d484353b-c8ff-4607-a26e-a08aa8de9f7d	5	138482888	146924658	4991	0.0015
d484353b-c8ff-4607-a26e-a08aa8de9f7d	5	146927097	146936335	11	-1.0445
d484353b-c8ff-4607-a26e-a08aa8de9f7d	5	146939344	154465243	5214	-0.0026
d484353b-c8ff-4607-a26e-a08aa8de9f7d	5	154465433	154465503	2	-1.6335
d484353b-c8ff-4607-a26e-a08aa8de9f7d	5	154476927	175978747	15151	0.0022
d484353b-c8ff-4607-a26e-a08aa8de9f7d	5	175989121	176005602	5	0.8439
d484353b-c8ff-4607-a26e-a08aa8de9f7d	5	176009608	177770954	728	-0.0007
d484353b-c8ff-4607-a26e-a08aa8de9f7d	5	177771448	177805604	4	2.2021
d484353b-c8ff-4607-a26e-a08aa8de9f7d	5	177827964	181363319	1985	0.0087
d484353b-c8ff-4607-a26e-a08aa8de9f7d	6	149661	294837	124	0.0207
d484353b-c8ff-4607-a26e-a08aa8de9f7d	6	302306	380821	77	-0.4628
d484353b-c8ff-4607-a26e-a08aa8de9f7d	6	381149	404783	23	0.0092
d484353b-c8ff-4607-a26e-a08aa8de9f7d	6	411110	421317	11	0.6833
d484353b-c8ff-4607-a26e-a08aa8de9f7d	6	422408	19041950	14548	0.0093
d484353b-c8ff-4607-a26e-a08aa8de9f7d	6	19042125	19042587	2	-4.0365
d484353b-c8ff-4607-a26e-a08aa8de9f7d	6	19044471	22556706	2553	-0.004
d484353b-c8ff-4607-a26e-a08aa8de9f7d	6	22558593	22558611	2	-1.4603
d484353b-c8ff-4607-a26e-a08aa8de9f7d	6	22560831	22903102	268	0.0064
d484353b-c8ff-4607-a26e-a08aa8de9f7d	6	22905088	22905603	4	0.9826
d484353b-c8ff-4607-a26e-a08aa8de9f7d	6	22909104	26743855	2634	0.0142
d484353b-c8ff-4607-a26e-a08aa8de9f7d	6	26747492	26759781	5	-1.5832
d484353b-c8ff-4607-a26e-a08aa8de9f7d	6	26831719	31313046	2096	0.0151
d484353b-c8ff-4607-a26e-a08aa8de9f7d	6	31318499	31318528	2	-2.3045
d484353b-c8ff-4607-a26e-a08aa8de9f7d	6	31318754	32463515	506	0.0099
d484353b-c8ff-4607-a26e-a08aa8de9f7d	6	32463775	32602588	34	1.3555
d484353b-c8ff-4607-a26e-a08aa8de9f7d	6	32605994	32722250	76	0.1817
d484353b-c8ff-4607-a26e-a08aa8de9f7d	6	32723020	32723053	3	2.0472
d484353b-c8ff-4607-a26e-a08aa8de9f7d	6	32732907	65000836	18137	0.0073
d484353b-c8ff-4607-a26e-a08aa8de9f7d	6	65001506	65003899	3	-2.9333
d484353b-c8ff-4607-a26e-a08aa8de9f7d	6	65007491	76305231	7403	0.0126
d484353b-c8ff-4607-a26e-a08aa8de9f7d	6	76307183	76307209	3	-1.2006
d484353b-c8ff-4607-a26e-a08aa8de9f7d	6	76307276	76314849	18	0.4116
d484353b-c8ff-4607-a26e-a08aa8de9f7d	6	76314865	76726815	278	0.0182
d484353b-c8ff-4607-a26e-a08aa8de9f7d	6	76730151	76742972	20	-0.3626
d484353b-c8ff-4607-a26e-a08aa8de9f7d	6	76743040	78253172	978	0.0149
d484353b-c8ff-4607-a26e-a08aa8de9f7d	6	78259348	78325468	113	-0.4046
d484353b-c8ff-4607-a26e-a08aa8de9f7d	6	78329517	93804556	9933	0.0029
d484353b-c8ff-4607-a26e-a08aa8de9f7d	6	93808399	94551265	493	0.1015
d484353b-c8ff-4607-a26e-a08aa8de9f7d	6	94556105	103286954	5057	0.009
d484353b-c8ff-4607-a26e-a08aa8de9f7d	6	103290101	103314186	46	0.7036
d484353b-c8ff-4607-a26e-a08aa8de9f7d	6	103317795	170741917	44196	0.0065
d484353b-c8ff-4607-a26e-a08aa8de9f7d	7	43355	126405502	77033	0.0107
d484353b-c8ff-4607-a26e-a08aa8de9f7d	7	126405597	126406561	10	-1.3973
d484353b-c8ff-4607-a26e-a08aa8de9f7d	7	126406822	134090386	4694	0.0039
d484353b-c8ff-4607-a26e-a08aa8de9f7d	7	134090399	134113356	39	-0.3498
d484353b-c8ff-4607-a26e-a08aa8de9f7d	7	134113790	142063324	5200	0.0038
d484353b-c8ff-4607-a26e-a08aa8de9f7d	7	142069843	142092307	34	-0.735
d484353b-c8ff-4607-a26e-a08aa8de9f7d	7	142099190	159334314	10869	0.0134
d484353b-c8ff-4607-a26e-a08aa8de9f7d	8	81254	644973	324	0.041
d484353b-c8ff-4607-a26e-a08aa8de9f7d	8	645220	645875	6	0.9882
d484353b-c8ff-4607-a26e-a08aa8de9f7d	8	645892	645908	2	5.7874
d484353b-c8ff-4607-a26e-a08aa8de9f7d	8	656117	2844412	1708	0.0125
d484353b-c8ff-4607-a26e-a08aa8de9f7d	8	2846011	2846377	7	-2.0383
d484353b-c8ff-4607-a26e-a08aa8de9f7d	8	2849649	4144670	1653	0.0152
d484353b-c8ff-4607-a26e-a08aa8de9f7d	8	4144685	4144794	3	-2.0475
d484353b-c8ff-4607-a26e-a08aa8de9f7d	8	4145131	4145783	10	0.066
d484353b-c8ff-4607-a26e-a08aa8de9f7d	8	4145941	4145956	2	-3.4717
d484353b-c8ff-4607-a26e-a08aa8de9f7d	8	4146039	7357288	4023	0.0501
d484353b-c8ff-4607-a26e-a08aa8de9f7d	8	7357323	7396819	18	-0.5463
d484353b-c8ff-4607-a26e-a08aa8de9f7d	8	7397588	7886542	21	-0.0207
d484353b-c8ff-4607-a26e-a08aa8de9f7d	8	7888457	7890177	4	-1.8615
d484353b-c8ff-4607-a26e-a08aa8de9f7d	8	7919608	8085660	10	0.058
d484353b-c8ff-4607-a26e-a08aa8de9f7d	8	8101440	8110806	4	-1.8668
d484353b-c8ff-4607-a26e-a08aa8de9f7d	8	8120447	14652059	5235	0.0256
d484353b-c8ff-4607-a26e-a08aa8de9f7d	8	14652523	14652565	3	-1.9643
d484353b-c8ff-4607-a26e-a08aa8de9f7d	8	14652887	25116961	8458	0.0092
d484353b-c8ff-4607-a26e-a08aa8de9f7d	8	25117007	25126818	25	-0.4378
d484353b-c8ff-4607-a26e-a08aa8de9f7d	8	25133589	34381999	6319	0.0003
d484353b-c8ff-4607-a26e-a08aa8de9f7d	8	34387295	34401538	14	0.5392
d484353b-c8ff-4607-a26e-a08aa8de9f7d	8	34402285	38352395	2132	0.0051
d484353b-c8ff-4607-a26e-a08aa8de9f7d	8	38367229	38377975	7	-0.9593
d484353b-c8ff-4607-a26e-a08aa8de9f7d	8	38379076	39373140	551	0.0009
d484353b-c8ff-4607-a26e-a08aa8de9f7d	8	39378084	39511389	50	0.6536
d484353b-c8ff-4607-a26e-a08aa8de9f7d	8	39512955	111282417	42038	0.0082
d484353b-c8ff-4607-a26e-a08aa8de9f7d	8	111282441	111283031	6	-2.6593
d484353b-c8ff-4607-a26e-a08aa8de9f7d	8	111288052	114619207	1822	0.0067
d484353b-c8ff-4607-a26e-a08aa8de9f7d	8	114619814	114623472	14	0.3831
d484353b-c8ff-4607-a26e-a08aa8de9f7d	8	114626121	119139771	3134	0.0055
d484353b-c8ff-4607-a26e-a08aa8de9f7d	8	119142545	119147207	4	-3.3907
d484353b-c8ff-4607-a26e-a08aa8de9f7d	8	119150615	136881227	12979	0.0037
d484353b-c8ff-4607-a26e-a08aa8de9f7d	8	136882257	136882271	2	-3.3209
d484353b-c8ff-4607-a26e-a08aa8de9f7d	8	136888490	142047413	3843	-0.0004
d484353b-c8ff-4607-a26e-a08aa8de9f7d	8	142047414	142049377	3	-1.4425
d484353b-c8ff-4607-a26e-a08aa8de9f7d	8	142055279	145072769	1130	-0.0287
d484353b-c8ff-4607-a26e-a08aa8de9f7d	9	46587	68920	7	-0.5201
d484353b-c8ff-4607-a26e-a08aa8de9f7d	9	93270	592306	471	0.0505
d484353b-c8ff-4607-a26e-a08aa8de9f7d	9	592552	592567	2	-2.6224
d484353b-c8ff-4607-a26e-a08aa8de9f7d	9	592718	602903	28	-0.0362
d484353b-c8ff-4607-a26e-a08aa8de9f7d	9	606699	606961	4	-1.4051
d484353b-c8ff-4607-a26e-a08aa8de9f7d	9	607307	6695986	5867	0.0197
d484353b-c8ff-4607-a26e-a08aa8de9f7d	9	6701145	6708357	7	-2.8059
d484353b-c8ff-4607-a26e-a08aa8de9f7d	9	6712314	7725409	1074	0.0128
d484353b-c8ff-4607-a26e-a08aa8de9f7d	9	7725478	11837690	3693	0.0411
d484353b-c8ff-4607-a26e-a08aa8de9f7d	9	11837866	11841788	6	-0.7625
d484353b-c8ff-4607-a26e-a08aa8de9f7d	9	11842185	12624029	599	0.0795
d484353b-c8ff-4607-a26e-a08aa8de9f7d	9	12624058	24500842	9483	0.007
d484353b-c8ff-4607-a26e-a08aa8de9f7d	9	24503818	24506104	6	-0.9905
d484353b-c8ff-4607-a26e-a08aa8de9f7d	9	24506151	24517684	14	-0.634
d484353b-c8ff-4607-a26e-a08aa8de9f7d	9	24519686	26024918	1098	0.0002
d484353b-c8ff-4607-a26e-a08aa8de9f7d	9	26025380	30043942	3119	0.0399
d484353b-c8ff-4607-a26e-a08aa8de9f7d	9	30044952	36147874	3850	0.002
d484353b-c8ff-4607-a26e-a08aa8de9f7d	9	36149648	36152156	2	-1.1659
d484353b-c8ff-4607-a26e-a08aa8de9f7d	9	36152401	38439975	1508	0.0131
d484353b-c8ff-4607-a26e-a08aa8de9f7d	9	38440757	38440949	3	-0.9846
d484353b-c8ff-4607-a26e-a08aa8de9f7d	9	38441589	39547492	358	-0.0181
d484353b-c8ff-4607-a26e-a08aa8de9f7d	9	39588611	39747848	2	1.6479
d484353b-c8ff-4607-a26e-a08aa8de9f7d	9	39807498	42265987	130	0.0001
d484353b-c8ff-4607-a26e-a08aa8de9f7d	9	42279025	42727685	26	-0.5424
d484353b-c8ff-4607-a26e-a08aa8de9f7d	9	42729302	61405110	41	-0.0251
d484353b-c8ff-4607-a26e-a08aa8de9f7d	9	61520021	61647899	30	-1.462
d484353b-c8ff-4607-a26e-a08aa8de9f7d	9	61665362	138200944	48119	0.0097
d484353b-c8ff-4607-a26e-a08aa8de9f7d	10	45792	4248622	3579	0.004
d484353b-c8ff-4607-a26e-a08aa8de9f7d	10	4248646	4248732	2	2.4065
d484353b-c8ff-4607-a26e-a08aa8de9f7d	10	4248824	6369412	1824	0.0101
d484353b-c8ff-4607-a26e-a08aa8de9f7d	10	6369488	6369519	3	2.1118
d484353b-c8ff-4607-a26e-a08aa8de9f7d	10	6376792	24083828	13798	0.0057
d484353b-c8ff-4607-a26e-a08aa8de9f7d	10	24086334	24088991	10	-0.5461
d484353b-c8ff-4607-a26e-a08aa8de9f7d	10	24088992	30957581	5022	0.0044
d484353b-c8ff-4607-a26e-a08aa8de9f7d	10	30962405	30962797	9	-2.7253
d484353b-c8ff-4607-a26e-a08aa8de9f7d	10	30962809	133654968	66480	0.0028
d484353b-c8ff-4607-a26e-a08aa8de9f7d	11	198510	4588235	2037	-0.013
d484353b-c8ff-4607-a26e-a08aa8de9f7d	11	4589831	4590196	2	-1.2997
d484353b-c8ff-4607-a26e-a08aa8de9f7d	11	4590424	4946420	381	0.0241
d484353b-c8ff-4607-a26e-a08aa8de9f7d	11	4947280	4955042	30	-1.9227
d484353b-c8ff-4607-a26e-a08aa8de9f7d	11	4955781	5768639	791	0.0041
d484353b-c8ff-4607-a26e-a08aa8de9f7d	11	5769582	5787146	24	-0.5134
d484353b-c8ff-4607-a26e-a08aa8de9f7d	11	5787818	18927525	9417	0.0005
d484353b-c8ff-4607-a26e-a08aa8de9f7d	11	18927562	18939734	35	0.3591
d484353b-c8ff-4607-a26e-a08aa8de9f7d	11	18939749	20822345	1684	-0.0043
d484353b-c8ff-4607-a26e-a08aa8de9f7d	11	20823306	20828212	3	-1.0488
d484353b-c8ff-4607-a26e-a08aa8de9f7d	11	20828684	86594619	37929	0.0061
d484353b-c8ff-4607-a26e-a08aa8de9f7d	11	86594771	86595012	5	-0.9751
d484353b-c8ff-4607-a26e-a08aa8de9f7d	11	86604132	135074876	34551	0.0049
d484353b-c8ff-4607-a26e-a08aa8de9f7d	12	51460	760032	419	0.0073
d484353b-c8ff-4607-a26e-a08aa8de9f7d	12	760097	764863	16	-0.9245
d484353b-c8ff-4607-a26e-a08aa8de9f7d	12	766188	30082488	20080	0.0094
d484353b-c8ff-4607-a26e-a08aa8de9f7d	12	30082648	30091000	27	-0.5057
d484353b-c8ff-4607-a26e-a08aa8de9f7d	12	30091017	33141688	2252	0.0047
d484353b-c8ff-4607-a26e-a08aa8de9f7d	12	33141710	33154144	28	-0.521
d484353b-c8ff-4607-a26e-a08aa8de9f7d	12	33154440	34097761	583	0.0466
d484353b-c8ff-4607-a26e-a08aa8de9f7d	12	34103774	34122471	11	-0.9045
d484353b-c8ff-4607-a26e-a08aa8de9f7d	12	34122859	45510655	5000	0.0074
d484353b-c8ff-4607-a26e-a08aa8de9f7d	12	45512057	45515754	3	1.3969
d484353b-c8ff-4607-a26e-a08aa8de9f7d	12	45519509	90089573	27254	0.0063
d484353b-c8ff-4607-a26e-a08aa8de9f7d	12	90097892	90098297	7	0.8177
d484353b-c8ff-4607-a26e-a08aa8de9f7d	12	90099780	99398036	6455	0.0095
d484353b-c8ff-4607-a26e-a08aa8de9f7d	12	99401515	99409315	32	-0.6422
d484353b-c8ff-4607-a26e-a08aa8de9f7d	12	99409340	129310585	20180	0.0047
d484353b-c8ff-4607-a26e-a08aa8de9f7d	12	129311849	130568143	1108	0.0586
d484353b-c8ff-4607-a26e-a08aa8de9f7d	12	130569268	131292887	549	-0.0164
d484353b-c8ff-4607-a26e-a08aa8de9f7d	12	131309623	131326303	9	0.4787
d484353b-c8ff-4607-a26e-a08aa8de9f7d	12	131329259	131619226	301	0.0172
d484353b-c8ff-4607-a26e-a08aa8de9f7d	12	131619655	131658450	23	-0.4419
d484353b-c8ff-4607-a26e-a08aa8de9f7d	12	131658829	133006397	452	-0.0048
d484353b-c8ff-4607-a26e-a08aa8de9f7d	12	133007872	133007969	3	-0.8948
d484353b-c8ff-4607-a26e-a08aa8de9f7d	12	133008012	133201603	102	0.0079
d484353b-c8ff-4607-a26e-a08aa8de9f7d	13	18452809	18744226	70	-0.069
d484353b-c8ff-4607-a26e-a08aa8de9f7d	13	18744498	18795296	7	-0.7707
d484353b-c8ff-4607-a26e-a08aa8de9f7d	13	18821498	23058539	2783	0.0071
d484353b-c8ff-4607-a26e-a08aa8de9f7d	13	23058721	23059376	11	-0.6469
d484353b-c8ff-4607-a26e-a08aa8de9f7d	13	23064056	57088872	23125	0.0091
d484353b-c8ff-4607-a26e-a08aa8de9f7d	13	57089954	57504424	251	0.1386
d484353b-c8ff-4607-a26e-a08aa8de9f7d	13	57507011	58010656	247	-0.0323
d484353b-c8ff-4607-a26e-a08aa8de9f7d	13	58016147	58022896	6	-0.8353
d484353b-c8ff-4607-a26e-a08aa8de9f7d	13	58027918	63607769	3346	0.0062
d484353b-c8ff-4607-a26e-a08aa8de9f7d	13	63610202	63650072	32	0.2617
d484353b-c8ff-4607-a26e-a08aa8de9f7d	13	63650659	63662559	9	-0.8728
d484353b-c8ff-4607-a26e-a08aa8de9f7d	13	63665430	68668123	3084	0.0305
d484353b-c8ff-4607-a26e-a08aa8de9f7d	13	68674167	68675349	7	-0.6872
d484353b-c8ff-4607-a26e-a08aa8de9f7d	13	68676647	68676903	5	0.1839
d484353b-c8ff-4607-a26e-a08aa8de9f7d	13	68677373	68695002	28	-0.8236
d484353b-c8ff-4607-a26e-a08aa8de9f7d	13	68695164	70122066	918	-0.0065
d484353b-c8ff-4607-a26e-a08aa8de9f7d	13	70122369	70208413	93	0.1581
d484353b-c8ff-4607-a26e-a08aa8de9f7d	13	70208428	71902850	1051	0.0026
d484353b-c8ff-4607-a26e-a08aa8de9f7d	13	71903417	71906418	4	-3.9984
d484353b-c8ff-4607-a26e-a08aa8de9f7d	13	71906467	72317872	353	-0.0258
d484353b-c8ff-4607-a26e-a08aa8de9f7d	13	72320699	72321331	3	-1.1309
d484353b-c8ff-4607-a26e-a08aa8de9f7d	13	72324390	82590399	6927	0.008
d484353b-c8ff-4607-a26e-a08aa8de9f7d	13	82594832	82596543	2	-1.2567
d484353b-c8ff-4607-a26e-a08aa8de9f7d	13	82598520	89049133	3867	0.0109
d484353b-c8ff-4607-a26e-a08aa8de9f7d	13	89054284	89063156	9	-0.5281
d484353b-c8ff-4607-a26e-a08aa8de9f7d	13	89064952	91409815	1485	0.0091
d484353b-c8ff-4607-a26e-a08aa8de9f7d	13	91410077	91649607	177	-1.034
d484353b-c8ff-4607-a26e-a08aa8de9f7d	13	91651282	105013318	9611	0.0023
d484353b-c8ff-4607-a26e-a08aa8de9f7d	13	105016520	105746235	578	0.081
d484353b-c8ff-4607-a26e-a08aa8de9f7d	13	105746935	114342922	6100	0.0113
d484353b-c8ff-4607-a26e-a08aa8de9f7d	14	18239283	19669187	62	0.1289
d484353b-c8ff-4607-a26e-a08aa8de9f7d	14	19675350	19956767	106	0.733
d484353b-c8ff-4607-a26e-a08aa8de9f7d	14	19957350	21669628	1144	0.0152
d484353b-c8ff-4607-a26e-a08aa8de9f7d	14	21674605	22560962	771	0.1144
d484353b-c8ff-4607-a26e-a08aa8de9f7d	14	22560975	43308031	13031	0.0077
d484353b-c8ff-4607-a26e-a08aa8de9f7d	14	43308180	44067092	416	0.1064
d484353b-c8ff-4607-a26e-a08aa8de9f7d	14	44067464	73534419	18732	0.0051
d484353b-c8ff-4607-a26e-a08aa8de9f7d	14	73540003	73563211	10	0.7983
d484353b-c8ff-4607-a26e-a08aa8de9f7d	14	73564027	73953773	194	-0.0148
d484353b-c8ff-4607-a26e-a08aa8de9f7d	14	73957074	73957079	2	1.8576
d484353b-c8ff-4607-a26e-a08aa8de9f7d	14	73958353	106418444	20733	0.0082
d484353b-c8ff-4607-a26e-a08aa8de9f7d	14	106423925	106475361	50	-0.5502
d484353b-c8ff-4607-a26e-a08aa8de9f7d	14	106487515	106877229	193	0.0531
d484353b-c8ff-4607-a26e-a08aa8de9f7d	15	19811075	21975606	176	0.1225
d484353b-c8ff-4607-a26e-a08aa8de9f7d	15	21997003	21999319	2	-2.4372
d484353b-c8ff-4607-a26e-a08aa8de9f7d	15	22003073	44931456	13545	0.008
d484353b-c8ff-4607-a26e-a08aa8de9f7d	15	44933059	44942884	7	-1.0496
d484353b-c8ff-4607-a26e-a08aa8de9f7d	15	44946546	69037475	15955	0.0046
d484353b-c8ff-4607-a26e-a08aa8de9f7d	15	69038945	69039020	2	2.1034
d484353b-c8ff-4607-a26e-a08aa8de9f7d	15	69045335	74371462	3317	0.0082
d484353b-c8ff-4607-a26e-a08aa8de9f7d	15	74372510	74375168	2	-1.0649
d484353b-c8ff-4607-a26e-a08aa8de9f7d	15	74375417	76586021	929	0.0061
d484353b-c8ff-4607-a26e-a08aa8de9f7d	15	76598900	76599884	11	-3.0956
d484353b-c8ff-4607-a26e-a08aa8de9f7d	15	76602723	76603434	11	-1.5573
d484353b-c8ff-4607-a26e-a08aa8de9f7d	15	76609838	101859834	17611	0.0089
d484353b-c8ff-4607-a26e-a08aa8de9f7d	15	101864933	101928837	13	-0.4721
d484353b-c8ff-4607-a26e-a08aa8de9f7d	16	10777	6165753	3344	-0.0033
d484353b-c8ff-4607-a26e-a08aa8de9f7d	16	6166212	6507002	398	0.0443
d484353b-c8ff-4607-a26e-a08aa8de9f7d	16	6507650	6509254	2	-1.2159
d484353b-c8ff-4607-a26e-a08aa8de9f7d	16	6509696	6907886	530	0.0569
d484353b-c8ff-4607-a26e-a08aa8de9f7d	16	6907922	6908847	4	-0.9509
d484353b-c8ff-4607-a26e-a08aa8de9f7d	16	6908902	6951405	49	0.0888
d484353b-c8ff-4607-a26e-a08aa8de9f7d	16	6951710	6954135	2	-0.8949
d484353b-c8ff-4607-a26e-a08aa8de9f7d	16	6954721	7995410	1304	0.052
d484353b-c8ff-4607-a26e-a08aa8de9f7d	16	7997079	16268505	6127	0.0001
d484353b-c8ff-4607-a26e-a08aa8de9f7d	16	16269368	16419781	4	0.9276
d484353b-c8ff-4607-a26e-a08aa8de9f7d	16	16435734	21401082	2636	0.0145
d484353b-c8ff-4607-a26e-a08aa8de9f7d	16	21503753	21580019	22	-1.2963
d484353b-c8ff-4607-a26e-a08aa8de9f7d	16	21582134	22430699	362	0.0085
d484353b-c8ff-4607-a26e-a08aa8de9f7d	16	22546611	22699421	73	-1.1497
d484353b-c8ff-4607-a26e-a08aa8de9f7d	16	22701658	48469683	6534	-0.0002
d484353b-c8ff-4607-a26e-a08aa8de9f7d	16	48472150	48476699	2	1.2632
d484353b-c8ff-4607-a26e-a08aa8de9f7d	16	48478198	55761136	5557	0.0031
d484353b-c8ff-4607-a26e-a08aa8de9f7d	16	55762477	55788532	22	-0.8742
d484353b-c8ff-4607-a26e-a08aa8de9f7d	16	55808442	76764575	12673	0.0022
d484353b-c8ff-4607-a26e-a08aa8de9f7d	16	76764612	76772531	3	-1.8395
d484353b-c8ff-4607-a26e-a08aa8de9f7d	16	76774655	78337711	1610	0.0138
d484353b-c8ff-4607-a26e-a08aa8de9f7d	16	78338543	78349243	15	-2.7958
d484353b-c8ff-4607-a26e-a08aa8de9f7d	16	78350841	78350868	2	-1.285
d484353b-c8ff-4607-a26e-a08aa8de9f7d	16	78351104	80942306	3044	0.0181
d484353b-c8ff-4607-a26e-a08aa8de9f7d	16	80942324	80946600	6	-0.8582
d484353b-c8ff-4607-a26e-a08aa8de9f7d	16	80952360	90096867	7576	0.0077
d484353b-c8ff-4607-a26e-a08aa8de9f7d	17	150733	16834846	10491	0.0145
d484353b-c8ff-4607-a26e-a08aa8de9f7d	17	16838201	16838214	2	-2.1872
d484353b-c8ff-4607-a26e-a08aa8de9f7d	17	16838470	18414080	906	0.0169
d484353b-c8ff-4607-a26e-a08aa8de9f7d	17	18452078	18571332	29	-0.3264
d484353b-c8ff-4607-a26e-a08aa8de9f7d	17	18592992	21201314	1081	0.0061
d484353b-c8ff-4607-a26e-a08aa8de9f7d	17	21205838	21209592	4	-0.9657
d484353b-c8ff-4607-a26e-a08aa8de9f7d	17	21210523	36113405	5755	0.0107
d484353b-c8ff-4607-a26e-a08aa8de9f7d	17	36113461	36465216	37	0.4649
d484353b-c8ff-4607-a26e-a08aa8de9f7d	17	36466570	41265456	2522	0.0078
d484353b-c8ff-4607-a26e-a08aa8de9f7d	17	41266762	41274279	24	0.8314
d484353b-c8ff-4607-a26e-a08aa8de9f7d	17	41276472	44610593	1747	-0.0006
d484353b-c8ff-4607-a26e-a08aa8de9f7d	17	44611102	44616480	3	-0.9601
d484353b-c8ff-4607-a26e-a08aa8de9f7d	17	44616498	45577724	407	-0.0215
d484353b-c8ff-4607-a26e-a08aa8de9f7d	17	45579014	45582060	6	-0.9929
d484353b-c8ff-4607-a26e-a08aa8de9f7d	17	45587327	46130967	369	-0.0162
d484353b-c8ff-4607-a26e-a08aa8de9f7d	17	46131308	46286804	92	-0.3393
d484353b-c8ff-4607-a26e-a08aa8de9f7d	17	46323701	46446360	4	1.8737
d484353b-c8ff-4607-a26e-a08aa8de9f7d	17	46569894	83091923	21582	0.0055
d484353b-c8ff-4607-a26e-a08aa8de9f7d	18	48133	229771	66	-0.0324
d484353b-c8ff-4607-a26e-a08aa8de9f7d	18	231520	479816	245	0.123
d484353b-c8ff-4607-a26e-a08aa8de9f7d	18	481341	1902885	1003	0.0023
d484353b-c8ff-4607-a26e-a08aa8de9f7d	18	1905357	1980786	94	-0.9881
d484353b-c8ff-4607-a26e-a08aa8de9f7d	18	1986213	14661644	8790	0.0028
d484353b-c8ff-4607-a26e-a08aa8de9f7d	18	14663972	14672480	2	1.6383
d484353b-c8ff-4607-a26e-a08aa8de9f7d	18	14691686	40680470	12605	0.0015
d484353b-c8ff-4607-a26e-a08aa8de9f7d	18	40680484	40689534	19	0.3767
d484353b-c8ff-4607-a26e-a08aa8de9f7d	18	40689848	53740491	8977	0.0019
d484353b-c8ff-4607-a26e-a08aa8de9f7d	18	53740727	53741022	6	1.5307
d484353b-c8ff-4607-a26e-a08aa8de9f7d	18	53741814	66095064	8578	0.0066
d484353b-c8ff-4607-a26e-a08aa8de9f7d	18	66099904	66100052	2	-1.2881
d484353b-c8ff-4607-a26e-a08aa8de9f7d	18	66100686	69078869	2169	0.0177
d484353b-c8ff-4607-a26e-a08aa8de9f7d	18	69079007	69086089	37	-0.8715
d484353b-c8ff-4607-a26e-a08aa8de9f7d	18	69090459	69353506	195	0.0003
d484353b-c8ff-4607-a26e-a08aa8de9f7d	18	69354234	69354476	4	0.6577
d484353b-c8ff-4607-a26e-a08aa8de9f7d	18	69354490	69540616	162	0.013
d484353b-c8ff-4607-a26e-a08aa8de9f7d	18	69541156	69550035	7	-0.8256
d484353b-c8ff-4607-a26e-a08aa8de9f7d	18	69550306	71369287	1188	0.0203
d484353b-c8ff-4607-a26e-a08aa8de9f7d	18	71369678	73943708	2088	0.0653
d484353b-c8ff-4607-a26e-a08aa8de9f7d	18	73945012	80257174	4535	0.0045
d484353b-c8ff-4607-a26e-a08aa8de9f7d	19	90910	14928127	6101	0.0026
d484353b-c8ff-4607-a26e-a08aa8de9f7d	19	14934380	14938487	3	-1.3951
d484353b-c8ff-4607-a26e-a08aa8de9f7d	19	14940475	20411869	2826	0.0041
d484353b-c8ff-4607-a26e-a08aa8de9f7d	19	20413400	20533583	68	-0.924
d484353b-c8ff-4607-a26e-a08aa8de9f7d	19	20538075	58586487	20128	0.0026
d484353b-c8ff-4607-a26e-a08aa8de9f7d	20	80664	276391	161	-0.0134
d484353b-c8ff-4607-a26e-a08aa8de9f7d	20	276679	276799	2	-1.3058
d484353b-c8ff-4607-a26e-a08aa8de9f7d	20	286684	1580353	1041	0.004
d484353b-c8ff-4607-a26e-a08aa8de9f7d	20	1580934	1601446	35	1.7848
d484353b-c8ff-4607-a26e-a08aa8de9f7d	20	1601561	5167951	2604	0.0089
d484353b-c8ff-4607-a26e-a08aa8de9f7d	20	5170254	5170468	2	-1.574
d484353b-c8ff-4607-a26e-a08aa8de9f7d	20	5172576	54028329	31065	0.0088
d484353b-c8ff-4607-a26e-a08aa8de9f7d	20	54031269	54036697	21	-2.1104
d484353b-c8ff-4607-a26e-a08aa8de9f7d	20	54037290	54042112	16	-4.1242
d484353b-c8ff-4607-a26e-a08aa8de9f7d	20	54046035	60990189	5662	0.0068
d484353b-c8ff-4607-a26e-a08aa8de9f7d	20	60993969	61015145	50	0.5591
d484353b-c8ff-4607-a26e-a08aa8de9f7d	20	61015428	61973114	767	0.0175
d484353b-c8ff-4607-a26e-a08aa8de9f7d	20	61983972	61984028	3	-1.0335
d484353b-c8ff-4607-a26e-a08aa8de9f7d	20	61992694	64324800	976	-0.0167
d484353b-c8ff-4607-a26e-a08aa8de9f7d	21	10354168	10559033	53	0.0912
d484353b-c8ff-4607-a26e-a08aa8de9f7d	21	10568903	10775586	34	-0.4395
d484353b-c8ff-4607-a26e-a08aa8de9f7d	21	12973348	46677045	23791	0.0089
d484353b-c8ff-4607-a26e-a08aa8de9f7d	22	15294547	22114208	3120	-0.006
d484353b-c8ff-4607-a26e-a08aa8de9f7d	22	22119549	22119654	2	-1.4492
d484353b-c8ff-4607-a26e-a08aa8de9f7d	22	22120134	22120255	4	-3.971
d484353b-c8ff-4607-a26e-a08aa8de9f7d	22	22127104	23929558	1256	0.0189
d484353b-c8ff-4607-a26e-a08aa8de9f7d	22	23940911	23946247	5	-1.3645
d484353b-c8ff-4607-a26e-a08aa8de9f7d	22	23950883	23987520	9	-0.1068
d484353b-c8ff-4607-a26e-a08aa8de9f7d	22	23988078	23990739	4	-2.5365
d484353b-c8ff-4607-a26e-a08aa8de9f7d	22	23995113	50796027	18888	0.007
d484353b-c8ff-4607-a26e-a08aa8de9f7d	X	251810	30466016	18689	0.0103
d484353b-c8ff-4607-a26e-a08aa8de9f7d	X	30466026	30466411	2	-3.1928
d484353b-c8ff-4607-a26e-a08aa8de9f7d	X	30466526	47946654	10269	0.0223
d484353b-c8ff-4607-a26e-a08aa8de9f7d	X	47949598	47953919	3	-1.5923
d484353b-c8ff-4607-a26e-a08aa8de9f7d	X	47954016	48121492	109	-0.0498
d484353b-c8ff-4607-a26e-a08aa8de9f7d	X	48128795	48144497	3	-3.2311
d484353b-c8ff-4607-a26e-a08aa8de9f7d	X	48144628	52998559	1914	0.0089
d484353b-c8ff-4607-a26e-a08aa8de9f7d	X	53004258	53004378	2	-5.0977
d484353b-c8ff-4607-a26e-a08aa8de9f7d	X	53004435	56325066	1453	-0.0059
d484353b-c8ff-4607-a26e-a08aa8de9f7d	X	56330696	56335734	4	1.0826
d484353b-c8ff-4607-a26e-a08aa8de9f7d	X	56343204	76297739	6927	0.0002
d484353b-c8ff-4607-a26e-a08aa8de9f7d	X	76303452	76307039	3	-2.6627
d484353b-c8ff-4607-a26e-a08aa8de9f7d	X	76309984	115684075	20696	0.0068
d484353b-c8ff-4607-a26e-a08aa8de9f7d	X	115686981	115687125	2	-3.5265
d484353b-c8ff-4607-a26e-a08aa8de9f7d	X	115690491	123239733	4474	0.009
d484353b-c8ff-4607-a26e-a08aa8de9f7d	X	123240081	123241749	2	-3.6374
d484353b-c8ff-4607-a26e-a08aa8de9f7d	X	123243887	140720572	9842	0.006
d484353b-c8ff-4607-a26e-a08aa8de9f7d	X	140722046	140722503	3	-2.878
d484353b-c8ff-4607-a26e-a08aa8de9f7d	X	140726391	155952689	9288	0.0034
d484353b-c8ff-4607-a26e-a08aa8de9f7d	Y	2782397	20125525	5751	-1.1811
d484353b-c8ff-4607-a26e-a08aa8de9f7d	Y	20304197	20327471	2	-2.888
d484353b-c8ff-4607-a26e-a08aa8de9f7d	Y	20353082	56872112	887	-1.1863
