GDC_Aliquot	Chromosome	Start	End	Num_Probes	Segment_Mean
61212c0e-672d-4ae9-bee2-706a90786815	1	62920	86341	11	-0.7278
61212c0e-672d-4ae9-bee2-706a90786815	1	98588	12832455	6496	-0.1719
61212c0e-672d-4ae9-bee2-706a90786815	1	12850124	12867264	5	-2.0399
61212c0e-672d-4ae9-bee2-706a90786815	1	12868035	15823420	1816	-0.1617
61212c0e-672d-4ae9-bee2-706a90786815	1	15827002	15827430	6	-1.8049
61212c0e-672d-4ae9-bee2-706a90786815	1	15827706	15841304	7	-0.5767
61212c0e-672d-4ae9-bee2-706a90786815	1	15841360	16679281	326	-0.1526
61212c0e-672d-4ae9-bee2-706a90786815	1	16679483	16721984	10	-0.4531
61212c0e-672d-4ae9-bee2-706a90786815	1	16766762	16864367	16	0.1445
61212c0e-672d-4ae9-bee2-706a90786815	1	16868660	16891412	10	-0.7014
61212c0e-672d-4ae9-bee2-706a90786815	1	16898475	16909203	7	-0.041
61212c0e-672d-4ae9-bee2-706a90786815	1	16909357	16949746	37	-0.6355
61212c0e-672d-4ae9-bee2-706a90786815	1	16951445	68399762	31659	-0.1632
61212c0e-672d-4ae9-bee2-706a90786815	1	68401105	73857716	3269	-0.1145
61212c0e-672d-4ae9-bee2-706a90786815	1	73861963	75585159	1014	-0.1445
61212c0e-672d-4ae9-bee2-706a90786815	1	75589078	75589169	2	-2.5282
61212c0e-672d-4ae9-bee2-706a90786815	1	75593824	83350794	5142	-0.139
61212c0e-672d-4ae9-bee2-706a90786815	1	83359894	83359907	2	-1.7234
61212c0e-672d-4ae9-bee2-706a90786815	1	83362590	89009572	3847	-0.1475
61212c0e-672d-4ae9-bee2-706a90786815	1	89012275	89012522	2	-2.4319
61212c0e-672d-4ae9-bee2-706a90786815	1	89015841	91695400	1728	-0.156
61212c0e-672d-4ae9-bee2-706a90786815	1	91696434	91697227	2	-2.6705
61212c0e-672d-4ae9-bee2-706a90786815	1	91698335	105476583	8264	-0.1443
61212c0e-672d-4ae9-bee2-706a90786815	1	105476614	105479753	16	-1.4855
61212c0e-672d-4ae9-bee2-706a90786815	1	105481433	106841976	904	-0.1353
61212c0e-672d-4ae9-bee2-706a90786815	1	106842560	106845290	5	-1.1672
61212c0e-672d-4ae9-bee2-706a90786815	1	106845509	108187137	1026	-0.1492
61212c0e-672d-4ae9-bee2-706a90786815	1	108191613	108194874	3	-2.0202
61212c0e-672d-4ae9-bee2-706a90786815	1	108196482	109690352	692	-0.1491
61212c0e-672d-4ae9-bee2-706a90786815	1	109690415	109702376	13	-1.0775
61212c0e-672d-4ae9-bee2-706a90786815	1	109703504	121705338	7119	-0.1553
61212c0e-672d-4ae9-bee2-706a90786815	1	143459641	143942271	128	0.6685
61212c0e-672d-4ae9-bee2-706a90786815	1	144432083	146150530	178	-0.146
61212c0e-672d-4ae9-bee2-706a90786815	1	146161924	146250588	3	-2.4185
61212c0e-672d-4ae9-bee2-706a90786815	1	146716041	152583051	2124	-0.1609
61212c0e-672d-4ae9-bee2-706a90786815	1	152583230	152614064	33	-1.4755
61212c0e-672d-4ae9-bee2-706a90786815	1	152614100	248574146	65254	-0.1534
61212c0e-672d-4ae9-bee2-706a90786815	1	248585893	248633912	32	-2.3078
61212c0e-672d-4ae9-bee2-706a90786815	1	248645563	248930189	141	-0.1361
61212c0e-672d-4ae9-bee2-706a90786815	2	12784	27216883	19341	0.3107
61212c0e-672d-4ae9-bee2-706a90786815	2	27218434	27218632	3	-1.4641
61212c0e-672d-4ae9-bee2-706a90786815	2	27219036	34427512	4712	0.2995
61212c0e-672d-4ae9-bee2-706a90786815	2	34427804	34502800	56	0.604
61212c0e-672d-4ae9-bee2-706a90786815	2	34511446	35750907	870	0.3212
61212c0e-672d-4ae9-bee2-706a90786815	2	35752724	35762881	7	-1.8421
61212c0e-672d-4ae9-bee2-706a90786815	2	35772407	49381876	9876	0.3017
61212c0e-672d-4ae9-bee2-706a90786815	2	49383047	52708132	2387	0.3469
61212c0e-672d-4ae9-bee2-706a90786815	2	52708587	75367987	14490	0.3059
61212c0e-672d-4ae9-bee2-706a90786815	2	75377244	83965971	5666	0.3317
61212c0e-672d-4ae9-bee2-706a90786815	2	83966659	87117615	1703	0.29
61212c0e-672d-4ae9-bee2-706a90786815	2	87134049	87696853	115	1.0905
61212c0e-672d-4ae9-bee2-706a90786815	2	87725148	89305244	655	0.3116
61212c0e-672d-4ae9-bee2-706a90786815	2	89896149	90309328	135	-0.2024
61212c0e-672d-4ae9-bee2-706a90786815	2	91670923	133179336	22180	0.3054
61212c0e-672d-4ae9-bee2-706a90786815	2	133187872	133203280	15	1.3049
61212c0e-672d-4ae9-bee2-706a90786815	2	133206916	146104517	8125	0.3111
61212c0e-672d-4ae9-bee2-706a90786815	2	146106836	146109366	24	0.9589
61212c0e-672d-4ae9-bee2-706a90786815	2	146120238	242147305	58994	0.307
61212c0e-672d-4ae9-bee2-706a90786815	3	20930	4051808	3626	0.3469
61212c0e-672d-4ae9-bee2-706a90786815	3	4051869	4073038	56	-0.9809
61212c0e-672d-4ae9-bee2-706a90786815	3	4073429	6604856	2126	0.3424
61212c0e-672d-4ae9-bee2-706a90786815	3	6609441	6611557	22	-0.9321
61212c0e-672d-4ae9-bee2-706a90786815	3	6611645	47585627	27667	0.3258
61212c0e-672d-4ae9-bee2-706a90786815	3	47589704	51846598	1688	0.2688
61212c0e-672d-4ae9-bee2-706a90786815	3	51847260	68697013	12545	0.3233
61212c0e-672d-4ae9-bee2-706a90786815	3	68697108	68698262	14	-1.583
61212c0e-672d-4ae9-bee2-706a90786815	3	68699607	75519398	4922	0.3211
61212c0e-672d-4ae9-bee2-706a90786815	3	75523398	82839243	4122	0.3562
61212c0e-672d-4ae9-bee2-706a90786815	3	82846547	83254573	203	0.2981
61212c0e-672d-4ae9-bee2-706a90786815	3	83256215	83256584	2	-1.1266
61212c0e-672d-4ae9-bee2-706a90786815	3	83263666	84653262	673	0.3523
61212c0e-672d-4ae9-bee2-706a90786815	3	84653312	84653449	2	-1.2792
61212c0e-672d-4ae9-bee2-706a90786815	3	84657133	98180575	5380	0.3543
61212c0e-672d-4ae9-bee2-706a90786815	3	98189826	98195973	4	1.4028
61212c0e-672d-4ae9-bee2-706a90786815	3	98197104	99218940	589	0.3209
61212c0e-672d-4ae9-bee2-706a90786815	3	99225614	99230577	38	-0.677
61212c0e-672d-4ae9-bee2-706a90786815	3	99232120	125950205	16305	0.3244
61212c0e-672d-4ae9-bee2-706a90786815	3	125954540	125957120	3	-2.6285
61212c0e-672d-4ae9-bee2-706a90786815	3	125961657	130047743	2380	0.3099
61212c0e-672d-4ae9-bee2-706a90786815	3	130057015	130075961	29	-0.318
61212c0e-672d-4ae9-bee2-706a90786815	3	130079892	162790480	20247	0.327
61212c0e-672d-4ae9-bee2-706a90786815	3	162794869	162908784	70	1.4359
61212c0e-672d-4ae9-bee2-706a90786815	3	162908815	198107849	21812	0.3356
61212c0e-672d-4ae9-bee2-706a90786815	3	198107931	198169247	26	-0.2303
61212c0e-672d-4ae9-bee2-706a90786815	4	68929	10222004	5694	-0.153
61212c0e-672d-4ae9-bee2-706a90786815	4	10222224	10229874	26	-2.0072
61212c0e-672d-4ae9-bee2-706a90786815	4	10232590	10233644	7	-0.8728
61212c0e-672d-4ae9-bee2-706a90786815	4	10234518	49214614	25961	-0.1333
61212c0e-672d-4ae9-bee2-706a90786815	4	49289175	49289338	2	1.4845
61212c0e-672d-4ae9-bee2-706a90786815	4	49295203	61071220	6071	-0.1341
61212c0e-672d-4ae9-bee2-706a90786815	4	61075217	61076234	2	-2.0422
61212c0e-672d-4ae9-bee2-706a90786815	4	61079968	63841887	1519	-0.1282
61212c0e-672d-4ae9-bee2-706a90786815	4	63842036	63842490	4	-1.0838
61212c0e-672d-4ae9-bee2-706a90786815	4	63842505	68506285	2873	-0.1197
61212c0e-672d-4ae9-bee2-706a90786815	4	68509223	68655691	69	0.5978
61212c0e-672d-4ae9-bee2-706a90786815	4	68663241	153183307	50589	-0.1356
61212c0e-672d-4ae9-bee2-706a90786815	4	153183539	153194903	4	-1.6298
61212c0e-672d-4ae9-bee2-706a90786815	4	153195608	154881396	1111	-0.144
61212c0e-672d-4ae9-bee2-706a90786815	4	154881853	154881905	2	-2.4092
61212c0e-672d-4ae9-bee2-706a90786815	4	154881926	156384562	1082	-0.1335
61212c0e-672d-4ae9-bee2-706a90786815	4	156384637	156384770	3	-1.1878
61212c0e-672d-4ae9-bee2-706a90786815	4	156386889	160958866	2831	-0.136
61212c0e-672d-4ae9-bee2-706a90786815	4	160958972	160963881	26	0.3036
61212c0e-672d-4ae9-bee2-706a90786815	4	160963971	171448195	6649	-0.1291
61212c0e-672d-4ae9-bee2-706a90786815	4	171453733	171456625	12	-1.278
61212c0e-672d-4ae9-bee2-706a90786815	4	171459220	172066777	397	-0.1112
61212c0e-672d-4ae9-bee2-706a90786815	4	172067997	172074828	13	0.6404
61212c0e-672d-4ae9-bee2-706a90786815	4	172075742	177338780	3098	-0.1306
61212c0e-672d-4ae9-bee2-706a90786815	4	177341300	177342368	4	-1.1623
61212c0e-672d-4ae9-bee2-706a90786815	4	177343235	188300104	7818	-0.1238
61212c0e-672d-4ae9-bee2-706a90786815	4	188300206	188300221	2	-3.0844
61212c0e-672d-4ae9-bee2-706a90786815	4	188300270	190106768	1143	-0.1212
61212c0e-672d-4ae9-bee2-706a90786815	5	15532	741924	322	-0.1769
61212c0e-672d-4ae9-bee2-706a90786815	5	742574	808932	15	-0.7476
61212c0e-672d-4ae9-bee2-706a90786815	5	817735	12791608	9838	-0.1224
61212c0e-672d-4ae9-bee2-706a90786815	5	12800777	12838421	15	-1.6369
61212c0e-672d-4ae9-bee2-706a90786815	5	12849089	21376735	5457	-0.123
61212c0e-672d-4ae9-bee2-706a90786815	5	21377730	21377744	2	-2.0309
61212c0e-672d-4ae9-bee2-706a90786815	5	21385957	21449167	44	-0.1447
61212c0e-672d-4ae9-bee2-706a90786815	5	21451091	21452329	5	-2.1553
61212c0e-672d-4ae9-bee2-706a90786815	5	21452387	30830548	5482	-0.1018
61212c0e-672d-4ae9-bee2-706a90786815	5	30830843	181363319	91537	-0.145
61212c0e-672d-4ae9-bee2-706a90786815	6	149661	254267	100	-0.1552
61212c0e-672d-4ae9-bee2-706a90786815	6	254283	285695	16	-0.9894
61212c0e-672d-4ae9-bee2-706a90786815	6	286393	381149	86	-0.4867
61212c0e-672d-4ae9-bee2-706a90786815	6	382559	6025978	4635	-0.1464
61212c0e-672d-4ae9-bee2-706a90786815	6	6033698	6034203	3	-3.7252
61212c0e-672d-4ae9-bee2-706a90786815	6	6036812	32486746	17974	-0.1448
61212c0e-672d-4ae9-bee2-706a90786815	6	32488906	32533522	13	2.0128
61212c0e-672d-4ae9-bee2-706a90786815	6	32540699	32722250	91	0.086
61212c0e-672d-4ae9-bee2-706a90786815	6	32723020	32723053	3	2.198
61212c0e-672d-4ae9-bee2-706a90786815	6	32732907	47596323	9501	-0.1588
61212c0e-672d-4ae9-bee2-706a90786815	6	47596568	47597753	2	-2.8933
61212c0e-672d-4ae9-bee2-706a90786815	6	47601821	64627049	8349	-0.1357
61212c0e-672d-4ae9-bee2-706a90786815	6	64637651	64639099	2	-2.8835
61212c0e-672d-4ae9-bee2-706a90786815	6	64640883	65689589	700	-0.1104
61212c0e-672d-4ae9-bee2-706a90786815	6	65689644	65697234	23	-0.6606
61212c0e-672d-4ae9-bee2-706a90786815	6	65697317	72153222	4344	-0.1245
61212c0e-672d-4ae9-bee2-706a90786815	6	72156821	72157169	2	-2.9501
61212c0e-672d-4ae9-bee2-706a90786815	6	72158860	76305231	2567	-0.1473
61212c0e-672d-4ae9-bee2-706a90786815	6	76307183	76307209	3	-1.8989
61212c0e-672d-4ae9-bee2-706a90786815	6	76307276	76323667	35	0.0924
61212c0e-672d-4ae9-bee2-706a90786815	6	76324023	76726815	261	-0.1484
61212c0e-672d-4ae9-bee2-706a90786815	6	76730151	76743040	21	-0.8101
61212c0e-672d-4ae9-bee2-706a90786815	6	76751356	78252333	968	-0.1252
61212c0e-672d-4ae9-bee2-706a90786815	6	78252347	78332056	124	0.0528
61212c0e-672d-4ae9-bee2-706a90786815	6	78332092	103290164	15460	-0.1358
61212c0e-672d-4ae9-bee2-706a90786815	6	103290209	103317795	45	0.5554
61212c0e-672d-4ae9-bee2-706a90786815	6	103317836	110073703	4223	-0.1501
61212c0e-672d-4ae9-bee2-706a90786815	6	110074988	110092034	18	-1.101
61212c0e-672d-4ae9-bee2-706a90786815	6	110094225	114874292	2993	-0.1451
61212c0e-672d-4ae9-bee2-706a90786815	6	114881368	114881626	4	-2.2469
61212c0e-672d-4ae9-bee2-706a90786815	6	114885112	170741917	36864	-0.1413
61212c0e-672d-4ae9-bee2-706a90786815	7	43355	1035937	259	0.3185
61212c0e-672d-4ae9-bee2-706a90786815	7	1036823	1040126	2	-0.9584
61212c0e-672d-4ae9-bee2-706a90786815	7	1041067	8594582	4656	0.3217
61212c0e-672d-4ae9-bee2-706a90786815	7	8596221	16348430	6233	0.361
61212c0e-672d-4ae9-bee2-706a90786815	7	16348937	38220497	16174	0.3306
61212c0e-672d-4ae9-bee2-706a90786815	7	38222300	38317474	117	0.5098
61212c0e-672d-4ae9-bee2-706a90786815	7	38317544	54305455	11003	0.3371
61212c0e-672d-4ae9-bee2-706a90786815	7	54318812	54318824	6	-2.3339
61212c0e-672d-4ae9-bee2-706a90786815	7	54325795	78038389	8965	0.3221
61212c0e-672d-4ae9-bee2-706a90786815	7	78039985	90255283	8051	0.3537
61212c0e-672d-4ae9-bee2-706a90786815	7	90255387	109793728	11393	0.3187
61212c0e-672d-4ae9-bee2-706a90786815	7	109793741	109813925	37	-0.4411
61212c0e-672d-4ae9-bee2-706a90786815	7	109814172	116285536	3877	0.3386
61212c0e-672d-4ae9-bee2-706a90786815	7	116287872	116289551	10	-0.3815
61212c0e-672d-4ae9-bee2-706a90786815	7	116289599	126406489	6143	0.3386
61212c0e-672d-4ae9-bee2-706a90786815	7	126406546	126406827	8	-0.4911
61212c0e-672d-4ae9-bee2-706a90786815	7	126412712	134090709	4679	0.3221
61212c0e-672d-4ae9-bee2-706a90786815	7	134093676	134113356	37	0.0042
61212c0e-672d-4ae9-bee2-706a90786815	7	134113790	141927349	5102	0.3181
61212c0e-672d-4ae9-bee2-706a90786815	7	141928139	148483802	4105	0.3536
61212c0e-672d-4ae9-bee2-706a90786815	7	148488336	153685338	2998	0.3085
61212c0e-672d-4ae9-bee2-706a90786815	7	153698387	153704999	9	-0.3462
61212c0e-672d-4ae9-bee2-706a90786815	7	153705319	159334314	3864	0.332
61212c0e-672d-4ae9-bee2-706a90786815	8	81254	7396819	7741	-0.1281
61212c0e-672d-4ae9-bee2-706a90786815	8	7397588	8110806	39	-0.8355
61212c0e-672d-4ae9-bee2-706a90786815	8	8120447	13791602	4385	-0.138
61212c0e-672d-4ae9-bee2-706a90786815	8	13791634	13797247	11	-0.5536
61212c0e-672d-4ae9-bee2-706a90786815	8	13797893	13798200	4	-2.0059
61212c0e-672d-4ae9-bee2-706a90786815	8	13799452	25116961	9265	-0.1318
61212c0e-672d-4ae9-bee2-706a90786815	8	25117007	25126708	23	-2.8084
61212c0e-672d-4ae9-bee2-706a90786815	8	25126735	40326806	9652	-0.1463
61212c0e-672d-4ae9-bee2-706a90786815	8	40326879	40335391	27	-0.9928
61212c0e-672d-4ae9-bee2-706a90786815	8	40336910	114622438	43178	-0.1378
61212c0e-672d-4ae9-bee2-706a90786815	8	114622478	114629502	31	-0.6106
61212c0e-672d-4ae9-bee2-706a90786815	8	114638468	133161042	13040	-0.1369
61212c0e-672d-4ae9-bee2-706a90786815	8	133161244	133161445	3	-1.5028
61212c0e-672d-4ae9-bee2-706a90786815	8	133161562	136043687	2380	-0.1555
61212c0e-672d-4ae9-bee2-706a90786815	8	136043887	138739059	2178	-0.1071
61212c0e-672d-4ae9-bee2-706a90786815	8	138745810	145072769	3436	-0.1628
61212c0e-672d-4ae9-bee2-706a90786815	9	46587	8178098	7869	-0.128
61212c0e-672d-4ae9-bee2-706a90786815	9	8179592	8180123	3	1.2577
61212c0e-672d-4ae9-bee2-706a90786815	9	8182214	23361807	12520	-0.1224
61212c0e-672d-4ae9-bee2-706a90786815	9	23363117	23373486	8	-2.4751
61212c0e-672d-4ae9-bee2-706a90786815	9	23378490	122050799	49927	-0.1325
61212c0e-672d-4ae9-bee2-706a90786815	9	122052805	135319522	7947	-0.1625
61212c0e-672d-4ae9-bee2-706a90786815	9	135322259	135323776	2	-1.6972
61212c0e-672d-4ae9-bee2-706a90786815	9	135324566	138200944	1108	-0.1652
61212c0e-672d-4ae9-bee2-706a90786815	10	45792	2048827	1490	-0.1421
61212c0e-672d-4ae9-bee2-706a90786815	10	2050582	2051513	3	-1.4873
61212c0e-672d-4ae9-bee2-706a90786815	10	2052872	24088745	17669	-0.1404
61212c0e-672d-4ae9-bee2-706a90786815	10	24088746	24089125	10	-2.9843
61212c0e-672d-4ae9-bee2-706a90786815	10	24089979	44700866	11614	-0.1398
61212c0e-672d-4ae9-bee2-706a90786815	10	44707669	44862350	116	0.3565
61212c0e-672d-4ae9-bee2-706a90786815	10	44871459	56753095	7309	-0.1293
61212c0e-672d-4ae9-bee2-706a90786815	10	56756615	56767077	41	-0.8351
61212c0e-672d-4ae9-bee2-706a90786815	10	56772992	122584593	44402	-0.1423
61212c0e-672d-4ae9-bee2-706a90786815	10	122584707	122591497	5	-1.4071
61212c0e-672d-4ae9-bee2-706a90786815	10	122597296	133654968	7886	-0.1397
61212c0e-672d-4ae9-bee2-706a90786815	11	198510	4946420	2416	-0.1559
61212c0e-672d-4ae9-bee2-706a90786815	11	4947280	4955042	30	0.6818
61212c0e-672d-4ae9-bee2-706a90786815	11	4955781	5768511	788	-0.1229
61212c0e-672d-4ae9-bee2-706a90786815	11	5768639	5940544	156	0.0204
61212c0e-672d-4ae9-bee2-706a90786815	11	5940854	18919323	9270	-0.1426
61212c0e-672d-4ae9-bee2-706a90786815	11	18927525	18940441	45	-0.4116
61212c0e-672d-4ae9-bee2-706a90786815	11	18940469	55609035	21752	-0.1348
61212c0e-672d-4ae9-bee2-706a90786815	11	55609158	55672514	37	-0.5305
61212c0e-672d-4ae9-bee2-706a90786815	11	55674842	56981774	882	-0.1191
61212c0e-672d-4ae9-bee2-706a90786815	11	56981937	78540315	10991	-0.1618
61212c0e-672d-4ae9-bee2-706a90786815	11	78540439	86594619	5877	-0.1288
61212c0e-672d-4ae9-bee2-706a90786815	11	86594771	86595012	5	-1.1454
61212c0e-672d-4ae9-bee2-706a90786815	11	86604132	101723653	10796	-0.13
61212c0e-672d-4ae9-bee2-706a90786815	11	101727129	101727233	4	1.1986
61212c0e-672d-4ae9-bee2-706a90786815	11	101727481	116920594	10292	-0.1351
61212c0e-672d-4ae9-bee2-706a90786815	11	116921435	119698438	1791	-0.1912
61212c0e-672d-4ae9-bee2-706a90786815	11	119699027	135074876	11603	-0.1425
61212c0e-672d-4ae9-bee2-706a90786815	12	51460	8404097	5585	0.3242
61212c0e-672d-4ae9-bee2-706a90786815	12	8405892	8432076	18	-0.2913
61212c0e-672d-4ae9-bee2-706a90786815	12	8442298	9481274	560	0.3226
61212c0e-672d-4ae9-bee2-706a90786815	12	9485313	9582374	25	-0.0404
61212c0e-672d-4ae9-bee2-706a90786815	12	9583090	11061546	1030	0.3274
61212c0e-672d-4ae9-bee2-706a90786815	12	11062773	11088933	13	1.0301
61212c0e-672d-4ae9-bee2-706a90786815	12	11099275	30087207	13250	0.3275
61212c0e-672d-4ae9-bee2-706a90786815	12	30087223	30088437	7	-0.6519
61212c0e-672d-4ae9-bee2-706a90786815	12	30090521	33141726	2261	0.3201
61212c0e-672d-4ae9-bee2-706a90786815	12	33148472	33155426	28	-0.8484
61212c0e-672d-4ae9-bee2-706a90786815	12	33155453	33235894	45	0.3593
61212c0e-672d-4ae9-bee2-706a90786815	12	33237809	33242483	4	1.4475
61212c0e-672d-4ae9-bee2-706a90786815	12	33246118	45506042	5530	0.3387
61212c0e-672d-4ae9-bee2-706a90786815	12	45510655	45515754	4	-1.7378
61212c0e-672d-4ae9-bee2-706a90786815	12	45519509	48177097	1617	0.329
61212c0e-672d-4ae9-bee2-706a90786815	12	48177303	58228023	5511	0.2881
61212c0e-672d-4ae9-bee2-706a90786815	12	58233093	80446147	14381	0.3336
61212c0e-672d-4ae9-bee2-706a90786815	12	80446276	80456533	2	-2.0384
61212c0e-672d-4ae9-bee2-706a90786815	12	80458189	91980327	6977	0.3418
61212c0e-672d-4ae9-bee2-706a90786815	12	91981326	118205991	17909	0.3089
61212c0e-672d-4ae9-bee2-706a90786815	12	118208625	118214077	4	0.6966
61212c0e-672d-4ae9-bee2-706a90786815	12	118216338	118222125	3	-1.3049
61212c0e-672d-4ae9-bee2-706a90786815	12	118228452	119557968	967	0.3383
61212c0e-672d-4ae9-bee2-706a90786815	12	119557983	125106704	2781	0.2892
61212c0e-672d-4ae9-bee2-706a90786815	12	125109078	131636170	5661	0.3302
61212c0e-672d-4ae9-bee2-706a90786815	12	131648039	131657925	14	-0.6911
61212c0e-672d-4ae9-bee2-706a90786815	12	131658450	133201603	558	0.3177
61212c0e-672d-4ae9-bee2-706a90786815	13	18452809	23055071	2851	-0.1257
61212c0e-672d-4ae9-bee2-706a90786815	13	23058539	23064056	13	-0.7007
61212c0e-672d-4ae9-bee2-706a90786815	13	23064071	25274123	1678	-0.1287
61212c0e-672d-4ae9-bee2-706a90786815	13	25281626	25281680	2	-1.4806
61212c0e-672d-4ae9-bee2-706a90786815	13	25283742	27600497	1727	-0.1263
61212c0e-672d-4ae9-bee2-706a90786815	13	27602290	27602488	3	-1.2351
61212c0e-672d-4ae9-bee2-706a90786815	13	27603729	38478674	7902	-0.1433
61212c0e-672d-4ae9-bee2-706a90786815	13	38483435	38483919	2	-2.0954
61212c0e-672d-4ae9-bee2-706a90786815	13	38490920	60645681	13888	-0.1358
61212c0e-672d-4ae9-bee2-706a90786815	13	60646425	60646441	2	-1.7637
61212c0e-672d-4ae9-bee2-706a90786815	13	60646659	71902850	6935	-0.1098
61212c0e-672d-4ae9-bee2-706a90786815	13	71903417	71906418	4	-1.9165
61212c0e-672d-4ae9-bee2-706a90786815	13	71906467	114342922	29049	-0.1286
61212c0e-672d-4ae9-bee2-706a90786815	14	18239283	19078442	32	-0.1634
61212c0e-672d-4ae9-bee2-706a90786815	14	19110634	19950798	129	-0.6168
61212c0e-672d-4ae9-bee2-706a90786815	14	19951100	19954424	4	-1.4579
61212c0e-672d-4ae9-bee2-706a90786815	14	19955213	21936461	1368	-0.1279
61212c0e-672d-4ae9-bee2-706a90786815	14	21936500	22508844	488	-0.0028
61212c0e-672d-4ae9-bee2-706a90786815	14	22509094	39711126	10767	-0.1347
61212c0e-672d-4ae9-bee2-706a90786815	14	39712981	48887078	5505	-0.11
61212c0e-672d-4ae9-bee2-706a90786815	14	48894800	106877229	37045	-0.1443
61212c0e-672d-4ae9-bee2-706a90786815	15	19811075	21417107	175	-0.0965
61212c0e-672d-4ae9-bee2-706a90786815	15	21975606	22003073	4	1.5221
61212c0e-672d-4ae9-bee2-706a90786815	15	22005276	23809640	638	-0.1231
61212c0e-672d-4ae9-bee2-706a90786815	15	23810290	23822448	22	-1.081
61212c0e-672d-4ae9-bee2-706a90786815	15	23826362	30231102	3989	-0.1249
61212c0e-672d-4ae9-bee2-706a90786815	15	30252720	30291233	9	-1.0511
61212c0e-672d-4ae9-bee2-706a90786815	15	30297594	68448540	24425	-0.1375
61212c0e-672d-4ae9-bee2-706a90786815	15	68462743	68465176	7	-1.4455
61212c0e-672d-4ae9-bee2-706a90786815	15	68466133	76599170	4598	-0.1491
61212c0e-672d-4ae9-bee2-706a90786815	15	76599286	76603434	20	-2.4023
61212c0e-672d-4ae9-bee2-706a90786815	15	76609838	101928837	17588	-0.1403
61212c0e-672d-4ae9-bee2-706a90786815	16	10777	16269368	11745	0.3215
61212c0e-672d-4ae9-bee2-706a90786815	16	16419234	16534205	11	-0.663
61212c0e-672d-4ae9-bee2-706a90786815	16	16539504	21401082	2619	0.319
61212c0e-672d-4ae9-bee2-706a90786815	16	21503753	21582313	24	-0.1285
61212c0e-672d-4ae9-bee2-706a90786815	16	21584992	22420049	358	0.3519
61212c0e-672d-4ae9-bee2-706a90786815	16	22430653	22699421	75	-0.1509
61212c0e-672d-4ae9-bee2-706a90786815	16	22701658	60303770	14885	0.3266
61212c0e-672d-4ae9-bee2-706a90786815	16	60304959	65423361	3446	0.3666
61212c0e-672d-4ae9-bee2-706a90786815	16	65426707	78337711	8027	0.3268
61212c0e-672d-4ae9-bee2-706a90786815	16	78338543	78343037	9	1.2757
61212c0e-672d-4ae9-bee2-706a90786815	16	78343264	90096867	10608	0.3338
61212c0e-672d-4ae9-bee2-706a90786815	17	150733	2408335	1155	0.6366
61212c0e-672d-4ae9-bee2-706a90786815	17	2409060	2409080	4	1.8766
61212c0e-672d-4ae9-bee2-706a90786815	17	2413234	9777134	4333	0.6486
61212c0e-672d-4ae9-bee2-706a90786815	17	9777393	15387845	4376	0.691
61212c0e-672d-4ae9-bee2-706a90786815	17	15396105	36109315	8367	0.648
61212c0e-672d-4ae9-bee2-706a90786815	17	36109735	36467808	48	0.3184
61212c0e-672d-4ae9-bee2-706a90786815	17	36467902	41265456	2506	0.6391
61212c0e-672d-4ae9-bee2-706a90786815	17	41266762	41274279	24	-1.0456
61212c0e-672d-4ae9-bee2-706a90786815	17	41276472	45497555	2148	0.6132
61212c0e-672d-4ae9-bee2-706a90786815	17	45508731	45571138	4	-1.1817
61212c0e-672d-4ae9-bee2-706a90786815	17	45571174	45679603	48	0.4857
61212c0e-672d-4ae9-bee2-706a90786815	17	45680406	45680765	2	-2.8774
61212c0e-672d-4ae9-bee2-706a90786815	17	45682353	46136346	329	0.5431
61212c0e-672d-4ae9-bee2-706a90786815	17	46136800	46267672	79	1.1969
61212c0e-672d-4ae9-bee2-706a90786815	17	46273919	51628372	2607	0.637
61212c0e-672d-4ae9-bee2-706a90786815	17	51629890	56081683	3200	0.6927
61212c0e-672d-4ae9-bee2-706a90786815	17	56083553	56095462	26	-0.1863
61212c0e-672d-4ae9-bee2-706a90786815	17	56095886	80622528	14745	0.6583
61212c0e-672d-4ae9-bee2-706a90786815	17	80627616	80639707	14	1.1789
61212c0e-672d-4ae9-bee2-706a90786815	17	80641024	83091923	958	0.6437
61212c0e-672d-4ae9-bee2-706a90786815	18	48133	28606317	15036	-0.1266
61212c0e-672d-4ae9-bee2-706a90786815	18	28606331	28613572	15	-0.648
61212c0e-672d-4ae9-bee2-706a90786815	18	28615803	53677765	16626	-0.1277
61212c0e-672d-4ae9-bee2-706a90786815	18	53680839	53684270	5	-1.2213
61212c0e-672d-4ae9-bee2-706a90786815	18	53685778	64543663	7534	-0.1321
61212c0e-672d-4ae9-bee2-706a90786815	18	64544391	64544711	2	-1.7346
61212c0e-672d-4ae9-bee2-706a90786815	18	64550181	69540616	3655	-0.1114
61212c0e-672d-4ae9-bee2-706a90786815	18	69541156	69550035	7	-0.9741
61212c0e-672d-4ae9-bee2-706a90786815	18	69550306	78900693	7090	-0.1182
61212c0e-672d-4ae9-bee2-706a90786815	18	78902714	78904863	5	-1.2938
61212c0e-672d-4ae9-bee2-706a90786815	18	78906449	80257174	702	-0.1389
61212c0e-672d-4ae9-bee2-706a90786815	19	90910	42786621	20376	-0.158
61212c0e-672d-4ae9-bee2-706a90786815	19	42790238	43038679	113	-0.9203
61212c0e-672d-4ae9-bee2-706a90786815	19	43044862	51215611	3924	-0.1708
61212c0e-672d-4ae9-bee2-706a90786815	19	51216216	51217228	2	1.2943
61212c0e-672d-4ae9-bee2-706a90786815	19	51223357	54740939	2330	-0.1316
61212c0e-672d-4ae9-bee2-706a90786815	19	54772391	54815158	19	0.455
61212c0e-672d-4ae9-bee2-706a90786815	19	54819199	58586487	2295	-0.1465
61212c0e-672d-4ae9-bee2-706a90786815	20	80664	1609888	1236	-0.1455
61212c0e-672d-4ae9-bee2-706a90786815	20	1613203	1613247	2	-1.5733
61212c0e-672d-4ae9-bee2-706a90786815	20	1617300	23481385	17015	-0.1291
61212c0e-672d-4ae9-bee2-706a90786815	20	23486197	23494584	6	-1.2576
61212c0e-672d-4ae9-bee2-706a90786815	20	23495244	23575578	76	-0.1287
61212c0e-672d-4ae9-bee2-706a90786815	20	23575861	23579398	2	1.1257
61212c0e-672d-4ae9-bee2-706a90786815	20	23579636	31411182	1781	-0.1206
61212c0e-672d-4ae9-bee2-706a90786815	20	31413085	38260014	3488	-0.1745
61212c0e-672d-4ae9-bee2-706a90786815	20	38263820	64324800	18706	-0.1414
61212c0e-672d-4ae9-bee2-706a90786815	21	10354168	13189617	114	-0.4019
61212c0e-672d-4ae9-bee2-706a90786815	21	13197963	41667548	20880	-0.8992
61212c0e-672d-4ae9-bee2-706a90786815	21	41667612	41965881	198	-1.0194
61212c0e-672d-4ae9-bee2-706a90786815	21	41965899	41969325	6	-2.4921
61212c0e-672d-4ae9-bee2-706a90786815	21	41972882	45626706	1950	-0.981
61212c0e-672d-4ae9-bee2-706a90786815	21	45629198	46677045	616	-0.9023
61212c0e-672d-4ae9-bee2-706a90786815	22	15294547	40749600	16088	-0.1526
61212c0e-672d-4ae9-bee2-706a90786815	22	40751321	40756027	3	-2.0961
61212c0e-672d-4ae9-bee2-706a90786815	22	40757172	42501276	1030	-0.1626
61212c0e-672d-4ae9-bee2-706a90786815	22	42503434	42536311	19	0.2873
61212c0e-672d-4ae9-bee2-706a90786815	22	42536412	49492049	5464	-0.1446
61212c0e-672d-4ae9-bee2-706a90786815	22	49495282	49495310	2	-1.7464
61212c0e-672d-4ae9-bee2-706a90786815	22	49497505	50796027	632	-0.1641
61212c0e-672d-4ae9-bee2-706a90786815	X	251810	2671323	92	-0.6331
61212c0e-672d-4ae9-bee2-706a90786815	X	2747168	41319696	25070	0.0032
61212c0e-672d-4ae9-bee2-706a90786815	X	41319790	41323482	2	-3.9702
61212c0e-672d-4ae9-bee2-706a90786815	X	41323709	152337437	56069	0.0031
61212c0e-672d-4ae9-bee2-706a90786815	X	152342526	152348153	3	-2.38
61212c0e-672d-4ae9-bee2-706a90786815	X	152348845	155699837	1501	-0.0169
61212c0e-672d-4ae9-bee2-706a90786815	X	155734393	155952689	18	-0.6531
61212c0e-672d-4ae9-bee2-706a90786815	Y	2782397	56872112	6635	-2.548
