GDC_Aliquot	Chromosome	Start	End	Num_Probes	Segment_Mean
1aa50711-a8a5-4c6f-a390-254a4614e2aa	1	62920	812759	30	-0.0755
1aa50711-a8a5-4c6f-a390-254a4614e2aa	1	814954	2998148	573	0.1321
1aa50711-a8a5-4c6f-a390-254a4614e2aa	1	3003378	16518437	8036	0.006
1aa50711-a8a5-4c6f-a390-254a4614e2aa	1	16525019	16955930	116	0.3854
1aa50711-a8a5-4c6f-a390-254a4614e2aa	1	16956580	25266637	5251	0.0052
1aa50711-a8a5-4c6f-a390-254a4614e2aa	1	25269390	25336853	25	0.5504
1aa50711-a8a5-4c6f-a390-254a4614e2aa	1	25346663	72303233	28715	0.0061
1aa50711-a8a5-4c6f-a390-254a4614e2aa	1	72303253	72345465	45	-1.4293
1aa50711-a8a5-4c6f-a390-254a4614e2aa	1	72346221	109690352	23604	0.0047
1aa50711-a8a5-4c6f-a390-254a4614e2aa	1	109690415	109697556	12	1.0927
1aa50711-a8a5-4c6f-a390-254a4614e2aa	1	109702376	110833598	835	0.0101
1aa50711-a8a5-4c6f-a390-254a4614e2aa	1	110834746	110845604	39	-0.5242
1aa50711-a8a5-4c6f-a390-254a4614e2aa	1	110849445	121549282	6239	0.002
1aa50711-a8a5-4c6f-a390-254a4614e2aa	1	121549518	143748421	120	0.1321
1aa50711-a8a5-4c6f-a390-254a4614e2aa	1	143748590	143754798	16	0.4679
1aa50711-a8a5-4c6f-a390-254a4614e2aa	1	143759680	151375049	1592	0.0433
1aa50711-a8a5-4c6f-a390-254a4614e2aa	1	151375224	151375344	2	-1.5248
1aa50711-a8a5-4c6f-a390-254a4614e2aa	1	151375579	152554167	689	0.0004
1aa50711-a8a5-4c6f-a390-254a4614e2aa	1	152554589	152614118	77	0.2183
1aa50711-a8a5-4c6f-a390-254a4614e2aa	1	152618018	152787202	166	0.0261
1aa50711-a8a5-4c6f-a390-254a4614e2aa	1	152789447	152796224	37	0.6791
1aa50711-a8a5-4c6f-a390-254a4614e2aa	1	152801429	152949114	100	0.0393
1aa50711-a8a5-4c6f-a390-254a4614e2aa	1	152949618	152953279	5	-0.9483
1aa50711-a8a5-4c6f-a390-254a4614e2aa	1	152953886	153699771	519	0.0153
1aa50711-a8a5-4c6f-a390-254a4614e2aa	1	153701198	153715580	6	0.8552
1aa50711-a8a5-4c6f-a390-254a4614e2aa	1	153719014	155210675	711	0.0061
1aa50711-a8a5-4c6f-a390-254a4614e2aa	1	155219369	155241876	12	1.1948
1aa50711-a8a5-4c6f-a390-254a4614e2aa	1	155242476	165452421	6984	-0.0014
1aa50711-a8a5-4c6f-a390-254a4614e2aa	1	165452567	165454933	14	-0.9115
1aa50711-a8a5-4c6f-a390-254a4614e2aa	1	165455373	169247699	2920	0.0004
1aa50711-a8a5-4c6f-a390-254a4614e2aa	1	169264736	169286164	9	0.7089
1aa50711-a8a5-4c6f-a390-254a4614e2aa	1	169287263	194479104	16719	0.009
1aa50711-a8a5-4c6f-a390-254a4614e2aa	1	194482281	194485888	2	1.4154
1aa50711-a8a5-4c6f-a390-254a4614e2aa	1	194487886	196745743	1450	0.0026
1aa50711-a8a5-4c6f-a390-254a4614e2aa	1	196758720	196762956	4	-2.0996
1aa50711-a8a5-4c6f-a390-254a4614e2aa	1	196769493	196878845	93	-0.3108
1aa50711-a8a5-4c6f-a390-254a4614e2aa	1	196884220	209897717	8746	0.0055
1aa50711-a8a5-4c6f-a390-254a4614e2aa	1	209908268	209908720	2	-1.6963
1aa50711-a8a5-4c6f-a390-254a4614e2aa	1	209910639	248525264	26833	0.0051
1aa50711-a8a5-4c6f-a390-254a4614e2aa	1	248525284	248684083	56	0.2964
1aa50711-a8a5-4c6f-a390-254a4614e2aa	1	248684527	248703943	19	-0.2517
1aa50711-a8a5-4c6f-a390-254a4614e2aa	1	248704056	248709357	3	-2.3895
1aa50711-a8a5-4c6f-a390-254a4614e2aa	1	248713007	248930189	101	-0.0135
1aa50711-a8a5-4c6f-a390-254a4614e2aa	2	12784	34466002	24077	0.0055
1aa50711-a8a5-4c6f-a390-254a4614e2aa	2	34474248	34512096	47	0.3908
1aa50711-a8a5-4c6f-a390-254a4614e2aa	2	34512489	52516787	12995	0.0033
1aa50711-a8a5-4c6f-a390-254a4614e2aa	2	52527330	52554404	40	0.6875
1aa50711-a8a5-4c6f-a390-254a4614e2aa	2	52560811	97359885	23837	0.003
1aa50711-a8a5-4c6f-a390-254a4614e2aa	2	97524284	97545726	9	1.0179
1aa50711-a8a5-4c6f-a390-254a4614e2aa	2	97550415	106263639	5566	0.002
1aa50711-a8a5-4c6f-a390-254a4614e2aa	2	106264257	106268901	11	0.7679
1aa50711-a8a5-4c6f-a390-254a4614e2aa	2	106270799	107824280	992	0.0008
1aa50711-a8a5-4c6f-a390-254a4614e2aa	2	107830513	107864451	2	-1.2959
1aa50711-a8a5-4c6f-a390-254a4614e2aa	2	107875632	109704919	1116	0.0139
1aa50711-a8a5-4c6f-a390-254a4614e2aa	2	109743935	109984252	3	1.3511
1aa50711-a8a5-4c6f-a390-254a4614e2aa	2	110044146	146104517	21691	0.007
1aa50711-a8a5-4c6f-a390-254a4614e2aa	2	146106836	146109366	24	-1.5583
1aa50711-a8a5-4c6f-a390-254a4614e2aa	2	146120238	242147305	59042	0.0065
1aa50711-a8a5-4c6f-a390-254a4614e2aa	3	20930	1720723	1524	0.0317
1aa50711-a8a5-4c6f-a390-254a4614e2aa	3	1730425	1734579	7	-1.3631
1aa50711-a8a5-4c6f-a390-254a4614e2aa	3	1735838	23481294	16064	0.0009
1aa50711-a8a5-4c6f-a390-254a4614e2aa	3	23483651	23631223	102	0.3662
1aa50711-a8a5-4c6f-a390-254a4614e2aa	3	23637436	25482300	1475	-0.0032
1aa50711-a8a5-4c6f-a390-254a4614e2aa	3	25482313	25482845	3	-1.1557
1aa50711-a8a5-4c6f-a390-254a4614e2aa	3	25482855	46751887	13993	0.0058
1aa50711-a8a5-4c6f-a390-254a4614e2aa	3	46760327	46808099	40	-2.3737
1aa50711-a8a5-4c6f-a390-254a4614e2aa	3	46817989	142798526	56983	0.002
1aa50711-a8a5-4c6f-a390-254a4614e2aa	3	142801337	142804507	2	-1.687
1aa50711-a8a5-4c6f-a390-254a4614e2aa	3	142804578	162794951	12525	0.003
1aa50711-a8a5-4c6f-a390-254a4614e2aa	3	162795304	162898127	62	0.4656
1aa50711-a8a5-4c6f-a390-254a4614e2aa	3	162906054	162996729	78	-0.0419
1aa50711-a8a5-4c6f-a390-254a4614e2aa	3	162999939	163001774	2	-2.3419
1aa50711-a8a5-4c6f-a390-254a4614e2aa	3	163008371	166365808	1931	0.0188
1aa50711-a8a5-4c6f-a390-254a4614e2aa	3	166367999	166376401	5	0.936
1aa50711-a8a5-4c6f-a390-254a4614e2aa	3	166380227	167941968	793	0.0065
1aa50711-a8a5-4c6f-a390-254a4614e2aa	3	167942969	167943348	2	-2.6275
1aa50711-a8a5-4c6f-a390-254a4614e2aa	3	167948129	186688156	11617	0.0077
1aa50711-a8a5-4c6f-a390-254a4614e2aa	3	186688334	186688349	2	-3.5375
1aa50711-a8a5-4c6f-a390-254a4614e2aa	3	186695072	193156958	4730	0.005
1aa50711-a8a5-4c6f-a390-254a4614e2aa	3	193160113	193165114	20	0.6992
1aa50711-a8a5-4c6f-a390-254a4614e2aa	3	193168646	198169247	2694	0.007
1aa50711-a8a5-4c6f-a390-254a4614e2aa	4	68929	3467927	1393	0.0202
1aa50711-a8a5-4c6f-a390-254a4614e2aa	4	3470435	3470639	3	-1.8615
1aa50711-a8a5-4c6f-a390-254a4614e2aa	4	3471166	10208766	4309	0.0035
1aa50711-a8a5-4c6f-a390-254a4614e2aa	4	10212536	10233644	36	0.9479
1aa50711-a8a5-4c6f-a390-254a4614e2aa	4	10234518	30064714	14168	0.0064
1aa50711-a8a5-4c6f-a390-254a4614e2aa	4	30065230	30069394	2	-2.7615
1aa50711-a8a5-4c6f-a390-254a4614e2aa	4	30069571	34764149	2793	0.0004
1aa50711-a8a5-4c6f-a390-254a4614e2aa	4	34768684	34817589	44	0.2801
1aa50711-a8a5-4c6f-a390-254a4614e2aa	4	34819718	49112078	8957	0.0017
1aa50711-a8a5-4c6f-a390-254a4614e2aa	4	49113964	49152601	5	1.0558
1aa50711-a8a5-4c6f-a390-254a4614e2aa	4	49152752	54353363	1626	0.0053
1aa50711-a8a5-4c6f-a390-254a4614e2aa	4	54353509	54354188	7	-0.9756
1aa50711-a8a5-4c6f-a390-254a4614e2aa	4	54355243	68478894	8852	0.0047
1aa50711-a8a5-4c6f-a390-254a4614e2aa	4	68494770	68620261	68	-0.2843
1aa50711-a8a5-4c6f-a390-254a4614e2aa	4	68623617	69261934	317	0.0769
1aa50711-a8a5-4c6f-a390-254a4614e2aa	4	69262694	69366406	54	-0.6283
1aa50711-a8a5-4c6f-a390-254a4614e2aa	4	69370433	82712673	8305	0.013
1aa50711-a8a5-4c6f-a390-254a4614e2aa	4	82716215	82719179	11	-1.3804
1aa50711-a8a5-4c6f-a390-254a4614e2aa	4	82720673	150955157	40606	0.0037
1aa50711-a8a5-4c6f-a390-254a4614e2aa	4	150955173	150963154	25	-0.6071
1aa50711-a8a5-4c6f-a390-254a4614e2aa	4	150963158	154881396	2413	0.0071
1aa50711-a8a5-4c6f-a390-254a4614e2aa	4	154881853	154881926	3	-2.8785
1aa50711-a8a5-4c6f-a390-254a4614e2aa	4	154882047	160958989	3920	0.0042
1aa50711-a8a5-4c6f-a390-254a4614e2aa	4	160959045	160963756	18	-0.7132
1aa50711-a8a5-4c6f-a390-254a4614e2aa	4	160963767	172501371	7312	0.0036
1aa50711-a8a5-4c6f-a390-254a4614e2aa	4	172503796	172507492	7	1.452
1aa50711-a8a5-4c6f-a390-254a4614e2aa	4	172519981	187217702	10046	0.0119
1aa50711-a8a5-4c6f-a390-254a4614e2aa	4	187218258	187240438	16	-0.6983
1aa50711-a8a5-4c6f-a390-254a4614e2aa	4	187242781	188300076	625	0.0022
1aa50711-a8a5-4c6f-a390-254a4614e2aa	4	188300104	188301899	7	0.9175
1aa50711-a8a5-4c6f-a390-254a4614e2aa	4	188301957	190106768	1138	0.0435
1aa50711-a8a5-4c6f-a390-254a4614e2aa	5	15532	161279	80	0.0192
1aa50711-a8a5-4c6f-a390-254a4614e2aa	5	163654	1321758	508	0.142
1aa50711-a8a5-4c6f-a390-254a4614e2aa	5	1321972	156051752	95449	0.0047
1aa50711-a8a5-4c6f-a390-254a4614e2aa	5	156053103	156055719	10	-0.7688
1aa50711-a8a5-4c6f-a390-254a4614e2aa	5	156068240	177800550	14800	-0.0024
1aa50711-a8a5-4c6f-a390-254a4614e2aa	5	177801578	177805604	2	2.3949
1aa50711-a8a5-4c6f-a390-254a4614e2aa	5	177827964	181363319	1982	0.0151
1aa50711-a8a5-4c6f-a390-254a4614e2aa	6	149661	19042587	14766	0.0055
1aa50711-a8a5-4c6f-a390-254a4614e2aa	6	19044471	19044667	6	1.2604
1aa50711-a8a5-4c6f-a390-254a4614e2aa	6	19050511	29869411	6872	0.0046
1aa50711-a8a5-4c6f-a390-254a4614e2aa	6	29869537	29882419	15	-1.2538
1aa50711-a8a5-4c6f-a390-254a4614e2aa	6	29882497	33970222	2033	0.0012
1aa50711-a8a5-4c6f-a390-254a4614e2aa	6	33970966	33974928	7	-2.5226
1aa50711-a8a5-4c6f-a390-254a4614e2aa	6	33976809	54066269	12877	0.0029
1aa50711-a8a5-4c6f-a390-254a4614e2aa	6	54066286	54067057	8	0.9505
1aa50711-a8a5-4c6f-a390-254a4614e2aa	6	54070550	78259348	13155	0.002
1aa50711-a8a5-4c6f-a390-254a4614e2aa	6	78259388	78332056	116	0.4246
1aa50711-a8a5-4c6f-a390-254a4614e2aa	6	78332092	103286954	15462	0.0046
1aa50711-a8a5-4c6f-a390-254a4614e2aa	6	103290101	103317795	47	0.8058
1aa50711-a8a5-4c6f-a390-254a4614e2aa	6	103317836	157360232	34753	0.0026
1aa50711-a8a5-4c6f-a390-254a4614e2aa	6	157366396	157375044	2	-1.5784
1aa50711-a8a5-4c6f-a390-254a4614e2aa	6	157375962	170741917	9388	0.0149
1aa50711-a8a5-4c6f-a390-254a4614e2aa	7	43355	54318812	38460	0.0103
1aa50711-a8a5-4c6f-a390-254a4614e2aa	7	54318816	54318824	5	-2.1815
1aa50711-a8a5-4c6f-a390-254a4614e2aa	7	54325795	54861282	403	-0.0057
1aa50711-a8a5-4c6f-a390-254a4614e2aa	7	54864113	54864564	3	-1.1996
1aa50711-a8a5-4c6f-a390-254a4614e2aa	7	54865301	81153675	10877	0.014
1aa50711-a8a5-4c6f-a390-254a4614e2aa	7	81161615	81165455	7	-0.9275
1aa50711-a8a5-4c6f-a390-254a4614e2aa	7	81166765	91578827	6676	0.0115
1aa50711-a8a5-4c6f-a390-254a4614e2aa	7	91589569	91589817	3	-1.5474
1aa50711-a8a5-4c6f-a390-254a4614e2aa	7	91595717	126404920	20513	0.0099
1aa50711-a8a5-4c6f-a390-254a4614e2aa	7	126405428	126406561	12	-1.3828
1aa50711-a8a5-4c6f-a390-254a4614e2aa	7	126406822	134100442	4695	0.0106
1aa50711-a8a5-4c6f-a390-254a4614e2aa	7	134100458	134114444	35	-0.433
1aa50711-a8a5-4c6f-a390-254a4614e2aa	7	134121491	143603307	6127	0.0242
1aa50711-a8a5-4c6f-a390-254a4614e2aa	7	143728285	143799657	21	0.5998
1aa50711-a8a5-4c6f-a390-254a4614e2aa	7	143802123	159334314	9934	0.0118
1aa50711-a8a5-4c6f-a390-254a4614e2aa	8	81254	644973	324	0.0829
1aa50711-a8a5-4c6f-a390-254a4614e2aa	8	645220	645875	6	0.7756
1aa50711-a8a5-4c6f-a390-254a4614e2aa	8	645892	645908	2	3.4545
1aa50711-a8a5-4c6f-a390-254a4614e2aa	8	656117	7886542	7431	0.0147
1aa50711-a8a5-4c6f-a390-254a4614e2aa	8	7888457	7890177	4	-1.9231
1aa50711-a8a5-4c6f-a390-254a4614e2aa	8	7919608	7930192	3	0.2514
1aa50711-a8a5-4c6f-a390-254a4614e2aa	8	7941868	8132772	14	-0.5465
1aa50711-a8a5-4c6f-a390-254a4614e2aa	8	8139659	16339682	6740	0.0084
1aa50711-a8a5-4c6f-a390-254a4614e2aa	8	16349445	16349614	8	-1.3761
1aa50711-a8a5-4c6f-a390-254a4614e2aa	8	16354575	25116928	6931	0.0075
1aa50711-a8a5-4c6f-a390-254a4614e2aa	8	25116961	25126708	24	-1.8701
1aa50711-a8a5-4c6f-a390-254a4614e2aa	8	25126735	39373140	9014	-0.0056
1aa50711-a8a5-4c6f-a390-254a4614e2aa	8	39378084	39529446	59	0.6879
1aa50711-a8a5-4c6f-a390-254a4614e2aa	8	39530780	54296672	7258	0.0059
1aa50711-a8a5-4c6f-a390-254a4614e2aa	8	54298245	54298558	4	-0.9028
1aa50711-a8a5-4c6f-a390-254a4614e2aa	8	54298653	64330191	6594	0.0049
1aa50711-a8a5-4c6f-a390-254a4614e2aa	8	64334427	64344946	11	-0.6528
1aa50711-a8a5-4c6f-a390-254a4614e2aa	8	64346546	76489927	7417	-0.003
1aa50711-a8a5-4c6f-a390-254a4614e2aa	8	76494311	76494326	2	-2.4917
1aa50711-a8a5-4c6f-a390-254a4614e2aa	8	76494699	94545324	10432	0.0061
1aa50711-a8a5-4c6f-a390-254a4614e2aa	8	94545374	94545764	6	1.1839
1aa50711-a8a5-4c6f-a390-254a4614e2aa	8	94545887	111279265	10260	0.0095
1aa50711-a8a5-4c6f-a390-254a4614e2aa	8	111282050	111283031	10	1.3627
1aa50711-a8a5-4c6f-a390-254a4614e2aa	8	111288052	114622438	1826	0.0062
1aa50711-a8a5-4c6f-a390-254a4614e2aa	8	114622478	114629340	28	-0.4953
1aa50711-a8a5-4c6f-a390-254a4614e2aa	8	114629356	134081571	13879	0.0011
1aa50711-a8a5-4c6f-a390-254a4614e2aa	8	134081660	134082401	3	-1.6419
1aa50711-a8a5-4c6f-a390-254a4614e2aa	8	134082441	134413184	315	-0.0312
1aa50711-a8a5-4c6f-a390-254a4614e2aa	8	134417637	134418675	2	-1.5178
1aa50711-a8a5-4c6f-a390-254a4614e2aa	8	134419480	140619100	4868	0.0041
1aa50711-a8a5-4c6f-a390-254a4614e2aa	8	140620316	142407067	1033	0.0754
1aa50711-a8a5-4c6f-a390-254a4614e2aa	8	142407252	145072769	954	0.0336
1aa50711-a8a5-4c6f-a390-254a4614e2aa	9	46587	39807498	31163	0.011
1aa50711-a8a5-4c6f-a390-254a4614e2aa	9	39827488	40099921	6	1.0815
1aa50711-a8a5-4c6f-a390-254a4614e2aa	9	40189830	40928205	15	0.0017
1aa50711-a8a5-4c6f-a390-254a4614e2aa	9	40949640	42524983	117	-0.4541
1aa50711-a8a5-4c6f-a390-254a4614e2aa	9	42546668	63580418	126	0.0356
1aa50711-a8a5-4c6f-a390-254a4614e2aa	9	63590317	63592813	7	1.1408
1aa50711-a8a5-4c6f-a390-254a4614e2aa	9	63614182	64467459	46	0.016
1aa50711-a8a5-4c6f-a390-254a4614e2aa	9	64480563	66881239	49	-0.459
1aa50711-a8a5-4c6f-a390-254a4614e2aa	9	66883464	67832599	25	-0.0383
1aa50711-a8a5-4c6f-a390-254a4614e2aa	9	67915741	68335112	5	0.6955
1aa50711-a8a5-4c6f-a390-254a4614e2aa	9	68351648	69485653	931	0.0178
1aa50711-a8a5-4c6f-a390-254a4614e2aa	9	69490697	69490698	2	-1.5364
1aa50711-a8a5-4c6f-a390-254a4614e2aa	9	69490699	110061538	28793	0.0037
1aa50711-a8a5-4c6f-a390-254a4614e2aa	9	110062021	110068334	4	-4.6936
1aa50711-a8a5-4c6f-a390-254a4614e2aa	9	110069252	129294039	13267	0.0024
1aa50711-a8a5-4c6f-a390-254a4614e2aa	9	129294579	129306100	4	-1.6909
1aa50711-a8a5-4c6f-a390-254a4614e2aa	9	129306279	135319522	3787	0.0061
1aa50711-a8a5-4c6f-a390-254a4614e2aa	9	135322259	135323776	2	-1.7678
1aa50711-a8a5-4c6f-a390-254a4614e2aa	9	135324566	138200944	1105	0.0196
1aa50711-a8a5-4c6f-a390-254a4614e2aa	10	45792	17885034	14841	0.0103
1aa50711-a8a5-4c6f-a390-254a4614e2aa	10	17896194	17910884	3	-1.2634
1aa50711-a8a5-4c6f-a390-254a4614e2aa	10	17929793	24088745	4342	0.0153
1aa50711-a8a5-4c6f-a390-254a4614e2aa	10	24088746	24089125	10	1.162
1aa50711-a8a5-4c6f-a390-254a4614e2aa	10	24089979	27330146	2200	-0.0032
1aa50711-a8a5-4c6f-a390-254a4614e2aa	10	27336936	27340817	2	-4.1304
1aa50711-a8a5-4c6f-a390-254a4614e2aa	10	27341799	27345576	9	-0.3332
1aa50711-a8a5-4c6f-a390-254a4614e2aa	10	27345731	43212314	8299	0.0033
1aa50711-a8a5-4c6f-a390-254a4614e2aa	10	43213304	43222878	3	-1.8871
1aa50711-a8a5-4c6f-a390-254a4614e2aa	10	43225707	65546400	14681	0.0157
1aa50711-a8a5-4c6f-a390-254a4614e2aa	10	65546518	65565695	32	0.4034
1aa50711-a8a5-4c6f-a390-254a4614e2aa	10	65566308	133654968	46185	0.0106
1aa50711-a8a5-4c6f-a390-254a4614e2aa	11	198510	741820	176	0.0137
1aa50711-a8a5-4c6f-a390-254a4614e2aa	11	742375	743813	4	-0.9105
1aa50711-a8a5-4c6f-a390-254a4614e2aa	11	745581	3395259	1096	0.0214
1aa50711-a8a5-4c6f-a390-254a4614e2aa	11	3397122	3398272	2	-1.9679
1aa50711-a8a5-4c6f-a390-254a4614e2aa	11	3400513	4217824	459	0.0235
1aa50711-a8a5-4c6f-a390-254a4614e2aa	11	4228783	4314648	25	-1.4993
1aa50711-a8a5-4c6f-a390-254a4614e2aa	11	4314837	4945831	652	-0.005
1aa50711-a8a5-4c6f-a390-254a4614e2aa	11	4946000	4955042	34	0.6818
1aa50711-a8a5-4c6f-a390-254a4614e2aa	11	4955781	5766862	786	0.0224
1aa50711-a8a5-4c6f-a390-254a4614e2aa	11	5768371	5791130	33	0.3247
1aa50711-a8a5-4c6f-a390-254a4614e2aa	11	5794956	55608804	31200	0.0084
1aa50711-a8a5-4c6f-a390-254a4614e2aa	11	55609022	55676735	41	-0.4269
1aa50711-a8a5-4c6f-a390-254a4614e2aa	11	55677392	80256460	13263	0.0059
1aa50711-a8a5-4c6f-a390-254a4614e2aa	11	80256469	80270277	27	-0.8244
1aa50711-a8a5-4c6f-a390-254a4614e2aa	11	80270515	81163239	677	0.0111
1aa50711-a8a5-4c6f-a390-254a4614e2aa	11	81163271	81164408	2	-1.3656
1aa50711-a8a5-4c6f-a390-254a4614e2aa	11	81164418	105049353	16907	0.0119
1aa50711-a8a5-4c6f-a390-254a4614e2aa	11	105053135	105060506	9	-0.8406
1aa50711-a8a5-4c6f-a390-254a4614e2aa	11	105061029	135074876	21386	0.0089
1aa50711-a8a5-4c6f-a390-254a4614e2aa	12	51460	8289689	5556	0.0176
1aa50711-a8a5-4c6f-a390-254a4614e2aa	12	8296516	8296621	2	2.2279
1aa50711-a8a5-4c6f-a390-254a4614e2aa	12	8300870	8404097	35	-0.0119
1aa50711-a8a5-4c6f-a390-254a4614e2aa	12	8405892	8423870	15	1.2122
1aa50711-a8a5-4c6f-a390-254a4614e2aa	12	8428232	25841280	11829	0.0096
1aa50711-a8a5-4c6f-a390-254a4614e2aa	12	25841293	25843135	5	-1.0014
1aa50711-a8a5-4c6f-a390-254a4614e2aa	12	25843393	26487239	498	-0.0163
1aa50711-a8a5-4c6f-a390-254a4614e2aa	12	26490377	26490923	3	-1.1099
1aa50711-a8a5-4c6f-a390-254a4614e2aa	12	26490998	30086381	2549	0.0042
1aa50711-a8a5-4c6f-a390-254a4614e2aa	12	30086486	30088437	13	-0.6397
1aa50711-a8a5-4c6f-a390-254a4614e2aa	12	30090521	33148600	2268	0.0054
1aa50711-a8a5-4c6f-a390-254a4614e2aa	12	33148627	33150676	14	0.5761
1aa50711-a8a5-4c6f-a390-254a4614e2aa	12	33150720	34097761	591	0.043
1aa50711-a8a5-4c6f-a390-254a4614e2aa	12	34103774	34109617	7	-2.8422
1aa50711-a8a5-4c6f-a390-254a4614e2aa	12	34110199	45608190	5058	0.0156
1aa50711-a8a5-4c6f-a390-254a4614e2aa	12	45608875	45609158	2	-1.3316
1aa50711-a8a5-4c6f-a390-254a4614e2aa	12	45609176	63554371	10573	0.0071
1aa50711-a8a5-4c6f-a390-254a4614e2aa	12	63556895	63741025	57	0.5647
1aa50711-a8a5-4c6f-a390-254a4614e2aa	12	63741647	99398014	22989	0.0047
1aa50711-a8a5-4c6f-a390-254a4614e2aa	12	99398036	99404140	23	-0.3666
1aa50711-a8a5-4c6f-a390-254a4614e2aa	12	99404279	103759226	2747	-0.0002
1aa50711-a8a5-4c6f-a390-254a4614e2aa	12	103761936	103770120	5	-1.3363
1aa50711-a8a5-4c6f-a390-254a4614e2aa	12	103771144	126509681	14911	0.0018
1aa50711-a8a5-4c6f-a390-254a4614e2aa	12	126510400	126520044	7	-0.8465
1aa50711-a8a5-4c6f-a390-254a4614e2aa	12	126522929	133201603	5035	0.0271
1aa50711-a8a5-4c6f-a390-254a4614e2aa	13	18452809	22667830	2593	0.0134
1aa50711-a8a5-4c6f-a390-254a4614e2aa	13	22670541	22674769	2	-1.4269
1aa50711-a8a5-4c6f-a390-254a4614e2aa	13	22679174	24461469	1399	0.0215
1aa50711-a8a5-4c6f-a390-254a4614e2aa	13	24465452	24465460	3	1.2117
1aa50711-a8a5-4c6f-a390-254a4614e2aa	13	24465540	31957984	5560	0.0043
1aa50711-a8a5-4c6f-a390-254a4614e2aa	13	31958485	31964286	18	-0.8097
1aa50711-a8a5-4c6f-a390-254a4614e2aa	13	31965910	37496998	3898	0.0088
1aa50711-a8a5-4c6f-a390-254a4614e2aa	13	37497899	37510620	16	0.5017
1aa50711-a8a5-4c6f-a390-254a4614e2aa	13	37514193	50344529	8672	0.0082
1aa50711-a8a5-4c6f-a390-254a4614e2aa	13	50344909	50345520	2	-2.3237
1aa50711-a8a5-4c6f-a390-254a4614e2aa	13	50347810	57176962	3845	0.0088
1aa50711-a8a5-4c6f-a390-254a4614e2aa	13	57184136	57204234	33	-2.1201
1aa50711-a8a5-4c6f-a390-254a4614e2aa	13	57204246	71902850	8987	0.0097
1aa50711-a8a5-4c6f-a390-254a4614e2aa	13	71903417	71906418	4	0.985
1aa50711-a8a5-4c6f-a390-254a4614e2aa	13	71906467	77899959	4280	0.007
1aa50711-a8a5-4c6f-a390-254a4614e2aa	13	77901178	77901346	2	-1.7412
1aa50711-a8a5-4c6f-a390-254a4614e2aa	13	77901426	94322376	10403	0.006
1aa50711-a8a5-4c6f-a390-254a4614e2aa	13	94324297	94324748	3	-1.4946
1aa50711-a8a5-4c6f-a390-254a4614e2aa	13	94326480	113049090	13841	0.0048
1aa50711-a8a5-4c6f-a390-254a4614e2aa	13	113050071	113053299	2	1.4818
1aa50711-a8a5-4c6f-a390-254a4614e2aa	13	113053344	114342922	547	0.022
1aa50711-a8a5-4c6f-a390-254a4614e2aa	14	18239283	19138115	35	-0.617
1aa50711-a8a5-4c6f-a390-254a4614e2aa	14	19140829	19669187	27	0.168
1aa50711-a8a5-4c6f-a390-254a4614e2aa	14	19675350	19964942	119	-0.1822
1aa50711-a8a5-4c6f-a390-254a4614e2aa	14	19966784	21928444	1347	0.0128
1aa50711-a8a5-4c6f-a390-254a4614e2aa	14	21928968	22543601	528	0.1008
1aa50711-a8a5-4c6f-a390-254a4614e2aa	14	22545118	98566646	49142	0.0043
1aa50711-a8a5-4c6f-a390-254a4614e2aa	14	98568588	98590191	22	-0.7081
1aa50711-a8a5-4c6f-a390-254a4614e2aa	14	98590274	98955293	346	0.0358
1aa50711-a8a5-4c6f-a390-254a4614e2aa	14	98955367	98955388	2	-1.5985
1aa50711-a8a5-4c6f-a390-254a4614e2aa	14	98956671	106423925	3554	0.0028
1aa50711-a8a5-4c6f-a390-254a4614e2aa	14	106425447	106462183	47	-0.5304
1aa50711-a8a5-4c6f-a390-254a4614e2aa	14	106462724	106877229	195	0.0425
1aa50711-a8a5-4c6f-a390-254a4614e2aa	15	19811075	20217125	62	0.0715
1aa50711-a8a5-4c6f-a390-254a4614e2aa	15	20235285	20372799	23	-0.637
1aa50711-a8a5-4c6f-a390-254a4614e2aa	15	20372811	20376311	10	-0.3258
1aa50711-a8a5-4c6f-a390-254a4614e2aa	15	20380735	20381689	9	0.3778
1aa50711-a8a5-4c6f-a390-254a4614e2aa	15	20381704	20662636	42	-0.169
1aa50711-a8a5-4c6f-a390-254a4614e2aa	15	20665022	20670989	5	-0.5793
1aa50711-a8a5-4c6f-a390-254a4614e2aa	15	20981071	20988347	5	-1.457
1aa50711-a8a5-4c6f-a390-254a4614e2aa	15	21005443	21071626	8	-0.7287
1aa50711-a8a5-4c6f-a390-254a4614e2aa	15	21078947	22572323	48	-0.1915
1aa50711-a8a5-4c6f-a390-254a4614e2aa	15	22576496	22595648	5	-1.0613
1aa50711-a8a5-4c6f-a390-254a4614e2aa	15	22606745	24422282	979	0.0428
1aa50711-a8a5-4c6f-a390-254a4614e2aa	15	24424509	24473026	35	-0.5602
1aa50711-a8a5-4c6f-a390-254a4614e2aa	15	24473449	26072606	1156	0.0103
1aa50711-a8a5-4c6f-a390-254a4614e2aa	15	26073351	26074198	3	-0.9155
1aa50711-a8a5-4c6f-a390-254a4614e2aa	15	26076100	26315045	173	-0.0203
1aa50711-a8a5-4c6f-a390-254a4614e2aa	15	26317005	26318009	2	-4.0139
1aa50711-a8a5-4c6f-a390-254a4614e2aa	15	26318441	30284526	2282	0.0229
1aa50711-a8a5-4c6f-a390-254a4614e2aa	15	30291233	30515739	16	0.4963
1aa50711-a8a5-4c6f-a390-254a4614e2aa	15	30595753	44832466	8813	0.008
1aa50711-a8a5-4c6f-a390-254a4614e2aa	15	44839589	44871908	20	-0.6118
1aa50711-a8a5-4c6f-a390-254a4614e2aa	15	44872961	45067896	65	0.1403
1aa50711-a8a5-4c6f-a390-254a4614e2aa	15	45075326	45075651	2	-1.987
1aa50711-a8a5-4c6f-a390-254a4614e2aa	15	45078326	92222525	30341	0.0027
1aa50711-a8a5-4c6f-a390-254a4614e2aa	15	92222644	92223064	3	1.452
1aa50711-a8a5-4c6f-a390-254a4614e2aa	15	92223528	101928837	7419	0.0176
1aa50711-a8a5-4c6f-a390-254a4614e2aa	16	10777	850208	329	0.1384
1aa50711-a8a5-4c6f-a390-254a4614e2aa	16	851174	14964501	10805	0.0125
1aa50711-a8a5-4c6f-a390-254a4614e2aa	16	14965488	15031584	27	-0.3745
1aa50711-a8a5-4c6f-a390-254a4614e2aa	16	15033033	22177316	3487	0.0212
1aa50711-a8a5-4c6f-a390-254a4614e2aa	16	22184023	22430653	115	0.1257
1aa50711-a8a5-4c6f-a390-254a4614e2aa	16	22430699	22699421	74	-0.3531
1aa50711-a8a5-4c6f-a390-254a4614e2aa	16	22701658	55788057	12098	0.0081
1aa50711-a8a5-4c6f-a390-254a4614e2aa	16	55788485	55788532	2	1.5877
1aa50711-a8a5-4c6f-a390-254a4614e2aa	16	55808442	78337711	14273	0.0043
1aa50711-a8a5-4c6f-a390-254a4614e2aa	16	78338543	78351104	18	0.8573
1aa50711-a8a5-4c6f-a390-254a4614e2aa	16	78351540	88571375	9948	0.0147
1aa50711-a8a5-4c6f-a390-254a4614e2aa	16	88571388	89223555	229	0.1761
1aa50711-a8a5-4c6f-a390-254a4614e2aa	16	89223581	89486022	147	0.021
1aa50711-a8a5-4c6f-a390-254a4614e2aa	16	89491388	89493770	2	-1.8126
1aa50711-a8a5-4c6f-a390-254a4614e2aa	16	89494299	90096867	284	0.0563
1aa50711-a8a5-4c6f-a390-254a4614e2aa	17	150733	14262806	8924	0.0101
1aa50711-a8a5-4c6f-a390-254a4614e2aa	17	14264492	15018578	653	0.0912
1aa50711-a8a5-4c6f-a390-254a4614e2aa	17	15018609	17725971	1444	0.0095
1aa50711-a8a5-4c6f-a390-254a4614e2aa	17	17728694	17730618	2	-2.8582
1aa50711-a8a5-4c6f-a390-254a4614e2aa	17	17734636	36089191	7208	0.0138
1aa50711-a8a5-4c6f-a390-254a4614e2aa	17	36093513	36157718	52	0.425
1aa50711-a8a5-4c6f-a390-254a4614e2aa	17	36200725	41266774	2526	0.0103
1aa50711-a8a5-4c6f-a390-254a4614e2aa	17	41266805	41274279	22	0.6748
1aa50711-a8a5-4c6f-a390-254a4614e2aa	17	41276472	41348899	74	-0.0247
1aa50711-a8a5-4c6f-a390-254a4614e2aa	17	41354660	41366243	29	-0.7246
1aa50711-a8a5-4c6f-a390-254a4614e2aa	17	41370057	46085732	2395	0.0202
1aa50711-a8a5-4c6f-a390-254a4614e2aa	17	46088437	46351954	126	-0.2502
1aa50711-a8a5-4c6f-a390-254a4614e2aa	17	46446345	81155072	20842	0.0095
1aa50711-a8a5-4c6f-a390-254a4614e2aa	17	81155238	81155301	2	-1.481
1aa50711-a8a5-4c6f-a390-254a4614e2aa	17	81158113	82691356	505	0.0262
1aa50711-a8a5-4c6f-a390-254a4614e2aa	17	82695004	82695842	6	-0.7229
1aa50711-a8a5-4c6f-a390-254a4614e2aa	17	82695857	83069541	196	0.031
1aa50711-a8a5-4c6f-a390-254a4614e2aa	17	83071333	83091923	7	0.4503
1aa50711-a8a5-4c6f-a390-254a4614e2aa	18	48133	47566752	27240	-0.0059
1aa50711-a8a5-4c6f-a390-254a4614e2aa	18	47566761	47568760	2	-1.3857
1aa50711-a8a5-4c6f-a390-254a4614e2aa	18	47569969	50296656	2016	-0.0022
1aa50711-a8a5-4c6f-a390-254a4614e2aa	18	50300485	50301095	3	-1.4516
1aa50711-a8a5-4c6f-a390-254a4614e2aa	18	50301228	66099904	11071	-0.0086
1aa50711-a8a5-4c6f-a390-254a4614e2aa	18	66100052	66100686	2	-2.9434
1aa50711-a8a5-4c6f-a390-254a4614e2aa	18	66108359	67631021	1026	-0.0013
1aa50711-a8a5-4c6f-a390-254a4614e2aa	18	67636945	67648110	10	-0.6396
1aa50711-a8a5-4c6f-a390-254a4614e2aa	18	67651246	80257174	9339	0.0107
1aa50711-a8a5-4c6f-a390-254a4614e2aa	19	90910	41462903	19831	0.0074
1aa50711-a8a5-4c6f-a390-254a4614e2aa	19	41470755	41517228	26	-0.7048
1aa50711-a8a5-4c6f-a390-254a4614e2aa	19	41525232	43209110	729	0.0144
1aa50711-a8a5-4c6f-a390-254a4614e2aa	19	43209225	43252085	17	-0.6132
1aa50711-a8a5-4c6f-a390-254a4614e2aa	19	43262507	58586487	8488	0.0124
1aa50711-a8a5-4c6f-a390-254a4614e2aa	20	80664	1580934	1204	0.0228
1aa50711-a8a5-4c6f-a390-254a4614e2aa	20	1581021	1618415	45	-0.6948
1aa50711-a8a5-4c6f-a390-254a4614e2aa	20	1618432	24280106	17637	0.0059
1aa50711-a8a5-4c6f-a390-254a4614e2aa	20	24282014	24308419	19	-0.7833
1aa50711-a8a5-4c6f-a390-254a4614e2aa	20	24308870	44694228	9371	0.0069
1aa50711-a8a5-4c6f-a390-254a4614e2aa	20	44699932	44700888	2	-4
1aa50711-a8a5-4c6f-a390-254a4614e2aa	20	44706422	48332005	2604	0.0126
1aa50711-a8a5-4c6f-a390-254a4614e2aa	20	48332062	48332080	2	-2.3571
1aa50711-a8a5-4c6f-a390-254a4614e2aa	20	48332373	64054566	11323	0.0071
1aa50711-a8a5-4c6f-a390-254a4614e2aa	20	64055199	64155383	46	0.2924
1aa50711-a8a5-4c6f-a390-254a4614e2aa	20	64162647	64324800	94	0.0413
1aa50711-a8a5-4c6f-a390-254a4614e2aa	21	10354168	10511939	20	0.2834
1aa50711-a8a5-4c6f-a390-254a4614e2aa	21	10512663	10536295	10	-0.1856
1aa50711-a8a5-4c6f-a390-254a4614e2aa	21	10536340	10558276	21	0.1904
1aa50711-a8a5-4c6f-a390-254a4614e2aa	21	10558331	13028693	46	-0.1088
1aa50711-a8a5-4c6f-a390-254a4614e2aa	21	13080541	13169048	15	-0.5241
1aa50711-a8a5-4c6f-a390-254a4614e2aa	21	13177644	39354553	18858	0.0106
1aa50711-a8a5-4c6f-a390-254a4614e2aa	21	39354970	39362797	4	-1.2991
1aa50711-a8a5-4c6f-a390-254a4614e2aa	21	39362996	45400167	4139	0.0016
1aa50711-a8a5-4c6f-a390-254a4614e2aa	21	45400253	45658230	130	0.1886
1aa50711-a8a5-4c6f-a390-254a4614e2aa	21	45661084	46677045	604	0.0348
1aa50711-a8a5-4c6f-a390-254a4614e2aa	22	15294547	16413364	44	0.1414
1aa50711-a8a5-4c6f-a390-254a4614e2aa	22	16413470	16415484	5	-0.8328
1aa50711-a8a5-4c6f-a390-254a4614e2aa	22	16415616	18649244	1085	0.017
1aa50711-a8a5-4c6f-a390-254a4614e2aa	22	18760927	18918093	9	-0.6127
1aa50711-a8a5-4c6f-a390-254a4614e2aa	22	18947964	22130702	1985	0.0741
1aa50711-a8a5-4c6f-a390-254a4614e2aa	22	22130747	22130763	2	-1.5142
1aa50711-a8a5-4c6f-a390-254a4614e2aa	22	22130878	23420480	936	0.0785
1aa50711-a8a5-4c6f-a390-254a4614e2aa	22	23420962	25263162	1141	-0.0039
1aa50711-a8a5-4c6f-a390-254a4614e2aa	22	25265409	25519883	286	0.563
1aa50711-a8a5-4c6f-a390-254a4614e2aa	22	25522742	33777419	6143	-0.0032
1aa50711-a8a5-4c6f-a390-254a4614e2aa	22	33778960	33778998	4	-2.4085
1aa50711-a8a5-4c6f-a390-254a4614e2aa	22	33785435	42496590	5497	0.0028
1aa50711-a8a5-4c6f-a390-254a4614e2aa	22	42501276	42538456	22	1.0675
1aa50711-a8a5-4c6f-a390-254a4614e2aa	22	42546956	42581184	14	0.2044
1aa50711-a8a5-4c6f-a390-254a4614e2aa	22	42584045	49305952	5288	0.0063
1aa50711-a8a5-4c6f-a390-254a4614e2aa	22	49310652	49316519	6	-0.7857
1aa50711-a8a5-4c6f-a390-254a4614e2aa	22	49318495	49454261	139	0.0028
1aa50711-a8a5-4c6f-a390-254a4614e2aa	22	49454968	50796027	653	0.1187
1aa50711-a8a5-4c6f-a390-254a4614e2aa	X	251810	26084094	15795	0.0188
1aa50711-a8a5-4c6f-a390-254a4614e2aa	X	26086280	26269672	121	0.7686
1aa50711-a8a5-4c6f-a390-254a4614e2aa	X	26276682	140414852	57946	0.0112
1aa50711-a8a5-4c6f-a390-254a4614e2aa	X	140416448	140419029	4	-4.3406
1aa50711-a8a5-4c6f-a390-254a4614e2aa	X	140422569	151708283	7486	0.0149
1aa50711-a8a5-4c6f-a390-254a4614e2aa	X	151709072	151710185	5	-5.5189
1aa50711-a8a5-4c6f-a390-254a4614e2aa	X	151710911	153031937	809	0.0124
1aa50711-a8a5-4c6f-a390-254a4614e2aa	X	153033320	153033368	2	-5.3222
1aa50711-a8a5-4c6f-a390-254a4614e2aa	X	153033676	155952689	1138	0.039
1aa50711-a8a5-4c6f-a390-254a4614e2aa	Y	2782397	9759940	2309	-0.9663
1aa50711-a8a5-4c6f-a390-254a4614e2aa	Y	9810941	9811130	2	-3.1586
1aa50711-a8a5-4c6f-a390-254a4614e2aa	Y	9870332	14749075	1574	-0.9733
1aa50711-a8a5-4c6f-a390-254a4614e2aa	Y	14750910	14751376	2	-3.1682
1aa50711-a8a5-4c6f-a390-254a4614e2aa	Y	14761760	56872112	2750	-0.9771
