GDC_Aliquot	Chromosome	Start	End	Num_Probes	Segment_Mean
4329b9ec-e172-4d2c-93bf-88c9d036187e	1	62920	86341	11	1.4686
4329b9ec-e172-4d2c-93bf-88c9d036187e	1	98588	25266637	14019	0.0114
4329b9ec-e172-4d2c-93bf-88c9d036187e	1	25269390	25336853	25	0.7807
4329b9ec-e172-4d2c-93bf-88c9d036187e	1	25346663	46044681	11308	0.0081
4329b9ec-e172-4d2c-93bf-88c9d036187e	1	46046603	46053881	3	1.3907
4329b9ec-e172-4d2c-93bf-88c9d036187e	1	46054467	55257768	5171	0.0004
4329b9ec-e172-4d2c-93bf-88c9d036187e	1	55258350	55258626	6	-2.1375
4329b9ec-e172-4d2c-93bf-88c9d036187e	1	55263695	65540064	7834	0.0013
4329b9ec-e172-4d2c-93bf-88c9d036187e	1	65555735	65558432	3	-1.3247
4329b9ec-e172-4d2c-93bf-88c9d036187e	1	65565630	72303233	4427	0.0057
4329b9ec-e172-4d2c-93bf-88c9d036187e	1	72303253	72345465	45	-1.6291
4329b9ec-e172-4d2c-93bf-88c9d036187e	1	72346221	91454225	12485	0.0082
4329b9ec-e172-4d2c-93bf-88c9d036187e	1	91454689	91455007	2	-1.512
4329b9ec-e172-4d2c-93bf-88c9d036187e	1	91457607	103616762	7555	0.0077
4329b9ec-e172-4d2c-93bf-88c9d036187e	1	103620877	103621165	2	-1.7272
4329b9ec-e172-4d2c-93bf-88c9d036187e	1	103697067	103760781	5	1.0367
4329b9ec-e172-4d2c-93bf-88c9d036187e	1	103760879	105476861	922	0.0162
4329b9ec-e172-4d2c-93bf-88c9d036187e	1	105478582	105481433	13	0.7028
4329b9ec-e172-4d2c-93bf-88c9d036187e	1	105481448	109684893	2637	0.0073
4329b9ec-e172-4d2c-93bf-88c9d036187e	1	109690352	109697556	13	-1.6095
4329b9ec-e172-4d2c-93bf-88c9d036187e	1	109702376	112163583	1987	0.0016
4329b9ec-e172-4d2c-93bf-88c9d036187e	1	112163591	112163596	2	-1.9158
4329b9ec-e172-4d2c-93bf-88c9d036187e	1	112166431	152583051	7595	0.0141
4329b9ec-e172-4d2c-93bf-88c9d036187e	1	152583230	152613762	31	4.1793
4329b9ec-e172-4d2c-93bf-88c9d036187e	1	152613802	152614118	4	1.6041
4329b9ec-e172-4d2c-93bf-88c9d036187e	1	152618018	152778761	159	-0.0145
4329b9ec-e172-4d2c-93bf-88c9d036187e	1	152782154	152801429	46	0.4054
4329b9ec-e172-4d2c-93bf-88c9d036187e	1	152804279	168665735	10758	0.0053
4329b9ec-e172-4d2c-93bf-88c9d036187e	1	168667384	168697339	31	0.4835
4329b9ec-e172-4d2c-93bf-88c9d036187e	1	168698188	178689682	6556	0.0039
4329b9ec-e172-4d2c-93bf-88c9d036187e	1	178690798	178704939	53	-3.4002
4329b9ec-e172-4d2c-93bf-88c9d036187e	1	178705053	196758720	12087	-0.0008
4329b9ec-e172-4d2c-93bf-88c9d036187e	1	196761905	196829513	49	0.2822
4329b9ec-e172-4d2c-93bf-88c9d036187e	1	196829534	248550567	35672	0.0099
4329b9ec-e172-4d2c-93bf-88c9d036187e	1	248572774	248633912	34	-0.8384
4329b9ec-e172-4d2c-93bf-88c9d036187e	1	248645563	248703037	35	0.1155
4329b9ec-e172-4d2c-93bf-88c9d036187e	1	248703602	248713007	6	-0.8
4329b9ec-e172-4d2c-93bf-88c9d036187e	1	248713850	248930189	100	-0.0176
4329b9ec-e172-4d2c-93bf-88c9d036187e	2	12784	4866376	3610	0.0248
4329b9ec-e172-4d2c-93bf-88c9d036187e	2	4866394	4866521	3	-1.7142
4329b9ec-e172-4d2c-93bf-88c9d036187e	2	4867469	6128620	1043	0.0144
4329b9ec-e172-4d2c-93bf-88c9d036187e	2	6128731	6128861	2	-3.7535
4329b9ec-e172-4d2c-93bf-88c9d036187e	2	6132447	6144010	7	-0.2055
4329b9ec-e172-4d2c-93bf-88c9d036187e	2	6144741	6149553	4	-1.8793
4329b9ec-e172-4d2c-93bf-88c9d036187e	2	6150821	6474856	346	0.0074
4329b9ec-e172-4d2c-93bf-88c9d036187e	2	6475136	6475398	3	-1.2537
4329b9ec-e172-4d2c-93bf-88c9d036187e	2	6476007	7499242	908	0.0232
4329b9ec-e172-4d2c-93bf-88c9d036187e	2	7502934	7506841	2	1.8689
4329b9ec-e172-4d2c-93bf-88c9d036187e	2	7506876	34456427	18173	0.0154
4329b9ec-e172-4d2c-93bf-88c9d036187e	2	34458223	34512489	51	0.5099
4329b9ec-e172-4d2c-93bf-88c9d036187e	2	34512965	35750907	870	0.0268
4329b9ec-e172-4d2c-93bf-88c9d036187e	2	35752724	35762850	6	-1.6396
4329b9ec-e172-4d2c-93bf-88c9d036187e	2	35762881	41011095	3929	0.0195
4329b9ec-e172-4d2c-93bf-88c9d036187e	2	41011303	41018747	22	-2.7062
4329b9ec-e172-4d2c-93bf-88c9d036187e	2	41024093	97359885	32087	0.0113
4329b9ec-e172-4d2c-93bf-88c9d036187e	2	97524284	97545726	9	-1.497
4329b9ec-e172-4d2c-93bf-88c9d036187e	2	97550415	106263639	5571	0.0145
4329b9ec-e172-4d2c-93bf-88c9d036187e	2	106264257	106268557	10	0.752
4329b9ec-e172-4d2c-93bf-88c9d036187e	2	106268901	109332264	1895	0.0052
4329b9ec-e172-4d2c-93bf-88c9d036187e	2	109334042	109334055	2	2.0143
4329b9ec-e172-4d2c-93bf-88c9d036187e	2	109334812	110342056	284	0.0092
4329b9ec-e172-4d2c-93bf-88c9d036187e	2	110361144	110411551	3	-2.4111
4329b9ec-e172-4d2c-93bf-88c9d036187e	2	110631055	131458124	12544	0.0134
4329b9ec-e172-4d2c-93bf-88c9d036187e	2	131464435	131468795	3	-2.2545
4329b9ec-e172-4d2c-93bf-88c9d036187e	2	131472229	146103878	9104	0.0091
4329b9ec-e172-4d2c-93bf-88c9d036187e	2	146104517	146120238	26	0.5633
4329b9ec-e172-4d2c-93bf-88c9d036187e	2	146120827	174704308	17480	0.0064
4329b9ec-e172-4d2c-93bf-88c9d036187e	2	174713769	174757118	43	-1.0103
4329b9ec-e172-4d2c-93bf-88c9d036187e	2	174759869	179553606	2986	0.0104
4329b9ec-e172-4d2c-93bf-88c9d036187e	2	179553661	179557394	27	-0.8155
4329b9ec-e172-4d2c-93bf-88c9d036187e	2	179557410	188703060	5393	0.0027
4329b9ec-e172-4d2c-93bf-88c9d036187e	2	188703229	188714602	25	-0.8989
4329b9ec-e172-4d2c-93bf-88c9d036187e	2	188715812	198117521	5332	0.0075
4329b9ec-e172-4d2c-93bf-88c9d036187e	2	198118134	198125206	6	-1.0325
4329b9ec-e172-4d2c-93bf-88c9d036187e	2	198125627	202428368	2523	0.0064
4329b9ec-e172-4d2c-93bf-88c9d036187e	2	202431052	202447478	41	-0.9282
4329b9ec-e172-4d2c-93bf-88c9d036187e	2	202448759	242147305	25244	0.0064
4329b9ec-e172-4d2c-93bf-88c9d036187e	3	20930	68697013	47820	0.0119
4329b9ec-e172-4d2c-93bf-88c9d036187e	3	68697108	68698262	14	1.5019
4329b9ec-e172-4d2c-93bf-88c9d036187e	3	68699607	125993370	32314	0.0027
4329b9ec-e172-4d2c-93bf-88c9d036187e	3	125993427	126003019	28	-0.9576
4329b9ec-e172-4d2c-93bf-88c9d036187e	3	126003489	130067896	2340	-0.0069
4329b9ec-e172-4d2c-93bf-88c9d036187e	3	130067910	130079892	22	0.6811
4329b9ec-e172-4d2c-93bf-88c9d036187e	3	130079938	162794951	20287	0.0024
4329b9ec-e172-4d2c-93bf-88c9d036187e	3	162795304	162908207	68	-1.775
4329b9ec-e172-4d2c-93bf-88c9d036187e	3	162908784	176189655	8183	0.0026
4329b9ec-e172-4d2c-93bf-88c9d036187e	3	176190156	176190309	5	-1.2517
4329b9ec-e172-4d2c-93bf-88c9d036187e	3	176196300	189642965	8488	0.0015
4329b9ec-e172-4d2c-93bf-88c9d036187e	3	189645889	189646849	11	-0.8705
4329b9ec-e172-4d2c-93bf-88c9d036187e	3	189653199	193160113	2493	0.0003
4329b9ec-e172-4d2c-93bf-88c9d036187e	3	193160173	193165114	19	1.0393
4329b9ec-e172-4d2c-93bf-88c9d036187e	3	193168646	198108134	2670	0.0047
4329b9ec-e172-4d2c-93bf-88c9d036187e	3	198108567	198121262	13	-0.6615
4329b9ec-e172-4d2c-93bf-88c9d036187e	3	198121788	198169247	11	-0.1017
4329b9ec-e172-4d2c-93bf-88c9d036187e	4	68929	9455251	5162	-0.0001
4329b9ec-e172-4d2c-93bf-88c9d036187e	4	9459504	9484440	7	1.0526
4329b9ec-e172-4d2c-93bf-88c9d036187e	4	9494650	10208766	539	0.0031
4329b9ec-e172-4d2c-93bf-88c9d036187e	4	10212536	10229874	29	-2.043
4329b9ec-e172-4d2c-93bf-88c9d036187e	4	10232590	23278352	9513	0.008
4329b9ec-e172-4d2c-93bf-88c9d036187e	4	23278490	23278497	2	-3.2425
4329b9ec-e172-4d2c-93bf-88c9d036187e	4	23278812	32398929	6129	-0.0036
4329b9ec-e172-4d2c-93bf-88c9d036187e	4	32398943	32398977	3	1.6301
4329b9ec-e172-4d2c-93bf-88c9d036187e	4	32399891	33374961	569	0.0025
4329b9ec-e172-4d2c-93bf-88c9d036187e	4	33377514	33384564	11	-1.0874
4329b9ec-e172-4d2c-93bf-88c9d036187e	4	33386731	34777432	763	-0.0098
4329b9ec-e172-4d2c-93bf-88c9d036187e	4	34784878	34823103	38	0.4162
4329b9ec-e172-4d2c-93bf-88c9d036187e	4	34828250	43144033	5531	0.0047
4329b9ec-e172-4d2c-93bf-88c9d036187e	4	43144118	43154741	11	0.5941
4329b9ec-e172-4d2c-93bf-88c9d036187e	4	43154802	49214614	3437	0.0034
4329b9ec-e172-4d2c-93bf-88c9d036187e	4	49289175	49289338	2	-1.4056
4329b9ec-e172-4d2c-93bf-88c9d036187e	4	49295203	56677056	3200	0.0076
4329b9ec-e172-4d2c-93bf-88c9d036187e	4	56677154	56678336	11	-0.9
4329b9ec-e172-4d2c-93bf-88c9d036187e	4	56678600	63831891	4381	0.0004
4329b9ec-e172-4d2c-93bf-88c9d036187e	4	63832015	63851308	26	0.4571
4329b9ec-e172-4d2c-93bf-88c9d036187e	4	63852325	68509630	2877	-0.0087
4329b9ec-e172-4d2c-93bf-88c9d036187e	4	68524574	68620261	61	-0.3142
4329b9ec-e172-4d2c-93bf-88c9d036187e	4	68623617	69257792	315	0
4329b9ec-e172-4d2c-93bf-88c9d036187e	4	69261926	69366406	56	-0.5968
4329b9ec-e172-4d2c-93bf-88c9d036187e	4	69370433	72554495	1864	0.0074
4329b9ec-e172-4d2c-93bf-88c9d036187e	4	72555121	72559226	8	-0.9653
4329b9ec-e172-4d2c-93bf-88c9d036187e	4	72559288	82712673	6443	0.0027
4329b9ec-e172-4d2c-93bf-88c9d036187e	4	82716215	82719164	10	-0.9014
4329b9ec-e172-4d2c-93bf-88c9d036187e	4	82719179	103279862	12322	-0.0018
4329b9ec-e172-4d2c-93bf-88c9d036187e	4	103285657	103326777	49	-1.1192
4329b9ec-e172-4d2c-93bf-88c9d036187e	4	103328248	124538250	12768	-0.0054
4329b9ec-e172-4d2c-93bf-88c9d036187e	4	124539196	124541638	2	-2.2635
4329b9ec-e172-4d2c-93bf-88c9d036187e	4	124541780	150955173	15512	0.0004
4329b9ec-e172-4d2c-93bf-88c9d036187e	4	150955199	150963154	24	-0.9126
4329b9ec-e172-4d2c-93bf-88c9d036187e	4	150963158	164919052	8972	0.0024
4329b9ec-e172-4d2c-93bf-88c9d036187e	4	164922497	164923508	4	-1.0884
4329b9ec-e172-4d2c-93bf-88c9d036187e	4	164928054	170766168	3618	0.0102
4329b9ec-e172-4d2c-93bf-88c9d036187e	4	170768533	170768667	2	-2.5945
4329b9ec-e172-4d2c-93bf-88c9d036187e	4	170771650	171347069	320	0.02
4329b9ec-e172-4d2c-93bf-88c9d036187e	4	171347113	171347828	6	-0.7593
4329b9ec-e172-4d2c-93bf-88c9d036187e	4	171348007	171448195	109	-0.006
4329b9ec-e172-4d2c-93bf-88c9d036187e	4	171453733	171456559	10	-1.1891
4329b9ec-e172-4d2c-93bf-88c9d036187e	4	171456573	172066777	399	0.0038
4329b9ec-e172-4d2c-93bf-88c9d036187e	4	172067997	172068382	12	0.801
4329b9ec-e172-4d2c-93bf-88c9d036187e	4	172074828	178318447	3781	-0.0046
4329b9ec-e172-4d2c-93bf-88c9d036187e	4	178320828	178324622	2	-4.2387
4329b9ec-e172-4d2c-93bf-88c9d036187e	4	178325820	188299749	7158	0.0138
4329b9ec-e172-4d2c-93bf-88c9d036187e	4	188300076	188300104	2	-1.8004
4329b9ec-e172-4d2c-93bf-88c9d036187e	4	188300206	188300285	4	1.327
4329b9ec-e172-4d2c-93bf-88c9d036187e	4	188301659	190106768	1142	0.014
4329b9ec-e172-4d2c-93bf-88c9d036187e	5	15532	12785079	10190	0.0104
4329b9ec-e172-4d2c-93bf-88c9d036187e	5	12785134	12785150	3	-2.5474
4329b9ec-e172-4d2c-93bf-88c9d036187e	5	12790757	12838421	18	0.5764
4329b9ec-e172-4d2c-93bf-88c9d036187e	5	12849089	13032375	67	-0.0056
4329b9ec-e172-4d2c-93bf-88c9d036187e	5	13042994	13043119	2	1.5742
4329b9ec-e172-4d2c-93bf-88c9d036187e	5	13079786	13802889	491	0.0109
4329b9ec-e172-4d2c-93bf-88c9d036187e	5	13803011	13803049	2	-1.3489
4329b9ec-e172-4d2c-93bf-88c9d036187e	5	13803443	16517021	1953	-0.0024
4329b9ec-e172-4d2c-93bf-88c9d036187e	5	16517258	16517630	2	-1.504
4329b9ec-e172-4d2c-93bf-88c9d036187e	5	16520270	18963476	1527	0.003
4329b9ec-e172-4d2c-93bf-88c9d036187e	5	18965837	18966843	2	-2.6847
4329b9ec-e172-4d2c-93bf-88c9d036187e	5	18966849	33580076	8994	-0.0076
4329b9ec-e172-4d2c-93bf-88c9d036187e	5	33580649	33581278	2	-1.6427
4329b9ec-e172-4d2c-93bf-88c9d036187e	5	33582052	46251204	7435	-0.0031
4329b9ec-e172-4d2c-93bf-88c9d036187e	5	46270906	46278110	9	1.1469
4329b9ec-e172-4d2c-93bf-88c9d036187e	5	46313245	69489301	12388	0.0009
4329b9ec-e172-4d2c-93bf-88c9d036187e	5	69490380	69490992	2	-1.7713
4329b9ec-e172-4d2c-93bf-88c9d036187e	5	69492434	97575366	15559	-0.0029
4329b9ec-e172-4d2c-93bf-88c9d036187e	5	97575825	97580979	2	-2.8561
4329b9ec-e172-4d2c-93bf-88c9d036187e	5	97582130	97781157	134	0.0229
4329b9ec-e172-4d2c-93bf-88c9d036187e	5	97784381	97789963	4	-1.0458
4329b9ec-e172-4d2c-93bf-88c9d036187e	5	97790259	97803135	12	-0.2622
4329b9ec-e172-4d2c-93bf-88c9d036187e	5	97803737	97807733	4	-1.9879
4329b9ec-e172-4d2c-93bf-88c9d036187e	5	97816162	99483913	935	0.0111
4329b9ec-e172-4d2c-93bf-88c9d036187e	5	99484537	99498288	4	1.4139
4329b9ec-e172-4d2c-93bf-88c9d036187e	5	99500868	119694730	13402	-0.0025
4329b9ec-e172-4d2c-93bf-88c9d036187e	5	119704243	119705629	2	-3.206
4329b9ec-e172-4d2c-93bf-88c9d036187e	5	119712096	151428994	19760	-0.0029
4329b9ec-e172-4d2c-93bf-88c9d036187e	5	151429109	151429117	2	-3.3896
4329b9ec-e172-4d2c-93bf-88c9d036187e	5	151429881	166411869	10100	-0.0018
4329b9ec-e172-4d2c-93bf-88c9d036187e	5	166412657	166422950	34	-0.979
4329b9ec-e172-4d2c-93bf-88c9d036187e	5	166423045	177771448	7905	0.0044
4329b9ec-e172-4d2c-93bf-88c9d036187e	5	177800550	177805604	3	2.3861
4329b9ec-e172-4d2c-93bf-88c9d036187e	5	177827964	181363319	1985	0.0063
4329b9ec-e172-4d2c-93bf-88c9d036187e	6	149661	253272	98	-0.1079
4329b9ec-e172-4d2c-93bf-88c9d036187e	6	253861	294837	26	0.4737
4329b9ec-e172-4d2c-93bf-88c9d036187e	6	302306	19042125	14660	0.0101
4329b9ec-e172-4d2c-93bf-88c9d036187e	6	19042587	19044667	7	1.0109
4329b9ec-e172-4d2c-93bf-88c9d036187e	6	19050511	23057409	2929	-0.0032
4329b9ec-e172-4d2c-93bf-88c9d036187e	6	23060763	23060771	3	-1.6634
4329b9ec-e172-4d2c-93bf-88c9d036187e	6	23064026	29875657	3953	0.0184
4329b9ec-e172-4d2c-93bf-88c9d036187e	6	29876257	29881490	7	-1.5127
4329b9ec-e172-4d2c-93bf-88c9d036187e	6	29882419	31319445	669	0.0443
4329b9ec-e172-4d2c-93bf-88c9d036187e	6	31319724	31328674	6	2.0016
4329b9ec-e172-4d2c-93bf-88c9d036187e	6	31342147	31369093	22	0.0385
4329b9ec-e172-4d2c-93bf-88c9d036187e	6	31370073	31385862	40	0.3326
4329b9ec-e172-4d2c-93bf-88c9d036187e	6	31385912	32463515	435	0.0402
4329b9ec-e172-4d2c-93bf-88c9d036187e	6	32463775	32570802	29	1.4591
4329b9ec-e172-4d2c-93bf-88c9d036187e	6	32572834	32722250	81	0.2699
4329b9ec-e172-4d2c-93bf-88c9d036187e	6	32723020	32723053	3	2.9701
4329b9ec-e172-4d2c-93bf-88c9d036187e	6	32732907	33970222	754	0.0384
4329b9ec-e172-4d2c-93bf-88c9d036187e	6	33970966	33974928	7	-0.7746
4329b9ec-e172-4d2c-93bf-88c9d036187e	6	33976809	50925015	10695	0.0045
4329b9ec-e172-4d2c-93bf-88c9d036187e	6	50925538	50925578	2	1.4325
4329b9ec-e172-4d2c-93bf-88c9d036187e	6	50931560	50948574	19	-0.1918
4329b9ec-e172-4d2c-93bf-88c9d036187e	6	50953545	52740398	1184	0.0191
4329b9ec-e172-4d2c-93bf-88c9d036187e	6	52742349	52759229	16	-0.3402
4329b9ec-e172-4d2c-93bf-88c9d036187e	6	52759272	52761471	5	-1.439
4329b9ec-e172-4d2c-93bf-88c9d036187e	6	52761774	66328153	6355	0.003
4329b9ec-e172-4d2c-93bf-88c9d036187e	6	66331020	66333004	6	-2.9788
4329b9ec-e172-4d2c-93bf-88c9d036187e	6	66333299	73882509	5019	0.0005
4329b9ec-e172-4d2c-93bf-88c9d036187e	6	73882741	73891694	9	-2.9562
4329b9ec-e172-4d2c-93bf-88c9d036187e	6	73893839	76730151	1772	0.0095
4329b9ec-e172-4d2c-93bf-88c9d036187e	6	76730331	76730377	2	2.0418
4329b9ec-e172-4d2c-93bf-88c9d036187e	6	76731101	78253172	995	-0.002
4329b9ec-e172-4d2c-93bf-88c9d036187e	6	78259348	78331916	115	0.5346
4329b9ec-e172-4d2c-93bf-88c9d036187e	6	78332002	81878687	2357	0.0087
4329b9ec-e172-4d2c-93bf-88c9d036187e	6	81881151	81881381	2	-1.4695
4329b9ec-e172-4d2c-93bf-88c9d036187e	6	81881754	92864624	6877	0.0026
4329b9ec-e172-4d2c-93bf-88c9d036187e	6	92866148	92868912	31	-0.9924
4329b9ec-e172-4d2c-93bf-88c9d036187e	6	92873205	97019052	2414	-0.0039
4329b9ec-e172-4d2c-93bf-88c9d036187e	6	97021018	97021514	3	-1.3439
4329b9ec-e172-4d2c-93bf-88c9d036187e	6	97023263	103290101	3798	-0.0078
4329b9ec-e172-4d2c-93bf-88c9d036187e	6	103290164	103314186	45	0.6573
4329b9ec-e172-4d2c-93bf-88c9d036187e	6	103317795	170741917	44196	0.007
4329b9ec-e172-4d2c-93bf-88c9d036187e	7	43355	8841405	5135	0.0176
4329b9ec-e172-4d2c-93bf-88c9d036187e	7	8844447	9116407	258	-0.9338
4329b9ec-e172-4d2c-93bf-88c9d036187e	7	9120451	23995508	11751	0.0077
4329b9ec-e172-4d2c-93bf-88c9d036187e	7	24000259	24000764	2	1.8454
4329b9ec-e172-4d2c-93bf-88c9d036187e	7	24001198	38178000	10186	0.006
4329b9ec-e172-4d2c-93bf-88c9d036187e	7	38178114	38352435	174	-0.1377
4329b9ec-e172-4d2c-93bf-88c9d036187e	7	38356373	38356875	2	-1.626
4329b9ec-e172-4d2c-93bf-88c9d036187e	7	38361356	45511363	4539	0.0086
4329b9ec-e172-4d2c-93bf-88c9d036187e	7	45512262	45513547	3	-1.615
4329b9ec-e172-4d2c-93bf-88c9d036187e	7	45514082	54305455	6453	0.008
4329b9ec-e172-4d2c-93bf-88c9d036187e	7	54318812	54318824	6	-2.0561
4329b9ec-e172-4d2c-93bf-88c9d036187e	7	54325795	65202860	3027	0.003
4329b9ec-e172-4d2c-93bf-88c9d036187e	7	65209094	65684237	202	-0.9057
4329b9ec-e172-4d2c-93bf-88c9d036187e	7	65696403	105371619	22335	0.0054
4329b9ec-e172-4d2c-93bf-88c9d036187e	7	105372232	105542563	82	0.9755
4329b9ec-e172-4d2c-93bf-88c9d036187e	7	105557943	109762899	2776	0.0101
4329b9ec-e172-4d2c-93bf-88c9d036187e	7	109763593	109818333	70	-0.2718
4329b9ec-e172-4d2c-93bf-88c9d036187e	7	109818700	110027491	135	-0.0115
4329b9ec-e172-4d2c-93bf-88c9d036187e	7	110027515	110028132	2	-1.5684
4329b9ec-e172-4d2c-93bf-88c9d036187e	7	110041099	119513288	5736	0.0051
4329b9ec-e172-4d2c-93bf-88c9d036187e	7	119516469	119522393	11	-0.7869
4329b9ec-e172-4d2c-93bf-88c9d036187e	7	119522676	125290668	3384	0.0023
4329b9ec-e172-4d2c-93bf-88c9d036187e	7	125293169	125293823	2	-2.5533
4329b9ec-e172-4d2c-93bf-88c9d036187e	7	125295725	126405502	762	0.0026
4329b9ec-e172-4d2c-93bf-88c9d036187e	7	126405597	126406561	10	-1.8022
4329b9ec-e172-4d2c-93bf-88c9d036187e	7	126406822	134100624	4707	0.009
4329b9ec-e172-4d2c-93bf-88c9d036187e	7	134100664	134114444	31	0.6388
4329b9ec-e172-4d2c-93bf-88c9d036187e	7	134121491	135262319	848	0.0101
4329b9ec-e172-4d2c-93bf-88c9d036187e	7	135262748	135262871	2	-6.623
4329b9ec-e172-4d2c-93bf-88c9d036187e	7	135263452	140492542	3257	0
4329b9ec-e172-4d2c-93bf-88c9d036187e	7	140493059	140493213	2	1.4822
4329b9ec-e172-4d2c-93bf-88c9d036187e	7	140493235	143515201	2010	0.0108
4329b9ec-e172-4d2c-93bf-88c9d036187e	7	143516202	143516258	2	-3.5913
4329b9ec-e172-4d2c-93bf-88c9d036187e	7	143519636	143802123	32	-0.1082
4329b9ec-e172-4d2c-93bf-88c9d036187e	7	143802294	143850179	10	0.8603
4329b9ec-e172-4d2c-93bf-88c9d036187e	7	143875073	159334314	9935	0.0007
4329b9ec-e172-4d2c-93bf-88c9d036187e	8	81254	643041	322	0.0174
4329b9ec-e172-4d2c-93bf-88c9d036187e	8	644944	645875	8	1.1686
4329b9ec-e172-4d2c-93bf-88c9d036187e	8	645892	645908	2	6.0516
4329b9ec-e172-4d2c-93bf-88c9d036187e	8	656117	2132302	1144	-0.0134
4329b9ec-e172-4d2c-93bf-88c9d036187e	8	2132407	2137191	19	-0.5473
4329b9ec-e172-4d2c-93bf-88c9d036187e	8	2142105	2166022	46	0.0457
4329b9ec-e172-4d2c-93bf-88c9d036187e	8	2166161	2166380	2	-1.893
4329b9ec-e172-4d2c-93bf-88c9d036187e	8	2170695	2844412	497	0.0096
4329b9ec-e172-4d2c-93bf-88c9d036187e	8	2846011	2846377	7	-1.3222
4329b9ec-e172-4d2c-93bf-88c9d036187e	8	2849649	4330912	2109	0.0412
4329b9ec-e172-4d2c-93bf-88c9d036187e	8	4330989	4331463	4	1.149
4329b9ec-e172-4d2c-93bf-88c9d036187e	8	4332223	4371989	86	0.0218
4329b9ec-e172-4d2c-93bf-88c9d036187e	8	4372271	4378375	4	1.0155
4329b9ec-e172-4d2c-93bf-88c9d036187e	8	4378639	5211535	1044	0.0194
4329b9ec-e172-4d2c-93bf-88c9d036187e	8	5212632	5233590	57	-0.2838
4329b9ec-e172-4d2c-93bf-88c9d036187e	8	5233761	6210535	1304	0.0608
4329b9ec-e172-4d2c-93bf-88c9d036187e	8	6210753	6211242	11	-0.5895
4329b9ec-e172-4d2c-93bf-88c9d036187e	8	6211594	6299790	151	0.0132
4329b9ec-e172-4d2c-93bf-88c9d036187e	8	6300670	6300775	3	1.3745
4329b9ec-e172-4d2c-93bf-88c9d036187e	8	6300806	6980411	822	0.0164
4329b9ec-e172-4d2c-93bf-88c9d036187e	8	6982183	7001884	3	1.7724
4329b9ec-e172-4d2c-93bf-88c9d036187e	8	7002140	7296545	87	0.0367
4329b9ec-e172-4d2c-93bf-88c9d036187e	8	7312952	7397588	25	-1.3444
4329b9ec-e172-4d2c-93bf-88c9d036187e	8	7414835	7890177	24	-0.1246
4329b9ec-e172-4d2c-93bf-88c9d036187e	8	7919608	8007744	8	0.9531
4329b9ec-e172-4d2c-93bf-88c9d036187e	8	8078333	12092042	3236	0.027
4329b9ec-e172-4d2c-93bf-88c9d036187e	8	12130217	12176798	7	-1.4657
4329b9ec-e172-4d2c-93bf-88c9d036187e	8	12177488	12585546	49	0.0467
4329b9ec-e172-4d2c-93bf-88c9d036187e	8	12616034	12624470	8	-0.7255
4329b9ec-e172-4d2c-93bf-88c9d036187e	8	12624538	18407644	5312	0.0058
4329b9ec-e172-4d2c-93bf-88c9d036187e	8	18408647	18413675	4	-2.6466
4329b9ec-e172-4d2c-93bf-88c9d036187e	8	18413877	25117007	5087	0.0062
4329b9ec-e172-4d2c-93bf-88c9d036187e	8	25117062	25119160	7	0.7995
4329b9ec-e172-4d2c-93bf-88c9d036187e	8	25120977	39373140	9040	-0.0045
4329b9ec-e172-4d2c-93bf-88c9d036187e	8	39378084	39495103	40	0.5631
4329b9ec-e172-4d2c-93bf-88c9d036187e	8	39495168	40324598	608	0.0169
4329b9ec-e172-4d2c-93bf-88c9d036187e	8	40326278	40331992	34	-0.934
4329b9ec-e172-4d2c-93bf-88c9d036187e	8	40335391	40914477	451	-0.0121
4329b9ec-e172-4d2c-93bf-88c9d036187e	8	40920333	40920952	2	-2.9946
4329b9ec-e172-4d2c-93bf-88c9d036187e	8	40926161	84345754	24812	0.0062
4329b9ec-e172-4d2c-93bf-88c9d036187e	8	84350648	84358662	24	-0.6436
4329b9ec-e172-4d2c-93bf-88c9d036187e	8	84358676	85127671	389	-0.0191
4329b9ec-e172-4d2c-93bf-88c9d036187e	8	85128081	85128353	2	1.7109
4329b9ec-e172-4d2c-93bf-88c9d036187e	8	85133155	87503955	1270	0.0061
4329b9ec-e172-4d2c-93bf-88c9d036187e	8	87512513	87517040	4	-1.0531
4329b9ec-e172-4d2c-93bf-88c9d036187e	8	87517846	111279265	14448	0.0032
4329b9ec-e172-4d2c-93bf-88c9d036187e	8	111282050	111288052	11	1.2646
4329b9ec-e172-4d2c-93bf-88c9d036187e	8	111289023	122047592	6864	0.0048
4329b9ec-e172-4d2c-93bf-88c9d036187e	8	122047640	122048909	12	-0.8695
4329b9ec-e172-4d2c-93bf-88c9d036187e	8	122049128	127305340	3691	0.01
4329b9ec-e172-4d2c-93bf-88c9d036187e	8	127306145	127321318	4	-1.6813
4329b9ec-e172-4d2c-93bf-88c9d036187e	8	127321656	139591259	9698	0.0006
4329b9ec-e172-4d2c-93bf-88c9d036187e	8	139592093	139592379	3	1.547
4329b9ec-e172-4d2c-93bf-88c9d036187e	8	139592400	145072769	2658	-0.0015
4329b9ec-e172-4d2c-93bf-88c9d036187e	9	46587	40949640	31224	0.0154
4329b9ec-e172-4d2c-93bf-88c9d036187e	9	40949727	40949742	2	-1.8558
4329b9ec-e172-4d2c-93bf-88c9d036187e	9	40952530	41741096	78	-0.0156
4329b9ec-e172-4d2c-93bf-88c9d036187e	9	41741113	42179276	22	0.9966
4329b9ec-e172-4d2c-93bf-88c9d036187e	9	42202227	42697878	19	0.1133
4329b9ec-e172-4d2c-93bf-88c9d036187e	9	42698168	42726239	11	1.4034
4329b9ec-e172-4d2c-93bf-88c9d036187e	9	42727685	63580418	110	-0.0625
4329b9ec-e172-4d2c-93bf-88c9d036187e	9	63590317	63590323	4	1.8877
4329b9ec-e172-4d2c-93bf-88c9d036187e	9	63590325	78945115	7856	0.0094
4329b9ec-e172-4d2c-93bf-88c9d036187e	9	78946172	78956672	8	-0.7636
4329b9ec-e172-4d2c-93bf-88c9d036187e	9	78961154	95488277	11532	0.0039
4329b9ec-e172-4d2c-93bf-88c9d036187e	9	95488676	95491372	2	1.8903
4329b9ec-e172-4d2c-93bf-88c9d036187e	9	95491482	104042685	5712	0.0132
4329b9ec-e172-4d2c-93bf-88c9d036187e	9	104048899	104067478	33	-0.3519
4329b9ec-e172-4d2c-93bf-88c9d036187e	9	104067555	104882006	699	-0.0022
4329b9ec-e172-4d2c-93bf-88c9d036187e	9	104882266	104882433	2	-1.6089
4329b9ec-e172-4d2c-93bf-88c9d036187e	9	104882780	138200944	22233	0.0106
4329b9ec-e172-4d2c-93bf-88c9d036187e	10	45792	4244878	3578	0.0129
4329b9ec-e172-4d2c-93bf-88c9d036187e	10	4248622	4248732	3	1.902
4329b9ec-e172-4d2c-93bf-88c9d036187e	10	4248824	46102824	27934	0.0063
4329b9ec-e172-4d2c-93bf-88c9d036187e	10	46116171	46281263	109	-0.9885
4329b9ec-e172-4d2c-93bf-88c9d036187e	10	46286440	46328845	55	0.1878
4329b9ec-e172-4d2c-93bf-88c9d036187e	10	46329069	46446817	13	-0.5357
4329b9ec-e172-4d2c-93bf-88c9d036187e	10	46489651	46708198	52	-0.0034
4329b9ec-e172-4d2c-93bf-88c9d036187e	10	46780843	47066259	20	-0.8859
4329b9ec-e172-4d2c-93bf-88c9d036187e	10	47075763	50062240	1666	0.0048
4329b9ec-e172-4d2c-93bf-88c9d036187e	10	50062639	50210870	10	1.006
4329b9ec-e172-4d2c-93bf-88c9d036187e	10	50222104	58771139	6357	0.0079
4329b9ec-e172-4d2c-93bf-88c9d036187e	10	58771501	58771921	5	-1.0771
4329b9ec-e172-4d2c-93bf-88c9d036187e	10	58776160	76493093	11460	0.009
4329b9ec-e172-4d2c-93bf-88c9d036187e	10	76497303	76497852	2	2.0022
4329b9ec-e172-4d2c-93bf-88c9d036187e	10	76501509	79595316	2443	-0.0087
4329b9ec-e172-4d2c-93bf-88c9d036187e	10	79624118	79689251	10	-0.7509
4329b9ec-e172-4d2c-93bf-88c9d036187e	10	79689972	133654968	37010	0.0079
4329b9ec-e172-4d2c-93bf-88c9d036187e	11	198510	4947280	2421	0.0187
4329b9ec-e172-4d2c-93bf-88c9d036187e	11	4949013	4957152	31	0.6381
4329b9ec-e172-4d2c-93bf-88c9d036187e	11	4961686	56565286	32706	0.003
4329b9ec-e172-4d2c-93bf-88c9d036187e	11	56566959	56586568	13	-1.1684
4329b9ec-e172-4d2c-93bf-88c9d036187e	11	56586901	86594619	17162	0.0102
4329b9ec-e172-4d2c-93bf-88c9d036187e	11	86594771	86604132	6	-1.0518
4329b9ec-e172-4d2c-93bf-88c9d036187e	11	86605034	90831876	2658	0.0027
4329b9ec-e172-4d2c-93bf-88c9d036187e	11	90833345	90837870	5	-1.0859
4329b9ec-e172-4d2c-93bf-88c9d036187e	11	90838996	103081210	9025	0.0095
4329b9ec-e172-4d2c-93bf-88c9d036187e	11	103081439	103081648	2	-1.9504
4329b9ec-e172-4d2c-93bf-88c9d036187e	11	103084362	107359993	2914	0.0129
4329b9ec-e172-4d2c-93bf-88c9d036187e	11	107367930	107368402	7	-3.0802
4329b9ec-e172-4d2c-93bf-88c9d036187e	11	107381636	134262730	19304	0.0013
4329b9ec-e172-4d2c-93bf-88c9d036187e	11	134267239	134270258	2	-2.8133
4329b9ec-e172-4d2c-93bf-88c9d036187e	11	134272636	135074876	633	0.0678
4329b9ec-e172-4d2c-93bf-88c9d036187e	12	51460	5222924	3743	0.0203
4329b9ec-e172-4d2c-93bf-88c9d036187e	12	5223430	5223514	2	1.5879
4329b9ec-e172-4d2c-93bf-88c9d036187e	12	5224395	8289689	1819	0.0157
4329b9ec-e172-4d2c-93bf-88c9d036187e	12	8296516	8296621	2	3.0335
4329b9ec-e172-4d2c-93bf-88c9d036187e	12	8300870	9477960	612	0.0137
4329b9ec-e172-4d2c-93bf-88c9d036187e	12	9481274	9575696	24	-2.0693
4329b9ec-e172-4d2c-93bf-88c9d036187e	12	9582373	30086381	14316	0.0095
4329b9ec-e172-4d2c-93bf-88c9d036187e	12	30086486	30091017	25	-0.5945
4329b9ec-e172-4d2c-93bf-88c9d036187e	12	30091052	31112123	867	0.0009
4329b9ec-e172-4d2c-93bf-88c9d036187e	12	31116364	31258117	92	0.6321
4329b9ec-e172-4d2c-93bf-88c9d036187e	12	31258280	33141726	1294	0.0044
4329b9ec-e172-4d2c-93bf-88c9d036187e	12	33148472	33155426	28	0.4641
4329b9ec-e172-4d2c-93bf-88c9d036187e	12	33155453	59117468	13454	0.0134
4329b9ec-e172-4d2c-93bf-88c9d036187e	12	59117872	59122272	9	-1.0379
4329b9ec-e172-4d2c-93bf-88c9d036187e	12	59125078	70478895	7309	0.0066
4329b9ec-e172-4d2c-93bf-88c9d036187e	12	70482534	70484247	8	-0.8491
4329b9ec-e172-4d2c-93bf-88c9d036187e	12	70485605	72959739	1588	0.0155
4329b9ec-e172-4d2c-93bf-88c9d036187e	12	72961122	72961805	2	1.6431
4329b9ec-e172-4d2c-93bf-88c9d036187e	12	72961840	80594564	4851	0.0118
4329b9ec-e172-4d2c-93bf-88c9d036187e	12	80597331	80615769	5	-1.6133
4329b9ec-e172-4d2c-93bf-88c9d036187e	12	80615885	83215619	1660	0.0072
4329b9ec-e172-4d2c-93bf-88c9d036187e	12	83217357	83222467	7	-0.7181
4329b9ec-e172-4d2c-93bf-88c9d036187e	12	83222618	83769408	327	0.0174
4329b9ec-e172-4d2c-93bf-88c9d036187e	12	83769511	83771462	3	-2.6162
4329b9ec-e172-4d2c-93bf-88c9d036187e	12	83771500	126338139	27629	0.0042
4329b9ec-e172-4d2c-93bf-88c9d036187e	12	126338159	130277706	3537	0.0399
4329b9ec-e172-4d2c-93bf-88c9d036187e	12	130278459	130279362	2	-1.4686
4329b9ec-e172-4d2c-93bf-88c9d036187e	12	130280395	130676771	350	0.0654
4329b9ec-e172-4d2c-93bf-88c9d036187e	12	130677256	133201603	1329	0.0058
4329b9ec-e172-4d2c-93bf-88c9d036187e	13	18452809	57176962	26041	0.0119
4329b9ec-e172-4d2c-93bf-88c9d036187e	13	57184136	57204246	34	-2.559
4329b9ec-e172-4d2c-93bf-88c9d036187e	13	57215580	71902850	8998	0.0096
4329b9ec-e172-4d2c-93bf-88c9d036187e	13	71903417	71906467	5	1.546
4329b9ec-e172-4d2c-93bf-88c9d036187e	13	71912345	113442576	28743	0.0108
4329b9ec-e172-4d2c-93bf-88c9d036187e	13	113443119	113443185	2	-1.5576
4329b9ec-e172-4d2c-93bf-88c9d036187e	13	113449942	114342922	366	0.0144
4329b9ec-e172-4d2c-93bf-88c9d036187e	14	18239283	19197351	40	0.2323
4329b9ec-e172-4d2c-93bf-88c9d036187e	14	19203845	20009389	160	-0.2852
4329b9ec-e172-4d2c-93bf-88c9d036187e	14	20012817	20082381	59	0.111
4329b9ec-e172-4d2c-93bf-88c9d036187e	14	20085125	20087037	2	2.3973
4329b9ec-e172-4d2c-93bf-88c9d036187e	14	20089108	20893877	622	0.0236
4329b9ec-e172-4d2c-93bf-88c9d036187e	14	20895189	20952929	23	-0.9673
4329b9ec-e172-4d2c-93bf-88c9d036187e	14	20956559	106403147	54288	0.0087
4329b9ec-e172-4d2c-93bf-88c9d036187e	14	106407604	106418444	7	-2.1562
4329b9ec-e172-4d2c-93bf-88c9d036187e	14	106423925	106877229	243	0.0086
4329b9ec-e172-4d2c-93bf-88c9d036187e	15	19811075	20056983	50	-0.11
4329b9ec-e172-4d2c-93bf-88c9d036187e	15	20059033	20670989	101	-0.5382
4329b9ec-e172-4d2c-93bf-88c9d036187e	15	20981071	21067891	11	-1.7808
4329b9ec-e172-4d2c-93bf-88c9d036187e	15	21070355	21417107	13	-0.8721
4329b9ec-e172-4d2c-93bf-88c9d036187e	15	21975606	32239115	5748	0.0201
4329b9ec-e172-4d2c-93bf-88c9d036187e	15	32240890	32356531	10	-0.9883
4329b9ec-e172-4d2c-93bf-88c9d036187e	15	32363170	34262156	1407	0.0208
4329b9ec-e172-4d2c-93bf-88c9d036187e	15	34262872	34262896	2	1.6232
4329b9ec-e172-4d2c-93bf-88c9d036187e	15	34280876	43600643	5837	0.0057
4329b9ec-e172-4d2c-93bf-88c9d036187e	15	43601620	43703182	25	0.5996
4329b9ec-e172-4d2c-93bf-88c9d036187e	15	43703690	56443492	7877	0.0064
4329b9ec-e172-4d2c-93bf-88c9d036187e	15	56444230	56445727	4	-1.6857
4329b9ec-e172-4d2c-93bf-88c9d036187e	15	56445914	69037475	8600	0.0157
4329b9ec-e172-4d2c-93bf-88c9d036187e	15	69038945	69039020	2	2.0318
4329b9ec-e172-4d2c-93bf-88c9d036187e	15	69045335	76586021	4248	0.0117
4329b9ec-e172-4d2c-93bf-88c9d036187e	15	76598900	76603430	18	0.7186
4329b9ec-e172-4d2c-93bf-88c9d036187e	15	76603431	101859834	17615	0.0161
4329b9ec-e172-4d2c-93bf-88c9d036187e	15	101864933	101928837	13	-0.6066
4329b9ec-e172-4d2c-93bf-88c9d036187e	16	10777	6617884	3908	0.0156
4329b9ec-e172-4d2c-93bf-88c9d036187e	16	6618416	6991468	461	0.1355
4329b9ec-e172-4d2c-93bf-88c9d036187e	16	6995132	18618085	8422	0.018
4329b9ec-e172-4d2c-93bf-88c9d036187e	16	18621034	18754907	15	-1.0043
4329b9ec-e172-4d2c-93bf-88c9d036187e	16	18756796	19929941	667	0.0133
4329b9ec-e172-4d2c-93bf-88c9d036187e	16	19930646	19954553	32	0.3454
4329b9ec-e172-4d2c-93bf-88c9d036187e	16	19956040	20617366	467	-0.0087
4329b9ec-e172-4d2c-93bf-88c9d036187e	16	20617756	20625234	6	0.9176
4329b9ec-e172-4d2c-93bf-88c9d036187e	16	20625515	29666665	5166	0.017
4329b9ec-e172-4d2c-93bf-88c9d036187e	16	29667876	29672440	5	-0.9919
4329b9ec-e172-4d2c-93bf-88c9d036187e	16	29676288	31986861	817	0.0176
4329b9ec-e172-4d2c-93bf-88c9d036187e	16	31986876	32169655	19	-0.2224
4329b9ec-e172-4d2c-93bf-88c9d036187e	16	32197425	32451922	10	-0.9987
4329b9ec-e172-4d2c-93bf-88c9d036187e	16	32458145	33862700	47	0.0443
4329b9ec-e172-4d2c-93bf-88c9d036187e	16	33865345	34209701	38	-0.3623
4329b9ec-e172-4d2c-93bf-88c9d036187e	16	35080991	55788057	6890	-0.001
4329b9ec-e172-4d2c-93bf-88c9d036187e	16	55788485	55788532	2	1.6176
4329b9ec-e172-4d2c-93bf-88c9d036187e	16	55808442	76764575	12673	0.0037
4329b9ec-e172-4d2c-93bf-88c9d036187e	16	76764612	76772531	3	-2.0293
4329b9ec-e172-4d2c-93bf-88c9d036187e	16	76774655	78339440	1614	0.0183
4329b9ec-e172-4d2c-93bf-88c9d036187e	16	78339867	78350868	13	1.3296
4329b9ec-e172-4d2c-93bf-88c9d036187e	16	78351104	90096867	10626	0.0242
4329b9ec-e172-4d2c-93bf-88c9d036187e	17	150733	14243093	8909	0.0126
4329b9ec-e172-4d2c-93bf-88c9d036187e	17	14247870	14848109	529	0.1242
4329b9ec-e172-4d2c-93bf-88c9d036187e	17	14849361	16759600	1044	0.0138
4329b9ec-e172-4d2c-93bf-88c9d036187e	17	16759737	16838214	11	-0.7962
4329b9ec-e172-4d2c-93bf-88c9d036187e	17	16838470	18458372	910	0.005
4329b9ec-e172-4d2c-93bf-88c9d036187e	17	18461528	18561272	22	0.6429
4329b9ec-e172-4d2c-93bf-88c9d036187e	17	18561907	33655122	5022	0.0029
4329b9ec-e172-4d2c-93bf-88c9d036187e	17	33657111	33993753	311	0.1367
4329b9ec-e172-4d2c-93bf-88c9d036187e	17	33993801	35703772	1238	0.0127
4329b9ec-e172-4d2c-93bf-88c9d036187e	17	35703937	35709800	3	-1.1806
4329b9ec-e172-4d2c-93bf-88c9d036187e	17	35710259	36077954	245	0.0363
4329b9ec-e172-4d2c-93bf-88c9d036187e	17	36084295	36136505	45	-0.5862
4329b9ec-e172-4d2c-93bf-88c9d036187e	17	36137721	41224178	2521	0.0118
4329b9ec-e172-4d2c-93bf-88c9d036187e	17	41231308	41237517	5	-0.9171
4329b9ec-e172-4d2c-93bf-88c9d036187e	17	41239604	41266838	17	0.1565
4329b9ec-e172-4d2c-93bf-88c9d036187e	17	41266851	41274279	19	1.0838
4329b9ec-e172-4d2c-93bf-88c9d036187e	17	41276472	46099618	2508	0.0061
4329b9ec-e172-4d2c-93bf-88c9d036187e	17	46099684	46351954	118	-0.3296
4329b9ec-e172-4d2c-93bf-88c9d036187e	17	46446345	46687628	6	-1.394
4329b9ec-e172-4d2c-93bf-88c9d036187e	17	46707286	77174591	18592	0.0067
4329b9ec-e172-4d2c-93bf-88c9d036187e	17	77176951	77176959	2	1.9701
4329b9ec-e172-4d2c-93bf-88c9d036187e	17	77177434	80655063	2032	0.0178
4329b9ec-e172-4d2c-93bf-88c9d036187e	17	80655993	80660379	2	2.4241
4329b9ec-e172-4d2c-93bf-88c9d036187e	17	80660500	83091923	950	-0.0076
4329b9ec-e172-4d2c-93bf-88c9d036187e	18	48133	60056581	36126	0.0053
4329b9ec-e172-4d2c-93bf-88c9d036187e	18	60057003	60064038	10	-1.3666
4329b9ec-e172-4d2c-93bf-88c9d036187e	18	60067603	66060309	4192	0.0108
4329b9ec-e172-4d2c-93bf-88c9d036187e	18	66060363	66065502	11	-0.6428
4329b9ec-e172-4d2c-93bf-88c9d036187e	18	66065527	73106270	5188	0.0106
4329b9ec-e172-4d2c-93bf-88c9d036187e	18	73108504	73907108	679	0.1004
4329b9ec-e172-4d2c-93bf-88c9d036187e	18	73907131	80257174	4566	0.0126
4329b9ec-e172-4d2c-93bf-88c9d036187e	19	90910	15669231	6579	0.0102
4329b9ec-e172-4d2c-93bf-88c9d036187e	19	15669412	15714929	56	0.6554
4329b9ec-e172-4d2c-93bf-88c9d036187e	19	15722526	36354973	10546	-0.0011
4329b9ec-e172-4d2c-93bf-88c9d036187e	19	36355248	36356596	10	-1.46
4329b9ec-e172-4d2c-93bf-88c9d036187e	19	36356735	42796054	3239	0.007
4329b9ec-e172-4d2c-93bf-88c9d036187e	19	42798357	42804734	3	-1.3616
4329b9ec-e172-4d2c-93bf-88c9d036187e	19	42805160	44398215	941	0.0353
4329b9ec-e172-4d2c-93bf-88c9d036187e	19	44401739	44402382	3	-1.6998
4329b9ec-e172-4d2c-93bf-88c9d036187e	19	44402845	51639677	3404	0.0211
4329b9ec-e172-4d2c-93bf-88c9d036187e	19	51641117	51644944	8	-1.0023
4329b9ec-e172-4d2c-93bf-88c9d036187e	19	51651652	56690354	3180	0.0384
4329b9ec-e172-4d2c-93bf-88c9d036187e	19	56692890	56700143	6	-1.1129
4329b9ec-e172-4d2c-93bf-88c9d036187e	19	56705460	58586487	1151	0.017
4329b9ec-e172-4d2c-93bf-88c9d036187e	20	80664	1029145	766	0.0371
4329b9ec-e172-4d2c-93bf-88c9d036187e	20	1030727	1031383	2	-1.4456
4329b9ec-e172-4d2c-93bf-88c9d036187e	20	1031383	1579916	431	0.0488
4329b9ec-e172-4d2c-93bf-88c9d036187e	20	1580141	1601561	41	1.6549
4329b9ec-e172-4d2c-93bf-88c9d036187e	20	1609611	64284715	41160	0.0133
4329b9ec-e172-4d2c-93bf-88c9d036187e	20	64323342	64324800	5	-1.0339
4329b9ec-e172-4d2c-93bf-88c9d036187e	21	10354168	10420775	9	-0.5724
4329b9ec-e172-4d2c-93bf-88c9d036187e	21	10420974	10552032	36	0.1041
4329b9ec-e172-4d2c-93bf-88c9d036187e	21	10556305	10559033	8	-0.4762
4329b9ec-e172-4d2c-93bf-88c9d036187e	21	10568903	10756733	33	0.4025
4329b9ec-e172-4d2c-93bf-88c9d036187e	21	10775586	13583316	183	0.0028
4329b9ec-e172-4d2c-93bf-88c9d036187e	21	13612103	13812646	6	-1.0099
4329b9ec-e172-4d2c-93bf-88c9d036187e	21	13818379	15751536	1321	0.0022
4329b9ec-e172-4d2c-93bf-88c9d036187e	21	15751783	15754501	2	1.597
4329b9ec-e172-4d2c-93bf-88c9d036187e	21	15758051	22379557	4779	0.008
4329b9ec-e172-4d2c-93bf-88c9d036187e	21	22386264	22400736	10	-0.6961
4329b9ec-e172-4d2c-93bf-88c9d036187e	21	22401996	23061037	505	0.0095
4329b9ec-e172-4d2c-93bf-88c9d036187e	21	23061182	23061523	4	1.031
4329b9ec-e172-4d2c-93bf-88c9d036187e	21	23061642	26641901	2710	0.0072
4329b9ec-e172-4d2c-93bf-88c9d036187e	21	26643879	26654180	16	-0.845
4329b9ec-e172-4d2c-93bf-88c9d036187e	21	26654193	45348615	13493	0.0127
4329b9ec-e172-4d2c-93bf-88c9d036187e	21	45355558	45358857	6	-0.9303
4329b9ec-e172-4d2c-93bf-88c9d036187e	21	45361484	46677045	757	0.0178
4329b9ec-e172-4d2c-93bf-88c9d036187e	22	15294547	18142004	1110	0.0012
4329b9ec-e172-4d2c-93bf-88c9d036187e	22	18143362	18146386	8	-1.2259
4329b9ec-e172-4d2c-93bf-88c9d036187e	22	18147293	50796027	22170	0.0043
4329b9ec-e172-4d2c-93bf-88c9d036187e	X	251810	30679486	18801	0.0148
4329b9ec-e172-4d2c-93bf-88c9d036187e	X	30680338	30681968	4	-5.8375
4329b9ec-e172-4d2c-93bf-88c9d036187e	X	30694179	91712745	28476	0.0032
4329b9ec-e172-4d2c-93bf-88c9d036187e	X	91715507	91717213	11	-1.8829
4329b9ec-e172-4d2c-93bf-88c9d036187e	X	91725401	94168196	1157	-0.0076
4329b9ec-e172-4d2c-93bf-88c9d036187e	X	94168224	94174579	6	-2.1672
4329b9ec-e172-4d2c-93bf-88c9d036187e	X	94174980	112747549	9949	0.0094
4329b9ec-e172-4d2c-93bf-88c9d036187e	X	112751634	112753192	2	-2.4692
4329b9ec-e172-4d2c-93bf-88c9d036187e	X	112754149	123239733	6144	0.0215
4329b9ec-e172-4d2c-93bf-88c9d036187e	X	123240081	123241749	2	2.8058
4329b9ec-e172-4d2c-93bf-88c9d036187e	X	123243887	124905381	1013	0.003
4329b9ec-e172-4d2c-93bf-88c9d036187e	X	124906506	124907481	2	-2.3296
4329b9ec-e172-4d2c-93bf-88c9d036187e	X	124909994	127302965	1354	0.0233
4329b9ec-e172-4d2c-93bf-88c9d036187e	X	127311345	127311977	2	-3.4598
4329b9ec-e172-4d2c-93bf-88c9d036187e	X	127312019	140951372	7658	0.0017
4329b9ec-e172-4d2c-93bf-88c9d036187e	X	140953918	140956429	3	-2.9829
4329b9ec-e172-4d2c-93bf-88c9d036187e	X	140956478	140956674	4	1.2888
4329b9ec-e172-4d2c-93bf-88c9d036187e	X	140957632	141386134	205	0.0065
4329b9ec-e172-4d2c-93bf-88c9d036187e	X	141387902	141414925	16	0.4036
4329b9ec-e172-4d2c-93bf-88c9d036187e	X	141414978	141595849	31	-0.3949
4329b9ec-e172-4d2c-93bf-88c9d036187e	X	141598034	141900446	183	-0.0016
4329b9ec-e172-4d2c-93bf-88c9d036187e	X	141900659	141901694	4	1.1287
4329b9ec-e172-4d2c-93bf-88c9d036187e	X	141902245	142251287	320	0.0344
4329b9ec-e172-4d2c-93bf-88c9d036187e	X	142251372	142254524	3	-4.6378
4329b9ec-e172-4d2c-93bf-88c9d036187e	X	142254650	155952689	8335	0.0156
4329b9ec-e172-4d2c-93bf-88c9d036187e	Y	2782397	8305650	1716	-0.9669
4329b9ec-e172-4d2c-93bf-88c9d036187e	Y	8312189	8316037	4	-4.9125
4329b9ec-e172-4d2c-93bf-88c9d036187e	Y	8316458	56872112	4920	-0.9713
