GDC_Aliquot	Chromosome	Start	End	Num_Probes	Segment_Mean
4e7900b1-468c-4af0-8f36-e4a0715190cc	1	62920	1575421	210	0.0794
4e7900b1-468c-4af0-8f36-e4a0715190cc	1	1696479	1741164	16	-0.7495
4e7900b1-468c-4af0-8f36-e4a0715190cc	1	1756148	3259074	496	0.0775
4e7900b1-468c-4af0-8f36-e4a0715190cc	1	3259896	6978351	2564	-0.0064
4e7900b1-468c-4af0-8f36-e4a0715190cc	1	6980913	6987540	4	-1.1967
4e7900b1-468c-4af0-8f36-e4a0715190cc	1	6990595	15823420	5051	0.0049
4e7900b1-468c-4af0-8f36-e4a0715190cc	1	15827002	15827706	7	0.7767
4e7900b1-468c-4af0-8f36-e4a0715190cc	1	15827744	16018760	87	-0.0203
4e7900b1-468c-4af0-8f36-e4a0715190cc	1	16037445	16042482	4	-1.6886
4e7900b1-468c-4af0-8f36-e4a0715190cc	1	16047835	25256850	5582	-0.0026
4e7900b1-468c-4af0-8f36-e4a0715190cc	1	25266637	25336819	25	0.5814
4e7900b1-468c-4af0-8f36-e4a0715190cc	1	25336853	72303233	28735	0.0003
4e7900b1-468c-4af0-8f36-e4a0715190cc	1	72303253	72345465	45	-1.1219
4e7900b1-468c-4af0-8f36-e4a0715190cc	1	72346221	103589737	20011	0.0014
4e7900b1-468c-4af0-8f36-e4a0715190cc	1	103613021	103760781	16	-0.5227
4e7900b1-468c-4af0-8f36-e4a0715190cc	1	103760879	104601768	456	0.0035
4e7900b1-468c-4af0-8f36-e4a0715190cc	1	104610967	104618261	6	0.6131
4e7900b1-468c-4af0-8f36-e4a0715190cc	1	104618598	105470754	455	0.0071
4e7900b1-468c-4af0-8f36-e4a0715190cc	1	105476583	105479753	17	-1.8811
4e7900b1-468c-4af0-8f36-e4a0715190cc	1	105481433	107746732	1610	0.0051
4e7900b1-468c-4af0-8f36-e4a0715190cc	1	107749064	107750015	2	-1.4479
4e7900b1-468c-4af0-8f36-e4a0715190cc	1	107751277	108183838	325	0.0264
4e7900b1-468c-4af0-8f36-e4a0715190cc	1	108186662	108194874	5	-0.786
4e7900b1-468c-4af0-8f36-e4a0715190cc	1	108196482	108223733	17	0.028
4e7900b1-468c-4af0-8f36-e4a0715190cc	1	108226680	108274557	2	-2.2996
4e7900b1-468c-4af0-8f36-e4a0715190cc	1	108310648	109690352	676	0.0067
4e7900b1-468c-4af0-8f36-e4a0715190cc	1	109690415	109697556	12	2.0276
4e7900b1-468c-4af0-8f36-e4a0715190cc	1	109702376	114289343	3302	0.0081
4e7900b1-468c-4af0-8f36-e4a0715190cc	1	114291004	114291088	2	-1.3227
4e7900b1-468c-4af0-8f36-e4a0715190cc	1	114291180	121598439	3832	-0.0003
4e7900b1-468c-4af0-8f36-e4a0715190cc	1	121601998	143942271	130	0.6804
4e7900b1-468c-4af0-8f36-e4a0715190cc	1	144432083	152583291	2315	0.0355
4e7900b1-468c-4af0-8f36-e4a0715190cc	1	152583319	152618089	35	0.4053
4e7900b1-468c-4af0-8f36-e4a0715190cc	1	152618187	152789447	165	0.0169
4e7900b1-468c-4af0-8f36-e4a0715190cc	1	152789463	152796224	36	0.3923
4e7900b1-468c-4af0-8f36-e4a0715190cc	1	152801429	169247699	11275	-0.0017
4e7900b1-468c-4af0-8f36-e4a0715190cc	1	169264736	169272528	7	-2.5881
4e7900b1-468c-4af0-8f36-e4a0715190cc	1	169273163	174827267	3515	0.0036
4e7900b1-468c-4af0-8f36-e4a0715190cc	1	174827418	174832702	16	-0.8047
4e7900b1-468c-4af0-8f36-e4a0715190cc	1	174832716	196758720	14633	0.0036
4e7900b1-468c-4af0-8f36-e4a0715190cc	1	196761905	196832525	56	-0.4868
4e7900b1-468c-4af0-8f36-e4a0715190cc	1	196832720	199142235	1378	0.0026
4e7900b1-468c-4af0-8f36-e4a0715190cc	1	199142298	199143883	7	-0.9015
4e7900b1-468c-4af0-8f36-e4a0715190cc	1	199144712	248525314	34242	0.0033
4e7900b1-468c-4af0-8f36-e4a0715190cc	1	248546369	248633821	35	0.3767
4e7900b1-468c-4af0-8f36-e4a0715190cc	1	248633912	248930189	142	0.0368
4e7900b1-468c-4af0-8f36-e4a0715190cc	2	12784	3184154	2218	0.0141
4e7900b1-468c-4af0-8f36-e4a0715190cc	2	3184269	3184340	2	1.3114
4e7900b1-468c-4af0-8f36-e4a0715190cc	2	3184533	4158097	766	0.0113
4e7900b1-468c-4af0-8f36-e4a0715190cc	2	4166274	4175577	36	-0.7156
4e7900b1-468c-4af0-8f36-e4a0715190cc	2	4175922	52527743	34109	0.0055
4e7900b1-468c-4af0-8f36-e4a0715190cc	2	52531615	52554404	33	-0.5392
4e7900b1-468c-4af0-8f36-e4a0715190cc	2	52560811	105770408	28990	0.0098
4e7900b1-468c-4af0-8f36-e4a0715190cc	2	105772455	105774881	6	-1.0555
4e7900b1-468c-4af0-8f36-e4a0715190cc	2	105775456	127099470	12780	0.0072
4e7900b1-468c-4af0-8f36-e4a0715190cc	2	127100187	127101070	3	-1.2575
4e7900b1-468c-4af0-8f36-e4a0715190cc	2	127103254	242147305	70525	0.0032
4e7900b1-468c-4af0-8f36-e4a0715190cc	3	20930	182919	154	0.0252
4e7900b1-468c-4af0-8f36-e4a0715190cc	3	188339	191117	4	-3.6001
4e7900b1-468c-4af0-8f36-e4a0715190cc	3	193194	6604856	5657	0.0262
4e7900b1-468c-4af0-8f36-e4a0715190cc	3	6609441	6611557	22	-2.8712
4e7900b1-468c-4af0-8f36-e4a0715190cc	3	6611645	59679443	34393	0.0054
4e7900b1-468c-4af0-8f36-e4a0715190cc	3	59680883	61055218	1544	0.0463
4e7900b1-468c-4af0-8f36-e4a0715190cc	3	61057116	99218940	21922	0.0032
4e7900b1-468c-4af0-8f36-e4a0715190cc	3	99225614	99230457	35	0.36
4e7900b1-468c-4af0-8f36-e4a0715190cc	3	99230464	130044016	18707	0.005
4e7900b1-468c-4af0-8f36-e4a0715190cc	3	130044855	130087393	38	-1.5255
4e7900b1-468c-4af0-8f36-e4a0715190cc	3	130088081	137309116	4481	-0.0009
4e7900b1-468c-4af0-8f36-e4a0715190cc	3	137309118	137328718	33	-0.5875
4e7900b1-468c-4af0-8f36-e4a0715190cc	3	137328871	162790480	15748	0.0107
4e7900b1-468c-4af0-8f36-e4a0715190cc	3	162794869	162908207	70	-1.543
4e7900b1-468c-4af0-8f36-e4a0715190cc	3	162908784	162996729	72	0.0025
4e7900b1-468c-4af0-8f36-e4a0715190cc	3	162999939	163001774	2	-2.8079
4e7900b1-468c-4af0-8f36-e4a0715190cc	3	163008371	166097944	1757	0.0125
4e7900b1-468c-4af0-8f36-e4a0715190cc	3	166099553	166103800	3	-1.6252
4e7900b1-468c-4af0-8f36-e4a0715190cc	3	166110628	176165961	6316	0.0149
4e7900b1-468c-4af0-8f36-e4a0715190cc	3	176170271	176196691	33	-0.8299
4e7900b1-468c-4af0-8f36-e4a0715190cc	3	176198433	189645889	8478	0.0058
4e7900b1-468c-4af0-8f36-e4a0715190cc	3	189646041	189653199	11	-0.7145
4e7900b1-468c-4af0-8f36-e4a0715190cc	3	189653225	193160173	2485	0.0047
4e7900b1-468c-4af0-8f36-e4a0715190cc	3	193160256	193165114	18	-1.3644
4e7900b1-468c-4af0-8f36-e4a0715190cc	3	193168646	195549253	1478	0.0154
4e7900b1-468c-4af0-8f36-e4a0715190cc	3	195552392	195747892	48	-0.2548
4e7900b1-468c-4af0-8f36-e4a0715190cc	3	195751823	195934679	80	0.038
4e7900b1-468c-4af0-8f36-e4a0715190cc	3	195963975	195998433	8	0.7631
4e7900b1-468c-4af0-8f36-e4a0715190cc	3	196012333	198169247	1077	0.0299
4e7900b1-468c-4af0-8f36-e4a0715190cc	4	68929	9455251	5157	0.0063
4e7900b1-468c-4af0-8f36-e4a0715190cc	4	9459504	9477560	5	-1.3052
4e7900b1-468c-4af0-8f36-e4a0715190cc	4	9477699	9858273	160	0.0178
4e7900b1-468c-4af0-8f36-e4a0715190cc	4	9858277	9862603	3	-1.4578
4e7900b1-468c-4af0-8f36-e4a0715190cc	4	9863418	10208766	377	0.0064
4e7900b1-468c-4af0-8f36-e4a0715190cc	4	10212536	10234518	37	0.2711
4e7900b1-468c-4af0-8f36-e4a0715190cc	4	10236812	10389091	170	0.0166
4e7900b1-468c-4af0-8f36-e4a0715190cc	4	10390730	10398532	14	-0.559
4e7900b1-468c-4af0-8f36-e4a0715190cc	4	10398887	34777238	16777	0.0048
4e7900b1-468c-4af0-8f36-e4a0715190cc	4	34777340	34823103	44	0.7768
4e7900b1-468c-4af0-8f36-e4a0715190cc	4	34828250	63821843	16547	0.0034
4e7900b1-468c-4af0-8f36-e4a0715190cc	4	63821857	63842540	36	0.3241
4e7900b1-468c-4af0-8f36-e4a0715190cc	4	63850713	68395346	2856	0.0139
4e7900b1-468c-4af0-8f36-e4a0715190cc	4	68416487	68429081	6	-0.9328
4e7900b1-468c-4af0-8f36-e4a0715190cc	4	68439221	68506285	11	-0.0371
4e7900b1-468c-4af0-8f36-e4a0715190cc	4	68509223	68620261	65	0.4741
4e7900b1-468c-4af0-8f36-e4a0715190cc	4	68623617	69255175	312	0.0538
4e7900b1-468c-4af0-8f36-e4a0715190cc	4	69255532	69366406	59	-0.6662
4e7900b1-468c-4af0-8f36-e4a0715190cc	4	69370433	114252544	27314	0.0012
4e7900b1-468c-4af0-8f36-e4a0715190cc	4	114254167	114261019	23	-1.5101
4e7900b1-468c-4af0-8f36-e4a0715190cc	4	114263073	154881396	24033	0.0043
4e7900b1-468c-4af0-8f36-e4a0715190cc	4	154881853	154881905	2	-2.5535
4e7900b1-468c-4af0-8f36-e4a0715190cc	4	154881926	160952788	3915	0.0077
4e7900b1-468c-4af0-8f36-e4a0715190cc	4	160952848	160963756	22	-0.3551
4e7900b1-468c-4af0-8f36-e4a0715190cc	4	160963767	171448195	6665	0.0079
4e7900b1-468c-4af0-8f36-e4a0715190cc	4	171453733	171456625	12	-0.5192
4e7900b1-468c-4af0-8f36-e4a0715190cc	4	171459220	188323737	11377	0.016
4e7900b1-468c-4af0-8f36-e4a0715190cc	4	188328503	188344900	20	-0.8559
4e7900b1-468c-4af0-8f36-e4a0715190cc	4	188347504	190106768	1082	0.0466
4e7900b1-468c-4af0-8f36-e4a0715190cc	5	15532	1880474	921	0.0603
4e7900b1-468c-4af0-8f36-e4a0715190cc	5	1890119	26789387	17923	0.0037
4e7900b1-468c-4af0-8f36-e4a0715190cc	5	26797651	26797735	2	-1.825
4e7900b1-468c-4af0-8f36-e4a0715190cc	5	26803775	46191782	11797	0.0111
4e7900b1-468c-4af0-8f36-e4a0715190cc	5	46195781	46199333	4	-0.9568
4e7900b1-468c-4af0-8f36-e4a0715190cc	5	46209197	46271006	15	0.1375
4e7900b1-468c-4af0-8f36-e4a0715190cc	5	46271828	46273400	6	1.2118
4e7900b1-468c-4af0-8f36-e4a0715190cc	5	46278110	58025819	5073	0.0066
4e7900b1-468c-4af0-8f36-e4a0715190cc	5	58030200	58037706	32	1.6585
4e7900b1-468c-4af0-8f36-e4a0715190cc	5	58042530	138172125	48846	0.006
4e7900b1-468c-4af0-8f36-e4a0715190cc	5	138176028	138210782	19	-1.1304
4e7900b1-468c-4af0-8f36-e4a0715190cc	5	138211272	177771448	26209	0.0059
4e7900b1-468c-4af0-8f36-e4a0715190cc	5	177800550	177805604	3	2.2506
4e7900b1-468c-4af0-8f36-e4a0715190cc	5	177827964	181085315	1873	0.0019
4e7900b1-468c-4af0-8f36-e4a0715190cc	5	181091765	181100309	4	-1.0928
4e7900b1-468c-4af0-8f36-e4a0715190cc	5	181105296	181363319	107	0.0439
4e7900b1-468c-4af0-8f36-e4a0715190cc	6	149661	253861	99	0.1009
4e7900b1-468c-4af0-8f36-e4a0715190cc	6	254267	375277	96	-0.3355
4e7900b1-468c-4af0-8f36-e4a0715190cc	6	375759	1993051	1395	0.0213
4e7900b1-468c-4af0-8f36-e4a0715190cc	6	1994658	2005799	11	-1.0377
4e7900b1-468c-4af0-8f36-e4a0715190cc	6	2007453	2701830	518	0.0144
4e7900b1-468c-4af0-8f36-e4a0715190cc	6	2701887	2701901	2	-1.5738
4e7900b1-468c-4af0-8f36-e4a0715190cc	6	2704200	22518542	15160	0.0032
4e7900b1-468c-4af0-8f36-e4a0715190cc	6	22518932	22520725	3	-1.1143
4e7900b1-468c-4af0-8f36-e4a0715190cc	6	22520826	29866672	4352	0.0079
4e7900b1-468c-4af0-8f36-e4a0715190cc	6	29866695	29947692	51	0.247
4e7900b1-468c-4af0-8f36-e4a0715190cc	6	29947974	31313046	639	0.0163
4e7900b1-468c-4af0-8f36-e4a0715190cc	6	31318499	31328674	11	-1.3993
4e7900b1-468c-4af0-8f36-e4a0715190cc	6	31342147	32612840	540	0.0161
4e7900b1-468c-4af0-8f36-e4a0715190cc	6	32614061	32634330	11	-0.7242
4e7900b1-468c-4af0-8f36-e4a0715190cc	6	32634492	54066477	13716	0.004
4e7900b1-468c-4af0-8f36-e4a0715190cc	6	54066582	54067057	4	1.367
4e7900b1-468c-4af0-8f36-e4a0715190cc	6	54070550	73882142	10385	0.012
4e7900b1-468c-4af0-8f36-e4a0715190cc	6	73882509	73891694	10	0.9041
4e7900b1-468c-4af0-8f36-e4a0715190cc	6	73893839	76305231	1471	0.0022
4e7900b1-468c-4af0-8f36-e4a0715190cc	6	76307183	76307209	3	-1.2951
4e7900b1-468c-4af0-8f36-e4a0715190cc	6	76307276	76726815	296	0.0222
4e7900b1-468c-4af0-8f36-e4a0715190cc	6	76730151	76743040	21	0.6836
4e7900b1-468c-4af0-8f36-e4a0715190cc	6	76751356	78259348	976	0.0007
4e7900b1-468c-4af0-8f36-e4a0715190cc	6	78259388	78331916	114	0.3919
4e7900b1-468c-4af0-8f36-e4a0715190cc	6	78332002	79896105	986	0.0113
4e7900b1-468c-4af0-8f36-e4a0715190cc	6	79897002	79903029	9	-1.0102
4e7900b1-468c-4af0-8f36-e4a0715190cc	6	79904867	94748599	9543	0.0084
4e7900b1-468c-4af0-8f36-e4a0715190cc	6	94748739	94751487	3	-1.0578
4e7900b1-468c-4af0-8f36-e4a0715190cc	6	94751721	103286954	4919	0.0041
4e7900b1-468c-4af0-8f36-e4a0715190cc	6	103290101	103314186	46	-1.4181
4e7900b1-468c-4af0-8f36-e4a0715190cc	6	103317795	170741917	44153	0.005
4e7900b1-468c-4af0-8f36-e4a0715190cc	7	43355	10740864	6579	0.0207
4e7900b1-468c-4af0-8f36-e4a0715190cc	7	10752523	10766481	13	-1.0535
4e7900b1-468c-4af0-8f36-e4a0715190cc	7	10768058	38244598	20764	0.0036
4e7900b1-468c-4af0-8f36-e4a0715190cc	7	38246926	38331733	115	0.2451
4e7900b1-468c-4af0-8f36-e4a0715190cc	7	38332110	54305455	11000	0.0053
4e7900b1-468c-4af0-8f36-e4a0715190cc	7	54318812	54318821	5	2.3688
4e7900b1-468c-4af0-8f36-e4a0715190cc	7	54318824	66143569	3381	0.0102
4e7900b1-468c-4af0-8f36-e4a0715190cc	7	66143851	66144178	2	-1.5244
4e7900b1-468c-4af0-8f36-e4a0715190cc	7	66144214	70955452	2745	-0.0005
4e7900b1-468c-4af0-8f36-e4a0715190cc	7	70958264	70961155	2	-2.2053
4e7900b1-468c-4af0-8f36-e4a0715190cc	7	70963257	109801155	22333	0.003
4e7900b1-468c-4af0-8f36-e4a0715190cc	7	109801187	109813853	11	0.6355
4e7900b1-468c-4af0-8f36-e4a0715190cc	7	109813925	118187482	5131	0.0135
4e7900b1-468c-4af0-8f36-e4a0715190cc	7	118191689	118191690	2	-1.4043
4e7900b1-468c-4af0-8f36-e4a0715190cc	7	118194670	126404920	4888	-0.0015
4e7900b1-468c-4af0-8f36-e4a0715190cc	7	126405428	126406827	18	-0.8597
4e7900b1-468c-4af0-8f36-e4a0715190cc	7	126412712	142069843	9921	0.0021
4e7900b1-468c-4af0-8f36-e4a0715190cc	7	142069880	142092307	33	-0.5092
4e7900b1-468c-4af0-8f36-e4a0715190cc	7	142099190	144199159	1202	0.03
4e7900b1-468c-4af0-8f36-e4a0715190cc	7	144207186	144352208	15	0.583
4e7900b1-468c-4af0-8f36-e4a0715190cc	7	144377836	159334314	9645	0.0068
4e7900b1-468c-4af0-8f36-e4a0715190cc	8	81254	7167045	7721	0.0305
4e7900b1-468c-4af0-8f36-e4a0715190cc	8	7172468	8078333	64	-0.3407
4e7900b1-468c-4af0-8f36-e4a0715190cc	8	8085660	8528287	300	0.0637
4e7900b1-468c-4af0-8f36-e4a0715190cc	8	8528640	8528932	4	-2.0452
4e7900b1-468c-4af0-8f36-e4a0715190cc	8	8530797	11877109	2832	0.0083
4e7900b1-468c-4af0-8f36-e4a0715190cc	8	11877192	11878430	3	-0.9625
4e7900b1-468c-4af0-8f36-e4a0715190cc	8	11878521	12374772	105	0.0777
4e7900b1-468c-4af0-8f36-e4a0715190cc	8	12374907	12376708	4	-1.5543
4e7900b1-468c-4af0-8f36-e4a0715190cc	8	12376742	25116928	10439	0.004
4e7900b1-468c-4af0-8f36-e4a0715190cc	8	25116961	25122472	20	-0.7157
4e7900b1-468c-4af0-8f36-e4a0715190cc	8	25126554	26476744	1027	0.0016
4e7900b1-468c-4af0-8f36-e4a0715190cc	8	26480635	26483317	12	0.5548
4e7900b1-468c-4af0-8f36-e4a0715190cc	8	26487304	27655269	921	0.0084
4e7900b1-468c-4af0-8f36-e4a0715190cc	8	27655754	27658101	4	-0.9448
4e7900b1-468c-4af0-8f36-e4a0715190cc	8	27658292	39373140	7050	-0.0046
4e7900b1-468c-4af0-8f36-e4a0715190cc	8	39378084	39529446	59	0.7463
4e7900b1-468c-4af0-8f36-e4a0715190cc	8	39530780	140821890	63016	0.0023
4e7900b1-468c-4af0-8f36-e4a0715190cc	8	140822424	145072769	1901	0.0487
4e7900b1-468c-4af0-8f36-e4a0715190cc	9	46587	27236646	23227	0.0106
4e7900b1-468c-4af0-8f36-e4a0715190cc	9	27248179	27248729	6	-1.0393
4e7900b1-468c-4af0-8f36-e4a0715190cc	9	27249126	41316241	8004	0.0094
4e7900b1-468c-4af0-8f36-e4a0715190cc	9	41324506	42014203	43	0.313
4e7900b1-468c-4af0-8f36-e4a0715190cc	9	42037471	42546668	35	-1.3059
4e7900b1-468c-4af0-8f36-e4a0715190cc	9	42566207	138200944	48168	0.0065
4e7900b1-468c-4af0-8f36-e4a0715190cc	10	45792	24088745	19192	0.0031
4e7900b1-468c-4af0-8f36-e4a0715190cc	10	24088746	24088751	5	-1.5889
4e7900b1-468c-4af0-8f36-e4a0715190cc	10	24088753	36192914	8486	0.0025
4e7900b1-468c-4af0-8f36-e4a0715190cc	10	36192916	36596818	285	0.581
4e7900b1-468c-4af0-8f36-e4a0715190cc	10	36598009	46522514	3697	0.0024
4e7900b1-468c-4af0-8f36-e4a0715190cc	10	46522571	46526046	10	-0.7891
4e7900b1-468c-4af0-8f36-e4a0715190cc	10	46526061	50070600	1725	0.0011
4e7900b1-468c-4af0-8f36-e4a0715190cc	10	50081224	50132160	4	-2.1951
4e7900b1-468c-4af0-8f36-e4a0715190cc	10	50144008	65548193	11005	0.0062
4e7900b1-468c-4af0-8f36-e4a0715190cc	10	65548259	65576624	39	0.3448
4e7900b1-468c-4af0-8f36-e4a0715190cc	10	65576730	80022095	9325	0.0082
4e7900b1-468c-4af0-8f36-e4a0715190cc	10	80026241	80030897	6	-1.0167
4e7900b1-468c-4af0-8f36-e4a0715190cc	10	80033338	81118403	762	0.0017
4e7900b1-468c-4af0-8f36-e4a0715190cc	10	81121574	81130027	10	-0.9616
4e7900b1-468c-4af0-8f36-e4a0715190cc	10	81134713	133654968	36091	0.0025
4e7900b1-468c-4af0-8f36-e4a0715190cc	11	198510	4946420	2415	0.0156
4e7900b1-468c-4af0-8f36-e4a0715190cc	11	4947280	4955042	30	-1.405
4e7900b1-468c-4af0-8f36-e4a0715190cc	11	4955781	5773462	795	0.0068
4e7900b1-468c-4af0-8f36-e4a0715190cc	11	5773478	5776398	3	1.0781
4e7900b1-468c-4af0-8f36-e4a0715190cc	11	5776416	36758924	22638	0.0068
4e7900b1-468c-4af0-8f36-e4a0715190cc	11	36759611	36760584	3	-2.271
4e7900b1-468c-4af0-8f36-e4a0715190cc	11	36762152	81792426	23208	0.0062
4e7900b1-468c-4af0-8f36-e4a0715190cc	11	81792950	81806116	10	-3.9747
4e7900b1-468c-4af0-8f36-e4a0715190cc	11	81811590	96113900	9664	0.0015
4e7900b1-468c-4af0-8f36-e4a0715190cc	11	96115863	96116186	3	-1.4182
4e7900b1-468c-4af0-8f36-e4a0715190cc	11	96116737	115703421	13696	0.005
4e7900b1-468c-4af0-8f36-e4a0715190cc	11	115704277	115704943	3	-1.0896
4e7900b1-468c-4af0-8f36-e4a0715190cc	11	115705920	135074876	14334	0.0062
4e7900b1-468c-4af0-8f36-e4a0715190cc	12	51460	9477960	6172	0.0104
4e7900b1-468c-4af0-8f36-e4a0715190cc	12	9481274	9562969	23	-1.5763
4e7900b1-468c-4af0-8f36-e4a0715190cc	12	9575696	11062773	1035	0.0194
4e7900b1-468c-4af0-8f36-e4a0715190cc	12	11064250	11152594	34	0.379
4e7900b1-468c-4af0-8f36-e4a0715190cc	12	11152738	17272641	4299	0.006
4e7900b1-468c-4af0-8f36-e4a0715190cc	12	17278981	17279598	2	-1.3057
4e7900b1-468c-4af0-8f36-e4a0715190cc	12	17281184	33570626	11507	0.008
4e7900b1-468c-4af0-8f36-e4a0715190cc	12	33570642	39276182	1325	0.0623
4e7900b1-468c-4af0-8f36-e4a0715190cc	12	39277248	45510655	3989	0.0006
4e7900b1-468c-4af0-8f36-e4a0715190cc	12	45512057	45515754	3	1.5553
4e7900b1-468c-4af0-8f36-e4a0715190cc	12	45519509	52981050	4359	0.0065
4e7900b1-468c-4af0-8f36-e4a0715190cc	12	52983361	52984569	2	-1.9405
4e7900b1-468c-4af0-8f36-e4a0715190cc	12	52989863	90089573	22870	0.0064
4e7900b1-468c-4af0-8f36-e4a0715190cc	12	90097892	90098297	7	-1.3554
4e7900b1-468c-4af0-8f36-e4a0715190cc	12	90099780	98556712	5943	0.0025
4e7900b1-468c-4af0-8f36-e4a0715190cc	12	98562467	98564210	2	-2.5462
4e7900b1-468c-4af0-8f36-e4a0715190cc	12	98568304	131636170	22672	0.0047
4e7900b1-468c-4af0-8f36-e4a0715190cc	12	131648039	131648790	13	-1.8343
4e7900b1-468c-4af0-8f36-e4a0715190cc	12	131657925	133201603	559	0.0359
4e7900b1-468c-4af0-8f36-e4a0715190cc	13	18452809	24465452	3998	0.0166
4e7900b1-468c-4af0-8f36-e4a0715190cc	13	24465457	24465460	2	1.3748
4e7900b1-468c-4af0-8f36-e4a0715190cc	13	24465540	24546315	88	-0.0298
4e7900b1-468c-4af0-8f36-e4a0715190cc	13	24546791	24561767	7	-0.9388
4e7900b1-468c-4af0-8f36-e4a0715190cc	13	24563438	37497899	9384	-0.0008
4e7900b1-468c-4af0-8f36-e4a0715190cc	13	37498087	37510620	15	-0.7105
4e7900b1-468c-4af0-8f36-e4a0715190cc	13	37514193	58010656	12973	0.003
4e7900b1-468c-4af0-8f36-e4a0715190cc	13	58016147	58022896	6	-1.1296
4e7900b1-468c-4af0-8f36-e4a0715190cc	13	58027918	114342922	37641	0.003
4e7900b1-468c-4af0-8f36-e4a0715190cc	14	18239283	18497148	7	-0.1335
4e7900b1-468c-4af0-8f36-e4a0715190cc	14	18552524	18639714	7	-0.7668
4e7900b1-468c-4af0-8f36-e4a0715190cc	14	18640726	18976793	13	0.2549
4e7900b1-468c-4af0-8f36-e4a0715190cc	14	19011729	19185165	11	-0.8119
4e7900b1-468c-4af0-8f36-e4a0715190cc	14	19185951	19949702	122	-0.3681
4e7900b1-468c-4af0-8f36-e4a0715190cc	14	19950798	19955213	6	-1.0523
4e7900b1-468c-4af0-8f36-e4a0715190cc	14	19956767	21906219	1307	0.0054
4e7900b1-468c-4af0-8f36-e4a0715190cc	14	21906816	22506798	550	0.1895
4e7900b1-468c-4af0-8f36-e4a0715190cc	14	22506810	25140067	1651	0.0229
4e7900b1-468c-4af0-8f36-e4a0715190cc	14	25142368	25142968	4	-0.8972
4e7900b1-468c-4af0-8f36-e4a0715190cc	14	25144954	60589222	22345	0.0064
4e7900b1-468c-4af0-8f36-e4a0715190cc	14	60591424	60592418	2	-2.1305
4e7900b1-468c-4af0-8f36-e4a0715190cc	14	60599500	106340102	29085	0.0006
4e7900b1-468c-4af0-8f36-e4a0715190cc	14	106340305	106362628	8	0.937
4e7900b1-468c-4af0-8f36-e4a0715190cc	14	106364815	106877229	272	0.0595
4e7900b1-468c-4af0-8f36-e4a0715190cc	15	19811075	20372908	87	0.0466
4e7900b1-468c-4af0-8f36-e4a0715190cc	15	20373168	20404366	35	-0.4135
4e7900b1-468c-4af0-8f36-e4a0715190cc	15	20406116	24429604	1077	0.0076
4e7900b1-468c-4af0-8f36-e4a0715190cc	15	24429740	24473026	32	-0.6566
4e7900b1-468c-4af0-8f36-e4a0715190cc	15	24473449	30252720	3609	0.0189
4e7900b1-468c-4af0-8f36-e4a0715190cc	15	30253290	30269364	4	-1.3157
4e7900b1-468c-4af0-8f36-e4a0715190cc	15	30281107	38884763	5676	0.0049
4e7900b1-468c-4af0-8f36-e4a0715190cc	15	38887120	38887225	2	-1.4381
4e7900b1-468c-4af0-8f36-e4a0715190cc	15	38887457	53902792	8893	0.0008
4e7900b1-468c-4af0-8f36-e4a0715190cc	15	53908153	53910302	3	-1.1844
4e7900b1-468c-4af0-8f36-e4a0715190cc	15	53912031	76598900	14487	0.0013
4e7900b1-468c-4af0-8f36-e4a0715190cc	15	76599170	76603003	14	-2.415
4e7900b1-468c-4af0-8f36-e4a0715190cc	15	76603426	76603434	7	-0.7509
4e7900b1-468c-4af0-8f36-e4a0715190cc	15	76609838	87275644	6667	0.006
4e7900b1-468c-4af0-8f36-e4a0715190cc	15	87287299	87326577	39	-5.9195
4e7900b1-468c-4af0-8f36-e4a0715190cc	15	87327270	101928837	10906	0.0097
4e7900b1-468c-4af0-8f36-e4a0715190cc	16	10777	7652808	5217	0.0137
4e7900b1-468c-4af0-8f36-e4a0715190cc	16	7654201	7654406	3	1.6507
4e7900b1-468c-4af0-8f36-e4a0715190cc	16	7657917	12555002	4192	0.0072
4e7900b1-468c-4af0-8f36-e4a0715190cc	16	12555121	12555138	2	1.4191
4e7900b1-468c-4af0-8f36-e4a0715190cc	16	12556390	13032614	472	0.0143
4e7900b1-468c-4af0-8f36-e4a0715190cc	16	13034401	13034747	4	-1.048
4e7900b1-468c-4af0-8f36-e4a0715190cc	16	13036417	14895982	1222	0.0043
4e7900b1-468c-4af0-8f36-e4a0715190cc	16	14954911	15014730	51	-0.6532
4e7900b1-468c-4af0-8f36-e4a0715190cc	16	15022400	78337711	30067	0.0047
4e7900b1-468c-4af0-8f36-e4a0715190cc	16	78338543	78350841	15	-2.1129
4e7900b1-468c-4af0-8f36-e4a0715190cc	16	78350868	88334407	9878	0.0112
4e7900b1-468c-4af0-8f36-e4a0715190cc	16	88334893	90096867	737	0.0959
4e7900b1-468c-4af0-8f36-e4a0715190cc	17	150733	1521654	666	0.031
4e7900b1-468c-4af0-8f36-e4a0715190cc	17	1526124	1526336	2	-1.5783
4e7900b1-468c-4af0-8f36-e4a0715190cc	17	1526393	2408335	487	-0.0095
4e7900b1-468c-4af0-8f36-e4a0715190cc	17	2409060	2409080	4	-1.2327
4e7900b1-468c-4af0-8f36-e4a0715190cc	17	2413234	6390567	2383	0.0106
4e7900b1-468c-4af0-8f36-e4a0715190cc	17	6392639	6408947	24	0.5243
4e7900b1-468c-4af0-8f36-e4a0715190cc	17	6409499	36103057	14669	0.007
4e7900b1-468c-4af0-8f36-e4a0715190cc	17	36108119	36157718	39	0.4808
4e7900b1-468c-4af0-8f36-e4a0715190cc	17	36200725	46078715	5042	0.0145
4e7900b1-468c-4af0-8f36-e4a0715190cc	17	46080121	46351954	133	0.3404
4e7900b1-468c-4af0-8f36-e4a0715190cc	17	46446345	46569894	3	1.3158
4e7900b1-468c-4af0-8f36-e4a0715190cc	17	46571001	78280402	19243	0.0048
4e7900b1-468c-4af0-8f36-e4a0715190cc	17	78285287	78286887	3	2.021
4e7900b1-468c-4af0-8f36-e4a0715190cc	17	78290662	83091923	2321	0.0228
4e7900b1-468c-4af0-8f36-e4a0715190cc	18	48133	42471713	24012	-0.008
4e7900b1-468c-4af0-8f36-e4a0715190cc	18	42476604	42478430	26	-0.7295
4e7900b1-468c-4af0-8f36-e4a0715190cc	18	42480972	44394050	1124	-0.025
4e7900b1-468c-4af0-8f36-e4a0715190cc	18	44394853	44397785	5	-0.9296
4e7900b1-468c-4af0-8f36-e4a0715190cc	18	44398557	67286412	15952	-0.0133
4e7900b1-468c-4af0-8f36-e4a0715190cc	18	67291970	67301357	27	0.5309
4e7900b1-468c-4af0-8f36-e4a0715190cc	18	67303313	69076108	1370	0.0033
4e7900b1-468c-4af0-8f36-e4a0715190cc	18	69078869	69086089	38	-0.8029
4e7900b1-468c-4af0-8f36-e4a0715190cc	18	69090459	80257174	8168	0.001
4e7900b1-468c-4af0-8f36-e4a0715190cc	19	90910	8346772	2939	0.0049
4e7900b1-468c-4af0-8f36-e4a0715190cc	19	8347288	8349417	2	-2.8879
4e7900b1-468c-4af0-8f36-e4a0715190cc	19	8356123	32211799	11736	0.0065
4e7900b1-468c-4af0-8f36-e4a0715190cc	19	32213410	32214070	2	-1.4392
4e7900b1-468c-4af0-8f36-e4a0715190cc	19	32216632	35358420	2026	0.0082
4e7900b1-468c-4af0-8f36-e4a0715190cc	19	35364451	35370946	21	-0.393
4e7900b1-468c-4af0-8f36-e4a0715190cc	19	35375842	51628560	8032	0.0113
4e7900b1-468c-4af0-8f36-e4a0715190cc	19	51639099	51644944	11	-0.6883
4e7900b1-468c-4af0-8f36-e4a0715190cc	19	51651652	58586487	4337	0.0243
4e7900b1-468c-4af0-8f36-e4a0715190cc	20	80664	53666647	34588	0.005
4e7900b1-468c-4af0-8f36-e4a0715190cc	20	53669296	53669343	2	-1.7669
4e7900b1-468c-4af0-8f36-e4a0715190cc	20	53680236	54028329	294	0.004
4e7900b1-468c-4af0-8f36-e4a0715190cc	20	54031269	54051587	40	-0.7063
4e7900b1-468c-4af0-8f36-e4a0715190cc	20	54053851	63656176	7166	0.0036
4e7900b1-468c-4af0-8f36-e4a0715190cc	20	63658982	64186309	199	0.1346
4e7900b1-468c-4af0-8f36-e4a0715190cc	20	64186406	64284215	75	0.0287
4e7900b1-468c-4af0-8f36-e4a0715190cc	20	64284715	64324800	6	-0.5747
4e7900b1-468c-4af0-8f36-e4a0715190cc	21	10354168	10556310	48	0.0042
4e7900b1-468c-4af0-8f36-e4a0715190cc	21	10556313	10756733	38	0.3556
4e7900b1-468c-4af0-8f36-e4a0715190cc	21	10775586	13583316	183	0.0503
4e7900b1-468c-4af0-8f36-e4a0715190cc	21	13612103	13677975	4	-0.9892
4e7900b1-468c-4af0-8f36-e4a0715190cc	21	13803967	22278814	6026	0.003
4e7900b1-468c-4af0-8f36-e4a0715190cc	21	22283580	22294679	10	-0.8994
4e7900b1-468c-4af0-8f36-e4a0715190cc	21	22296972	38732522	12146	0.004
4e7900b1-468c-4af0-8f36-e4a0715190cc	21	38742218	38782388	38	0.6371
4e7900b1-468c-4af0-8f36-e4a0715190cc	21	38783137	45245293	4554	0.0078
4e7900b1-468c-4af0-8f36-e4a0715190cc	21	45246481	45556780	146	0.1493
4e7900b1-468c-4af0-8f36-e4a0715190cc	21	45559732	46677045	669	0.0095
4e7900b1-468c-4af0-8f36-e4a0715190cc	22	15294547	19597539	1572	0.0286
4e7900b1-468c-4af0-8f36-e4a0715190cc	22	19597701	20317011	438	0.1256
4e7900b1-468c-4af0-8f36-e4a0715190cc	22	20317120	22398345	1450	0.0319
4e7900b1-468c-4af0-8f36-e4a0715190cc	22	22398407	22398545	3	-1.1613
4e7900b1-468c-4af0-8f36-e4a0715190cc	22	22402989	22685456	131	0.0713
4e7900b1-468c-4af0-8f36-e4a0715190cc	22	22688887	22689044	2	-1.3428
4e7900b1-468c-4af0-8f36-e4a0715190cc	22	22690773	23444157	484	0.0849
4e7900b1-468c-4af0-8f36-e4a0715190cc	22	23444463	49112166	18197	0.0071
4e7900b1-468c-4af0-8f36-e4a0715190cc	22	49115637	50796027	996	0.0719
4e7900b1-468c-4af0-8f36-e4a0715190cc	X	251810	95014610	48859	0.005
4e7900b1-468c-4af0-8f36-e4a0715190cc	X	95015575	95015584	2	-2.8323
4e7900b1-468c-4af0-8f36-e4a0715190cc	X	95015628	112312363	9181	0.0057
4e7900b1-468c-4af0-8f36-e4a0715190cc	X	112312779	112314974	3	-2.7702
4e7900b1-468c-4af0-8f36-e4a0715190cc	X	112316000	155952689	25472	0.0008
4e7900b1-468c-4af0-8f36-e4a0715190cc	Y	2782397	56872112	6639	-0.9639
