GDC_Aliquot	Chromosome	Start	End	Num_Probes	Segment_Mean
3d956c56-ebf9-44a0-8a43-5bb680eeba32	1	62920	25256850	14016	0.0055
3d956c56-ebf9-44a0-8a43-5bb680eeba32	1	25266637	25336853	26	-0.4219
3d956c56-ebf9-44a0-8a43-5bb680eeba32	1	25346663	45169109	10904	0.0088
3d956c56-ebf9-44a0-8a43-5bb680eeba32	1	45169625	45175895	5	-1.2542
3d956c56-ebf9-44a0-8a43-5bb680eeba32	1	45176116	72297687	17824	0
3d956c56-ebf9-44a0-8a43-5bb680eeba32	1	72302735	72351072	51	0.3643
3d956c56-ebf9-44a0-8a43-5bb680eeba32	1	72351338	75585159	1925	0.0096
3d956c56-ebf9-44a0-8a43-5bb680eeba32	1	75589078	75589169	2	-2.8617
3d956c56-ebf9-44a0-8a43-5bb680eeba32	1	75593824	89009572	9004	0.0034
3d956c56-ebf9-44a0-8a43-5bb680eeba32	1	89012275	89012522	2	-2.4591
3d956c56-ebf9-44a0-8a43-5bb680eeba32	1	89015841	105470754	10012	-0.0061
3d956c56-ebf9-44a0-8a43-5bb680eeba32	1	105476583	105479753	17	-1.8588
3d956c56-ebf9-44a0-8a43-5bb680eeba32	1	105481433	108187137	1935	0.0079
3d956c56-ebf9-44a0-8a43-5bb680eeba32	1	108191613	108194874	3	-2.7885
3d956c56-ebf9-44a0-8a43-5bb680eeba32	1	108196482	108223733	17	-0.0436
3d956c56-ebf9-44a0-8a43-5bb680eeba32	1	108226680	108274557	2	-2.2918
3d956c56-ebf9-44a0-8a43-5bb680eeba32	1	108310648	112147626	2638	-0.0025
3d956c56-ebf9-44a0-8a43-5bb680eeba32	1	112147704	112154591	23	0.5199
3d956c56-ebf9-44a0-8a43-5bb680eeba32	1	112154619	121593930	5159	-0.0028
3d956c56-ebf9-44a0-8a43-5bb680eeba32	1	121597150	143709115	83	0.2085
3d956c56-ebf9-44a0-8a43-5bb680eeba32	1	143709361	152583051	2361	0.0056
3d956c56-ebf9-44a0-8a43-5bb680eeba32	1	152583230	152614064	33	1.4062
3d956c56-ebf9-44a0-8a43-5bb680eeba32	1	152614100	152787202	169	-0.0058
3d956c56-ebf9-44a0-8a43-5bb680eeba32	1	152789447	152796224	37	0.2977
3d956c56-ebf9-44a0-8a43-5bb680eeba32	1	152801429	161509648	5256	0
3d956c56-ebf9-44a0-8a43-5bb680eeba32	1	161532067	161539001	4	1.0196
3d956c56-ebf9-44a0-8a43-5bb680eeba32	1	161539085	167795598	4906	0.0036
3d956c56-ebf9-44a0-8a43-5bb680eeba32	1	167796946	167797682	4	-1.1653
3d956c56-ebf9-44a0-8a43-5bb680eeba32	1	167799276	174827267	4639	0.0016
3d956c56-ebf9-44a0-8a43-5bb680eeba32	1	174827418	174828472	13	-0.6362
3d956c56-ebf9-44a0-8a43-5bb680eeba32	1	174828549	185134141	6993	-0.0032
3d956c56-ebf9-44a0-8a43-5bb680eeba32	1	185138722	185160305	12	0.5404
3d956c56-ebf9-44a0-8a43-5bb680eeba32	1	185164934	196745743	7640	0.0038
3d956c56-ebf9-44a0-8a43-5bb680eeba32	1	196758720	196832525	57	-0.7591
3d956c56-ebf9-44a0-8a43-5bb680eeba32	1	196832720	248546369	35641	-0.0017
3d956c56-ebf9-44a0-8a43-5bb680eeba32	1	248550567	248645808	37	0.314
3d956c56-ebf9-44a0-8a43-5bb680eeba32	1	248646068	248930189	138	0.0031
3d956c56-ebf9-44a0-8a43-5bb680eeba32	2	12784	242147305	149528	0.0079
3d956c56-ebf9-44a0-8a43-5bb680eeba32	3	20930	182919	154	0.0645
3d956c56-ebf9-44a0-8a43-5bb680eeba32	3	188339	193194	5	-1.0358
3d956c56-ebf9-44a0-8a43-5bb680eeba32	3	193347	8780118	7565	0.0177
3d956c56-ebf9-44a0-8a43-5bb680eeba32	3	8783681	8816515	27	0.6021
3d956c56-ebf9-44a0-8a43-5bb680eeba32	3	8825123	23937812	10117	0.0023
3d956c56-ebf9-44a0-8a43-5bb680eeba32	3	23939938	23940837	2	-1.4521
3d956c56-ebf9-44a0-8a43-5bb680eeba32	3	23940839	68697108	29925	0.0072
3d956c56-ebf9-44a0-8a43-5bb680eeba32	3	68697133	68698262	13	1.9821
3d956c56-ebf9-44a0-8a43-5bb680eeba32	3	68699607	89622509	12795	0.0017
3d956c56-ebf9-44a0-8a43-5bb680eeba32	3	89622531	89624990	5	-0.8303
3d956c56-ebf9-44a0-8a43-5bb680eeba32	3	89629449	95737262	1256	-0.0013
3d956c56-ebf9-44a0-8a43-5bb680eeba32	3	95748036	95749266	2	-2.9385
3d956c56-ebf9-44a0-8a43-5bb680eeba32	3	95749836	100607341	2629	0.0015
3d956c56-ebf9-44a0-8a43-5bb680eeba32	3	100607461	100723665	59	0.4936
3d956c56-ebf9-44a0-8a43-5bb680eeba32	3	100727772	130041779	17903	-0.0021
3d956c56-ebf9-44a0-8a43-5bb680eeba32	3	130044016	130087393	39	0.2983
3d956c56-ebf9-44a0-8a43-5bb680eeba32	3	130088081	146665349	10396	0.0036
3d956c56-ebf9-44a0-8a43-5bb680eeba32	3	146665388	146668345	2	-2.0822
3d956c56-ebf9-44a0-8a43-5bb680eeba32	3	146674197	149245189	1510	0.0022
3d956c56-ebf9-44a0-8a43-5bb680eeba32	3	149245608	149250334	25	-0.8052
3d956c56-ebf9-44a0-8a43-5bb680eeba32	3	149253293	169012392	11846	0.0064
3d956c56-ebf9-44a0-8a43-5bb680eeba32	3	169015614	169020840	2	-1.8049
3d956c56-ebf9-44a0-8a43-5bb680eeba32	3	169022039	193160256	15729	0.001
3d956c56-ebf9-44a0-8a43-5bb680eeba32	3	193160406	193165114	17	1.5544
3d956c56-ebf9-44a0-8a43-5bb680eeba32	3	193168646	195691392	1490	0.0014
3d956c56-ebf9-44a0-8a43-5bb680eeba32	3	195695418	195747892	38	-0.7498
3d956c56-ebf9-44a0-8a43-5bb680eeba32	3	195751823	198169247	1164	-0.0083
3d956c56-ebf9-44a0-8a43-5bb680eeba32	4	68929	9455251	5161	0.0019
3d956c56-ebf9-44a0-8a43-5bb680eeba32	4	9459504	9477699	6	-0.8867
3d956c56-ebf9-44a0-8a43-5bb680eeba32	4	9484440	10222004	541	-0.0103
3d956c56-ebf9-44a0-8a43-5bb680eeba32	4	10222224	10229874	26	-1.5177
3d956c56-ebf9-44a0-8a43-5bb680eeba32	4	10232590	63839481	33588	0.0049
3d956c56-ebf9-44a0-8a43-5bb680eeba32	4	63839590	63850713	18	-0.4613
3d956c56-ebf9-44a0-8a43-5bb680eeba32	4	63851308	68663241	2942	-0.001
3d956c56-ebf9-44a0-8a43-5bb680eeba32	4	68671434	68686026	3	1.1204
3d956c56-ebf9-44a0-8a43-5bb680eeba32	4	68725894	69196355	277	0.0391
3d956c56-ebf9-44a0-8a43-5bb680eeba32	4	69197032	69376311	90	0.2092
3d956c56-ebf9-44a0-8a43-5bb680eeba32	4	69377178	126436421	34661	0.0011
3d956c56-ebf9-44a0-8a43-5bb680eeba32	4	126442970	126444174	6	-1.1623
3d956c56-ebf9-44a0-8a43-5bb680eeba32	4	126444744	137171085	5922	0.0132
3d956c56-ebf9-44a0-8a43-5bb680eeba32	4	137171266	137172260	13	-0.7213
3d956c56-ebf9-44a0-8a43-5bb680eeba32	4	137173804	148177785	6813	-0.0044
3d956c56-ebf9-44a0-8a43-5bb680eeba32	4	148179019	148179782	3	-1.0917
3d956c56-ebf9-44a0-8a43-5bb680eeba32	4	148181782	154881396	3974	0.0001
3d956c56-ebf9-44a0-8a43-5bb680eeba32	4	154881853	154881926	3	-2.6639
3d956c56-ebf9-44a0-8a43-5bb680eeba32	4	154882047	156378331	1073	-0.0043
3d956c56-ebf9-44a0-8a43-5bb680eeba32	4	156380587	156384770	13	-0.5948
3d956c56-ebf9-44a0-8a43-5bb680eeba32	4	156386889	160959151	2836	-0.0091
3d956c56-ebf9-44a0-8a43-5bb680eeba32	4	160959187	160963432	14	0.7826
3d956c56-ebf9-44a0-8a43-5bb680eeba32	4	160963448	171448195	6670	0.0029
3d956c56-ebf9-44a0-8a43-5bb680eeba32	4	171453733	171456307	9	0.5359
3d956c56-ebf9-44a0-8a43-5bb680eeba32	4	171456559	171456625	3	1.6906
3d956c56-ebf9-44a0-8a43-5bb680eeba32	4	171459220	172501371	640	0.0138
3d956c56-ebf9-44a0-8a43-5bb680eeba32	4	172503796	172504076	3	0.5467
3d956c56-ebf9-44a0-8a43-5bb680eeba32	4	172507191	172507492	4	1.3701
3d956c56-ebf9-44a0-8a43-5bb680eeba32	4	172519981	188300104	10699	0.003
3d956c56-ebf9-44a0-8a43-5bb680eeba32	4	188300206	188300221	2	-2.0532
3d956c56-ebf9-44a0-8a43-5bb680eeba32	4	188300270	190106768	1144	0.0031
3d956c56-ebf9-44a0-8a43-5bb680eeba32	5	15532	725091	317	-0.0202
3d956c56-ebf9-44a0-8a43-5bb680eeba32	5	728864	733497	5	-1.0408
3d956c56-ebf9-44a0-8a43-5bb680eeba32	5	741924	896700	49	-0.0108
3d956c56-ebf9-44a0-8a43-5bb680eeba32	5	905586	905757	2	-1.301
3d956c56-ebf9-44a0-8a43-5bb680eeba32	5	908425	12800777	9821	0.0023
3d956c56-ebf9-44a0-8a43-5bb680eeba32	5	12815668	12838421	14	-1.255
3d956c56-ebf9-44a0-8a43-5bb680eeba32	5	12849089	15925464	2098	0.0049
3d956c56-ebf9-44a0-8a43-5bb680eeba32	5	15925986	15927235	3	-1.0606
3d956c56-ebf9-44a0-8a43-5bb680eeba32	5	15928549	17608147	1080	-0.0158
3d956c56-ebf9-44a0-8a43-5bb680eeba32	5	17625524	17642442	9	-0.9791
3d956c56-ebf9-44a0-8a43-5bb680eeba32	5	17655029	46246478	17272	0.0035
3d956c56-ebf9-44a0-8a43-5bb680eeba32	5	46246553	46273400	11	1.0374
3d956c56-ebf9-44a0-8a43-5bb680eeba32	5	46278110	58025819	5076	0.0029
3d956c56-ebf9-44a0-8a43-5bb680eeba32	5	58030200	58037706	32	1.7032
3d956c56-ebf9-44a0-8a43-5bb680eeba32	5	58042530	104515520	26837	0.0056
3d956c56-ebf9-44a0-8a43-5bb680eeba32	5	104524672	104524903	4	1.6503
3d956c56-ebf9-44a0-8a43-5bb680eeba32	5	104525348	153901846	31985	0.0082
3d956c56-ebf9-44a0-8a43-5bb680eeba32	5	153901856	153901955	2	-1.3173
3d956c56-ebf9-44a0-8a43-5bb680eeba32	5	153902803	177800550	16270	0.0016
3d956c56-ebf9-44a0-8a43-5bb680eeba32	5	177801578	177805604	2	1.3761
3d956c56-ebf9-44a0-8a43-5bb680eeba32	5	177827964	180947523	1796	-0.0077
3d956c56-ebf9-44a0-8a43-5bb680eeba32	5	180951710	180990911	18	-0.582
3d956c56-ebf9-44a0-8a43-5bb680eeba32	5	180991103	181363319	171	-0.0702
3d956c56-ebf9-44a0-8a43-5bb680eeba32	6	149661	29869411	21655	-0.0053
3d956c56-ebf9-44a0-8a43-5bb680eeba32	6	29869537	29881490	14	-0.833
3d956c56-ebf9-44a0-8a43-5bb680eeba32	6	29882419	31313046	664	-0.021
3d956c56-ebf9-44a0-8a43-5bb680eeba32	6	31318499	31327629	7	-1.5033
3d956c56-ebf9-44a0-8a43-5bb680eeba32	6	31328176	33970222	1368	-0.017
3d956c56-ebf9-44a0-8a43-5bb680eeba32	6	33970966	33974794	5	-1.4624
3d956c56-ebf9-44a0-8a43-5bb680eeba32	6	33974834	48963228	9586	0.0016
3d956c56-ebf9-44a0-8a43-5bb680eeba32	6	48964092	48967563	5	-0.9858
3d956c56-ebf9-44a0-8a43-5bb680eeba32	6	48978926	58072746	5374	-0.0042
3d956c56-ebf9-44a0-8a43-5bb680eeba32	6	58072883	61579685	534	0.0864
3d956c56-ebf9-44a0-8a43-5bb680eeba32	6	61584360	73882142	7787	0.0042
3d956c56-ebf9-44a0-8a43-5bb680eeba32	6	73882509	73891694	10	-0.5854
3d956c56-ebf9-44a0-8a43-5bb680eeba32	6	73893839	75531811	1051	0.0188
3d956c56-ebf9-44a0-8a43-5bb680eeba32	6	75532861	75543180	5	-1.0017
3d956c56-ebf9-44a0-8a43-5bb680eeba32	6	75560563	76726815	714	0.0265
3d956c56-ebf9-44a0-8a43-5bb680eeba32	6	76730151	76742972	20	-0.7568
3d956c56-ebf9-44a0-8a43-5bb680eeba32	6	76743040	78240510	962	0.0105
3d956c56-ebf9-44a0-8a43-5bb680eeba32	6	78246139	78318053	121	0.2369
3d956c56-ebf9-44a0-8a43-5bb680eeba32	6	78322600	103286954	15482	0.0055
3d956c56-ebf9-44a0-8a43-5bb680eeba32	6	103290101	103317795	47	0.7328
3d956c56-ebf9-44a0-8a43-5bb680eeba32	6	103317836	115057911	7314	-0.004
3d956c56-ebf9-44a0-8a43-5bb680eeba32	6	115057996	115086809	3	-1.4363
3d956c56-ebf9-44a0-8a43-5bb680eeba32	6	115087407	133945130	11757	-0.004
3d956c56-ebf9-44a0-8a43-5bb680eeba32	6	133947933	133948494	2	-2.1459
3d956c56-ebf9-44a0-8a43-5bb680eeba32	6	133950934	170741917	25087	-0.0072
3d956c56-ebf9-44a0-8a43-5bb680eeba32	7	43355	8773366	5050	0.0032
3d956c56-ebf9-44a0-8a43-5bb680eeba32	7	8776528	8841311	77	0.2265
3d956c56-ebf9-44a0-8a43-5bb680eeba32	7	8841361	9725634	740	0.0385
3d956c56-ebf9-44a0-8a43-5bb680eeba32	7	9727840	9729587	3	-1.1006
3d956c56-ebf9-44a0-8a43-5bb680eeba32	7	9731568	15392007	4511	0.0062
3d956c56-ebf9-44a0-8a43-5bb680eeba32	7	15392045	15393664	2	-1.661
3d956c56-ebf9-44a0-8a43-5bb680eeba32	7	15394440	38239007	16972	-0.0028
3d956c56-ebf9-44a0-8a43-5bb680eeba32	7	38239282	38322471	115	-0.4256
3d956c56-ebf9-44a0-8a43-5bb680eeba32	7	38326911	54305455	11001	0.0019
3d956c56-ebf9-44a0-8a43-5bb680eeba32	7	54318812	54318824	6	-2.1354
3d956c56-ebf9-44a0-8a43-5bb680eeba32	7	54325795	70955452	6123	0.016
3d956c56-ebf9-44a0-8a43-5bb680eeba32	7	70958264	70961155	2	-2.8222
3d956c56-ebf9-44a0-8a43-5bb680eeba32	7	70963257	101322320	17225	0.0033
3d956c56-ebf9-44a0-8a43-5bb680eeba32	7	101323817	101492117	75	0.4897
3d956c56-ebf9-44a0-8a43-5bb680eeba32	7	101494033	109797040	5017	0.0025
3d956c56-ebf9-44a0-8a43-5bb680eeba32	7	109797041	109797618	7	0.8209
3d956c56-ebf9-44a0-8a43-5bb680eeba32	7	109797620	132672937	13864	0.0096
3d956c56-ebf9-44a0-8a43-5bb680eeba32	7	132672994	132673508	2	-1.4074
3d956c56-ebf9-44a0-8a43-5bb680eeba32	7	132679172	134093899	890	0.0121
3d956c56-ebf9-44a0-8a43-5bb680eeba32	7	134100424	134105690	25	0.3495
3d956c56-ebf9-44a0-8a43-5bb680eeba32	7	134110881	142061030	5200	0.0033
3d956c56-ebf9-44a0-8a43-5bb680eeba32	7	142062894	142092108	34	0.3223
3d956c56-ebf9-44a0-8a43-5bb680eeba32	7	142092307	144207186	1203	-0.0236
3d956c56-ebf9-44a0-8a43-5bb680eeba32	7	144249785	144295437	8	-0.6734
3d956c56-ebf9-44a0-8a43-5bb680eeba32	7	144306653	159334314	9655	0.0066
3d956c56-ebf9-44a0-8a43-5bb680eeba32	8	81254	637826	320	-0.0529
3d956c56-ebf9-44a0-8a43-5bb680eeba32	8	640379	645892	11	-0.5878
3d956c56-ebf9-44a0-8a43-5bb680eeba32	8	645908	5716836	5640	-0.0128
3d956c56-ebf9-44a0-8a43-5bb680eeba32	8	5718947	5719148	5	-1.5504
3d956c56-ebf9-44a0-8a43-5bb680eeba32	8	5719222	12035719	5043	-0.0129
3d956c56-ebf9-44a0-8a43-5bb680eeba32	8	12037736	12585546	58	-0.4125
3d956c56-ebf9-44a0-8a43-5bb680eeba32	8	12616034	25116928	10402	-0.0086
3d956c56-ebf9-44a0-8a43-5bb680eeba32	8	25116961	25122472	20	-0.6545
3d956c56-ebf9-44a0-8a43-5bb680eeba32	8	25126554	39373140	9023	-0.0063
3d956c56-ebf9-44a0-8a43-5bb680eeba32	8	39378084	39529446	59	-0.4742
3d956c56-ebf9-44a0-8a43-5bb680eeba32	8	39530780	50118212	4580	-0.0003
3d956c56-ebf9-44a0-8a43-5bb680eeba32	8	50119451	50120863	9	-0.6431
3d956c56-ebf9-44a0-8a43-5bb680eeba32	8	50126018	59411610	6188	-0.0129
3d956c56-ebf9-44a0-8a43-5bb680eeba32	8	59413898	59416574	6	-1.0336
3d956c56-ebf9-44a0-8a43-5bb680eeba32	8	59420249	74593494	9410	-0.0058
3d956c56-ebf9-44a0-8a43-5bb680eeba32	8	74593728	74593746	2	-1.4659
3d956c56-ebf9-44a0-8a43-5bb680eeba32	8	74600256	114619814	23644	-0.005
3d956c56-ebf9-44a0-8a43-5bb680eeba32	8	114622258	114629502	35	-1.9532
3d956c56-ebf9-44a0-8a43-5bb680eeba32	8	114638468	128744020	9811	-0.0085
3d956c56-ebf9-44a0-8a43-5bb680eeba32	8	128750889	128751839	2	-1.9574
3d956c56-ebf9-44a0-8a43-5bb680eeba32	8	128765208	145072769	11243	-0.0018
3d956c56-ebf9-44a0-8a43-5bb680eeba32	9	46587	915643	890	-0.0616
3d956c56-ebf9-44a0-8a43-5bb680eeba32	9	916141	24503818	20335	0.0047
3d956c56-ebf9-44a0-8a43-5bb680eeba32	9	24504127	24517684	19	-3.8384
3d956c56-ebf9-44a0-8a43-5bb680eeba32	9	24519686	61405110	10133	0.0082
3d956c56-ebf9-44a0-8a43-5bb680eeba32	9	61520021	61647899	30	-1.5746
3d956c56-ebf9-44a0-8a43-5bb680eeba32	9	61665362	77155866	6678	0.0025
3d956c56-ebf9-44a0-8a43-5bb680eeba32	9	77156751	77162205	24	0.6216
3d956c56-ebf9-44a0-8a43-5bb680eeba32	9	77162488	105032639	19328	0.0028
3d956c56-ebf9-44a0-8a43-5bb680eeba32	9	105032787	105047496	11	-0.5115
3d956c56-ebf9-44a0-8a43-5bb680eeba32	9	105048619	137358495	21640	0.0045
3d956c56-ebf9-44a0-8a43-5bb680eeba32	9	137361190	137361381	2	1.403
3d956c56-ebf9-44a0-8a43-5bb680eeba32	9	137378551	138124242	389	0.0003
3d956c56-ebf9-44a0-8a43-5bb680eeba32	9	138130866	138138491	6	-1.148
3d956c56-ebf9-44a0-8a43-5bb680eeba32	9	138138696	138200944	11	-0.1667
3d956c56-ebf9-44a0-8a43-5bb680eeba32	10	45792	24083828	19189	-0.0016
3d956c56-ebf9-44a0-8a43-5bb680eeba32	10	24086334	24089125	12	0.5507
3d956c56-ebf9-44a0-8a43-5bb680eeba32	10	24089979	46525833	12475	-0.0002
3d956c56-ebf9-44a0-8a43-5bb680eeba32	10	46525848	47024340	55	0.3821
3d956c56-ebf9-44a0-8a43-5bb680eeba32	10	47024779	47559596	281	0.0005
3d956c56-ebf9-44a0-8a43-5bb680eeba32	10	47622159	48084420	13	0.659
3d956c56-ebf9-44a0-8a43-5bb680eeba32	10	48084439	57450745	6829	0.0133
3d956c56-ebf9-44a0-8a43-5bb680eeba32	10	57450761	57451013	3	-1.5839
3d956c56-ebf9-44a0-8a43-5bb680eeba32	10	57458735	65548193	5559	0.0032
3d956c56-ebf9-44a0-8a43-5bb680eeba32	10	65548259	65554672	24	-0.5888
3d956c56-ebf9-44a0-8a43-5bb680eeba32	10	65554688	66347738	643	-0.006
3d956c56-ebf9-44a0-8a43-5bb680eeba32	10	66349315	66802258	328	0.1049
3d956c56-ebf9-44a0-8a43-5bb680eeba32	10	66803914	105854440	25069	0.0026
3d956c56-ebf9-44a0-8a43-5bb680eeba32	10	105857359	105908803	35	-1.1118
3d956c56-ebf9-44a0-8a43-5bb680eeba32	10	105908864	105920433	35	-0.715
3d956c56-ebf9-44a0-8a43-5bb680eeba32	10	105921108	105922996	5	-1.4357
3d956c56-ebf9-44a0-8a43-5bb680eeba32	10	105924200	133654968	20110	-0.0024
3d956c56-ebf9-44a0-8a43-5bb680eeba32	11	198510	4949013	2420	-0.0058
3d956c56-ebf9-44a0-8a43-5bb680eeba32	11	4949047	4955042	28	-1.9948
3d956c56-ebf9-44a0-8a43-5bb680eeba32	11	4955781	5755823	770	0.0009
3d956c56-ebf9-44a0-8a43-5bb680eeba32	11	5755838	5787909	46	-0.3138
3d956c56-ebf9-44a0-8a43-5bb680eeba32	11	5788108	20822345	11129	0.0017
3d956c56-ebf9-44a0-8a43-5bb680eeba32	11	20823306	20828212	3	-1.157
3d956c56-ebf9-44a0-8a43-5bb680eeba32	11	20828684	25197565	3286	0.0073
3d956c56-ebf9-44a0-8a43-5bb680eeba32	11	25197599	25269821	53	0.2492
3d956c56-ebf9-44a0-8a43-5bb680eeba32	11	25269841	37037630	8355	0.0031
3d956c56-ebf9-44a0-8a43-5bb680eeba32	11	37037764	37411524	291	0.1298
3d956c56-ebf9-44a0-8a43-5bb680eeba32	11	37412160	48576870	6924	0.0104
3d956c56-ebf9-44a0-8a43-5bb680eeba32	11	48579882	48581124	2	-1.8754
3d956c56-ebf9-44a0-8a43-5bb680eeba32	11	48584766	55595864	1177	0.0442
3d956c56-ebf9-44a0-8a43-5bb680eeba32	11	55606556	55686100	60	0.5512
3d956c56-ebf9-44a0-8a43-5bb680eeba32	11	55693207	101723653	28559	0.0034
3d956c56-ebf9-44a0-8a43-5bb680eeba32	11	101727129	101727233	4	1.2453
3d956c56-ebf9-44a0-8a43-5bb680eeba32	11	101727481	134732386	23446	0.0001
3d956c56-ebf9-44a0-8a43-5bb680eeba32	11	134733052	134734098	2	-1.6261
3d956c56-ebf9-44a0-8a43-5bb680eeba32	11	134737977	135074876	280	-0.0301
3d956c56-ebf9-44a0-8a43-5bb680eeba32	12	51460	9481274	6177	-0.0092
3d956c56-ebf9-44a0-8a43-5bb680eeba32	12	9485313	9562969	22	-1.8334
3d956c56-ebf9-44a0-8a43-5bb680eeba32	12	9575696	31749473	15566	-0.0005
3d956c56-ebf9-44a0-8a43-5bb680eeba32	12	31751324	31751343	2	-1.3094
3d956c56-ebf9-44a0-8a43-5bb680eeba32	12	31752177	33141710	1021	-0.0127
3d956c56-ebf9-44a0-8a43-5bb680eeba32	12	33141726	33268849	105	0.1994
3d956c56-ebf9-44a0-8a43-5bb680eeba32	12	33269603	37593924	752	0.0318
3d956c56-ebf9-44a0-8a43-5bb680eeba32	12	37618765	37620216	2	-1.8627
3d956c56-ebf9-44a0-8a43-5bb680eeba32	12	37640556	118214077	51211	0.0015
3d956c56-ebf9-44a0-8a43-5bb680eeba32	12	118216338	118222125	3	-1.6443
3d956c56-ebf9-44a0-8a43-5bb680eeba32	12	118228452	133201603	9994	0.0048
3d956c56-ebf9-44a0-8a43-5bb680eeba32	13	18452809	23051234	2843	-0.0157
3d956c56-ebf9-44a0-8a43-5bb680eeba32	13	23051568	23059376	24	-0.4974
3d956c56-ebf9-44a0-8a43-5bb680eeba32	13	23064056	37497899	10613	-0.0009
3d956c56-ebf9-44a0-8a43-5bb680eeba32	13	37498087	37510620	15	0.569
3d956c56-ebf9-44a0-8a43-5bb680eeba32	13	37514193	57061387	12468	0.0047
3d956c56-ebf9-44a0-8a43-5bb680eeba32	13	57061923	57370222	198	0.1498
3d956c56-ebf9-44a0-8a43-5bb680eeba32	13	57370577	63650072	3693	0.0135
3d956c56-ebf9-44a0-8a43-5bb680eeba32	13	63650659	63662559	9	-0.8472
3d956c56-ebf9-44a0-8a43-5bb680eeba32	13	63665430	79636836	10624	0.0095
3d956c56-ebf9-44a0-8a43-5bb680eeba32	13	79639673	79660940	21	-1.0586
3d956c56-ebf9-44a0-8a43-5bb680eeba32	13	79663058	111024573	21836	0.0028
3d956c56-ebf9-44a0-8a43-5bb680eeba32	13	111027571	111099567	68	0.5345
3d956c56-ebf9-44a0-8a43-5bb680eeba32	13	111107963	114342922	1726	-0.013
3d956c56-ebf9-44a0-8a43-5bb680eeba32	14	18239283	19732222	66	-0.0266
3d956c56-ebf9-44a0-8a43-5bb680eeba32	14	19732250	19951992	98	0.3381
3d956c56-ebf9-44a0-8a43-5bb680eeba32	14	19952080	20082188	94	0.0073
3d956c56-ebf9-44a0-8a43-5bb680eeba32	14	20082381	20085125	2	-1.4543
3d956c56-ebf9-44a0-8a43-5bb680eeba32	14	20087037	21922443	1246	-0.0216
3d956c56-ebf9-44a0-8a43-5bb680eeba32	14	21924450	22094005	140	-0.2542
3d956c56-ebf9-44a0-8a43-5bb680eeba32	14	22094521	22490838	342	-0.4332
3d956c56-ebf9-44a0-8a43-5bb680eeba32	14	22490949	40139724	11052	-0.0009
3d956c56-ebf9-44a0-8a43-5bb680eeba32	14	40144718	40147715	2	1.4204
3d956c56-ebf9-44a0-8a43-5bb680eeba32	14	40148961	73529070	21193	0.0038
3d956c56-ebf9-44a0-8a43-5bb680eeba32	14	73534419	73563196	10	0.821
3d956c56-ebf9-44a0-8a43-5bb680eeba32	14	73563211	105688531	20667	0.0007
3d956c56-ebf9-44a0-8a43-5bb680eeba32	14	105691429	105733039	9	0.7751
3d956c56-ebf9-44a0-8a43-5bb680eeba32	14	105752248	106416146	241	-0.025
3d956c56-ebf9-44a0-8a43-5bb680eeba32	14	106418444	106462183	49	-0.8513
3d956c56-ebf9-44a0-8a43-5bb680eeba32	14	106462724	106877229	195	-0.079
3d956c56-ebf9-44a0-8a43-5bb680eeba32	15	19811075	20240885	64	0.0169
3d956c56-ebf9-44a0-8a43-5bb680eeba32	15	20249006	20670989	87	0.262
3d956c56-ebf9-44a0-8a43-5bb680eeba32	15	20981071	20988347	5	1.0873
3d956c56-ebf9-44a0-8a43-5bb680eeba32	15	21005443	21071626	8	0.2075
3d956c56-ebf9-44a0-8a43-5bb680eeba32	15	21078947	21417107	11	-0.2421
3d956c56-ebf9-44a0-8a43-5bb680eeba32	15	21975606	22003073	4	1.6274
3d956c56-ebf9-44a0-8a43-5bb680eeba32	15	22005276	22299523	27	0.3452
3d956c56-ebf9-44a0-8a43-5bb680eeba32	15	22385639	24335973	962	0.0101
3d956c56-ebf9-44a0-8a43-5bb680eeba32	15	24337919	24339057	2	-1.9602
3d956c56-ebf9-44a0-8a43-5bb680eeba32	15	24339849	30503586	3691	-0.0016
3d956c56-ebf9-44a0-8a43-5bb680eeba32	15	30515739	30595753	2	-1.6918
3d956c56-ebf9-44a0-8a43-5bb680eeba32	15	30608675	53492691	14241	0.0003
3d956c56-ebf9-44a0-8a43-5bb680eeba32	15	53492794	53493082	6	-1.6923
3d956c56-ebf9-44a0-8a43-5bb680eeba32	15	53498050	68447624	10191	-0.0052
3d956c56-ebf9-44a0-8a43-5bb680eeba32	15	68448540	68465176	8	-0.815
3d956c56-ebf9-44a0-8a43-5bb680eeba32	15	68466133	70227738	1175	0.007
3d956c56-ebf9-44a0-8a43-5bb680eeba32	15	70232168	70233040	3	-1.4939
3d956c56-ebf9-44a0-8a43-5bb680eeba32	15	70236858	76599170	3426	-0.0061
3d956c56-ebf9-44a0-8a43-5bb680eeba32	15	76599286	76603434	20	-2.465
3d956c56-ebf9-44a0-8a43-5bb680eeba32	15	76609838	101928837	17615	0.006
3d956c56-ebf9-44a0-8a43-5bb680eeba32	16	10777	22604483	14787	0.0116
3d956c56-ebf9-44a0-8a43-5bb680eeba32	16	22614263	22701658	60	-0.3774
3d956c56-ebf9-44a0-8a43-5bb680eeba32	16	22706267	58808347	13920	0.0071
3d956c56-ebf9-44a0-8a43-5bb680eeba32	16	58809060	58809200	2	-1.5229
3d956c56-ebf9-44a0-8a43-5bb680eeba32	16	58812947	82751220	17306	0.0036
3d956c56-ebf9-44a0-8a43-5bb680eeba32	16	82751338	82751514	2	-2.4246
3d956c56-ebf9-44a0-8a43-5bb680eeba32	16	82752297	84355914	1834	0.0071
3d956c56-ebf9-44a0-8a43-5bb680eeba32	16	84357052	84357821	2	-1.6692
3d956c56-ebf9-44a0-8a43-5bb680eeba32	16	84360565	90096867	3962	-0.0098
3d956c56-ebf9-44a0-8a43-5bb680eeba32	17	150733	46089238	23346	0.0043
3d956c56-ebf9-44a0-8a43-5bb680eeba32	17	46089854	46446360	123	-0.2924
3d956c56-ebf9-44a0-8a43-5bb680eeba32	17	46569894	83091923	21564	0.0041
3d956c56-ebf9-44a0-8a43-5bb680eeba32	18	48133	871267	615	-0.0581
3d956c56-ebf9-44a0-8a43-5bb680eeba32	18	876762	74030583	45669	0.0043
3d956c56-ebf9-44a0-8a43-5bb680eeba32	18	74036122	80257174	4457	-0.0183
3d956c56-ebf9-44a0-8a43-5bb680eeba32	19	90910	255578	4	-0.7033
3d956c56-ebf9-44a0-8a43-5bb680eeba32	19	255830	6951984	2294	0.0152
3d956c56-ebf9-44a0-8a43-5bb680eeba32	19	6957866	7015036	46	-1.0789
3d956c56-ebf9-44a0-8a43-5bb680eeba32	19	7071383	35358407	14362	0.0128
3d956c56-ebf9-44a0-8a43-5bb680eeba32	19	35358420	35370946	22	-0.4356
3d956c56-ebf9-44a0-8a43-5bb680eeba32	19	35375842	42758830	3675	0.0051
3d956c56-ebf9-44a0-8a43-5bb680eeba32	19	42759354	42850300	38	0.4812
3d956c56-ebf9-44a0-8a43-5bb680eeba32	19	42858500	58586487	8668	0.0151
3d956c56-ebf9-44a0-8a43-5bb680eeba32	20	80664	15320728	11639	-0.0017
3d956c56-ebf9-44a0-8a43-5bb680eeba32	20	15321256	15321403	2	-2.175
3d956c56-ebf9-44a0-8a43-5bb680eeba32	20	15321728	16098361	775	0.0059
3d956c56-ebf9-44a0-8a43-5bb680eeba32	20	16102622	16104299	2	-1.3972
3d956c56-ebf9-44a0-8a43-5bb680eeba32	20	16107676	54041178	22506	0.0032
3d956c56-ebf9-44a0-8a43-5bb680eeba32	20	54041534	54041625	2	1.5118
3d956c56-ebf9-44a0-8a43-5bb680eeba32	20	54041980	64324800	7458	-0.0013
3d956c56-ebf9-44a0-8a43-5bb680eeba32	21	10354168	10559033	53	-0.1691
3d956c56-ebf9-44a0-8a43-5bb680eeba32	21	10568903	10756733	33	-0.6753
3d956c56-ebf9-44a0-8a43-5bb680eeba32	21	10775586	46677045	23781	0.0012
3d956c56-ebf9-44a0-8a43-5bb680eeba32	22	15294547	18760941	1136	-0.005
3d956c56-ebf9-44a0-8a43-5bb680eeba32	22	18783014	18947964	8	-0.6753
3d956c56-ebf9-44a0-8a43-5bb680eeba32	22	18950430	22113158	1972	0.006
3d956c56-ebf9-44a0-8a43-5bb680eeba32	22	22114208	22127104	8	-0.7819
3d956c56-ebf9-44a0-8a43-5bb680eeba32	22	22130385	23981995	1267	-0.0185
3d956c56-ebf9-44a0-8a43-5bb680eeba32	22	23987520	23990431	4	-2.3993
3d956c56-ebf9-44a0-8a43-5bb680eeba32	22	23990739	50796027	18872	-0.002
3d956c56-ebf9-44a0-8a43-5bb680eeba32	X	251810	2819495	122	0.0889
3d956c56-ebf9-44a0-8a43-5bb680eeba32	X	2821571	3235433	304	-0.1632
3d956c56-ebf9-44a0-8a43-5bb680eeba32	X	3235609	6531725	2489	-0.0215
3d956c56-ebf9-44a0-8a43-5bb680eeba32	X	6537122	6854063	231	0.9344
3d956c56-ebf9-44a0-8a43-5bb680eeba32	X	6854148	6856714	2	-0.5177
3d956c56-ebf9-44a0-8a43-5bb680eeba32	X	6856854	8167616	974	0.9091
3d956c56-ebf9-44a0-8a43-5bb680eeba32	X	8173048	141934956	70284	-0.0111
3d956c56-ebf9-44a0-8a43-5bb680eeba32	X	141935576	141936647	3	-2.0484
3d956c56-ebf9-44a0-8a43-5bb680eeba32	X	141936739	155952689	8530	-0.0081
3d956c56-ebf9-44a0-8a43-5bb680eeba32	Y	2782397	21961640	6339	-0.6838
3d956c56-ebf9-44a0-8a43-5bb680eeba32	Y	22159306	22197200	5	1.1986
3d956c56-ebf9-44a0-8a43-5bb680eeba32	Y	22213784	56872112	294	-0.7247
