GDC_Aliquot	Chromosome	Start	End	Num_Probes	Segment_Mean
7a10522f-5575-4a7b-b5c5-cf98e92ef282	1	62920	259407	14	0.9475
7a10522f-5575-4a7b-b5c5-cf98e92ef282	1	259422	812759	16	0.0063
7a10522f-5575-4a7b-b5c5-cf98e92ef282	1	814954	3259896	691	-0.1503
7a10522f-5575-4a7b-b5c5-cf98e92ef282	1	3260916	16864367	7971	0.0002
7a10522f-5575-4a7b-b5c5-cf98e92ef282	1	16868660	16935752	53	0.3719
7a10522f-5575-4a7b-b5c5-cf98e92ef282	1	16949746	72303233	33977	0.0053
7a10522f-5575-4a7b-b5c5-cf98e92ef282	1	72303253	72344159	41	0.488
7a10522f-5575-4a7b-b5c5-cf98e92ef282	1	72345255	94666052	14398	0.003
7a10522f-5575-4a7b-b5c5-cf98e92ef282	1	94666066	94687294	50	-1.1876
7a10522f-5575-4a7b-b5c5-cf98e92ef282	1	94689829	109031904	8849	0.0033
7a10522f-5575-4a7b-b5c5-cf98e92ef282	1	109032025	109061619	2	-1.9471
7a10522f-5575-4a7b-b5c5-cf98e92ef282	1	109062756	109117336	17	-0.2143
7a10522f-5575-4a7b-b5c5-cf98e92ef282	1	109118433	109124298	2	-1.5125
7a10522f-5575-4a7b-b5c5-cf98e92ef282	1	109129593	109684893	269	-0.0018
7a10522f-5575-4a7b-b5c5-cf98e92ef282	1	109690352	109702376	14	-1.5861
7a10522f-5575-4a7b-b5c5-cf98e92ef282	1	109703504	110837198	853	0.0163
7a10522f-5575-4a7b-b5c5-cf98e92ef282	1	110837398	110841350	17	-0.7841
7a10522f-5575-4a7b-b5c5-cf98e92ef282	1	110845562	143494500	6258	0.0093
7a10522f-5575-4a7b-b5c5-cf98e92ef282	1	143541857	143942271	126	-0.8638
7a10522f-5575-4a7b-b5c5-cf98e92ef282	1	144432083	152787202	2513	-0.0111
7a10522f-5575-4a7b-b5c5-cf98e92ef282	1	152789447	152796224	37	0.4737
7a10522f-5575-4a7b-b5c5-cf98e92ef282	1	152801429	196762956	29429	0.0073
7a10522f-5575-4a7b-b5c5-cf98e92ef282	1	196769493	196846661	57	-0.6874
7a10522f-5575-4a7b-b5c5-cf98e92ef282	1	196847600	199138574	1373	-0.0007
7a10522f-5575-4a7b-b5c5-cf98e92ef282	1	199142235	199143883	8	-0.8914
7a10522f-5575-4a7b-b5c5-cf98e92ef282	1	199144712	202598144	2299	0.0171
7a10522f-5575-4a7b-b5c5-cf98e92ef282	1	202598425	202599414	4	-0.9354
7a10522f-5575-4a7b-b5c5-cf98e92ef282	1	202599607	206050479	2349	0.013
7a10522f-5575-4a7b-b5c5-cf98e92ef282	1	206053799	206057416	2	-1.4407
7a10522f-5575-4a7b-b5c5-cf98e92ef282	1	206058126	209897717	2735	0.0101
7a10522f-5575-4a7b-b5c5-cf98e92ef282	1	209908268	209908720	2	-2.0834
7a10522f-5575-4a7b-b5c5-cf98e92ef282	1	209910639	229675422	13027	0.0127
7a10522f-5575-4a7b-b5c5-cf98e92ef282	1	229681109	229684449	3	-3.8239
7a10522f-5575-4a7b-b5c5-cf98e92ef282	1	229684709	248930189	13955	0.0088
7a10522f-5575-4a7b-b5c5-cf98e92ef282	2	12784	706646	502	-0.0136
7a10522f-5575-4a7b-b5c5-cf98e92ef282	2	711922	1912805	734	-0.1064
7a10522f-5575-4a7b-b5c5-cf98e92ef282	2	1912858	34456427	22823	0.0169
7a10522f-5575-4a7b-b5c5-cf98e92ef282	2	34458223	34511990	49	0.3446
7a10522f-5575-4a7b-b5c5-cf98e92ef282	2	34512096	41011095	4795	0.0074
7a10522f-5575-4a7b-b5c5-cf98e92ef282	2	41011303	41024138	25	-0.6271
7a10522f-5575-4a7b-b5c5-cf98e92ef282	2	41024584	52531977	8185	0.0102
7a10522f-5575-4a7b-b5c5-cf98e92ef282	2	52537070	52537337	4	-1.1483
7a10522f-5575-4a7b-b5c5-cf98e92ef282	2	52537675	57181856	3395	0.0022
7a10522f-5575-4a7b-b5c5-cf98e92ef282	2	57182221	57182700	7	-0.9362
7a10522f-5575-4a7b-b5c5-cf98e92ef282	2	57186947	65490956	4856	0.0129
7a10522f-5575-4a7b-b5c5-cf98e92ef282	2	65491040	65492807	4	-1.2945
7a10522f-5575-4a7b-b5c5-cf98e92ef282	2	65496822	71115246	4003	0.014
7a10522f-5575-4a7b-b5c5-cf98e92ef282	2	71115321	71120262	8	-0.8691
7a10522f-5575-4a7b-b5c5-cf98e92ef282	2	71122913	73627796	1271	0.0076
7a10522f-5575-4a7b-b5c5-cf98e92ef282	2	73628640	73684396	31	0.6137
7a10522f-5575-4a7b-b5c5-cf98e92ef282	2	73692070	85105322	7378	0.0135
7a10522f-5575-4a7b-b5c5-cf98e92ef282	2	85105337	85106283	2	-1.7515
7a10522f-5575-4a7b-b5c5-cf98e92ef282	2	85106853	86945604	1033	0.0097
7a10522f-5575-4a7b-b5c5-cf98e92ef282	2	87023373	87074984	8	-0.4587
7a10522f-5575-4a7b-b5c5-cf98e92ef282	2	87079825	87082140	2	-1.7323
7a10522f-5575-4a7b-b5c5-cf98e92ef282	2	87082711	89993007	796	-0.0046
7a10522f-5575-4a7b-b5c5-cf98e92ef282	2	89993280	90262403	110	0.7073
7a10522f-5575-4a7b-b5c5-cf98e92ef282	2	90281849	97192190	916	0.0028
7a10522f-5575-4a7b-b5c5-cf98e92ef282	2	97199600	97210536	11	-0.5322
7a10522f-5575-4a7b-b5c5-cf98e92ef282	2	97211069	97359885	16	-0.0565
7a10522f-5575-4a7b-b5c5-cf98e92ef282	2	97524284	97545726	9	0.797
7a10522f-5575-4a7b-b5c5-cf98e92ef282	2	97550415	113566886	9352	0.0097
7a10522f-5575-4a7b-b5c5-cf98e92ef282	2	113569606	113604839	5	-1.0543
7a10522f-5575-4a7b-b5c5-cf98e92ef282	2	113623244	114629270	617	0.0329
7a10522f-5575-4a7b-b5c5-cf98e92ef282	2	114638844	114643422	18	-0.8531
7a10522f-5575-4a7b-b5c5-cf98e92ef282	2	114645637	114782017	99	0.0712
7a10522f-5575-4a7b-b5c5-cf98e92ef282	2	114782028	114784817	12	-0.551
7a10522f-5575-4a7b-b5c5-cf98e92ef282	2	114784928	116828073	1198	0.0081
7a10522f-5575-4a7b-b5c5-cf98e92ef282	2	116831010	116832191	2	-1.9997
7a10522f-5575-4a7b-b5c5-cf98e92ef282	2	116832277	131458124	8969	0.016
7a10522f-5575-4a7b-b5c5-cf98e92ef282	2	131464435	131468795	3	-1.6032
7a10522f-5575-4a7b-b5c5-cf98e92ef282	2	131472229	146107801	9104	0.0118
7a10522f-5575-4a7b-b5c5-cf98e92ef282	2	146108179	146109366	13	0.6893
7a10522f-5575-4a7b-b5c5-cf98e92ef282	2	146120238	204201785	34687	0.0175
7a10522f-5575-4a7b-b5c5-cf98e92ef282	2	204202786	207708597	2389	-0.6007
7a10522f-5575-4a7b-b5c5-cf98e92ef282	2	207719004	207764557	21	0.0222
7a10522f-5575-4a7b-b5c5-cf98e92ef282	2	207767369	211832817	2549	-0.5922
7a10522f-5575-4a7b-b5c5-cf98e92ef282	2	211835355	213838088	1323	0.0271
7a10522f-5575-4a7b-b5c5-cf98e92ef282	2	213838894	216359123	1651	-0.5793
7a10522f-5575-4a7b-b5c5-cf98e92ef282	2	216361133	216518287	132	-0.0003
7a10522f-5575-4a7b-b5c5-cf98e92ef282	2	216521079	237500326	13600	-0.6046
7a10522f-5575-4a7b-b5c5-cf98e92ef282	2	237503749	237504695	2	-3.5075
7a10522f-5575-4a7b-b5c5-cf98e92ef282	2	237504957	242147305	2587	-0.6474
7a10522f-5575-4a7b-b5c5-cf98e92ef282	3	20930	28538297	21270	0.0102
7a10522f-5575-4a7b-b5c5-cf98e92ef282	3	28540581	28547383	4	-1.505
7a10522f-5575-4a7b-b5c5-cf98e92ef282	3	28547838	162374395	81103	0.014
7a10522f-5575-4a7b-b5c5-cf98e92ef282	3	162385286	162388527	2	-2.0802
7a10522f-5575-4a7b-b5c5-cf98e92ef282	3	162390852	162790480	283	0.0175
7a10522f-5575-4a7b-b5c5-cf98e92ef282	3	162794869	162908207	70	-1.794
7a10522f-5575-4a7b-b5c5-cf98e92ef282	3	162908784	166338613	1985	0.0178
7a10522f-5575-4a7b-b5c5-cf98e92ef282	3	166338953	166347032	6	-1.8848
7a10522f-5575-4a7b-b5c5-cf98e92ef282	3	166350305	166387818	25	-0.0572
7a10522f-5575-4a7b-b5c5-cf98e92ef282	3	166388418	166400378	6	-1.6711
7a10522f-5575-4a7b-b5c5-cf98e92ef282	3	166401003	193160113	17129	0.0185
7a10522f-5575-4a7b-b5c5-cf98e92ef282	3	193160173	193165114	19	-1.6407
7a10522f-5575-4a7b-b5c5-cf98e92ef282	3	193168646	195559056	1480	0.0196
7a10522f-5575-4a7b-b5c5-cf98e92ef282	3	195656271	195728637	26	-0.5529
7a10522f-5575-4a7b-b5c5-cf98e92ef282	3	195728990	198169247	1183	-0.0165
7a10522f-5575-4a7b-b5c5-cf98e92ef282	4	68929	780829	266	-0.0783
7a10522f-5575-4a7b-b5c5-cf98e92ef282	4	783123	800143	4	-1.782
7a10522f-5575-4a7b-b5c5-cf98e92ef282	4	802433	976980	74	-0.2234
7a10522f-5575-4a7b-b5c5-cf98e92ef282	4	977297	8223954	4461	-0.0006
7a10522f-5575-4a7b-b5c5-cf98e92ef282	4	8224761	8235208	10	-0.7179
7a10522f-5575-4a7b-b5c5-cf98e92ef282	4	8235767	9455251	333	-0.0007
7a10522f-5575-4a7b-b5c5-cf98e92ef282	4	9459504	9477699	6	-1.1752
7a10522f-5575-4a7b-b5c5-cf98e92ef282	4	9484440	10208766	538	-0.0005
7a10522f-5575-4a7b-b5c5-cf98e92ef282	4	10221792	10229874	28	-2.6064
7a10522f-5575-4a7b-b5c5-cf98e92ef282	4	10232590	10233644	7	-0.9409
7a10522f-5575-4a7b-b5c5-cf98e92ef282	4	10234518	10385349	169	-0.021
7a10522f-5575-4a7b-b5c5-cf98e92ef282	4	10388498	10399044	18	0.4358
7a10522f-5575-4a7b-b5c5-cf98e92ef282	4	10401094	21367070	8015	0.0048
7a10522f-5575-4a7b-b5c5-cf98e92ef282	4	21370380	21375228	15	-0.742
7a10522f-5575-4a7b-b5c5-cf98e92ef282	4	21382117	23278352	1279	0.0007
7a10522f-5575-4a7b-b5c5-cf98e92ef282	4	23278490	23278497	2	-2.2208
7a10522f-5575-4a7b-b5c5-cf98e92ef282	4	23278812	23280604	5	0.0249
7a10522f-5575-4a7b-b5c5-cf98e92ef282	4	23280839	23280957	5	-1.186
7a10522f-5575-4a7b-b5c5-cf98e92ef282	4	23281101	28942182	3871	0.0138
7a10522f-5575-4a7b-b5c5-cf98e92ef282	4	28942417	28952013	27	-0.8865
7a10522f-5575-4a7b-b5c5-cf98e92ef282	4	28952028	32387742	2210	-0.0024
7a10522f-5575-4a7b-b5c5-cf98e92ef282	4	32392452	32399891	6	-1.2442
7a10522f-5575-4a7b-b5c5-cf98e92ef282	4	32403692	68361130	20808	0.0058
7a10522f-5575-4a7b-b5c5-cf98e92ef282	4	68378716	68674307	93	0.4097
7a10522f-5575-4a7b-b5c5-cf98e92ef282	4	68686026	69386698	373	0.0064
7a10522f-5575-4a7b-b5c5-cf98e92ef282	4	69392613	69398666	6	-1.0928
7a10522f-5575-4a7b-b5c5-cf98e92ef282	4	69402980	76872059	4594	0.007
7a10522f-5575-4a7b-b5c5-cf98e92ef282	4	76872087	76872625	6	-0.9223
7a10522f-5575-4a7b-b5c5-cf98e92ef282	4	76872676	89507019	7962	0.0111
7a10522f-5575-4a7b-b5c5-cf98e92ef282	4	89507048	89507113	2	-1.9176
7a10522f-5575-4a7b-b5c5-cf98e92ef282	4	89507343	114252544	14717	0.0059
7a10522f-5575-4a7b-b5c5-cf98e92ef282	4	114254167	114261019	23	-1.6845
7a10522f-5575-4a7b-b5c5-cf98e92ef282	4	114263073	121360818	4338	0.0097
7a10522f-5575-4a7b-b5c5-cf98e92ef282	4	121361313	121363980	27	-0.8023
7a10522f-5575-4a7b-b5c5-cf98e92ef282	4	121369976	150947789	17214	0.0122
7a10522f-5575-4a7b-b5c5-cf98e92ef282	4	150955157	150963148	25	-1.003
7a10522f-5575-4a7b-b5c5-cf98e92ef282	4	150963154	153896896	1804	-0.0071
7a10522f-5575-4a7b-b5c5-cf98e92ef282	4	153897370	153897695	2	-1.4714
7a10522f-5575-4a7b-b5c5-cf98e92ef282	4	153898360	154881396	605	-0.0031
7a10522f-5575-4a7b-b5c5-cf98e92ef282	4	154881853	154881926	3	1.3872
7a10522f-5575-4a7b-b5c5-cf98e92ef282	4	154882047	164940526	6544	0.0043
7a10522f-5575-4a7b-b5c5-cf98e92ef282	4	164940600	164961141	11	0.5947
7a10522f-5575-4a7b-b5c5-cf98e92ef282	4	164970478	168913977	2518	0.0057
7a10522f-5575-4a7b-b5c5-cf98e92ef282	4	168914173	168919816	3	-1.5038
7a10522f-5575-4a7b-b5c5-cf98e92ef282	4	168920027	171448195	1509	0.0161
7a10522f-5575-4a7b-b5c5-cf98e92ef282	4	171453733	171456559	10	1.1936
7a10522f-5575-4a7b-b5c5-cf98e92ef282	4	171456573	172501371	640	0.0077
7a10522f-5575-4a7b-b5c5-cf98e92ef282	4	172503796	172519981	8	0.9461
7a10522f-5575-4a7b-b5c5-cf98e92ef282	4	172532557	178318447	3534	0.0163
7a10522f-5575-4a7b-b5c5-cf98e92ef282	4	178320828	178324622	2	-4.1127
7a10522f-5575-4a7b-b5c5-cf98e92ef282	4	178325820	190106768	8285	-0.0044
7a10522f-5575-4a7b-b5c5-cf98e92ef282	5	15532	685633	306	-0.1264
7a10522f-5575-4a7b-b5c5-cf98e92ef282	5	698256	825538	46	0.8303
7a10522f-5575-4a7b-b5c5-cf98e92ef282	5	833513	19276865	14082	0.0047
7a10522f-5575-4a7b-b5c5-cf98e92ef282	5	19279462	19287348	6	-0.9374
7a10522f-5575-4a7b-b5c5-cf98e92ef282	5	19289991	20458409	706	-0.0024
7a10522f-5575-4a7b-b5c5-cf98e92ef282	5	20458495	20458689	3	-1.1063
7a10522f-5575-4a7b-b5c5-cf98e92ef282	5	20458796	21376735	504	-0.012
7a10522f-5575-4a7b-b5c5-cf98e92ef282	5	21377730	21377744	2	-1.9419
7a10522f-5575-4a7b-b5c5-cf98e92ef282	5	21385957	21449167	44	-0.1271
7a10522f-5575-4a7b-b5c5-cf98e92ef282	5	21451091	21452329	5	-2.3904
7a10522f-5575-4a7b-b5c5-cf98e92ef282	5	21452387	23152808	911	0.0074
7a10522f-5575-4a7b-b5c5-cf98e92ef282	5	23155113	23156892	7	-0.8827
7a10522f-5575-4a7b-b5c5-cf98e92ef282	5	23157704	58033288	19106	0.0054
7a10522f-5575-4a7b-b5c5-cf98e92ef282	5	58033703	58037466	26	-0.6688
7a10522f-5575-4a7b-b5c5-cf98e92ef282	5	58037688	101847661	25290	0.0075
7a10522f-5575-4a7b-b5c5-cf98e92ef282	5	101850941	101850957	2	-2.2156
7a10522f-5575-4a7b-b5c5-cf98e92ef282	5	101851079	104515520	1517	0.0081
7a10522f-5575-4a7b-b5c5-cf98e92ef282	5	104524672	104524903	4	-1.7846
7a10522f-5575-4a7b-b5c5-cf98e92ef282	5	104525348	118050922	9374	0.0052
7a10522f-5575-4a7b-b5c5-cf98e92ef282	5	118052727	118053390	11	-0.8857
7a10522f-5575-4a7b-b5c5-cf98e92ef282	5	118068645	141687733	14172	0.0094
7a10522f-5575-4a7b-b5c5-cf98e92ef282	5	141687771	141692918	4	1.0036
7a10522f-5575-4a7b-b5c5-cf98e92ef282	5	141693005	144024886	1698	0.0215
7a10522f-5575-4a7b-b5c5-cf98e92ef282	5	144027118	144029618	3	-1.5488
7a10522f-5575-4a7b-b5c5-cf98e92ef282	5	144030720	176808074	22570	0.0101
7a10522f-5575-4a7b-b5c5-cf98e92ef282	5	176808807	176811712	2	-1.9077
7a10522f-5575-4a7b-b5c5-cf98e92ef282	5	176812146	177771448	375	0.0055
7a10522f-5575-4a7b-b5c5-cf98e92ef282	5	177800550	177805604	3	-1.2723
7a10522f-5575-4a7b-b5c5-cf98e92ef282	5	177827964	179504309	956	0.0117
7a10522f-5575-4a7b-b5c5-cf98e92ef282	5	179509604	179510391	4	-1.1759
7a10522f-5575-4a7b-b5c5-cf98e92ef282	5	179513195	179676725	104	-0.0365
7a10522f-5575-4a7b-b5c5-cf98e92ef282	5	179677049	179678327	11	-0.6685
7a10522f-5575-4a7b-b5c5-cf98e92ef282	5	179681196	180947523	717	-0.015
7a10522f-5575-4a7b-b5c5-cf98e92ef282	5	180951710	180991103	19	0.4415
7a10522f-5575-4a7b-b5c5-cf98e92ef282	5	181006225	181363319	170	-0.0478
7a10522f-5575-4a7b-b5c5-cf98e92ef282	6	149661	29869411	21634	0.0076
7a10522f-5575-4a7b-b5c5-cf98e92ef282	6	29869537	29906932	21	-0.9179
7a10522f-5575-4a7b-b5c5-cf98e92ef282	6	29907031	32722250	1270	0.0165
7a10522f-5575-4a7b-b5c5-cf98e92ef282	6	32723020	32723053	3	3.4296
7a10522f-5575-4a7b-b5c5-cf98e92ef282	6	32732907	35536371	1571	0.0122
7a10522f-5575-4a7b-b5c5-cf98e92ef282	6	35537534	35597034	31	0.6128
7a10522f-5575-4a7b-b5c5-cf98e92ef282	6	35600797	54066286	12028	0.0146
7a10522f-5575-4a7b-b5c5-cf98e92ef282	6	54066353	54067057	7	0.9259
7a10522f-5575-4a7b-b5c5-cf98e92ef282	6	54070550	65684197	4923	0.0013
7a10522f-5575-4a7b-b5c5-cf98e92ef282	6	65689589	65693959	23	-0.8788
7a10522f-5575-4a7b-b5c5-cf98e92ef282	6	65697234	66298393	383	0.0064
7a10522f-5575-4a7b-b5c5-cf98e92ef282	6	66299130	66328153	34	-0.9001
7a10522f-5575-4a7b-b5c5-cf98e92ef282	6	66331020	66333004	6	-2.8866
7a10522f-5575-4a7b-b5c5-cf98e92ef282	6	66333299	66338736	15	-0.9696
7a10522f-5575-4a7b-b5c5-cf98e92ef282	6	66339513	73882142	5000	0.0054
7a10522f-5575-4a7b-b5c5-cf98e92ef282	6	73882509	73891694	10	-0.7125
7a10522f-5575-4a7b-b5c5-cf98e92ef282	6	73893839	76726815	1771	0.0123
7a10522f-5575-4a7b-b5c5-cf98e92ef282	6	76730151	76743040	21	-0.6873
7a10522f-5575-4a7b-b5c5-cf98e92ef282	6	76751356	78253172	976	0.0006
7a10522f-5575-4a7b-b5c5-cf98e92ef282	6	78259348	78325468	111	-0.8794
7a10522f-5575-4a7b-b5c5-cf98e92ef282	6	78329517	167212790	57538	0.01
7a10522f-5575-4a7b-b5c5-cf98e92ef282	6	167216173	168947919	989	-0.0739
7a10522f-5575-4a7b-b5c5-cf98e92ef282	6	168947940	170223083	853	-0.0106
7a10522f-5575-4a7b-b5c5-cf98e92ef282	6	170224362	170228179	4	-1.0984
7a10522f-5575-4a7b-b5c5-cf98e92ef282	6	170228535	170741917	245	0.0174
7a10522f-5575-4a7b-b5c5-cf98e92ef282	7	43355	120378	75	-0.1272
7a10522f-5575-4a7b-b5c5-cf98e92ef282	7	120429	978593	165	0.0118
7a10522f-5575-4a7b-b5c5-cf98e92ef282	7	994826	1121494	68	-0.173
7a10522f-5575-4a7b-b5c5-cf98e92ef282	7	1121522	1129983	11	-0.7493
7a10522f-5575-4a7b-b5c5-cf98e92ef282	7	1132094	16859752	11253	0.0017
7a10522f-5575-4a7b-b5c5-cf98e92ef282	7	16860523	16878609	15	-1.026
7a10522f-5575-4a7b-b5c5-cf98e92ef282	7	16885894	26611177	7588	0.0085
7a10522f-5575-4a7b-b5c5-cf98e92ef282	7	26613756	26615183	2	-1.7216
7a10522f-5575-4a7b-b5c5-cf98e92ef282	7	26615941	38286323	8183	0.0065
7a10522f-5575-4a7b-b5c5-cf98e92ef282	7	38286616	38342370	94	-0.1903
7a10522f-5575-4a7b-b5c5-cf98e92ef282	7	38345240	56908389	12602	0.0069
7a10522f-5575-4a7b-b5c5-cf98e92ef282	7	56997653	57016425	4	-1.3983
7a10522f-5575-4a7b-b5c5-cf98e92ef282	7	57048761	57773143	384	-0.0236
7a10522f-5575-4a7b-b5c5-cf98e92ef282	7	57776204	57776451	2	-1.353
7a10522f-5575-4a7b-b5c5-cf98e92ef282	7	57779806	70955452	4116	-0.0016
7a10522f-5575-4a7b-b5c5-cf98e92ef282	7	70958264	70961155	2	-3.2533
7a10522f-5575-4a7b-b5c5-cf98e92ef282	7	70963257	134072507	37019	0.0049
7a10522f-5575-4a7b-b5c5-cf98e92ef282	7	134074049	134075798	2	-2.6362
7a10522f-5575-4a7b-b5c5-cf98e92ef282	7	134075932	159334314	16128	-0.0002
7a10522f-5575-4a7b-b5c5-cf98e92ef282	8	81254	380877	146	0.5534
7a10522f-5575-4a7b-b5c5-cf98e92ef282	8	381550	381630	2	1.9596
7a10522f-5575-4a7b-b5c5-cf98e92ef282	8	384030	460640	51	0.6501
7a10522f-5575-4a7b-b5c5-cf98e92ef282	8	462267	2183861	1365	-0.0427
7a10522f-5575-4a7b-b5c5-cf98e92ef282	8	2184414	2185178	2	-2.6431
7a10522f-5575-4a7b-b5c5-cf98e92ef282	8	2193931	4319014	2535	-0.0088
7a10522f-5575-4a7b-b5c5-cf98e92ef282	8	4319419	4319709	4	-1.7891
7a10522f-5575-4a7b-b5c5-cf98e92ef282	8	4320306	7182331	3613	-0.01
7a10522f-5575-4a7b-b5c5-cf98e92ef282	8	7185818	7457163	35	-2.1203
7a10522f-5575-4a7b-b5c5-cf98e92ef282	8	7473830	8528287	324	-0.0229
7a10522f-5575-4a7b-b5c5-cf98e92ef282	8	8528640	8528932	4	-2.6486
7a10522f-5575-4a7b-b5c5-cf98e92ef282	8	8530797	9538675	978	0.0155
7a10522f-5575-4a7b-b5c5-cf98e92ef282	8	9538949	9539139	2	-3.619
7a10522f-5575-4a7b-b5c5-cf98e92ef282	8	9539828	9634550	59	0.0705
7a10522f-5575-4a7b-b5c5-cf98e92ef282	8	9634719	9644751	14	-0.8198
7a10522f-5575-4a7b-b5c5-cf98e92ef282	8	9644826	12143614	1880	-0.0027
7a10522f-5575-4a7b-b5c5-cf98e92ef282	8	12176798	12585546	50	-0.4355
7a10522f-5575-4a7b-b5c5-cf98e92ef282	8	12616034	16461356	3564	0.002
7a10522f-5575-4a7b-b5c5-cf98e92ef282	8	16465537	16469057	5	-0.9396
7a10522f-5575-4a7b-b5c5-cf98e92ef282	8	16469136	18149759	1542	0.0183
7a10522f-5575-4a7b-b5c5-cf98e92ef282	8	18151851	18151858	2	-1.4691
7a10522f-5575-4a7b-b5c5-cf98e92ef282	8	18152046	24287495	4625	0.0128
7a10522f-5575-4a7b-b5c5-cf98e92ef282	8	24287917	24293553	4	-1.1333
7a10522f-5575-4a7b-b5c5-cf98e92ef282	8	24293995	24344087	31	0.0053
7a10522f-5575-4a7b-b5c5-cf98e92ef282	8	24344237	24344846	2	-1.157
7a10522f-5575-4a7b-b5c5-cf98e92ef282	8	24347018	25109864	600	0.0198
7a10522f-5575-4a7b-b5c5-cf98e92ef282	8	25111969	25112114	5	-0.5099
7a10522f-5575-4a7b-b5c5-cf98e92ef282	8	25112152	25114437	9	-0.0714
7a10522f-5575-4a7b-b5c5-cf98e92ef282	8	25114672	25122457	21	0.4581
7a10522f-5575-4a7b-b5c5-cf98e92ef282	8	25122472	39373140	9008	0.0068
7a10522f-5575-4a7b-b5c5-cf98e92ef282	8	39378084	39529446	59	-2.6537
7a10522f-5575-4a7b-b5c5-cf98e92ef282	8	39530780	39677370	97	0.0036
7a10522f-5575-4a7b-b5c5-cf98e92ef282	8	39682804	39687037	6	-0.4879
7a10522f-5575-4a7b-b5c5-cf98e92ef282	8	39688707	40324598	486	0.0198
7a10522f-5575-4a7b-b5c5-cf98e92ef282	8	40326278	40331978	33	-0.9715
7a10522f-5575-4a7b-b5c5-cf98e92ef282	8	40331992	46092871	1998	0.0121
7a10522f-5575-4a7b-b5c5-cf98e92ef282	8	46097973	46287572	55	-0.2883
7a10522f-5575-4a7b-b5c5-cf98e92ef282	8	46292380	50117957	1899	0.0166
7a10522f-5575-4a7b-b5c5-cf98e92ef282	8	50117995	50120863	13	-0.5755
7a10522f-5575-4a7b-b5c5-cf98e92ef282	8	50126018	57051679	4490	0.0087
7a10522f-5575-4a7b-b5c5-cf98e92ef282	8	57054458	57056219	3	-1.1534
7a10522f-5575-4a7b-b5c5-cf98e92ef282	8	57058675	94545324	22629	0.0107
7a10522f-5575-4a7b-b5c5-cf98e92ef282	8	94545374	94545764	6	1.1157
7a10522f-5575-4a7b-b5c5-cf98e92ef282	8	94545887	100970966	3899	0.01
7a10522f-5575-4a7b-b5c5-cf98e92ef282	8	100975963	100983647	8	-0.9114
7a10522f-5575-4a7b-b5c5-cf98e92ef282	8	100988999	140985844	27427	0.0104
7a10522f-5575-4a7b-b5c5-cf98e92ef282	8	140989600	144810817	1666	-0.0978
7a10522f-5575-4a7b-b5c5-cf98e92ef282	8	144815990	145072769	155	0.0058
7a10522f-5575-4a7b-b5c5-cf98e92ef282	9	46587	589252	474	0.0106
7a10522f-5575-4a7b-b5c5-cf98e92ef282	9	591967	608659	46	-0.9876
7a10522f-5575-4a7b-b5c5-cf98e92ef282	9	608683	672786	131	0.0309
7a10522f-5575-4a7b-b5c5-cf98e92ef282	9	672895	673512	5	-1.1647
7a10522f-5575-4a7b-b5c5-cf98e92ef282	9	676055	8143829	7187	0.0057
7a10522f-5575-4a7b-b5c5-cf98e92ef282	9	8144163	8144973	2	-1.6065
7a10522f-5575-4a7b-b5c5-cf98e92ef282	9	8147857	27504094	15625	0.0087
7a10522f-5575-4a7b-b5c5-cf98e92ef282	9	27508491	28356280	728	-0.9699
7a10522f-5575-4a7b-b5c5-cf98e92ef282	9	28359879	39464757	6930	0.008
7a10522f-5575-4a7b-b5c5-cf98e92ef282	9	39481818	39547285	13	-0.7046
7a10522f-5575-4a7b-b5c5-cf98e92ef282	9	39547299	41571860	93	-0.0512
7a10522f-5575-4a7b-b5c5-cf98e92ef282	9	41635766	41741113	15	0.7099
7a10522f-5575-4a7b-b5c5-cf98e92ef282	9	42014203	42202227	22	-1.1125
7a10522f-5575-4a7b-b5c5-cf98e92ef282	9	42211663	64467459	192	0.0483
7a10522f-5575-4a7b-b5c5-cf98e92ef282	9	64480563	64839518	25	1.1122
7a10522f-5575-4a7b-b5c5-cf98e92ef282	9	64845973	116094241	34197	0.0089
7a10522f-5575-4a7b-b5c5-cf98e92ef282	9	116094488	116097104	3	-2.3222
7a10522f-5575-4a7b-b5c5-cf98e92ef282	9	116098328	135319522	12608	0.0124
7a10522f-5575-4a7b-b5c5-cf98e92ef282	9	135322259	135323776	2	-2.3451
7a10522f-5575-4a7b-b5c5-cf98e92ef282	9	135324566	135418642	73	-0.21
7a10522f-5575-4a7b-b5c5-cf98e92ef282	9	135419715	138110842	987	-0.0053
7a10522f-5575-4a7b-b5c5-cf98e92ef282	9	138111204	138200944	49	-0.211
7a10522f-5575-4a7b-b5c5-cf98e92ef282	10	45792	17885034	14832	0.0014
7a10522f-5575-4a7b-b5c5-cf98e92ef282	10	17896194	17910884	3	-1.4604
7a10522f-5575-4a7b-b5c5-cf98e92ef282	10	17929793	24086334	4340	-0.0017
7a10522f-5575-4a7b-b5c5-cf98e92ef282	10	24088745	24089125	11	0.6965
7a10522f-5575-4a7b-b5c5-cf98e92ef282	10	24089979	34227037	7244	0.0029
7a10522f-5575-4a7b-b5c5-cf98e92ef282	10	34228137	34233425	7	-1.1422
7a10522f-5575-4a7b-b5c5-cf98e92ef282	10	34234975	42962025	3018	0.0026
7a10522f-5575-4a7b-b5c5-cf98e92ef282	10	42964614	42965544	4	-1.1628
7a10522f-5575-4a7b-b5c5-cf98e92ef282	10	42965777	43212163	232	-0.0118
7a10522f-5575-4a7b-b5c5-cf98e92ef282	10	43212314	43222878	4	-0.7331
7a10522f-5575-4a7b-b5c5-cf98e92ef282	10	43225707	44763045	1140	0.0155
7a10522f-5575-4a7b-b5c5-cf98e92ef282	10	44763657	44767158	4	-1.6815
7a10522f-5575-4a7b-b5c5-cf98e92ef282	10	44768003	46154876	623	-0.0222
7a10522f-5575-4a7b-b5c5-cf98e92ef282	10	46169953	46281263	102	-1.2627
7a10522f-5575-4a7b-b5c5-cf98e92ef282	10	46286440	46708198	120	-0.0433
7a10522f-5575-4a7b-b5c5-cf98e92ef282	10	46780843	46967412	9	-1.3886
7a10522f-5575-4a7b-b5c5-cf98e92ef282	10	47002596	57450745	7117	0.0029
7a10522f-5575-4a7b-b5c5-cf98e92ef282	10	57450761	57451013	3	-2.6972
7a10522f-5575-4a7b-b5c5-cf98e92ef282	10	57458735	65581795	5597	0.0065
7a10522f-5575-4a7b-b5c5-cf98e92ef282	10	65583696	65584034	6	-1.0238
7a10522f-5575-4a7b-b5c5-cf98e92ef282	10	65584162	105296521	25605	0.0052
7a10522f-5575-4a7b-b5c5-cf98e92ef282	10	105297280	105299412	3	-4.126
7a10522f-5575-4a7b-b5c5-cf98e92ef282	10	105302718	107710221	1843	0.0059
7a10522f-5575-4a7b-b5c5-cf98e92ef282	10	107710653	107711624	4	-1.4937
7a10522f-5575-4a7b-b5c5-cf98e92ef282	10	107713061	121004162	9363	0.01
7a10522f-5575-4a7b-b5c5-cf98e92ef282	10	121011150	121030051	20	-0.7362
7a10522f-5575-4a7b-b5c5-cf98e92ef282	10	121030305	122574497	1404	-0.0083
7a10522f-5575-4a7b-b5c5-cf98e92ef282	10	122584593	122591497	6	1.1271
7a10522f-5575-4a7b-b5c5-cf98e92ef282	10	122597296	124377391	1262	0.02
7a10522f-5575-4a7b-b5c5-cf98e92ef282	10	124381580	124385280	6	-0.9565
7a10522f-5575-4a7b-b5c5-cf98e92ef282	10	124386157	130782173	4905	0.0013
7a10522f-5575-4a7b-b5c5-cf98e92ef282	10	130783041	130799825	15	-0.505
7a10522f-5575-4a7b-b5c5-cf98e92ef282	10	130800139	131524832	636	-0.0261
7a10522f-5575-4a7b-b5c5-cf98e92ef282	10	131528513	131528631	2	1.7263
7a10522f-5575-4a7b-b5c5-cf98e92ef282	10	131528819	133654968	1066	-0.0239
7a10522f-5575-4a7b-b5c5-cf98e92ef282	11	198510	4217824	1736	-0.0087
7a10522f-5575-4a7b-b5c5-cf98e92ef282	11	4228783	4286769	20	-0.7973
7a10522f-5575-4a7b-b5c5-cf98e92ef282	11	4298482	4946420	661	0.0122
7a10522f-5575-4a7b-b5c5-cf98e92ef282	11	4947280	4955781	31	-0.3913
7a10522f-5575-4a7b-b5c5-cf98e92ef282	11	4957152	18928121	10221	0.0149
7a10522f-5575-4a7b-b5c5-cf98e92ef282	11	18928175	18940375	38	-0.3227
7a10522f-5575-4a7b-b5c5-cf98e92ef282	11	18940441	37105679	13404	0.0121
7a10522f-5575-4a7b-b5c5-cf98e92ef282	11	37105744	37114376	29	-0.3629
7a10522f-5575-4a7b-b5c5-cf98e92ef282	11	37114499	54743970	8022	0.0063
7a10522f-5575-4a7b-b5c5-cf98e92ef282	11	54762035	54766290	3	1.3535
7a10522f-5575-4a7b-b5c5-cf98e92ef282	11	54782119	55608547	290	0.0135
7a10522f-5575-4a7b-b5c5-cf98e92ef282	11	55608760	55685533	54	0.385
7a10522f-5575-4a7b-b5c5-cf98e92ef282	11	55686100	62746849	4171	0.0166
7a10522f-5575-4a7b-b5c5-cf98e92ef282	11	62747328	62747634	3	-1.0874
7a10522f-5575-4a7b-b5c5-cf98e92ef282	11	62756624	64857840	943	0.0058
7a10522f-5575-4a7b-b5c5-cf98e92ef282	11	64858519	64897000	15	-0.3491
7a10522f-5575-4a7b-b5c5-cf98e92ef282	11	64898471	65823086	349	-0.1128
7a10522f-5575-4a7b-b5c5-cf98e92ef282	11	65827349	134270258	46111	0.012
7a10522f-5575-4a7b-b5c5-cf98e92ef282	11	134272636	135074876	632	-0.0632
7a10522f-5575-4a7b-b5c5-cf98e92ef282	12	51460	662063	368	-0.1146
7a10522f-5575-4a7b-b5c5-cf98e92ef282	12	662511	8404097	5221	-0.0059
7a10522f-5575-4a7b-b5c5-cf98e92ef282	12	8405892	8406040	2	4.96
7a10522f-5575-4a7b-b5c5-cf98e92ef282	12	8406196	8423870	13	1.2099
7a10522f-5575-4a7b-b5c5-cf98e92ef282	12	8428232	11358643	1764	-0.0035
7a10522f-5575-4a7b-b5c5-cf98e92ef282	12	11358644	11390472	30	-0.8309
7a10522f-5575-4a7b-b5c5-cf98e92ef282	12	11399258	15412761	3000	0.0026
7a10522f-5575-4a7b-b5c5-cf98e92ef282	12	15414989	15420709	6	-1.0792
7a10522f-5575-4a7b-b5c5-cf98e92ef282	12	15422203	33141710	12360	0.0011
7a10522f-5575-4a7b-b5c5-cf98e92ef282	12	33141726	33154440	28	-0.7352
7a10522f-5575-4a7b-b5c5-cf98e92ef282	12	33155426	34089073	575	0.023
7a10522f-5575-4a7b-b5c5-cf98e92ef282	12	34089076	38192747	396	-0.1116
7a10522f-5575-4a7b-b5c5-cf98e92ef282	12	38194120	53057302	9005	0.0041
7a10522f-5575-4a7b-b5c5-cf98e92ef282	12	53058168	53104143	23	-0.4259
7a10522f-5575-4a7b-b5c5-cf98e92ef282	12	53105790	72807819	12243	0.0024
7a10522f-5575-4a7b-b5c5-cf98e92ef282	12	72812551	72812626	2	-1.571
7a10522f-5575-4a7b-b5c5-cf98e92ef282	12	72813411	90089570	10552	0.0045
7a10522f-5575-4a7b-b5c5-cf98e92ef282	12	90089573	90098297	8	0.6536
7a10522f-5575-4a7b-b5c5-cf98e92ef282	12	90099780	95437418	3710	0.0092
7a10522f-5575-4a7b-b5c5-cf98e92ef282	12	95439804	95439908	3	-1.514
7a10522f-5575-4a7b-b5c5-cf98e92ef282	12	95442546	99398036	2732	0.004
7a10522f-5575-4a7b-b5c5-cf98e92ef282	12	99401515	99404956	31	-0.551
7a10522f-5575-4a7b-b5c5-cf98e92ef282	12	99409315	118836362	13107	0.0036
7a10522f-5575-4a7b-b5c5-cf98e92ef282	12	118836617	118837693	3	-2.4468
7a10522f-5575-4a7b-b5c5-cf98e92ef282	12	118837902	133201603	9574	-0.0084
7a10522f-5575-4a7b-b5c5-cf98e92ef282	13	18452809	24580988	4102	-0.0057
7a10522f-5575-4a7b-b5c5-cf98e92ef282	13	24589082	24622774	26	-0.5324
7a10522f-5575-4a7b-b5c5-cf98e92ef282	13	24630019	37496998	9340	0.0118
7a10522f-5575-4a7b-b5c5-cf98e92ef282	13	37497899	37510620	16	0.5254
7a10522f-5575-4a7b-b5c5-cf98e92ef282	13	37514193	52220409	9812	0.0077
7a10522f-5575-4a7b-b5c5-cf98e92ef282	13	52250145	52358567	25	-0.3977
7a10522f-5575-4a7b-b5c5-cf98e92ef282	13	52363789	57176962	2674	0.0121
7a10522f-5575-4a7b-b5c5-cf98e92ef282	13	57184136	57215580	35	-0.8129
7a10522f-5575-4a7b-b5c5-cf98e92ef282	13	57215875	114342922	38057	0.0051
7a10522f-5575-4a7b-b5c5-cf98e92ef282	14	18239283	19667065	61	-0.3209
7a10522f-5575-4a7b-b5c5-cf98e92ef282	14	19669187	19749414	14	-0.013
7a10522f-5575-4a7b-b5c5-cf98e92ef282	14	19753692	19951992	89	-0.2867
7a10522f-5575-4a7b-b5c5-cf98e92ef282	14	19952080	69547262	31409	0.0072
7a10522f-5575-4a7b-b5c5-cf98e92ef282	14	69551330	69556009	11	-0.8511
7a10522f-5575-4a7b-b5c5-cf98e92ef282	14	69556227	73534419	2622	0.001
7a10522f-5575-4a7b-b5c5-cf98e92ef282	14	73540003	73554275	8	1.087
7a10522f-5575-4a7b-b5c5-cf98e92ef282	14	73563196	103332041	19827	0.0085
7a10522f-5575-4a7b-b5c5-cf98e92ef282	14	103336093	106877229	1294	-0.6027
7a10522f-5575-4a7b-b5c5-cf98e92ef282	15	19811075	20001686	45	-0.0079
7a10522f-5575-4a7b-b5c5-cf98e92ef282	15	20011702	20056983	5	-1.7825
7a10522f-5575-4a7b-b5c5-cf98e92ef282	15	20059033	22576496	163	0.1417
7a10522f-5575-4a7b-b5c5-cf98e92ef282	15	22582296	22584747	2	-2.1035
7a10522f-5575-4a7b-b5c5-cf98e92ef282	15	22590285	32565281	5716	-0.0094
7a10522f-5575-4a7b-b5c5-cf98e92ef282	15	32567657	32584783	3	-1.2738
7a10522f-5575-4a7b-b5c5-cf98e92ef282	15	32610782	62693003	19828	0.0072
7a10522f-5575-4a7b-b5c5-cf98e92ef282	15	62697576	62697650	2	-2.3425
7a10522f-5575-4a7b-b5c5-cf98e92ef282	15	62698210	65521764	1567	0.012
7a10522f-5575-4a7b-b5c5-cf98e92ef282	15	65524604	65526049	3	-1.2825
7a10522f-5575-4a7b-b5c5-cf98e92ef282	15	65530196	76586021	6532	0.0068
7a10522f-5575-4a7b-b5c5-cf98e92ef282	15	76598900	76603434	22	0.8238
7a10522f-5575-4a7b-b5c5-cf98e92ef282	15	76609838	91638201	9622	0.0021
7a10522f-5575-4a7b-b5c5-cf98e92ef282	15	91641723	91803057	115	0.4772
7a10522f-5575-4a7b-b5c5-cf98e92ef282	15	91803172	101928837	7850	-0.0038
7a10522f-5575-4a7b-b5c5-cf98e92ef282	16	10777	898774	344	-0.1406
7a10522f-5575-4a7b-b5c5-cf98e92ef282	16	905718	88335725	50721	-0.0021
7a10522f-5575-4a7b-b5c5-cf98e92ef282	16	88337061	90096867	733	-0.1274
7a10522f-5575-4a7b-b5c5-cf98e92ef282	17	150733	16798212	10464	0.013
7a10522f-5575-4a7b-b5c5-cf98e92ef282	17	16806233	16838201	7	-1.3419
7a10522f-5575-4a7b-b5c5-cf98e92ef282	17	16838214	18414080	907	0.0282
7a10522f-5575-4a7b-b5c5-cf98e92ef282	17	18452078	18509244	17	0.9585
7a10522f-5575-4a7b-b5c5-cf98e92ef282	17	18523147	36109139	6829	0.0165
7a10522f-5575-4a7b-b5c5-cf98e92ef282	17	36109315	36157718	36	1.0841
7a10522f-5575-4a7b-b5c5-cf98e92ef282	17	36200725	41224178	2505	0.0095
7a10522f-5575-4a7b-b5c5-cf98e92ef282	17	41231308	41237517	5	-1.1105
7a10522f-5575-4a7b-b5c5-cf98e92ef282	17	41239604	41265456	12	-0.0502
7a10522f-5575-4a7b-b5c5-cf98e92ef282	17	41266762	41274279	24	1.9762
7a10522f-5575-4a7b-b5c5-cf98e92ef282	17	41276472	45693621	2215	0.0128
7a10522f-5575-4a7b-b5c5-cf98e92ef282	17	45694743	46284997	405	-0.1503
7a10522f-5575-4a7b-b5c5-cf98e92ef282	17	46286804	46569894	6	-1.4592
7a10522f-5575-4a7b-b5c5-cf98e92ef282	17	46571001	46733528	27	-0.1365
7a10522f-5575-4a7b-b5c5-cf98e92ef282	17	46733732	64968312	10506	0.0292
7a10522f-5575-4a7b-b5c5-cf98e92ef282	17	64971989	64974497	2	-1.4415
7a10522f-5575-4a7b-b5c5-cf98e92ef282	17	64978079	73936523	6327	0.0173
7a10522f-5575-4a7b-b5c5-cf98e92ef282	17	73936616	74657903	467	-0.0971
7a10522f-5575-4a7b-b5c5-cf98e92ef282	17	74658847	78611853	2087	0.0112
7a10522f-5575-4a7b-b5c5-cf98e92ef282	17	78612591	78613871	3	-1.1968
7a10522f-5575-4a7b-b5c5-cf98e92ef282	17	78616193	80004440	771	0.0074
7a10522f-5575-4a7b-b5c5-cf98e92ef282	17	80005417	80022981	6	-0.9526
7a10522f-5575-4a7b-b5c5-cf98e92ef282	17	80030294	83091923	1336	0.0109
7a10522f-5575-4a7b-b5c5-cf98e92ef282	18	48133	53677765	31672	0.0056
7a10522f-5575-4a7b-b5c5-cf98e92ef282	18	53680839	53683207	4	-1.5884
7a10522f-5575-4a7b-b5c5-cf98e92ef282	18	53684270	65819178	8386	0.0148
7a10522f-5575-4a7b-b5c5-cf98e92ef282	18	65819352	65819909	3	-1.3355
7a10522f-5575-4a7b-b5c5-cf98e92ef282	18	65829587	66054343	181	0.0836
7a10522f-5575-4a7b-b5c5-cf98e92ef282	18	66060256	66065502	13	-0.5357
7a10522f-5575-4a7b-b5c5-cf98e92ef282	18	66065527	66239629	147	0.0025
7a10522f-5575-4a7b-b5c5-cf98e92ef282	18	66240197	66244639	11	-0.8515
7a10522f-5575-4a7b-b5c5-cf98e92ef282	18	66244905	69540616	2453	0.0081
7a10522f-5575-4a7b-b5c5-cf98e92ef282	18	69541156	69550035	7	-0.9964
7a10522f-5575-4a7b-b5c5-cf98e92ef282	18	69550306	80257174	7798	0.0001
7a10522f-5575-4a7b-b5c5-cf98e92ef282	19	90910	22240132	9950	-0.0037
7a10522f-5575-4a7b-b5c5-cf98e92ef282	19	22241616	22243718	6	-1.2727
7a10522f-5575-4a7b-b5c5-cf98e92ef282	19	22245185	50049637	13910	0.0036
7a10522f-5575-4a7b-b5c5-cf98e92ef282	19	50055282	50055880	3	-1.2324
7a10522f-5575-4a7b-b5c5-cf98e92ef282	19	50060009	53764620	2383	-0.0093
7a10522f-5575-4a7b-b5c5-cf98e92ef282	19	53764821	53764887	2	-1.5563
7a10522f-5575-4a7b-b5c5-cf98e92ef282	19	53765126	53957503	84	-0.1421
7a10522f-5575-4a7b-b5c5-cf98e92ef282	19	53960858	58366859	2638	-0.0054
7a10522f-5575-4a7b-b5c5-cf98e92ef282	19	58370362	58586487	100	-0.1806
7a10522f-5575-4a7b-b5c5-cf98e92ef282	20	80664	1580353	1203	-0.0098
7a10522f-5575-4a7b-b5c5-cf98e92ef282	20	1580934	1613203	40	-0.6751
7a10522f-5575-4a7b-b5c5-cf98e92ef282	20	1613247	15327309	10378	-0.0014
7a10522f-5575-4a7b-b5c5-cf98e92ef282	20	15327324	15337332	18	-1.0556
7a10522f-5575-4a7b-b5c5-cf98e92ef282	20	15341445	64324800	30671	-0.001
7a10522f-5575-4a7b-b5c5-cf98e92ef282	21	10354168	10582026	59	0.0506
7a10522f-5575-4a7b-b5c5-cf98e92ef282	21	10585552	10775586	28	0.4564
7a10522f-5575-4a7b-b5c5-cf98e92ef282	21	12973348	13582956	181	-0.041
7a10522f-5575-4a7b-b5c5-cf98e92ef282	21	13583316	13831480	13	-0.5501
7a10522f-5575-4a7b-b5c5-cf98e92ef282	21	13833696	23757229	7164	0.0064
7a10522f-5575-4a7b-b5c5-cf98e92ef282	21	23757592	23759666	2	-1.7352
7a10522f-5575-4a7b-b5c5-cf98e92ef282	21	23759882	29486928	4319	0.0112
7a10522f-5575-4a7b-b5c5-cf98e92ef282	21	29487234	29487333	2	-1.885
7a10522f-5575-4a7b-b5c5-cf98e92ef282	21	29487374	41477657	9087	0.0093
7a10522f-5575-4a7b-b5c5-cf98e92ef282	21	41479527	41484285	7	-0.9213
7a10522f-5575-4a7b-b5c5-cf98e92ef282	21	41484301	46677045	2975	-0.0169
7a10522f-5575-4a7b-b5c5-cf98e92ef282	22	15294547	25743205	5632	-0.0486
7a10522f-5575-4a7b-b5c5-cf98e92ef282	22	25743227	29473201	3073	0.0131
7a10522f-5575-4a7b-b5c5-cf98e92ef282	22	29474269	29485728	6	-1.0334
7a10522f-5575-4a7b-b5c5-cf98e92ef282	22	29485839	44421911	9800	-0.0051
7a10522f-5575-4a7b-b5c5-cf98e92ef282	22	44422170	44422756	5	-0.9844
7a10522f-5575-4a7b-b5c5-cf98e92ef282	22	44425214	44737460	248	-0.0019
7a10522f-5575-4a7b-b5c5-cf98e92ef282	22	44739926	44741026	4	-0.9966
7a10522f-5575-4a7b-b5c5-cf98e92ef282	22	44750545	48969821	3305	0.0099
7a10522f-5575-4a7b-b5c5-cf98e92ef282	22	48970001	50796027	1158	-0.1096
7a10522f-5575-4a7b-b5c5-cf98e92ef282	X	251810	2748312	94	-0.9734
7a10522f-5575-4a7b-b5c5-cf98e92ef282	X	2785350	32965828	20074	0.025
7a10522f-5575-4a7b-b5c5-cf98e92ef282	X	32969337	32970141	3	-2.5606
7a10522f-5575-4a7b-b5c5-cf98e92ef282	X	32971922	43016271	5758	0.0341
7a10522f-5575-4a7b-b5c5-cf98e92ef282	X	43016407	43026540	9	-0.8387
7a10522f-5575-4a7b-b5c5-cf98e92ef282	X	43027448	55674826	5666	0.0071
7a10522f-5575-4a7b-b5c5-cf98e92ef282	X	55676226	55681253	4	-2.779
7a10522f-5575-4a7b-b5c5-cf98e92ef282	X	55687904	93051261	15460	-0.0047
7a10522f-5575-4a7b-b5c5-cf98e92ef282	X	93055736	93103973	27	-0.9508
7a10522f-5575-4a7b-b5c5-cf98e92ef282	X	93104735	154347748	34790	0.0165
7a10522f-5575-4a7b-b5c5-cf98e92ef282	X	154347869	154382366	46	-0.3951
7a10522f-5575-4a7b-b5c5-cf98e92ef282	X	154382547	155699837	515	0.0383
7a10522f-5575-4a7b-b5c5-cf98e92ef282	X	155734393	155952689	18	-0.7964
7a10522f-5575-4a7b-b5c5-cf98e92ef282	Y	2782397	3394523	204	-3.2171
7a10522f-5575-4a7b-b5c5-cf98e92ef282	Y	3394871	6076562	516	-2.7614
7a10522f-5575-4a7b-b5c5-cf98e92ef282	Y	6080059	6167430	29	-3.2676
7a10522f-5575-4a7b-b5c5-cf98e92ef282	Y	6171310	6171622	2	-7.5751
7a10522f-5575-4a7b-b5c5-cf98e92ef282	Y	6180233	8492171	1108	-3.3546
7a10522f-5575-4a7b-b5c5-cf98e92ef282	Y	8492777	9921955	461	-3.6563
7a10522f-5575-4a7b-b5c5-cf98e92ef282	Y	9937005	26377276	4175	-3.3274
7a10522f-5575-4a7b-b5c5-cf98e92ef282	Y	26379604	56872112	143	-2.8584
