GDC_Aliquot	Chromosome	Start	End	Num_Probes	Segment_Mean
417cab0f-6b84-4521-8b9c-bb43d2dc6dbf	1	62920	8283435	4136	0.0632
417cab0f-6b84-4521-8b9c-bb43d2dc6dbf	1	8283587	8458492	77	0.5028
417cab0f-6b84-4521-8b9c-bb43d2dc6dbf	1	8462493	12779433	2277	0.053
417cab0f-6b84-4521-8b9c-bb43d2dc6dbf	1	12792599	12802105	7	-1.1959
417cab0f-6b84-4521-8b9c-bb43d2dc6dbf	1	12802114	12802201	4	0.5295
417cab0f-6b84-4521-8b9c-bb43d2dc6dbf	1	12806954	12832455	14	-0.8336
417cab0f-6b84-4521-8b9c-bb43d2dc6dbf	1	12850124	12868035	6	-2.1261
417cab0f-6b84-4521-8b9c-bb43d2dc6dbf	1	12922922	15827002	1819	0.0717
417cab0f-6b84-4521-8b9c-bb43d2dc6dbf	1	15827041	15827430	5	-1.8247
417cab0f-6b84-4521-8b9c-bb43d2dc6dbf	1	15827706	45645510	16813	0.0788
417cab0f-6b84-4521-8b9c-bb43d2dc6dbf	1	45647021	45946975	139	0.3271
417cab0f-6b84-4521-8b9c-bb43d2dc6dbf	1	45949942	71074766	16766	0.0926
417cab0f-6b84-4521-8b9c-bb43d2dc6dbf	1	71082050	71301970	111	-0.556
417cab0f-6b84-4521-8b9c-bb43d2dc6dbf	1	71304683	72303233	609	0.0938
417cab0f-6b84-4521-8b9c-bb43d2dc6dbf	1	72303253	72345465	45	-1.1371
417cab0f-6b84-4521-8b9c-bb43d2dc6dbf	1	72346221	102324668	19358	0.0956
417cab0f-6b84-4521-8b9c-bb43d2dc6dbf	1	102324725	102365144	40	0.3346
417cab0f-6b84-4521-8b9c-bb43d2dc6dbf	1	102365170	105476583	1550	0.0857
417cab0f-6b84-4521-8b9c-bb43d2dc6dbf	1	105476614	105479753	16	0.9834
417cab0f-6b84-4521-8b9c-bb43d2dc6dbf	1	105481433	109690352	2638	0.09
417cab0f-6b84-4521-8b9c-bb43d2dc6dbf	1	109690415	109697556	12	1.3363
417cab0f-6b84-4521-8b9c-bb43d2dc6dbf	1	109702376	114289343	3301	0.096
417cab0f-6b84-4521-8b9c-bb43d2dc6dbf	1	114291004	114291088	2	-1.0396
417cab0f-6b84-4521-8b9c-bb43d2dc6dbf	1	114291180	120144552	3733	0.0983
417cab0f-6b84-4521-8b9c-bb43d2dc6dbf	1	120146498	121211648	21	0.4961
417cab0f-6b84-4521-8b9c-bb43d2dc6dbf	1	121275630	143459641	82	0.1057
417cab0f-6b84-4521-8b9c-bb43d2dc6dbf	1	143494500	144503849	141	0.686
417cab0f-6b84-4521-8b9c-bb43d2dc6dbf	1	144503864	147053445	192	0.0551
417cab0f-6b84-4521-8b9c-bb43d2dc6dbf	1	147053722	149845239	691	0.1563
417cab0f-6b84-4521-8b9c-bb43d2dc6dbf	1	149847009	152583051	1415	0.0744
417cab0f-6b84-4521-8b9c-bb43d2dc6dbf	1	152583230	152614118	35	-1.5426
417cab0f-6b84-4521-8b9c-bb43d2dc6dbf	1	152618018	152787202	166	0.091
417cab0f-6b84-4521-8b9c-bb43d2dc6dbf	1	152789447	152796224	37	-1.5681
417cab0f-6b84-4521-8b9c-bb43d2dc6dbf	1	152801429	160848044	4925	0.0872
417cab0f-6b84-4521-8b9c-bb43d2dc6dbf	1	160848993	161047766	121	0.4855
417cab0f-6b84-4521-8b9c-bb43d2dc6dbf	1	161049008	196742057	24403	0.0958
417cab0f-6b84-4521-8b9c-bb43d2dc6dbf	1	196745692	196832312	58	0.6006
417cab0f-6b84-4521-8b9c-bb43d2dc6dbf	1	196832525	204153598	4693	0.0907
417cab0f-6b84-4521-8b9c-bb43d2dc6dbf	1	204153984	204461235	276	0.5222
417cab0f-6b84-4521-8b9c-bb43d2dc6dbf	1	204465343	243163650	27138	0.0923
417cab0f-6b84-4521-8b9c-bb43d2dc6dbf	1	243164636	243173458	2	1.4329
417cab0f-6b84-4521-8b9c-bb43d2dc6dbf	1	243174914	248525264	3526	0.1061
417cab0f-6b84-4521-8b9c-bb43d2dc6dbf	1	248525284	248631988	37	-0.3754
417cab0f-6b84-4521-8b9c-bb43d2dc6dbf	1	248633821	248930189	143	0.1552
417cab0f-6b84-4521-8b9c-bb43d2dc6dbf	2	12784	4158097	2987	0.0671
417cab0f-6b84-4521-8b9c-bb43d2dc6dbf	2	4166274	4176429	42	-0.5933
417cab0f-6b84-4521-8b9c-bb43d2dc6dbf	2	4182472	5595907	1159	0.0643
417cab0f-6b84-4521-8b9c-bb43d2dc6dbf	2	5596189	5596981	3	-1.2181
417cab0f-6b84-4521-8b9c-bb43d2dc6dbf	2	5597449	27585287	15292	0.0752
417cab0f-6b84-4521-8b9c-bb43d2dc6dbf	2	27588539	27588768	2	-1.2462
417cab0f-6b84-4521-8b9c-bb43d2dc6dbf	2	27593055	48769082	14953	0.0726
417cab0f-6b84-4521-8b9c-bb43d2dc6dbf	2	48769178	48876227	89	-0.1032
417cab0f-6b84-4521-8b9c-bb43d2dc6dbf	2	48878146	52527743	2616	0.0911
417cab0f-6b84-4521-8b9c-bb43d2dc6dbf	2	52531615	52554259	28	-0.4976
417cab0f-6b84-4521-8b9c-bb43d2dc6dbf	2	52554274	146106875	53249	0.0838
417cab0f-6b84-4521-8b9c-bb43d2dc6dbf	2	146106889	146109366	21	-1.6387
417cab0f-6b84-4521-8b9c-bb43d2dc6dbf	2	146120238	149870709	2013	0.079
417cab0f-6b84-4521-8b9c-bb43d2dc6dbf	2	149870725	159102108	5775	0.3261
417cab0f-6b84-4521-8b9c-bb43d2dc6dbf	2	159103831	159104461	2	1.7908
417cab0f-6b84-4521-8b9c-bb43d2dc6dbf	2	159106775	188379829	17981	0.3254
417cab0f-6b84-4521-8b9c-bb43d2dc6dbf	2	188389093	188490785	36	-1.3188
417cab0f-6b84-4521-8b9c-bb43d2dc6dbf	2	188496535	188525212	12	0.0213
417cab0f-6b84-4521-8b9c-bb43d2dc6dbf	2	188526260	188553932	14	-0.6469
417cab0f-6b84-4521-8b9c-bb43d2dc6dbf	2	188559348	214784699	15787	0.0886
417cab0f-6b84-4521-8b9c-bb43d2dc6dbf	2	214787961	214889607	57	-0.2764
417cab0f-6b84-4521-8b9c-bb43d2dc6dbf	2	214890124	242147305	17377	0.0827
417cab0f-6b84-4521-8b9c-bb43d2dc6dbf	3	20930	1218380	998	0.1212
417cab0f-6b84-4521-8b9c-bb43d2dc6dbf	3	1218576	2464754	1142	-0.1606
417cab0f-6b84-4521-8b9c-bb43d2dc6dbf	3	2466377	2713743	198	-0.5538
417cab0f-6b84-4521-8b9c-bb43d2dc6dbf	3	2714248	2716479	6	-1.3803
417cab0f-6b84-4521-8b9c-bb43d2dc6dbf	3	2716556	2877006	156	-0.565
417cab0f-6b84-4521-8b9c-bb43d2dc6dbf	3	2879556	6604856	3316	-0.1768
417cab0f-6b84-4521-8b9c-bb43d2dc6dbf	3	6609441	6611645	23	-0.9811
417cab0f-6b84-4521-8b9c-bb43d2dc6dbf	3	6613391	16197556	7056	-0.1956
417cab0f-6b84-4521-8b9c-bb43d2dc6dbf	3	16199049	16199672	6	-0.9689
417cab0f-6b84-4521-8b9c-bb43d2dc6dbf	3	16199818	20239427	2331	-0.1967
417cab0f-6b84-4521-8b9c-bb43d2dc6dbf	3	20244862	20331307	53	-0.5925
417cab0f-6b84-4521-8b9c-bb43d2dc6dbf	3	20335740	23937812	2580	-0.182
417cab0f-6b84-4521-8b9c-bb43d2dc6dbf	3	23939938	23940837	2	-1.5731
417cab0f-6b84-4521-8b9c-bb43d2dc6dbf	3	23940839	41348648	12095	-0.1854
417cab0f-6b84-4521-8b9c-bb43d2dc6dbf	3	41350002	41387267	24	-0.5995
417cab0f-6b84-4521-8b9c-bb43d2dc6dbf	3	41391981	41424425	17	-1.3176
417cab0f-6b84-4521-8b9c-bb43d2dc6dbf	3	41428934	41453127	20	-0.6422
417cab0f-6b84-4521-8b9c-bb43d2dc6dbf	3	41453833	41782346	181	-0.2035
417cab0f-6b84-4521-8b9c-bb43d2dc6dbf	3	41782831	41785686	4	-1.0605
417cab0f-6b84-4521-8b9c-bb43d2dc6dbf	3	41789150	52999524	5514	-0.1952
417cab0f-6b84-4521-8b9c-bb43d2dc6dbf	3	52999543	53005263	25	-0.5705
417cab0f-6b84-4521-8b9c-bb43d2dc6dbf	3	53005439	58806435	3916	-0.1941
417cab0f-6b84-4521-8b9c-bb43d2dc6dbf	3	58813073	58814158	4	-1.1981
417cab0f-6b84-4521-8b9c-bb43d2dc6dbf	3	58824677	60066281	1068	-0.1886
417cab0f-6b84-4521-8b9c-bb43d2dc6dbf	3	60066313	60878451	877	-0.1239
417cab0f-6b84-4521-8b9c-bb43d2dc6dbf	3	60878581	67641191	5516	-0.1858
417cab0f-6b84-4521-8b9c-bb43d2dc6dbf	3	67641222	67689169	28	-0.5319
417cab0f-6b84-4521-8b9c-bb43d2dc6dbf	3	67689544	68697013	622	-0.1769
417cab0f-6b84-4521-8b9c-bb43d2dc6dbf	3	68697108	68698262	14	-1.4304
417cab0f-6b84-4521-8b9c-bb43d2dc6dbf	3	68699607	71183736	1905	-0.1919
417cab0f-6b84-4521-8b9c-bb43d2dc6dbf	3	71186977	89334971	10710	0.0968
417cab0f-6b84-4521-8b9c-bb43d2dc6dbf	3	89335001	89367427	55	0.3547
417cab0f-6b84-4521-8b9c-bb43d2dc6dbf	3	89368021	98180575	2640	0.0997
417cab0f-6b84-4521-8b9c-bb43d2dc6dbf	3	98189826	98197104	5	0.8648
417cab0f-6b84-4521-8b9c-bb43d2dc6dbf	3	98199423	99218940	590	0.1103
417cab0f-6b84-4521-8b9c-bb43d2dc6dbf	3	99225614	99230448	34	-0.3858
417cab0f-6b84-4521-8b9c-bb43d2dc6dbf	3	99230457	114587391	9260	0.102
417cab0f-6b84-4521-8b9c-bb43d2dc6dbf	3	114590696	114864779	163	-0.6468
417cab0f-6b84-4521-8b9c-bb43d2dc6dbf	3	114866157	125717394	6819	0.0968
417cab0f-6b84-4521-8b9c-bb43d2dc6dbf	3	125724765	125739919	10	0.6206
417cab0f-6b84-4521-8b9c-bb43d2dc6dbf	3	125743486	130044855	2461	0.0886
417cab0f-6b84-4521-8b9c-bb43d2dc6dbf	3	130047743	130087393	37	0.633
417cab0f-6b84-4521-8b9c-bb43d2dc6dbf	3	130088081	162405578	19994	0.1015
417cab0f-6b84-4521-8b9c-bb43d2dc6dbf	3	162419812	162424917	14	-0.3859
417cab0f-6b84-4521-8b9c-bb43d2dc6dbf	3	162426460	162795361	261	0.1195
417cab0f-6b84-4521-8b9c-bb43d2dc6dbf	3	162795671	162815162	12	0.6535
417cab0f-6b84-4521-8b9c-bb43d2dc6dbf	3	162816942	162822702	6	1.3612
417cab0f-6b84-4521-8b9c-bb43d2dc6dbf	3	162827928	162908815	50	0.5761
417cab0f-6b84-4521-8b9c-bb43d2dc6dbf	3	162910826	162996729	70	0.0854
417cab0f-6b84-4521-8b9c-bb43d2dc6dbf	3	162999939	163001774	2	1.7172
417cab0f-6b84-4521-8b9c-bb43d2dc6dbf	3	163008371	165831591	1604	0.1055
417cab0f-6b84-4521-8b9c-bb43d2dc6dbf	3	165833867	165879465	35	0.7092
417cab0f-6b84-4521-8b9c-bb43d2dc6dbf	3	165879631	166097944	118	0.1391
417cab0f-6b84-4521-8b9c-bb43d2dc6dbf	3	166099553	166103800	3	-1.1682
417cab0f-6b84-4521-8b9c-bb43d2dc6dbf	3	166110628	169012392	1609	0.1002
417cab0f-6b84-4521-8b9c-bb43d2dc6dbf	3	169015614	169020840	2	-1.6538
417cab0f-6b84-4521-8b9c-bb43d2dc6dbf	3	169022039	172285431	2077	0.0993
417cab0f-6b84-4521-8b9c-bb43d2dc6dbf	3	172286880	172445659	135	0.7076
417cab0f-6b84-4521-8b9c-bb43d2dc6dbf	3	172451617	173663816	787	0.0962
417cab0f-6b84-4521-8b9c-bb43d2dc6dbf	3	173664134	173791802	106	-0.1528
417cab0f-6b84-4521-8b9c-bb43d2dc6dbf	3	173794908	178818958	3246	0.1088
417cab0f-6b84-4521-8b9c-bb43d2dc6dbf	3	178821698	178822939	4	-0.7227
417cab0f-6b84-4521-8b9c-bb43d2dc6dbf	3	178825694	183819593	2892	0.0968
417cab0f-6b84-4521-8b9c-bb43d2dc6dbf	3	183819971	187037117	2014	-0.6007
417cab0f-6b84-4521-8b9c-bb43d2dc6dbf	3	187037169	188772846	1342	-1.1106
417cab0f-6b84-4521-8b9c-bb43d2dc6dbf	3	188773021	190084280	969	-0.5986
417cab0f-6b84-4521-8b9c-bb43d2dc6dbf	3	190085082	190089737	2	-2.3328
417cab0f-6b84-4521-8b9c-bb43d2dc6dbf	3	190089843	193155873	2138	-0.5933
417cab0f-6b84-4521-8b9c-bb43d2dc6dbf	3	193155915	193165114	22	0.0814
417cab0f-6b84-4521-8b9c-bb43d2dc6dbf	3	193168646	195558822	1482	-0.6077
417cab0f-6b84-4521-8b9c-bb43d2dc6dbf	3	195559056	195720051	26	-1.1924
417cab0f-6b84-4521-8b9c-bb43d2dc6dbf	3	195728637	198169247	1183	-0.5735
417cab0f-6b84-4521-8b9c-bb43d2dc6dbf	4	68929	34777382	22706	-0.2124
417cab0f-6b84-4521-8b9c-bb43d2dc6dbf	4	34777403	34822561	40	0.4729
417cab0f-6b84-4521-8b9c-bb43d2dc6dbf	4	34823103	39702577	3321	-0.2208
417cab0f-6b84-4521-8b9c-bb43d2dc6dbf	4	39702789	39711713	7	-1.0761
417cab0f-6b84-4521-8b9c-bb43d2dc6dbf	4	39711868	49112078	5634	-0.1984
417cab0f-6b84-4521-8b9c-bb43d2dc6dbf	4	49113964	49654578	29	0.1759
417cab0f-6b84-4521-8b9c-bb43d2dc6dbf	4	49656206	56474530	3073	-0.1979
417cab0f-6b84-4521-8b9c-bb43d2dc6dbf	4	56480835	56481060	2	-1.5535
417cab0f-6b84-4521-8b9c-bb43d2dc6dbf	4	56482068	61071220	2986	-0.2039
417cab0f-6b84-4521-8b9c-bb43d2dc6dbf	4	61075217	61079968	3	-1.2642
417cab0f-6b84-4521-8b9c-bb43d2dc6dbf	4	61080494	62802116	938	-0.2128
417cab0f-6b84-4521-8b9c-bb43d2dc6dbf	4	62804218	62805944	8	-1.8651
417cab0f-6b84-4521-8b9c-bb43d2dc6dbf	4	62813912	63827261	555	-0.2093
417cab0f-6b84-4521-8b9c-bb43d2dc6dbf	4	63828222	63842490	27	0.2272
417cab0f-6b84-4521-8b9c-bb43d2dc6dbf	4	63842505	68389352	2853	-0.2034
417cab0f-6b84-4521-8b9c-bb43d2dc6dbf	4	68391041	68429081	10	0.7046
417cab0f-6b84-4521-8b9c-bb43d2dc6dbf	4	68439221	68509237	13	-0.1572
417cab0f-6b84-4521-8b9c-bb43d2dc6dbf	4	68509442	68620261	63	-0.6226
417cab0f-6b84-4521-8b9c-bb43d2dc6dbf	4	68623617	69229929	302	-0.1614
417cab0f-6b84-4521-8b9c-bb43d2dc6dbf	4	69234399	69432708	104	-0.0239
417cab0f-6b84-4521-8b9c-bb43d2dc6dbf	4	69432905	72751062	1962	-0.2044
417cab0f-6b84-4521-8b9c-bb43d2dc6dbf	4	72755776	72760082	7	0.5619
417cab0f-6b84-4521-8b9c-bb43d2dc6dbf	4	72767329	76872059	2609	-0.2025
417cab0f-6b84-4521-8b9c-bb43d2dc6dbf	4	76872087	76872625	6	-1.105
417cab0f-6b84-4521-8b9c-bb43d2dc6dbf	4	76872676	82356608	3468	-0.2123
417cab0f-6b84-4521-8b9c-bb43d2dc6dbf	4	82357640	82358250	2	-1.8364
417cab0f-6b84-4521-8b9c-bb43d2dc6dbf	4	82363007	90318837	4981	-0.2166
417cab0f-6b84-4521-8b9c-bb43d2dc6dbf	4	90320526	90355112	33	0.3109
417cab0f-6b84-4521-8b9c-bb43d2dc6dbf	4	90361995	103824414	7908	-0.213
417cab0f-6b84-4521-8b9c-bb43d2dc6dbf	4	103830473	103830480	5	1.0453
417cab0f-6b84-4521-8b9c-bb43d2dc6dbf	4	103830487	107147141	1870	-0.2158
417cab0f-6b84-4521-8b9c-bb43d2dc6dbf	4	107147161	107150731	7	0.3685
417cab0f-6b84-4521-8b9c-bb43d2dc6dbf	4	107152350	108923242	1083	-0.2102
417cab0f-6b84-4521-8b9c-bb43d2dc6dbf	4	108923896	109126685	126	-0.579
417cab0f-6b84-4521-8b9c-bb43d2dc6dbf	4	109130192	114252544	3210	-0.2225
417cab0f-6b84-4521-8b9c-bb43d2dc6dbf	4	114254167	114263096	25	0.5926
417cab0f-6b84-4521-8b9c-bb43d2dc6dbf	4	114263110	143790744	17615	-0.2114
417cab0f-6b84-4521-8b9c-bb43d2dc6dbf	4	143791313	144122357	164	-0.0738
417cab0f-6b84-4521-8b9c-bb43d2dc6dbf	4	144124407	183250473	24786	-0.2128
417cab0f-6b84-4521-8b9c-bb43d2dc6dbf	4	183252145	183252653	3	-1.7076
417cab0f-6b84-4521-8b9c-bb43d2dc6dbf	4	183253120	189267889	4213	-0.2167
417cab0f-6b84-4521-8b9c-bb43d2dc6dbf	4	189273964	189278110	4	-1.1929
417cab0f-6b84-4521-8b9c-bb43d2dc6dbf	4	189278617	189884957	297	-0.2302
417cab0f-6b84-4521-8b9c-bb43d2dc6dbf	4	189886368	190106768	53	0.2438
417cab0f-6b84-4521-8b9c-bb43d2dc6dbf	5	15532	667335	297	0.2926
417cab0f-6b84-4521-8b9c-bb43d2dc6dbf	5	667370	761010	32	-0.0718
417cab0f-6b84-4521-8b9c-bb43d2dc6dbf	5	772967	8702128	6608	0.3115
417cab0f-6b84-4521-8b9c-bb43d2dc6dbf	5	8702410	8747030	47	-0.7467
417cab0f-6b84-4521-8b9c-bb43d2dc6dbf	5	8749619	12800777	3203	0.3138
417cab0f-6b84-4521-8b9c-bb43d2dc6dbf	5	12815668	12857021	16	0.9678
417cab0f-6b84-4521-8b9c-bb43d2dc6dbf	5	12857227	15718383	1968	0.3145
417cab0f-6b84-4521-8b9c-bb43d2dc6dbf	5	15719113	15720488	11	-0.8169
417cab0f-6b84-4521-8b9c-bb43d2dc6dbf	5	15723237	17513301	1191	0.3089
417cab0f-6b84-4521-8b9c-bb43d2dc6dbf	5	17515692	17642442	20	-0.288
417cab0f-6b84-4521-8b9c-bb43d2dc6dbf	5	17655029	21376735	2272	0.3208
417cab0f-6b84-4521-8b9c-bb43d2dc6dbf	5	21377730	21377744	2	1.7932
417cab0f-6b84-4521-8b9c-bb43d2dc6dbf	5	21385957	21449167	44	0.3228
417cab0f-6b84-4521-8b9c-bb43d2dc6dbf	5	21451091	21452329	5	1.2346
417cab0f-6b84-4521-8b9c-bb43d2dc6dbf	5	21452387	34123989	7894	0.3081
417cab0f-6b84-4521-8b9c-bb43d2dc6dbf	5	34146304	34259309	34	0.1382
417cab0f-6b84-4521-8b9c-bb43d2dc6dbf	5	34264242	34264450	3	-1.1336
417cab0f-6b84-4521-8b9c-bb43d2dc6dbf	5	34266449	46383233	7042	0.0763
417cab0f-6b84-4521-8b9c-bb43d2dc6dbf	5	46386290	50163220	6	-0.7913
417cab0f-6b84-4521-8b9c-bb43d2dc6dbf	5	50163701	59374668	6148	0.0825
417cab0f-6b84-4521-8b9c-bb43d2dc6dbf	5	59377966	59382809	7	-0.3639
417cab0f-6b84-4521-8b9c-bb43d2dc6dbf	5	59382836	59408824	35	0.0792
417cab0f-6b84-4521-8b9c-bb43d2dc6dbf	5	59409815	59487014	61	-0.2245
417cab0f-6b84-4521-8b9c-bb43d2dc6dbf	5	59487146	59870071	269	-0.6369
417cab0f-6b84-4521-8b9c-bb43d2dc6dbf	5	59872625	60612755	378	-1.9822
417cab0f-6b84-4521-8b9c-bb43d2dc6dbf	5	60614493	70959079	5496	-0.1979
417cab0f-6b84-4521-8b9c-bb43d2dc6dbf	5	71010832	71358245	9	1.0208
417cab0f-6b84-4521-8b9c-bb43d2dc6dbf	5	71364924	76154195	3126	-0.191
417cab0f-6b84-4521-8b9c-bb43d2dc6dbf	5	76154242	76154319	3	0.813
417cab0f-6b84-4521-8b9c-bb43d2dc6dbf	5	76154351	86819561	6500	-0.187
417cab0f-6b84-4521-8b9c-bb43d2dc6dbf	5	86820504	86823329	2	-1.4093
417cab0f-6b84-4521-8b9c-bb43d2dc6dbf	5	86825812	95516457	4599	-0.1821
417cab0f-6b84-4521-8b9c-bb43d2dc6dbf	5	95520333	95584317	30	-0.6718
417cab0f-6b84-4521-8b9c-bb43d2dc6dbf	5	95586582	110124175	8877	-0.1763
417cab0f-6b84-4521-8b9c-bb43d2dc6dbf	5	110131254	110150753	12	0.5116
417cab0f-6b84-4521-8b9c-bb43d2dc6dbf	5	110152186	116347578	4453	-0.1817
417cab0f-6b84-4521-8b9c-bb43d2dc6dbf	5	116347610	116365422	15	-0.6586
417cab0f-6b84-4521-8b9c-bb43d2dc6dbf	5	116365440	116675042	273	-0.1836
417cab0f-6b84-4521-8b9c-bb43d2dc6dbf	5	116675182	116679950	5	-1.0987
417cab0f-6b84-4521-8b9c-bb43d2dc6dbf	5	116683061	129307936	8238	-0.1786
417cab0f-6b84-4521-8b9c-bb43d2dc6dbf	5	129308105	129309377	3	-1.7466
417cab0f-6b84-4521-8b9c-bb43d2dc6dbf	5	129309461	142155398	7280	-0.1808
417cab0f-6b84-4521-8b9c-bb43d2dc6dbf	5	142156007	142451412	196	0.125
417cab0f-6b84-4521-8b9c-bb43d2dc6dbf	5	142453939	180953203	25946	-0.1842
417cab0f-6b84-4521-8b9c-bb43d2dc6dbf	5	180960138	180979968	8	-0.9974
417cab0f-6b84-4521-8b9c-bb43d2dc6dbf	5	180980230	181363319	178	-0.19
417cab0f-6b84-4521-8b9c-bb43d2dc6dbf	6	149661	254283	101	0.0878
417cab0f-6b84-4521-8b9c-bb43d2dc6dbf	6	257353	294837	23	-0.4091
417cab0f-6b84-4521-8b9c-bb43d2dc6dbf	6	302306	31309909	22202	0.095
417cab0f-6b84-4521-8b9c-bb43d2dc6dbf	6	31318499	31327629	7	-1.8184
417cab0f-6b84-4521-8b9c-bb43d2dc6dbf	6	31328176	32486746	506	0.0956
417cab0f-6b84-4521-8b9c-bb43d2dc6dbf	6	32488906	32602588	28	1.5471
417cab0f-6b84-4521-8b9c-bb43d2dc6dbf	6	32605994	32718419	68	0.2403
417cab0f-6b84-4521-8b9c-bb43d2dc6dbf	6	32720838	32723053	11	0.9526
417cab0f-6b84-4521-8b9c-bb43d2dc6dbf	6	32732907	48963228	10342	0.0926
417cab0f-6b84-4521-8b9c-bb43d2dc6dbf	6	48964092	48967563	5	-1.0825
417cab0f-6b84-4521-8b9c-bb43d2dc6dbf	6	48978926	62079147	6217	0.1011
417cab0f-6b84-4521-8b9c-bb43d2dc6dbf	6	62079542	62080284	2	-1.0617
417cab0f-6b84-4521-8b9c-bb43d2dc6dbf	6	62080366	64363610	1157	0.1002
417cab0f-6b84-4521-8b9c-bb43d2dc6dbf	6	64363790	65033972	419	-0.193
417cab0f-6b84-4521-8b9c-bb43d2dc6dbf	6	65037800	65136376	82	-0.5247
417cab0f-6b84-4521-8b9c-bb43d2dc6dbf	6	65136723	65395881	161	-0.1804
417cab0f-6b84-4521-8b9c-bb43d2dc6dbf	6	65399687	65689589	201	0.085
417cab0f-6b84-4521-8b9c-bb43d2dc6dbf	6	65689644	65693959	22	-0.5405
417cab0f-6b84-4521-8b9c-bb43d2dc6dbf	6	65697234	78262064	8216	0.0982
417cab0f-6b84-4521-8b9c-bb43d2dc6dbf	6	78262085	78325468	108	0.5748
417cab0f-6b84-4521-8b9c-bb43d2dc6dbf	6	78329517	93755359	9886	0.102
417cab0f-6b84-4521-8b9c-bb43d2dc6dbf	6	93755701	94949948	785	0.1623
417cab0f-6b84-4521-8b9c-bb43d2dc6dbf	6	94952501	103286954	4791	0.0964
417cab0f-6b84-4521-8b9c-bb43d2dc6dbf	6	103290101	103314186	46	-0.9864
417cab0f-6b84-4521-8b9c-bb43d2dc6dbf	6	103317795	135014291	19793	0.0892
417cab0f-6b84-4521-8b9c-bb43d2dc6dbf	6	135021116	135022100	2	-1.2612
417cab0f-6b84-4521-8b9c-bb43d2dc6dbf	6	135028432	170741917	24368	0.0887
417cab0f-6b84-4521-8b9c-bb43d2dc6dbf	7	43355	8768530	5046	0.0766
417cab0f-6b84-4521-8b9c-bb43d2dc6dbf	7	8768774	9148256	366	0.1888
417cab0f-6b84-4521-8b9c-bb43d2dc6dbf	7	9148385	11403647	1710	0.0986
417cab0f-6b84-4521-8b9c-bb43d2dc6dbf	7	11407532	11944631	508	-0.6377
417cab0f-6b84-4521-8b9c-bb43d2dc6dbf	7	11947714	19063866	5753	0.0856
417cab0f-6b84-4521-8b9c-bb43d2dc6dbf	7	19063928	19181042	199	0.2324
417cab0f-6b84-4521-8b9c-bb43d2dc6dbf	7	19181838	20466622	987	0.1064
417cab0f-6b84-4521-8b9c-bb43d2dc6dbf	7	20476723	20586380	81	-0.211
417cab0f-6b84-4521-8b9c-bb43d2dc6dbf	7	20594019	32838348	8981	0.0742
417cab0f-6b84-4521-8b9c-bb43d2dc6dbf	7	32845713	33088634	118	-0.6124
417cab0f-6b84-4521-8b9c-bb43d2dc6dbf	7	33091075	33150181	35	0.1742
417cab0f-6b84-4521-8b9c-bb43d2dc6dbf	7	33150223	33237680	54	-0.6697
417cab0f-6b84-4521-8b9c-bb43d2dc6dbf	7	33238214	37351662	2834	0.0809
417cab0f-6b84-4521-8b9c-bb43d2dc6dbf	7	37355456	37355769	2	-1.0956
417cab0f-6b84-4521-8b9c-bb43d2dc6dbf	7	37356999	37834008	358	0.0908
417cab0f-6b84-4521-8b9c-bb43d2dc6dbf	7	37837133	37841129	5	-0.7038
417cab0f-6b84-4521-8b9c-bb43d2dc6dbf	7	37842112	38258234	326	0.0615
417cab0f-6b84-4521-8b9c-bb43d2dc6dbf	7	38258721	38304355	72	0.3357
417cab0f-6b84-4521-8b9c-bb43d2dc6dbf	7	38304547	67164253	14775	0.0905
417cab0f-6b84-4521-8b9c-bb43d2dc6dbf	7	67164342	67180245	8	-1.6786
417cab0f-6b84-4521-8b9c-bb43d2dc6dbf	7	67182652	69988459	1780	0.089
417cab0f-6b84-4521-8b9c-bb43d2dc6dbf	7	69994774	70046240	34	0.5623
417cab0f-6b84-4521-8b9c-bb43d2dc6dbf	7	70052989	82230234	6469	0.0855
417cab0f-6b84-4521-8b9c-bb43d2dc6dbf	7	82231812	82309532	34	-0.2739
417cab0f-6b84-4521-8b9c-bb43d2dc6dbf	7	82314376	95050391	8033	0.1029
417cab0f-6b84-4521-8b9c-bb43d2dc6dbf	7	95051321	95112990	39	-0.2207
417cab0f-6b84-4521-8b9c-bb43d2dc6dbf	7	95113203	109801187	8337	0.0904
417cab0f-6b84-4521-8b9c-bb43d2dc6dbf	7	109801572	109813925	11	0.8323
417cab0f-6b84-4521-8b9c-bb43d2dc6dbf	7	109814172	110137049	196	0.1132
417cab0f-6b84-4521-8b9c-bb43d2dc6dbf	7	110140750	110325580	133	-0.2015
417cab0f-6b84-4521-8b9c-bb43d2dc6dbf	7	110328019	124822027	8690	0.0979
417cab0f-6b84-4521-8b9c-bb43d2dc6dbf	7	124830002	124843168	9	-0.6402
417cab0f-6b84-4521-8b9c-bb43d2dc6dbf	7	124853047	126725583	1236	0.1099
417cab0f-6b84-4521-8b9c-bb43d2dc6dbf	7	126728238	126728312	2	-1.1738
417cab0f-6b84-4521-8b9c-bb43d2dc6dbf	7	126729188	134100424	4468	0.0841
417cab0f-6b84-4521-8b9c-bb43d2dc6dbf	7	134100442	134114401	34	0.6512
417cab0f-6b84-4521-8b9c-bb43d2dc6dbf	7	134114444	142013402	5151	0.0891
417cab0f-6b84-4521-8b9c-bb43d2dc6dbf	7	142017425	142805092	527	0.1836
417cab0f-6b84-4521-8b9c-bb43d2dc6dbf	7	142805387	146473928	2057	0.0854
417cab0f-6b84-4521-8b9c-bb43d2dc6dbf	7	146474179	146542816	42	0.4847
417cab0f-6b84-4521-8b9c-bb43d2dc6dbf	7	146542848	159334314	8310	0.0877
417cab0f-6b84-4521-8b9c-bb43d2dc6dbf	8	81254	2844412	2040	0.091
417cab0f-6b84-4521-8b9c-bb43d2dc6dbf	8	2846011	2846377	7	-1.1952
417cab0f-6b84-4521-8b9c-bb43d2dc6dbf	8	2849649	5741204	3954	0.1148
417cab0f-6b84-4521-8b9c-bb43d2dc6dbf	8	5741213	5749566	27	-0.5324
417cab0f-6b84-4521-8b9c-bb43d2dc6dbf	8	5749634	6968330	1595	0.1107
417cab0f-6b84-4521-8b9c-bb43d2dc6dbf	8	6968741	6980411	14	-0.4199
417cab0f-6b84-4521-8b9c-bb43d2dc6dbf	8	6982183	7329124	93	0.1121
417cab0f-6b84-4521-8b9c-bb43d2dc6dbf	8	7336299	7397588	22	-0.9
417cab0f-6b84-4521-8b9c-bb43d2dc6dbf	8	7414835	8120649	40	0.4415
417cab0f-6b84-4521-8b9c-bb43d2dc6dbf	8	8132772	12791219	3375	0.0962
417cab0f-6b84-4521-8b9c-bb43d2dc6dbf	8	12791669	12795017	3	1.1798
417cab0f-6b84-4521-8b9c-bb43d2dc6dbf	8	12796024	13682977	875	0.1109
417cab0f-6b84-4521-8b9c-bb43d2dc6dbf	8	13685946	13708852	24	0.2769
417cab0f-6b84-4521-8b9c-bb43d2dc6dbf	8	13714052	13729046	10	-0.9321
417cab0f-6b84-4521-8b9c-bb43d2dc6dbf	8	13729692	15477834	1670	0.0937
417cab0f-6b84-4521-8b9c-bb43d2dc6dbf	8	15477886	15583077	76	-0.2516
417cab0f-6b84-4521-8b9c-bb43d2dc6dbf	8	15583374	15692690	75	-0.5581
417cab0f-6b84-4521-8b9c-bb43d2dc6dbf	8	15695423	15725392	16	-0.3101
417cab0f-6b84-4521-8b9c-bb43d2dc6dbf	8	15729937	15916847	254	0.0629
417cab0f-6b84-4521-8b9c-bb43d2dc6dbf	8	15920406	15930760	8	-0.9784
417cab0f-6b84-4521-8b9c-bb43d2dc6dbf	8	15931492	24287495	6643	0.0979
417cab0f-6b84-4521-8b9c-bb43d2dc6dbf	8	24287917	24293553	4	-0.7714
417cab0f-6b84-4521-8b9c-bb43d2dc6dbf	8	24293995	24344087	31	0.1555
417cab0f-6b84-4521-8b9c-bb43d2dc6dbf	8	24344237	24344846	2	-1.2612
417cab0f-6b84-4521-8b9c-bb43d2dc6dbf	8	24347018	25116928	616	0.0816
417cab0f-6b84-4521-8b9c-bb43d2dc6dbf	8	25116961	25126818	26	0.7818
417cab0f-6b84-4521-8b9c-bb43d2dc6dbf	8	25133589	28140728	2337	0.088
417cab0f-6b84-4521-8b9c-bb43d2dc6dbf	8	28140858	28141382	2	-1.3665
417cab0f-6b84-4521-8b9c-bb43d2dc6dbf	8	28146458	39372806	6668	0.0901
417cab0f-6b84-4521-8b9c-bb43d2dc6dbf	8	39373140	39529446	60	0.8662
417cab0f-6b84-4521-8b9c-bb43d2dc6dbf	8	39530780	40914477	1073	0.0968
417cab0f-6b84-4521-8b9c-bb43d2dc6dbf	8	40920333	40920952	2	-1.6385
417cab0f-6b84-4521-8b9c-bb43d2dc6dbf	8	40926161	52452180	5025	0.0914
417cab0f-6b84-4521-8b9c-bb43d2dc6dbf	8	52452684	52453304	4	-0.9174
417cab0f-6b84-4521-8b9c-bb43d2dc6dbf	8	52462668	71298513	11791	0.0979
417cab0f-6b84-4521-8b9c-bb43d2dc6dbf	8	71299946	71304364	10	0.6649
417cab0f-6b84-4521-8b9c-bb43d2dc6dbf	8	71307628	84345754	7969	0.0985
417cab0f-6b84-4521-8b9c-bb43d2dc6dbf	8	84350648	84356431	19	-0.6786
417cab0f-6b84-4521-8b9c-bb43d2dc6dbf	8	84358447	111279265	16106	0.1106
417cab0f-6b84-4521-8b9c-bb43d2dc6dbf	8	111282050	111283031	10	1.5942
417cab0f-6b84-4521-8b9c-bb43d2dc6dbf	8	111288052	112363464	569	0.0955
417cab0f-6b84-4521-8b9c-bb43d2dc6dbf	8	112363595	112363666	2	-1.1202
417cab0f-6b84-4521-8b9c-bb43d2dc6dbf	8	112364149	119135741	4394	0.1097
417cab0f-6b84-4521-8b9c-bb43d2dc6dbf	8	119139771	119147207	5	-0.8728
417cab0f-6b84-4521-8b9c-bb43d2dc6dbf	8	119150615	143616987	17432	0.1118
417cab0f-6b84-4521-8b9c-bb43d2dc6dbf	8	143622987	143623105	3	-0.9355
417cab0f-6b84-4521-8b9c-bb43d2dc6dbf	8	143624575	145072769	509	0.0987
417cab0f-6b84-4521-8b9c-bb43d2dc6dbf	9	46587	186580	17	-0.1965
417cab0f-6b84-4521-8b9c-bb43d2dc6dbf	9	192129	9222892	8793	-0.6062
417cab0f-6b84-4521-8b9c-bb43d2dc6dbf	9	9224376	12734314	3016	-0.5645
417cab0f-6b84-4521-8b9c-bb43d2dc6dbf	9	12735667	21920662	7630	-0.6131
417cab0f-6b84-4521-8b9c-bb43d2dc6dbf	9	21926592	22005395	70	-1.708
417cab0f-6b84-4521-8b9c-bb43d2dc6dbf	9	22011393	22492890	310	-0.5686
417cab0f-6b84-4521-8b9c-bb43d2dc6dbf	9	22501914	22502700	2	-3.5446
417cab0f-6b84-4521-8b9c-bb43d2dc6dbf	9	22509341	23361807	580	-0.6084
417cab0f-6b84-4521-8b9c-bb43d2dc6dbf	9	23363117	23378490	9	-1.57
417cab0f-6b84-4521-8b9c-bb43d2dc6dbf	9	23379721	24477130	757	-0.6036
417cab0f-6b84-4521-8b9c-bb43d2dc6dbf	9	24477206	24477517	3	0.5081
417cab0f-6b84-4521-8b9c-bb43d2dc6dbf	9	24477533	27236646	2038	-0.5934
417cab0f-6b84-4521-8b9c-bb43d2dc6dbf	9	27248179	27248646	5	-2.505
417cab0f-6b84-4521-8b9c-bb43d2dc6dbf	9	27248729	31613847	3257	-0.6033
417cab0f-6b84-4521-8b9c-bb43d2dc6dbf	9	31614033	31679896	59	-3.6151
417cab0f-6b84-4521-8b9c-bb43d2dc6dbf	9	31680707	34905961	2101	-0.6163
417cab0f-6b84-4521-8b9c-bb43d2dc6dbf	9	34911882	38439975	2161	-0.2325
417cab0f-6b84-4521-8b9c-bb43d2dc6dbf	9	38440757	38440949	3	-1.3286
417cab0f-6b84-4521-8b9c-bb43d2dc6dbf	9	38441589	38771834	289	-0.2278
417cab0f-6b84-4521-8b9c-bb43d2dc6dbf	9	38787496	42014203	176	0.092
417cab0f-6b84-4521-8b9c-bb43d2dc6dbf	9	42037471	42546668	35	-1.2659
417cab0f-6b84-4521-8b9c-bb43d2dc6dbf	9	42566207	42585140	3	-0.569
417cab0f-6b84-4521-8b9c-bb43d2dc6dbf	9	42697878	42727685	13	0.6981
417cab0f-6b84-4521-8b9c-bb43d2dc6dbf	9	42729302	61572014	59	-0.1434
417cab0f-6b84-4521-8b9c-bb43d2dc6dbf	9	61573452	61668104	14	0.6366
417cab0f-6b84-4521-8b9c-bb43d2dc6dbf	9	61680289	64493528	93	-0.0892
417cab0f-6b84-4521-8b9c-bb43d2dc6dbf	9	64495298	64507211	7	-2.0466
417cab0f-6b84-4521-8b9c-bb43d2dc6dbf	9	64510407	67168711	53	-0.012
417cab0f-6b84-4521-8b9c-bb43d2dc6dbf	9	67216687	67375814	2	1.839
417cab0f-6b84-4521-8b9c-bb43d2dc6dbf	9	67402423	89700867	15384	-0.222
417cab0f-6b84-4521-8b9c-bb43d2dc6dbf	9	89700967	89703253	2	-1.5227
417cab0f-6b84-4521-8b9c-bb43d2dc6dbf	9	89703305	102020784	8165	-0.2262
417cab0f-6b84-4521-8b9c-bb43d2dc6dbf	9	102021933	102204496	172	-0.0723
417cab0f-6b84-4521-8b9c-bb43d2dc6dbf	9	102205441	102753540	351	-0.2463
417cab0f-6b84-4521-8b9c-bb43d2dc6dbf	9	102753569	102755399	5	-1.0675
417cab0f-6b84-4521-8b9c-bb43d2dc6dbf	9	102755541	110262162	5836	-0.2262
417cab0f-6b84-4521-8b9c-bb43d2dc6dbf	9	110262509	110265889	3	-1.6755
417cab0f-6b84-4521-8b9c-bb43d2dc6dbf	9	110270151	113413642	2284	-0.2268
417cab0f-6b84-4521-8b9c-bb43d2dc6dbf	9	113417698	113614863	90	0.2807
417cab0f-6b84-4521-8b9c-bb43d2dc6dbf	9	113621616	134011227	13775	-0.2328
417cab0f-6b84-4521-8b9c-bb43d2dc6dbf	9	134016439	134127781	61	0.2667
417cab0f-6b84-4521-8b9c-bb43d2dc6dbf	9	134137190	134138998	3	0.7784
417cab0f-6b84-4521-8b9c-bb43d2dc6dbf	9	134141968	134158523	7	0.2088
417cab0f-6b84-4521-8b9c-bb43d2dc6dbf	9	134205105	138200944	1789	-0.246
417cab0f-6b84-4521-8b9c-bb43d2dc6dbf	10	45792	1342438	772	-0.1429
417cab0f-6b84-4521-8b9c-bb43d2dc6dbf	10	1343559	1482214	133	-0.7012
417cab0f-6b84-4521-8b9c-bb43d2dc6dbf	10	1482991	19636610	15327	-0.125
417cab0f-6b84-4521-8b9c-bb43d2dc6dbf	10	19638146	19901831	170	-0.4713
417cab0f-6b84-4521-8b9c-bb43d2dc6dbf	10	19906862	24088745	2790	-0.132
417cab0f-6b84-4521-8b9c-bb43d2dc6dbf	10	24088746	24089125	10	-1.7494
417cab0f-6b84-4521-8b9c-bb43d2dc6dbf	10	24089979	25443242	923	-0.1387
417cab0f-6b84-4521-8b9c-bb43d2dc6dbf	10	25443730	25444066	2	-1.6833
417cab0f-6b84-4521-8b9c-bb43d2dc6dbf	10	25444351	45798061	11304	-0.125
417cab0f-6b84-4521-8b9c-bb43d2dc6dbf	10	45798171	45817039	2	-1.36
417cab0f-6b84-4521-8b9c-bb43d2dc6dbf	10	45936113	46328716	219	-0.1625
417cab0f-6b84-4521-8b9c-bb43d2dc6dbf	10	46328845	46836986	72	0.1382
417cab0f-6b84-4521-8b9c-bb43d2dc6dbf	10	46898735	53110950	3939	-0.1226
417cab0f-6b84-4521-8b9c-bb43d2dc6dbf	10	53119431	53601601	361	-0.2225
417cab0f-6b84-4521-8b9c-bb43d2dc6dbf	10	53612257	54705167	867	-0.1303
417cab0f-6b84-4521-8b9c-bb43d2dc6dbf	10	54707152	56236623	1051	-0.07
417cab0f-6b84-4521-8b9c-bb43d2dc6dbf	10	56236647	65540090	6458	-0.129
417cab0f-6b84-4521-8b9c-bb43d2dc6dbf	10	65540316	65554688	35	0.209
417cab0f-6b84-4521-8b9c-bb43d2dc6dbf	10	65563037	75756592	6226	-0.127
417cab0f-6b84-4521-8b9c-bb43d2dc6dbf	10	75757096	75824376	48	-0.5053
417cab0f-6b84-4521-8b9c-bb43d2dc6dbf	10	75827208	83182468	5400	-0.1312
417cab0f-6b84-4521-8b9c-bb43d2dc6dbf	10	83187390	83187966	4	-1.2346
417cab0f-6b84-4521-8b9c-bb43d2dc6dbf	10	83188127	133654968	34534	-0.1274
417cab0f-6b84-4521-8b9c-bb43d2dc6dbf	11	198510	202179	3	0.06
417cab0f-6b84-4521-8b9c-bb43d2dc6dbf	11	206767	336192	63	0.5534
417cab0f-6b84-4521-8b9c-bb43d2dc6dbf	11	336332	5766850	3163	0.0847
417cab0f-6b84-4521-8b9c-bb43d2dc6dbf	11	5766862	5791130	34	0.4722
417cab0f-6b84-4521-8b9c-bb43d2dc6dbf	11	5794956	18931015	9423	0.0861
417cab0f-6b84-4521-8b9c-bb43d2dc6dbf	11	18931043	18940375	25	-0.2626
417cab0f-6b84-4521-8b9c-bb43d2dc6dbf	11	18940441	25197565	4955	0.0897
417cab0f-6b84-4521-8b9c-bb43d2dc6dbf	11	25197599	25199466	2	1.3962
417cab0f-6b84-4521-8b9c-bb43d2dc6dbf	11	25202707	31495126	4175	0.0941
417cab0f-6b84-4521-8b9c-bb43d2dc6dbf	11	31497377	31581617	41	-0.6099
417cab0f-6b84-4521-8b9c-bb43d2dc6dbf	11	31588129	55608547	12586	0.0896
417cab0f-6b84-4521-8b9c-bb43d2dc6dbf	11	55608760	55674842	43	-0.3988
417cab0f-6b84-4521-8b9c-bb43d2dc6dbf	11	55676735	60965272	3243	0.0988
417cab0f-6b84-4521-8b9c-bb43d2dc6dbf	11	60969285	78845233	8878	0.0659
417cab0f-6b84-4521-8b9c-bb43d2dc6dbf	11	78845415	80256469	1149	0.0955
417cab0f-6b84-4521-8b9c-bb43d2dc6dbf	11	80256504	80256520	2	-2.9387
417cab0f-6b84-4521-8b9c-bb43d2dc6dbf	11	80256642	84107616	2841	0.088
417cab0f-6b84-4521-8b9c-bb43d2dc6dbf	11	84117637	84131281	16	0.7449
417cab0f-6b84-4521-8b9c-bb43d2dc6dbf	11	84134536	92097323	5181	0.0814
417cab0f-6b84-4521-8b9c-bb43d2dc6dbf	11	92097492	92097877	2	2.235
417cab0f-6b84-4521-8b9c-bb43d2dc6dbf	11	92099538	134731897	30697	0.0794
417cab0f-6b84-4521-8b9c-bb43d2dc6dbf	11	134732386	134733052	2	-4.1329
417cab0f-6b84-4521-8b9c-bb43d2dc6dbf	11	134737977	135074876	281	0.0593
417cab0f-6b84-4521-8b9c-bb43d2dc6dbf	12	51460	2126723	1263	0.1003
417cab0f-6b84-4521-8b9c-bb43d2dc6dbf	12	2136696	2148754	41	-0.6579
417cab0f-6b84-4521-8b9c-bb43d2dc6dbf	12	2148857	4276414	1572	0.0937
417cab0f-6b84-4521-8b9c-bb43d2dc6dbf	12	4276438	4279366	10	0.4199
417cab0f-6b84-4521-8b9c-bb43d2dc6dbf	12	4279989	4280040	4	-1.0548
417cab0f-6b84-4521-8b9c-bb43d2dc6dbf	12	4280183	10954387	4260	0.0946
417cab0f-6b84-4521-8b9c-bb43d2dc6dbf	12	10958295	11074314	87	-0.184
417cab0f-6b84-4521-8b9c-bb43d2dc6dbf	12	11078856	13178404	1550	0.105
417cab0f-6b84-4521-8b9c-bb43d2dc6dbf	12	13181725	13181928	2	-1.004
417cab0f-6b84-4521-8b9c-bb43d2dc6dbf	12	13182206	16262566	2142	0.111
417cab0f-6b84-4521-8b9c-bb43d2dc6dbf	12	16262764	16275623	5	0.7216
417cab0f-6b84-4521-8b9c-bb43d2dc6dbf	12	16275804	20862881	2908	0.1038
417cab0f-6b84-4521-8b9c-bb43d2dc6dbf	12	20862972	20868014	7	0.6218
417cab0f-6b84-4521-8b9c-bb43d2dc6dbf	12	20868169	23711408	1916	0.0953
417cab0f-6b84-4521-8b9c-bb43d2dc6dbf	12	23712277	23767651	40	-0.2734
417cab0f-6b84-4521-8b9c-bb43d2dc6dbf	12	23768300	32177481	6291	0.1023
417cab0f-6b84-4521-8b9c-bb43d2dc6dbf	12	32178261	32181558	3	-1.1299
417cab0f-6b84-4521-8b9c-bb43d2dc6dbf	12	32183952	33148586	679	0.0761
417cab0f-6b84-4521-8b9c-bb43d2dc6dbf	12	33148600	33995663	554	0.1948
417cab0f-6b84-4521-8b9c-bb43d2dc6dbf	12	33996498	34650111	255	0.1043
417cab0f-6b84-4521-8b9c-bb43d2dc6dbf	12	34682719	34682902	2	-1.3671
417cab0f-6b84-4521-8b9c-bb43d2dc6dbf	12	34701563	45506042	4799	0.097
417cab0f-6b84-4521-8b9c-bb43d2dc6dbf	12	45510655	45515754	4	-1.6541
417cab0f-6b84-4521-8b9c-bb43d2dc6dbf	12	45519509	57229387	6605	0.0786
417cab0f-6b84-4521-8b9c-bb43d2dc6dbf	12	57236661	57566404	137	0.4976
417cab0f-6b84-4521-8b9c-bb43d2dc6dbf	12	57570686	72848336	9951	0.0876
417cab0f-6b84-4521-8b9c-bb43d2dc6dbf	12	72851624	72851625	2	1.6276
417cab0f-6b84-4521-8b9c-bb43d2dc6dbf	12	72859412	131636170	39168	0.0807
417cab0f-6b84-4521-8b9c-bb43d2dc6dbf	12	131648039	131658829	16	0.5755
417cab0f-6b84-4521-8b9c-bb43d2dc6dbf	12	131659376	133201603	555	0.0684
417cab0f-6b84-4521-8b9c-bb43d2dc6dbf	13	18452809	18744498	71	0.132
417cab0f-6b84-4521-8b9c-bb43d2dc6dbf	13	18794552	18795170	5	-1.3975
417cab0f-6b84-4521-8b9c-bb43d2dc6dbf	13	18795296	23058721	2784	0.0947
417cab0f-6b84-4521-8b9c-bb43d2dc6dbf	13	23058737	23059376	10	-0.6332
417cab0f-6b84-4521-8b9c-bb43d2dc6dbf	13	23064056	29455681	4818	0.0877
417cab0f-6b84-4521-8b9c-bb43d2dc6dbf	13	29457425	29459091	2	-1.4546
417cab0f-6b84-4521-8b9c-bb43d2dc6dbf	13	29462056	57129067	18314	0.0963
417cab0f-6b84-4521-8b9c-bb43d2dc6dbf	13	57129120	57476563	211	0.2128
417cab0f-6b84-4521-8b9c-bb43d2dc6dbf	13	57477107	63924058	3794	0.099
417cab0f-6b84-4521-8b9c-bb43d2dc6dbf	13	63924648	63926894	4	1.1708
417cab0f-6b84-4521-8b9c-bb43d2dc6dbf	13	63926909	71902850	5029	0.1011
417cab0f-6b84-4521-8b9c-bb43d2dc6dbf	13	71903417	71906418	4	-2.5951
417cab0f-6b84-4521-8b9c-bb43d2dc6dbf	13	71906467	109033739	25660	0.0969
417cab0f-6b84-4521-8b9c-bb43d2dc6dbf	13	109034100	109110253	56	-0.1913
417cab0f-6b84-4521-8b9c-bb43d2dc6dbf	13	109112798	110811975	1413	0.0865
417cab0f-6b84-4521-8b9c-bb43d2dc6dbf	13	110817027	110987250	119	0.6166
417cab0f-6b84-4521-8b9c-bb43d2dc6dbf	13	110988117	114342922	1827	0.0953
417cab0f-6b84-4521-8b9c-bb43d2dc6dbf	14	18239283	19732222	66	-0.0274
417cab0f-6b84-4521-8b9c-bb43d2dc6dbf	14	19732250	19955213	101	0.7584
417cab0f-6b84-4521-8b9c-bb43d2dc6dbf	14	19956767	21786874	1211	-0.223
417cab0f-6b84-4521-8b9c-bb43d2dc6dbf	14	21789074	22519044	662	-0.0392
417cab0f-6b84-4521-8b9c-bb43d2dc6dbf	14	22519593	26314709	2472	-0.2267
417cab0f-6b84-4521-8b9c-bb43d2dc6dbf	14	26314710	26314711	2	-1.7168
417cab0f-6b84-4521-8b9c-bb43d2dc6dbf	14	26314712	42518302	10114	-0.217
417cab0f-6b84-4521-8b9c-bb43d2dc6dbf	14	42518663	42523231	3	-1.6438
417cab0f-6b84-4521-8b9c-bb43d2dc6dbf	14	42526308	66304789	15074	-0.2228
417cab0f-6b84-4521-8b9c-bb43d2dc6dbf	14	66304864	66512775	99	-0.6428
417cab0f-6b84-4521-8b9c-bb43d2dc6dbf	14	66518535	66674437	61	-0.1819
417cab0f-6b84-4521-8b9c-bb43d2dc6dbf	14	66681417	66764397	45	-1.0745
417cab0f-6b84-4521-8b9c-bb43d2dc6dbf	14	66765580	66923782	58	-0.3907
417cab0f-6b84-4521-8b9c-bb43d2dc6dbf	14	66925361	67061500	57	-0.6345
417cab0f-6b84-4521-8b9c-bb43d2dc6dbf	14	67066556	80655442	8914	-0.2255
417cab0f-6b84-4521-8b9c-bb43d2dc6dbf	14	80655994	80722429	42	-0.6408
417cab0f-6b84-4521-8b9c-bb43d2dc6dbf	14	80727485	105578033	15907	-0.2224
417cab0f-6b84-4521-8b9c-bb43d2dc6dbf	14	105588560	105653302	11	-1.4685
417cab0f-6b84-4521-8b9c-bb43d2dc6dbf	14	105656902	106294689	199	-0.1798
417cab0f-6b84-4521-8b9c-bb43d2dc6dbf	14	106297265	106297273	3	1.6268
417cab0f-6b84-4521-8b9c-bb43d2dc6dbf	14	106297409	106345431	18	-0.0902
417cab0f-6b84-4521-8b9c-bb43d2dc6dbf	14	106345838	106346129	3	-1.1818
417cab0f-6b84-4521-8b9c-bb43d2dc6dbf	14	106360014	106416146	30	-0.2284
417cab0f-6b84-4521-8b9c-bb43d2dc6dbf	14	106418444	106475361	51	-0.9392
417cab0f-6b84-4521-8b9c-bb43d2dc6dbf	14	106487515	106877229	193	-0.1849
417cab0f-6b84-4521-8b9c-bb43d2dc6dbf	15	19811075	20235285	63	-0.0245
417cab0f-6b84-4521-8b9c-bb43d2dc6dbf	15	20240885	22413894	146	-0.6758
417cab0f-6b84-4521-8b9c-bb43d2dc6dbf	15	22455811	22766001	46	0.4213
417cab0f-6b84-4521-8b9c-bb43d2dc6dbf	15	22771708	52421449	18053	0.0751
417cab0f-6b84-4521-8b9c-bb43d2dc6dbf	15	52421702	52441101	13	0.4658
417cab0f-6b84-4521-8b9c-bb43d2dc6dbf	15	52443159	52643137	112	0.8619
417cab0f-6b84-4521-8b9c-bb43d2dc6dbf	15	52643318	52673076	20	0.5048
417cab0f-6b84-4521-8b9c-bb43d2dc6dbf	15	52676758	57068772	2961	0.0769
417cab0f-6b84-4521-8b9c-bb43d2dc6dbf	15	57069478	57171259	47	-0.5501
417cab0f-6b84-4521-8b9c-bb43d2dc6dbf	15	57173132	72239818	10281	0.0678
417cab0f-6b84-4521-8b9c-bb43d2dc6dbf	15	72243397	72317357	36	0.5422
417cab0f-6b84-4521-8b9c-bb43d2dc6dbf	15	72318652	101880399	19753	0.0777
417cab0f-6b84-4521-8b9c-bb43d2dc6dbf	15	101880604	101928837	11	0.6136
417cab0f-6b84-4521-8b9c-bb43d2dc6dbf	16	10777	3090702	1069	0.07
417cab0f-6b84-4521-8b9c-bb43d2dc6dbf	16	3091712	3155762	32	0.4919
417cab0f-6b84-4521-8b9c-bb43d2dc6dbf	16	3161319	53183673	23669	0.0911
417cab0f-6b84-4521-8b9c-bb43d2dc6dbf	16	53185648	53300404	65	-0.6109
417cab0f-6b84-4521-8b9c-bb43d2dc6dbf	16	53305367	55761136	2097	0.0893
417cab0f-6b84-4521-8b9c-bb43d2dc6dbf	16	55762477	55774768	12	-0.7887
417cab0f-6b84-4521-8b9c-bb43d2dc6dbf	16	55775312	55782331	5	-0.3026
417cab0f-6b84-4521-8b9c-bb43d2dc6dbf	16	55782734	55808442	6	-0.173
417cab0f-6b84-4521-8b9c-bb43d2dc6dbf	16	55808470	55824881	12	0.5435
417cab0f-6b84-4521-8b9c-bb43d2dc6dbf	16	55834527	70105639	8740	0.0894
417cab0f-6b84-4521-8b9c-bb43d2dc6dbf	16	70117657	70164453	14	0.5905
417cab0f-6b84-4521-8b9c-bb43d2dc6dbf	16	70164493	83760390	11643	0.0988
417cab0f-6b84-4521-8b9c-bb43d2dc6dbf	16	83760392	83760401	2	-1.3036
417cab0f-6b84-4521-8b9c-bb43d2dc6dbf	16	83760419	90096867	4497	0.0716
417cab0f-6b84-4521-8b9c-bb43d2dc6dbf	17	150733	634703	255	0.0635
417cab0f-6b84-4521-8b9c-bb43d2dc6dbf	17	655918	656361	3	1.2871
417cab0f-6b84-4521-8b9c-bb43d2dc6dbf	17	656544	13252557	7848	0.043
417cab0f-6b84-4521-8b9c-bb43d2dc6dbf	17	13252736	13254223	7	-0.6337
417cab0f-6b84-4521-8b9c-bb43d2dc6dbf	17	13255041	13627327	283	0.0391
417cab0f-6b84-4521-8b9c-bb43d2dc6dbf	17	13627477	15703965	1625	0.0868
417cab0f-6b84-4521-8b9c-bb43d2dc6dbf	17	15709821	18452078	1366	0.0239
417cab0f-6b84-4521-8b9c-bb43d2dc6dbf	17	18455632	18561272	25	0.7432
417cab0f-6b84-4521-8b9c-bb43d2dc6dbf	17	18561907	36109315	6834	0.0876
417cab0f-6b84-4521-8b9c-bb43d2dc6dbf	17	36109735	36208249	37	0.9745
417cab0f-6b84-4521-8b9c-bb43d2dc6dbf	17	36460442	41266838	2526	0.0798
417cab0f-6b84-4521-8b9c-bb43d2dc6dbf	17	41266851	41274279	19	1.2181
417cab0f-6b84-4521-8b9c-bb43d2dc6dbf	17	41276472	43767321	1357	0.0763
417cab0f-6b84-4521-8b9c-bb43d2dc6dbf	17	43767867	44052862	162	0.2007
417cab0f-6b84-4521-8b9c-bb43d2dc6dbf	17	44055242	46136800	1018	0.0787
417cab0f-6b84-4521-8b9c-bb43d2dc6dbf	17	46137998	46286804	87	-0.1945
417cab0f-6b84-4521-8b9c-bb43d2dc6dbf	17	46323701	46446360	4	-1.522
417cab0f-6b84-4521-8b9c-bb43d2dc6dbf	17	46569894	49202400	1309	0.0761
417cab0f-6b84-4521-8b9c-bb43d2dc6dbf	17	49202939	83091923	20260	0.5343
417cab0f-6b84-4521-8b9c-bb43d2dc6dbf	18	48133	7838029	5638	0.0641
417cab0f-6b84-4521-8b9c-bb43d2dc6dbf	18	7839267	7905636	44	-0.336
417cab0f-6b84-4521-8b9c-bb43d2dc6dbf	18	7907681	36455733	14293	0.0561
417cab0f-6b84-4521-8b9c-bb43d2dc6dbf	18	36457209	36492720	23	-0.2735
417cab0f-6b84-4521-8b9c-bb43d2dc6dbf	18	36492727	36555158	63	-0.635
417cab0f-6b84-4521-8b9c-bb43d2dc6dbf	18	36559628	36664619	123	-0.2784
417cab0f-6b84-4521-8b9c-bb43d2dc6dbf	18	36667081	39397723	1790	0.0615
417cab0f-6b84-4521-8b9c-bb43d2dc6dbf	18	39398385	39708310	161	-0.2527
417cab0f-6b84-4521-8b9c-bb43d2dc6dbf	18	39709012	40678118	634	0.0497
417cab0f-6b84-4521-8b9c-bb43d2dc6dbf	18	40678132	40678763	13	0.5376
417cab0f-6b84-4521-8b9c-bb43d2dc6dbf	18	40680456	40685425	19	-1.9078
417cab0f-6b84-4521-8b9c-bb43d2dc6dbf	18	40688060	41092030	249	0.0521
417cab0f-6b84-4521-8b9c-bb43d2dc6dbf	18	41092322	41092357	2	1.324
417cab0f-6b84-4521-8b9c-bb43d2dc6dbf	18	41092421	46947184	3851	0.0605
417cab0f-6b84-4521-8b9c-bb43d2dc6dbf	18	46947961	46959272	11	0.7157
417cab0f-6b84-4521-8b9c-bb43d2dc6dbf	18	47037791	66060309	13379	0.0599
417cab0f-6b84-4521-8b9c-bb43d2dc6dbf	18	66060363	66061104	10	-1.7831
417cab0f-6b84-4521-8b9c-bb43d2dc6dbf	18	66065502	66239629	148	0.0619
417cab0f-6b84-4521-8b9c-bb43d2dc6dbf	18	66240197	66244124	9	-0.757
417cab0f-6b84-4521-8b9c-bb43d2dc6dbf	18	66244352	76890444	8027	0.0731
417cab0f-6b84-4521-8b9c-bb43d2dc6dbf	18	76890551	76971116	59	-0.1775
417cab0f-6b84-4521-8b9c-bb43d2dc6dbf	18	76972061	80257174	2182	0.0524
417cab0f-6b84-4521-8b9c-bb43d2dc6dbf	19	90910	52446427	25322	0.0764
417cab0f-6b84-4521-8b9c-bb43d2dc6dbf	19	52451340	52596384	88	0.5631
417cab0f-6b84-4521-8b9c-bb43d2dc6dbf	19	52596400	53013829	301	0.105
417cab0f-6b84-4521-8b9c-bb43d2dc6dbf	19	53015494	53050987	23	0.4967
417cab0f-6b84-4521-8b9c-bb43d2dc6dbf	19	53051066	58586487	3375	0.1033
417cab0f-6b84-4521-8b9c-bb43d2dc6dbf	20	80664	1571811	1183	0.096
417cab0f-6b84-4521-8b9c-bb43d2dc6dbf	20	1576544	1580156	18	-0.5696
417cab0f-6b84-4521-8b9c-bb43d2dc6dbf	20	1580276	1601561	39	-0.0778
417cab0f-6b84-4521-8b9c-bb43d2dc6dbf	20	1609611	1613247	5	1.9328
417cab0f-6b84-4521-8b9c-bb43d2dc6dbf	20	1617300	6621085	3670	0.0756
417cab0f-6b84-4521-8b9c-bb43d2dc6dbf	20	6621725	18246023	9343	0.0967
417cab0f-6b84-4521-8b9c-bb43d2dc6dbf	20	18246526	38087420	9291	0.0748
417cab0f-6b84-4521-8b9c-bb43d2dc6dbf	20	38088373	38234142	75	0.6629
417cab0f-6b84-4521-8b9c-bb43d2dc6dbf	20	38234638	39403844	761	0.0759
417cab0f-6b84-4521-8b9c-bb43d2dc6dbf	20	39405820	39413403	4	-1.0854
417cab0f-6b84-4521-8b9c-bb43d2dc6dbf	20	39417485	52031054	9007	0.0794
417cab0f-6b84-4521-8b9c-bb43d2dc6dbf	20	52036258	52038037	5	-1.0637
417cab0f-6b84-4521-8b9c-bb43d2dc6dbf	20	52041360	52718884	466	0.1056
417cab0f-6b84-4521-8b9c-bb43d2dc6dbf	20	52719295	52719468	2	-1.1533
417cab0f-6b84-4521-8b9c-bb43d2dc6dbf	20	52719921	54036697	1041	0.0953
417cab0f-6b84-4521-8b9c-bb43d2dc6dbf	20	54037290	54042054	15	0.4596
417cab0f-6b84-4521-8b9c-bb43d2dc6dbf	20	54042112	59722413	4539	0.0836
417cab0f-6b84-4521-8b9c-bb43d2dc6dbf	20	59725584	59741123	11	-1.1885
417cab0f-6b84-4521-8b9c-bb43d2dc6dbf	20	59741136	60535987	709	0.0964
417cab0f-6b84-4521-8b9c-bb43d2dc6dbf	20	60538651	60547635	7	-1.3589
417cab0f-6b84-4521-8b9c-bb43d2dc6dbf	20	60553323	64324800	2186	0.0826
417cab0f-6b84-4521-8b9c-bb43d2dc6dbf	21	10354168	10582026	59	0.1366
417cab0f-6b84-4521-8b9c-bb43d2dc6dbf	21	10585552	10643703	23	0.4531
417cab0f-6b84-4521-8b9c-bb43d2dc6dbf	21	10646516	18683769	3462	0.1017
417cab0f-6b84-4521-8b9c-bb43d2dc6dbf	21	18685360	18708616	27	0.6701
417cab0f-6b84-4521-8b9c-bb43d2dc6dbf	21	18709557	22278814	2729	0.0937
417cab0f-6b84-4521-8b9c-bb43d2dc6dbf	21	22283580	22296972	11	-0.9192
417cab0f-6b84-4521-8b9c-bb43d2dc6dbf	21	22301563	22865720	408	0.1093
417cab0f-6b84-4521-8b9c-bb43d2dc6dbf	21	22865837	23064725	178	0.2102
417cab0f-6b84-4521-8b9c-bb43d2dc6dbf	21	23064924	46677045	16968	0.0851
417cab0f-6b84-4521-8b9c-bb43d2dc6dbf	22	15294547	16991142	290	0.153
417cab0f-6b84-4521-8b9c-bb43d2dc6dbf	22	16992466	18157533	837	0.0675
417cab0f-6b84-4521-8b9c-bb43d2dc6dbf	22	18159378	18649244	8	0.3669
417cab0f-6b84-4521-8b9c-bb43d2dc6dbf	22	18760927	18818348	4	1.738
417cab0f-6b84-4521-8b9c-bb43d2dc6dbf	22	18822581	22975528	2631	0.0911
417cab0f-6b84-4521-8b9c-bb43d2dc6dbf	22	22977204	23981995	624	-0.6041
417cab0f-6b84-4521-8b9c-bb43d2dc6dbf	22	23988078	23989773	2	-3.0725
417cab0f-6b84-4521-8b9c-bb43d2dc6dbf	22	23990431	38967760	10836	-0.6092
417cab0f-6b84-4521-8b9c-bb43d2dc6dbf	22	38967967	39092388	55	-0.1876
417cab0f-6b84-4521-8b9c-bb43d2dc6dbf	22	39094415	42501276	1856	-0.5894
417cab0f-6b84-4521-8b9c-bb43d2dc6dbf	22	42503434	42559782	26	0.147
417cab0f-6b84-4521-8b9c-bb43d2dc6dbf	22	42561282	50785567	6091	-0.6321
417cab0f-6b84-4521-8b9c-bb43d2dc6dbf	22	50793230	50796027	2	0.0828
417cab0f-6b84-4521-8b9c-bb43d2dc6dbf	X	251810	2858112	150	-0.0194
417cab0f-6b84-4521-8b9c-bb43d2dc6dbf	X	2858331	2884327	20	-0.7088
417cab0f-6b84-4521-8b9c-bb43d2dc6dbf	X	2884527	29382042	17749	-0.008
417cab0f-6b84-4521-8b9c-bb43d2dc6dbf	X	29382283	29557435	126	-0.7843
417cab0f-6b84-4521-8b9c-bb43d2dc6dbf	X	29558498	79844341	22827	-0.0107
417cab0f-6b84-4521-8b9c-bb43d2dc6dbf	X	79846079	79849004	27	-3.9491
417cab0f-6b84-4521-8b9c-bb43d2dc6dbf	X	79849126	87552767	4361	-0.0075
417cab0f-6b84-4521-8b9c-bb43d2dc6dbf	X	87552970	87558259	10	0.6425
417cab0f-6b84-4521-8b9c-bb43d2dc6dbf	X	87558333	113606032	13581	-0.0004
417cab0f-6b84-4521-8b9c-bb43d2dc6dbf	X	113607501	113749519	86	-0.8553
417cab0f-6b84-4521-8b9c-bb43d2dc6dbf	X	113750192	135619994	12296	-0.0087
417cab0f-6b84-4521-8b9c-bb43d2dc6dbf	X	135623557	135668591	31	0.9886
417cab0f-6b84-4521-8b9c-bb43d2dc6dbf	X	135673726	147662888	7730	0.0063
417cab0f-6b84-4521-8b9c-bb43d2dc6dbf	X	147668589	147779649	94	-0.7181
417cab0f-6b84-4521-8b9c-bb43d2dc6dbf	X	147779850	153044472	3324	0.0016
417cab0f-6b84-4521-8b9c-bb43d2dc6dbf	X	153044802	153044955	2	-1.808
417cab0f-6b84-4521-8b9c-bb43d2dc6dbf	X	153045013	153492865	228	-0.0016
417cab0f-6b84-4521-8b9c-bb43d2dc6dbf	X	153496252	155679498	861	0.8022
417cab0f-6b84-4521-8b9c-bb43d2dc6dbf	X	155681069	155688578	4	-0.5273
417cab0f-6b84-4521-8b9c-bb43d2dc6dbf	X	155692212	155800147	23	0.6149
417cab0f-6b84-4521-8b9c-bb43d2dc6dbf	X	155804033	155952689	7	0.2852
417cab0f-6b84-4521-8b9c-bb43d2dc6dbf	Y	2782397	26576009	6601	-0.8384
417cab0f-6b84-4521-8b9c-bb43d2dc6dbf	Y	26580915	26585775	3	0.7048
417cab0f-6b84-4521-8b9c-bb43d2dc6dbf	Y	26586954	56872112	35	-0.7824
