GDC_Aliquot	Chromosome	Start	End	Num_Probes	Segment_Mean
f3fccb4b-1f9b-42f2-9328-36dd65d5b3c1	1	62920	98588	12	1.1915
f3fccb4b-1f9b-42f2-9328-36dd65d5b3c1	1	98602	13876385	6813	-0.0145
f3fccb4b-1f9b-42f2-9328-36dd65d5b3c1	1	13877219	14270397	370	0.9232
f3fccb4b-1f9b-42f2-9328-36dd65d5b3c1	1	14279019	17762443	2076	-0.0085
f3fccb4b-1f9b-42f2-9328-36dd65d5b3c1	1	17764434	17764480	2	-1.9602
f3fccb4b-1f9b-42f2-9328-36dd65d5b3c1	1	17764807	34637053	9686	-0.0035
f3fccb4b-1f9b-42f2-9328-36dd65d5b3c1	1	34637069	34638890	19	-0.8112
f3fccb4b-1f9b-42f2-9328-36dd65d5b3c1	1	34648667	72303233	23727	0.0039
f3fccb4b-1f9b-42f2-9328-36dd65d5b3c1	1	72303253	72345465	45	0.3499
f3fccb4b-1f9b-42f2-9328-36dd65d5b3c1	1	72346221	105476688	20915	0.0037
f3fccb4b-1f9b-42f2-9328-36dd65d5b3c1	1	105476748	105479753	14	1.0217
f3fccb4b-1f9b-42f2-9328-36dd65d5b3c1	1	105481433	109684695	2629	0.0029
f3fccb4b-1f9b-42f2-9328-36dd65d5b3c1	1	109684893	109697556	14	-1.2029
f3fccb4b-1f9b-42f2-9328-36dd65d5b3c1	1	109702376	143494500	7116	-0.0026
f3fccb4b-1f9b-42f2-9328-36dd65d5b3c1	1	143541857	143748012	96	-0.8506
f3fccb4b-1f9b-42f2-9328-36dd65d5b3c1	1	143748074	248930189	67757	0.0028
f3fccb4b-1f9b-42f2-9328-36dd65d5b3c1	2	12784	3736126	2629	-0.0089
f3fccb4b-1f9b-42f2-9328-36dd65d5b3c1	2	3736780	3738952	3	-1.2958
f3fccb4b-1f9b-42f2-9328-36dd65d5b3c1	2	3739347	3777877	54	0.0017
f3fccb4b-1f9b-42f2-9328-36dd65d5b3c1	2	3780301	3780519	3	1.8331
f3fccb4b-1f9b-42f2-9328-36dd65d5b3c1	2	3783025	34492013	21374	0.0004
f3fccb4b-1f9b-42f2-9328-36dd65d5b3c1	2	34492045	34512096	26	-0.6004
f3fccb4b-1f9b-42f2-9328-36dd65d5b3c1	2	34512489	52527330	12983	0.0055
f3fccb4b-1f9b-42f2-9328-36dd65d5b3c1	2	52527342	52554404	39	0.6941
f3fccb4b-1f9b-42f2-9328-36dd65d5b3c1	2	52560811	106263639	29369	0.0014
f3fccb4b-1f9b-42f2-9328-36dd65d5b3c1	2	106264257	106268901	11	-2.3062
f3fccb4b-1f9b-42f2-9328-36dd65d5b3c1	2	106270799	127094445	12338	0.0042
f3fccb4b-1f9b-42f2-9328-36dd65d5b3c1	2	127099470	127100187	2	-2.3855
f3fccb4b-1f9b-42f2-9328-36dd65d5b3c1	2	127101070	129787992	1761	-0.0001
f3fccb4b-1f9b-42f2-9328-36dd65d5b3c1	2	129791702	129800804	7	-1.1601
f3fccb4b-1f9b-42f2-9328-36dd65d5b3c1	2	129801456	132007187	787	-0.0206
f3fccb4b-1f9b-42f2-9328-36dd65d5b3c1	2	132015614	132055162	11	-0.6524
f3fccb4b-1f9b-42f2-9328-36dd65d5b3c1	2	132057995	146103672	8860	0.0071
f3fccb4b-1f9b-42f2-9328-36dd65d5b3c1	2	146103796	146109366	29	0.5145
f3fccb4b-1f9b-42f2-9328-36dd65d5b3c1	2	146120238	183814089	23195	-0.0006
f3fccb4b-1f9b-42f2-9328-36dd65d5b3c1	2	183826726	183826922	2	-2.5964
f3fccb4b-1f9b-42f2-9328-36dd65d5b3c1	2	183830925	186393581	1469	0.0244
f3fccb4b-1f9b-42f2-9328-36dd65d5b3c1	2	186399845	186400583	5	-0.9402
f3fccb4b-1f9b-42f2-9328-36dd65d5b3c1	2	186403212	188668675	1177	0.0185
f3fccb4b-1f9b-42f2-9328-36dd65d5b3c1	2	188671760	188673673	2	-2.272
f3fccb4b-1f9b-42f2-9328-36dd65d5b3c1	2	188674223	202425290	7878	0.0082
f3fccb4b-1f9b-42f2-9328-36dd65d5b3c1	2	202425310	202447478	45	-0.7918
f3fccb4b-1f9b-42f2-9328-36dd65d5b3c1	2	202448759	228894763	16996	0.0039
f3fccb4b-1f9b-42f2-9328-36dd65d5b3c1	2	228894930	228895197	7	-1.2258
f3fccb4b-1f9b-42f2-9328-36dd65d5b3c1	2	228895367	242147305	8195	-0.0094
f3fccb4b-1f9b-42f2-9328-36dd65d5b3c1	3	20930	182919	153	0.0234
f3fccb4b-1f9b-42f2-9328-36dd65d5b3c1	3	188339	191117	4	-3.2768
f3fccb4b-1f9b-42f2-9328-36dd65d5b3c1	3	193194	3049647	2513	0.0472
f3fccb4b-1f9b-42f2-9328-36dd65d5b3c1	3	3050397	16197556	10208	-0.0045
f3fccb4b-1f9b-42f2-9328-36dd65d5b3c1	3	16199049	16199672	6	-3.0912
f3fccb4b-1f9b-42f2-9328-36dd65d5b3c1	3	16199818	30951310	10235	0.0046
f3fccb4b-1f9b-42f2-9328-36dd65d5b3c1	3	30954097	30957257	6	-1.327
f3fccb4b-1f9b-42f2-9328-36dd65d5b3c1	3	30962871	46750055	9991	-0.0008
f3fccb4b-1f9b-42f2-9328-36dd65d5b3c1	3	46751887	46806126	39	-0.8566
f3fccb4b-1f9b-42f2-9328-36dd65d5b3c1	3	46807689	59764107	7098	-0.0066
f3fccb4b-1f9b-42f2-9328-36dd65d5b3c1	3	59764343	60707165	1104	0.0643
f3fccb4b-1f9b-42f2-9328-36dd65d5b3c1	3	60708618	68697013	6330	0.003
f3fccb4b-1f9b-42f2-9328-36dd65d5b3c1	3	68697108	68698262	14	0.9963
f3fccb4b-1f9b-42f2-9328-36dd65d5b3c1	3	68699607	82059630	8591	0.0011
f3fccb4b-1f9b-42f2-9328-36dd65d5b3c1	3	82062201	82064038	3	-1.9243
f3fccb4b-1f9b-42f2-9328-36dd65d5b3c1	3	82064741	154619246	41316	0.0012
f3fccb4b-1f9b-42f2-9328-36dd65d5b3c1	3	154628206	154630599	2	-2.2804
f3fccb4b-1f9b-42f2-9328-36dd65d5b3c1	3	154632021	162795304	4926	-0.0008
f3fccb4b-1f9b-42f2-9328-36dd65d5b3c1	3	162795361	162898127	61	-1.6758
f3fccb4b-1f9b-42f2-9328-36dd65d5b3c1	3	162906054	195934679	20759	0.0074
f3fccb4b-1f9b-42f2-9328-36dd65d5b3c1	3	195963975	196012333	9	-0.8442
f3fccb4b-1f9b-42f2-9328-36dd65d5b3c1	3	196012418	198111566	1057	0.004
f3fccb4b-1f9b-42f2-9328-36dd65d5b3c1	3	198118345	198122834	9	-1.9593
f3fccb4b-1f9b-42f2-9328-36dd65d5b3c1	3	198124354	198169247	8	-0.2478
f3fccb4b-1f9b-42f2-9328-36dd65d5b3c1	4	68929	10208766	5688	-0.0052
f3fccb4b-1f9b-42f2-9328-36dd65d5b3c1	4	10221792	10232642	30	-2.1855
f3fccb4b-1f9b-42f2-9328-36dd65d5b3c1	4	10232984	34777432	16961	-0.0002
f3fccb4b-1f9b-42f2-9328-36dd65d5b3c1	4	34784878	34822561	37	-0.6979
f3fccb4b-1f9b-42f2-9328-36dd65d5b3c1	4	34823103	49214614	8964	0.0049
f3fccb4b-1f9b-42f2-9328-36dd65d5b3c1	4	49289175	49289338	2	-1.8226
f3fccb4b-1f9b-42f2-9328-36dd65d5b3c1	4	49295203	54353118	1617	-0.0018
f3fccb4b-1f9b-42f2-9328-36dd65d5b3c1	4	54353318	54353636	6	-0.9562
f3fccb4b-1f9b-42f2-9328-36dd65d5b3c1	4	54353825	63828222	5952	0.0072
f3fccb4b-1f9b-42f2-9328-36dd65d5b3c1	4	63831751	63842540	28	-0.5764
f3fccb4b-1f9b-42f2-9328-36dd65d5b3c1	4	63850713	68361130	2847	0.0101
f3fccb4b-1f9b-42f2-9328-36dd65d5b3c1	4	68378716	68429081	11	-0.8877
f3fccb4b-1f9b-42f2-9328-36dd65d5b3c1	4	68439221	68506285	11	0.1271
f3fccb4b-1f9b-42f2-9328-36dd65d5b3c1	4	68509223	68729873	75	0.4867
f3fccb4b-1f9b-42f2-9328-36dd65d5b3c1	4	68730873	134893158	39620	0.0087
f3fccb4b-1f9b-42f2-9328-36dd65d5b3c1	4	134896888	134915239	15	-0.8887
f3fccb4b-1f9b-42f2-9328-36dd65d5b3c1	4	134917988	172066777	23015	0.0067
f3fccb4b-1f9b-42f2-9328-36dd65d5b3c1	4	172067997	172074828	13	-2.0761
f3fccb4b-1f9b-42f2-9328-36dd65d5b3c1	4	172075742	178318447	3769	0.0126
f3fccb4b-1f9b-42f2-9328-36dd65d5b3c1	4	178320828	178324622	2	-3.3449
f3fccb4b-1f9b-42f2-9328-36dd65d5b3c1	4	178325820	188300104	7134	0.0111
f3fccb4b-1f9b-42f2-9328-36dd65d5b3c1	4	188300206	188300270	3	2.1144
f3fccb4b-1f9b-42f2-9328-36dd65d5b3c1	4	188300285	190036988	1132	0.0375
f3fccb4b-1f9b-42f2-9328-36dd65d5b3c1	4	190046094	190106768	5	-1.4207
f3fccb4b-1f9b-42f2-9328-36dd65d5b3c1	5	15532	10525504	8504	0.0012
f3fccb4b-1f9b-42f2-9328-36dd65d5b3c1	5	10527389	10537239	10	-0.9055
f3fccb4b-1f9b-42f2-9328-36dd65d5b3c1	5	10537564	20743177	6806	0.0182
f3fccb4b-1f9b-42f2-9328-36dd65d5b3c1	5	20746731	20753173	2	2.2984
f3fccb4b-1f9b-42f2-9328-36dd65d5b3c1	5	20753859	118050922	56553	0.0085
f3fccb4b-1f9b-42f2-9328-36dd65d5b3c1	5	118052727	118053390	11	-0.873
f3fccb4b-1f9b-42f2-9328-36dd65d5b3c1	5	118068645	121333707	2116	0.0192
f3fccb4b-1f9b-42f2-9328-36dd65d5b3c1	5	121334576	121334597	2	-1.6798
f3fccb4b-1f9b-42f2-9328-36dd65d5b3c1	5	121335302	156048095	21883	0.0015
f3fccb4b-1f9b-42f2-9328-36dd65d5b3c1	5	156049762	156068240	15	-2.3957
f3fccb4b-1f9b-42f2-9328-36dd65d5b3c1	5	156068247	163746443	5153	0.0005
f3fccb4b-1f9b-42f2-9328-36dd65d5b3c1	5	163746496	163753993	8	-1.1824
f3fccb4b-1f9b-42f2-9328-36dd65d5b3c1	5	163763742	174213194	7538	0.0037
f3fccb4b-1f9b-42f2-9328-36dd65d5b3c1	5	174213706	174214492	5	-1.1027
f3fccb4b-1f9b-42f2-9328-36dd65d5b3c1	5	174219011	176033084	1342	0.004
f3fccb4b-1f9b-42f2-9328-36dd65d5b3c1	5	176038686	176241574	67	0.6384
f3fccb4b-1f9b-42f2-9328-36dd65d5b3c1	5	176245027	177669079	641	-0.0282
f3fccb4b-1f9b-42f2-9328-36dd65d5b3c1	5	177674770	177771448	16	-0.8534
f3fccb4b-1f9b-42f2-9328-36dd65d5b3c1	5	177800550	177805604	3	2.3017
f3fccb4b-1f9b-42f2-9328-36dd65d5b3c1	5	177827964	178680821	445	-0.0104
f3fccb4b-1f9b-42f2-9328-36dd65d5b3c1	5	178682974	178686162	3	-2.6801
f3fccb4b-1f9b-42f2-9328-36dd65d5b3c1	5	178691854	180951888	1343	0.0027
f3fccb4b-1f9b-42f2-9328-36dd65d5b3c1	5	180953203	180980230	10	-0.6964
f3fccb4b-1f9b-42f2-9328-36dd65d5b3c1	5	180987294	181363319	177	-0.06
f3fccb4b-1f9b-42f2-9328-36dd65d5b3c1	6	149661	249810	90	0.0182
f3fccb4b-1f9b-42f2-9328-36dd65d5b3c1	6	250561	294837	34	0.3873
f3fccb4b-1f9b-42f2-9328-36dd65d5b3c1	6	302306	7908714	6318	0.0023
f3fccb4b-1f9b-42f2-9328-36dd65d5b3c1	6	7911469	7913450	3	-1.4614
f3fccb4b-1f9b-42f2-9328-36dd65d5b3c1	6	7915974	19042587	8305	0.001
f3fccb4b-1f9b-42f2-9328-36dd65d5b3c1	6	19044471	19044667	6	1.6466
f3fccb4b-1f9b-42f2-9328-36dd65d5b3c1	6	19050511	29770069	6775	0.006
f3fccb4b-1f9b-42f2-9328-36dd65d5b3c1	6	29770267	29776636	5	-1.6101
f3fccb4b-1f9b-42f2-9328-36dd65d5b3c1	6	29777949	29875657	85	-0.0665
f3fccb4b-1f9b-42f2-9328-36dd65d5b3c1	6	29876257	29882419	8	-1.6711
f3fccb4b-1f9b-42f2-9328-36dd65d5b3c1	6	29882497	31318528	657	0.0027
f3fccb4b-1f9b-42f2-9328-36dd65d5b3c1	6	31318754	31328176	6	-1.7851
f3fccb4b-1f9b-42f2-9328-36dd65d5b3c1	6	31328210	32463515	498	-0.0134
f3fccb4b-1f9b-42f2-9328-36dd65d5b3c1	6	32463775	32658841	66	-0.6678
f3fccb4b-1f9b-42f2-9328-36dd65d5b3c1	6	32682835	33970222	798	-0.0098
f3fccb4b-1f9b-42f2-9328-36dd65d5b3c1	6	33970966	33974928	7	-1.0516
f3fccb4b-1f9b-42f2-9328-36dd65d5b3c1	6	33976809	64627049	17086	0.0029
f3fccb4b-1f9b-42f2-9328-36dd65d5b3c1	6	64637651	64639099	2	-3.0464
f3fccb4b-1f9b-42f2-9328-36dd65d5b3c1	6	64640883	92864624	18253	0.0079
f3fccb4b-1f9b-42f2-9328-36dd65d5b3c1	6	92866148	92868912	31	-0.9883
f3fccb4b-1f9b-42f2-9328-36dd65d5b3c1	6	92873205	103286954	6205	0.0138
f3fccb4b-1f9b-42f2-9328-36dd65d5b3c1	6	103290101	103314186	46	-1.4414
f3fccb4b-1f9b-42f2-9328-36dd65d5b3c1	6	103317795	116440862	8039	0.0093
f3fccb4b-1f9b-42f2-9328-36dd65d5b3c1	6	116440936	116441771	2	-2.4056
f3fccb4b-1f9b-42f2-9328-36dd65d5b3c1	6	116441914	124114927	4628	0.0074
f3fccb4b-1f9b-42f2-9328-36dd65d5b3c1	6	124116761	124149616	19	0.8037
f3fccb4b-1f9b-42f2-9328-36dd65d5b3c1	6	124150388	153636235	19504	0.0046
f3fccb4b-1f9b-42f2-9328-36dd65d5b3c1	6	153639651	153640284	2	-2.6393
f3fccb4b-1f9b-42f2-9328-36dd65d5b3c1	6	153640764	163198413	6674	0.0041
f3fccb4b-1f9b-42f2-9328-36dd65d5b3c1	6	163198874	163199175	2	-2.4392
f3fccb4b-1f9b-42f2-9328-36dd65d5b3c1	6	163199871	170741917	5209	-0.0064
f3fccb4b-1f9b-42f2-9328-36dd65d5b3c1	7	43355	6875291	3433	-0.0048
f3fccb4b-1f9b-42f2-9328-36dd65d5b3c1	7	6875484	6900371	8	-1.2665
f3fccb4b-1f9b-42f2-9328-36dd65d5b3c1	7	6901649	39037797	24534	0.01
f3fccb4b-1f9b-42f2-9328-36dd65d5b3c1	7	39037805	39040000	3	-2.7081
f3fccb4b-1f9b-42f2-9328-36dd65d5b3c1	7	39041894	54857384	10845	0.0099
f3fccb4b-1f9b-42f2-9328-36dd65d5b3c1	7	54857947	54871723	13	-0.8958
f3fccb4b-1f9b-42f2-9328-36dd65d5b3c1	7	54873662	56693807	1148	0.0069
f3fccb4b-1f9b-42f2-9328-36dd65d5b3c1	7	56694420	56701121	3	-2.9693
f3fccb4b-1f9b-42f2-9328-36dd65d5b3c1	7	56704473	76236953	6607	0.0086
f3fccb4b-1f9b-42f2-9328-36dd65d5b3c1	7	76239378	76242162	2	-3.2533
f3fccb4b-1f9b-42f2-9328-36dd65d5b3c1	7	76244576	76550397	96	-0.029
f3fccb4b-1f9b-42f2-9328-36dd65d5b3c1	7	76568113	76936273	153	0.5663
f3fccb4b-1f9b-42f2-9328-36dd65d5b3c1	7	76936433	88533963	7444	0.0097
f3fccb4b-1f9b-42f2-9328-36dd65d5b3c1	7	88534253	90209572	1121	0.0815
f3fccb4b-1f9b-42f2-9328-36dd65d5b3c1	7	90214246	91728999	1066	0.0063
f3fccb4b-1f9b-42f2-9328-36dd65d5b3c1	7	91729225	91730276	9	-1.601
f3fccb4b-1f9b-42f2-9328-36dd65d5b3c1	7	91731675	118491626	15701	0.0069
f3fccb4b-1f9b-42f2-9328-36dd65d5b3c1	7	118495687	118521318	16	-1.0846
f3fccb4b-1f9b-42f2-9328-36dd65d5b3c1	7	118524676	159334314	25469	0.0059
f3fccb4b-1f9b-42f2-9328-36dd65d5b3c1	8	81254	644973	324	0.0007
f3fccb4b-1f9b-42f2-9328-36dd65d5b3c1	8	645220	645875	6	0.7241
f3fccb4b-1f9b-42f2-9328-36dd65d5b3c1	8	645892	645908	2	3.6067
f3fccb4b-1f9b-42f2-9328-36dd65d5b3c1	8	656117	2177460	1223	-0.0096
f3fccb4b-1f9b-42f2-9328-36dd65d5b3c1	8	2178209	2178964	4	-1.2699
f3fccb4b-1f9b-42f2-9328-36dd65d5b3c1	8	2179870	4137245	2128	0.0231
f3fccb4b-1f9b-42f2-9328-36dd65d5b3c1	8	4140085	4146769	29	-0.9187
f3fccb4b-1f9b-42f2-9328-36dd65d5b3c1	8	4146976	5218071	1578	0.0218
f3fccb4b-1f9b-42f2-9328-36dd65d5b3c1	8	5218126	5218330	7	1.8566
f3fccb4b-1f9b-42f2-9328-36dd65d5b3c1	8	5218430	7167045	2409	0.0223
f3fccb4b-1f9b-42f2-9328-36dd65d5b3c1	8	7172468	7414835	32	-1.133
f3fccb4b-1f9b-42f2-9328-36dd65d5b3c1	8	7422376	10318035	1903	0.0142
f3fccb4b-1f9b-42f2-9328-36dd65d5b3c1	8	10318667	10321027	3	-1.7845
f3fccb4b-1f9b-42f2-9328-36dd65d5b3c1	8	10323896	16402103	4909	0.0044
f3fccb4b-1f9b-42f2-9328-36dd65d5b3c1	8	16404726	16417152	28	-0.8675
f3fccb4b-1f9b-42f2-9328-36dd65d5b3c1	8	16421186	23544795	5702	0.0107
f3fccb4b-1f9b-42f2-9328-36dd65d5b3c1	8	23550227	23550358	5	-0.9267
f3fccb4b-1f9b-42f2-9328-36dd65d5b3c1	8	23550392	25116961	1139	0.0075
f3fccb4b-1f9b-42f2-9328-36dd65d5b3c1	8	25117007	25133612	27	0.6454
f3fccb4b-1f9b-42f2-9328-36dd65d5b3c1	8	25133720	37530397	8110	0.007
f3fccb4b-1f9b-42f2-9328-36dd65d5b3c1	8	37532467	37537558	4	-1.038
f3fccb4b-1f9b-42f2-9328-36dd65d5b3c1	8	37539175	39399220	886	0.0024
f3fccb4b-1f9b-42f2-9328-36dd65d5b3c1	8	39403063	39529446	50	-0.2911
f3fccb4b-1f9b-42f2-9328-36dd65d5b3c1	8	39530780	40914477	1074	0.0015
f3fccb4b-1f9b-42f2-9328-36dd65d5b3c1	8	40920333	40920952	2	-2.262
f3fccb4b-1f9b-42f2-9328-36dd65d5b3c1	8	40926161	62121701	11451	0.0063
f3fccb4b-1f9b-42f2-9328-36dd65d5b3c1	8	62122706	62127192	3	-1.9073
f3fccb4b-1f9b-42f2-9328-36dd65d5b3c1	8	62127851	106840278	26754	0.0069
f3fccb4b-1f9b-42f2-9328-36dd65d5b3c1	8	106846291	106850042	14	-1.005
f3fccb4b-1f9b-42f2-9328-36dd65d5b3c1	8	106850111	145072769	25509	0.0019
f3fccb4b-1f9b-42f2-9328-36dd65d5b3c1	9	46587	41659472	31234	0.0101
f3fccb4b-1f9b-42f2-9328-36dd65d5b3c1	9	41666811	42151226	21	0.76
f3fccb4b-1f9b-42f2-9328-36dd65d5b3c1	9	42151481	61405110	78	-0.0633
f3fccb4b-1f9b-42f2-9328-36dd65d5b3c1	9	61520021	61647899	30	-1.6457
f3fccb4b-1f9b-42f2-9328-36dd65d5b3c1	9	61665362	103804216	24921	-0.0036
f3fccb4b-1f9b-42f2-9328-36dd65d5b3c1	9	103806415	103807009	2	-3.2543
f3fccb4b-1f9b-42f2-9328-36dd65d5b3c1	9	103808421	104598641	627	-0.0027
f3fccb4b-1f9b-42f2-9328-36dd65d5b3c1	9	104599429	104604239	27	0.6388
f3fccb4b-1f9b-42f2-9328-36dd65d5b3c1	9	104607598	135319522	21300	-0.0046
f3fccb4b-1f9b-42f2-9328-36dd65d5b3c1	9	135322259	135323776	2	-2.406
f3fccb4b-1f9b-42f2-9328-36dd65d5b3c1	9	135324566	138200944	1108	-0.0218
f3fccb4b-1f9b-42f2-9328-36dd65d5b3c1	10	45792	7561914	6546	-0.0127
f3fccb4b-1f9b-42f2-9328-36dd65d5b3c1	10	7563969	7567305	2	-2.2287
f3fccb4b-1f9b-42f2-9328-36dd65d5b3c1	10	7568106	24088989	12621	0.0036
f3fccb4b-1f9b-42f2-9328-36dd65d5b3c1	10	24088991	24088992	2	-1.9387
f3fccb4b-1f9b-42f2-9328-36dd65d5b3c1	10	24089125	26397226	1622	-0.0084
f3fccb4b-1f9b-42f2-9328-36dd65d5b3c1	10	26398822	26402720	6	-1.1114
f3fccb4b-1f9b-42f2-9328-36dd65d5b3c1	10	26404195	36102376	6758	-0.0002
f3fccb4b-1f9b-42f2-9328-36dd65d5b3c1	10	36103517	36105241	8	-1.0638
f3fccb4b-1f9b-42f2-9328-36dd65d5b3c1	10	36107514	46617422	4093	-0.0023
f3fccb4b-1f9b-42f2-9328-36dd65d5b3c1	10	46618028	46632302	3	-2.7507
f3fccb4b-1f9b-42f2-9328-36dd65d5b3c1	10	46657149	47044272	23	-0.4773
f3fccb4b-1f9b-42f2-9328-36dd65d5b3c1	10	47045228	87916740	27478	0.001
f3fccb4b-1f9b-42f2-9328-36dd65d5b3c1	10	87918486	87920960	26	-0.7511
f3fccb4b-1f9b-42f2-9328-36dd65d5b3c1	10	87923076	122564250	23402	-0.0025
f3fccb4b-1f9b-42f2-9328-36dd65d5b3c1	10	122574497	122591497	7	-1.293
f3fccb4b-1f9b-42f2-9328-36dd65d5b3c1	10	122597296	133654968	7884	0.0046
f3fccb4b-1f9b-42f2-9328-36dd65d5b3c1	11	198510	18928190	12651	-0.004
f3fccb4b-1f9b-42f2-9328-36dd65d5b3c1	11	18928326	18949628	42	-0.3838
f3fccb4b-1f9b-42f2-9328-36dd65d5b3c1	11	18949833	19309579	298	0.0177
f3fccb4b-1f9b-42f2-9328-36dd65d5b3c1	11	19313005	19317629	2	-1.9487
f3fccb4b-1f9b-42f2-9328-36dd65d5b3c1	11	19318024	37111870	13103	0.0047
f3fccb4b-1f9b-42f2-9328-36dd65d5b3c1	11	37111923	37112518	6	0.9467
f3fccb4b-1f9b-42f2-9328-36dd65d5b3c1	11	37112608	54743970	8024	0.0042
f3fccb4b-1f9b-42f2-9328-36dd65d5b3c1	11	54762035	54766290	3	1.5184
f3fccb4b-1f9b-42f2-9328-36dd65d5b3c1	11	54782119	54952548	50	-0.0336
f3fccb4b-1f9b-42f2-9328-36dd65d5b3c1	11	54953347	54990815	2	1.8555
f3fccb4b-1f9b-42f2-9328-36dd65d5b3c1	11	55006417	55608804	241	0.0475
f3fccb4b-1f9b-42f2-9328-36dd65d5b3c1	11	55609022	55674842	40	0.5642
f3fccb4b-1f9b-42f2-9328-36dd65d5b3c1	11	55676735	86594775	17729	-0.0024
f3fccb4b-1f9b-42f2-9328-36dd65d5b3c1	11	86594833	86595012	3	-3.2661
f3fccb4b-1f9b-42f2-9328-36dd65d5b3c1	11	86604132	87871839	892	0.0036
f3fccb4b-1f9b-42f2-9328-36dd65d5b3c1	11	87872232	87874112	2	-1.7861
f3fccb4b-1f9b-42f2-9328-36dd65d5b3c1	11	87877994	92097323	2640	-0.004
f3fccb4b-1f9b-42f2-9328-36dd65d5b3c1	11	92097492	92097877	2	-1.6138
f3fccb4b-1f9b-42f2-9328-36dd65d5b3c1	11	92099538	93599146	1106	-0.0051
f3fccb4b-1f9b-42f2-9328-36dd65d5b3c1	11	93599170	93599361	2	-3.1472
f3fccb4b-1f9b-42f2-9328-36dd65d5b3c1	11	93603783	93654908	46	-0.0267
f3fccb4b-1f9b-42f2-9328-36dd65d5b3c1	11	93657916	93658393	3	-1.037
f3fccb4b-1f9b-42f2-9328-36dd65d5b3c1	11	93658788	94105535	317	0.0004
f3fccb4b-1f9b-42f2-9328-36dd65d5b3c1	11	94107249	94107692	2	1.5736
f3fccb4b-1f9b-42f2-9328-36dd65d5b3c1	11	94110868	98176652	2971	0.0101
f3fccb4b-1f9b-42f2-9328-36dd65d5b3c1	11	98186040	98209651	17	-1.108
f3fccb4b-1f9b-42f2-9328-36dd65d5b3c1	11	98210589	131496244	23635	0.0036
f3fccb4b-1f9b-42f2-9328-36dd65d5b3c1	11	131496841	131499806	2	-2.1016
f3fccb4b-1f9b-42f2-9328-36dd65d5b3c1	11	131501097	135074876	2811	-0.0162
f3fccb4b-1f9b-42f2-9328-36dd65d5b3c1	12	51460	11350579	7354	-0.0075
f3fccb4b-1f9b-42f2-9328-36dd65d5b3c1	12	11350939	11390472	35	-0.7538
f3fccb4b-1f9b-42f2-9328-36dd65d5b3c1	12	11399258	33235894	15429	-0.0014
f3fccb4b-1f9b-42f2-9328-36dd65d5b3c1	12	33237809	33242207	3	-3.9835
f3fccb4b-1f9b-42f2-9328-36dd65d5b3c1	12	33242483	99398036	39169	0.002
f3fccb4b-1f9b-42f2-9328-36dd65d5b3c1	12	99401515	99404956	31	-0.6241
f3fccb4b-1f9b-42f2-9328-36dd65d5b3c1	12	99409315	133201603	22661	-0.0039
f3fccb4b-1f9b-42f2-9328-36dd65d5b3c1	13	18452809	25794813	4908	0.013
f3fccb4b-1f9b-42f2-9328-36dd65d5b3c1	13	25799939	25800155	3	-1.4364
f3fccb4b-1f9b-42f2-9328-36dd65d5b3c1	13	25802308	31957984	4625	0.0008
f3fccb4b-1f9b-42f2-9328-36dd65d5b3c1	13	31958485	31964286	18	-1.0404
f3fccb4b-1f9b-42f2-9328-36dd65d5b3c1	13	31965910	37498087	3893	-0.0016
f3fccb4b-1f9b-42f2-9328-36dd65d5b3c1	13	37501767	37510620	14	0.6356
f3fccb4b-1f9b-42f2-9328-36dd65d5b3c1	13	37514193	57184136	12496	0.0011
f3fccb4b-1f9b-42f2-9328-36dd65d5b3c1	13	57184155	57204246	33	-0.8495
f3fccb4b-1f9b-42f2-9328-36dd65d5b3c1	13	57215580	71902850	8969	0.0115
f3fccb4b-1f9b-42f2-9328-36dd65d5b3c1	13	71903417	71906418	4	-2.3107
f3fccb4b-1f9b-42f2-9328-36dd65d5b3c1	13	71906467	114342922	29043	0.0044
f3fccb4b-1f9b-42f2-9328-36dd65d5b3c1	14	18239283	19957350	168	-0.3295
f3fccb4b-1f9b-42f2-9328-36dd65d5b3c1	14	19957701	21880601	1283	-0.0123
f3fccb4b-1f9b-42f2-9328-36dd65d5b3c1	14	21881032	22490949	536	0.1525
f3fccb4b-1f9b-42f2-9328-36dd65d5b3c1	14	22490986	106877229	53297	0.0009
f3fccb4b-1f9b-42f2-9328-36dd65d5b3c1	15	19811075	20670989	151	-0.0799
f3fccb4b-1f9b-42f2-9328-36dd65d5b3c1	15	20981071	21071626	13	-1.2216
f3fccb4b-1f9b-42f2-9328-36dd65d5b3c1	15	21078947	24126604	899	-0.0203
f3fccb4b-1f9b-42f2-9328-36dd65d5b3c1	15	24127465	24127497	2	-1.8211
f3fccb4b-1f9b-42f2-9328-36dd65d5b3c1	15	24127507	24391282	123	-0.0777
f3fccb4b-1f9b-42f2-9328-36dd65d5b3c1	15	24396250	24473026	42	-0.5096
f3fccb4b-1f9b-42f2-9328-36dd65d5b3c1	15	24473449	27673477	2336	0.004
f3fccb4b-1f9b-42f2-9328-36dd65d5b3c1	15	27674351	27682660	13	-1.1037
f3fccb4b-1f9b-42f2-9328-36dd65d5b3c1	15	27683648	30077828	1238	-0.004
f3fccb4b-1f9b-42f2-9328-36dd65d5b3c1	15	30094208	30595753	37	-0.7418
f3fccb4b-1f9b-42f2-9328-36dd65d5b3c1	15	30608675	43416539	8227	-0.0014
f3fccb4b-1f9b-42f2-9328-36dd65d5b3c1	15	43420441	43421436	2	-2.4503
f3fccb4b-1f9b-42f2-9328-36dd65d5b3c1	15	43423098	76598900	20772	-0.0056
f3fccb4b-1f9b-42f2-9328-36dd65d5b3c1	15	76599170	76603434	21	0.8727
f3fccb4b-1f9b-42f2-9328-36dd65d5b3c1	15	76609838	101928837	17569	-0.0068
f3fccb4b-1f9b-42f2-9328-36dd65d5b3c1	16	10777	14683536	11068	-0.0071
f3fccb4b-1f9b-42f2-9328-36dd65d5b3c1	16	14683771	14986523	58	0.3441
f3fccb4b-1f9b-42f2-9328-36dd65d5b3c1	16	14986598	16449962	604	-0.0358
f3fccb4b-1f9b-42f2-9328-36dd65d5b3c1	16	16461996	16743769	34	-0.7083
f3fccb4b-1f9b-42f2-9328-36dd65d5b3c1	16	16761504	23368158	3507	-0.0175
f3fccb4b-1f9b-42f2-9328-36dd65d5b3c1	16	23370412	23370593	2	-3.3037
f3fccb4b-1f9b-42f2-9328-36dd65d5b3c1	16	23373936	55762682	11607	-0.0073
f3fccb4b-1f9b-42f2-9328-36dd65d5b3c1	16	55764310	55764867	3	4.6435
f3fccb4b-1f9b-42f2-9328-36dd65d5b3c1	16	55770436	55775312	6	1.0322
f3fccb4b-1f9b-42f2-9328-36dd65d5b3c1	16	55775554	55788532	9	0.5464
f3fccb4b-1f9b-42f2-9328-36dd65d5b3c1	16	55808442	67187058	7431	-0.0058
f3fccb4b-1f9b-42f2-9328-36dd65d5b3c1	16	67188690	67189872	2	-2.2191
f3fccb4b-1f9b-42f2-9328-36dd65d5b3c1	16	67191475	69833269	1196	0.0039
f3fccb4b-1f9b-42f2-9328-36dd65d5b3c1	16	69836376	69887211	39	-0.3005
f3fccb4b-1f9b-42f2-9328-36dd65d5b3c1	16	69887239	70118419	73	-0.0127
f3fccb4b-1f9b-42f2-9328-36dd65d5b3c1	16	70145440	70212436	19	-0.7997
f3fccb4b-1f9b-42f2-9328-36dd65d5b3c1	16	70212504	90096867	16091	-0.0041
f3fccb4b-1f9b-42f2-9328-36dd65d5b3c1	17	150733	27764839	13288	-0.0008
f3fccb4b-1f9b-42f2-9328-36dd65d5b3c1	17	27766011	27777485	15	-1.088
f3fccb4b-1f9b-42f2-9328-36dd65d5b3c1	17	27779048	36109315	4896	-0.0007
f3fccb4b-1f9b-42f2-9328-36dd65d5b3c1	17	36109735	36465216	40	-0.4038
f3fccb4b-1f9b-42f2-9328-36dd65d5b3c1	17	36466570	41265456	2519	-0.0014
f3fccb4b-1f9b-42f2-9328-36dd65d5b3c1	17	41266762	41274198	23	1.4914
f3fccb4b-1f9b-42f2-9328-36dd65d5b3c1	17	41274279	41370168	106	0.0362
f3fccb4b-1f9b-42f2-9328-36dd65d5b3c1	17	41370308	41371012	6	0.9405
f3fccb4b-1f9b-42f2-9328-36dd65d5b3c1	17	41371063	45408425	2014	0.0088
f3fccb4b-1f9b-42f2-9328-36dd65d5b3c1	17	45408758	46284643	493	-0.107
f3fccb4b-1f9b-42f2-9328-36dd65d5b3c1	17	46284997	56081683	5794	0.0043
f3fccb4b-1f9b-42f2-9328-36dd65d5b3c1	17	56083553	56095230	26	-0.9646
f3fccb4b-1f9b-42f2-9328-36dd65d5b3c1	17	56095462	65319166	4956	0.0031
f3fccb4b-1f9b-42f2-9328-36dd65d5b3c1	17	65319865	65319878	2	-2.1585
f3fccb4b-1f9b-42f2-9328-36dd65d5b3c1	17	65324866	81139641	10021	-0.0097
f3fccb4b-1f9b-42f2-9328-36dd65d5b3c1	17	81154966	81155301	5	-1.1233
f3fccb4b-1f9b-42f2-9328-36dd65d5b3c1	17	81158113	83091923	712	-0.0011
f3fccb4b-1f9b-42f2-9328-36dd65d5b3c1	18	48133	80257174	50623	0.0055
f3fccb4b-1f9b-42f2-9328-36dd65d5b3c1	19	90910	20411869	8904	-0.0057
f3fccb4b-1f9b-42f2-9328-36dd65d5b3c1	19	20413400	20538428	70	-0.7973
f3fccb4b-1f9b-42f2-9328-36dd65d5b3c1	19	20538656	58586487	20080	-0.0012
f3fccb4b-1f9b-42f2-9328-36dd65d5b3c1	20	80664	1571811	1181	-0.0198
f3fccb4b-1f9b-42f2-9328-36dd65d5b3c1	20	1576544	1580353	21	-1.042
f3fccb4b-1f9b-42f2-9328-36dd65d5b3c1	20	1580934	1601561	36	-0.3527
f3fccb4b-1f9b-42f2-9328-36dd65d5b3c1	20	1609611	1613247	5	2.2805
f3fccb4b-1f9b-42f2-9328-36dd65d5b3c1	20	1617300	64324800	41040	-0.0022
f3fccb4b-1f9b-42f2-9328-36dd65d5b3c1	21	10354168	46677045	23817	-0.0042
f3fccb4b-1f9b-42f2-9328-36dd65d5b3c1	22	15294547	16701945	118	0.0444
f3fccb4b-1f9b-42f2-9328-36dd65d5b3c1	22	16703021	16841339	79	0.2534
f3fccb4b-1f9b-42f2-9328-36dd65d5b3c1	22	16842963	38950674	14997	-0.0091
f3fccb4b-1f9b-42f2-9328-36dd65d5b3c1	22	38952895	38979302	28	-0.6141
f3fccb4b-1f9b-42f2-9328-36dd65d5b3c1	22	38993700	50796027	7996	-0.0162
f3fccb4b-1f9b-42f2-9328-36dd65d5b3c1	X	251810	12931319	7611	0.0114
f3fccb4b-1f9b-42f2-9328-36dd65d5b3c1	X	12931441	12931785	3	-2.1367
f3fccb4b-1f9b-42f2-9328-36dd65d5b3c1	X	12931864	19353744	3850	0.011
f3fccb4b-1f9b-42f2-9328-36dd65d5b3c1	X	19360053	19377753	11	-1.2281
f3fccb4b-1f9b-42f2-9328-36dd65d5b3c1	X	19378408	31134061	7246	0.0018
f3fccb4b-1f9b-42f2-9328-36dd65d5b3c1	X	31139004	31139107	2	-2.6968
f3fccb4b-1f9b-42f2-9328-36dd65d5b3c1	X	31142980	40991474	6069	0.0024
f3fccb4b-1f9b-42f2-9328-36dd65d5b3c1	X	40992093	40992162	2	-3.4076
f3fccb4b-1f9b-42f2-9328-36dd65d5b3c1	X	40992182	155952689	57347	-0.0029
f3fccb4b-1f9b-42f2-9328-36dd65d5b3c1	Y	2782397	23977245	6451	-0.8826
f3fccb4b-1f9b-42f2-9328-36dd65d5b3c1	Y	24320966	25968161	15	-0.1312
f3fccb4b-1f9b-42f2-9328-36dd65d5b3c1	Y	25971733	56872112	173	-0.8481
