GDC_Aliquot	Chromosome	Start	End	Num_Probes	Segment_Mean
b4e21741-64c8-4bac-afe4-eb6a8533f810	1	62920	98602	13	-0.7115
b4e21741-64c8-4bac-afe4-eb6a8533f810	1	259407	850609	28	-0.1427
b4e21741-64c8-4bac-afe4-eb6a8533f810	1	854017	3306087	708	0.0352
b4e21741-64c8-4bac-afe4-eb6a8533f810	1	3308094	15823420	7581	-0.0536
b4e21741-64c8-4bac-afe4-eb6a8533f810	1	15827002	15827430	6	-1.6904
b4e21741-64c8-4bac-afe4-eb6a8533f810	1	15827706	16785682	354	-0.0546
b4e21741-64c8-4bac-afe4-eb6a8533f810	1	16787932	16935752	58	0.2841
b4e21741-64c8-4bac-afe4-eb6a8533f810	1	16949746	25266637	5261	-0.0476
b4e21741-64c8-4bac-afe4-eb6a8533f810	1	25269390	25320455	23	0.4642
b4e21741-64c8-4bac-afe4-eb6a8533f810	1	25336819	72302815	28715	-0.0422
b4e21741-64c8-4bac-afe4-eb6a8533f810	1	72303233	72345450	45	-1.2986
b4e21741-64c8-4bac-afe4-eb6a8533f810	1	72345465	105476583	20946	-0.0323
b4e21741-64c8-4bac-afe4-eb6a8533f810	1	105476614	105479753	16	-1.6648
b4e21741-64c8-4bac-afe4-eb6a8533f810	1	105481433	112147704	4597	-0.0369
b4e21741-64c8-4bac-afe4-eb6a8533f810	1	112153343	112154768	25	-1.858
b4e21741-64c8-4bac-afe4-eb6a8533f810	1	112163334	143927887	5286	-0.0366
b4e21741-64c8-4bac-afe4-eb6a8533f810	1	143928045	143942271	2	-1.5663
b4e21741-64c8-4bac-afe4-eb6a8533f810	1	144432083	152583051	2312	-0.0227
b4e21741-64c8-4bac-afe4-eb6a8533f810	1	152583230	152614118	35	-1.103
b4e21741-64c8-4bac-afe4-eb6a8533f810	1	152618018	152787202	166	-0.0583
b4e21741-64c8-4bac-afe4-eb6a8533f810	1	152789447	152796224	37	-1.4086
b4e21741-64c8-4bac-afe4-eb6a8533f810	1	152801429	187746723	23477	-0.0373
b4e21741-64c8-4bac-afe4-eb6a8533f810	1	187748429	187752238	2	-1.5294
b4e21741-64c8-4bac-afe4-eb6a8533f810	1	187755479	188479092	473	-0.0481
b4e21741-64c8-4bac-afe4-eb6a8533f810	1	188479173	188486931	2	1.241
b4e21741-64c8-4bac-afe4-eb6a8533f810	1	188487299	190017263	1057	-0.0319
b4e21741-64c8-4bac-afe4-eb6a8533f810	1	190017280	190021970	4	-1.4391
b4e21741-64c8-4bac-afe4-eb6a8533f810	1	190022159	194479104	2980	-0.0265
b4e21741-64c8-4bac-afe4-eb6a8533f810	1	194482281	194485888	2	1.0829
b4e21741-64c8-4bac-afe4-eb6a8533f810	1	194487886	196745743	1451	-0.0116
b4e21741-64c8-4bac-afe4-eb6a8533f810	1	196758720	196788990	35	-0.5036
b4e21741-64c8-4bac-afe4-eb6a8533f810	1	196789019	196790158	4	-1.5957
b4e21741-64c8-4bac-afe4-eb6a8533f810	1	196792690	196846661	22	-0.3574
b4e21741-64c8-4bac-afe4-eb6a8533f810	1	196847600	248930189	35776	-0.0355
b4e21741-64c8-4bac-afe4-eb6a8533f810	2	12784	600969	394	-0.0123
b4e21741-64c8-4bac-afe4-eb6a8533f810	2	601905	1928719	861	0.0393
b4e21741-64c8-4bac-afe4-eb6a8533f810	2	1929876	34466002	22822	-0.0267
b4e21741-64c8-4bac-afe4-eb6a8533f810	2	34474248	34511990	46	-1.6726
b4e21741-64c8-4bac-afe4-eb6a8533f810	2	34512096	242147305	125296	-0.0232
b4e21741-64c8-4bac-afe4-eb6a8533f810	3	20930	182919	154	0.4209
b4e21741-64c8-4bac-afe4-eb6a8533f810	3	188339	191117	4	-0.5772
b4e21741-64c8-4bac-afe4-eb6a8533f810	3	193194	230573	29	0.4092
b4e21741-64c8-4bac-afe4-eb6a8533f810	3	230936	412781	199	0.9859
b4e21741-64c8-4bac-afe4-eb6a8533f810	3	414319	468607	50	0.4443
b4e21741-64c8-4bac-afe4-eb6a8533f810	3	470040	544804	48	-0.7783
b4e21741-64c8-4bac-afe4-eb6a8533f810	3	545503	1214696	511	0.3971
b4e21741-64c8-4bac-afe4-eb6a8533f810	3	1215076	1215082	2	-0.854
b4e21741-64c8-4bac-afe4-eb6a8533f810	3	1215168	3217086	1831	0.3897
b4e21741-64c8-4bac-afe4-eb6a8533f810	3	3218227	5500774	2012	0.3361
b4e21741-64c8-4bac-afe4-eb6a8533f810	3	5500975	6604856	975	0.3875
b4e21741-64c8-4bac-afe4-eb6a8533f810	3	6609441	6611645	23	-0.0361
b4e21741-64c8-4bac-afe4-eb6a8533f810	3	6613391	11366589	3705	0.3436
b4e21741-64c8-4bac-afe4-eb6a8533f810	3	11371130	11375791	5	-0.7745
b4e21741-64c8-4bac-afe4-eb6a8533f810	3	11375858	20266298	5701	0.3412
b4e21741-64c8-4bac-afe4-eb6a8533f810	3	20271633	20274591	3	-0.7377
b4e21741-64c8-4bac-afe4-eb6a8533f810	3	20286589	21748053	1040	0.3524
b4e21741-64c8-4bac-afe4-eb6a8533f810	3	21748078	22199367	448	0.4461
b4e21741-64c8-4bac-afe4-eb6a8533f810	3	22199618	35762590	9343	0.3422
b4e21741-64c8-4bac-afe4-eb6a8533f810	3	35763779	35900278	80	0.5158
b4e21741-64c8-4bac-afe4-eb6a8533f810	3	35905339	37935926	1445	0.3373
b4e21741-64c8-4bac-afe4-eb6a8533f810	3	37940617	37945437	18	-0.8988
b4e21741-64c8-4bac-afe4-eb6a8533f810	3	37945615	38146793	145	0.3445
b4e21741-64c8-4bac-afe4-eb6a8533f810	3	38152891	47642267	5765	-0.045
b4e21741-64c8-4bac-afe4-eb6a8533f810	3	47643097	59748768	6756	0.3318
b4e21741-64c8-4bac-afe4-eb6a8533f810	3	59750573	61090317	1521	0.3985
b4e21741-64c8-4bac-afe4-eb6a8533f810	3	61092972	84640438	15870	0.3419
b4e21741-64c8-4bac-afe4-eb6a8533f810	3	84645221	84657914	27	-0.024
b4e21741-64c8-4bac-afe4-eb6a8533f810	3	84662574	99225614	5969	0.3418
b4e21741-64c8-4bac-afe4-eb6a8533f810	3	99225632	99230577	37	-0.087
b4e21741-64c8-4bac-afe4-eb6a8533f810	3	99232120	123570052	14836	0.342
b4e21741-64c8-4bac-afe4-eb6a8533f810	3	123570832	125827428	1435	0.3044
b4e21741-64c8-4bac-afe4-eb6a8533f810	3	125828200	128658241	1792	0.3563
b4e21741-64c8-4bac-afe4-eb6a8533f810	3	128661409	128680378	10	-0.8133
b4e21741-64c8-4bac-afe4-eb6a8533f810	3	128686328	130044016	627	0.3296
b4e21741-64c8-4bac-afe4-eb6a8533f810	3	130044855	130087393	38	-1.3147
b4e21741-64c8-4bac-afe4-eb6a8533f810	3	130088081	143566923	8360	0.3405
b4e21741-64c8-4bac-afe4-eb6a8533f810	3	143566958	143567132	4	1.3522
b4e21741-64c8-4bac-afe4-eb6a8533f810	3	143567959	145828458	1449	0.354
b4e21741-64c8-4bac-afe4-eb6a8533f810	3	145835388	145839243	2	-0.722
b4e21741-64c8-4bac-afe4-eb6a8533f810	3	145841636	151748451	3726	0.3583
b4e21741-64c8-4bac-afe4-eb6a8533f810	3	151750901	151753174	2	-0.798
b4e21741-64c8-4bac-afe4-eb6a8533f810	3	151753408	162810842	6728	0.3487
b4e21741-64c8-4bac-afe4-eb6a8533f810	3	162812527	162822702	9	-1.0781
b4e21741-64c8-4bac-afe4-eb6a8533f810	3	162827928	193160113	19212	0.3478
b4e21741-64c8-4bac-afe4-eb6a8533f810	3	193160173	193165114	19	-1.3823
b4e21741-64c8-4bac-afe4-eb6a8533f810	3	193168646	194913859	1159	0.3395
b4e21741-64c8-4bac-afe4-eb6a8533f810	3	194920587	194921116	5	-0.7983
b4e21741-64c8-4bac-afe4-eb6a8533f810	3	194921751	195685341	324	0.3224
b4e21741-64c8-4bac-afe4-eb6a8533f810	3	195691392	195720051	20	0.984
b4e21741-64c8-4bac-afe4-eb6a8533f810	3	195728637	195729085	7	0.0743
b4e21741-64c8-4bac-afe4-eb6a8533f810	3	195729177	195920379	76	0.4622
b4e21741-64c8-4bac-afe4-eb6a8533f810	3	195921637	195973611	17	0.1149
b4e21741-64c8-4bac-afe4-eb6a8533f810	3	195974244	195982791	4	1.1189
b4e21741-64c8-4bac-afe4-eb6a8533f810	3	195991894	198169247	1080	0.3544
b4e21741-64c8-4bac-afe4-eb6a8533f810	4	68929	9455251	5156	-0.0454
b4e21741-64c8-4bac-afe4-eb6a8533f810	4	9459504	9477699	6	-1.019
b4e21741-64c8-4bac-afe4-eb6a8533f810	4	9484440	10208766	538	-0.0611
b4e21741-64c8-4bac-afe4-eb6a8533f810	4	10212536	10229874	29	1.0671
b4e21741-64c8-4bac-afe4-eb6a8533f810	4	10232590	10233644	7	0.4117
b4e21741-64c8-4bac-afe4-eb6a8533f810	4	10234518	10389091	171	-0.0578
b4e21741-64c8-4bac-afe4-eb6a8533f810	4	10390730	10399044	15	-2.0797
b4e21741-64c8-4bac-afe4-eb6a8533f810	4	10401094	34777432	16774	-0.0387
b4e21741-64c8-4bac-afe4-eb6a8533f810	4	34784878	34828250	39	0.4744
b4e21741-64c8-4bac-afe4-eb6a8533f810	4	34828291	42830966	5283	-0.0343
b4e21741-64c8-4bac-afe4-eb6a8533f810	4	42831775	42834381	2	-1.2689
b4e21741-64c8-4bac-afe4-eb6a8533f810	4	42835666	49214614	3685	-0.0185
b4e21741-64c8-4bac-afe4-eb6a8533f810	4	49289175	49289338	2	-2.2193
b4e21741-64c8-4bac-afe4-eb6a8533f810	4	49295203	68354665	10448	-0.0321
b4e21741-64c8-4bac-afe4-eb6a8533f810	4	68361130	68395346	7	1.3542
b4e21741-64c8-4bac-afe4-eb6a8533f810	4	68416487	68506285	17	-0.2569
b4e21741-64c8-4bac-afe4-eb6a8533f810	4	68509223	68640616	68	0.3684
b4e21741-64c8-4bac-afe4-eb6a8533f810	4	68655691	68686026	5	-1.2817
b4e21741-64c8-4bac-afe4-eb6a8533f810	4	68725894	85176068	10145	-0.0316
b4e21741-64c8-4bac-afe4-eb6a8533f810	4	85179743	85202879	17	-0.8104
b4e21741-64c8-4bac-afe4-eb6a8533f810	4	85203766	114252544	17501	-0.0286
b4e21741-64c8-4bac-afe4-eb6a8533f810	4	114254167	114261019	23	0.6645
b4e21741-64c8-4bac-afe4-eb6a8533f810	4	114263073	171448195	34609	-0.026
b4e21741-64c8-4bac-afe4-eb6a8533f810	4	171453733	171456559	10	0.8817
b4e21741-64c8-4bac-afe4-eb6a8533f810	4	171456573	172066777	399	-0.0345
b4e21741-64c8-4bac-afe4-eb6a8533f810	4	172067997	172068382	12	0.723
b4e21741-64c8-4bac-afe4-eb6a8533f810	4	172074828	188300206	10914	-0.0238
b4e21741-64c8-4bac-afe4-eb6a8533f810	4	188300221	188300270	2	1.3115
b4e21741-64c8-4bac-afe4-eb6a8533f810	4	188300285	190106768	1141	-0.0067
b4e21741-64c8-4bac-afe4-eb6a8533f810	5	15532	9565181	7724	-0.0295
b4e21741-64c8-4bac-afe4-eb6a8533f810	5	9565782	9574929	3	-1.2649
b4e21741-64c8-4bac-afe4-eb6a8533f810	5	9575074	21376735	7922	-0.0277
b4e21741-64c8-4bac-afe4-eb6a8533f810	5	21377730	21377744	2	1.1293
b4e21741-64c8-4bac-afe4-eb6a8533f810	5	21385957	21449167	44	0.0155
b4e21741-64c8-4bac-afe4-eb6a8533f810	5	21451091	21452329	5	0.8548
b4e21741-64c8-4bac-afe4-eb6a8533f810	5	21452387	54578006	17668	-0.0302
b4e21741-64c8-4bac-afe4-eb6a8533f810	5	54578164	54578346	2	-1.5975
b4e21741-64c8-4bac-afe4-eb6a8533f810	5	54579739	58033802	2353	-0.0431
b4e21741-64c8-4bac-afe4-eb6a8533f810	5	58033929	58042530	26	-0.4302
b4e21741-64c8-4bac-afe4-eb6a8533f810	5	58044246	97663020	22852	-0.0381
b4e21741-64c8-4bac-afe4-eb6a8533f810	5	97663378	104805849	4196	-0.0116
b4e21741-64c8-4bac-afe4-eb6a8533f810	5	104810329	118162170	9219	-0.0298
b4e21741-64c8-4bac-afe4-eb6a8533f810	5	118162381	118167807	4	-1.2115
b4e21741-64c8-4bac-afe4-eb6a8533f810	5	118173913	181363319	40757	-0.0369
b4e21741-64c8-4bac-afe4-eb6a8533f810	6	149661	254283	101	0.0102
b4e21741-64c8-4bac-afe4-eb6a8533f810	6	257353	318804	29	-0.5943
b4e21741-64c8-4bac-afe4-eb6a8533f810	6	320872	381149	72	-0.297
b4e21741-64c8-4bac-afe4-eb6a8533f810	6	382559	29903859	21452	-0.0396
b4e21741-64c8-4bac-afe4-eb6a8533f810	6	29906865	29931120	10	-1.097
b4e21741-64c8-4bac-afe4-eb6a8533f810	6	29931900	31309909	647	-0.0499
b4e21741-64c8-4bac-afe4-eb6a8533f810	6	31313046	31342147	13	-1.0887
b4e21741-64c8-4bac-afe4-eb6a8533f810	6	31349570	32656527	557	-0.0502
b4e21741-64c8-4bac-afe4-eb6a8533f810	6	32656814	32658841	5	-1.0754
b4e21741-64c8-4bac-afe4-eb6a8533f810	6	32682835	54066353	13686	-0.0444
b4e21741-64c8-4bac-afe4-eb6a8533f810	6	54066432	54067057	6	-1.2257
b4e21741-64c8-4bac-afe4-eb6a8533f810	6	54070550	78253172	13158	-0.0255
b4e21741-64c8-4bac-afe4-eb6a8533f810	6	78259348	78341897	122	0.3181
b4e21741-64c8-4bac-afe4-eb6a8533f810	6	78342127	80568270	1420	-0.0365
b4e21741-64c8-4bac-afe4-eb6a8533f810	6	80574472	80579817	33	-0.7998
b4e21741-64c8-4bac-afe4-eb6a8533f810	6	80584624	94335167	8780	-0.0294
b4e21741-64c8-4bac-afe4-eb6a8533f810	6	94335306	94802521	335	0.0598
b4e21741-64c8-4bac-afe4-eb6a8533f810	6	94802697	103286954	4884	-0.0217
b4e21741-64c8-4bac-afe4-eb6a8533f810	6	103290101	103314186	46	-1.0836
b4e21741-64c8-4bac-afe4-eb6a8533f810	6	103317795	118201248	9114	-0.0369
b4e21741-64c8-4bac-afe4-eb6a8533f810	6	118201576	118825212	382	0.0419
b4e21741-64c8-4bac-afe4-eb6a8533f810	6	118895717	157360232	25255	-0.0342
b4e21741-64c8-4bac-afe4-eb6a8533f810	6	157366396	157375044	2	-1.4681
b4e21741-64c8-4bac-afe4-eb6a8533f810	6	157375962	170741917	9382	-0.0314
b4e21741-64c8-4bac-afe4-eb6a8533f810	7	43355	68659	31	0.5724
b4e21741-64c8-4bac-afe4-eb6a8533f810	7	79263	13860989	9045	-0.0349
b4e21741-64c8-4bac-afe4-eb6a8533f810	7	13861106	13861496	2	-1.6684
b4e21741-64c8-4bac-afe4-eb6a8533f810	7	13862490	16894135	2519	-0.0334
b4e21741-64c8-4bac-afe4-eb6a8533f810	7	16895434	20131723	2692	-0.005
b4e21741-64c8-4bac-afe4-eb6a8533f810	7	20133039	48541346	19906	-0.0385
b4e21741-64c8-4bac-afe4-eb6a8533f810	7	48542256	48552289	7	-0.8702
b4e21741-64c8-4bac-afe4-eb6a8533f810	7	48552429	54305455	4244	-0.0393
b4e21741-64c8-4bac-afe4-eb6a8533f810	7	54318812	54318824	6	0.869
b4e21741-64c8-4bac-afe4-eb6a8533f810	7	54325795	67164253	3727	-0.0351
b4e21741-64c8-4bac-afe4-eb6a8533f810	7	67164342	67204078	15	-1.1135
b4e21741-64c8-4bac-afe4-eb6a8533f810	7	67207129	67233947	8	-0.2587
b4e21741-64c8-4bac-afe4-eb6a8533f810	7	67234797	68180799	607	-0.0394
b4e21741-64c8-4bac-afe4-eb6a8533f810	7	68182287	68198224	12	-0.4848
b4e21741-64c8-4bac-afe4-eb6a8533f810	7	68200052	86179721	10175	-0.0322
b4e21741-64c8-4bac-afe4-eb6a8533f810	7	86180613	86181343	3	-1.1075
b4e21741-64c8-4bac-afe4-eb6a8533f810	7	86183680	88611573	1367	-0.0319
b4e21741-64c8-4bac-afe4-eb6a8533f810	7	88611679	90175307	1044	0.0242
b4e21741-64c8-4bac-afe4-eb6a8533f810	7	90175693	100727566	6141	-0.0313
b4e21741-64c8-4bac-afe4-eb6a8533f810	7	100731621	100731642	2	-2.1121
b4e21741-64c8-4bac-afe4-eb6a8533f810	7	100735219	142057791	25285	-0.0364
b4e21741-64c8-4bac-afe4-eb6a8533f810	7	142058171	142087846	31	0.2705
b4e21741-64c8-4bac-afe4-eb6a8533f810	7	142088099	159334314	10863	-0.0264
b4e21741-64c8-4bac-afe4-eb6a8533f810	8	81254	145072769	95425	-0.0305
b4e21741-64c8-4bac-afe4-eb6a8533f810	9	46587	2147099	2313	-0.0065
b4e21741-64c8-4bac-afe4-eb6a8533f810	9	2148837	2150662	6	-0.8567
b4e21741-64c8-4bac-afe4-eb6a8533f810	9	2152115	5079156	2918	-0.025
b4e21741-64c8-4bac-afe4-eb6a8533f810	9	5081416	5081852	9	0.4994
b4e21741-64c8-4bac-afe4-eb6a8533f810	9	5081953	6695986	1119	-0.0135
b4e21741-64c8-4bac-afe4-eb6a8533f810	9	6701145	6708357	7	-0.7329
b4e21741-64c8-4bac-afe4-eb6a8533f810	9	6712314	11934377	4819	-0.0086
b4e21741-64c8-4bac-afe4-eb6a8533f810	9	11941913	11995297	51	-0.7627
b4e21741-64c8-4bac-afe4-eb6a8533f810	9	11995307	11996831	5	-1.6625
b4e21741-64c8-4bac-afe4-eb6a8533f810	9	11999144	12018371	25	-0.8725
b4e21741-64c8-4bac-afe4-eb6a8533f810	9	12019425	12064925	30	-0.0925
b4e21741-64c8-4bac-afe4-eb6a8533f810	9	12067914	12331720	226	0.0738
b4e21741-64c8-4bac-afe4-eb6a8533f810	9	12333231	14006752	1298	-0.0341
b4e21741-64c8-4bac-afe4-eb6a8533f810	9	14008510	14008653	2	-1.2743
b4e21741-64c8-4bac-afe4-eb6a8533f810	9	14008808	24074102	8091	-0.0367
b4e21741-64c8-4bac-afe4-eb6a8533f810	9	24075084	32171521	5990	-0.0085
b4e21741-64c8-4bac-afe4-eb6a8533f810	9	32171852	42574420	4376	-0.0494
b4e21741-64c8-4bac-afe4-eb6a8533f810	9	42585140	42727685	14	-0.7622
b4e21741-64c8-4bac-afe4-eb6a8533f810	9	42729302	61405110	41	-0.1301
b4e21741-64c8-4bac-afe4-eb6a8533f810	9	61520021	61600648	24	1.6372
b4e21741-64c8-4bac-afe4-eb6a8533f810	9	61612703	62929035	29	-0.0188
b4e21741-64c8-4bac-afe4-eb6a8533f810	9	63253816	64813222	92	-0.2467
b4e21741-64c8-4bac-afe4-eb6a8533f810	9	64839518	104036660	24988	-0.0378
b4e21741-64c8-4bac-afe4-eb6a8533f810	9	104036916	104053604	13	0.4184
b4e21741-64c8-4bac-afe4-eb6a8533f810	9	104053641	138200944	22915	-0.0441
b4e21741-64c8-4bac-afe4-eb6a8533f810	10	45792	46370859	31635	-0.0401
b4e21741-64c8-4bac-afe4-eb6a8533f810	10	46442116	46525848	15	-0.5019
b4e21741-64c8-4bac-afe4-eb6a8533f810	10	46526046	46693480	37	-0.0896
b4e21741-64c8-4bac-afe4-eb6a8533f810	10	46693694	46708198	3	-1.3631
b4e21741-64c8-4bac-afe4-eb6a8533f810	10	46780843	53348369	4109	-0.0393
b4e21741-64c8-4bac-afe4-eb6a8533f810	10	53359265	53359688	5	-0.8575
b4e21741-64c8-4bac-afe4-eb6a8533f810	10	53359761	59598509	4546	-0.0243
b4e21741-64c8-4bac-afe4-eb6a8533f810	10	59604357	59605506	8	-0.6612
b4e21741-64c8-4bac-afe4-eb6a8533f810	10	59605724	61846733	1634	-0.0397
b4e21741-64c8-4bac-afe4-eb6a8533f810	10	61850423	61851775	5	-0.6955
b4e21741-64c8-4bac-afe4-eb6a8533f810	10	61853005	65546518	2380	-0.0369
b4e21741-64c8-4bac-afe4-eb6a8533f810	10	65548165	65554688	28	-1.7564
b4e21741-64c8-4bac-afe4-eb6a8533f810	10	65563037	67769173	1542	-0.0061
b4e21741-64c8-4bac-afe4-eb6a8533f810	10	67769227	90702958	15363	-0.043
b4e21741-64c8-4bac-afe4-eb6a8533f810	10	90703067	90703534	3	-1.2033
b4e21741-64c8-4bac-afe4-eb6a8533f810	10	90711823	126684735	24260	-0.0443
b4e21741-64c8-4bac-afe4-eb6a8533f810	10	126684741	126690029	3	-1.0913
b4e21741-64c8-4bac-afe4-eb6a8533f810	10	126690088	129366625	2162	-0.0525
b4e21741-64c8-4bac-afe4-eb6a8533f810	10	129368372	133654968	2851	-0.0105
b4e21741-64c8-4bac-afe4-eb6a8533f810	11	198510	55609206	34466	-0.0331
b4e21741-64c8-4bac-afe4-eb6a8533f810	11	55610402	55685533	44	0.3851
b4e21741-64c8-4bac-afe4-eb6a8533f810	11	55686100	135074876	52245	-0.0325
b4e21741-64c8-4bac-afe4-eb6a8533f810	12	51460	9481274	6170	-0.031
b4e21741-64c8-4bac-afe4-eb6a8533f810	12	9485313	9575696	23	-1.2991
b4e21741-64c8-4bac-afe4-eb6a8533f810	12	9582373	33141726	16564	-0.036
b4e21741-64c8-4bac-afe4-eb6a8533f810	12	33148472	33155453	29	-0.4889
b4e21741-64c8-4bac-afe4-eb6a8533f810	12	33155525	39222906	1566	0.0176
b4e21741-64c8-4bac-afe4-eb6a8533f810	12	39223408	45510655	4015	-0.0301
b4e21741-64c8-4bac-afe4-eb6a8533f810	12	45512057	45515754	3	0.995
b4e21741-64c8-4bac-afe4-eb6a8533f810	12	45519509	48331456	1719	-0.0336
b4e21741-64c8-4bac-afe4-eb6a8533f810	12	48331619	48331632	2	-1.5222
b4e21741-64c8-4bac-afe4-eb6a8533f810	12	48336253	129322656	52134	-0.0378
b4e21741-64c8-4bac-afe4-eb6a8533f810	12	129323760	129785032	458	-0.0035
b4e21741-64c8-4bac-afe4-eb6a8533f810	12	129785457	129791193	3	-1.1092
b4e21741-64c8-4bac-afe4-eb6a8533f810	12	129791325	133201603	2077	-0.0028
b4e21741-64c8-4bac-afe4-eb6a8533f810	13	18452809	57174890	25992	-0.0249
b4e21741-64c8-4bac-afe4-eb6a8533f810	13	57175038	57215875	43	0.3157
b4e21741-64c8-4bac-afe4-eb6a8533f810	13	57218835	68668123	6883	-0.011
b4e21741-64c8-4bac-afe4-eb6a8533f810	13	68674167	68694110	38	-0.595
b4e21741-64c8-4bac-afe4-eb6a8533f810	13	68694987	72654041	2661	-0.0211
b4e21741-64c8-4bac-afe4-eb6a8533f810	13	72654251	72654270	2	-1.4937
b4e21741-64c8-4bac-afe4-eb6a8533f810	13	72654482	114342922	28464	-0.0282
b4e21741-64c8-4bac-afe4-eb6a8533f810	14	18239283	19735726	70	-0.1659
b4e21741-64c8-4bac-afe4-eb6a8533f810	14	19735739	19951100	93	0.2209
b4e21741-64c8-4bac-afe4-eb6a8533f810	14	19951992	21683611	1155	-0.0329
b4e21741-64c8-4bac-afe4-eb6a8533f810	14	21684158	22543601	742	0.0466
b4e21741-64c8-4bac-afe4-eb6a8533f810	14	22545118	34959789	7864	-0.0318
b4e21741-64c8-4bac-afe4-eb6a8533f810	14	34960155	34960540	2	-1.8924
b4e21741-64c8-4bac-afe4-eb6a8533f810	14	34965212	35022070	34	-0.0805
b4e21741-64c8-4bac-afe4-eb6a8533f810	14	35022137	35040568	11	-0.4843
b4e21741-64c8-4bac-afe4-eb6a8533f810	14	35041591	41139155	3780	-0.0201
b4e21741-64c8-4bac-afe4-eb6a8533f810	14	41141293	41188046	12	-1.5704
b4e21741-64c8-4bac-afe4-eb6a8533f810	14	41188146	73529070	20439	-0.0315
b4e21741-64c8-4bac-afe4-eb6a8533f810	14	73534419	73550817	7	-1.5784
b4e21741-64c8-4bac-afe4-eb6a8533f810	14	73550834	84037349	6951	-0.0377
b4e21741-64c8-4bac-afe4-eb6a8533f810	14	84037724	84037763	2	-1.7337
b4e21741-64c8-4bac-afe4-eb6a8533f810	14	84038681	99449830	10805	-0.0347
b4e21741-64c8-4bac-afe4-eb6a8533f810	14	99455303	99455568	2	-1.3723
b4e21741-64c8-4bac-afe4-eb6a8533f810	14	99455814	99690434	151	-0.0499
b4e21741-64c8-4bac-afe4-eb6a8533f810	14	99691454	99694043	2	1.6986
b4e21741-64c8-4bac-afe4-eb6a8533f810	14	99696040	105837038	2794	-0.0405
b4e21741-64c8-4bac-afe4-eb6a8533f810	14	105837115	106644263	316	0.0752
b4e21741-64c8-4bac-afe4-eb6a8533f810	14	106644593	106877229	119	-0.0589
b4e21741-64c8-4bac-afe4-eb6a8533f810	15	19811075	24424598	1198	-0.0424
b4e21741-64c8-4bac-afe4-eb6a8533f810	15	24429604	24473026	33	-0.6165
b4e21741-64c8-4bac-afe4-eb6a8533f810	15	24473449	26693192	1615	-0.0318
b4e21741-64c8-4bac-afe4-eb6a8533f810	15	26693341	26693475	3	-1.0567
b4e21741-64c8-4bac-afe4-eb6a8533f810	15	26695318	30231102	1986	-0.0268
b4e21741-64c8-4bac-afe4-eb6a8533f810	15	30252720	30259942	4	1.0123
b4e21741-64c8-4bac-afe4-eb6a8533f810	15	30269364	44931456	8860	-0.0441
b4e21741-64c8-4bac-afe4-eb6a8533f810	15	44933059	44942884	7	-0.7054
b4e21741-64c8-4bac-afe4-eb6a8533f810	15	44946546	53492842	5385	-0.0431
b4e21741-64c8-4bac-afe4-eb6a8533f810	15	53492956	53493082	4	-0.872
b4e21741-64c8-4bac-afe4-eb6a8533f810	15	53498050	70105991	11269	-0.0434
b4e21741-64c8-4bac-afe4-eb6a8533f810	15	70109756	70113263	2	-1.3545
b4e21741-64c8-4bac-afe4-eb6a8533f810	15	70113669	76599170	3515	-0.0361
b4e21741-64c8-4bac-afe4-eb6a8533f810	15	76599286	76603434	20	0.7603
b4e21741-64c8-4bac-afe4-eb6a8533f810	15	76609838	101928837	17593	-0.0341
b4e21741-64c8-4bac-afe4-eb6a8533f810	16	10777	5557803	2621	0.3429
b4e21741-64c8-4bac-afe4-eb6a8533f810	16	5557819	8020659	3030	0.377
b4e21741-64c8-4bac-afe4-eb6a8533f810	16	8022506	15444413	5595	0.3322
b4e21741-64c8-4bac-afe4-eb6a8533f810	16	15444862	16201950	501	0.382
b4e21741-64c8-4bac-afe4-eb6a8533f810	16	16202055	16653072	40	0.1518
b4e21741-64c8-4bac-afe4-eb6a8533f810	16	16666829	18153433	980	0.3945
b4e21741-64c8-4bac-afe4-eb6a8533f810	16	18162067	75501474	25878	0.3339
b4e21741-64c8-4bac-afe4-eb6a8533f810	16	75505510	75525457	7	0.9667
b4e21741-64c8-4bac-afe4-eb6a8533f810	16	75526064	75542100	13	0.6514
b4e21741-64c8-4bac-afe4-eb6a8533f810	16	75546219	78337711	2562	0.343
b4e21741-64c8-4bac-afe4-eb6a8533f810	16	78338543	78350841	15	1.9656
b4e21741-64c8-4bac-afe4-eb6a8533f810	16	78350868	83856075	6232	0.3523
b4e21741-64c8-4bac-afe4-eb6a8533f810	16	83857855	83859207	11	-0.9159
b4e21741-64c8-4bac-afe4-eb6a8533f810	16	83861820	90096867	4373	0.3726
b4e21741-64c8-4bac-afe4-eb6a8533f810	17	150733	1067857	493	0.021
b4e21741-64c8-4bac-afe4-eb6a8533f810	17	1074619	14226733	8405	-0.0483
b4e21741-64c8-4bac-afe4-eb6a8533f810	17	14228516	15654426	1116	0.0063
b4e21741-64c8-4bac-afe4-eb6a8533f810	17	15661944	26943491	2882	-0.0434
b4e21741-64c8-4bac-afe4-eb6a8533f810	17	26943774	33618651	3507	0.3283
b4e21741-64c8-4bac-afe4-eb6a8533f810	17	33622050	34684295	987	0.3832
b4e21741-64c8-4bac-afe4-eb6a8533f810	17	34687536	36109139	859	0.3274
b4e21741-64c8-4bac-afe4-eb6a8533f810	17	36109315	36150004	33	0.7517
b4e21741-64c8-4bac-afe4-eb6a8533f810	17	36150098	41266774	2527	0.3332
b4e21741-64c8-4bac-afe4-eb6a8533f810	17	41266805	41274279	22	-0.4418
b4e21741-64c8-4bac-afe4-eb6a8533f810	17	41276472	46136346	2534	0.3167
b4e21741-64c8-4bac-afe4-eb6a8533f810	17	46136800	46267672	79	0.7701
b4e21741-64c8-4bac-afe4-eb6a8533f810	17	46273919	46351954	11	0.4229
b4e21741-64c8-4bac-afe4-eb6a8533f810	17	46446345	53044094	3698	0.3399
b4e21741-64c8-4bac-afe4-eb6a8533f810	17	53045862	53212634	88	0.5039
b4e21741-64c8-4bac-afe4-eb6a8533f810	17	53212955	64867438	6743	0.3297
b4e21741-64c8-4bac-afe4-eb6a8533f810	17	64929599	64929920	2	1.6504
b4e21741-64c8-4bac-afe4-eb6a8533f810	17	64930571	70044239	3287	0.3394
b4e21741-64c8-4bac-afe4-eb6a8533f810	17	70044817	70044889	2	-0.7903
b4e21741-64c8-4bac-afe4-eb6a8533f810	17	70049030	79245925	6004	0.3387
b4e21741-64c8-4bac-afe4-eb6a8533f810	17	79246197	79250308	8	0.9375
b4e21741-64c8-4bac-afe4-eb6a8533f810	17	79250962	83091923	1734	0.346
b4e21741-64c8-4bac-afe4-eb6a8533f810	18	48133	30232420	15994	-0.0247
b4e21741-64c8-4bac-afe4-eb6a8533f810	18	30234583	30236003	4	-0.8875
b4e21741-64c8-4bac-afe4-eb6a8533f810	18	30238649	40678118	6750	-0.0304
b4e21741-64c8-4bac-afe4-eb6a8533f810	18	40678132	40689534	34	0.2416
b4e21741-64c8-4bac-afe4-eb6a8533f810	18	40689848	65363908	16978	-0.0279
b4e21741-64c8-4bac-afe4-eb6a8533f810	18	65364000	65364012	2	-1.3755
b4e21741-64c8-4bac-afe4-eb6a8533f810	18	65364184	65776710	261	-0.0271
b4e21741-64c8-4bac-afe4-eb6a8533f810	18	65776764	66007711	192	0.1038
b4e21741-64c8-4bac-afe4-eb6a8533f810	18	66008472	71397326	3886	-0.0143
b4e21741-64c8-4bac-afe4-eb6a8533f810	18	71397866	73631071	1764	0.0483
b4e21741-64c8-4bac-afe4-eb6a8533f810	18	73631840	78900693	4111	-0.0281
b4e21741-64c8-4bac-afe4-eb6a8533f810	18	78902714	78904863	5	-0.9905
b4e21741-64c8-4bac-afe4-eb6a8533f810	18	78906449	80257174	704	0.0065
b4e21741-64c8-4bac-afe4-eb6a8533f810	19	90910	11053013	4261	-0.0488
b4e21741-64c8-4bac-afe4-eb6a8533f810	19	11057986	11058376	2	-1.4764
b4e21741-64c8-4bac-afe4-eb6a8533f810	19	11066732	20563384	4738	-0.0455
b4e21741-64c8-4bac-afe4-eb6a8533f810	19	20576271	20577052	2	-1.5119
b4e21741-64c8-4bac-afe4-eb6a8533f810	19	20582324	21632117	592	-0.0191
b4e21741-64c8-4bac-afe4-eb6a8533f810	19	21632838	21637067	2	1.2739
b4e21741-64c8-4bac-afe4-eb6a8533f810	19	21637309	35358420	7093	-0.0363
b4e21741-64c8-4bac-afe4-eb6a8533f810	19	35364451	35370946	21	-0.6528
b4e21741-64c8-4bac-afe4-eb6a8533f810	19	35375842	42786621	3685	-0.0307
b4e21741-64c8-4bac-afe4-eb6a8533f810	19	42790238	43038679	112	-0.7828
b4e21741-64c8-4bac-afe4-eb6a8533f810	19	43044862	51628560	4230	-0.041
b4e21741-64c8-4bac-afe4-eb6a8533f810	19	51639099	51644944	11	-0.6672
b4e21741-64c8-4bac-afe4-eb6a8533f810	19	51651652	58429147	4280	-0.0405
b4e21741-64c8-4bac-afe4-eb6a8533f810	19	58432041	58433008	2	-2.7159
b4e21741-64c8-4bac-afe4-eb6a8533f810	19	58434689	58586487	52	-0.0409
b4e21741-64c8-4bac-afe4-eb6a8533f810	20	80664	1580305	1202	-0.0327
b4e21741-64c8-4bac-afe4-eb6a8533f810	20	1580353	1601561	37	0.8773
b4e21741-64c8-4bac-afe4-eb6a8533f810	20	1609611	64324800	41100	-0.038
b4e21741-64c8-4bac-afe4-eb6a8533f810	21	10354168	31864142	13417	-0.0283
b4e21741-64c8-4bac-afe4-eb6a8533f810	21	31865670	31867735	3	-1.8251
b4e21741-64c8-4bac-afe4-eb6a8533f810	21	31879236	46677045	10422	-0.0304
b4e21741-64c8-4bac-afe4-eb6a8533f810	22	15294547	18649244	1133	-0.0575
b4e21741-64c8-4bac-afe4-eb6a8533f810	22	18760927	18783014	3	-1.159
b4e21741-64c8-4bac-afe4-eb6a8533f810	22	18818348	22398127	2318	0.0019
b4e21741-64c8-4bac-afe4-eb6a8533f810	22	22398345	22398545	4	-0.9904
b4e21741-64c8-4bac-afe4-eb6a8533f810	22	22402989	23971577	930	-0.0076
b4e21741-64c8-4bac-afe4-eb6a8533f810	22	23971817	23990739	7	0.7422
b4e21741-64c8-4bac-afe4-eb6a8533f810	22	23995113	24054572	48	-0.0075
b4e21741-64c8-4bac-afe4-eb6a8533f810	22	24063450	38894915	10737	-0.0476
b4e21741-64c8-4bac-afe4-eb6a8533f810	22	38899250	38900899	3	-2.5482
b4e21741-64c8-4bac-afe4-eb6a8533f810	22	38903109	50796027	8074	-0.0384
b4e21741-64c8-4bac-afe4-eb6a8533f810	X	251810	155538735	83273	0.0152
b4e21741-64c8-4bac-afe4-eb6a8533f810	X	155542680	155554665	27	-1.9724
b4e21741-64c8-4bac-afe4-eb6a8533f810	X	155556117	155699837	79	0.0754
b4e21741-64c8-4bac-afe4-eb6a8533f810	X	155734393	155952689	18	-0.3514
b4e21741-64c8-4bac-afe4-eb6a8533f810	Y	2782397	56872112	6629	-1.9174
