GDC_Aliquot	Chromosome	Start	End	Num_Probes	Segment_Mean
8bd81f50-2249-4003-bf28-25ae24fe92cf	1	62920	825988	35	0.128
8bd81f50-2249-4003-bf28-25ae24fe92cf	1	826738	4977991	1954	-0.633
8bd81f50-2249-4003-bf28-25ae24fe92cf	1	4979033	4979320	2	-4.7474
8bd81f50-2249-4003-bf28-25ae24fe92cf	1	4982142	16679483	6667	-0.6091
8bd81f50-2249-4003-bf28-25ae24fe92cf	1	16685961	16951445	80	-0.2646
8bd81f50-2249-4003-bf28-25ae24fe92cf	1	16955930	25256850	5254	-0.6118
8bd81f50-2249-4003-bf28-25ae24fe92cf	1	25266637	25320455	24	-0.0184
8bd81f50-2249-4003-bf28-25ae24fe92cf	1	25336819	35189124	5234	-0.6026
8bd81f50-2249-4003-bf28-25ae24fe92cf	1	35190463	72302735	23504	0.1927
8bd81f50-2249-4003-bf28-25ae24fe92cf	1	72302815	72345465	47	1.0258
8bd81f50-2249-4003-bf28-25ae24fe92cf	1	72346221	103586648	20027	0.1802
8bd81f50-2249-4003-bf28-25ae24fe92cf	1	103587546	103616762	11	-0.3166
8bd81f50-2249-4003-bf28-25ae24fe92cf	1	103620877	103621165	2	-2.0661
8bd81f50-2249-4003-bf28-25ae24fe92cf	1	103697067	105476688	925	0.1778
8bd81f50-2249-4003-bf28-25ae24fe92cf	1	105476748	105479738	13	0.8598
8bd81f50-2249-4003-bf28-25ae24fe92cf	1	105479753	110833598	3486	0.1757
8bd81f50-2249-4003-bf28-25ae24fe92cf	1	110834746	110849445	40	-0.5325
8bd81f50-2249-4003-bf28-25ae24fe92cf	1	110850675	143927887	6388	0.1832
8bd81f50-2249-4003-bf28-25ae24fe92cf	1	143928045	144932423	18	-0.2844
8bd81f50-2249-4003-bf28-25ae24fe92cf	1	145642976	152789962	2509	0.1656
8bd81f50-2249-4003-bf28-25ae24fe92cf	1	152789978	152796224	28	0.7111
8bd81f50-2249-4003-bf28-25ae24fe92cf	1	152801429	155691436	1557	0.1818
8bd81f50-2249-4003-bf28-25ae24fe92cf	1	155692180	155693566	2	-2.0514
8bd81f50-2249-4003-bf28-25ae24fe92cf	1	155697170	179354603	16346	0.1844
8bd81f50-2249-4003-bf28-25ae24fe92cf	1	179361393	179364180	4	-0.9916
8bd81f50-2249-4003-bf28-25ae24fe92cf	1	179370071	187323476	5279	0.1814
8bd81f50-2249-4003-bf28-25ae24fe92cf	1	187329235	187331559	3	-2.3141
8bd81f50-2249-4003-bf28-25ae24fe92cf	1	187331953	196745743	6284	0.1693
8bd81f50-2249-4003-bf28-25ae24fe92cf	1	196758720	196832720	58	-0.473
8bd81f50-2249-4003-bf28-25ae24fe92cf	1	196843377	248930189	35828	0.1875
8bd81f50-2249-4003-bf28-25ae24fe92cf	2	12784	32826462	22802	0.1556
8bd81f50-2249-4003-bf28-25ae24fe92cf	2	32827119	32827696	3	-1.188
8bd81f50-2249-4003-bf28-25ae24fe92cf	2	32828621	34476668	1294	0.1522
8bd81f50-2249-4003-bf28-25ae24fe92cf	2	34483565	34511990	40	0.434
8bd81f50-2249-4003-bf28-25ae24fe92cf	2	34512096	35356629	540	0.1607
8bd81f50-2249-4003-bf28-25ae24fe92cf	2	35356931	35390609	51	-0.7006
8bd81f50-2249-4003-bf28-25ae24fe92cf	2	35396850	35750907	280	0.1779
8bd81f50-2249-4003-bf28-25ae24fe92cf	2	35752724	35762881	7	-1.8437
8bd81f50-2249-4003-bf28-25ae24fe92cf	2	35772407	52527423	12135	0.1516
8bd81f50-2249-4003-bf28-25ae24fe92cf	2	52527590	52554404	36	0.9435
8bd81f50-2249-4003-bf28-25ae24fe92cf	2	52560811	57167767	3349	0.148
8bd81f50-2249-4003-bf28-25ae24fe92cf	2	57174909	57218336	69	0.6812
8bd81f50-2249-4003-bf28-25ae24fe92cf	2	57220263	75603095	11427	0.1478
8bd81f50-2249-4003-bf28-25ae24fe92cf	2	75606187	75609885	3	-0.8384
8bd81f50-2249-4003-bf28-25ae24fe92cf	2	75613670	87207015	7175	0.1504
8bd81f50-2249-4003-bf28-25ae24fe92cf	2	87207066	87321376	36	-0.2308
8bd81f50-2249-4003-bf28-25ae24fe92cf	2	87321424	114629270	11782	0.1481
8bd81f50-2249-4003-bf28-25ae24fe92cf	2	114638844	114643422	18	-0.6445
8bd81f50-2249-4003-bf28-25ae24fe92cf	2	114645637	123123640	5388	0.1573
8bd81f50-2249-4003-bf28-25ae24fe92cf	2	123126362	123128983	2	-2.1325
8bd81f50-2249-4003-bf28-25ae24fe92cf	2	123129646	131550645	4935	0.1627
8bd81f50-2249-4003-bf28-25ae24fe92cf	2	131554752	131572823	8	-0.6589
8bd81f50-2249-4003-bf28-25ae24fe92cf	2	131578090	131781169	103	0.1573
8bd81f50-2249-4003-bf28-25ae24fe92cf	2	131790948	131802699	2	-1.1809
8bd81f50-2249-4003-bf28-25ae24fe92cf	2	131802808	132567667	313	0.1331
8bd81f50-2249-4003-bf28-25ae24fe92cf	2	132567742	132568724	3	-1.0017
8bd81f50-2249-4003-bf28-25ae24fe92cf	2	132571035	146104517	8650	0.1469
8bd81f50-2249-4003-bf28-25ae24fe92cf	2	146106836	146109366	24	1.1208
8bd81f50-2249-4003-bf28-25ae24fe92cf	2	146120238	159099246	7783	0.1383
8bd81f50-2249-4003-bf28-25ae24fe92cf	2	159100008	159104461	7	0.8881
8bd81f50-2249-4003-bf28-25ae24fe92cf	2	159106775	163780342	2797	0.1372
8bd81f50-2249-4003-bf28-25ae24fe92cf	2	163786978	163788616	5	-0.9164
8bd81f50-2249-4003-bf28-25ae24fe92cf	2	163790132	188703060	15329	0.147
8bd81f50-2249-4003-bf28-25ae24fe92cf	2	188703229	188715816	27	-0.4735
8bd81f50-2249-4003-bf28-25ae24fe92cf	2	188716515	207485467	11019	0.1484
8bd81f50-2249-4003-bf28-25ae24fe92cf	2	207485523	207485538	2	-2.0191
8bd81f50-2249-4003-bf28-25ae24fe92cf	2	207485595	242147305	22102	0.1589
8bd81f50-2249-4003-bf28-25ae24fe92cf	3	20930	182919	153	-0.6702
8bd81f50-2249-4003-bf28-25ae24fe92cf	3	188339	191117	4	-3.0136
8bd81f50-2249-4003-bf28-25ae24fe92cf	3	193194	4149135	3578	-0.6483
8bd81f50-2249-4003-bf28-25ae24fe92cf	3	4150955	4155331	4	-2.9417
8bd81f50-2249-4003-bf28-25ae24fe92cf	3	4160117	11371130	5795	-0.6461
8bd81f50-2249-4003-bf28-25ae24fe92cf	3	11371349	11371926	3	-3.3051
8bd81f50-2249-4003-bf28-25ae24fe92cf	3	11375791	21898934	6926	-0.6322
8bd81f50-2249-4003-bf28-25ae24fe92cf	3	21899861	21901699	2	-2.5633
8bd81f50-2249-4003-bf28-25ae24fe92cf	3	21902230	45860622	16077	-0.6215
8bd81f50-2249-4003-bf28-25ae24fe92cf	3	45861352	45866656	4	-2.5164
8bd81f50-2249-4003-bf28-25ae24fe92cf	3	45867444	52700061	2954	-0.5912
8bd81f50-2249-4003-bf28-25ae24fe92cf	3	52703888	68697133	12240	0.1946
8bd81f50-2249-4003-bf28-25ae24fe92cf	3	68697295	68698178	10	-0.4978
8bd81f50-2249-4003-bf28-25ae24fe92cf	3	68698213	72518887	2935	0.1919
8bd81f50-2249-4003-bf28-25ae24fe92cf	3	72519218	72523494	3	-0.8687
8bd81f50-2249-4003-bf28-25ae24fe92cf	3	72523839	82823717	6106	0.1839
8bd81f50-2249-4003-bf28-25ae24fe92cf	3	82823736	82823892	3	-0.8142
8bd81f50-2249-4003-bf28-25ae24fe92cf	3	82831894	87485979	2499	0.1828
8bd81f50-2249-4003-bf28-25ae24fe92cf	3	87491339	87491628	2	-1.1648
8bd81f50-2249-4003-bf28-25ae24fe92cf	3	87496002	89590587	1238	0.1851
8bd81f50-2249-4003-bf28-25ae24fe92cf	3	89593678	89636742	22	-0.1853
8bd81f50-2249-4003-bf28-25ae24fe92cf	3	89637475	99215760	3101	0.1769
8bd81f50-2249-4003-bf28-25ae24fe92cf	3	99217783	99233548	45	0.4863
8bd81f50-2249-4003-bf28-25ae24fe92cf	3	99233599	114936935	9463	0.1727
8bd81f50-2249-4003-bf28-25ae24fe92cf	3	114941745	114950103	7	-0.5676
8bd81f50-2249-4003-bf28-25ae24fe92cf	3	114950171	130067097	9242	0.1852
8bd81f50-2249-4003-bf28-25ae24fe92cf	3	130067366	130092419	39	0.5419
8bd81f50-2249-4003-bf28-25ae24fe92cf	3	130092428	162200870	19880	0.1874
8bd81f50-2249-4003-bf28-25ae24fe92cf	3	162201550	162201585	2	1.4894
8bd81f50-2249-4003-bf28-25ae24fe92cf	3	162203275	162828441	407	0.175
8bd81f50-2249-4003-bf28-25ae24fe92cf	3	162829721	162910826	49	-0.2939
8bd81f50-2249-4003-bf28-25ae24fe92cf	3	162910855	162996729	69	0.2137
8bd81f50-2249-4003-bf28-25ae24fe92cf	3	162999939	163001774	2	-3.2172
8bd81f50-2249-4003-bf28-25ae24fe92cf	3	163008371	198142659	21809	0.1795
8bd81f50-2249-4003-bf28-25ae24fe92cf	3	198169114	198169247	4	-0.28
8bd81f50-2249-4003-bf28-25ae24fe92cf	4	68929	9455251	5144	-0.6291
8bd81f50-2249-4003-bf28-25ae24fe92cf	4	9459504	9477699	6	1.0371
8bd81f50-2249-4003-bf28-25ae24fe92cf	4	9484440	10208766	538	-0.619
8bd81f50-2249-4003-bf28-25ae24fe92cf	4	10212536	10229874	29	-1.9166
8bd81f50-2249-4003-bf28-25ae24fe92cf	4	10232590	21370380	8202	-0.6214
8bd81f50-2249-4003-bf28-25ae24fe92cf	4	21370416	21375228	14	-1.8085
8bd81f50-2249-4003-bf28-25ae24fe92cf	4	21382117	34777353	8729	-0.6188
8bd81f50-2249-4003-bf28-25ae24fe92cf	4	34777382	34823103	42	-0.1181
8bd81f50-2249-4003-bf28-25ae24fe92cf	4	34828250	60631418	14774	-0.615
8bd81f50-2249-4003-bf28-25ae24fe92cf	4	60635111	60635552	2	-2.9974
8bd81f50-2249-4003-bf28-25ae24fe92cf	4	60638258	63827261	1764	-0.6284
8bd81f50-2249-4003-bf28-25ae24fe92cf	4	63828222	63842036	24	0.0864
8bd81f50-2249-4003-bf28-25ae24fe92cf	4	63842099	65740824	1224	-0.6064
8bd81f50-2249-4003-bf28-25ae24fe92cf	4	65746138	65746361	5	-2.132
8bd81f50-2249-4003-bf28-25ae24fe92cf	4	65749524	68389352	1624	-0.6148
8bd81f50-2249-4003-bf28-25ae24fe92cf	4	68391041	68422424	9	0.007
8bd81f50-2249-4003-bf28-25ae24fe92cf	4	68429081	68478894	9	-0.6294
8bd81f50-2249-4003-bf28-25ae24fe92cf	4	68494770	68640616	70	0.2292
8bd81f50-2249-4003-bf28-25ae24fe92cf	4	68655691	68807003	59	-0.6541
8bd81f50-2249-4003-bf28-25ae24fe92cf	4	68813177	68851497	27	0.2808
8bd81f50-2249-4003-bf28-25ae24fe92cf	4	68851812	69203084	201	-0.5816
8bd81f50-2249-4003-bf28-25ae24fe92cf	4	69206549	69414814	102	-0.3328
8bd81f50-2249-4003-bf28-25ae24fe92cf	4	69415349	69612451	169	-0.646
8bd81f50-2249-4003-bf28-25ae24fe92cf	4	69612465	69613356	3	-2.3416
8bd81f50-2249-4003-bf28-25ae24fe92cf	4	69616162	76842061	4371	-0.6083
8bd81f50-2249-4003-bf28-25ae24fe92cf	4	76845605	76849432	4	-2.5715
8bd81f50-2249-4003-bf28-25ae24fe92cf	4	76854983	87849407	6965	-0.6235
8bd81f50-2249-4003-bf28-25ae24fe92cf	4	87849665	87849956	8	-2.121
8bd81f50-2249-4003-bf28-25ae24fe92cf	4	87851943	96395896	5141	-0.6122
8bd81f50-2249-4003-bf28-25ae24fe92cf	4	96399079	96401252	2	-2.544
8bd81f50-2249-4003-bf28-25ae24fe92cf	4	96405817	103279862	3913	-0.6223
8bd81f50-2249-4003-bf28-25ae24fe92cf	4	103285657	103326777	49	-2.7632
8bd81f50-2249-4003-bf28-25ae24fe92cf	4	103328248	107147141	2207	-0.6114
8bd81f50-2249-4003-bf28-25ae24fe92cf	4	107147161	107150471	6	0.3926
8bd81f50-2249-4003-bf28-25ae24fe92cf	4	107150731	114252544	4419	-0.6158
8bd81f50-2249-4003-bf28-25ae24fe92cf	4	114254167	114263224	29	0.1697
8bd81f50-2249-4003-bf28-25ae24fe92cf	4	114263234	115244948	605	-0.6139
8bd81f50-2249-4003-bf28-25ae24fe92cf	4	115251455	115251961	6	-3.5691
8bd81f50-2249-4003-bf28-25ae24fe92cf	4	115252047	115254969	16	-1.4513
8bd81f50-2249-4003-bf28-25ae24fe92cf	4	115259026	139600954	14267	-0.6095
8bd81f50-2249-4003-bf28-25ae24fe92cf	4	139608040	139608679	2	-2.8323
8bd81f50-2249-4003-bf28-25ae24fe92cf	4	139610560	154348159	8771	-0.6173
8bd81f50-2249-4003-bf28-25ae24fe92cf	4	154348395	154348491	2	-3.0894
8bd81f50-2249-4003-bf28-25ae24fe92cf	4	154354537	154881396	337	-0.6332
8bd81f50-2249-4003-bf28-25ae24fe92cf	4	154881853	154881926	3	-2.3801
8bd81f50-2249-4003-bf28-25ae24fe92cf	4	154882047	160546918	3622	-0.5971
8bd81f50-2249-4003-bf28-25ae24fe92cf	4	160551341	160552418	2	-2.2709
8bd81f50-2249-4003-bf28-25ae24fe92cf	4	160553251	165199505	3082	-0.5941
8bd81f50-2249-4003-bf28-25ae24fe92cf	4	165204328	165205044	2	-2.65
8bd81f50-2249-4003-bf28-25ae24fe92cf	4	165209153	165437380	132	-0.6185
8bd81f50-2249-4003-bf28-25ae24fe92cf	4	165437400	165441577	6	-1.5966
8bd81f50-2249-4003-bf28-25ae24fe92cf	4	165443856	168042708	1566	-0.6067
8bd81f50-2249-4003-bf28-25ae24fe92cf	4	168043341	168064410	30	-0.1824
8bd81f50-2249-4003-bf28-25ae24fe92cf	4	168064604	171448195	2153	-0.6152
8bd81f50-2249-4003-bf28-25ae24fe92cf	4	171453733	171456307	9	0.7312
8bd81f50-2249-4003-bf28-25ae24fe92cf	4	171456559	171566080	61	-0.5826
8bd81f50-2249-4003-bf28-25ae24fe92cf	4	171566260	171566786	3	-2.5309
8bd81f50-2249-4003-bf28-25ae24fe92cf	4	171566850	172067997	334	-0.606
8bd81f50-2249-4003-bf28-25ae24fe92cf	4	172068015	172068368	10	0.191
8bd81f50-2249-4003-bf28-25ae24fe92cf	4	172068382	172501371	231	-0.5972
8bd81f50-2249-4003-bf28-25ae24fe92cf	4	172503796	172507492	7	0.7217
8bd81f50-2249-4003-bf28-25ae24fe92cf	4	172519981	174675617	1214	-0.6136
8bd81f50-2249-4003-bf28-25ae24fe92cf	4	174677129	174677265	2	1.3966
8bd81f50-2249-4003-bf28-25ae24fe92cf	4	174678059	175340484	390	-0.5662
8bd81f50-2249-4003-bf28-25ae24fe92cf	4	175342528	175343329	2	-4.0513
8bd81f50-2249-4003-bf28-25ae24fe92cf	4	175349734	175829518	262	-0.6325
8bd81f50-2249-4003-bf28-25ae24fe92cf	4	175832942	175833372	2	-3.0507
8bd81f50-2249-4003-bf28-25ae24fe92cf	4	175835971	188300104	8800	-0.6284
8bd81f50-2249-4003-bf28-25ae24fe92cf	4	188300206	188300285	4	1.0229
8bd81f50-2249-4003-bf28-25ae24fe92cf	4	188301659	190106768	1138	-0.6257
8bd81f50-2249-4003-bf28-25ae24fe92cf	5	15532	698357	308	0.1604
8bd81f50-2249-4003-bf28-25ae24fe92cf	5	698390	779766	26	0.8752
8bd81f50-2249-4003-bf28-25ae24fe92cf	5	800724	5676334	4052	0.1867
8bd81f50-2249-4003-bf28-25ae24fe92cf	5	5678884	5680788	30	-0.5229
8bd81f50-2249-4003-bf28-25ae24fe92cf	5	5680888	12815668	5778	0.1906
8bd81f50-2249-4003-bf28-25ae24fe92cf	5	12815753	12857021	15	0.6263
8bd81f50-2249-4003-bf28-25ae24fe92cf	5	12857227	17342373	3061	0.1827
8bd81f50-2249-4003-bf28-25ae24fe92cf	5	17344127	17356130	8	-0.7466
8bd81f50-2249-4003-bf28-25ae24fe92cf	5	17358160	21376735	2391	0.1789
8bd81f50-2249-4003-bf28-25ae24fe92cf	5	21377730	21377744	2	-1.4532
8bd81f50-2249-4003-bf28-25ae24fe92cf	5	21385957	21449167	44	0.2386
8bd81f50-2249-4003-bf28-25ae24fe92cf	5	21451091	21451889	4	1.1423
8bd81f50-2249-4003-bf28-25ae24fe92cf	5	21452329	27524345	3532	0.1717
8bd81f50-2249-4003-bf28-25ae24fe92cf	5	27525283	27525848	7	-0.6073
8bd81f50-2249-4003-bf28-25ae24fe92cf	5	27525863	56566769	15496	0.1787
8bd81f50-2249-4003-bf28-25ae24fe92cf	5	56566893	56567248	2	-1.4812
8bd81f50-2249-4003-bf28-25ae24fe92cf	5	56567438	58030336	1005	0.1795
8bd81f50-2249-4003-bf28-25ae24fe92cf	5	58030453	58037688	29	-0.195
8bd81f50-2249-4003-bf28-25ae24fe92cf	5	58037706	58659637	443	0.1631
8bd81f50-2249-4003-bf28-25ae24fe92cf	5	58660999	58663305	24	-0.8738
8bd81f50-2249-4003-bf28-25ae24fe92cf	5	58663865	69550476	6829	0.1698
8bd81f50-2249-4003-bf28-25ae24fe92cf	5	69571467	69822308	5	1.0806
8bd81f50-2249-4003-bf28-25ae24fe92cf	5	69937600	70959069	6	0.0362
8bd81f50-2249-4003-bf28-25ae24fe92cf	5	70959071	70959079	6	0.8444
8bd81f50-2249-4003-bf28-25ae24fe92cf	5	71010832	97780983	15659	0.1713
8bd81f50-2249-4003-bf28-25ae24fe92cf	5	97781157	97784803	4	-0.7761
8bd81f50-2249-4003-bf28-25ae24fe92cf	5	97789963	104515520	3868	0.1746
8bd81f50-2249-4003-bf28-25ae24fe92cf	5	104524672	104524903	4	-1.0703
8bd81f50-2249-4003-bf28-25ae24fe92cf	5	104525348	119694730	10481	0.1759
8bd81f50-2249-4003-bf28-25ae24fe92cf	5	119704243	119705629	2	-2.2634
8bd81f50-2249-4003-bf28-25ae24fe92cf	5	119712096	175946505	37047	0.1805
8bd81f50-2249-4003-bf28-25ae24fe92cf	5	175960543	176005602	10	1.6119
8bd81f50-2249-4003-bf28-25ae24fe92cf	5	176009608	177771448	729	0.1649
8bd81f50-2249-4003-bf28-25ae24fe92cf	5	177800550	177805604	3	1.6807
8bd81f50-2249-4003-bf28-25ae24fe92cf	5	177827964	180947523	1796	0.1958
8bd81f50-2249-4003-bf28-25ae24fe92cf	5	180951710	180991103	19	-0.4402
8bd81f50-2249-4003-bf28-25ae24fe92cf	5	181006225	181363319	169	0.1291
8bd81f50-2249-4003-bf28-25ae24fe92cf	6	149661	257353	102	0.1299
8bd81f50-2249-4003-bf28-25ae24fe92cf	6	258265	303121	25	0.5848
8bd81f50-2249-4003-bf28-25ae24fe92cf	6	314962	2604411	1892	0.1779
8bd81f50-2249-4003-bf28-25ae24fe92cf	6	2604486	2604964	2	-1.9949
8bd81f50-2249-4003-bf28-25ae24fe92cf	6	2608562	6025978	2827	0.1761
8bd81f50-2249-4003-bf28-25ae24fe92cf	6	6033698	6034203	3	-3.5694
8bd81f50-2249-4003-bf28-25ae24fe92cf	6	6036812	29869295	16807	0.177
8bd81f50-2249-4003-bf28-25ae24fe92cf	6	29869410	29882419	17	-0.8321
8bd81f50-2249-4003-bf28-25ae24fe92cf	6	29882497	31313046	662	0.1574
8bd81f50-2249-4003-bf28-25ae24fe92cf	6	31318499	31327629	7	-1.0397
8bd81f50-2249-4003-bf28-25ae24fe92cf	6	31328176	32486498	506	0.1283
8bd81f50-2249-4003-bf28-25ae24fe92cf	6	32486746	32488906	2	-1.2573
8bd81f50-2249-4003-bf28-25ae24fe92cf	6	32488965	50946613	11572	0.1807
8bd81f50-2249-4003-bf28-25ae24fe92cf	6	50947083	50947099	3	-1.4528
8bd81f50-2249-4003-bf28-25ae24fe92cf	6	50948562	52759229	1202	0.1632
8bd81f50-2249-4003-bf28-25ae24fe92cf	6	52759272	52766141	14	-0.3098
8bd81f50-2249-4003-bf28-25ae24fe92cf	6	52766329	54066286	968	0.179
8bd81f50-2249-4003-bf28-25ae24fe92cf	6	54066353	54066477	3	0.8478
8bd81f50-2249-4003-bf28-25ae24fe92cf	6	54066582	54067057	4	2.1377
8bd81f50-2249-4003-bf28-25ae24fe92cf	6	54070550	73882142	10386	0.1823
8bd81f50-2249-4003-bf28-25ae24fe92cf	6	73882509	73891694	10	1.034
8bd81f50-2249-4003-bf28-25ae24fe92cf	6	73893839	78261980	2771	0.1814
8bd81f50-2249-4003-bf28-25ae24fe92cf	6	78261995	78325457	109	0.4204
8bd81f50-2249-4003-bf28-25ae24fe92cf	6	78325468	82005299	2438	0.1801
8bd81f50-2249-4003-bf28-25ae24fe92cf	6	82010927	82022566	21	0.6858
8bd81f50-2249-4003-bf28-25ae24fe92cf	6	82022608	84635083	1548	0.1892
8bd81f50-2249-4003-bf28-25ae24fe92cf	6	84636117	84636237	2	-0.9799
8bd81f50-2249-4003-bf28-25ae24fe92cf	6	84636769	85384469	530	0.1874
8bd81f50-2249-4003-bf28-25ae24fe92cf	6	85389266	85389625	3	-0.9992
8bd81f50-2249-4003-bf28-25ae24fe92cf	6	85389884	103286950	10933	0.1821
8bd81f50-2249-4003-bf28-25ae24fe92cf	6	103286954	103304315	29	1.0323
8bd81f50-2249-4003-bf28-25ae24fe92cf	6	103306375	103306712	3	-0.1313
8bd81f50-2249-4003-bf28-25ae24fe92cf	6	103306919	103314186	15	0.9315
8bd81f50-2249-4003-bf28-25ae24fe92cf	6	103317795	133499541	18771	0.1807
8bd81f50-2249-4003-bf28-25ae24fe92cf	6	133499850	133499852	2	-1.4871
8bd81f50-2249-4003-bf28-25ae24fe92cf	6	133499926	162005429	19264	0.1849
8bd81f50-2249-4003-bf28-25ae24fe92cf	6	162007257	162020068	13	-0.9832
8bd81f50-2249-4003-bf28-25ae24fe92cf	6	162021862	166080765	3140	0.1835
8bd81f50-2249-4003-bf28-25ae24fe92cf	6	166084143	166085372	3	-2.5831
8bd81f50-2249-4003-bf28-25ae24fe92cf	6	166091896	170741917	2988	0.172
8bd81f50-2249-4003-bf28-25ae24fe92cf	7	43355	53383781	37827	0.2042
8bd81f50-2249-4003-bf28-25ae24fe92cf	7	53387910	53398332	7	-1.0794
8bd81f50-2249-4003-bf28-25ae24fe92cf	7	53398482	54305455	649	0.2093
8bd81f50-2249-4003-bf28-25ae24fe92cf	7	54318812	54318821	5	2.1031
8bd81f50-2249-4003-bf28-25ae24fe92cf	7	54318824	70955452	6130	0.2094
8bd81f50-2249-4003-bf28-25ae24fe92cf	7	70958264	70961155	2	1.4276
8bd81f50-2249-4003-bf28-25ae24fe92cf	7	70963257	101437642	17268	0.1992
8bd81f50-2249-4003-bf28-25ae24fe92cf	7	101438517	101438705	2	-1.2549
8bd81f50-2249-4003-bf28-25ae24fe92cf	7	101442977	118491626	10410	0.1988
8bd81f50-2249-4003-bf28-25ae24fe92cf	7	118495687	118524676	17	-0.5875
8bd81f50-2249-4003-bf28-25ae24fe92cf	7	118525425	126404920	4682	0.1961
8bd81f50-2249-4003-bf28-25ae24fe92cf	7	126405428	126406823	14	1.1701
8bd81f50-2249-4003-bf28-25ae24fe92cf	7	126406824	144249785	11164	0.1979
8bd81f50-2249-4003-bf28-25ae24fe92cf	7	144255220	144352208	13	-0.4417
8bd81f50-2249-4003-bf28-25ae24fe92cf	7	144377836	159334314	9646	0.2017
8bd81f50-2249-4003-bf28-25ae24fe92cf	8	81254	644973	324	0.146
8bd81f50-2249-4003-bf28-25ae24fe92cf	8	645220	645908	8	1.4185
8bd81f50-2249-4003-bf28-25ae24fe92cf	8	656117	2132302	1144	0.1743
8bd81f50-2249-4003-bf28-25ae24fe92cf	8	2132407	2144783	22	-0.4011
8bd81f50-2249-4003-bf28-25ae24fe92cf	8	2145213	2179870	64	0.2916
8bd81f50-2249-4003-bf28-25ae24fe92cf	8	2181344	2185178	7	-1.107
8bd81f50-2249-4003-bf28-25ae24fe92cf	8	2193931	6342892	5301	0.1685
8bd81f50-2249-4003-bf28-25ae24fe92cf	8	6342898	6366571	42	-0.6118
8bd81f50-2249-4003-bf28-25ae24fe92cf	8	6372287	6980411	724	0.1819
8bd81f50-2249-4003-bf28-25ae24fe92cf	8	6982183	7001884	3	1.1807
8bd81f50-2249-4003-bf28-25ae24fe92cf	8	7002140	7329124	90	0.1147
8bd81f50-2249-4003-bf28-25ae24fe92cf	8	7336299	7380497	20	-0.7799
8bd81f50-2249-4003-bf28-25ae24fe92cf	8	7396819	8212781	47	0.0761
8bd81f50-2249-4003-bf28-25ae24fe92cf	8	8214781	8234503	2	1.9237
8bd81f50-2249-4003-bf28-25ae24fe92cf	8	8235660	12389898	3254	0.1709
8bd81f50-2249-4003-bf28-25ae24fe92cf	8	12389977	12624538	29	-0.226
8bd81f50-2249-4003-bf28-25ae24fe92cf	8	12649562	16339682	3450	0.1871
8bd81f50-2249-4003-bf28-25ae24fe92cf	8	16349445	16349614	8	-1.4766
8bd81f50-2249-4003-bf28-25ae24fe92cf	8	16354575	23544795	5789	0.1892
8bd81f50-2249-4003-bf28-25ae24fe92cf	8	23550227	23550358	5	-0.5424
8bd81f50-2249-4003-bf28-25ae24fe92cf	8	23550392	25117007	1142	0.1925
8bd81f50-2249-4003-bf28-25ae24fe92cf	8	25117062	25126818	24	0.8437
8bd81f50-2249-4003-bf28-25ae24fe92cf	8	25133589	39372806	9017	0.1791
8bd81f50-2249-4003-bf28-25ae24fe92cf	8	39373140	39529446	60	0.9535
8bd81f50-2249-4003-bf28-25ae24fe92cf	8	39530780	40914477	1073	0.1783
8bd81f50-2249-4003-bf28-25ae24fe92cf	8	40920333	40920952	2	-1.9303
8bd81f50-2249-4003-bf28-25ae24fe92cf	8	40926161	71300130	16828	0.1794
8bd81f50-2249-4003-bf28-25ae24fe92cf	8	71303076	71307892	10	-0.4462
8bd81f50-2249-4003-bf28-25ae24fe92cf	8	71308086	89722278	10993	0.169
8bd81f50-2249-4003-bf28-25ae24fe92cf	8	89725972	89727252	5	-0.81
8bd81f50-2249-4003-bf28-25ae24fe92cf	8	89730275	94545324	2830	0.1675
8bd81f50-2249-4003-bf28-25ae24fe92cf	8	94545374	94545764	6	0.9806
8bd81f50-2249-4003-bf28-25ae24fe92cf	8	94545887	95839346	957	0.163
8bd81f50-2249-4003-bf28-25ae24fe92cf	8	95842134	95844829	12	-0.5535
8bd81f50-2249-4003-bf28-25ae24fe92cf	8	95850445	142143283	31151	0.1758
8bd81f50-2249-4003-bf28-25ae24fe92cf	8	142144522	142172500	17	-0.3686
8bd81f50-2249-4003-bf28-25ae24fe92cf	8	142177859	145072769	1050	0.1781
8bd81f50-2249-4003-bf28-25ae24fe92cf	9	46587	589252	474	-0.6042
8bd81f50-2249-4003-bf28-25ae24fe92cf	9	591967	596826	12	-5.1435
8bd81f50-2249-4003-bf28-25ae24fe92cf	9	597054	607937	33	-2.5613
8bd81f50-2249-4003-bf28-25ae24fe92cf	9	608659	2540325	2223	-0.6272
8bd81f50-2249-4003-bf28-25ae24fe92cf	9	2543888	2544091	2	-3.0339
8bd81f50-2249-4003-bf28-25ae24fe92cf	9	2545430	4361665	1755	-0.6185
8bd81f50-2249-4003-bf28-25ae24fe92cf	9	4362167	4362231	2	-3.1594
8bd81f50-2249-4003-bf28-25ae24fe92cf	9	4362624	5010386	620	-0.6218
8bd81f50-2249-4003-bf28-25ae24fe92cf	9	5010625	5169598	197	-0.4415
8bd81f50-2249-4003-bf28-25ae24fe92cf	9	5174829	10123755	4396	-0.6183
8bd81f50-2249-4003-bf28-25ae24fe92cf	9	10124571	10125118	5	-1.9944
8bd81f50-2249-4003-bf28-25ae24fe92cf	9	10125252	21721940	9588	-0.6047
8bd81f50-2249-4003-bf28-25ae24fe92cf	9	21727209	23073970	887	-3.291
8bd81f50-2249-4003-bf28-25ae24fe92cf	9	23078342	23738300	505	-0.6117
8bd81f50-2249-4003-bf28-25ae24fe92cf	9	23740184	23740243	3	-3.1211
8bd81f50-2249-4003-bf28-25ae24fe92cf	9	23740694	31870067	5937	-0.5996
8bd81f50-2249-4003-bf28-25ae24fe92cf	9	31871223	31871337	3	-2.7859
8bd81f50-2249-4003-bf28-25ae24fe92cf	9	31872723	39134929	4436	-0.608
8bd81f50-2249-4003-bf28-25ae24fe92cf	9	39135456	41324592	110	-0.3215
8bd81f50-2249-4003-bf28-25ae24fe92cf	9	41388367	41644288	29	0.0457
8bd81f50-2249-4003-bf28-25ae24fe92cf	9	41644336	41666811	5	0.7744
8bd81f50-2249-4003-bf28-25ae24fe92cf	9	41703463	41741113	5	-0.0934
8bd81f50-2249-4003-bf28-25ae24fe92cf	9	42014203	61405110	93	-0.3532
8bd81f50-2249-4003-bf28-25ae24fe92cf	9	61520021	61647899	30	0.2525
8bd81f50-2249-4003-bf28-25ae24fe92cf	9	61665362	66189025	138	-0.3286
8bd81f50-2249-4003-bf28-25ae24fe92cf	9	66880844	67073081	8	-0.5096
8bd81f50-2249-4003-bf28-25ae24fe92cf	9	67073620	67149991	8	-1.5329
8bd81f50-2249-4003-bf28-25ae24fe92cf	9	67168711	79966493	8480	-0.6127
8bd81f50-2249-4003-bf28-25ae24fe92cf	9	79968078	79968099	2	-3.1244
8bd81f50-2249-4003-bf28-25ae24fe92cf	9	79968687	86528390	4520	-0.6069
8bd81f50-2249-4003-bf28-25ae24fe92cf	9	86531731	86531907	3	-2.0142
8bd81f50-2249-4003-bf28-25ae24fe92cf	9	86532508	87382215	683	-0.6022
8bd81f50-2249-4003-bf28-25ae24fe92cf	9	87386745	87939236	501	0.1956
8bd81f50-2249-4003-bf28-25ae24fe92cf	9	87939304	134364232	31928	-0.6097
8bd81f50-2249-4003-bf28-25ae24fe92cf	9	134374858	137358495	1308	0.1961
8bd81f50-2249-4003-bf28-25ae24fe92cf	9	137361190	137361381	3	1.2672
8bd81f50-2249-4003-bf28-25ae24fe92cf	9	137378551	138200944	406	0.185
8bd81f50-2249-4003-bf28-25ae24fe92cf	10	45792	4244878	3566	-0.6212
8bd81f50-2249-4003-bf28-25ae24fe92cf	10	4248622	4248732	3	0.988
8bd81f50-2249-4003-bf28-25ae24fe92cf	10	4248824	17659538	11170	-0.6036
8bd81f50-2249-4003-bf28-25ae24fe92cf	10	17664121	17664149	2	-2.6193
8bd81f50-2249-4003-bf28-25ae24fe92cf	10	17665872	24086334	4409	-0.5703
8bd81f50-2249-4003-bf28-25ae24fe92cf	10	24088745	24090022	13	0.3359
8bd81f50-2249-4003-bf28-25ae24fe92cf	10	24090078	28927704	3347	-0.5888
8bd81f50-2249-4003-bf28-25ae24fe92cf	10	28927905	28931362	8	-4.7523
8bd81f50-2249-4003-bf28-25ae24fe92cf	10	28931532	46333369	9084	-0.5718
8bd81f50-2249-4003-bf28-25ae24fe92cf	10	46370859	46901552	64	-0.0995
8bd81f50-2249-4003-bf28-25ae24fe92cf	10	46967412	50058725	1670	-0.5773
8bd81f50-2249-4003-bf28-25ae24fe92cf	10	50062240	50210870	11	0.497
8bd81f50-2249-4003-bf28-25ae24fe92cf	10	50222104	55891974	4291	-0.5773
8bd81f50-2249-4003-bf28-25ae24fe92cf	10	55892809	55894343	3	-2.3743
8bd81f50-2249-4003-bf28-25ae24fe92cf	10	55895847	58080535	1625	-0.5635
8bd81f50-2249-4003-bf28-25ae24fe92cf	10	58080923	58081733	2	-2.7095
8bd81f50-2249-4003-bf28-25ae24fe92cf	10	58082663	59598509	1037	-0.5788
8bd81f50-2249-4003-bf28-25ae24fe92cf	10	59604357	59609134	19	-0.0975
8bd81f50-2249-4003-bf28-25ae24fe92cf	10	59609773	65548193	4010	-0.6015
8bd81f50-2249-4003-bf28-25ae24fe92cf	10	65548259	65554643	23	-0.0653
8bd81f50-2249-4003-bf28-25ae24fe92cf	10	65554672	65583696	22	-0.559
8bd81f50-2249-4003-bf28-25ae24fe92cf	10	65583711	65584197	7	-1.8388
8bd81f50-2249-4003-bf28-25ae24fe92cf	10	65585009	105296521	25612	-0.5794
8bd81f50-2249-4003-bf28-25ae24fe92cf	10	105297280	105299412	3	-2.7025
8bd81f50-2249-4003-bf28-25ae24fe92cf	10	105302718	119772291	10175	-0.5804
8bd81f50-2249-4003-bf28-25ae24fe92cf	10	119777198	119778924	5	-2.835
8bd81f50-2249-4003-bf28-25ae24fe92cf	10	119781124	130380338	8267	-0.5838
8bd81f50-2249-4003-bf28-25ae24fe92cf	10	130380449	131836424	1241	-0.683
8bd81f50-2249-4003-bf28-25ae24fe92cf	10	131837069	133654968	828	-0.6148
8bd81f50-2249-4003-bf28-25ae24fe92cf	11	198510	4946420	2418	0.1451
8bd81f50-2249-4003-bf28-25ae24fe92cf	11	4947280	4955042	30	1.1917
8bd81f50-2249-4003-bf28-25ae24fe92cf	11	4955781	25102320	15148	0.153
8bd81f50-2249-4003-bf28-25ae24fe92cf	11	25112297	25272005	139	-0.7736
8bd81f50-2249-4003-bf28-25ae24fe92cf	11	25274907	25274947	7	-0.0675
8bd81f50-2249-4003-bf28-25ae24fe92cf	11	25274948	25275447	7	-0.5186
8bd81f50-2249-4003-bf28-25ae24fe92cf	11	25284667	39685849	9925	0.1475
8bd81f50-2249-4003-bf28-25ae24fe92cf	11	39692379	39821095	121	-0.6815
8bd81f50-2249-4003-bf28-25ae24fe92cf	11	39825624	55123806	6472	0.1499
8bd81f50-2249-4003-bf28-25ae24fe92cf	11	55130021	55279991	32	-0.1836
8bd81f50-2249-4003-bf28-25ae24fe92cf	11	55280796	55595864	188	0.1444
8bd81f50-2249-4003-bf28-25ae24fe92cf	11	55606556	55672514	47	0.6349
8bd81f50-2249-4003-bf28-25ae24fe92cf	11	55674842	65803850	5493	0.1504
8bd81f50-2249-4003-bf28-25ae24fe92cf	11	65808379	65812199	6	-0.8459
8bd81f50-2249-4003-bf28-25ae24fe92cf	11	65813167	78604721	6440	0.1514
8bd81f50-2249-4003-bf28-25ae24fe92cf	11	78606050	78616393	5	-0.7347
8bd81f50-2249-4003-bf28-25ae24fe92cf	11	78620485	89759710	7931	0.1441
8bd81f50-2249-4003-bf28-25ae24fe92cf	11	89765194	89768798	2	-2.3973
8bd81f50-2249-4003-bf28-25ae24fe92cf	11	89796439	89834373	9	0.473
8bd81f50-2249-4003-bf28-25ae24fe92cf	11	89847184	90833345	554	0.1192
8bd81f50-2249-4003-bf28-25ae24fe92cf	11	90835019	90837870	4	-2.9084
8bd81f50-2249-4003-bf28-25ae24fe92cf	11	90838996	93964792	2253	0.1427
8bd81f50-2249-4003-bf28-25ae24fe92cf	11	93964894	93968422	8	-1.3314
8bd81f50-2249-4003-bf28-25ae24fe92cf	11	93971294	98075146	2998	0.1347
8bd81f50-2249-4003-bf28-25ae24fe92cf	11	98076888	98077319	2	-1.3192
8bd81f50-2249-4003-bf28-25ae24fe92cf	11	98082678	103728989	4199	0.1396
8bd81f50-2249-4003-bf28-25ae24fe92cf	11	103729182	103729855	2	-1.0325
8bd81f50-2249-4003-bf28-25ae24fe92cf	11	103732781	105049353	999	0.1279
8bd81f50-2249-4003-bf28-25ae24fe92cf	11	105053135	105060506	9	-0.6184
8bd81f50-2249-4003-bf28-25ae24fe92cf	11	105061029	105079768	22	0.1008
8bd81f50-2249-4003-bf28-25ae24fe92cf	11	105081555	105087439	2	1.1138
8bd81f50-2249-4003-bf28-25ae24fe92cf	11	105087661	107460977	1513	0.1188
8bd81f50-2249-4003-bf28-25ae24fe92cf	11	107467227	107476508	32	-0.6925
8bd81f50-2249-4003-bf28-25ae24fe92cf	11	107481240	134260280	19202	0.1495
8bd81f50-2249-4003-bf28-25ae24fe92cf	11	134260295	135074876	637	0.0828
8bd81f50-2249-4003-bf28-25ae24fe92cf	12	51460	3247787	2084	0.1773
8bd81f50-2249-4003-bf28-25ae24fe92cf	12	3249095	3251096	9	-0.7002
8bd81f50-2249-4003-bf28-25ae24fe92cf	12	3254765	8289689	3469	0.1771
8bd81f50-2249-4003-bf28-25ae24fe92cf	12	8296516	8296621	2	1.6998
8bd81f50-2249-4003-bf28-25ae24fe92cf	12	8300870	8404097	35	0.1896
8bd81f50-2249-4003-bf28-25ae24fe92cf	12	8405892	8423870	15	1.3547
8bd81f50-2249-4003-bf28-25ae24fe92cf	12	8428232	9477960	562	0.1755
8bd81f50-2249-4003-bf28-25ae24fe92cf	12	9481274	9575696	24	1.0024
8bd81f50-2249-4003-bf28-25ae24fe92cf	12	9582373	29010695	13527	0.1699
8bd81f50-2249-4003-bf28-25ae24fe92cf	12	29011388	29011589	2	-1.0939
8bd81f50-2249-4003-bf28-25ae24fe92cf	12	29015050	33141564	3056	0.1847
8bd81f50-2249-4003-bf28-25ae24fe92cf	12	33141577	33164638	46	0.4473
8bd81f50-2249-4003-bf28-25ae24fe92cf	12	33166652	37875038	861	0.1877
8bd81f50-2249-4003-bf28-25ae24fe92cf	12	37885541	37898274	5	-0.9369
8bd81f50-2249-4003-bf28-25ae24fe92cf	12	37898277	45506042	4709	0.1713
8bd81f50-2249-4003-bf28-25ae24fe92cf	12	45510655	45515754	4	1.701
8bd81f50-2249-4003-bf28-25ae24fe92cf	12	45519509	63526209	10632	0.163
8bd81f50-2249-4003-bf28-25ae24fe92cf	12	63526805	63531025	3	-0.9925
8bd81f50-2249-4003-bf28-25ae24fe92cf	12	63539183	98111440	22248	0.1658
8bd81f50-2249-4003-bf28-25ae24fe92cf	12	98114782	128054575	19841	0.1866
8bd81f50-2249-4003-bf28-25ae24fe92cf	12	128055021	130663783	2370	0.1529
8bd81f50-2249-4003-bf28-25ae24fe92cf	12	130663856	130665614	14	-1.1194
8bd81f50-2249-4003-bf28-25ae24fe92cf	12	130665824	132675353	1103	0.1813
8bd81f50-2249-4003-bf28-25ae24fe92cf	12	132675970	132703423	11	-0.7298
8bd81f50-2249-4003-bf28-25ae24fe92cf	12	132707294	133201603	225	0.167
8bd81f50-2249-4003-bf28-25ae24fe92cf	13	18452809	31958485	9571	0.1605
8bd81f50-2249-4003-bf28-25ae24fe92cf	13	31958590	31964286	17	-0.7171
8bd81f50-2249-4003-bf28-25ae24fe92cf	13	31965910	37212297	3668	0.1509
8bd81f50-2249-4003-bf28-25ae24fe92cf	13	37213026	37215870	4	-0.672
8bd81f50-2249-4003-bf28-25ae24fe92cf	13	37221447	37496998	229	0.1286
8bd81f50-2249-4003-bf28-25ae24fe92cf	13	37497899	37510620	16	0.727
8bd81f50-2249-4003-bf28-25ae24fe92cf	13	37514193	57176962	12524	0.1562
8bd81f50-2249-4003-bf28-25ae24fe92cf	13	57184136	57204234	33	-0.6246
8bd81f50-2249-4003-bf28-25ae24fe92cf	13	57204246	63732262	3849	0.172
8bd81f50-2249-4003-bf28-25ae24fe92cf	13	63733030	63733398	9	-0.5429
8bd81f50-2249-4003-bf28-25ae24fe92cf	13	63743696	64098645	213	0.221
8bd81f50-2249-4003-bf28-25ae24fe92cf	13	64098670	64099429	2	-1.3575
8bd81f50-2249-4003-bf28-25ae24fe92cf	13	64099732	70180004	3826	0.1663
8bd81f50-2249-4003-bf28-25ae24fe92cf	13	70181582	70188804	5	1.0544
8bd81f50-2249-4003-bf28-25ae24fe92cf	13	70189130	75531469	3761	0.167
8bd81f50-2249-4003-bf28-25ae24fe92cf	13	75535400	75543632	11	1.1172
8bd81f50-2249-4003-bf28-25ae24fe92cf	13	75546492	101130288	16483	0.1615
8bd81f50-2249-4003-bf28-25ae24fe92cf	13	101130327	101130472	2	-1.4697
8bd81f50-2249-4003-bf28-25ae24fe92cf	13	101134806	114342922	9927	0.1713
8bd81f50-2249-4003-bf28-25ae24fe92cf	14	18239283	19289821	45	0.0058
8bd81f50-2249-4003-bf28-25ae24fe92cf	14	19294457	19326853	4	-1.2652
8bd81f50-2249-4003-bf28-25ae24fe92cf	14	19367655	19732024	16	-0.0756
8bd81f50-2249-4003-bf28-25ae24fe92cf	14	19732222	19955213	102	0.48
8bd81f50-2249-4003-bf28-25ae24fe92cf	14	19956767	21857294	1260	-0.0668
8bd81f50-2249-4003-bf28-25ae24fe92cf	14	21858683	22558476	646	0.0392
8bd81f50-2249-4003-bf28-25ae24fe92cf	14	22560379	73526068	32170	-0.093
8bd81f50-2249-4003-bf28-25ae24fe92cf	14	73529070	73554275	10	0.6407
8bd81f50-2249-4003-bf28-25ae24fe92cf	14	73563196	106321086	20883	-0.0929
8bd81f50-2249-4003-bf28-25ae24fe92cf	14	106340102	106346129	7	-1.134
8bd81f50-2249-4003-bf28-25ae24fe92cf	14	106360014	106416146	30	-0.0793
8bd81f50-2249-4003-bf28-25ae24fe92cf	14	106418444	106462183	49	-0.6131
8bd81f50-2249-4003-bf28-25ae24fe92cf	14	106462724	106877229	195	-0.0321
8bd81f50-2249-4003-bf28-25ae24fe92cf	15	19811075	20614765	135	0.1679
8bd81f50-2249-4003-bf28-25ae24fe92cf	15	20625071	20625279	2	-2.3818
8bd81f50-2249-4003-bf28-25ae24fe92cf	15	20642631	22576496	76	0.3152
8bd81f50-2249-4003-bf28-25ae24fe92cf	15	22582296	22584747	2	-1.8178
8bd81f50-2249-4003-bf28-25ae24fe92cf	15	22590285	24401996	977	0.1829
8bd81f50-2249-4003-bf28-25ae24fe92cf	15	24402847	24473026	39	-0.3813
8bd81f50-2249-4003-bf28-25ae24fe92cf	15	24473449	30077828	3596	0.185
8bd81f50-2249-4003-bf28-25ae24fe92cf	15	30094208	30500366	34	-0.2749
8bd81f50-2249-4003-bf28-25ae24fe92cf	15	30503586	32363170	1071	0.1683
8bd81f50-2249-4003-bf28-25ae24fe92cf	15	32381666	32504134	5	-0.6286
8bd81f50-2249-4003-bf28-25ae24fe92cf	15	32507144	35866461	2451	0.1835
8bd81f50-2249-4003-bf28-25ae24fe92cf	15	35868822	35869277	2	-2.3185
8bd81f50-2249-4003-bf28-25ae24fe92cf	15	35871692	76598900	25532	0.1849
8bd81f50-2249-4003-bf28-25ae24fe92cf	15	76599170	76603434	21	1.0418
8bd81f50-2249-4003-bf28-25ae24fe92cf	15	76609838	101900719	17615	0.1828
8bd81f50-2249-4003-bf28-25ae24fe92cf	15	101905038	101928837	3	-1.2526
8bd81f50-2249-4003-bf28-25ae24fe92cf	16	10777	12016	3	-0.5395
8bd81f50-2249-4003-bf28-25ae24fe92cf	16	35827	19933041	13466	0.1864
8bd81f50-2249-4003-bf28-25ae24fe92cf	16	19934328	19959496	32	0.5733
8bd81f50-2249-4003-bf28-25ae24fe92cf	16	19959543	20465821	381	0.1948
8bd81f50-2249-4003-bf28-25ae24fe92cf	16	20467276	20522319	42	-0.3981
8bd81f50-2249-4003-bf28-25ae24fe92cf	16	20534515	29114764	5068	0.1928
8bd81f50-2249-4003-bf28-25ae24fe92cf	16	29121560	29122679	11	-0.5885
8bd81f50-2249-4003-bf28-25ae24fe92cf	16	29122762	33878634	1033	0.1622
8bd81f50-2249-4003-bf28-25ae24fe92cf	16	33914489	33973618	5	-1.0863
8bd81f50-2249-4003-bf28-25ae24fe92cf	16	33992188	35197378	108	0.1544
8bd81f50-2249-4003-bf28-25ae24fe92cf	16	35197773	35505641	186	0.0678
8bd81f50-2249-4003-bf28-25ae24fe92cf	16	35511822	78337711	20907	0.1939
8bd81f50-2249-4003-bf28-25ae24fe92cf	16	78338543	78350841	16	-2.2605
8bd81f50-2249-4003-bf28-25ae24fe92cf	16	78350868	82988478	5104	0.1942
8bd81f50-2249-4003-bf28-25ae24fe92cf	16	82989085	83022539	22	-0.3835
8bd81f50-2249-4003-bf28-25ae24fe92cf	16	83023736	90096867	5494	0.1782
8bd81f50-2249-4003-bf28-25ae24fe92cf	17	150733	18461528	11402	0.1842
8bd81f50-2249-4003-bf28-25ae24fe92cf	17	18462631	18508609	11	1.0431
8bd81f50-2249-4003-bf28-25ae24fe92cf	17	18509244	36785066	7166	0.1771
8bd81f50-2249-4003-bf28-25ae24fe92cf	17	36785877	36787193	2	-1.4652
8bd81f50-2249-4003-bf28-25ae24fe92cf	17	36787738	41266762	2240	0.1756
8bd81f50-2249-4003-bf28-25ae24fe92cf	17	41266774	41274198	22	-0.9294
8bd81f50-2249-4003-bf28-25ae24fe92cf	17	41274279	41348899	75	0.1431
8bd81f50-2249-4003-bf28-25ae24fe92cf	17	41354660	41366243	29	-0.595
8bd81f50-2249-4003-bf28-25ae24fe92cf	17	41370057	45577724	2054	0.171
8bd81f50-2249-4003-bf28-25ae24fe92cf	17	45579014	45587327	7	-0.908
8bd81f50-2249-4003-bf28-25ae24fe92cf	17	45597863	46135062	370	0.1331
8bd81f50-2249-4003-bf28-25ae24fe92cf	17	46135838	46147957	11	-0.3288
8bd81f50-2249-4003-bf28-25ae24fe92cf	17	46148399	46148490	4	-1.1588
8bd81f50-2249-4003-bf28-25ae24fe92cf	17	46153960	46284643	73	-0.2498
8bd81f50-2249-4003-bf28-25ae24fe92cf	17	46284997	46446360	6	0.6743
8bd81f50-2249-4003-bf28-25ae24fe92cf	17	46569894	57610128	7006	0.19
8bd81f50-2249-4003-bf28-25ae24fe92cf	17	57610972	57611632	2	-1.381
8bd81f50-2249-4003-bf28-25ae24fe92cf	17	57614632	77858748	12045	0.1776
8bd81f50-2249-4003-bf28-25ae24fe92cf	17	77864587	77864788	2	-1.3606
8bd81f50-2249-4003-bf28-25ae24fe92cf	17	77870847	83091923	2521	0.1724
8bd81f50-2249-4003-bf28-25ae24fe92cf	18	48133	117231	12	-0.4292
8bd81f50-2249-4003-bf28-25ae24fe92cf	18	122470	65962328	40237	0.187
8bd81f50-2249-4003-bf28-25ae24fe92cf	18	65969815	65972888	6	-0.8718
8bd81f50-2249-4003-bf28-25ae24fe92cf	18	65973172	67291970	889	0.1784
8bd81f50-2249-4003-bf28-25ae24fe92cf	18	67291986	67300028	20	-0.6156
8bd81f50-2249-4003-bf28-25ae24fe92cf	18	67300481	80257174	9588	0.187
8bd81f50-2249-4003-bf28-25ae24fe92cf	19	90910	43193181	20601	0.181
8bd81f50-2249-4003-bf28-25ae24fe92cf	19	43198881	43252085	22	-0.6519
8bd81f50-2249-4003-bf28-25ae24fe92cf	19	43262507	51639099	4149	0.1735
8bd81f50-2249-4003-bf28-25ae24fe92cf	19	51639362	51644944	10	-0.6381
8bd81f50-2249-4003-bf28-25ae24fe92cf	19	51651652	54215136	1733	0.1576
8bd81f50-2249-4003-bf28-25ae24fe92cf	19	54226329	54237443	16	-0.7739
8bd81f50-2249-4003-bf28-25ae24fe92cf	19	54249482	54798698	278	0.1743
8bd81f50-2249-4003-bf28-25ae24fe92cf	19	54798910	54802362	4	0.9187
8bd81f50-2249-4003-bf28-25ae24fe92cf	19	54802832	55771003	464	0.1778
8bd81f50-2249-4003-bf28-25ae24fe92cf	19	55771169	55771663	2	-2.4886
8bd81f50-2249-4003-bf28-25ae24fe92cf	19	55771701	58586487	1840	0.1793
8bd81f50-2249-4003-bf28-25ae24fe92cf	20	80664	1586808	1207	0.1613
8bd81f50-2249-4003-bf28-25ae24fe92cf	20	1587007	1601561	33	-0.3501
8bd81f50-2249-4003-bf28-25ae24fe92cf	20	1609611	1618356	9	-1.0705
8bd81f50-2249-4003-bf28-25ae24fe92cf	20	1618415	64324800	41142	0.156
8bd81f50-2249-4003-bf28-25ae24fe92cf	21	10354168	10459828	18	-0.1999
8bd81f50-2249-4003-bf28-25ae24fe92cf	21	10494350	10558331	34	0.2317
8bd81f50-2249-4003-bf28-25ae24fe92cf	21	10559033	13099842	52	-0.0668
8bd81f50-2249-4003-bf28-25ae24fe92cf	21	13101978	13166157	6	-0.6877
8bd81f50-2249-4003-bf28-25ae24fe92cf	21	13166236	18891868	3600	0.1677
8bd81f50-2249-4003-bf28-25ae24fe92cf	21	18892148	18892751	2	-2.7798
8bd81f50-2249-4003-bf28-25ae24fe92cf	21	18892764	46677045	20155	0.1723
8bd81f50-2249-4003-bf28-25ae24fe92cf	22	15294547	47410446	20619	-0.6228
8bd81f50-2249-4003-bf28-25ae24fe92cf	22	47410604	47418128	3	-2.6101
8bd81f50-2249-4003-bf28-25ae24fe92cf	22	47418763	48899588	1394	-0.6492
8bd81f50-2249-4003-bf28-25ae24fe92cf	22	48900090	49798242	795	-0.7574
8bd81f50-2249-4003-bf28-25ae24fe92cf	22	49799689	50796027	422	-0.6483
8bd81f50-2249-4003-bf28-25ae24fe92cf	X	251810	9984037	5577	0.01
8bd81f50-2249-4003-bf28-25ae24fe92cf	X	9987734	9988995	3	-1.1762
8bd81f50-2249-4003-bf28-25ae24fe92cf	X	9991955	32625471	14624	0.0213
8bd81f50-2249-4003-bf28-25ae24fe92cf	X	32626599	32627233	2	-1.8606
8bd81f50-2249-4003-bf28-25ae24fe92cf	X	32633248	49044626	9172	0.028
8bd81f50-2249-4003-bf28-25ae24fe92cf	X	49047301	56065810	2952	-0.7397
8bd81f50-2249-4003-bf28-25ae24fe92cf	X	56067375	155952689	51314	0.0348
8bd81f50-2249-4003-bf28-25ae24fe92cf	Y	2782397	3047459	133	-3.0023
8bd81f50-2249-4003-bf28-25ae24fe92cf	Y	3047718	6071948	584	-2.4571
8bd81f50-2249-4003-bf28-25ae24fe92cf	Y	6075631	56872112	5922	-3.0646
