GDC_Aliquot	Chromosome	Start	End	Num_Probes	Segment_Mean
f4be1711-c1ab-43e3-9f0c-2bf4f43f9223	1	62920	3303537	741	0.0289
f4be1711-c1ab-43e3-9f0c-2bf4f43f9223	1	3303596	12777697	5738	-0.0763
f4be1711-c1ab-43e3-9f0c-2bf4f43f9223	1	12778601	13391364	51	0.3787
f4be1711-c1ab-43e3-9f0c-2bf4f43f9223	1	13397641	109684695	59814	-0.0613
f4be1711-c1ab-43e3-9f0c-2bf4f43f9223	1	109684893	109697556	14	1.3688
f4be1711-c1ab-43e3-9f0c-2bf4f43f9223	1	109702376	121573699	7124	-0.0451
f4be1711-c1ab-43e3-9f0c-2bf4f43f9223	1	121580012	144503864	152	0.2744
f4be1711-c1ab-43e3-9f0c-2bf4f43f9223	1	144932423	152583291	2298	-0.0515
f4be1711-c1ab-43e3-9f0c-2bf4f43f9223	1	152583319	152613762	29	-0.8637
f4be1711-c1ab-43e3-9f0c-2bf4f43f9223	1	152613802	196769493	29620	-0.0579
f4be1711-c1ab-43e3-9f0c-2bf4f43f9223	1	196769506	196854483	59	0.3345
f4be1711-c1ab-43e3-9f0c-2bf4f43f9223	1	196854586	242966050	31987	-0.0559
f4be1711-c1ab-43e3-9f0c-2bf4f43f9223	1	242971405	243105104	22	0.5736
f4be1711-c1ab-43e3-9f0c-2bf4f43f9223	1	243105657	248930189	3728	-0.0396
f4be1711-c1ab-43e3-9f0c-2bf4f43f9223	2	12784	34439683	24042	-0.0495
f4be1711-c1ab-43e3-9f0c-2bf4f43f9223	2	34450400	34502800	49	0.501
f4be1711-c1ab-43e3-9f0c-2bf4f43f9223	2	34511446	88960056	35669	-0.0473
f4be1711-c1ab-43e3-9f0c-2bf4f43f9223	2	88960188	94669081	291	0.1622
f4be1711-c1ab-43e3-9f0c-2bf4f43f9223	2	94675825	97130080	826	-0.0349
f4be1711-c1ab-43e3-9f0c-2bf4f43f9223	2	97136585	97211436	39	0.4238
f4be1711-c1ab-43e3-9f0c-2bf4f43f9223	2	97310327	131956771	20485	-0.0396
f4be1711-c1ab-43e3-9f0c-2bf4f43f9223	2	131962142	132079170	35	0.4366
f4be1711-c1ab-43e3-9f0c-2bf4f43f9223	2	132081787	132105499	7	-0.444
f4be1711-c1ab-43e3-9f0c-2bf4f43f9223	2	132108043	132379187	45	0.2921
f4be1711-c1ab-43e3-9f0c-2bf4f43f9223	2	132383025	242147305	67817	-0.042
f4be1711-c1ab-43e3-9f0c-2bf4f43f9223	3	20930	47437019	33476	0.4702
f4be1711-c1ab-43e3-9f0c-2bf4f43f9223	3	47450332	47451230	2	-1.7783
f4be1711-c1ab-43e3-9f0c-2bf4f43f9223	3	47455724	53000364	2244	0.4152
f4be1711-c1ab-43e3-9f0c-2bf4f43f9223	3	53000433	53003069	3	-1.5083
f4be1711-c1ab-43e3-9f0c-2bf4f43f9223	3	53003224	60607127	5600	0.463
f4be1711-c1ab-43e3-9f0c-2bf4f43f9223	3	60607295	60607409	2	-1.4846
f4be1711-c1ab-43e3-9f0c-2bf4f43f9223	3	60610610	68697013	6440	0.4724
f4be1711-c1ab-43e3-9f0c-2bf4f43f9223	3	68697108	68697689	8	-0.3481
f4be1711-c1ab-43e3-9f0c-2bf4f43f9223	3	68697861	68698262	6	-1.2999
f4be1711-c1ab-43e3-9f0c-2bf4f43f9223	3	68699607	75243984	4806	0.4803
f4be1711-c1ab-43e3-9f0c-2bf4f43f9223	3	75245854	75864091	197	0.6844
f4be1711-c1ab-43e3-9f0c-2bf4f43f9223	3	75864822	91462299	8052	0.4757
f4be1711-c1ab-43e3-9f0c-2bf4f43f9223	3	93800634	95157054	635	0.8605
f4be1711-c1ab-43e3-9f0c-2bf4f43f9223	3	95160309	96542720	753	-0.0952
f4be1711-c1ab-43e3-9f0c-2bf4f43f9223	3	96544079	97732905	589	0.4694
f4be1711-c1ab-43e3-9f0c-2bf4f43f9223	3	97733220	130031363	19575	-0.0641
f4be1711-c1ab-43e3-9f0c-2bf4f43f9223	3	130035092	130088155	47	0.5477
f4be1711-c1ab-43e3-9f0c-2bf4f43f9223	3	130089433	136885553	4220	-0.0608
f4be1711-c1ab-43e3-9f0c-2bf4f43f9223	3	136889199	136890948	2	-1.6724
f4be1711-c1ab-43e3-9f0c-2bf4f43f9223	3	136894788	142142820	3219	-0.061
f4be1711-c1ab-43e3-9f0c-2bf4f43f9223	3	142145580	142198922	27	-0.5311
f4be1711-c1ab-43e3-9f0c-2bf4f43f9223	3	142201592	162807070	12778	-0.0628
f4be1711-c1ab-43e3-9f0c-2bf4f43f9223	3	162810842	162822702	10	1.1401
f4be1711-c1ab-43e3-9f0c-2bf4f43f9223	3	162827928	162908815	50	0.2545
f4be1711-c1ab-43e3-9f0c-2bf4f43f9223	3	162910826	173445369	6287	-0.0658
f4be1711-c1ab-43e3-9f0c-2bf4f43f9223	3	173445964	173856612	297	-0.2159
f4be1711-c1ab-43e3-9f0c-2bf4f43f9223	3	173856653	193156018	12551	-0.0638
f4be1711-c1ab-43e3-9f0c-2bf4f43f9223	3	193156958	193165114	21	0.6883
f4be1711-c1ab-43e3-9f0c-2bf4f43f9223	3	193168646	194920652	1162	-0.0917
f4be1711-c1ab-43e3-9f0c-2bf4f43f9223	3	194921025	194921116	2	-1.7214
f4be1711-c1ab-43e3-9f0c-2bf4f43f9223	3	194921751	195728637	345	-0.0634
f4be1711-c1ab-43e3-9f0c-2bf4f43f9223	3	195728990	195729053	4	1.1483
f4be1711-c1ab-43e3-9f0c-2bf4f43f9223	3	195729069	198107259	1144	-0.0298
f4be1711-c1ab-43e3-9f0c-2bf4f43f9223	3	198107277	198169247	33	0.4011
f4be1711-c1ab-43e3-9f0c-2bf4f43f9223	4	68929	3876063	1566	-0.0686
f4be1711-c1ab-43e3-9f0c-2bf4f43f9223	4	3877891	4174902	76	0.3622
f4be1711-c1ab-43e3-9f0c-2bf4f43f9223	4	4175446	9496201	3519	-0.0733
f4be1711-c1ab-43e3-9f0c-2bf4f43f9223	4	9496271	9652366	43	0.342
f4be1711-c1ab-43e3-9f0c-2bf4f43f9223	4	9657770	9844725	103	-0.1076
f4be1711-c1ab-43e3-9f0c-2bf4f43f9223	4	9846251	9846702	2	-1.4153
f4be1711-c1ab-43e3-9f0c-2bf4f43f9223	4	9847904	10208766	386	-0.057
f4be1711-c1ab-43e3-9f0c-2bf4f43f9223	4	10212536	10229173	23	-1.7808
f4be1711-c1ab-43e3-9f0c-2bf4f43f9223	4	10229188	17793031	5947	-0.0634
f4be1711-c1ab-43e3-9f0c-2bf4f43f9223	4	17793694	17801058	4	-1.6923
f4be1711-c1ab-43e3-9f0c-2bf4f43f9223	4	17807377	34771893	11002	-0.066
f4be1711-c1ab-43e3-9f0c-2bf4f43f9223	4	34777238	34828382	50	-0.5536
f4be1711-c1ab-43e3-9f0c-2bf4f43f9223	4	34830196	49152601	8951	-0.0614
f4be1711-c1ab-43e3-9f0c-2bf4f43f9223	4	49152752	49656595	26	0.6591
f4be1711-c1ab-43e3-9f0c-2bf4f43f9223	4	51819533	68478894	10443	-0.0549
f4be1711-c1ab-43e3-9f0c-2bf4f43f9223	4	68494770	68655691	72	0.4743
f4be1711-c1ab-43e3-9f0c-2bf4f43f9223	4	68663241	69272329	322	-0.0625
f4be1711-c1ab-43e3-9f0c-2bf4f43f9223	4	69277656	69305562	16	-0.8974
f4be1711-c1ab-43e3-9f0c-2bf4f43f9223	4	69308697	86053909	10450	-0.0556
f4be1711-c1ab-43e3-9f0c-2bf4f43f9223	4	86054070	86055641	12	-1.0399
f4be1711-c1ab-43e3-9f0c-2bf4f43f9223	4	86055678	114252472	16840	-0.0577
f4be1711-c1ab-43e3-9f0c-2bf4f43f9223	4	114252500	114263110	28	0.5222
f4be1711-c1ab-43e3-9f0c-2bf4f43f9223	4	114263154	172068222	34987	-0.0539
f4be1711-c1ab-43e3-9f0c-2bf4f43f9223	4	172068257	172068354	5	-2.1111
f4be1711-c1ab-43e3-9f0c-2bf4f43f9223	4	172068368	189864410	11993	-0.0583
f4be1711-c1ab-43e3-9f0c-2bf4f43f9223	4	189870388	190106768	59	0.4083
f4be1711-c1ab-43e3-9f0c-2bf4f43f9223	5	15532	7444828	5907	-0.0521
f4be1711-c1ab-43e3-9f0c-2bf4f43f9223	5	7445070	7445295	2	-2.2433
f4be1711-c1ab-43e3-9f0c-2bf4f43f9223	5	7449267	8702128	1024	-0.063
f4be1711-c1ab-43e3-9f0c-2bf4f43f9223	5	8702945	8747030	45	-1.0488
f4be1711-c1ab-43e3-9f0c-2bf4f43f9223	5	8749619	12815668	3196	-0.0478
f4be1711-c1ab-43e3-9f0c-2bf4f43f9223	5	12815753	12826538	10	-1.4014
f4be1711-c1ab-43e3-9f0c-2bf4f43f9223	5	12833745	181363319	102512	-0.0567
f4be1711-c1ab-43e3-9f0c-2bf4f43f9223	6	149661	254283	101	0.0329
f4be1711-c1ab-43e3-9f0c-2bf4f43f9223	6	257353	294837	22	-0.6256
f4be1711-c1ab-43e3-9f0c-2bf4f43f9223	6	302306	382897	80	0.3778
f4be1711-c1ab-43e3-9f0c-2bf4f43f9223	6	384109	78253172	49494	-0.0614
f4be1711-c1ab-43e3-9f0c-2bf4f43f9223	6	78259348	78329517	113	-1.7444
f4be1711-c1ab-43e3-9f0c-2bf4f43f9223	6	78331916	103286954	15445	-0.0502
f4be1711-c1ab-43e3-9f0c-2bf4f43f9223	6	103290101	103314186	46	-0.7334
f4be1711-c1ab-43e3-9f0c-2bf4f43f9223	6	103317795	170741917	44081	-0.0565
f4be1711-c1ab-43e3-9f0c-2bf4f43f9223	7	43355	22395161	16043	0.4741
f4be1711-c1ab-43e3-9f0c-2bf4f43f9223	7	22395853	22396868	2	-2.4808
f4be1711-c1ab-43e3-9f0c-2bf4f43f9223	7	22399135	101810360	45997	0.4753
f4be1711-c1ab-43e3-9f0c-2bf4f43f9223	7	101811336	102254665	218	1.0931
f4be1711-c1ab-43e3-9f0c-2bf4f43f9223	7	102261035	102806782	116	0.8721
f4be1711-c1ab-43e3-9f0c-2bf4f43f9223	7	102807005	104268660	881	1.1365
f4be1711-c1ab-43e3-9f0c-2bf4f43f9223	7	104269160	106060422	1242	0.462
f4be1711-c1ab-43e3-9f0c-2bf4f43f9223	7	106060795	106808407	539	0.8378
f4be1711-c1ab-43e3-9f0c-2bf4f43f9223	7	106812689	109622458	1739	0.4706
f4be1711-c1ab-43e3-9f0c-2bf4f43f9223	7	109623968	109797036	108	0.8695
f4be1711-c1ab-43e3-9f0c-2bf4f43f9223	7	109797037	109797700	12	0.208
f4be1711-c1ab-43e3-9f0c-2bf4f43f9223	7	109797715	112871250	1993	0.8416
f4be1711-c1ab-43e3-9f0c-2bf4f43f9223	7	112874067	112874916	2	2.431
f4be1711-c1ab-43e3-9f0c-2bf4f43f9223	7	112876889	113925793	582	0.85
f4be1711-c1ab-43e3-9f0c-2bf4f43f9223	7	113926121	115124777	604	0.4682
f4be1711-c1ab-43e3-9f0c-2bf4f43f9223	7	115132992	134100424	11574	1.1321
f4be1711-c1ab-43e3-9f0c-2bf4f43f9223	7	134100442	134105212	19	0.3436
f4be1711-c1ab-43e3-9f0c-2bf4f43f9223	7	134105244	142063324	5202	1.1268
f4be1711-c1ab-43e3-9f0c-2bf4f43f9223	7	142069843	142099190	35	0.1267
f4be1711-c1ab-43e3-9f0c-2bf4f43f9223	7	142099360	159334314	10860	1.124
f4be1711-c1ab-43e3-9f0c-2bf4f43f9223	8	81254	208062	4	0.6233
f4be1711-c1ab-43e3-9f0c-2bf4f43f9223	8	212672	1187085	664	-0.9822
f4be1711-c1ab-43e3-9f0c-2bf4f43f9223	8	1190588	1197595	9	-4.4465
f4be1711-c1ab-43e3-9f0c-2bf4f43f9223	8	1197982	3726178	2323	-1.0342
f4be1711-c1ab-43e3-9f0c-2bf4f43f9223	8	3726550	3726560	2	-5.2371
f4be1711-c1ab-43e3-9f0c-2bf4f43f9223	8	3726655	4372271	1158	-1.0229
f4be1711-c1ab-43e3-9f0c-2bf4f43f9223	8	4376122	4378375	3	-6.6757
f4be1711-c1ab-43e3-9f0c-2bf4f43f9223	8	4378639	5407144	1286	-1.0432
f4be1711-c1ab-43e3-9f0c-2bf4f43f9223	8	5410551	5412291	3	-6.962
f4be1711-c1ab-43e3-9f0c-2bf4f43f9223	8	5412849	12376131	5370	-0.9832
f4be1711-c1ab-43e3-9f0c-2bf4f43f9223	8	12376245	12697234	67	0.0005
f4be1711-c1ab-43e3-9f0c-2bf4f43f9223	8	12698533	13305437	537	-0.9604
f4be1711-c1ab-43e3-9f0c-2bf4f43f9223	8	13306087	13308258	5	-3.6279
f4be1711-c1ab-43e3-9f0c-2bf4f43f9223	8	13308670	13886431	633	-1.0074
f4be1711-c1ab-43e3-9f0c-2bf4f43f9223	8	13888192	13889172	2	-6.8231
f4be1711-c1ab-43e3-9f0c-2bf4f43f9223	8	13889328	24873310	8854	-0.9868
f4be1711-c1ab-43e3-9f0c-2bf4f43f9223	8	24878512	24878567	2	-6.2402
f4be1711-c1ab-43e3-9f0c-2bf4f43f9223	8	24879374	25117985	182	-1.0267
f4be1711-c1ab-43e3-9f0c-2bf4f43f9223	8	25118055	25122472	16	-2.4118
f4be1711-c1ab-43e3-9f0c-2bf4f43f9223	8	25126554	39393968	8892	-0.956
f4be1711-c1ab-43e3-9f0c-2bf4f43f9223	8	39398542	39529446	53	0.0808
f4be1711-c1ab-43e3-9f0c-2bf4f43f9223	8	39530780	41743479	1562	-0.9723
f4be1711-c1ab-43e3-9f0c-2bf4f43f9223	8	41744167	41750174	2	-5.6962
f4be1711-c1ab-43e3-9f0c-2bf4f43f9223	8	41750462	42697490	601	-0.8941
f4be1711-c1ab-43e3-9f0c-2bf4f43f9223	8	42701270	46876115	712	-0.7003
f4be1711-c1ab-43e3-9f0c-2bf4f43f9223	8	46876498	51993448	2822	-0.9054
f4be1711-c1ab-43e3-9f0c-2bf4f43f9223	8	51993904	52003822	11	-2.9342
f4be1711-c1ab-43e3-9f0c-2bf4f43f9223	8	52003938	52643535	444	-0.981
f4be1711-c1ab-43e3-9f0c-2bf4f43f9223	8	52644423	52647817	4	-4.4355
f4be1711-c1ab-43e3-9f0c-2bf4f43f9223	8	52647933	59204574	4371	-0.9396
f4be1711-c1ab-43e3-9f0c-2bf4f43f9223	8	59209175	59576110	209	-0.062
f4be1711-c1ab-43e3-9f0c-2bf4f43f9223	8	59584043	60871789	797	-0.9432
f4be1711-c1ab-43e3-9f0c-2bf4f43f9223	8	60872442	60872685	2	-6.6087
f4be1711-c1ab-43e3-9f0c-2bf4f43f9223	8	60872699	68947497	4729	-0.9285
f4be1711-c1ab-43e3-9f0c-2bf4f43f9223	8	68950582	69509907	376	0.4883
f4be1711-c1ab-43e3-9f0c-2bf4f43f9223	8	69511154	70481515	602	-0.9075
f4be1711-c1ab-43e3-9f0c-2bf4f43f9223	8	70482641	71766469	779	0.478
f4be1711-c1ab-43e3-9f0c-2bf4f43f9223	8	71772147	72586939	563	-1.0158
f4be1711-c1ab-43e3-9f0c-2bf4f43f9223	8	72587066	73679033	831	0.465
f4be1711-c1ab-43e3-9f0c-2bf4f43f9223	8	73686005	74332920	420	-0.9983
f4be1711-c1ab-43e3-9f0c-2bf4f43f9223	8	74337331	86182139	6776	-0.0512
f4be1711-c1ab-43e3-9f0c-2bf4f43f9223	8	86182182	86614314	216	-1.0008
f4be1711-c1ab-43e3-9f0c-2bf4f43f9223	8	86616143	114622478	16758	-0.0567
f4be1711-c1ab-43e3-9f0c-2bf4f43f9223	8	114622678	114623472	8	-1.0732
f4be1711-c1ab-43e3-9f0c-2bf4f43f9223	8	114626121	144403851	20766	-0.0544
f4be1711-c1ab-43e3-9f0c-2bf4f43f9223	8	144404044	144539160	43	0.3357
f4be1711-c1ab-43e3-9f0c-2bf4f43f9223	8	144539176	145072769	243	0.0016
f4be1711-c1ab-43e3-9f0c-2bf4f43f9223	9	46587	39487690	31119	-0.0625
f4be1711-c1ab-43e3-9f0c-2bf4f43f9223	9	39547279	68381085	410	0.3794
f4be1711-c1ab-43e3-9f0c-2bf4f43f9223	9	68384471	103804216	24753	-0.0621
f4be1711-c1ab-43e3-9f0c-2bf4f43f9223	9	103806415	103807009	2	-2.818
f4be1711-c1ab-43e3-9f0c-2bf4f43f9223	9	103808421	138200944	23085	-0.0747
f4be1711-c1ab-43e3-9f0c-2bf4f43f9223	10	45792	42157337	29029	-0.0581
f4be1711-c1ab-43e3-9f0c-2bf4f43f9223	10	42159354	42288046	20	0.8389
f4be1711-c1ab-43e3-9f0c-2bf4f43f9223	10	42292394	65548178	15281	-0.057
f4be1711-c1ab-43e3-9f0c-2bf4f43f9223	10	65548193	65554672	25	0.599
f4be1711-c1ab-43e3-9f0c-2bf4f43f9223	10	65554688	65598232	45	-0.1216
f4be1711-c1ab-43e3-9f0c-2bf4f43f9223	10	65598235	65602156	4	1.1208
f4be1711-c1ab-43e3-9f0c-2bf4f43f9223	10	65602423	66956616	1041	-0.0708
f4be1711-c1ab-43e3-9f0c-2bf4f43f9223	10	66961652	66992272	22	-0.6478
f4be1711-c1ab-43e3-9f0c-2bf4f43f9223	10	66994895	81118403	8976	-0.0697
f4be1711-c1ab-43e3-9f0c-2bf4f43f9223	10	81121574	81128397	8	-1.4884
f4be1711-c1ab-43e3-9f0c-2bf4f43f9223	10	81128513	122105362	27795	-0.0582
f4be1711-c1ab-43e3-9f0c-2bf4f43f9223	10	122112126	122564250	356	-0.9732
f4be1711-c1ab-43e3-9f0c-2bf4f43f9223	10	122574497	124479441	1317	-0.0579
f4be1711-c1ab-43e3-9f0c-2bf4f43f9223	10	124484770	125724263	793	-0.975
f4be1711-c1ab-43e3-9f0c-2bf4f43f9223	10	125724986	126494631	598	-0.0928
f4be1711-c1ab-43e3-9f0c-2bf4f43f9223	10	126494739	128535360	1603	-1.0032
f4be1711-c1ab-43e3-9f0c-2bf4f43f9223	10	128535685	130267577	1389	0.4747
f4be1711-c1ab-43e3-9f0c-2bf4f43f9223	10	130272917	132058808	1426	-0.9059
f4be1711-c1ab-43e3-9f0c-2bf4f43f9223	10	132059087	132063998	5	-4.3207
f4be1711-c1ab-43e3-9f0c-2bf4f43f9223	10	132064372	133143045	453	-0.9456
f4be1711-c1ab-43e3-9f0c-2bf4f43f9223	10	133150435	133654968	237	0.4701
f4be1711-c1ab-43e3-9f0c-2bf4f43f9223	11	198510	252231	31	-0.1013
f4be1711-c1ab-43e3-9f0c-2bf4f43f9223	11	252283	383944	59	0.2798
f4be1711-c1ab-43e3-9f0c-2bf4f43f9223	11	404317	3390147	1181	-0.0787
f4be1711-c1ab-43e3-9f0c-2bf4f43f9223	11	3391957	3519839	35	0.3792
f4be1711-c1ab-43e3-9f0c-2bf4f43f9223	11	3520831	5762693	1918	-0.0604
f4be1711-c1ab-43e3-9f0c-2bf4f43f9223	11	5766175	5787909	33	-2.1758
f4be1711-c1ab-43e3-9f0c-2bf4f43f9223	11	5788108	18927525	9395	-0.0649
f4be1711-c1ab-43e3-9f0c-2bf4f43f9223	11	18927562	18949628	49	0.3521
f4be1711-c1ab-43e3-9f0c-2bf4f43f9223	11	18949833	21825348	2590	-0.062
f4be1711-c1ab-43e3-9f0c-2bf4f43f9223	11	21825960	21827134	4	-1.7765
f4be1711-c1ab-43e3-9f0c-2bf4f43f9223	11	21827206	48212654	17785	-0.0571
f4be1711-c1ab-43e3-9f0c-2bf4f43f9223	11	48212805	48982010	290	0.1179
f4be1711-c1ab-43e3-9f0c-2bf4f43f9223	11	48982389	50000581	474	-0.0281
f4be1711-c1ab-43e3-9f0c-2bf4f43f9223	11	50001495	55708084	655	0.1488
f4be1711-c1ab-43e3-9f0c-2bf4f43f9223	11	55708163	67704862	6203	-0.0546
f4be1711-c1ab-43e3-9f0c-2bf4f43f9223	11	67705434	67981851	74	0.4097
f4be1711-c1ab-43e3-9f0c-2bf4f43f9223	11	67996609	135074876	45919	-0.0565
f4be1711-c1ab-43e3-9f0c-2bf4f43f9223	12	51460	186359	72	0.0164
f4be1711-c1ab-43e3-9f0c-2bf4f43f9223	12	186440	223196	21	0.4512
f4be1711-c1ab-43e3-9f0c-2bf4f43f9223	12	223229	8267058	5452	-0.0625
f4be1711-c1ab-43e3-9f0c-2bf4f43f9223	12	8268228	8428347	59	0.4845
f4be1711-c1ab-43e3-9f0c-2bf4f43f9223	12	8432076	9477960	556	-0.0318
f4be1711-c1ab-43e3-9f0c-2bf4f43f9223	12	9481274	9575696	24	1.0754
f4be1711-c1ab-43e3-9f0c-2bf4f43f9223	12	9582373	31753738	15534	-0.0561
f4be1711-c1ab-43e3-9f0c-2bf4f43f9223	12	31754340	31756974	4	-1.7364
f4be1711-c1ab-43e3-9f0c-2bf4f43f9223	12	31764286	33233822	1083	-0.0457
f4be1711-c1ab-43e3-9f0c-2bf4f43f9223	12	33235894	33242207	4	-1.4046
f4be1711-c1ab-43e3-9f0c-2bf4f43f9223	12	33242483	34307158	636	-0.0475
f4be1711-c1ab-43e3-9f0c-2bf4f43f9223	12	34307627	37788687	181	0.2524
f4be1711-c1ab-43e3-9f0c-2bf4f43f9223	12	37792947	63545960	15344	-0.0605
f4be1711-c1ab-43e3-9f0c-2bf4f43f9223	12	63554371	63734113	56	0.2458
f4be1711-c1ab-43e3-9f0c-2bf4f43f9223	12	63734445	99402073	22960	-0.0492
f4be1711-c1ab-43e3-9f0c-2bf4f43f9223	12	99402408	99403124	13	0.6701
f4be1711-c1ab-43e3-9f0c-2bf4f43f9223	12	99403311	127853385	18800	-0.0572
f4be1711-c1ab-43e3-9f0c-2bf4f43f9223	12	127853492	127853650	2	-2.4821
f4be1711-c1ab-43e3-9f0c-2bf4f43f9223	12	127854182	133201603	3891	-0.0274
f4be1711-c1ab-43e3-9f0c-2bf4f43f9223	13	18452809	18864691	99	0.3041
f4be1711-c1ab-43e3-9f0c-2bf4f43f9223	13	18874255	37496233	13359	-0.0504
f4be1711-c1ab-43e3-9f0c-2bf4f43f9223	13	37496998	37510620	17	-1.6198
f4be1711-c1ab-43e3-9f0c-2bf4f43f9223	13	37514193	53871464	10731	-0.0582
f4be1711-c1ab-43e3-9f0c-2bf4f43f9223	13	53871588	53894068	20	-0.5406
f4be1711-c1ab-43e3-9f0c-2bf4f43f9223	13	53894467	57184136	1756	-0.0418
f4be1711-c1ab-43e3-9f0c-2bf4f43f9223	13	57184155	57204246	32	-1.3794
f4be1711-c1ab-43e3-9f0c-2bf4f43f9223	13	57215580	114342922	38015	-0.056
f4be1711-c1ab-43e3-9f0c-2bf4f43f9223	14	18239283	18646056	16	0.1396
f4be1711-c1ab-43e3-9f0c-2bf4f43f9223	14	18656322	18686006	7	-1.2148
f4be1711-c1ab-43e3-9f0c-2bf4f43f9223	14	18687716	19735726	47	-0.1058
f4be1711-c1ab-43e3-9f0c-2bf4f43f9223	14	19735739	28894382	5844	-0.9382
f4be1711-c1ab-43e3-9f0c-2bf4f43f9223	14	28904102	30801878	1066	-0.057
f4be1711-c1ab-43e3-9f0c-2bf4f43f9223	14	30802146	31727036	443	-0.9007
f4be1711-c1ab-43e3-9f0c-2bf4f43f9223	14	31744989	32929796	850	0.4691
f4be1711-c1ab-43e3-9f0c-2bf4f43f9223	14	32942432	34579139	1359	-0.9768
f4be1711-c1ab-43e3-9f0c-2bf4f43f9223	14	34579436	35064583	236	0.439
f4be1711-c1ab-43e3-9f0c-2bf4f43f9223	14	35069805	36623380	918	-0.9157
f4be1711-c1ab-43e3-9f0c-2bf4f43f9223	14	36626284	106877229	44410	-0.0553
f4be1711-c1ab-43e3-9f0c-2bf4f43f9223	15	19811075	19950385	28	0.5336
f4be1711-c1ab-43e3-9f0c-2bf4f43f9223	15	19957492	20041902	21	-0.0492
f4be1711-c1ab-43e3-9f0c-2bf4f43f9223	15	20056983	22624663	172	0.5607
f4be1711-c1ab-43e3-9f0c-2bf4f43f9223	15	22631647	28281150	3751	-0.0326
f4be1711-c1ab-43e3-9f0c-2bf4f43f9223	15	28282601	28717394	24	0.5636
f4be1711-c1ab-43e3-9f0c-2bf4f43f9223	15	28717541	30077828	827	-0.0152
f4be1711-c1ab-43e3-9f0c-2bf4f43f9223	15	30094208	30654466	45	0.3072
f4be1711-c1ab-43e3-9f0c-2bf4f43f9223	15	30656433	32151854	1037	-0.051
f4be1711-c1ab-43e3-9f0c-2bf4f43f9223	15	32179735	32612414	36	0.3174
f4be1711-c1ab-43e3-9f0c-2bf4f43f9223	15	32612475	76586021	27917	-0.0611
f4be1711-c1ab-43e3-9f0c-2bf4f43f9223	15	76598900	76603434	22	0.9691
f4be1711-c1ab-43e3-9f0c-2bf4f43f9223	15	76609838	97274628	14160	-0.0564
f4be1711-c1ab-43e3-9f0c-2bf4f43f9223	15	97274669	97288957	9	-1.1087
f4be1711-c1ab-43e3-9f0c-2bf4f43f9223	15	97290419	101880399	3408	-0.0427
f4be1711-c1ab-43e3-9f0c-2bf4f43f9223	15	101880604	101928837	11	0.5233
f4be1711-c1ab-43e3-9f0c-2bf4f43f9223	16	10777	11508142	8663	-0.0592
f4be1711-c1ab-43e3-9f0c-2bf4f43f9223	16	11508758	11539626	13	0.6188
f4be1711-c1ab-43e3-9f0c-2bf4f43f9223	16	11539890	14956124	2435	-0.0678
f4be1711-c1ab-43e3-9f0c-2bf4f43f9223	16	14956141	15022400	42	-0.7509
f4be1711-c1ab-43e3-9f0c-2bf4f43f9223	16	15031584	16259309	583	-0.0225
f4be1711-c1ab-43e3-9f0c-2bf4f43f9223	16	16268505	16569719	22	0.5828
f4be1711-c1ab-43e3-9f0c-2bf4f43f9223	16	16573126	19933041	1694	-0.0152
f4be1711-c1ab-43e3-9f0c-2bf4f43f9223	16	19934328	19954553	28	-0.8518
f4be1711-c1ab-43e3-9f0c-2bf4f43f9223	16	19956040	21531945	900	-0.0592
f4be1711-c1ab-43e3-9f0c-2bf4f43f9223	16	21534960	21574710	10	-0.954
f4be1711-c1ab-43e3-9f0c-2bf4f43f9223	16	21575403	22579924	376	-0.0616
f4be1711-c1ab-43e3-9f0c-2bf4f43f9223	16	22591547	22693199	61	-0.4203
f4be1711-c1ab-43e3-9f0c-2bf4f43f9223	16	22699421	31954295	5094	-0.0461
f4be1711-c1ab-43e3-9f0c-2bf4f43f9223	16	31959228	34165318	115	0.2382
f4be1711-c1ab-43e3-9f0c-2bf4f43f9223	16	34176391	78337711	21144	-0.0603
f4be1711-c1ab-43e3-9f0c-2bf4f43f9223	16	78338543	78345778	13	-1.4416
f4be1711-c1ab-43e3-9f0c-2bf4f43f9223	16	78349243	90096867	10603	-0.0681
f4be1711-c1ab-43e3-9f0c-2bf4f43f9223	17	150733	6197464	3358	0.4371
f4be1711-c1ab-43e3-9f0c-2bf4f43f9223	17	6197476	6197491	2	-1.7664
f4be1711-c1ab-43e3-9f0c-2bf4f43f9223	17	6197723	9955156	2322	0.4489
f4be1711-c1ab-43e3-9f0c-2bf4f43f9223	17	9955239	12216468	1674	0.4776
f4be1711-c1ab-43e3-9f0c-2bf4f43f9223	17	12222561	12224512	4	-0.7779
f4be1711-c1ab-43e3-9f0c-2bf4f43f9223	17	12226449	15770691	2676	0.4993
f4be1711-c1ab-43e3-9f0c-2bf4f43f9223	17	15773687	20216364	2094	0.4227
f4be1711-c1ab-43e3-9f0c-2bf4f43f9223	17	20216739	20217728	2	-1.5075
f4be1711-c1ab-43e3-9f0c-2bf4f43f9223	17	20222716	33440087	4079	0.4274
f4be1711-c1ab-43e3-9f0c-2bf4f43f9223	17	33441645	35014815	1392	0.4951
f4be1711-c1ab-43e3-9f0c-2bf4f43f9223	17	35014889	36038072	590	0.421
f4be1711-c1ab-43e3-9f0c-2bf4f43f9223	17	36044520	36128866	71	0.6303
f4be1711-c1ab-43e3-9f0c-2bf4f43f9223	17	36129117	41266838	2547	0.4093
f4be1711-c1ab-43e3-9f0c-2bf4f43f9223	17	41266851	41277014	28	0.0008
f4be1711-c1ab-43e3-9f0c-2bf4f43f9223	17	41277060	45374188	2100	0.4017
f4be1711-c1ab-43e3-9f0c-2bf4f43f9223	17	45380345	45872082	223	0.5818
f4be1711-c1ab-43e3-9f0c-2bf4f43f9223	17	45875053	46085732	165	0.447
f4be1711-c1ab-43e3-9f0c-2bf4f43f9223	17	46088437	46284997	123	1.0982
f4be1711-c1ab-43e3-9f0c-2bf4f43f9223	17	46286804	74652981	17354	0.4474
f4be1711-c1ab-43e3-9f0c-2bf4f43f9223	17	74653324	76099812	617	0.3608
f4be1711-c1ab-43e3-9f0c-2bf4f43f9223	17	76101250	83091923	3600	0.4372
f4be1711-c1ab-43e3-9f0c-2bf4f43f9223	18	48133	80257174	50707	0.4732
f4be1711-c1ab-43e3-9f0c-2bf4f43f9223	19	90910	14635969	5843	-0.0762
f4be1711-c1ab-43e3-9f0c-2bf4f43f9223	19	14641796	14641837	2	-1.892
f4be1711-c1ab-43e3-9f0c-2bf4f43f9223	19	14642796	15713261	769	-0.0497
f4be1711-c1ab-43e3-9f0c-2bf4f43f9223	19	15714132	15714133	2	-2.1845
f4be1711-c1ab-43e3-9f0c-2bf4f43f9223	19	15714788	24236573	4486	-0.0453
f4be1711-c1ab-43e3-9f0c-2bf4f43f9223	19	24237261	27707365	111	0.2619
f4be1711-c1ab-43e3-9f0c-2bf4f43f9223	19	27707531	42711176	9152	-0.0661
f4be1711-c1ab-43e3-9f0c-2bf4f43f9223	19	42712819	43044862	136	0.2357
f4be1711-c1ab-43e3-9f0c-2bf4f43f9223	19	43055178	43139226	40	-0.1075
f4be1711-c1ab-43e3-9f0c-2bf4f43f9223	19	43142696	43236813	44	-0.5923
f4be1711-c1ab-43e3-9f0c-2bf4f43f9223	19	43249149	43313722	31	0.3636
f4be1711-c1ab-43e3-9f0c-2bf4f43f9223	19	43313843	44402845	720	-0.0591
f4be1711-c1ab-43e3-9f0c-2bf4f43f9223	19	44403018	44425942	16	0.5515
f4be1711-c1ab-43e3-9f0c-2bf4f43f9223	19	44426176	52712401	4103	-0.0786
f4be1711-c1ab-43e3-9f0c-2bf4f43f9223	19	52712442	53887334	846	0.031
f4be1711-c1ab-43e3-9f0c-2bf4f43f9223	19	53887867	54725849	446	-0.0833
f4be1711-c1ab-43e3-9f0c-2bf4f43f9223	19	54726927	54856748	44	0.3214
f4be1711-c1ab-43e3-9f0c-2bf4f43f9223	19	54856908	58586487	2278	-0.0558
f4be1711-c1ab-43e3-9f0c-2bf4f43f9223	20	80664	1590091	1212	0.4677
f4be1711-c1ab-43e3-9f0c-2bf4f43f9223	20	1590106	1613247	32	-0.0742
f4be1711-c1ab-43e3-9f0c-2bf4f43f9223	20	1617300	31436377	18902	0.4678
f4be1711-c1ab-43e3-9f0c-2bf4f43f9223	20	31437860	36956110	2607	0.4337
f4be1711-c1ab-43e3-9f0c-2bf4f43f9223	20	36958168	37455093	353	0.3322
f4be1711-c1ab-43e3-9f0c-2bf4f43f9223	20	37457511	54204148	11979	0.4444
f4be1711-c1ab-43e3-9f0c-2bf4f43f9223	20	54210499	56174535	1552	0.483
f4be1711-c1ab-43e3-9f0c-2bf4f43f9223	20	56175059	56179321	6	-0.6514
f4be1711-c1ab-43e3-9f0c-2bf4f43f9223	20	56183811	64324800	5705	0.4645
f4be1711-c1ab-43e3-9f0c-2bf4f43f9223	21	10354168	10753316	85	-0.1125
f4be1711-c1ab-43e3-9f0c-2bf4f43f9223	21	10756733	13963953	231	0.1903
f4be1711-c1ab-43e3-9f0c-2bf4f43f9223	21	13964098	46677045	23509	-0.0674
f4be1711-c1ab-43e3-9f0c-2bf4f43f9223	22	15294547	17024055	305	0.1299
f4be1711-c1ab-43e3-9f0c-2bf4f43f9223	22	17025649	18142004	803	-0.0875
f4be1711-c1ab-43e3-9f0c-2bf4f43f9223	22	18143362	18146179	6	-1.1384
f4be1711-c1ab-43e3-9f0c-2bf4f43f9223	22	18146261	18161934	12	-0.221
f4be1711-c1ab-43e3-9f0c-2bf4f43f9223	22	18167915	18918093	15	0.668
f4be1711-c1ab-43e3-9f0c-2bf4f43f9223	22	18947964	23929558	3230	0.0022
f4be1711-c1ab-43e3-9f0c-2bf4f43f9223	22	23940911	24008384	27	0.3559
f4be1711-c1ab-43e3-9f0c-2bf4f43f9223	22	24009046	32495001	6068	-0.0668
f4be1711-c1ab-43e3-9f0c-2bf4f43f9223	22	32502304	32507259	2	1.6788
f4be1711-c1ab-43e3-9f0c-2bf4f43f9223	22	32508551	37346951	3930	-0.076
f4be1711-c1ab-43e3-9f0c-2bf4f43f9223	22	37352689	37353906	4	-1.4765
f4be1711-c1ab-43e3-9f0c-2bf4f43f9223	22	37354627	38886338	757	-0.1008
f4be1711-c1ab-43e3-9f0c-2bf4f43f9223	22	38890972	39053323	94	0.1897
f4be1711-c1ab-43e3-9f0c-2bf4f43f9223	22	39053498	42503434	1868	-0.0887
f4be1711-c1ab-43e3-9f0c-2bf4f43f9223	22	42508600	42561815	27	0.4883
f4be1711-c1ab-43e3-9f0c-2bf4f43f9223	22	42570422	48964785	4925	-0.0777
f4be1711-c1ab-43e3-9f0c-2bf4f43f9223	22	48965059	50796027	1164	-0.0151
f4be1711-c1ab-43e3-9f0c-2bf4f43f9223	X	251810	155952689	83492	0.0121
f4be1711-c1ab-43e3-9f0c-2bf4f43f9223	Y	2782397	6249869	784	-2.0512
f4be1711-c1ab-43e3-9f0c-2bf4f43f9223	Y	6252391	13478396	2480	-2.4579
f4be1711-c1ab-43e3-9f0c-2bf4f43f9223	Y	13478462	13482643	3	-7.5103
f4be1711-c1ab-43e3-9f0c-2bf4f43f9223	Y	13483009	23586854	3179	-2.4791
f4be1711-c1ab-43e3-9f0c-2bf4f43f9223	Y	23784615	56872112	192	-2.0208
