GDC_Aliquot	Chromosome	Start	End	Num_Probes	Segment_Mean
22df968d-d6b5-44a9-bc01-117b3852310f	1	62920	2116145	360	-0.0308
22df968d-d6b5-44a9-bc01-117b3852310f	1	2125269	3221349	344	-0.1681
22df968d-d6b5-44a9-bc01-117b3852310f	1	3221392	10189919	4381	0.0025
22df968d-d6b5-44a9-bc01-117b3852310f	1	10195198	10196297	2	-1.628
22df968d-d6b5-44a9-bc01-117b3852310f	1	10198748	10307286	69	0.0405
22df968d-d6b5-44a9-bc01-117b3852310f	1	10310344	10317925	18	-0.827
22df968d-d6b5-44a9-bc01-117b3852310f	1	10321714	15827002	3149	0.0134
22df968d-d6b5-44a9-bc01-117b3852310f	1	15827041	15827430	5	-2.3993
22df968d-d6b5-44a9-bc01-117b3852310f	1	15827706	16909775	381	-0.0052
22df968d-d6b5-44a9-bc01-117b3852310f	1	16912972	16975177	46	-0.4354
22df968d-d6b5-44a9-bc01-117b3852310f	1	16976074	25132208	5152	0.0124
22df968d-d6b5-44a9-bc01-117b3852310f	1	25132863	25134110	21	0.4755
22df968d-d6b5-44a9-bc01-117b3852310f	1	25135588	25256850	59	0.0256
22df968d-d6b5-44a9-bc01-117b3852310f	1	25266637	25320455	24	0.5519
22df968d-d6b5-44a9-bc01-117b3852310f	1	25336819	30248706	2376	0.0373
22df968d-d6b5-44a9-bc01-117b3852310f	1	30251780	30261189	10	-0.9912
22df968d-d6b5-44a9-bc01-117b3852310f	1	30264526	72297687	26305	0.0085
22df968d-d6b5-44a9-bc01-117b3852310f	1	72302735	72345465	48	1.3267
22df968d-d6b5-44a9-bc01-117b3852310f	1	72346221	75585159	1925	0.0164
22df968d-d6b5-44a9-bc01-117b3852310f	1	75589078	75589169	2	-3.2989
22df968d-d6b5-44a9-bc01-117b3852310f	1	75593824	91672471	10690	0.0082
22df968d-d6b5-44a9-bc01-117b3852310f	1	91675050	91676259	3	-1.5231
22df968d-d6b5-44a9-bc01-117b3852310f	1	91679170	102213050	6614	0.001
22df968d-d6b5-44a9-bc01-117b3852310f	1	102214828	102346607	94	0.2285
22df968d-d6b5-44a9-bc01-117b3852310f	1	102350442	102364168	19	0.0017
22df968d-d6b5-44a9-bc01-117b3852310f	1	102364241	102364466	6	-0.712
22df968d-d6b5-44a9-bc01-117b3852310f	1	102364879	102378068	22	0.3213
22df968d-d6b5-44a9-bc01-117b3852310f	1	102378414	103616762	605	-0.0136
22df968d-d6b5-44a9-bc01-117b3852310f	1	103620877	103621165	2	-1.5603
22df968d-d6b5-44a9-bc01-117b3852310f	1	103697067	105476688	920	0.0192
22df968d-d6b5-44a9-bc01-117b3852310f	1	105476748	105481448	16	-0.4791
22df968d-d6b5-44a9-bc01-117b3852310f	1	105481468	105620568	114	0.0413
22df968d-d6b5-44a9-bc01-117b3852310f	1	105625674	105672407	30	-0.6787
22df968d-d6b5-44a9-bc01-117b3852310f	1	105674158	108197991	1792	0.0082
22df968d-d6b5-44a9-bc01-117b3852310f	1	108200892	108202633	7	-0.6914
22df968d-d6b5-44a9-bc01-117b3852310f	1	108203051	109690352	684	0.0261
22df968d-d6b5-44a9-bc01-117b3852310f	1	109690415	109697556	12	1.9853
22df968d-d6b5-44a9-bc01-117b3852310f	1	109702376	110789023	799	0.0058
22df968d-d6b5-44a9-bc01-117b3852310f	1	110789384	110836603	44	0.2423
22df968d-d6b5-44a9-bc01-117b3852310f	1	110836704	110836717	3	-0.6691
22df968d-d6b5-44a9-bc01-117b3852310f	1	110836788	110840856	18	0.5874
22df968d-d6b5-44a9-bc01-117b3852310f	1	110841157	110869141	38	0.265
22df968d-d6b5-44a9-bc01-117b3852310f	1	110869613	111538871	529	-0.0024
22df968d-d6b5-44a9-bc01-117b3852310f	1	111539228	111539942	4	-1.5369
22df968d-d6b5-44a9-bc01-117b3852310f	1	111540148	112147704	508	-0.0095
22df968d-d6b5-44a9-bc01-117b3852310f	1	112153343	112154390	18	0.7387
22df968d-d6b5-44a9-bc01-117b3852310f	1	112154552	116651953	2888	0.01
22df968d-d6b5-44a9-bc01-117b3852310f	1	116657749	116657782	2	-2.4486
22df968d-d6b5-44a9-bc01-117b3852310f	1	116663714	121170716	2186	0.0055
22df968d-d6b5-44a9-bc01-117b3852310f	1	121201569	150789530	1526	0.0827
22df968d-d6b5-44a9-bc01-117b3852310f	1	150789695	152580278	991	0.0067
22df968d-d6b5-44a9-bc01-117b3852310f	1	152580343	152614100	38	0.4266
22df968d-d6b5-44a9-bc01-117b3852310f	1	152614118	152718349	99	0.0563
22df968d-d6b5-44a9-bc01-117b3852310f	1	152720567	152721221	3	-0.8427
22df968d-d6b5-44a9-bc01-117b3852310f	1	152721717	152787202	65	0.009
22df968d-d6b5-44a9-bc01-117b3852310f	1	152789447	152795783	32	0.7748
22df968d-d6b5-44a9-bc01-117b3852310f	1	152795805	155691436	1560	0.0139
22df968d-d6b5-44a9-bc01-117b3852310f	1	155692180	155693566	2	-2.8475
22df968d-d6b5-44a9-bc01-117b3852310f	1	155697170	158515635	1671	0.0065
22df968d-d6b5-44a9-bc01-117b3852310f	1	158515692	158562077	86	0.2432
22df968d-d6b5-44a9-bc01-117b3852310f	1	158563350	158896783	293	0.0118
22df968d-d6b5-44a9-bc01-117b3852310f	1	158898711	158899969	2	-1.6972
22df968d-d6b5-44a9-bc01-117b3852310f	1	158905028	159905665	682	0.0323
22df968d-d6b5-44a9-bc01-117b3852310f	1	159910870	159961349	29	-0.3645
22df968d-d6b5-44a9-bc01-117b3852310f	1	159961605	167594178	5680	0.0132
22df968d-d6b5-44a9-bc01-117b3852310f	1	167594803	167595424	3	-2.2335
22df968d-d6b5-44a9-bc01-117b3852310f	1	167599204	169017254	1069	0.0016
22df968d-d6b5-44a9-bc01-117b3852310f	1	169017882	169017973	2	-1.9002
22df968d-d6b5-44a9-bc01-117b3852310f	1	169020148	189190130	13289	0.0045
22df968d-d6b5-44a9-bc01-117b3852310f	1	189190239	189577858	229	0.1476
22df968d-d6b5-44a9-bc01-117b3852310f	1	189577974	193186662	2419	0.0146
22df968d-d6b5-44a9-bc01-117b3852310f	1	193187149	193187218	4	1.2485
22df968d-d6b5-44a9-bc01-117b3852310f	1	193190593	196745743	2390	0.0079
22df968d-d6b5-44a9-bc01-117b3852310f	1	196758720	196936029	123	-0.8601
22df968d-d6b5-44a9-bc01-117b3852310f	1	196940515	211500699	9790	0.0053
22df968d-d6b5-44a9-bc01-117b3852310f	1	211501577	211502423	3	-2.0354
22df968d-d6b5-44a9-bc01-117b3852310f	1	211502928	212182629	399	0.0022
22df968d-d6b5-44a9-bc01-117b3852310f	1	212182969	212183659	2	-1.9649
22df968d-d6b5-44a9-bc01-117b3852310f	1	212184864	225472113	9049	0.0053
22df968d-d6b5-44a9-bc01-117b3852310f	1	225472312	225482036	10	-0.8659
22df968d-d6b5-44a9-bc01-117b3852310f	1	225482445	240228440	10560	-0.0043
22df968d-d6b5-44a9-bc01-117b3852310f	1	240230715	240230839	6	-2.6465
22df968d-d6b5-44a9-bc01-117b3852310f	1	240232805	248029624	5411	-0.0019
22df968d-d6b5-44a9-bc01-117b3852310f	1	248029809	248550567	263	0.14
22df968d-d6b5-44a9-bc01-117b3852310f	1	248572774	248645808	36	-0.589
22df968d-d6b5-44a9-bc01-117b3852310f	1	248646068	248930189	139	-0.0121
22df968d-d6b5-44a9-bc01-117b3852310f	2	12784	3176122	2209	-0.0233
22df968d-d6b5-44a9-bc01-117b3852310f	2	3179183	3194085	20	-0.6897
22df968d-d6b5-44a9-bc01-117b3852310f	2	3194524	35750907	22718	0.0102
22df968d-d6b5-44a9-bc01-117b3852310f	2	35752724	35762850	6	-2.0681
22df968d-d6b5-44a9-bc01-117b3852310f	2	35762881	50651031	10823	0.0179
22df968d-d6b5-44a9-bc01-117b3852310f	2	50651874	51108917	321	0.1703
22df968d-d6b5-44a9-bc01-117b3852310f	2	51110349	52246039	761	0.0259
22df968d-d6b5-44a9-bc01-117b3852310f	2	52248657	52313588	47	0.2915
22df968d-d6b5-44a9-bc01-117b3852310f	2	52322404	52512079	149	-0.0122
22df968d-d6b5-44a9-bc01-117b3852310f	2	52514599	52554404	42	0.7465
22df968d-d6b5-44a9-bc01-117b3852310f	2	52560811	54255416	1274	0.0087
22df968d-d6b5-44a9-bc01-117b3852310f	2	54255805	54255827	2	-2.279
22df968d-d6b5-44a9-bc01-117b3852310f	2	54259004	54402189	112	-0.0021
22df968d-d6b5-44a9-bc01-117b3852310f	2	54406340	54407107	2	-1.8649
22df968d-d6b5-44a9-bc01-117b3852310f	2	54407568	55394608	771	0.0145
22df968d-d6b5-44a9-bc01-117b3852310f	2	55400635	55400777	2	1.6206
22df968d-d6b5-44a9-bc01-117b3852310f	2	55405109	75553625	12601	0.014
22df968d-d6b5-44a9-bc01-117b3852310f	2	75553879	75555687	2	-2.7689
22df968d-d6b5-44a9-bc01-117b3852310f	2	75556546	106258266	14603	0.0207
22df968d-d6b5-44a9-bc01-117b3852310f	2	106263639	106268901	12	-2.599
22df968d-d6b5-44a9-bc01-117b3852310f	2	106270799	108968792	1614	0.0393
22df968d-d6b5-44a9-bc01-117b3852310f	2	108968954	108969981	5	-1.0357
22df968d-d6b5-44a9-bc01-117b3852310f	2	108971900	109704919	486	-0.0155
22df968d-d6b5-44a9-bc01-117b3852310f	2	109743935	109984252	3	1.8501
22df968d-d6b5-44a9-bc01-117b3852310f	2	110044146	116759042	3582	0.0185
22df968d-d6b5-44a9-bc01-117b3852310f	2	116761140	116947582	97	0.2434
22df968d-d6b5-44a9-bc01-117b3852310f	2	116948099	116963986	7	0.0036
22df968d-d6b5-44a9-bc01-117b3852310f	2	116964122	116964387	4	-0.4353
22df968d-d6b5-44a9-bc01-117b3852310f	2	116964548	116965852	9	-0.154
22df968d-d6b5-44a9-bc01-117b3852310f	2	116966846	117085738	71	0.2239
22df968d-d6b5-44a9-bc01-117b3852310f	2	117086106	117317459	126	-0.0216
22df968d-d6b5-44a9-bc01-117b3852310f	2	117318402	117465774	120	0.224
22df968d-d6b5-44a9-bc01-117b3852310f	2	117466188	123297642	3783	-0.0066
22df968d-d6b5-44a9-bc01-117b3852310f	2	123297887	123340509	39	0.2747
22df968d-d6b5-44a9-bc01-117b3852310f	2	123342839	123530828	135	0.047
22df968d-d6b5-44a9-bc01-117b3852310f	2	123534113	123579780	39	0.2612
22df968d-d6b5-44a9-bc01-117b3852310f	2	123580861	124355398	517	-0.0062
22df968d-d6b5-44a9-bc01-117b3852310f	2	124356600	125569928	716	0.0857
22df968d-d6b5-44a9-bc01-117b3852310f	2	125570962	125580678	2	-1.4295
22df968d-d6b5-44a9-bc01-117b3852310f	2	125581935	125694472	80	0.2085
22df968d-d6b5-44a9-bc01-117b3852310f	2	125695805	131335459	3186	-0.0045
22df968d-d6b5-44a9-bc01-117b3852310f	2	131337174	131338866	6	-1.1757
22df968d-d6b5-44a9-bc01-117b3852310f	2	131339746	131451478	60	0.0016
22df968d-d6b5-44a9-bc01-117b3852310f	2	131451620	131468795	10	-0.9695
22df968d-d6b5-44a9-bc01-117b3852310f	2	131472229	146104517	9083	0.0167
22df968d-d6b5-44a9-bc01-117b3852310f	2	146106836	146109366	24	1.0911
22df968d-d6b5-44a9-bc01-117b3852310f	2	146120238	184129614	23367	0.0078
22df968d-d6b5-44a9-bc01-117b3852310f	2	184132339	186024533	1099	0.0944
22df968d-d6b5-44a9-bc01-117b3852310f	2	186025395	188703229	1402	0.0184
22df968d-d6b5-44a9-bc01-117b3852310f	2	188704778	188716690	28	0.4454
22df968d-d6b5-44a9-bc01-117b3852310f	2	188716706	194748332	3405	0.0234
22df968d-d6b5-44a9-bc01-117b3852310f	2	194755786	195326397	350	0.1877
22df968d-d6b5-44a9-bc01-117b3852310f	2	195326661	202428368	4080	0.0143
22df968d-d6b5-44a9-bc01-117b3852310f	2	202431052	202433243	11	0.4427
22df968d-d6b5-44a9-bc01-117b3852310f	2	202433419	202438030	7	-0.0393
22df968d-d6b5-44a9-bc01-117b3852310f	2	202438508	202445174	18	0.5899
22df968d-d6b5-44a9-bc01-117b3852310f	2	202445628	207481338	3121	-0.0003
22df968d-d6b5-44a9-bc01-117b3852310f	2	207485210	207490614	12	-0.6917
22df968d-d6b5-44a9-bc01-117b3852310f	2	207490972	212294228	3016	0.0121
22df968d-d6b5-44a9-bc01-117b3852310f	2	212297443	212405717	117	0.2298
22df968d-d6b5-44a9-bc01-117b3852310f	2	212406203	234895742	14522	0.0034
22df968d-d6b5-44a9-bc01-117b3852310f	2	234897693	234897759	2	-2.6355
22df968d-d6b5-44a9-bc01-117b3852310f	2	234898515	240757768	3820	-0.0049
22df968d-d6b5-44a9-bc01-117b3852310f	2	240758881	240776486	7	-0.987
22df968d-d6b5-44a9-bc01-117b3852310f	2	240788528	242147305	576	0.0001
22df968d-d6b5-44a9-bc01-117b3852310f	3	20930	429777	398	0.0432
22df968d-d6b5-44a9-bc01-117b3852310f	3	431275	1130790	517	0.1666
22df968d-d6b5-44a9-bc01-117b3852310f	3	1131035	1448507	314	0.0297
22df968d-d6b5-44a9-bc01-117b3852310f	3	1448859	1454309	7	-0.92
22df968d-d6b5-44a9-bc01-117b3852310f	3	1454809	4065150	2429	0.017
22df968d-d6b5-44a9-bc01-117b3852310f	3	4065935	4067244	4	-1.8369
22df968d-d6b5-44a9-bc01-117b3852310f	3	4068641	4121826	49	0.0007
22df968d-d6b5-44a9-bc01-117b3852310f	3	4123672	4302747	127	0.1951
22df968d-d6b5-44a9-bc01-117b3852310f	3	4304082	21735667	12391	0.0083
22df968d-d6b5-44a9-bc01-117b3852310f	3	21735875	22295268	553	0.1007
22df968d-d6b5-44a9-bc01-117b3852310f	3	22295332	46751887	16307	0.0047
22df968d-d6b5-44a9-bc01-117b3852310f	3	46760327	46808099	40	-0.5891
22df968d-d6b5-44a9-bc01-117b3852310f	3	46817989	59773860	7129	0.0136
22df968d-d6b5-44a9-bc01-117b3852310f	3	59776282	59777183	4	-1.4186
22df968d-d6b5-44a9-bc01-117b3852310f	3	59777459	59960001	194	-0.0409
22df968d-d6b5-44a9-bc01-117b3852310f	3	59960658	60219035	359	0.1272
22df968d-d6b5-44a9-bc01-117b3852310f	3	60223894	68697013	6855	0
22df968d-d6b5-44a9-bc01-117b3852310f	3	68697108	68698262	14	1.1395
22df968d-d6b5-44a9-bc01-117b3852310f	3	68699607	89211124	12430	0.0089
22df968d-d6b5-44a9-bc01-117b3852310f	3	89211176	89211511	3	-1.5806
22df968d-d6b5-44a9-bc01-117b3852310f	3	89211843	89357795	174	0.0496
22df968d-d6b5-44a9-bc01-117b3852310f	3	89357875	89367066	28	0.3596
22df968d-d6b5-44a9-bc01-117b3852310f	3	89367227	95731991	1382	0.0088
22df968d-d6b5-44a9-bc01-117b3852310f	3	95732106	95754118	10	0.4913
22df968d-d6b5-44a9-bc01-117b3852310f	3	95755829	98180575	1249	0.001
22df968d-d6b5-44a9-bc01-117b3852310f	3	98189826	98194581	3	-1.7209
22df968d-d6b5-44a9-bc01-117b3852310f	3	98195973	99218940	592	0.0131
22df968d-d6b5-44a9-bc01-117b3852310f	3	99225614	99230577	38	0.4579
22df968d-d6b5-44a9-bc01-117b3852310f	3	99232120	130067443	18674	0.0003
22df968d-d6b5-44a9-bc01-117b3852310f	3	130067531	130088081	31	0.5245
22df968d-d6b5-44a9-bc01-117b3852310f	3	130088155	135124101	3310	0.0035
22df968d-d6b5-44a9-bc01-117b3852310f	3	135124398	135124742	3	-2.0788
22df968d-d6b5-44a9-bc01-117b3852310f	3	135126001	146674197	7056	0.001
22df968d-d6b5-44a9-bc01-117b3852310f	3	146675288	147295986	338	0.1644
22df968d-d6b5-44a9-bc01-117b3852310f	3	147299009	150791817	2099	0.0154
22df968d-d6b5-44a9-bc01-117b3852310f	3	150792296	150792302	2	-1.6369
22df968d-d6b5-44a9-bc01-117b3852310f	3	150792440	156106521	3286	0.0085
22df968d-d6b5-44a9-bc01-117b3852310f	3	156110106	156110122	2	-1.9262
22df968d-d6b5-44a9-bc01-117b3852310f	3	156111334	161714818	3393	-0.003
22df968d-d6b5-44a9-bc01-117b3852310f	3	161715517	161768538	35	0.3779
22df968d-d6b5-44a9-bc01-117b3852310f	3	161770560	162790480	695	0.0561
22df968d-d6b5-44a9-bc01-117b3852310f	3	162794869	162822702	22	-1.621
22df968d-d6b5-44a9-bc01-117b3852310f	3	162827928	162834293	5	-3.8877
22df968d-d6b5-44a9-bc01-117b3852310f	3	162845543	162908207	43	-1.6915
22df968d-d6b5-44a9-bc01-117b3852310f	3	162908784	163008371	75	0.2796
22df968d-d6b5-44a9-bc01-117b3852310f	3	163008644	166062150	1725	0.0507
22df968d-d6b5-44a9-bc01-117b3852310f	3	166062717	166150015	54	0.2541
22df968d-d6b5-44a9-bc01-117b3852310f	3	166162696	166345542	132	-0.065
22df968d-d6b5-44a9-bc01-117b3852310f	3	166345996	166347032	3	-1.1864
22df968d-d6b5-44a9-bc01-117b3852310f	3	166350305	173436026	4278	0.0069
22df968d-d6b5-44a9-bc01-117b3852310f	3	173436069	173717438	206	0.091
22df968d-d6b5-44a9-bc01-117b3852310f	3	173717726	173782781	54	0.3316
22df968d-d6b5-44a9-bc01-117b3852310f	3	173783437	175441834	1180	0.0195
22df968d-d6b5-44a9-bc01-117b3852310f	3	175443714	175528477	84	0.2688
22df968d-d6b5-44a9-bc01-117b3852310f	3	175532653	183476938	4656	0.0153
22df968d-d6b5-44a9-bc01-117b3852310f	3	183479015	183480035	4	-1.258
22df968d-d6b5-44a9-bc01-117b3852310f	3	183480749	184757177	666	0.0065
22df968d-d6b5-44a9-bc01-117b3852310f	3	184757552	184758045	2	-1.7214
22df968d-d6b5-44a9-bc01-117b3852310f	3	184758806	190337373	4035	0.0149
22df968d-d6b5-44a9-bc01-117b3852310f	3	190343238	190344161	2	-2.3134
22df968d-d6b5-44a9-bc01-117b3852310f	3	190346425	193160113	1961	-0.0054
22df968d-d6b5-44a9-bc01-117b3852310f	3	193160173	193165114	19	1.3099
22df968d-d6b5-44a9-bc01-117b3852310f	3	193168646	198169247	2687	0.0205
22df968d-d6b5-44a9-bc01-117b3852310f	4	68929	8720526	5089	-0.026
22df968d-d6b5-44a9-bc01-117b3852310f	4	8722817	9484440	67	0.6075
22df968d-d6b5-44a9-bc01-117b3852310f	4	9494650	10208766	537	-0.0055
22df968d-d6b5-44a9-bc01-117b3852310f	4	10212536	10227684	15	0.8511
22df968d-d6b5-44a9-bc01-117b3852310f	4	10228006	10389091	192	0.0123
22df968d-d6b5-44a9-bc01-117b3852310f	4	10390730	10401921	21	-0.4354
22df968d-d6b5-44a9-bc01-117b3852310f	4	10404588	12377080	1601	0.0334
22df968d-d6b5-44a9-bc01-117b3852310f	4	12377128	12377631	7	0.8966
22df968d-d6b5-44a9-bc01-117b3852310f	4	12377694	12384965	27	0.3281
22df968d-d6b5-44a9-bc01-117b3852310f	4	12385029	20261435	5583	0.0073
22df968d-d6b5-44a9-bc01-117b3852310f	4	20261748	20261808	2	-1.4897
22df968d-d6b5-44a9-bc01-117b3852310f	4	20264679	20555088	169	0.005
22df968d-d6b5-44a9-bc01-117b3852310f	4	20558955	20562319	39	-0.6615
22df968d-d6b5-44a9-bc01-117b3852310f	4	20566943	33918972	8821	0.0064
22df968d-d6b5-44a9-bc01-117b3852310f	4	33924788	33927348	4	-1.3677
22df968d-d6b5-44a9-bc01-117b3852310f	4	33934441	34771893	492	0.0117
22df968d-d6b5-44a9-bc01-117b3852310f	4	34777238	34830245	52	0.5883
22df968d-d6b5-44a9-bc01-117b3852310f	4	34833940	49055810	8930	0.0178
22df968d-d6b5-44a9-bc01-117b3852310f	4	49055895	51822949	50	0.4391
22df968d-d6b5-44a9-bc01-117b3852310f	4	51823256	61071220	6043	-0.0033
22df968d-d6b5-44a9-bc01-117b3852310f	4	61075217	61076234	2	1.8438
22df968d-d6b5-44a9-bc01-117b3852310f	4	61079968	62475847	760	0.0081
22df968d-d6b5-44a9-bc01-117b3852310f	4	62476879	62477788	2	-1.6425
22df968d-d6b5-44a9-bc01-117b3852310f	4	62482900	68354665	3606	0.0177
22df968d-d6b5-44a9-bc01-117b3852310f	4	68361130	68395346	7	-0.8028
22df968d-d6b5-44a9-bc01-117b3852310f	4	68416487	68478894	14	0.3764
22df968d-d6b5-44a9-bc01-117b3852310f	4	68494770	68524574	8	-0.3132
22df968d-d6b5-44a9-bc01-117b3852310f	4	68524748	68544524	9	0.0656
22df968d-d6b5-44a9-bc01-117b3852310f	4	68544538	68639397	53	-0.3341
22df968d-d6b5-44a9-bc01-117b3852310f	4	68640616	69252275	307	0.167
22df968d-d6b5-44a9-bc01-117b3852310f	4	69254604	69257792	6	-0.5653
22df968d-d6b5-44a9-bc01-117b3852310f	4	69261926	69366081	54	-2.3329
22df968d-d6b5-44a9-bc01-117b3852310f	4	69366304	86054070	10409	-0.0074
22df968d-d6b5-44a9-bc01-117b3852310f	4	86054941	86058611	19	-2.2532
22df968d-d6b5-44a9-bc01-117b3852310f	4	86058791	87747955	942	-0.0168
22df968d-d6b5-44a9-bc01-117b3852310f	4	87748236	87751573	20	0.4581
22df968d-d6b5-44a9-bc01-117b3852310f	4	87751588	111427037	14061	-0.0023
22df968d-d6b5-44a9-bc01-117b3852310f	4	111427187	111466449	38	0.4395
22df968d-d6b5-44a9-bc01-117b3852310f	4	111469313	114085244	1663	-0.003
22df968d-d6b5-44a9-bc01-117b3852310f	4	114091657	114092247	4	-0.8963
22df968d-d6b5-44a9-bc01-117b3852310f	4	114093536	115251805	737	0.0221
22df968d-d6b5-44a9-bc01-117b3852310f	4	115251820	115252113	7	0.7878
22df968d-d6b5-44a9-bc01-117b3852310f	4	115254098	116289897	594	0.0029
22df968d-d6b5-44a9-bc01-117b3852310f	4	116294439	116296972	6	-1.1164
22df968d-d6b5-44a9-bc01-117b3852310f	4	116305227	131004472	8692	0.001
22df968d-d6b5-44a9-bc01-117b3852310f	4	131006426	131433703	209	0.1824
22df968d-d6b5-44a9-bc01-117b3852310f	4	131436162	137017902	2979	0.0093
22df968d-d6b5-44a9-bc01-117b3852310f	4	137018025	137018103	3	0.2717
22df968d-d6b5-44a9-bc01-117b3852310f	4	137018143	137018802	8	0.7144
22df968d-d6b5-44a9-bc01-117b3852310f	4	137018817	137032901	18	0.3551
22df968d-d6b5-44a9-bc01-117b3852310f	4	137033109	137171362	89	-0.0114
22df968d-d6b5-44a9-bc01-117b3852310f	4	137171424	137172260	11	-0.5221
22df968d-d6b5-44a9-bc01-117b3852310f	4	137173804	137258291	82	0.0534
22df968d-d6b5-44a9-bc01-117b3852310f	4	137261279	137262144	22	0.4404
22df968d-d6b5-44a9-bc01-117b3852310f	4	137262373	150947747	8222	-0.0011
22df968d-d6b5-44a9-bc01-117b3852310f	4	150947789	150963158	28	-0.4792
22df968d-d6b5-44a9-bc01-117b3852310f	4	150964975	154881396	2410	0.0066
22df968d-d6b5-44a9-bc01-117b3852310f	4	154881853	154881926	3	-2.8778
22df968d-d6b5-44a9-bc01-117b3852310f	4	154882047	160935758	3886	0.0022
22df968d-d6b5-44a9-bc01-117b3852310f	4	160939308	161155676	195	0.2
22df968d-d6b5-44a9-bc01-117b3852310f	4	161162667	164638194	2222	-0.0071
22df968d-d6b5-44a9-bc01-117b3852310f	4	164638843	164640619	7	-0.9223
22df968d-d6b5-44a9-bc01-117b3852310f	4	164641003	170346793	3587	0.0031
22df968d-d6b5-44a9-bc01-117b3852310f	4	170346931	170352007	7	-0.8659
22df968d-d6b5-44a9-bc01-117b3852310f	4	170352863	172066777	1092	0.012
22df968d-d6b5-44a9-bc01-117b3852310f	4	172067997	172068382	12	0.8492
22df968d-d6b5-44a9-bc01-117b3852310f	4	172074828	172554114	256	0.0655
22df968d-d6b5-44a9-bc01-117b3852310f	4	172560563	177931122	3267	-0.0066
22df968d-d6b5-44a9-bc01-117b3852310f	4	177936415	178929775	668	0.0782
22df968d-d6b5-44a9-bc01-117b3852310f	4	178933071	178933556	2	-2.0597
22df968d-d6b5-44a9-bc01-117b3852310f	4	178934739	184936899	4439	0.0006
22df968d-d6b5-44a9-bc01-117b3852310f	4	184939165	184943933	4	-1.6091
22df968d-d6b5-44a9-bc01-117b3852310f	4	184949640	186699490	1241	0.0109
22df968d-d6b5-44a9-bc01-117b3852310f	4	186700127	186700996	3	-1.8552
22df968d-d6b5-44a9-bc01-117b3852310f	4	186703040	189267889	1824	0.0421
22df968d-d6b5-44a9-bc01-117b3852310f	4	189273964	189278110	4	-2.7738
22df968d-d6b5-44a9-bc01-117b3852310f	4	189278617	190106768	349	0.0234
22df968d-d6b5-44a9-bc01-117b3852310f	5	15532	516206	218	-0.0474
22df968d-d6b5-44a9-bc01-117b3852310f	5	516693	760986	110	-0.3088
22df968d-d6b5-44a9-bc01-117b3852310f	5	761010	823655	20	0.4216
22df968d-d6b5-44a9-bc01-117b3852310f	5	823951	11161513	8719	-0.0045
22df968d-d6b5-44a9-bc01-117b3852310f	5	11162524	11162659	3	-3.1749
22df968d-d6b5-44a9-bc01-117b3852310f	5	11167165	12815668	1088	0.0169
22df968d-d6b5-44a9-bc01-117b3852310f	5	12815753	12819964	8	0.8462
22df968d-d6b5-44a9-bc01-117b3852310f	5	12824299	20437136	4906	0.0127
22df968d-d6b5-44a9-bc01-117b3852310f	5	20437452	20444193	18	-0.8357
22df968d-d6b5-44a9-bc01-117b3852310f	5	20448382	20564211	116	0.2935
22df968d-d6b5-44a9-bc01-117b3852310f	5	20566972	21376735	414	0.0354
22df968d-d6b5-44a9-bc01-117b3852310f	5	21377730	21377744	2	-1.8951
22df968d-d6b5-44a9-bc01-117b3852310f	5	21385957	45448478	14707	0.0014
22df968d-d6b5-44a9-bc01-117b3852310f	5	45455695	46191782	241	0.135
22df968d-d6b5-44a9-bc01-117b3852310f	5	46195781	46199333	4	-1.3203
22df968d-d6b5-44a9-bc01-117b3852310f	5	46209197	46271006	15	0.0619
22df968d-d6b5-44a9-bc01-117b3852310f	5	46271828	46273400	6	1.0758
22df968d-d6b5-44a9-bc01-117b3852310f	5	46278110	50828231	289	0.1144
22df968d-d6b5-44a9-bc01-117b3852310f	5	50829022	53371327	1640	-0.0028
22df968d-d6b5-44a9-bc01-117b3852310f	5	53372909	53401297	18	0.4531
22df968d-d6b5-44a9-bc01-117b3852310f	5	53402557	56616485	2173	0.0093
22df968d-d6b5-44a9-bc01-117b3852310f	5	56617370	56617725	2	-2.1926
22df968d-d6b5-44a9-bc01-117b3852310f	5	56619790	58014553	938	0.0079
22df968d-d6b5-44a9-bc01-117b3852310f	5	58017408	58036248	25	-0.4868
22df968d-d6b5-44a9-bc01-117b3852310f	5	58036448	69444826	7250	0.0026
22df968d-d6b5-44a9-bc01-117b3852310f	5	69448492	69489301	13	0.2497
22df968d-d6b5-44a9-bc01-117b3852310f	5	69490380	69492434	3	-2.1018
22df968d-d6b5-44a9-bc01-117b3852310f	5	69496935	69550476	15	0.0831
22df968d-d6b5-44a9-bc01-117b3852310f	5	69571467	69822308	5	1.8019
22df968d-d6b5-44a9-bc01-117b3852310f	5	69937600	99162232	16414	0
22df968d-d6b5-44a9-bc01-117b3852310f	5	99163918	100507719	749	0.1698
22df968d-d6b5-44a9-bc01-117b3852310f	5	100512630	101683413	689	0.0283
22df968d-d6b5-44a9-bc01-117b3852310f	5	101683986	101756421	43	0.2586
22df968d-d6b5-44a9-bc01-117b3852310f	5	101758847	101781146	19	-0.1752
22df968d-d6b5-44a9-bc01-117b3852310f	5	101781646	101884653	117	0.2401
22df968d-d6b5-44a9-bc01-117b3852310f	5	101892225	116248171	9441	0.0148
22df968d-d6b5-44a9-bc01-117b3852310f	5	116250993	116269770	23	-0.5478
22df968d-d6b5-44a9-bc01-117b3852310f	5	116273727	116274323	4	-3.3106
22df968d-d6b5-44a9-bc01-117b3852310f	5	116276540	116291323	23	-0.7771
22df968d-d6b5-44a9-bc01-117b3852310f	5	116293826	150822643	21728	0.0036
22df968d-d6b5-44a9-bc01-117b3852310f	5	150825938	150839042	8	-3.2914
22df968d-d6b5-44a9-bc01-117b3852310f	5	150843825	156149576	3694	-0.001
22df968d-d6b5-44a9-bc01-117b3852310f	5	156150331	156170444	10	-1.1096
22df968d-d6b5-44a9-bc01-117b3852310f	5	156170901	158102219	1328	-0.0236
22df968d-d6b5-44a9-bc01-117b3852310f	5	158102356	158103236	2	-1.5999
22df968d-d6b5-44a9-bc01-117b3852310f	5	158106426	172172423	9822	0.0081
22df968d-d6b5-44a9-bc01-117b3852310f	5	172176487	172178906	4	-1.0229
22df968d-d6b5-44a9-bc01-117b3852310f	5	172181365	173172496	656	-0.0192
22df968d-d6b5-44a9-bc01-117b3852310f	5	173177794	173187769	8	-0.9251
22df968d-d6b5-44a9-bc01-117b3852310f	5	173188572	173775504	491	0.0045
22df968d-d6b5-44a9-bc01-117b3852310f	5	173778055	173779213	7	-1.3645
22df968d-d6b5-44a9-bc01-117b3852310f	5	173779368	175966747	1660	0.0089
22df968d-d6b5-44a9-bc01-117b3852310f	5	175978747	176042504	11	0.6743
22df968d-d6b5-44a9-bc01-117b3852310f	5	176043321	179677069	1795	-0.0129
22df968d-d6b5-44a9-bc01-117b3852310f	5	179677116	179678266	8	-0.7797
22df968d-d6b5-44a9-bc01-117b3852310f	5	179678327	181109116	804	0.0028
22df968d-d6b5-44a9-bc01-117b3852310f	5	181110126	181114251	5	-1.7294
22df968d-d6b5-44a9-bc01-117b3852310f	5	181116046	181363319	96	-0.0987
22df968d-d6b5-44a9-bc01-117b3852310f	6	149661	3408878	2661	0.0008
22df968d-d6b5-44a9-bc01-117b3852310f	6	3409730	3438192	25	-0.539
22df968d-d6b5-44a9-bc01-117b3852310f	6	3438218	29882497	18944	0.0084
22df968d-d6b5-44a9-bc01-117b3852310f	6	29882589	29928196	11	-1.2571
22df968d-d6b5-44a9-bc01-117b3852310f	6	29931120	31318528	649	0.007
22df968d-d6b5-44a9-bc01-117b3852310f	6	31318754	31328674	9	-1.5665
22df968d-d6b5-44a9-bc01-117b3852310f	6	31342147	54066286	14229	0.0016
22df968d-d6b5-44a9-bc01-117b3852310f	6	54066353	54067057	7	1.4088
22df968d-d6b5-44a9-bc01-117b3852310f	6	54070550	54845157	512	0.0096
22df968d-d6b5-44a9-bc01-117b3852310f	6	54845278	54852437	2	-2.1084
22df968d-d6b5-44a9-bc01-117b3852310f	6	54854771	58050619	1536	-0.0053
22df968d-d6b5-44a9-bc01-117b3852310f	6	58051260	61195461	435	0.133
22df968d-d6b5-44a9-bc01-117b3852310f	6	61197150	61197186	2	-1.7714
22df968d-d6b5-44a9-bc01-117b3852310f	6	61199962	61611031	122	0.1985
22df968d-d6b5-44a9-bc01-117b3852310f	6	61611857	61641523	32	-0.0951
22df968d-d6b5-44a9-bc01-117b3852310f	6	61641833	61828596	117	0.1724
22df968d-d6b5-44a9-bc01-117b3852310f	6	61828648	64627049	1454	0.0057
22df968d-d6b5-44a9-bc01-117b3852310f	6	64637651	64639099	2	-2.9344
22df968d-d6b5-44a9-bc01-117b3852310f	6	64640883	70763935	4104	0.0105
22df968d-d6b5-44a9-bc01-117b3852310f	6	70765327	70765599	2	-1.8826
22df968d-d6b5-44a9-bc01-117b3852310f	6	70765652	76726815	3816	-0.0032
22df968d-d6b5-44a9-bc01-117b3852310f	6	76730151	76743040	21	-0.4935
22df968d-d6b5-44a9-bc01-117b3852310f	6	76751356	78240104	961	0.0176
22df968d-d6b5-44a9-bc01-117b3852310f	6	78240510	78270730	45	0.3248
22df968d-d6b5-44a9-bc01-117b3852310f	6	78277769	78329517	84	0.5414
22df968d-d6b5-44a9-bc01-117b3852310f	6	78331916	93781590	9904	-0.0017
22df968d-d6b5-44a9-bc01-117b3852310f	6	93787331	95386776	770	0.1635
22df968d-d6b5-44a9-bc01-117b3852310f	6	95388284	104468605	5563	0.0076
22df968d-d6b5-44a9-bc01-117b3852310f	6	104469260	104470088	2	-1.5801
22df968d-d6b5-44a9-bc01-117b3852310f	6	104470558	112405837	4925	0.0002
22df968d-d6b5-44a9-bc01-117b3852310f	6	112406752	112409422	2	-1.9256
22df968d-d6b5-44a9-bc01-117b3852310f	6	112409492	124228455	7080	0.0124
22df968d-d6b5-44a9-bc01-117b3852310f	6	124228820	124229320	2	-1.4583
22df968d-d6b5-44a9-bc01-117b3852310f	6	124232260	128504126	2544	-0.0013
22df968d-d6b5-44a9-bc01-117b3852310f	6	128507123	128508254	6	-0.9656
22df968d-d6b5-44a9-bc01-117b3852310f	6	128509158	135014291	4464	0.0026
22df968d-d6b5-44a9-bc01-117b3852310f	6	135021116	135022100	2	-2.5586
22df968d-d6b5-44a9-bc01-117b3852310f	6	135028432	167105957	22149	0.0065
22df968d-d6b5-44a9-bc01-117b3852310f	6	167107261	168810871	945	-0.1224
22df968d-d6b5-44a9-bc01-117b3852310f	6	168811858	170048356	893	-0.0105
22df968d-d6b5-44a9-bc01-117b3852310f	6	170049076	170188277	61	-0.3089
22df968d-d6b5-44a9-bc01-117b3852310f	6	170195837	170741917	259	-0.0287
22df968d-d6b5-44a9-bc01-117b3852310f	7	43355	2352216	763	-0.061
22df968d-d6b5-44a9-bc01-117b3852310f	7	2364820	2379164	11	-0.7939
22df968d-d6b5-44a9-bc01-117b3852310f	7	2379657	3916224	1149	-0.0131
22df968d-d6b5-44a9-bc01-117b3852310f	7	3918433	3920494	4	-1.2303
22df968d-d6b5-44a9-bc01-117b3852310f	7	3920609	4045855	105	-0.047
22df968d-d6b5-44a9-bc01-117b3852310f	7	4047926	4050551	3	1.4728
22df968d-d6b5-44a9-bc01-117b3852310f	7	4050651	8768774	3004	0.0072
22df968d-d6b5-44a9-bc01-117b3852310f	7	8773105	10374478	1305	0.0788
22df968d-d6b5-44a9-bc01-117b3852310f	7	10379317	11271308	613	-0.0311
22df968d-d6b5-44a9-bc01-117b3852310f	7	11273211	11302364	58	0.2578
22df968d-d6b5-44a9-bc01-117b3852310f	7	11303447	11733156	405	0.0258
22df968d-d6b5-44a9-bc01-117b3852310f	7	11733191	11733890	3	-1.8712
22df968d-d6b5-44a9-bc01-117b3852310f	7	11734614	15311901	2856	0.0035
22df968d-d6b5-44a9-bc01-117b3852310f	7	15313177	15431267	104	0.2365
22df968d-d6b5-44a9-bc01-117b3852310f	7	15437267	17043270	1312	0.0084
22df968d-d6b5-44a9-bc01-117b3852310f	7	17044045	17411964	257	0.1589
22df968d-d6b5-44a9-bc01-117b3852310f	7	17412153	18903798	1181	0.0182
22df968d-d6b5-44a9-bc01-117b3852310f	7	18914630	19751853	871	0.1179
22df968d-d6b5-44a9-bc01-117b3852310f	7	19751962	34855738	10870	0.0038
22df968d-d6b5-44a9-bc01-117b3852310f	7	34859961	34864152	5	-1.1933
22df968d-d6b5-44a9-bc01-117b3852310f	7	34875294	38251092	2423	0.0087
22df968d-d6b5-44a9-bc01-117b3852310f	7	38251113	38295522	70	0.2791
22df968d-d6b5-44a9-bc01-117b3852310f	7	38295919	54305455	11017	-0.003
22df968d-d6b5-44a9-bc01-117b3852310f	7	54318812	54318824	6	2.8381
22df968d-d6b5-44a9-bc01-117b3852310f	7	54325795	57343827	1764	-0.0043
22df968d-d6b5-44a9-bc01-117b3852310f	7	57346458	57404833	40	-0.4021
22df968d-d6b5-44a9-bc01-117b3852310f	7	57407304	62326769	261	0.0066
22df968d-d6b5-44a9-bc01-117b3852310f	7	62332999	63015588	139	0.2278
22df968d-d6b5-44a9-bc01-117b3852310f	7	63018120	75809445	5788	-0.0025
22df968d-d6b5-44a9-bc01-117b3852310f	7	75809462	75810378	2	-2.4374
22df968d-d6b5-44a9-bc01-117b3852310f	7	75812444	76672717	312	-0.0121
22df968d-d6b5-44a9-bc01-117b3852310f	7	76673852	77156835	145	0.197
22df968d-d6b5-44a9-bc01-117b3852310f	7	77161900	88626842	7472	0.013
22df968d-d6b5-44a9-bc01-117b3852310f	7	88627180	89941921	860	0.151
22df968d-d6b5-44a9-bc01-117b3852310f	7	89943652	90022478	74	-0.0311
22df968d-d6b5-44a9-bc01-117b3852310f	7	90030168	90031986	3	-1.5407
22df968d-d6b5-44a9-bc01-117b3852310f	7	90032443	91578827	1087	0.0003
22df968d-d6b5-44a9-bc01-117b3852310f	7	91589569	91589817	3	-1.5501
22df968d-d6b5-44a9-bc01-117b3852310f	7	91595717	109789993	10424	0.002
22df968d-d6b5-44a9-bc01-117b3852310f	7	109793690	109801155	28	0.349
22df968d-d6b5-44a9-bc01-117b3852310f	7	109801187	109813853	11	0.9471
22df968d-d6b5-44a9-bc01-117b3852310f	7	109813925	109819293	11	0.3236
22df968d-d6b5-44a9-bc01-117b3852310f	7	109819717	111406770	1053	0.0138
22df968d-d6b5-44a9-bc01-117b3852310f	7	111408523	111442785	39	-0.9964
22df968d-d6b5-44a9-bc01-117b3852310f	7	111452408	144255220	20066	0.0064
22df968d-d6b5-44a9-bc01-117b3852310f	7	144255475	144312471	8	-1.1109
22df968d-d6b5-44a9-bc01-117b3852310f	7	144326306	154598185	6400	0.0099
22df968d-d6b5-44a9-bc01-117b3852310f	7	154601461	154607903	4	1.1361
22df968d-d6b5-44a9-bc01-117b3852310f	7	154609120	157468581	2069	-0.0146
22df968d-d6b5-44a9-bc01-117b3852310f	7	157470838	158353527	534	-0.1131
22df968d-d6b5-44a9-bc01-117b3852310f	7	158358430	159334314	625	-0.0189
22df968d-d6b5-44a9-bc01-117b3852310f	8	81254	7534105	7751	-0.0099
22df968d-d6b5-44a9-bc01-117b3852310f	8	7537162	7890177	11	-1.0713
22df968d-d6b5-44a9-bc01-117b3852310f	8	7919608	8102048	12	-0.3086
22df968d-d6b5-44a9-bc01-117b3852310f	8	8104937	8132772	5	1.2626
22df968d-d6b5-44a9-bc01-117b3852310f	8	8139659	9538675	1271	0.0153
22df968d-d6b5-44a9-bc01-117b3852310f	8	9538949	9539139	2	-4.5499
22df968d-d6b5-44a9-bc01-117b3852310f	8	9539828	10502003	779	-0.0394
22df968d-d6b5-44a9-bc01-117b3852310f	8	10502124	10502600	2	-2.5228
22df968d-d6b5-44a9-bc01-117b3852310f	8	10504833	11152375	508	-0.0528
22df968d-d6b5-44a9-bc01-117b3852310f	8	11152608	11153316	4	1.1051
22df968d-d6b5-44a9-bc01-117b3852310f	8	11153662	11935938	595	-0.0409
22df968d-d6b5-44a9-bc01-117b3852310f	8	11941175	11957903	14	-0.7279
22df968d-d6b5-44a9-bc01-117b3852310f	8	11958789	12092042	45	-0.0734
22df968d-d6b5-44a9-bc01-117b3852310f	8	12130217	12176798	7	-1.0622
22df968d-d6b5-44a9-bc01-117b3852310f	8	12177488	12418301	31	0.3302
22df968d-d6b5-44a9-bc01-117b3852310f	8	12419769	13752897	1072	0.0023
22df968d-d6b5-44a9-bc01-117b3852310f	8	13752985	13753377	4	-1.0109
22df968d-d6b5-44a9-bc01-117b3852310f	8	13754536	14649029	875	-0.0108
22df968d-d6b5-44a9-bc01-117b3852310f	8	14649102	14657699	38	-0.5227
22df968d-d6b5-44a9-bc01-117b3852310f	8	14659710	14707779	41	-0.0558
22df968d-d6b5-44a9-bc01-117b3852310f	8	14708901	14709318	4	-1.0098
22df968d-d6b5-44a9-bc01-117b3852310f	8	14713142	16024646	1185	0.0058
22df968d-d6b5-44a9-bc01-117b3852310f	8	16025150	16028400	6	-0.8297
22df968d-d6b5-44a9-bc01-117b3852310f	8	16029179	16339682	249	0.0506
22df968d-d6b5-44a9-bc01-117b3852310f	8	16349445	16349614	8	-1.4598
22df968d-d6b5-44a9-bc01-117b3852310f	8	16354575	16458543	96	0.1067
22df968d-d6b5-44a9-bc01-117b3852310f	8	16461083	16469783	9	-0.7507
22df968d-d6b5-44a9-bc01-117b3852310f	8	16470205	25117062	6815	0.0019
22df968d-d6b5-44a9-bc01-117b3852310f	8	25117985	25133774	28	0.592
22df968d-d6b5-44a9-bc01-117b3852310f	8	25133879	39373140	8991	0.0022
22df968d-d6b5-44a9-bc01-117b3852310f	8	39378084	39529446	59	1.0696
22df968d-d6b5-44a9-bc01-117b3852310f	8	39530780	40324598	587	0.0037
22df968d-d6b5-44a9-bc01-117b3852310f	8	40326278	40335391	35	-0.8146
22df968d-d6b5-44a9-bc01-117b3852310f	8	40336910	84345754	25215	0.0055
22df968d-d6b5-44a9-bc01-117b3852310f	8	84350648	84356431	19	-0.8348
22df968d-d6b5-44a9-bc01-117b3852310f	8	84358447	96380930	7171	0.0057
22df968d-d6b5-44a9-bc01-117b3852310f	8	96382252	96382664	2	-2.3465
22df968d-d6b5-44a9-bc01-117b3852310f	8	96383542	111279265	8903	0.0036
22df968d-d6b5-44a9-bc01-117b3852310f	8	111282050	111283031	10	1.1053
22df968d-d6b5-44a9-bc01-117b3852310f	8	111288052	141217755	21244	0.0059
22df968d-d6b5-44a9-bc01-117b3852310f	8	141220093	142608029	752	-0.1086
22df968d-d6b5-44a9-bc01-117b3852310f	8	142609472	145072769	877	0.0129
22df968d-d6b5-44a9-bc01-117b3852310f	9	46587	395289	264	-0.0412
22df968d-d6b5-44a9-bc01-117b3852310f	9	396293	396380	2	-2.5737
22df968d-d6b5-44a9-bc01-117b3852310f	9	398077	1521848	1331	0.0039
22df968d-d6b5-44a9-bc01-117b3852310f	9	1522082	1529051	21	-0.5017
22df968d-d6b5-44a9-bc01-117b3852310f	9	1529070	6670448	4711	0.0076
22df968d-d6b5-44a9-bc01-117b3852310f	9	6672097	6673830	8	-1.297
22df968d-d6b5-44a9-bc01-117b3852310f	9	6677167	9237662	2463	0.007
22df968d-d6b5-44a9-bc01-117b3852310f	9	9238476	9404584	163	0.2186
22df968d-d6b5-44a9-bc01-117b3852310f	9	9404813	10371980	959	0.0495
22df968d-d6b5-44a9-bc01-117b3852310f	9	10372205	10448624	57	0.2047
22df968d-d6b5-44a9-bc01-117b3852310f	9	10450368	10452255	2	-1.8569
22df968d-d6b5-44a9-bc01-117b3852310f	9	10452358	11992604	1247	0.0803
22df968d-d6b5-44a9-bc01-117b3852310f	9	11995297	11996163	3	-1.59
22df968d-d6b5-44a9-bc01-117b3852310f	9	11996270	12164986	134	0.1581
22df968d-d6b5-44a9-bc01-117b3852310f	9	12165015	12172549	5	-0.6786
22df968d-d6b5-44a9-bc01-117b3852310f	9	12173024	12248679	68	0.171
22df968d-d6b5-44a9-bc01-117b3852310f	9	12249026	12249277	2	-1.6639
22df968d-d6b5-44a9-bc01-117b3852310f	9	12253254	12536140	219	0.1654
22df968d-d6b5-44a9-bc01-117b3852310f	9	12539373	28101543	12319	0.0065
22df968d-d6b5-44a9-bc01-117b3852310f	9	28101776	30710016	1837	0.0754
22df968d-d6b5-44a9-bc01-117b3852310f	9	30711914	30900823	140	-0.0329
22df968d-d6b5-44a9-bc01-117b3852310f	9	30904182	30904537	3	-1.6622
22df968d-d6b5-44a9-bc01-117b3852310f	9	30906806	42014203	5253	-0.0014
22df968d-d6b5-44a9-bc01-117b3852310f	9	42037471	42179276	20	-1.8842
22df968d-d6b5-44a9-bc01-117b3852310f	9	42202227	63580418	140	0.0612
22df968d-d6b5-44a9-bc01-117b3852310f	9	63590317	63592813	7	2.131
22df968d-d6b5-44a9-bc01-117b3852310f	9	63614182	69496230	1088	0.0084
22df968d-d6b5-44a9-bc01-117b3852310f	9	69496348	69498585	11	-0.7397
22df968d-d6b5-44a9-bc01-117b3852310f	9	69499128	81765915	8830	-0.0001
22df968d-d6b5-44a9-bc01-117b3852310f	9	81770123	81772305	3	-2.1852
22df968d-d6b5-44a9-bc01-117b3852310f	9	81772990	102019286	13671	-0.0021
22df968d-d6b5-44a9-bc01-117b3852310f	9	102019418	102024050	9	-0.7602
22df968d-d6b5-44a9-bc01-117b3852310f	9	102028487	102880180	619	0.0225
22df968d-d6b5-44a9-bc01-117b3852310f	9	102880738	102992722	74	0.2569
22df968d-d6b5-44a9-bc01-117b3852310f	9	102993713	110201821	5623	0.0053
22df968d-d6b5-44a9-bc01-117b3852310f	9	110202456	110202995	2	-1.772
22df968d-d6b5-44a9-bc01-117b3852310f	9	110205555	133307114	15711	0.0119
22df968d-d6b5-44a9-bc01-117b3852310f	9	133307129	133307252	4	1.8206
22df968d-d6b5-44a9-bc01-117b3852310f	9	133316268	135345274	1203	-0.008
22df968d-d6b5-44a9-bc01-117b3852310f	9	135345313	135390347	27	-0.5149
22df968d-d6b5-44a9-bc01-117b3852310f	9	135394145	138200944	1049	-0.0018
22df968d-d6b5-44a9-bc01-117b3852310f	10	45792	1709827	1143	-0.0309
22df968d-d6b5-44a9-bc01-117b3852310f	10	1710718	1711367	2	-2.557
22df968d-d6b5-44a9-bc01-117b3852310f	10	1713937	4244878	2419	0.0122
22df968d-d6b5-44a9-bc01-117b3852310f	10	4248622	4248732	3	2.0057
22df968d-d6b5-44a9-bc01-117b3852310f	10	4248824	17659538	11167	0.0019
22df968d-d6b5-44a9-bc01-117b3852310f	10	17664121	17664149	2	-3.0332
22df968d-d6b5-44a9-bc01-117b3852310f	10	17665872	55213052	22397	0.0036
22df968d-d6b5-44a9-bc01-117b3852310f	10	55215695	56027710	572	0.1608
22df968d-d6b5-44a9-bc01-117b3852310f	10	56028329	56223067	139	0.0065
22df968d-d6b5-44a9-bc01-117b3852310f	10	56223681	56224203	3	1.04
22df968d-d6b5-44a9-bc01-117b3852310f	10	56225979	57069171	613	0.0419
22df968d-d6b5-44a9-bc01-117b3852310f	10	57069935	57177149	86	0.2301
22df968d-d6b5-44a9-bc01-117b3852310f	10	57178792	64638921	5110	0.0084
22df968d-d6b5-44a9-bc01-117b3852310f	10	64639652	64640112	2	-3.1416
22df968d-d6b5-44a9-bc01-117b3852310f	10	64643074	65517865	622	0.0104
22df968d-d6b5-44a9-bc01-117b3852310f	10	65521282	65581714	79	0.3058
22df968d-d6b5-44a9-bc01-117b3852310f	10	65581795	66515209	725	-0.007
22df968d-d6b5-44a9-bc01-117b3852310f	10	66515319	66791811	214	0.1602
22df968d-d6b5-44a9-bc01-117b3852310f	10	66792576	70722700	2554	0.0098
22df968d-d6b5-44a9-bc01-117b3852310f	10	70723063	70758612	41	-0.3629
22df968d-d6b5-44a9-bc01-117b3852310f	10	70758685	112298805	27123	0.0035
22df968d-d6b5-44a9-bc01-117b3852310f	10	112300395	112301767	2	-2.0794
22df968d-d6b5-44a9-bc01-117b3852310f	10	112310140	122564250	7577	-0.0016
22df968d-d6b5-44a9-bc01-117b3852310f	10	122574497	122597296	8	-1.3303
22df968d-d6b5-44a9-bc01-117b3852310f	10	122598210	133654968	7877	-0.0162
22df968d-d6b5-44a9-bc01-117b3852310f	11	198510	4217824	1731	-0.0294
22df968d-d6b5-44a9-bc01-117b3852310f	11	4228783	4368083	36	0.4417
22df968d-d6b5-44a9-bc01-117b3852310f	11	4368371	4946021	642	-0.0243
22df968d-d6b5-44a9-bc01-117b3852310f	11	4946166	4952799	27	1.0748
22df968d-d6b5-44a9-bc01-117b3852310f	11	4953934	5755866	776	0.0223
22df968d-d6b5-44a9-bc01-117b3852310f	11	5756780	5800752	54	0.3448
22df968d-d6b5-44a9-bc01-117b3852310f	11	5803653	5850293	59	0.0457
22df968d-d6b5-44a9-bc01-117b3852310f	11	5851007	5860806	6	-0.9729
22df968d-d6b5-44a9-bc01-117b3852310f	11	5862087	6261846	266	0.0516
22df968d-d6b5-44a9-bc01-117b3852310f	11	6263861	6266647	5	-1.2105
22df968d-d6b5-44a9-bc01-117b3852310f	11	6267052	12066046	4332	0.0084
22df968d-d6b5-44a9-bc01-117b3852310f	11	12066233	12069111	6	-0.8369
22df968d-d6b5-44a9-bc01-117b3852310f	11	12070418	18919323	4712	0.0066
22df968d-d6b5-44a9-bc01-117b3852310f	11	18927525	18929959	13	-0.641
22df968d-d6b5-44a9-bc01-117b3852310f	11	18930146	18939631	21	-1.286
22df968d-d6b5-44a9-bc01-117b3852310f	11	18939734	18940375	9	-0.7202
22df968d-d6b5-44a9-bc01-117b3852310f	11	18940441	25046346	4812	-0.0013
22df968d-d6b5-44a9-bc01-117b3852310f	11	25051728	25734274	560	0.1014
22df968d-d6b5-44a9-bc01-117b3852310f	11	25734957	33649172	5132	-0.0002
22df968d-d6b5-44a9-bc01-117b3852310f	11	33649731	33650095	2	2.1756
22df968d-d6b5-44a9-bc01-117b3852310f	11	33651998	37036610	2824	0.0113
22df968d-d6b5-44a9-bc01-117b3852310f	11	37037248	37609753	392	0.1633
22df968d-d6b5-44a9-bc01-117b3852310f	11	37612436	48467822	6755	0.0069
22df968d-d6b5-44a9-bc01-117b3852310f	11	48468556	48950841	161	0.229
22df968d-d6b5-44a9-bc01-117b3852310f	11	48953076	50324818	612	0.0085
22df968d-d6b5-44a9-bc01-117b3852310f	11	50337834	55608804	465	0.1469
22df968d-d6b5-44a9-bc01-117b3852310f	11	55609022	55676735	41	0.6303
22df968d-d6b5-44a9-bc01-117b3852310f	11	55677392	56216591	396	0.149
22df968d-d6b5-44a9-bc01-117b3852310f	11	56220973	65168591	4838	0.0126
22df968d-d6b5-44a9-bc01-117b3852310f	11	65169248	65169339	2	-1.6652
22df968d-d6b5-44a9-bc01-117b3852310f	11	65171274	81162975	8709	0.0029
22df968d-d6b5-44a9-bc01-117b3852310f	11	81163239	81167262	28	0.491
22df968d-d6b5-44a9-bc01-117b3852310f	11	81167329	89741663	5844	0.0042
22df968d-d6b5-44a9-bc01-117b3852310f	11	89754781	89796439	5	-1.2996
22df968d-d6b5-44a9-bc01-117b3852310f	11	89802300	95452865	3839	0.003
22df968d-d6b5-44a9-bc01-117b3852310f	11	95452936	95453749	3	-1.495
22df968d-d6b5-44a9-bc01-117b3852310f	11	95455006	115240920	13875	0.0043
22df968d-d6b5-44a9-bc01-117b3852310f	11	115243611	115244012	3	-1.2951
22df968d-d6b5-44a9-bc01-117b3852310f	11	115250849	119905102	3207	0.0131
22df968d-d6b5-44a9-bc01-117b3852310f	11	119911347	119914356	5	1.2133
22df968d-d6b5-44a9-bc01-117b3852310f	11	119914663	133828838	10533	0.0044
22df968d-d6b5-44a9-bc01-117b3852310f	11	133830803	134761929	668	-0.1007
22df968d-d6b5-44a9-bc01-117b3852310f	11	134768855	135074876	236	-0.0219
22df968d-d6b5-44a9-bc01-117b3852310f	12	51460	139508	40	0.0677
22df968d-d6b5-44a9-bc01-117b3852310f	12	140391	144962	5	-0.6926
22df968d-d6b5-44a9-bc01-117b3852310f	12	147054	149625	9	0.1699
22df968d-d6b5-44a9-bc01-117b3852310f	12	150039	151920	4	-0.2468
22df968d-d6b5-44a9-bc01-117b3852310f	12	152618	154673	3	-1.6141
22df968d-d6b5-44a9-bc01-117b3852310f	12	157651	652394	300	-0.0747
22df968d-d6b5-44a9-bc01-117b3852310f	12	657831	963342	202	0.1196
22df968d-d6b5-44a9-bc01-117b3852310f	12	965743	970002	6	-0.7893
22df968d-d6b5-44a9-bc01-117b3852310f	12	971262	1437151	245	0.1249
22df968d-d6b5-44a9-bc01-117b3852310f	12	1439000	3318489	1329	-0.0139
22df968d-d6b5-44a9-bc01-117b3852310f	12	3318572	3319593	3	-1.2404
22df968d-d6b5-44a9-bc01-117b3852310f	12	3321202	9477960	4019	0.0087
22df968d-d6b5-44a9-bc01-117b3852310f	12	9481274	9575696	24	1.4263
22df968d-d6b5-44a9-bc01-117b3852310f	12	9582373	11062773	1034	0.0512
22df968d-d6b5-44a9-bc01-117b3852310f	12	11064250	11190547	48	0.3656
22df968d-d6b5-44a9-bc01-117b3852310f	12	11191841	11351157	95	0.0988
22df968d-d6b5-44a9-bc01-117b3852310f	12	11358643	11359558	3	-1.1247
22df968d-d6b5-44a9-bc01-117b3852310f	12	11359597	11390472	28	-3.0979
22df968d-d6b5-44a9-bc01-117b3852310f	12	11399258	30217892	13247	0.0036
22df968d-d6b5-44a9-bc01-117b3852310f	12	30218784	30220934	3	-1.478
22df968d-d6b5-44a9-bc01-117b3852310f	12	30222662	33140973	2084	-0.02
22df968d-d6b5-44a9-bc01-117b3852310f	12	33141564	38733730	1335	0.1094
22df968d-d6b5-44a9-bc01-117b3852310f	12	38733871	128163139	56997	0.0046
22df968d-d6b5-44a9-bc01-117b3852310f	12	128163212	128166473	3	-2.0558
22df968d-d6b5-44a9-bc01-117b3852310f	12	128166605	133201603	3618	-0.0293
22df968d-d6b5-44a9-bc01-117b3852310f	13	18452809	33790581	10941	-0.0029
22df968d-d6b5-44a9-bc01-117b3852310f	13	33793808	33794673	4	-1.7237
22df968d-d6b5-44a9-bc01-117b3852310f	13	33796668	37491865	2497	0.0019
22df968d-d6b5-44a9-bc01-117b3852310f	13	37492341	37533251	64	0.2595
22df968d-d6b5-44a9-bc01-117b3852310f	13	37533311	42596056	3503	0.0047
22df968d-d6b5-44a9-bc01-117b3852310f	13	42597432	42597530	2	-1.6129
22df968d-d6b5-44a9-bc01-117b3852310f	13	42598151	50229260	5034	0.0053
22df968d-d6b5-44a9-bc01-117b3852310f	13	50235354	51049063	552	0.1188
22df968d-d6b5-44a9-bc01-117b3852310f	13	51049971	63708875	7222	0.0103
22df968d-d6b5-44a9-bc01-117b3852310f	13	63711094	64360027	373	0.1995
22df968d-d6b5-44a9-bc01-117b3852310f	13	64360470	114342922	33811	0.0049
22df968d-d6b5-44a9-bc01-117b3852310f	14	18239283	19019303	30	-0.0479
22df968d-d6b5-44a9-bc01-117b3852310f	14	19049265	19966871	154	0.2551
22df968d-d6b5-44a9-bc01-117b3852310f	14	19967227	20877548	687	0.0203
22df968d-d6b5-44a9-bc01-117b3852310f	14	20880514	20945196	27	-0.7638
22df968d-d6b5-44a9-bc01-117b3852310f	14	20948875	21634218	376	0.0019
22df968d-d6b5-44a9-bc01-117b3852310f	14	21634589	22134592	411	0.1801
22df968d-d6b5-44a9-bc01-117b3852310f	14	22137197	22156145	29	-0.3113
22df968d-d6b5-44a9-bc01-117b3852310f	14	22159015	22533736	326	0.1817
22df968d-d6b5-44a9-bc01-117b3852310f	14	22534369	31554353	5371	0.0112
22df968d-d6b5-44a9-bc01-117b3852310f	14	31556432	31556674	2	-2.4346
22df968d-d6b5-44a9-bc01-117b3852310f	14	31558256	31813914	124	-0.0437
22df968d-d6b5-44a9-bc01-117b3852310f	14	31815671	31816947	2	-1.9893
22df968d-d6b5-44a9-bc01-117b3852310f	14	31821405	33154312	998	-0.0013
22df968d-d6b5-44a9-bc01-117b3852310f	14	33154546	33154991	2	1.2973
22df968d-d6b5-44a9-bc01-117b3852310f	14	33155634	33366714	201	-0.0043
22df968d-d6b5-44a9-bc01-117b3852310f	14	33367393	33369703	5	-0.9061
22df968d-d6b5-44a9-bc01-117b3852310f	14	33370296	35035384	1198	-0.0111
22df968d-d6b5-44a9-bc01-117b3852310f	14	35040397	35040568	4	-1.3842
22df968d-d6b5-44a9-bc01-117b3852310f	14	35041591	41159026	3777	0.01
22df968d-d6b5-44a9-bc01-117b3852310f	14	41159271	41207613	19	0.5827
22df968d-d6b5-44a9-bc01-117b3852310f	14	41219527	43283598	1295	0.0058
22df968d-d6b5-44a9-bc01-117b3852310f	14	43285160	46447605	1737	0.0691
22df968d-d6b5-44a9-bc01-117b3852310f	14	46447844	48273194	1158	-0.0054
22df968d-d6b5-44a9-bc01-117b3852310f	14	48278327	48380813	58	0.2695
22df968d-d6b5-44a9-bc01-117b3852310f	14	48383587	55848193	4776	0.0081
22df968d-d6b5-44a9-bc01-117b3852310f	14	55855565	55858405	3	-2.3983
22df968d-d6b5-44a9-bc01-117b3852310f	14	55859177	106321086	32218	0.0053
22df968d-d6b5-44a9-bc01-117b3852310f	14	106340102	106365807	11	-1.0209
22df968d-d6b5-44a9-bc01-117b3852310f	14	106369985	106455901	59	0.1958
22df968d-d6b5-44a9-bc01-117b3852310f	14	106456134	106493062	22	0.6095
22df968d-d6b5-44a9-bc01-117b3852310f	14	106496501	106877229	189	0.1094
22df968d-d6b5-44a9-bc01-117b3852310f	15	19811075	20011702	46	0.0834
22df968d-d6b5-44a9-bc01-117b3852310f	15	20026653	22413894	163	0.6225
22df968d-d6b5-44a9-bc01-117b3852310f	15	22455811	76599170	33637	0.0014
22df968d-d6b5-44a9-bc01-117b3852310f	15	76599286	76603434	20	-2.4256
22df968d-d6b5-44a9-bc01-117b3852310f	15	76609838	92222525	10164	0.0178
22df968d-d6b5-44a9-bc01-117b3852310f	15	92222644	92223064	3	1.7426
22df968d-d6b5-44a9-bc01-117b3852310f	15	92223528	93124851	737	0.0148
22df968d-d6b5-44a9-bc01-117b3852310f	15	93126417	93126609	2	-1.8671
22df968d-d6b5-44a9-bc01-117b3852310f	15	93128353	93138428	18	0.1085
22df968d-d6b5-44a9-bc01-117b3852310f	15	93138756	93159451	17	-0.5824
22df968d-d6b5-44a9-bc01-117b3852310f	15	93159596	98690570	4265	0.0074
22df968d-d6b5-44a9-bc01-117b3852310f	15	98693273	98698495	5	-1.2844
22df968d-d6b5-44a9-bc01-117b3852310f	15	98699088	99992589	872	0.0055
22df968d-d6b5-44a9-bc01-117b3852310f	15	99993013	100009903	16	-0.6482
22df968d-d6b5-44a9-bc01-117b3852310f	15	100010138	100482679	410	-0.0113
22df968d-d6b5-44a9-bc01-117b3852310f	15	100483151	100483509	4	-1.3801
22df968d-d6b5-44a9-bc01-117b3852310f	15	100486908	101563037	856	-0.037
22df968d-d6b5-44a9-bc01-117b3852310f	15	101563846	101563876	2	-1.8991
22df968d-d6b5-44a9-bc01-117b3852310f	15	101564491	101928837	205	0.0293
22df968d-d6b5-44a9-bc01-117b3852310f	16	10777	6760310	4109	-0.0123
22df968d-d6b5-44a9-bc01-117b3852310f	16	6760811	6785677	33	-0.586
22df968d-d6b5-44a9-bc01-117b3852310f	16	6785883	7210431	514	0.004
22df968d-d6b5-44a9-bc01-117b3852310f	16	7212052	7212097	2	-2.0691
22df968d-d6b5-44a9-bc01-117b3852310f	16	7212891	7559761	433	0.0083
22df968d-d6b5-44a9-bc01-117b3852310f	16	7559910	7564080	11	-0.792
22df968d-d6b5-44a9-bc01-117b3852310f	16	7564874	7879675	393	0.0262
22df968d-d6b5-44a9-bc01-117b3852310f	16	7881283	7881586	3	-1.4855
22df968d-d6b5-44a9-bc01-117b3852310f	16	7884728	14895982	5595	0.0007
22df968d-d6b5-44a9-bc01-117b3852310f	16	14954911	15022400	52	-0.4828
22df968d-d6b5-44a9-bc01-117b3852310f	16	15031584	19933041	2298	0.011
22df968d-d6b5-44a9-bc01-117b3852310f	16	19934328	19959168	31	-0.8515
22df968d-d6b5-44a9-bc01-117b3852310f	16	19959496	29269733	5553	0.0065
22df968d-d6b5-44a9-bc01-117b3852310f	16	29269734	29272383	3	-1.9444
22df968d-d6b5-44a9-bc01-117b3852310f	16	29276882	64767834	13619	-0.002
22df968d-d6b5-44a9-bc01-117b3852310f	16	64769901	64784439	11	0.6578
22df968d-d6b5-44a9-bc01-117b3852310f	16	64787351	78335360	8505	-0.0016
22df968d-d6b5-44a9-bc01-117b3852310f	16	78335535	78350868	22	0.4851
22df968d-d6b5-44a9-bc01-117b3852310f	16	78351104	81196839	3268	-0.014
22df968d-d6b5-44a9-bc01-117b3852310f	16	81198670	81198985	3	-1.647
22df968d-d6b5-44a9-bc01-117b3852310f	16	81199813	84178014	3178	-0.0092
22df968d-d6b5-44a9-bc01-117b3852310f	16	84178112	84199012	19	-0.834
22df968d-d6b5-44a9-bc01-117b3852310f	16	84199742	90096867	4121	-0.0197
22df968d-d6b5-44a9-bc01-117b3852310f	17	150733	233494	50	0.0353
22df968d-d6b5-44a9-bc01-117b3852310f	17	239022	373119	74	-0.2287
22df968d-d6b5-44a9-bc01-117b3852310f	17	373191	525007	50	0.0609
22df968d-d6b5-44a9-bc01-117b3852310f	17	526404	526418	2	2.2312
22df968d-d6b5-44a9-bc01-117b3852310f	17	526894	18452078	11205	0.0123
22df968d-d6b5-44a9-bc01-117b3852310f	17	18455632	18561907	26	0.7872
22df968d-d6b5-44a9-bc01-117b3852310f	17	18565883	33661670	5019	0.0253
22df968d-d6b5-44a9-bc01-117b3852310f	17	33663366	33774486	97	-0.2247
22df968d-d6b5-44a9-bc01-117b3852310f	17	33774649	34468347	651	0.0359
22df968d-d6b5-44a9-bc01-117b3852310f	17	34469061	34470171	5	-0.9207
22df968d-d6b5-44a9-bc01-117b3852310f	17	34470437	35236690	543	0.021
22df968d-d6b5-44a9-bc01-117b3852310f	17	35236775	35237390	2	-1.7896
22df968d-d6b5-44a9-bc01-117b3852310f	17	35238295	36109735	506	0.0281
22df968d-d6b5-44a9-bc01-117b3852310f	17	36112585	36157718	34	0.8825
22df968d-d6b5-44a9-bc01-117b3852310f	17	36200725	36528656	79	-0.0938
22df968d-d6b5-44a9-bc01-117b3852310f	17	36530405	41265456	2443	0.0373
22df968d-d6b5-44a9-bc01-117b3852310f	17	41266762	41282110	40	0.3802
22df968d-d6b5-44a9-bc01-117b3852310f	17	41284649	46124088	2508	0.0379
22df968d-d6b5-44a9-bc01-117b3852310f	17	46127007	46351954	97	-0.1837
22df968d-d6b5-44a9-bc01-117b3852310f	17	46446345	46446360	2	2.445
22df968d-d6b5-44a9-bc01-117b3852310f	17	46569894	73745262	16701	0.0138
22df968d-d6b5-44a9-bc01-117b3852310f	17	73747641	73751471	18	-1.0775
22df968d-d6b5-44a9-bc01-117b3852310f	17	73751886	74538828	491	-0.0449
22df968d-d6b5-44a9-bc01-117b3852310f	17	74539182	74541349	5	-1.2037
22df968d-d6b5-44a9-bc01-117b3852310f	17	74541628	83091923	4301	0.0109
22df968d-d6b5-44a9-bc01-117b3852310f	18	48133	5961068	4214	0.0113
22df968d-d6b5-44a9-bc01-117b3852310f	18	5962015	5971040	18	-0.6476
22df968d-d6b5-44a9-bc01-117b3852310f	18	5974523	40678519	18506	0.0052
22df968d-d6b5-44a9-bc01-117b3852310f	18	40678618	40685425	24	0.5869
22df968d-d6b5-44a9-bc01-117b3852310f	18	40689534	44394050	2355	0.0093
22df968d-d6b5-44a9-bc01-117b3852310f	18	44394853	44398660	7	-4.2815
22df968d-d6b5-44a9-bc01-117b3852310f	18	44402706	61427165	11843	-0.0011
22df968d-d6b5-44a9-bc01-117b3852310f	18	61427754	61428586	2	-1.8398
22df968d-d6b5-44a9-bc01-117b3852310f	18	61429532	65532281	2864	0.0088
22df968d-d6b5-44a9-bc01-117b3852310f	18	65532329	66111198	444	0.1552
22df968d-d6b5-44a9-bc01-117b3852310f	18	66113214	67286034	765	0.0309
22df968d-d6b5-44a9-bc01-117b3852310f	18	67286412	67300028	22	-0.5737
22df968d-d6b5-44a9-bc01-117b3852310f	18	67300481	67765668	343	0.0078
22df968d-d6b5-44a9-bc01-117b3852310f	18	67766777	67766999	2	-2.212
22df968d-d6b5-44a9-bc01-117b3852310f	18	67768006	71350482	2599	0.0248
22df968d-d6b5-44a9-bc01-117b3852310f	18	71352086	73571487	1762	0.1133
22df968d-d6b5-44a9-bc01-117b3852310f	18	73578651	77066592	2756	-0.0016
22df968d-d6b5-44a9-bc01-117b3852310f	18	77067910	77079118	10	-0.7798
22df968d-d6b5-44a9-bc01-117b3852310f	18	77079896	80257174	2081	-0.0075
22df968d-d6b5-44a9-bc01-117b3852310f	19	90910	366999	71	0.0685
22df968d-d6b5-44a9-bc01-117b3852310f	19	367064	3160387	769	-0.0557
22df968d-d6b5-44a9-bc01-117b3852310f	19	3161259	15663422	5716	0.0392
22df968d-d6b5-44a9-bc01-117b3852310f	19	15666091	15729410	77	0.3806
22df968d-d6b5-44a9-bc01-117b3852310f	19	15732156	19827989	1907	0.0151
22df968d-d6b5-44a9-bc01-117b3852310f	19	19828616	21064698	724	0.1411
22df968d-d6b5-44a9-bc01-117b3852310f	19	21065501	43004788	11216	0.0213
22df968d-d6b5-44a9-bc01-117b3852310f	19	43004881	43249358	103	-0.7319
22df968d-d6b5-44a9-bc01-117b3852310f	19	43252085	52825147	4943	0.0393
22df968d-d6b5-44a9-bc01-117b3852310f	19	52825184	52853932	41	0.726
22df968d-d6b5-44a9-bc01-117b3852310f	19	52859452	54801157	1193	0.0905
22df968d-d6b5-44a9-bc01-117b3852310f	19	54801545	54802362	2	-1.6912
22df968d-d6b5-44a9-bc01-117b3852310f	19	54802832	58586487	2302	0.0234
22df968d-d6b5-44a9-bc01-117b3852310f	20	80664	1580141	1197	0.0204
22df968d-d6b5-44a9-bc01-117b3852310f	20	1580156	1601561	40	-0.6719
22df968d-d6b5-44a9-bc01-117b3852310f	20	1609611	1617300	6	-2.093
22df968d-d6b5-44a9-bc01-117b3852310f	20	1617460	64324800	41053	0.0045
22df968d-d6b5-44a9-bc01-117b3852310f	21	10354168	22400153	6357	0.0095
22df968d-d6b5-44a9-bc01-117b3852310f	21	22400487	23564653	909	0.1256
22df968d-d6b5-44a9-bc01-117b3852310f	21	23564694	27240726	2895	0.0081
22df968d-d6b5-44a9-bc01-117b3852310f	21	27245401	27258103	3	-1.3092
22df968d-d6b5-44a9-bc01-117b3852310f	21	27258823	28244461	689	0.0073
22df968d-d6b5-44a9-bc01-117b3852310f	21	28246628	28252951	10	0.6471
22df968d-d6b5-44a9-bc01-117b3852310f	21	28253285	28396027	108	0.1781
22df968d-d6b5-44a9-bc01-117b3852310f	21	28397028	28397246	2	0.7476
22df968d-d6b5-44a9-bc01-117b3852310f	21	28398681	43309453	11120	0.0094
22df968d-d6b5-44a9-bc01-117b3852310f	21	43309959	43588858	55	-0.2639
22df968d-d6b5-44a9-bc01-117b3852310f	21	43590313	45402350	937	0.014
22df968d-d6b5-44a9-bc01-117b3852310f	21	45407594	45429306	11	-0.6217
22df968d-d6b5-44a9-bc01-117b3852310f	21	45435886	46677045	717	-0.0402
22df968d-d6b5-44a9-bc01-117b3852310f	22	15294547	15315221	2	1.7058
22df968d-d6b5-44a9-bc01-117b3852310f	22	15324751	19961132	1798	-0.0139
22df968d-d6b5-44a9-bc01-117b3852310f	22	19961340	20228633	173	-0.2135
22df968d-d6b5-44a9-bc01-117b3852310f	22	20228965	22148948	1222	0.0277
22df968d-d6b5-44a9-bc01-117b3852310f	22	22149130	22149460	5	1.1756
22df968d-d6b5-44a9-bc01-117b3852310f	22	22149652	22684951	389	0.0244
22df968d-d6b5-44a9-bc01-117b3852310f	22	22685456	22736320	29	-0.801
22df968d-d6b5-44a9-bc01-117b3852310f	22	22741416	44739926	15152	0.0074
22df968d-d6b5-44a9-bc01-117b3852310f	22	44740431	44740755	2	-5.3068
22df968d-d6b5-44a9-bc01-117b3852310f	22	44741026	48681058	3064	-0.0117
22df968d-d6b5-44a9-bc01-117b3852310f	22	48681330	48682570	2	-2.2827
22df968d-d6b5-44a9-bc01-117b3852310f	22	48685333	48934911	201	0.0007
22df968d-d6b5-44a9-bc01-117b3852310f	22	48935200	49692757	707	-0.1407
22df968d-d6b5-44a9-bc01-117b3852310f	22	49693160	49693689	2	-1.9337
22df968d-d6b5-44a9-bc01-117b3852310f	22	49697404	50563459	356	-0.065
22df968d-d6b5-44a9-bc01-117b3852310f	22	50563601	50578924	12	-0.8104
22df968d-d6b5-44a9-bc01-117b3852310f	22	50586195	50617472	17	-0.2163
22df968d-d6b5-44a9-bc01-117b3852310f	22	50620690	50796027	93	0.0269
22df968d-d6b5-44a9-bc01-117b3852310f	X	251810	4374374	1202	0.007
22df968d-d6b5-44a9-bc01-117b3852310f	X	4375236	4375695	2	-5.0116
22df968d-d6b5-44a9-bc01-117b3852310f	X	4375722	4966875	415	0.0206
22df968d-d6b5-44a9-bc01-117b3852310f	X	4967412	4967992	2	-5.7981
22df968d-d6b5-44a9-bc01-117b3852310f	X	4968599	13436108	6405	0.0138
22df968d-d6b5-44a9-bc01-117b3852310f	X	13436263	13436317	2	-5.8048
22df968d-d6b5-44a9-bc01-117b3852310f	X	13437587	22826043	5577	0.0192
22df968d-d6b5-44a9-bc01-117b3852310f	X	22826954	22838845	23	-0.6414
22df968d-d6b5-44a9-bc01-117b3852310f	X	22842312	23734486	724	0.0258
22df968d-d6b5-44a9-bc01-117b3852310f	X	23736390	23743449	8	-1.9067
22df968d-d6b5-44a9-bc01-117b3852310f	X	23745980	23905069	96	0.0475
22df968d-d6b5-44a9-bc01-117b3852310f	X	23905567	23907536	2	-1.9895
22df968d-d6b5-44a9-bc01-117b3852310f	X	23911389	24556811	390	0.0184
22df968d-d6b5-44a9-bc01-117b3852310f	X	24558207	24560434	2	-2.589
22df968d-d6b5-44a9-bc01-117b3852310f	X	24571457	25658541	624	-0.002
22df968d-d6b5-44a9-bc01-117b3852310f	X	25669172	25674465	10	-1.1882
22df968d-d6b5-44a9-bc01-117b3852310f	X	25674483	28821786	1981	0.0002
22df968d-d6b5-44a9-bc01-117b3852310f	X	28821928	28823039	3	-3.7767
22df968d-d6b5-44a9-bc01-117b3852310f	X	28823712	32280569	2293	-0.0023
22df968d-d6b5-44a9-bc01-117b3852310f	X	32280590	32281208	2	-3.7482
22df968d-d6b5-44a9-bc01-117b3852310f	X	32282487	32677865	346	-0.0129
22df968d-d6b5-44a9-bc01-117b3852310f	X	32681251	32681897	4	-1.8201
22df968d-d6b5-44a9-bc01-117b3852310f	X	32682170	33094026	331	0.0192
22df968d-d6b5-44a9-bc01-117b3852310f	X	33095350	33096491	2	-2.5387
22df968d-d6b5-44a9-bc01-117b3852310f	X	33099447	35606167	1589	0.066
22df968d-d6b5-44a9-bc01-117b3852310f	X	35608257	35615668	4	-2.0901
22df968d-d6b5-44a9-bc01-117b3852310f	X	35621073	36158907	345	0.0122
22df968d-d6b5-44a9-bc01-117b3852310f	X	36159142	36159489	4	1.1864
22df968d-d6b5-44a9-bc01-117b3852310f	X	36159553	37602610	626	0.0365
22df968d-d6b5-44a9-bc01-117b3852310f	X	37602854	37603833	5	-4.1086
22df968d-d6b5-44a9-bc01-117b3852310f	X	37604977	73766857	14953	0.0076
22df968d-d6b5-44a9-bc01-117b3852310f	X	73767530	73769729	2	-3.7202
22df968d-d6b5-44a9-bc01-117b3852310f	X	73769943	107577908	17232	0.0189
22df968d-d6b5-44a9-bc01-117b3852310f	X	107578006	107580877	2	-4.8804
22df968d-d6b5-44a9-bc01-117b3852310f	X	107582081	111053972	1889	-0.0062
22df968d-d6b5-44a9-bc01-117b3852310f	X	111054045	111054082	2	-4.4375
22df968d-d6b5-44a9-bc01-117b3852310f	X	111054598	115230610	2322	0.015
22df968d-d6b5-44a9-bc01-117b3852310f	X	115231425	115232342	2	-4.8009
22df968d-d6b5-44a9-bc01-117b3852310f	X	115232827	131546956	9366	0.0048
22df968d-d6b5-44a9-bc01-117b3852310f	X	131549134	131551429	3	-3.9722
22df968d-d6b5-44a9-bc01-117b3852310f	X	131552638	141900446	5704	0.0098
22df968d-d6b5-44a9-bc01-117b3852310f	X	141900659	141900968	3	-2.315
22df968d-d6b5-44a9-bc01-117b3852310f	X	141901694	147536055	3980	0.0188
22df968d-d6b5-44a9-bc01-117b3852310f	X	147537056	147537358	2	-4.5597
22df968d-d6b5-44a9-bc01-117b3852310f	X	147539078	155952689	4619	0.0133
22df968d-d6b5-44a9-bc01-117b3852310f	Y	2782397	9685653	2308	-0.826
22df968d-d6b5-44a9-bc01-117b3852310f	Y	9759940	9811130	3	-2.9982
22df968d-d6b5-44a9-bc01-117b3852310f	Y	9870332	56872112	4326	-0.8075
