GDC_Aliquot	Chromosome	Start	End	Num_Probes	Segment_Mean
8f2f94c3-71df-4384-b96a-43ba22f74eab	1	62920	86341	11	-0.6688
8f2f94c3-71df-4384-b96a-43ba22f74eab	1	98588	25256800	14000	-0.002
8f2f94c3-71df-4384-b96a-43ba22f74eab	1	25256850	25320455	25	0.5186
8f2f94c3-71df-4384-b96a-43ba22f74eab	1	25336819	103524623	48751	0.0016
8f2f94c3-71df-4384-b96a-43ba22f74eab	1	103524832	103620877	34	0.3687
8f2f94c3-71df-4384-b96a-43ba22f74eab	1	103621165	143459641	10724	0.0037
8f2f94c3-71df-4384-b96a-43ba22f74eab	1	143494500	143942271	127	-0.6928
8f2f94c3-71df-4384-b96a-43ba22f74eab	1	144432083	152583051	2313	0.0156
8f2f94c3-71df-4384-b96a-43ba22f74eab	1	152583230	152613762	31	1.6976
8f2f94c3-71df-4384-b96a-43ba22f74eab	1	152613802	169247699	11478	0.0039
8f2f94c3-71df-4384-b96a-43ba22f74eab	1	169264736	169272528	7	-2.4637
8f2f94c3-71df-4384-b96a-43ba22f74eab	1	169273163	194479104	16708	0.0073
8f2f94c3-71df-4384-b96a-43ba22f74eab	1	194482281	194485888	2	-1.6197
8f2f94c3-71df-4384-b96a-43ba22f74eab	1	194487886	195272551	488	0.0084
8f2f94c3-71df-4384-b96a-43ba22f74eab	1	195272936	195413335	89	0.1805
8f2f94c3-71df-4384-b96a-43ba22f74eab	1	195415124	196745743	874	0.0038
8f2f94c3-71df-4384-b96a-43ba22f74eab	1	196758720	196846661	61	-0.4683
8f2f94c3-71df-4384-b96a-43ba22f74eab	1	196847600	199142393	1373	0.0074
8f2f94c3-71df-4384-b96a-43ba22f74eab	1	199142562	199144712	6	-0.823
8f2f94c3-71df-4384-b96a-43ba22f74eab	1	199145110	214471920	10499	0.0043
8f2f94c3-71df-4384-b96a-43ba22f74eab	1	214471952	214471964	2	1.4535
8f2f94c3-71df-4384-b96a-43ba22f74eab	1	214471977	227237600	8549	0.0054
8f2f94c3-71df-4384-b96a-43ba22f74eab	1	227238371	227238705	3	-1.2828
8f2f94c3-71df-4384-b96a-43ba22f74eab	1	227241477	229675422	1376	-0.0007
8f2f94c3-71df-4384-b96a-43ba22f74eab	1	229681109	229684383	2	-2.9502
8f2f94c3-71df-4384-b96a-43ba22f74eab	1	229684449	235370202	4337	-0.0056
8f2f94c3-71df-4384-b96a-43ba22f74eab	1	235375705	235547476	99	0.5039
8f2f94c3-71df-4384-b96a-43ba22f74eab	1	235549081	248586259	9358	0.011
8f2f94c3-71df-4384-b96a-43ba22f74eab	1	248589915	248631163	26	-0.6743
8f2f94c3-71df-4384-b96a-43ba22f74eab	1	248631988	248930189	144	-0.0139
8f2f94c3-71df-4384-b96a-43ba22f74eab	2	12784	17035750	12828	0.012
8f2f94c3-71df-4384-b96a-43ba22f74eab	2	17035808	17056638	49	-0.5551
8f2f94c3-71df-4384-b96a-43ba22f74eab	2	17056694	35227286	11717	0.0102
8f2f94c3-71df-4384-b96a-43ba22f74eab	2	35232635	36294834	852	0.0806
8f2f94c3-71df-4384-b96a-43ba22f74eab	2	36298227	50720674	10451	0.0105
8f2f94c3-71df-4384-b96a-43ba22f74eab	2	50721281	51133337	276	0.1103
8f2f94c3-71df-4384-b96a-43ba22f74eab	2	51136217	52527330	943	0.0264
8f2f94c3-71df-4384-b96a-43ba22f74eab	2	52527342	52554404	39	-1.9981
8f2f94c3-71df-4384-b96a-43ba22f74eab	2	52560811	74848128	14212	0.0099
8f2f94c3-71df-4384-b96a-43ba22f74eab	2	74851745	74854980	4	-0.9174
8f2f94c3-71df-4384-b96a-43ba22f74eab	2	74858303	76618047	1316	-0.0006
8f2f94c3-71df-4384-b96a-43ba22f74eab	2	76618155	76618300	4	-1.0767
8f2f94c3-71df-4384-b96a-43ba22f74eab	2	76620460	87203463	6464	0.0199
8f2f94c3-71df-4384-b96a-43ba22f74eab	2	87203730	87286164	29	-0.2915
8f2f94c3-71df-4384-b96a-43ba22f74eab	2	87287256	87287267	2	-1.5863
8f2f94c3-71df-4384-b96a-43ba22f74eab	2	87295819	97359885	1797	0.0113
8f2f94c3-71df-4384-b96a-43ba22f74eab	2	97524284	97545247	8	-0.9425
8f2f94c3-71df-4384-b96a-43ba22f74eab	2	97545726	105529850	4924	0.0091
8f2f94c3-71df-4384-b96a-43ba22f74eab	2	105529918	105535647	2	-2.3752
8f2f94c3-71df-4384-b96a-43ba22f74eab	2	105535795	130036283	14913	0.0084
8f2f94c3-71df-4384-b96a-43ba22f74eab	2	130036310	130116915	13	-0.5138
8f2f94c3-71df-4384-b96a-43ba22f74eab	2	130117303	146106861	9524	0.0073
8f2f94c3-71df-4384-b96a-43ba22f74eab	2	146106875	146120827	24	0.6949
8f2f94c3-71df-4384-b96a-43ba22f74eab	2	146120842	207490231	36942	0.0114
8f2f94c3-71df-4384-b96a-43ba22f74eab	2	207490454	207494752	17	-0.6102
8f2f94c3-71df-4384-b96a-43ba22f74eab	2	207494795	242016173	21973	0.008
8f2f94c3-71df-4384-b96a-43ba22f74eab	2	242016272	242040969	32	0.3352
8f2f94c3-71df-4384-b96a-43ba22f74eab	2	242049113	242147305	58	0.0144
8f2f94c3-71df-4384-b96a-43ba22f74eab	3	20930	2784861	2417	0.0628
8f2f94c3-71df-4384-b96a-43ba22f74eab	3	2784884	32040554	21456	0.0093
8f2f94c3-71df-4384-b96a-43ba22f74eab	3	32041980	32041990	2	-2.7633
8f2f94c3-71df-4384-b96a-43ba22f74eab	3	32042605	52988392	11810	0.0049
8f2f94c3-71df-4384-b96a-43ba22f74eab	3	52988851	53003069	30	0.3323
8f2f94c3-71df-4384-b96a-43ba22f74eab	3	53003224	68697108	12045	0.0096
8f2f94c3-71df-4384-b96a-43ba22f74eab	3	68697133	68698262	13	-1.0758
8f2f94c3-71df-4384-b96a-43ba22f74eab	3	68699607	84649706	9902	0.008
8f2f94c3-71df-4384-b96a-43ba22f74eab	3	84649839	84652985	16	0.4099
8f2f94c3-71df-4384-b96a-43ba22f74eab	3	84653010	89337951	2697	0.0097
8f2f94c3-71df-4384-b96a-43ba22f74eab	3	89345442	89370231	51	-0.4885
8f2f94c3-71df-4384-b96a-43ba22f74eab	3	89370771	99218940	3225	0.0182
8f2f94c3-71df-4384-b96a-43ba22f74eab	3	99225614	99233599	43	0.2546
8f2f94c3-71df-4384-b96a-43ba22f74eab	3	99234917	107316951	4760	0.001
8f2f94c3-71df-4384-b96a-43ba22f74eab	3	107317337	107320614	2	-1.8291
8f2f94c3-71df-4384-b96a-43ba22f74eab	3	107324165	125713562	11463	0.0069
8f2f94c3-71df-4384-b96a-43ba22f74eab	3	125716420	125733998	10	-0.4654
8f2f94c3-71df-4384-b96a-43ba22f74eab	3	125734029	130047743	2461	0.0094
8f2f94c3-71df-4384-b96a-43ba22f74eab	3	130057015	130088155	38	-0.3063
8f2f94c3-71df-4384-b96a-43ba22f74eab	3	130089433	147179347	10658	0.0102
8f2f94c3-71df-4384-b96a-43ba22f74eab	3	147179416	147773564	320	0.1275
8f2f94c3-71df-4384-b96a-43ba22f74eab	3	147773774	162790480	9273	0.0129
8f2f94c3-71df-4384-b96a-43ba22f74eab	3	162794869	162908207	70	0.5193
8f2f94c3-71df-4384-b96a-43ba22f74eab	3	162908784	164883832	1111	0.0227
8f2f94c3-71df-4384-b96a-43ba22f74eab	3	164884296	166146157	740	0.0706
8f2f94c3-71df-4384-b96a-43ba22f74eab	3	166146887	168988895	1571	0.0004
8f2f94c3-71df-4384-b96a-43ba22f74eab	3	168991089	169022062	23	0.3577
8f2f94c3-71df-4384-b96a-43ba22f74eab	3	169022377	173533547	2914	0.0107
8f2f94c3-71df-4384-b96a-43ba22f74eab	3	173535595	173942241	285	0.1229
8f2f94c3-71df-4384-b96a-43ba22f74eab	3	173942411	174577696	409	0.0089
8f2f94c3-71df-4384-b96a-43ba22f74eab	3	174579927	174583964	9	-0.9619
8f2f94c3-71df-4384-b96a-43ba22f74eab	3	174584648	193160113	12097	0.0096
8f2f94c3-71df-4384-b96a-43ba22f74eab	3	193160173	193165114	19	-1.2203
8f2f94c3-71df-4384-b96a-43ba22f74eab	3	193168646	194913859	1159	-0.0182
8f2f94c3-71df-4384-b96a-43ba22f74eab	3	194920587	194921116	5	-0.8246
8f2f94c3-71df-4384-b96a-43ba22f74eab	3	194921751	195536070	310	0.0194
8f2f94c3-71df-4384-b96a-43ba22f74eab	3	195536361	195729005	35	0.483
8f2f94c3-71df-4384-b96a-43ba22f74eab	3	195729040	195730018	6	-0.1295
8f2f94c3-71df-4384-b96a-43ba22f74eab	3	195733825	195747892	10	0.6703
8f2f94c3-71df-4384-b96a-43ba22f74eab	3	195751823	198169247	1161	0.027
8f2f94c3-71df-4384-b96a-43ba22f74eab	4	68929	3915215	1576	0.0052
8f2f94c3-71df-4384-b96a-43ba22f74eab	4	3921381	4163608	57	-0.2425
8f2f94c3-71df-4384-b96a-43ba22f74eab	4	4164791	10208766	4062	-0.004
8f2f94c3-71df-4384-b96a-43ba22f74eab	4	10212536	10229874	29	-1.5528
8f2f94c3-71df-4384-b96a-43ba22f74eab	4	10232590	10233644	7	-0.6014
8f2f94c3-71df-4384-b96a-43ba22f74eab	4	10234518	10385349	169	-0.0031
8f2f94c3-71df-4384-b96a-43ba22f74eab	4	10388498	10401094	19	0.4651
8f2f94c3-71df-4384-b96a-43ba22f74eab	4	10401122	25554958	11009	0.0075
8f2f94c3-71df-4384-b96a-43ba22f74eab	4	25555425	25568538	15	0.6471
8f2f94c3-71df-4384-b96a-43ba22f74eab	4	25571497	34777432	5756	0.0037
8f2f94c3-71df-4384-b96a-43ba22f74eab	4	34784878	34823103	38	0.5617
8f2f94c3-71df-4384-b96a-43ba22f74eab	4	34828250	48051659	8306	0.0053
8f2f94c3-71df-4384-b96a-43ba22f74eab	4	48064938	48861059	559	0.0868
8f2f94c3-71df-4384-b96a-43ba22f74eab	4	48863748	63827261	7682	0.0074
8f2f94c3-71df-4384-b96a-43ba22f74eab	4	63828222	63842540	29	-0.2973
8f2f94c3-71df-4384-b96a-43ba22f74eab	4	63850713	68354665	2849	0.0132
8f2f94c3-71df-4384-b96a-43ba22f74eab	4	68361130	68639397	91	0.4079
8f2f94c3-71df-4384-b96a-43ba22f74eab	4	68640616	114252544	27674	0.0051
8f2f94c3-71df-4384-b96a-43ba22f74eab	4	114254167	114261019	23	-1.3438
8f2f94c3-71df-4384-b96a-43ba22f74eab	4	114263073	116949085	1652	0.021
8f2f94c3-71df-4384-b96a-43ba22f74eab	4	116949297	128796104	6890	-0.0074
8f2f94c3-71df-4384-b96a-43ba22f74eab	4	128799434	137168393	4682	0.022
8f2f94c3-71df-4384-b96a-43ba22f74eab	4	137170949	137172260	16	-0.603
8f2f94c3-71df-4384-b96a-43ba22f74eab	4	137173804	151870485	8825	0.006
8f2f94c3-71df-4384-b96a-43ba22f74eab	4	151870502	151871415	10	-0.8766
8f2f94c3-71df-4384-b96a-43ba22f74eab	4	151871739	151873707	4	0.7928
8f2f94c3-71df-4384-b96a-43ba22f74eab	4	151874236	152069134	183	-0.0049
8f2f94c3-71df-4384-b96a-43ba22f74eab	4	152069741	152071589	4	-0.8826
8f2f94c3-71df-4384-b96a-43ba22f74eab	4	152072978	154881396	1753	0.0169
8f2f94c3-71df-4384-b96a-43ba22f74eab	4	154881853	154881926	3	0.7807
8f2f94c3-71df-4384-b96a-43ba22f74eab	4	154882047	155544346	430	-0.0001
8f2f94c3-71df-4384-b96a-43ba22f74eab	4	155544482	155544897	2	1.1836
8f2f94c3-71df-4384-b96a-43ba22f74eab	4	155549403	172501371	10815	0.0119
8f2f94c3-71df-4384-b96a-43ba22f74eab	4	172503796	172507492	7	0.7935
8f2f94c3-71df-4384-b96a-43ba22f74eab	4	172519981	179172552	4132	0.0085
8f2f94c3-71df-4384-b96a-43ba22f74eab	4	179176834	179177184	2	-2.1735
8f2f94c3-71df-4384-b96a-43ba22f74eab	4	179180768	190106768	7694	0.0125
8f2f94c3-71df-4384-b96a-43ba22f74eab	5	15532	11738540	9565	0.0005
8f2f94c3-71df-4384-b96a-43ba22f74eab	5	11743459	11750696	9	-0.9139
8f2f94c3-71df-4384-b96a-43ba22f74eab	5	11757259	12800777	604	0.0009
8f2f94c3-71df-4384-b96a-43ba22f74eab	5	12815668	12838421	14	-1.1138
8f2f94c3-71df-4384-b96a-43ba22f74eab	5	12849089	13168962	91	0.1367
8f2f94c3-71df-4384-b96a-43ba22f74eab	5	13169392	45193651	20003	0.0059
8f2f94c3-71df-4384-b96a-43ba22f74eab	5	45196045	46271828	361	0.1035
8f2f94c3-71df-4384-b96a-43ba22f74eab	5	46272419	46273400	5	-2.0617
8f2f94c3-71df-4384-b96a-43ba22f74eab	5	46278110	58025819	5068	0.0083
8f2f94c3-71df-4384-b96a-43ba22f74eab	5	58030200	58037706	32	2.021
8f2f94c3-71df-4384-b96a-43ba22f74eab	5	58042530	99178468	23742	0.0041
8f2f94c3-71df-4384-b96a-43ba22f74eab	5	99180845	102186533	1794	0.0654
8f2f94c3-71df-4384-b96a-43ba22f74eab	5	102195625	111188389	5528	0.0059
8f2f94c3-71df-4384-b96a-43ba22f74eab	5	111190612	111190939	3	-1.3764
8f2f94c3-71df-4384-b96a-43ba22f74eab	5	111191611	152134610	26504	0.0055
8f2f94c3-71df-4384-b96a-43ba22f74eab	5	152135825	152138739	13	-0.803
8f2f94c3-71df-4384-b96a-43ba22f74eab	5	152138790	177771448	17460	0.006
8f2f94c3-71df-4384-b96a-43ba22f74eab	5	177800550	177827964	4	1.2766
8f2f94c3-71df-4384-b96a-43ba22f74eab	5	177832414	180745209	1675	-0.0097
8f2f94c3-71df-4384-b96a-43ba22f74eab	5	180745240	180767609	14	0.4921
8f2f94c3-71df-4384-b96a-43ba22f74eab	5	180768522	181363319	290	-0.0202
8f2f94c3-71df-4384-b96a-43ba22f74eab	6	149661	254283	101	0.0028
8f2f94c3-71df-4384-b96a-43ba22f74eab	6	257353	294474	21	0.8382
8f2f94c3-71df-4384-b96a-43ba22f74eab	6	294725	375277	74	0.4538
8f2f94c3-71df-4384-b96a-43ba22f74eab	6	375759	29116310	21045	0.0035
8f2f94c3-71df-4384-b96a-43ba22f74eab	6	29128256	29130592	2	1.2976
8f2f94c3-71df-4384-b96a-43ba22f74eab	6	29138691	29869295	394	-0.0267
8f2f94c3-71df-4384-b96a-43ba22f74eab	6	29869410	29882419	17	-0.8345
8f2f94c3-71df-4384-b96a-43ba22f74eab	6	29882497	31313046	660	0.0087
8f2f94c3-71df-4384-b96a-43ba22f74eab	6	31318499	31342147	12	-0.9258
8f2f94c3-71df-4384-b96a-43ba22f74eab	6	31349570	54066353	14250	0.0011
8f2f94c3-71df-4384-b96a-43ba22f74eab	6	54066432	54070550	7	-0.976
8f2f94c3-71df-4384-b96a-43ba22f74eab	6	54070617	55682220	1029	0.0003
8f2f94c3-71df-4384-b96a-43ba22f74eab	6	55689935	55690574	2	-1.1566
8f2f94c3-71df-4384-b96a-43ba22f74eab	6	55693268	57026517	789	0.0057
8f2f94c3-71df-4384-b96a-43ba22f74eab	6	57027181	61596503	787	0.0676
8f2f94c3-71df-4384-b96a-43ba22f74eab	6	61596563	64637651	1617	-0.0037
8f2f94c3-71df-4384-b96a-43ba22f74eab	6	64639099	64640883	2	-1.4953
8f2f94c3-71df-4384-b96a-43ba22f74eab	6	64640920	66328153	1137	0.0251
8f2f94c3-71df-4384-b96a-43ba22f74eab	6	66331020	66333004	6	-1.7589
8f2f94c3-71df-4384-b96a-43ba22f74eab	6	66333299	78261995	7792	0.0067
8f2f94c3-71df-4384-b96a-43ba22f74eab	6	78262064	78325223	106	-0.3174
8f2f94c3-71df-4384-b96a-43ba22f74eab	6	78325310	92864579	9222	0.0036
8f2f94c3-71df-4384-b96a-43ba22f74eab	6	92864608	92868766	31	0.2783
8f2f94c3-71df-4384-b96a-43ba22f74eab	6	92868861	93958247	755	0.0032
8f2f94c3-71df-4384-b96a-43ba22f74eab	6	93958617	94970302	671	0.0914
8f2f94c3-71df-4384-b96a-43ba22f74eab	6	95386776	103286954	4783	-0.0008
8f2f94c3-71df-4384-b96a-43ba22f74eab	6	103290101	103314186	46	-1.167
8f2f94c3-71df-4384-b96a-43ba22f74eab	6	103317795	162198954	38182	0
8f2f94c3-71df-4384-b96a-43ba22f74eab	6	162199525	162701704	390	0.078
8f2f94c3-71df-4384-b96a-43ba22f74eab	6	162702719	167351763	3552	0.0014
8f2f94c3-71df-4384-b96a-43ba22f74eab	6	167354673	167356911	2	-1.2325
8f2f94c3-71df-4384-b96a-43ba22f74eab	6	167357185	170741917	1998	0.0079
8f2f94c3-71df-4384-b96a-43ba22f74eab	7	43355	18818947	13069	0.0137
8f2f94c3-71df-4384-b96a-43ba22f74eab	7	18821818	19741573	947	0.067
8f2f94c3-71df-4384-b96a-43ba22f74eab	7	19748494	29631102	7398	0.0055
8f2f94c3-71df-4384-b96a-43ba22f74eab	7	29634124	29638658	5	-0.7921
8f2f94c3-71df-4384-b96a-43ba22f74eab	7	29646732	54305455	17029	0.0031
8f2f94c3-71df-4384-b96a-43ba22f74eab	7	54318812	54318824	6	-1.8073
8f2f94c3-71df-4384-b96a-43ba22f74eab	7	54325795	65108474	3016	0.0092
8f2f94c3-71df-4384-b96a-43ba22f74eab	7	65133963	65190971	5	-1.1743
8f2f94c3-71df-4384-b96a-43ba22f74eab	7	65191262	67153672	702	-0.0015
8f2f94c3-71df-4384-b96a-43ba22f74eab	7	67153764	67236062	31	0.3033
8f2f94c3-71df-4384-b96a-43ba22f74eab	7	67236542	76803016	4593	0.0077
8f2f94c3-71df-4384-b96a-43ba22f74eab	7	76803341	77106361	92	0.5161
8f2f94c3-71df-4384-b96a-43ba22f74eab	7	77109303	88636489	7496	0.0121
8f2f94c3-71df-4384-b96a-43ba22f74eab	7	88637346	89740143	727	0.094
8f2f94c3-71df-4384-b96a-43ba22f74eab	7	89740508	105453311	8896	0.0037
8f2f94c3-71df-4384-b96a-43ba22f74eab	7	105454181	105520752	39	0.2866
8f2f94c3-71df-4384-b96a-43ba22f74eab	7	105526073	109787793	2810	0.0132
8f2f94c3-71df-4384-b96a-43ba22f74eab	7	109789520	109821427	55	0.3505
8f2f94c3-71df-4384-b96a-43ba22f74eab	7	109821603	111191532	903	0.0117
8f2f94c3-71df-4384-b96a-43ba22f74eab	7	111191601	111429849	181	0.1389
8f2f94c3-71df-4384-b96a-43ba22f74eab	7	111430033	126405502	8928	0.0087
8f2f94c3-71df-4384-b96a-43ba22f74eab	7	126405597	126406435	7	-1.0169
8f2f94c3-71df-4384-b96a-43ba22f74eab	7	126406489	134100424	4697	0.0071
8f2f94c3-71df-4384-b96a-43ba22f74eab	7	134100442	134105690	23	0.4918
8f2f94c3-71df-4384-b96a-43ba22f74eab	7	134110881	142070732	5203	0.0007
8f2f94c3-71df-4384-b96a-43ba22f74eab	7	142070827	142092307	27	-0.5945
8f2f94c3-71df-4384-b96a-43ba22f74eab	7	142099190	148016901	3622	0.0106
8f2f94c3-71df-4384-b96a-43ba22f74eab	7	148017689	148020170	6	-0.9474
8f2f94c3-71df-4384-b96a-43ba22f74eab	7	148024499	159334314	7225	0.012
8f2f94c3-71df-4384-b96a-43ba22f74eab	8	81254	4939730	4974	0.035
8f2f94c3-71df-4384-b96a-43ba22f74eab	8	4940046	4940284	2	-2.1887
8f2f94c3-71df-4384-b96a-43ba22f74eab	8	4940309	6181655	1604	0.0353
8f2f94c3-71df-4384-b96a-43ba22f74eab	8	6182584	6182629	2	-1.4998
8f2f94c3-71df-4384-b96a-43ba22f74eab	8	6182984	8426157	1393	0.0169
8f2f94c3-71df-4384-b96a-43ba22f74eab	8	8429535	8434235	7	-0.7615
8f2f94c3-71df-4384-b96a-43ba22f74eab	8	8436746	12143614	3033	0.0148
8f2f94c3-71df-4384-b96a-43ba22f74eab	8	12176798	12519969	38	-0.3604
8f2f94c3-71df-4384-b96a-43ba22f74eab	8	12545544	40914477	20570	0.007
8f2f94c3-71df-4384-b96a-43ba22f74eab	8	40920333	40920952	2	-1.7555
8f2f94c3-71df-4384-b96a-43ba22f74eab	8	40926161	46258733	1590	0.0085
8f2f94c3-71df-4384-b96a-43ba22f74eab	8	46261056	46277524	7	-0.6495
8f2f94c3-71df-4384-b96a-43ba22f74eab	8	46278999	111282441	39310	0.0044
8f2f94c3-71df-4384-b96a-43ba22f74eab	8	111282809	111283031	5	-2.3852
8f2f94c3-71df-4384-b96a-43ba22f74eab	8	111288052	114223200	1598	0.0044
8f2f94c3-71df-4384-b96a-43ba22f74eab	8	114223538	114841027	389	0.1029
8f2f94c3-71df-4384-b96a-43ba22f74eab	8	114842166	145072769	20909	0.0024
8f2f94c3-71df-4384-b96a-43ba22f74eab	9	46587	22492890	19819	0.0149
8f2f94c3-71df-4384-b96a-43ba22f74eab	9	22501914	22502700	2	-3.4464
8f2f94c3-71df-4384-b96a-43ba22f74eab	9	22509341	28044706	4129	0.0017
8f2f94c3-71df-4384-b96a-43ba22f74eab	9	28047590	28050693	5	-0.8186
8f2f94c3-71df-4384-b96a-43ba22f74eab	9	28055605	28168159	101	-0.0342
8f2f94c3-71df-4384-b96a-43ba22f74eab	9	28168981	31434901	2297	0.0387
8f2f94c3-71df-4384-b96a-43ba22f74eab	9	31435683	41644133	4885	-0.005
8f2f94c3-71df-4384-b96a-43ba22f74eab	9	41644133	41666811	7	-1.2554
8f2f94c3-71df-4384-b96a-43ba22f74eab	9	41703463	76527389	6264	0.0062
8f2f94c3-71df-4384-b96a-43ba22f74eab	9	76535422	76545547	14	-0.7742
8f2f94c3-71df-4384-b96a-43ba22f74eab	9	76548592	77154478	519	0.0083
8f2f94c3-71df-4384-b96a-43ba22f74eab	9	77155482	77171298	32	0.5521
8f2f94c3-71df-4384-b96a-43ba22f74eab	9	77171325	135288775	40209	-0.0004
8f2f94c3-71df-4384-b96a-43ba22f74eab	9	135289382	135334922	40	0.3403
8f2f94c3-71df-4384-b96a-43ba22f74eab	9	135335019	138200944	1085	0.0027
8f2f94c3-71df-4384-b96a-43ba22f74eab	10	45792	13007585	10894	0.007
8f2f94c3-71df-4384-b96a-43ba22f74eab	10	13007600	13008610	10	0.5631
8f2f94c3-71df-4384-b96a-43ba22f74eab	10	13011686	46543248	20759	-0.0007
8f2f94c3-71df-4384-b96a-43ba22f74eab	10	46545913	46836986	34	-0.5443
8f2f94c3-71df-4384-b96a-43ba22f74eab	10	46898735	47460004	287	0.0084
8f2f94c3-71df-4384-b96a-43ba22f74eab	10	47559592	48154966	21	-0.4682
8f2f94c3-71df-4384-b96a-43ba22f74eab	10	48173568	53139177	3651	-0.0039
8f2f94c3-71df-4384-b96a-43ba22f74eab	10	53141242	57520058	3209	0.0437
8f2f94c3-71df-4384-b96a-43ba22f74eab	10	57520973	66242759	6095	-0.0018
8f2f94c3-71df-4384-b96a-43ba22f74eab	10	66242990	67210288	698	0.0781
8f2f94c3-71df-4384-b96a-43ba22f74eab	10	67212617	76493093	5519	0.0039
8f2f94c3-71df-4384-b96a-43ba22f74eab	10	76497303	76497852	2	1.3355
8f2f94c3-71df-4384-b96a-43ba22f74eab	10	76501509	79491575	2429	0.0054
8f2f94c3-71df-4384-b96a-43ba22f74eab	10	79523511	79533859	2	-1.5289
8f2f94c3-71df-4384-b96a-43ba22f74eab	10	79576939	82663408	2015	0.0037
8f2f94c3-71df-4384-b96a-43ba22f74eab	10	82663511	82663975	2	-1.4098
8f2f94c3-71df-4384-b96a-43ba22f74eab	10	82665046	133654968	34953	0.0053
8f2f94c3-71df-4384-b96a-43ba22f74eab	11	198510	5755838	3215	-0.0052
8f2f94c3-71df-4384-b96a-43ba22f74eab	11	5755866	5788231	47	0.2929
8f2f94c3-71df-4384-b96a-43ba22f74eab	11	5791130	55576449	31169	0.0032
8f2f94c3-71df-4384-b96a-43ba22f74eab	11	55584060	55693207	75	-0.2087
8f2f94c3-71df-4384-b96a-43ba22f74eab	11	55693312	55882712	135	0.0504
8f2f94c3-71df-4384-b96a-43ba22f74eab	11	55885231	56071311	152	0.1328
8f2f94c3-71df-4384-b96a-43ba22f74eab	11	56071542	56075169	4	-0.8447
8f2f94c3-71df-4384-b96a-43ba22f74eab	11	56080963	56249987	109	0.1591
8f2f94c3-71df-4384-b96a-43ba22f74eab	11	56250069	135074876	51827	0.0063
8f2f94c3-71df-4384-b96a-43ba22f74eab	12	51460	9481274	6167	0.0064
8f2f94c3-71df-4384-b96a-43ba22f74eab	12	9485313	9562969	22	-1.2386
8f2f94c3-71df-4384-b96a-43ba22f74eab	12	9575696	33096898	16528	0.0022
8f2f94c3-71df-4384-b96a-43ba22f74eab	12	33096966	34209817	712	0.0915
8f2f94c3-71df-4384-b96a-43ba22f74eab	12	34210024	37552688	167	-0.0758
8f2f94c3-71df-4384-b96a-43ba22f74eab	12	37553388	38818514	522	0.1089
8f2f94c3-71df-4384-b96a-43ba22f74eab	12	38821834	133201603	60644	0.0035
8f2f94c3-71df-4384-b96a-43ba22f74eab	13	18452809	31957984	9560	0.0078
8f2f94c3-71df-4384-b96a-43ba22f74eab	13	31958485	31964286	18	-0.8291
8f2f94c3-71df-4384-b96a-43ba22f74eab	13	31965910	32009067	29	-0.0363
8f2f94c3-71df-4384-b96a-43ba22f74eab	13	32009618	32014951	3	0.5129
8f2f94c3-71df-4384-b96a-43ba22f74eab	13	32015265	32201077	127	0.0273
8f2f94c3-71df-4384-b96a-43ba22f74eab	13	32201635	32202466	4	-1.0737
8f2f94c3-71df-4384-b96a-43ba22f74eab	13	32204365	49987281	12234	0.0036
8f2f94c3-71df-4384-b96a-43ba22f74eab	13	49990668	51084046	686	0.0635
8f2f94c3-71df-4384-b96a-43ba22f74eab	13	51084776	57175642	3339	0.0033
8f2f94c3-71df-4384-b96a-43ba22f74eab	13	57176819	57332823	113	0.2377
8f2f94c3-71df-4384-b96a-43ba22f74eab	13	57333706	63596259	3678	-0.001
8f2f94c3-71df-4384-b96a-43ba22f74eab	13	63599815	64400608	470	0.0767
8f2f94c3-71df-4384-b96a-43ba22f74eab	13	64401499	64777999	252	0.0005
8f2f94c3-71df-4384-b96a-43ba22f74eab	13	64778119	64779363	2	-3.0533
8f2f94c3-71df-4384-b96a-43ba22f74eab	13	64782151	71902850	4505	0.0119
8f2f94c3-71df-4384-b96a-43ba22f74eab	13	71903417	71906418	4	1.1016
8f2f94c3-71df-4384-b96a-43ba22f74eab	13	71906467	84718359	8621	0.0051
8f2f94c3-71df-4384-b96a-43ba22f74eab	13	84719627	84907461	128	0.1465
8f2f94c3-71df-4384-b96a-43ba22f74eab	13	84908108	97875020	8183	0.0012
8f2f94c3-71df-4384-b96a-43ba22f74eab	13	97877870	97888442	9	-0.6233
8f2f94c3-71df-4384-b96a-43ba22f74eab	13	97891850	105171489	5594	0.0087
8f2f94c3-71df-4384-b96a-43ba22f74eab	13	105172384	105405070	151	0.1381
8f2f94c3-71df-4384-b96a-43ba22f74eab	13	105405754	114342922	6376	-0.0026
8f2f94c3-71df-4384-b96a-43ba22f74eab	14	18239283	18552524	8	-0.242
8f2f94c3-71df-4384-b96a-43ba22f74eab	14	18557235	19078442	24	0.7869
8f2f94c3-71df-4384-b96a-43ba22f74eab	14	19110634	19957350	137	-0.1724
8f2f94c3-71df-4384-b96a-43ba22f74eab	14	19957701	22175815	1576	0.0084
8f2f94c3-71df-4384-b96a-43ba22f74eab	14	22177786	22324711	130	-0.1446
8f2f94c3-71df-4384-b96a-43ba22f74eab	14	22325865	22329312	6	-1.354
8f2f94c3-71df-4384-b96a-43ba22f74eab	14	22332503	26314697	2622	-0.0017
8f2f94c3-71df-4384-b96a-43ba22f74eab	14	26314707	26314712	6	0.8543
8f2f94c3-71df-4384-b96a-43ba22f74eab	14	26315707	69316331	26916	0.0096
8f2f94c3-71df-4384-b96a-43ba22f74eab	14	69316746	69318982	2	-1.3107
8f2f94c3-71df-4384-b96a-43ba22f74eab	14	69319346	73526068	2782	-0.0039
8f2f94c3-71df-4384-b96a-43ba22f74eab	14	73529070	73563196	11	0.5462
8f2f94c3-71df-4384-b96a-43ba22f74eab	14	73563211	105688531	20647	0.0042
8f2f94c3-71df-4384-b96a-43ba22f74eab	14	105691429	105701150	3	1.3075
8f2f94c3-71df-4384-b96a-43ba22f74eab	14	105728140	106258891	176	-0.0001
8f2f94c3-71df-4384-b96a-43ba22f74eab	14	106260759	106266923	7	-0.6124
8f2f94c3-71df-4384-b96a-43ba22f74eab	14	106271566	106418444	65	0.0961
8f2f94c3-71df-4384-b96a-43ba22f74eab	14	106423925	106462183	48	-0.4462
8f2f94c3-71df-4384-b96a-43ba22f74eab	14	106462724	106877229	194	0.0002
8f2f94c3-71df-4384-b96a-43ba22f74eab	15	19811075	20001686	45	-0.055
8f2f94c3-71df-4384-b96a-43ba22f74eab	15	20011702	20988347	111	0.2531
8f2f94c3-71df-4384-b96a-43ba22f74eab	15	21005443	21085447	10	-0.2711
8f2f94c3-71df-4384-b96a-43ba22f74eab	15	21096887	21417107	9	0.2275
8f2f94c3-71df-4384-b96a-43ba22f74eab	15	21975606	22003073	4	0.9954
8f2f94c3-71df-4384-b96a-43ba22f74eab	15	22005276	22413894	30	0.1948
8f2f94c3-71df-4384-b96a-43ba22f74eab	15	22455811	61392006	24552	0.0042
8f2f94c3-71df-4384-b96a-43ba22f74eab	15	61395970	61405509	13	-0.9093
8f2f94c3-71df-4384-b96a-43ba22f74eab	15	61405729	76586021	9108	0.0071
8f2f94c3-71df-4384-b96a-43ba22f74eab	15	76598900	76603434	22	0.8303
8f2f94c3-71df-4384-b96a-43ba22f74eab	15	76609838	98688905	15225	0.0043
8f2f94c3-71df-4384-b96a-43ba22f74eab	15	98690570	98693273	2	-1.4994
8f2f94c3-71df-4384-b96a-43ba22f74eab	15	98693596	101928837	2366	-0.0038
8f2f94c3-71df-4384-b96a-43ba22f74eab	16	10777	2603155	889	0.0008
8f2f94c3-71df-4384-b96a-43ba22f74eab	16	2655940	2679700	15	0.491
8f2f94c3-71df-4384-b96a-43ba22f74eab	16	2688178	23922526	14721	0.0158
8f2f94c3-71df-4384-b96a-43ba22f74eab	16	23923570	23930936	6	-1.1435
8f2f94c3-71df-4384-b96a-43ba22f74eab	16	23932616	78337711	25571	0.0013
8f2f94c3-71df-4384-b96a-43ba22f74eab	16	78338543	78345778	13	-1.3613
8f2f94c3-71df-4384-b96a-43ba22f74eab	16	78350841	90096867	10610	-0.0004
8f2f94c3-71df-4384-b96a-43ba22f74eab	17	150733	499022	161	0.0063
8f2f94c3-71df-4384-b96a-43ba22f74eab	17	507211	507226	2	-3.9143
8f2f94c3-71df-4384-b96a-43ba22f74eab	17	507439	36089191	18062	0.0032
8f2f94c3-71df-4384-b96a-43ba22f74eab	17	36093513	36466660	60	0.3241
8f2f94c3-71df-4384-b96a-43ba22f74eab	17	36467352	40939055	2301	0.0055
8f2f94c3-71df-4384-b96a-43ba22f74eab	17	40940366	40940382	2	-1.6732
8f2f94c3-71df-4384-b96a-43ba22f74eab	17	40941285	41010404	61	-0.0867
8f2f94c3-71df-4384-b96a-43ba22f74eab	17	41017956	41021969	6	0.3169
8f2f94c3-71df-4384-b96a-43ba22f74eab	17	41023726	41069490	30	-0.0758
8f2f94c3-71df-4384-b96a-43ba22f74eab	17	41071890	41112101	21	0.2541
8f2f94c3-71df-4384-b96a-43ba22f74eab	17	41120530	41265456	92	-0.0164
8f2f94c3-71df-4384-b96a-43ba22f74eab	17	41266762	41273905	20	-0.2775
8f2f94c3-71df-4384-b96a-43ba22f74eab	17	41273921	41274279	4	-0.9849
8f2f94c3-71df-4384-b96a-43ba22f74eab	17	41276472	46135062	2532	0.003
8f2f94c3-71df-4384-b96a-43ba22f74eab	17	46135838	46284997	89	-0.2095
8f2f94c3-71df-4384-b96a-43ba22f74eab	17	46286804	46351954	3	0.6733
8f2f94c3-71df-4384-b96a-43ba22f74eab	17	46446345	46446360	2	2.657
8f2f94c3-71df-4384-b96a-43ba22f74eab	17	46569894	49859954	1622	-0.0008
8f2f94c3-71df-4384-b96a-43ba22f74eab	17	49861110	49864510	3	-1.4287
8f2f94c3-71df-4384-b96a-43ba22f74eab	17	49865012	83091923	19929	-0.0007
8f2f94c3-71df-4384-b96a-43ba22f74eab	18	48133	2029049	1435	0.0428
8f2f94c3-71df-4384-b96a-43ba22f74eab	18	2029165	2029279	2	-1.2485
8f2f94c3-71df-4384-b96a-43ba22f74eab	18	2029593	42476974	22557	0.0084
8f2f94c3-71df-4384-b96a-43ba22f74eab	18	42476989	42477802	16	-0.4438
8f2f94c3-71df-4384-b96a-43ba22f74eab	18	42478430	65532245	15854	0.0026
8f2f94c3-71df-4384-b96a-43ba22f74eab	18	65532281	66100686	444	0.1193
8f2f94c3-71df-4384-b96a-43ba22f74eab	18	66108359	69647341	2669	0.0183
8f2f94c3-71df-4384-b96a-43ba22f74eab	18	69648662	69650710	2	-1.1407
8f2f94c3-71df-4384-b96a-43ba22f74eab	18	69651141	71392537	1110	0.0009
8f2f94c3-71df-4384-b96a-43ba22f74eab	18	71392837	73608392	1753	0.0769
8f2f94c3-71df-4384-b96a-43ba22f74eab	18	73608715	80257174	4837	0.0146
8f2f94c3-71df-4384-b96a-43ba22f74eab	19	90910	6642659	2097	-0.0038
8f2f94c3-71df-4384-b96a-43ba22f74eab	19	6645167	6645684	3	-1.1271
8f2f94c3-71df-4384-b96a-43ba22f74eab	19	6645748	7573889	490	0.0086
8f2f94c3-71df-4384-b96a-43ba22f74eab	19	7575570	7588332	3	-1.0636
8f2f94c3-71df-4384-b96a-43ba22f74eab	19	7589229	19720735	5894	0.002
8f2f94c3-71df-4384-b96a-43ba22f74eab	19	19724944	19725867	2	-2.2807
8f2f94c3-71df-4384-b96a-43ba22f74eab	19	19729959	20411869	422	-0.0135
8f2f94c3-71df-4384-b96a-43ba22f74eab	19	20413400	20538428	70	-0.6567
8f2f94c3-71df-4384-b96a-43ba22f74eab	19	20538656	27650781	2219	0.0042
8f2f94c3-71df-4384-b96a-43ba22f74eab	19	27653592	27662605	3	-0.9271
8f2f94c3-71df-4384-b96a-43ba22f74eab	19	27663417	35364547	5488	0.006
8f2f94c3-71df-4384-b96a-43ba22f74eab	19	35365141	35370946	19	-0.6544
8f2f94c3-71df-4384-b96a-43ba22f74eab	19	35375842	51628560	8027	0.0016
8f2f94c3-71df-4384-b96a-43ba22f74eab	19	51639099	51644944	11	-0.6155
8f2f94c3-71df-4384-b96a-43ba22f74eab	19	51651652	54215136	1729	-0.0079
8f2f94c3-71df-4384-b96a-43ba22f74eab	19	54226329	54237443	16	-0.9316
8f2f94c3-71df-4384-b96a-43ba22f74eab	19	54249482	54787128	274	0.0209
8f2f94c3-71df-4384-b96a-43ba22f74eab	19	54788617	54837236	28	-1.2051
8f2f94c3-71df-4384-b96a-43ba22f74eab	19	54852069	54993840	80	0.0036
8f2f94c3-71df-4384-b96a-43ba22f74eab	19	54997337	54998320	3	-1.1609
8f2f94c3-71df-4384-b96a-43ba22f74eab	19	54998497	58586487	2202	-0.0005
8f2f94c3-71df-4384-b96a-43ba22f74eab	20	80664	1580353	1202	-0.0089
8f2f94c3-71df-4384-b96a-43ba22f74eab	20	1580934	1613247	41	0.9809
8f2f94c3-71df-4384-b96a-43ba22f74eab	20	1617300	4056881	1688	0.0069
8f2f94c3-71df-4384-b96a-43ba22f74eab	20	4056980	4058537	5	-0.9743
8f2f94c3-71df-4384-b96a-43ba22f74eab	20	4060093	14812166	8220	0.0128
8f2f94c3-71df-4384-b96a-43ba22f74eab	20	14812188	14812192	2	-2.9383
8f2f94c3-71df-4384-b96a-43ba22f74eab	20	14812769	64324800	31177	0.0008
8f2f94c3-71df-4384-b96a-43ba22f74eab	21	10354168	46677045	23853	0.0068
8f2f94c3-71df-4384-b96a-43ba22f74eab	22	15294547	38894915	15182	0.0095
8f2f94c3-71df-4384-b96a-43ba22f74eab	22	38899250	38900899	3	-3.0868
8f2f94c3-71df-4384-b96a-43ba22f74eab	22	38903109	50796027	8070	0.0019
8f2f94c3-71df-4384-b96a-43ba22f74eab	X	251810	11701986	6616	0.0142
8f2f94c3-71df-4384-b96a-43ba22f74eab	X	11702641	11704377	4	-2.2533
8f2f94c3-71df-4384-b96a-43ba22f74eab	X	11704408	13411755	1397	-0.0106
8f2f94c3-71df-4384-b96a-43ba22f74eab	X	13413524	13413750	2	-2.8027
8f2f94c3-71df-4384-b96a-43ba22f74eab	X	13414963	21822970	4776	0.0036
8f2f94c3-71df-4384-b96a-43ba22f74eab	X	21834840	21835014	3	-2.361
8f2f94c3-71df-4384-b96a-43ba22f74eab	X	21836477	31462133	6440	0.0096
8f2f94c3-71df-4384-b96a-43ba22f74eab	X	31462918	31463723	2	-5.2249
8f2f94c3-71df-4384-b96a-43ba22f74eab	X	31464218	32749767	969	0.0086
8f2f94c3-71df-4384-b96a-43ba22f74eab	X	32750363	32751023	3	-2.9608
8f2f94c3-71df-4384-b96a-43ba22f74eab	X	32752549	85734946	23722	0.0139
8f2f94c3-71df-4384-b96a-43ba22f74eab	X	85735041	85735312	2	-5.5411
8f2f94c3-71df-4384-b96a-43ba22f74eab	X	85735529	88233572	1672	0.0052
8f2f94c3-71df-4384-b96a-43ba22f74eab	X	88237217	88238849	3	-3.6461
8f2f94c3-71df-4384-b96a-43ba22f74eab	X	88238962	141235928	28807	0.0088
8f2f94c3-71df-4384-b96a-43ba22f74eab	X	141247587	141470995	138	0.9668
8f2f94c3-71df-4384-b96a-43ba22f74eab	X	141475366	144544539	2026	-0.0044
8f2f94c3-71df-4384-b96a-43ba22f74eab	X	144549969	144551290	2	-2.6229
8f2f94c3-71df-4384-b96a-43ba22f74eab	X	144553029	155952689	6776	0.0054
8f2f94c3-71df-4384-b96a-43ba22f74eab	Y	2782397	9625464	2291	-0.9626
8f2f94c3-71df-4384-b96a-43ba22f74eab	Y	9627615	9629170	3	-2.827
8f2f94c3-71df-4384-b96a-43ba22f74eab	Y	9640953	56872112	4346	-0.9449
