GDC_Aliquot	Chromosome	Start	End	Num_Probes	Segment_Mean
0e6d5849-a1e5-401b-ad41-f658f596dae9	1	62920	2949213	582	-0.3743
0e6d5849-a1e5-401b-ad41-f658f596dae9	1	2949336	2949343	2	-2.2244
0e6d5849-a1e5-401b-ad41-f658f596dae9	1	2950583	12832455	5924	-0.4334
0e6d5849-a1e5-401b-ad41-f658f596dae9	1	12850124	12867264	6	-1.8974
0e6d5849-a1e5-401b-ad41-f658f596dae9	1	12868035	15822848	1818	-0.4259
0e6d5849-a1e5-401b-ad41-f658f596dae9	1	15823420	15850269	18	0.1121
0e6d5849-a1e5-401b-ad41-f658f596dae9	1	15854897	16679239	322	-0.4116
0e6d5849-a1e5-401b-ad41-f658f596dae9	1	16679281	16935752	80	-0.0145
0e6d5849-a1e5-401b-ad41-f658f596dae9	1	16949746	25256850	5262	-0.4292
0e6d5849-a1e5-401b-ad41-f658f596dae9	1	25266637	25319693	21	-1.8523
0e6d5849-a1e5-401b-ad41-f658f596dae9	1	25320198	45647432	11112	-0.4185
0e6d5849-a1e5-401b-ad41-f658f596dae9	1	45649343	51522377	3144	-0.3632
0e6d5849-a1e5-401b-ad41-f658f596dae9	1	51531919	55101470	2130	-0.4149
0e6d5849-a1e5-401b-ad41-f658f596dae9	1	55101604	72284670	12328	-0.3555
0e6d5849-a1e5-401b-ad41-f658f596dae9	1	72290430	72297687	9	-2.4069
0e6d5849-a1e5-401b-ad41-f658f596dae9	1	72302735	72345465	48	1.103
0e6d5849-a1e5-401b-ad41-f658f596dae9	1	72346221	89009452	10935	-0.3305
0e6d5849-a1e5-401b-ad41-f658f596dae9	1	89009547	89012522	4	-1.3932
0e6d5849-a1e5-401b-ad41-f658f596dae9	1	89015841	102364936	8460	-0.3496
0e6d5849-a1e5-401b-ad41-f658f596dae9	1	102365133	106611007	2303	-0.3028
0e6d5849-a1e5-401b-ad41-f658f596dae9	1	106612484	108187137	1201	-0.3454
0e6d5849-a1e5-401b-ad41-f658f596dae9	1	108191613	108194874	3	-2.119
0e6d5849-a1e5-401b-ad41-f658f596dae9	1	108196482	110802599	1517	-0.3922
0e6d5849-a1e5-401b-ad41-f658f596dae9	1	110804285	110869087	93	-0.1852
0e6d5849-a1e5-401b-ad41-f658f596dae9	1	110869132	112153465	1048	-0.3956
0e6d5849-a1e5-401b-ad41-f658f596dae9	1	112153571	112163438	25	0.2025
0e6d5849-a1e5-401b-ad41-f658f596dae9	1	112163440	143494500	5157	-0.3635
0e6d5849-a1e5-401b-ad41-f658f596dae9	1	143541857	143629230	50	-0.6085
0e6d5849-a1e5-401b-ad41-f658f596dae9	1	143629549	144442092	79	-0.359
0e6d5849-a1e5-401b-ad41-f658f596dae9	1	144442098	146150530	177	0.3291
0e6d5849-a1e5-401b-ad41-f658f596dae9	1	146161924	146250588	3	-1.0671
0e6d5849-a1e5-401b-ad41-f658f596dae9	1	146716041	149913375	739	0.312
0e6d5849-a1e5-401b-ad41-f658f596dae9	1	149914031	152046138	1069	0.2402
0e6d5849-a1e5-401b-ad41-f658f596dae9	1	152053260	152787202	526	0.3101
0e6d5849-a1e5-401b-ad41-f658f596dae9	1	152789447	152801429	38	-0.0673
0e6d5849-a1e5-401b-ad41-f658f596dae9	1	152804279	153405027	486	0.3153
0e6d5849-a1e5-401b-ad41-f658f596dae9	1	153412880	156941411	1638	0.2278
0e6d5849-a1e5-401b-ad41-f658f596dae9	1	156945246	159787363	2082	0.3052
0e6d5849-a1e5-401b-ad41-f658f596dae9	1	159787383	161494055	1041	0.2458
0e6d5849-a1e5-401b-ad41-f658f596dae9	1	161495170	161648901	22	0.3591
0e6d5849-a1e5-401b-ad41-f658f596dae9	1	161649069	161649268	6	0.9234
0e6d5849-a1e5-401b-ad41-f658f596dae9	1	161678447	174827418	9542	0.3005
0e6d5849-a1e5-401b-ad41-f658f596dae9	1	174827561	174832716	16	-0.3367
0e6d5849-a1e5-401b-ad41-f658f596dae9	1	174832734	185807555	7422	0.2963
0e6d5849-a1e5-401b-ad41-f658f596dae9	1	185810907	196762956	7226	0.338
0e6d5849-a1e5-401b-ad41-f658f596dae9	1	196769493	196846661	57	-0.1597
0e6d5849-a1e5-401b-ad41-f658f596dae9	1	196847600	199510499	1653	0.3452
0e6d5849-a1e5-401b-ad41-f658f596dae9	1	199514827	203800763	2823	0.2615
0e6d5849-a1e5-401b-ad41-f658f596dae9	1	203800988	204221380	278	0.6087
0e6d5849-a1e5-401b-ad41-f658f596dae9	1	204224563	204300996	72	0.3607
0e6d5849-a1e5-401b-ad41-f658f596dae9	1	204301559	206487811	1311	0.2494
0e6d5849-a1e5-401b-ad41-f658f596dae9	1	206487941	208355284	1381	0.2949
0e6d5849-a1e5-401b-ad41-f658f596dae9	1	208355686	208355700	2	-0.6593
0e6d5849-a1e5-401b-ad41-f658f596dae9	1	208356284	209897717	1269	0.3077
0e6d5849-a1e5-401b-ad41-f658f596dae9	1	209908268	209913207	4	1.2453
0e6d5849-a1e5-401b-ad41-f658f596dae9	1	209920149	213874946	2611	0.2895
0e6d5849-a1e5-401b-ad41-f658f596dae9	1	213875547	222935624	6382	0.3323
0e6d5849-a1e5-401b-ad41-f658f596dae9	1	222938398	229675422	4054	0.2874
0e6d5849-a1e5-401b-ad41-f658f596dae9	1	229681109	229684449	3	-3.4207
0e6d5849-a1e5-401b-ad41-f658f596dae9	1	229684709	229686327	10	-0.1954
0e6d5849-a1e5-401b-ad41-f658f596dae9	1	229686342	231433333	1290	0.2833
0e6d5849-a1e5-401b-ad41-f658f596dae9	1	231433945	234199268	2259	0.3223
0e6d5849-a1e5-401b-ad41-f658f596dae9	1	234202673	237115225	2033	0.2834
0e6d5849-a1e5-401b-ad41-f658f596dae9	1	237115474	241666284	3663	0.3394
0e6d5849-a1e5-401b-ad41-f658f596dae9	1	241666784	248525314	4548	0.3109
0e6d5849-a1e5-401b-ad41-f658f596dae9	1	248546369	248633821	35	-0.4228
0e6d5849-a1e5-401b-ad41-f658f596dae9	1	248633912	248930189	142	0.3251
0e6d5849-a1e5-401b-ad41-f658f596dae9	2	12784	3680971	2568	0.2674
0e6d5849-a1e5-401b-ad41-f658f596dae9	2	3684956	3688948	5	-1.6277
0e6d5849-a1e5-401b-ad41-f658f596dae9	2	3694481	32395820	20002	0.2576
0e6d5849-a1e5-401b-ad41-f658f596dae9	2	32396543	34476668	1522	0.2969
0e6d5849-a1e5-401b-ad41-f658f596dae9	2	34483565	34515732	46	0.508
0e6d5849-a1e5-401b-ad41-f658f596dae9	2	34515960	35742319	863	0.3043
0e6d5849-a1e5-401b-ad41-f658f596dae9	2	35742970	35762881	9	0.8311
0e6d5849-a1e5-401b-ad41-f658f596dae9	2	35772407	38030457	1793	0.2937
0e6d5849-a1e5-401b-ad41-f658f596dae9	2	38031684	38979949	649	0.2223
0e6d5849-a1e5-401b-ad41-f658f596dae9	2	38982886	41871699	2241	0.3082
0e6d5849-a1e5-401b-ad41-f658f596dae9	2	41873044	49305903	5171	0.2478
0e6d5849-a1e5-401b-ad41-f658f596dae9	2	49308629	49314051	4	-2.1361
0e6d5849-a1e5-401b-ad41-f658f596dae9	2	49317902	52516787	2271	0.2982
0e6d5849-a1e5-401b-ad41-f658f596dae9	2	52527330	52554404	40	-1.4944
0e6d5849-a1e5-401b-ad41-f658f596dae9	2	52560811	97359885	23848	0.2678
0e6d5849-a1e5-401b-ad41-f658f596dae9	2	97524284	97545726	9	-0.7792
0e6d5849-a1e5-401b-ad41-f658f596dae9	2	97550415	102822046	3263	0.2525
0e6d5849-a1e5-401b-ad41-f658f596dae9	2	102825558	105535647	1668	0.3042
0e6d5849-a1e5-401b-ad41-f658f596dae9	2	105535795	106258266	638	0.2497
0e6d5849-a1e5-401b-ad41-f658f596dae9	2	106263639	106268901	12	0.8856
0e6d5849-a1e5-401b-ad41-f658f596dae9	2	106270799	113604438	3783	0.2662
0e6d5849-a1e5-401b-ad41-f658f596dae9	2	113604837	113604839	2	-0.9522
0e6d5849-a1e5-401b-ad41-f658f596dae9	2	113623244	117345429	2250	0.2927
0e6d5849-a1e5-401b-ad41-f658f596dae9	2	117345517	117353402	4	1.0355
0e6d5849-a1e5-401b-ad41-f658f596dae9	2	117353586	118728913	967	0.2751
0e6d5849-a1e5-401b-ad41-f658f596dae9	2	118729214	122206261	2106	0.246
0e6d5849-a1e5-401b-ad41-f658f596dae9	2	122210561	125928914	2496	0.3023
0e6d5849-a1e5-401b-ad41-f658f596dae9	2	125929169	128880904	1781	0.2419
0e6d5849-a1e5-401b-ad41-f658f596dae9	2	128880928	128882741	14	0.7155
0e6d5849-a1e5-401b-ad41-f658f596dae9	2	128882755	131458124	1314	0.2499
0e6d5849-a1e5-401b-ad41-f658f596dae9	2	131464435	131468795	3	-2.0702
0e6d5849-a1e5-401b-ad41-f658f596dae9	2	131472229	133175612	945	0.2635
0e6d5849-a1e5-401b-ad41-f658f596dae9	2	133175890	133179336	5	0.9466
0e6d5849-a1e5-401b-ad41-f658f596dae9	2	133187872	137616754	2920	0.2637
0e6d5849-a1e5-401b-ad41-f658f596dae9	2	137616832	146106875	5235	0.2963
0e6d5849-a1e5-401b-ad41-f658f596dae9	2	146106889	146109366	21	1.1017
0e6d5849-a1e5-401b-ad41-f658f596dae9	2	146120238	159102108	7788	0.2912
0e6d5849-a1e5-401b-ad41-f658f596dae9	2	159103831	159104461	2	1.3878
0e6d5849-a1e5-401b-ad41-f658f596dae9	2	159106775	162596715	2098	0.2854
0e6d5849-a1e5-401b-ad41-f658f596dae9	2	162597763	166596951	2325	0.3244
0e6d5849-a1e5-401b-ad41-f658f596dae9	2	166597395	185260011	11932	0.2909
0e6d5849-a1e5-401b-ad41-f658f596dae9	2	185261083	189268128	2125	0.3325
0e6d5849-a1e5-401b-ad41-f658f596dae9	2	189272408	194216153	2803	0.3063
0e6d5849-a1e5-401b-ad41-f658f596dae9	2	194216186	194216265	2	-1.3913
0e6d5849-a1e5-401b-ad41-f658f596dae9	2	194219038	203032174	5005	0.2819
0e6d5849-a1e5-401b-ad41-f658f596dae9	2	203035077	203037323	3	-1.8675
0e6d5849-a1e5-401b-ad41-f658f596dae9	2	203039417	215911681	8288	0.2997
0e6d5849-a1e5-401b-ad41-f658f596dae9	2	215912051	216117647	141	0.2286
0e6d5849-a1e5-401b-ad41-f658f596dae9	2	216118523	217843491	1275	0.2726
0e6d5849-a1e5-401b-ad41-f658f596dae9	2	217843709	219585835	853	0.2074
0e6d5849-a1e5-401b-ad41-f658f596dae9	2	219587179	230180666	7074	0.2791
0e6d5849-a1e5-401b-ad41-f658f596dae9	2	230180672	233548106	1860	0.2097
0e6d5849-a1e5-401b-ad41-f658f596dae9	2	233548208	239304786	3978	0.2474
0e6d5849-a1e5-401b-ad41-f658f596dae9	2	239305705	241546934	1338	0.2132
0e6d5849-a1e5-401b-ad41-f658f596dae9	2	241547120	241547397	3	-0.9253
0e6d5849-a1e5-401b-ad41-f658f596dae9	2	241555977	242147305	179	0.2809
0e6d5849-a1e5-401b-ad41-f658f596dae9	3	20930	9124156	8047	-0.1573
0e6d5849-a1e5-401b-ad41-f658f596dae9	3	9125402	15665636	4480	-0.2016
0e6d5849-a1e5-401b-ad41-f658f596dae9	3	15669080	19952315	2511	-0.1581
0e6d5849-a1e5-401b-ad41-f658f596dae9	3	19955930	31816344	8721	-0.1289
0e6d5849-a1e5-401b-ad41-f658f596dae9	3	31816422	33304895	901	-0.1821
0e6d5849-a1e5-401b-ad41-f658f596dae9	3	33305198	36775036	2223	-0.1237
0e6d5849-a1e5-401b-ad41-f658f596dae9	3	36775534	46854878	6354	-0.1589
0e6d5849-a1e5-401b-ad41-f658f596dae9	3	46856383	52997720	2481	-0.2301
0e6d5849-a1e5-401b-ad41-f658f596dae9	3	52997734	52998009	10	0.393
0e6d5849-a1e5-401b-ad41-f658f596dae9	3	52998022	56650950	2710	-0.1508
0e6d5849-a1e5-401b-ad41-f658f596dae9	3	56653776	56658293	4	0.1516
0e6d5849-a1e5-401b-ad41-f658f596dae9	3	56658324	60976612	3280	-0.1847
0e6d5849-a1e5-401b-ad41-f658f596dae9	3	60977409	68697013	6065	-0.1429
0e6d5849-a1e5-401b-ad41-f658f596dae9	3	68697108	68698262	14	2.3994
0e6d5849-a1e5-401b-ad41-f658f596dae9	3	68699607	76369312	5259	-0.1459
0e6d5849-a1e5-401b-ad41-f658f596dae9	3	76370560	95737262	8795	-0.1095
0e6d5849-a1e5-401b-ad41-f658f596dae9	3	95748036	95749266	2	-1.6081
0e6d5849-a1e5-401b-ad41-f658f596dae9	3	95749836	98253092	1294	-0.1067
0e6d5849-a1e5-401b-ad41-f658f596dae9	3	98253149	99218940	553	-0.1394
0e6d5849-a1e5-401b-ad41-f658f596dae9	3	99225614	99230470	37	-1.062
0e6d5849-a1e5-401b-ad41-f658f596dae9	3	99230577	102526775	1842	-0.12
0e6d5849-a1e5-401b-ad41-f658f596dae9	3	102527217	104925617	1537	-0.0788
0e6d5849-a1e5-401b-ad41-f658f596dae9	3	104925720	121910787	10446	-0.1241
0e6d5849-a1e5-401b-ad41-f658f596dae9	3	121911081	125950205	2496	-0.1558
0e6d5849-a1e5-401b-ad41-f658f596dae9	3	125954540	125957120	3	-1.4676
0e6d5849-a1e5-401b-ad41-f658f596dae9	3	125961657	130035762	2378	-0.1791
0e6d5849-a1e5-401b-ad41-f658f596dae9	3	130038990	162822702	20327	-0.1244
0e6d5849-a1e5-401b-ad41-f658f596dae9	3	162827928	162908207	48	0.348
0e6d5849-a1e5-401b-ad41-f658f596dae9	3	162908784	169012392	3442	-0.1053
0e6d5849-a1e5-401b-ad41-f658f596dae9	3	169015614	169020840	2	1.1645
0e6d5849-a1e5-401b-ad41-f658f596dae9	3	169022039	181239398	7793	-0.1241
0e6d5849-a1e5-401b-ad41-f658f596dae9	3	181240003	188358413	4517	-0.1604
0e6d5849-a1e5-401b-ad41-f658f596dae9	3	188358976	192195081	2714	-0.1153
0e6d5849-a1e5-401b-ad41-f658f596dae9	3	192195287	192197019	2	-1.4822
0e6d5849-a1e5-401b-ad41-f658f596dae9	3	192199579	192818271	457	-0.1353
0e6d5849-a1e5-401b-ad41-f658f596dae9	3	192819014	198052760	2888	-0.1773
0e6d5849-a1e5-401b-ad41-f658f596dae9	3	198052774	198169247	72	0.0083
0e6d5849-a1e5-401b-ad41-f658f596dae9	4	68929	605741	224	-0.3008
0e6d5849-a1e5-401b-ad41-f658f596dae9	4	606483	9455251	4930	-0.4224
0e6d5849-a1e5-401b-ad41-f658f596dae9	4	9459504	9477699	6	-1.4044
0e6d5849-a1e5-401b-ad41-f658f596dae9	4	9484440	10227193	547	-0.4059
0e6d5849-a1e5-401b-ad41-f658f596dae9	4	10227256	10229874	22	-1.0465
0e6d5849-a1e5-401b-ad41-f658f596dae9	4	10232590	10396694	181	-0.421
0e6d5849-a1e5-401b-ad41-f658f596dae9	4	10396835	24740773	10423	-0.3438
0e6d5849-a1e5-401b-ad41-f658f596dae9	4	24747774	26570387	1310	-0.3946
0e6d5849-a1e5-401b-ad41-f658f596dae9	4	26572724	30064714	2255	-0.3285
0e6d5849-a1e5-401b-ad41-f658f596dae9	4	30065230	30069394	2	-2.0546
0e6d5849-a1e5-401b-ad41-f658f596dae9	4	30069571	34777432	2802	-0.3144
0e6d5849-a1e5-401b-ad41-f658f596dae9	4	34784878	34823103	38	-2.5542
0e6d5849-a1e5-401b-ad41-f658f596dae9	4	34828250	36008312	767	-0.3281
0e6d5849-a1e5-401b-ad41-f658f596dae9	4	36009771	36011231	3	-1.3299
0e6d5849-a1e5-401b-ad41-f658f596dae9	4	36011519	37553700	1112	-0.3312
0e6d5849-a1e5-401b-ad41-f658f596dae9	4	37553964	42932938	3503	-0.3806
0e6d5849-a1e5-401b-ad41-f658f596dae9	4	42936786	49656206	3609	-0.3218
0e6d5849-a1e5-401b-ad41-f658f596dae9	4	49656595	57476429	3800	-0.3617
0e6d5849-a1e5-401b-ad41-f658f596dae9	4	57482317	63828222	3766	-0.3196
0e6d5849-a1e5-401b-ad41-f658f596dae9	4	63831751	63841887	22	-1.1238
0e6d5849-a1e5-401b-ad41-f658f596dae9	4	63842036	63842540	6	-2.9672
0e6d5849-a1e5-401b-ad41-f658f596dae9	4	63850713	68378716	2850	-0.3273
0e6d5849-a1e5-401b-ad41-f658f596dae9	4	68389352	68391041	2	-1.9011
0e6d5849-a1e5-401b-ad41-f658f596dae9	4	68394355	68506285	20	-0.1395
0e6d5849-a1e5-401b-ad41-f658f596dae9	4	68509223	68640616	67	0.3844
0e6d5849-a1e5-401b-ad41-f658f596dae9	4	68655691	69252259	305	-0.351
0e6d5849-a1e5-401b-ad41-f658f596dae9	4	69252275	69363716	60	-0.0616
0e6d5849-a1e5-401b-ad41-f658f596dae9	4	69366081	76503070	4347	-0.3275
0e6d5849-a1e5-401b-ad41-f658f596dae9	4	76503105	77486021	818	-0.3932
0e6d5849-a1e5-401b-ad41-f658f596dae9	4	77486924	82330736	2917	-0.335
0e6d5849-a1e5-401b-ad41-f658f596dae9	4	82330760	83614075	734	-0.4072
0e6d5849-a1e5-401b-ad41-f658f596dae9	4	83614364	85258642	1021	-0.3144
0e6d5849-a1e5-401b-ad41-f658f596dae9	4	85259693	85263084	3	-1.6224
0e6d5849-a1e5-401b-ad41-f658f596dae9	4	85263671	114252544	17477	-0.3253
0e6d5849-a1e5-401b-ad41-f658f596dae9	4	114254167	114263224	29	0.3782
0e6d5849-a1e5-401b-ad41-f658f596dae9	4	114263234	121360818	4333	-0.3121
0e6d5849-a1e5-401b-ad41-f658f596dae9	4	121361313	121363980	28	-2.0668
0e6d5849-a1e5-401b-ad41-f658f596dae9	4	121369976	126459182	2959	-0.3097
0e6d5849-a1e5-401b-ad41-f658f596dae9	4	126462231	126467900	2	-1.9611
0e6d5849-a1e5-401b-ad41-f658f596dae9	4	126468395	129141596	1391	-0.3137
0e6d5849-a1e5-401b-ad41-f658f596dae9	4	129146391	129147005	2	-1.9686
0e6d5849-a1e5-401b-ad41-f658f596dae9	4	129151408	137952420	5096	-0.3077
0e6d5849-a1e5-401b-ad41-f658f596dae9	4	137952502	140989335	2058	-0.3609
0e6d5849-a1e5-401b-ad41-f658f596dae9	4	140990945	150965008	5753	-0.3223
0e6d5849-a1e5-401b-ad41-f658f596dae9	4	150965023	154586438	2227	-0.3651
0e6d5849-a1e5-401b-ad41-f658f596dae9	4	154593788	154881396	184	-0.275
0e6d5849-a1e5-401b-ad41-f658f596dae9	4	154881853	154881926	3	-1.7682
0e6d5849-a1e5-401b-ad41-f658f596dae9	4	154882047	172066777	11010	-0.3183
0e6d5849-a1e5-401b-ad41-f658f596dae9	4	172067997	172068382	12	-1.2507
0e6d5849-a1e5-401b-ad41-f658f596dae9	4	172074828	172501371	231	-0.3186
0e6d5849-a1e5-401b-ad41-f658f596dae9	4	172503796	172507492	7	0.8462
0e6d5849-a1e5-401b-ad41-f658f596dae9	4	172519981	181366309	5804	-0.3284
0e6d5849-a1e5-401b-ad41-f658f596dae9	4	181366907	181367614	2	-2.6043
0e6d5849-a1e5-401b-ad41-f658f596dae9	4	181369443	190106768	6036	-0.3629
0e6d5849-a1e5-401b-ad41-f658f596dae9	5	15532	7373517	5863	0.3672
0e6d5849-a1e5-401b-ad41-f658f596dae9	5	7377605	12791608	4328	-0.0627
0e6d5849-a1e5-401b-ad41-f658f596dae9	5	12800777	12838421	15	0.4921
0e6d5849-a1e5-401b-ad41-f658f596dae9	5	12849089	18140487	3508	-0.0822
0e6d5849-a1e5-401b-ad41-f658f596dae9	5	18141913	21449167	2001	-0.0272
0e6d5849-a1e5-401b-ad41-f658f596dae9	5	21451091	21452329	5	1.0841
0e6d5849-a1e5-401b-ad41-f658f596dae9	5	21452387	25226037	2171	-0.0398
0e6d5849-a1e5-401b-ad41-f658f596dae9	5	25228118	25228493	2	-1.8597
0e6d5849-a1e5-401b-ad41-f658f596dae9	5	25229258	25968905	457	-0.0173
0e6d5849-a1e5-401b-ad41-f658f596dae9	5	25972796	25973239	2	-1.2702
0e6d5849-a1e5-401b-ad41-f658f596dae9	5	25974011	26789387	499	-0.0368
0e6d5849-a1e5-401b-ad41-f658f596dae9	5	26797651	26797735	2	-1.238
0e6d5849-a1e5-401b-ad41-f658f596dae9	5	26803775	30894996	2399	-0.0261
0e6d5849-a1e5-401b-ad41-f658f596dae9	5	30895087	46191782	9396	-0.0636
0e6d5849-a1e5-401b-ad41-f658f596dae9	5	46195781	46209197	5	0.3482
0e6d5849-a1e5-401b-ad41-f658f596dae9	5	46209780	46271006	14	-0.199
0e6d5849-a1e5-401b-ad41-f658f596dae9	5	46271828	46273400	6	-1.3669
0e6d5849-a1e5-401b-ad41-f658f596dae9	5	46313245	67936035	11444	-0.335
0e6d5849-a1e5-401b-ad41-f658f596dae9	5	67936149	81407498	7475	-0.3631
0e6d5849-a1e5-401b-ad41-f658f596dae9	5	81411157	101245876	11073	-0.323
0e6d5849-a1e5-401b-ad41-f658f596dae9	5	101246936	101256755	12	-1.5252
0e6d5849-a1e5-401b-ad41-f658f596dae9	5	101259615	104110462	1662	-0.3224
0e6d5849-a1e5-401b-ad41-f658f596dae9	5	104110675	107156786	1844	-0.29
0e6d5849-a1e5-401b-ad41-f658f596dae9	5	107156850	119876664	8983	-0.3355
0e6d5849-a1e5-401b-ad41-f658f596dae9	5	119876986	131976158	7446	-0.1922
0e6d5849-a1e5-401b-ad41-f658f596dae9	5	131976634	135371603	2145	-0.2548
0e6d5849-a1e5-401b-ad41-f658f596dae9	5	135372115	137911772	1771	-0.1988
0e6d5849-a1e5-401b-ad41-f658f596dae9	5	137911842	141693536	1665	-0.2473
0e6d5849-a1e5-401b-ad41-f658f596dae9	5	141693810	141698403	3	-1.1666
0e6d5849-a1e5-401b-ad41-f658f596dae9	5	141698425	143257153	1186	-0.2415
0e6d5849-a1e5-401b-ad41-f658f596dae9	5	143257740	149386341	4092	-0.1981
0e6d5849-a1e5-401b-ad41-f658f596dae9	5	149386620	151282745	1255	-0.2556
0e6d5849-a1e5-401b-ad41-f658f596dae9	5	151290326	161157244	6865	-0.2126
0e6d5849-a1e5-401b-ad41-f658f596dae9	5	161164525	167910128	4428	-0.1799
0e6d5849-a1e5-401b-ad41-f658f596dae9	5	167912211	171733888	2937	-0.2297
0e6d5849-a1e5-401b-ad41-f658f596dae9	5	171737164	177771448	3901	-0.4011
0e6d5849-a1e5-401b-ad41-f658f596dae9	5	177800550	177805604	3	-1.9392
0e6d5849-a1e5-401b-ad41-f658f596dae9	5	177827964	178680821	447	-0.4271
0e6d5849-a1e5-401b-ad41-f658f596dae9	5	178682974	178686162	3	-1.7819
0e6d5849-a1e5-401b-ad41-f658f596dae9	5	178691854	179669479	614	-0.4341
0e6d5849-a1e5-401b-ad41-f658f596dae9	5	179676272	179681196	15	-0.0243
0e6d5849-a1e5-401b-ad41-f658f596dae9	5	179681247	180947484	714	-0.3987
0e6d5849-a1e5-401b-ad41-f658f596dae9	5	180947523	181006225	21	-0.0278
0e6d5849-a1e5-401b-ad41-f658f596dae9	5	181006264	181363319	169	-0.3737
0e6d5849-a1e5-401b-ad41-f658f596dae9	6	149661	257353	102	-0.2042
0e6d5849-a1e5-401b-ad41-f658f596dae9	6	258265	302306	23	0.3829
0e6d5849-a1e5-401b-ad41-f658f596dae9	6	303017	375277	71	0.1189
0e6d5849-a1e5-401b-ad41-f658f596dae9	6	375759	8329201	6570	-0.1525
0e6d5849-a1e5-401b-ad41-f658f596dae9	6	8329574	10158099	1285	-0.0867
0e6d5849-a1e5-401b-ad41-f658f596dae9	6	10158715	18187663	5973	-0.1536
0e6d5849-a1e5-401b-ad41-f658f596dae9	6	18187685	21444720	2479	-0.1133
0e6d5849-a1e5-401b-ad41-f658f596dae9	6	21451070	22000073	325	-0.146
0e6d5849-a1e5-401b-ad41-f658f596dae9	6	22000093	22000109	2	-1.5515
0e6d5849-a1e5-401b-ad41-f658f596dae9	6	22003666	23057409	879	-0.1036
0e6d5849-a1e5-401b-ad41-f658f596dae9	6	23060763	23064026	4	-1.4534
0e6d5849-a1e5-401b-ad41-f658f596dae9	6	23067417	23742789	494	-0.0909
0e6d5849-a1e5-401b-ad41-f658f596dae9	6	23744444	23745202	2	-1.9513
0e6d5849-a1e5-401b-ad41-f658f596dae9	6	23747504	29868964	3442	-0.1388
0e6d5849-a1e5-401b-ad41-f658f596dae9	6	29869295	30003771	86	-0.4728
0e6d5849-a1e5-401b-ad41-f658f596dae9	6	30010250	31309909	593	-0.1957
0e6d5849-a1e5-401b-ad41-f658f596dae9	6	31313046	31328674	12	-0.8779
0e6d5849-a1e5-401b-ad41-f658f596dae9	6	31342147	32463515	497	-0.1821
0e6d5849-a1e5-401b-ad41-f658f596dae9	6	32463775	32602588	34	1.2642
0e6d5849-a1e5-401b-ad41-f658f596dae9	6	32605994	32722250	76	0.065
0e6d5849-a1e5-401b-ad41-f658f596dae9	6	32723020	32723035	2	2.1002
0e6d5849-a1e5-401b-ad41-f658f596dae9	6	32723053	33933998	704	-0.179
0e6d5849-a1e5-401b-ad41-f658f596dae9	6	33934876	33970029	50	0.7067
0e6d5849-a1e5-401b-ad41-f658f596dae9	6	33970222	33974928	8	0.1664
0e6d5849-a1e5-401b-ad41-f658f596dae9	6	33976809	37802927	2269	0.7258
0e6d5849-a1e5-401b-ad41-f658f596dae9	6	37804142	41500743	2724	0.7864
0e6d5849-a1e5-401b-ad41-f658f596dae9	6	41501333	44366515	1572	0.722
0e6d5849-a1e5-401b-ad41-f658f596dae9	6	44370902	52746320	5337	0.8168
0e6d5849-a1e5-401b-ad41-f658f596dae9	6	52746586	52801607	53	0.5818
0e6d5849-a1e5-401b-ad41-f658f596dae9	6	52801660	54060406	937	0.8164
0e6d5849-a1e5-401b-ad41-f658f596dae9	6	54066269	54066286	2	0.045
0e6d5849-a1e5-401b-ad41-f658f596dae9	6	54066353	54067057	7	-1.3314
0e6d5849-a1e5-401b-ad41-f658f596dae9	6	54070550	54994909	613	0.8493
0e6d5849-a1e5-401b-ad41-f658f596dae9	6	54999958	55990748	615	0.7814
0e6d5849-a1e5-401b-ad41-f658f596dae9	6	55990848	57209057	673	0.8489
0e6d5849-a1e5-401b-ad41-f658f596dae9	6	57209245	61568329	692	0.7602
0e6d5849-a1e5-401b-ad41-f658f596dae9	6	61571504	62213920	379	0.8306
0e6d5849-a1e5-401b-ad41-f658f596dae9	6	62215737	62218399	4	-0.3108
0e6d5849-a1e5-401b-ad41-f658f596dae9	6	62221798	65447198	1805	0.8252
0e6d5849-a1e5-401b-ad41-f658f596dae9	6	65447274	76305231	7081	-0.0919
0e6d5849-a1e5-401b-ad41-f658f596dae9	6	76307183	76307209	3	0.9278
0e6d5849-a1e5-401b-ad41-f658f596dae9	6	76307276	78259348	1295	-0.0882
0e6d5849-a1e5-401b-ad41-f658f596dae9	6	78259388	78317528	102	0.1252
0e6d5849-a1e5-401b-ad41-f658f596dae9	6	78317580	103286954	15484	-0.0988
0e6d5849-a1e5-401b-ad41-f658f596dae9	6	103290101	103314186	46	0.8176
0e6d5849-a1e5-401b-ad41-f658f596dae9	6	103317795	105196329	1164	-0.0913
0e6d5849-a1e5-401b-ad41-f658f596dae9	6	105199916	112114479	4296	-0.1353
0e6d5849-a1e5-401b-ad41-f658f596dae9	6	112117243	115057911	1854	-0.1038
0e6d5849-a1e5-401b-ad41-f658f596dae9	6	115057996	115086809	3	-1.2759
0e6d5849-a1e5-401b-ad41-f658f596dae9	6	115087407	133970280	11770	-0.093
0e6d5849-a1e5-401b-ad41-f658f596dae9	6	133978715	139099858	3575	-0.1284
0e6d5849-a1e5-401b-ad41-f658f596dae9	6	139100600	139101546	2	-1.5063
0e6d5849-a1e5-401b-ad41-f658f596dae9	6	139103986	147395203	5019	-0.0995
0e6d5849-a1e5-401b-ad41-f658f596dae9	6	147398235	147904740	355	0.8416
0e6d5849-a1e5-401b-ad41-f658f596dae9	6	147906772	151705939	2714	-0.1321
0e6d5849-a1e5-401b-ad41-f658f596dae9	6	151706136	153917254	1710	-0.0809
0e6d5849-a1e5-401b-ad41-f658f596dae9	6	153917555	168870185	10530	-0.1378
0e6d5849-a1e5-401b-ad41-f658f596dae9	6	168870977	168871190	3	-1.8495
0e6d5849-a1e5-401b-ad41-f658f596dae9	6	168875233	170741917	1173	-0.1551
0e6d5849-a1e5-401b-ad41-f658f596dae9	7	43355	3316730	1388	0.085
0e6d5849-a1e5-401b-ad41-f658f596dae9	7	3316851	4011121	612	0.1813
0e6d5849-a1e5-401b-ad41-f658f596dae9	7	4012887	4632641	517	0.1077
0e6d5849-a1e5-401b-ad41-f658f596dae9	7	4634827	4644243	4	-0.6173
0e6d5849-a1e5-401b-ad41-f658f596dae9	7	4645497	6880649	924	0.063
0e6d5849-a1e5-401b-ad41-f658f596dae9	7	6889070	6928997	19	0.31
0e6d5849-a1e5-401b-ad41-f658f596dae9	7	6948197	21358011	11743	0.175
0e6d5849-a1e5-401b-ad41-f658f596dae9	7	21358508	43893115	15973	0.1485
0e6d5849-a1e5-401b-ad41-f658f596dae9	7	43893311	45092227	545	0.0645
0e6d5849-a1e5-401b-ad41-f658f596dae9	7	45092254	48320740	2326	0.1528
0e6d5849-a1e5-401b-ad41-f658f596dae9	7	48320996	54318819	4430	0.1772
0e6d5849-a1e5-401b-ad41-f658f596dae9	7	54318821	54318824	2	1.2838
0e6d5849-a1e5-401b-ad41-f658f596dae9	7	54325795	55669428	1126	0.1827
0e6d5849-a1e5-401b-ad41-f658f596dae9	7	55669446	76082424	7002	0.1119
0e6d5849-a1e5-401b-ad41-f658f596dae9	7	76083772	76876290	276	0.1847
0e6d5849-a1e5-401b-ad41-f658f596dae9	7	76882046	84649568	5304	0.2822
0e6d5849-a1e5-401b-ad41-f658f596dae9	7	84649707	84651533	2	-0.747
0e6d5849-a1e5-401b-ad41-f658f596dae9	7	84651812	94264421	5949	0.2832
0e6d5849-a1e5-401b-ad41-f658f596dae9	7	94265119	97975053	2286	0.0683
0e6d5849-a1e5-401b-ad41-f658f596dae9	7	97975256	97982736	7	-0.7294
0e6d5849-a1e5-401b-ad41-f658f596dae9	7	97984459	100731621	1173	-0.029
0e6d5849-a1e5-401b-ad41-f658f596dae9	7	100731642	100735219	2	-1.554
0e6d5849-a1e5-401b-ad41-f658f596dae9	7	100753382	102705868	776	-0.056
0e6d5849-a1e5-401b-ad41-f658f596dae9	7	102706597	126405502	14610	0.0669
0e6d5849-a1e5-401b-ad41-f658f596dae9	7	126405597	126406561	10	-1.1096
0e6d5849-a1e5-401b-ad41-f658f596dae9	7	126406822	128459984	1382	0.0397
0e6d5849-a1e5-401b-ad41-f658f596dae9	7	128464233	128464805	2	1.3142
0e6d5849-a1e5-401b-ad41-f658f596dae9	7	128467291	130817371	1065	0.0138
0e6d5849-a1e5-401b-ad41-f658f596dae9	7	130834319	131028862	147	0.3913
0e6d5849-a1e5-401b-ad41-f658f596dae9	7	131028942	134100424	2105	0.0338
0e6d5849-a1e5-401b-ad41-f658f596dae9	7	134100442	134105690	24	0.3699
0e6d5849-a1e5-401b-ad41-f658f596dae9	7	134110881	141590258	4962	0.0341
0e6d5849-a1e5-401b-ad41-f658f596dae9	7	141590271	142063324	242	0.0749
0e6d5849-a1e5-401b-ad41-f658f596dae9	7	142069843	142090383	31	0.4592
0e6d5849-a1e5-401b-ad41-f658f596dae9	7	142090403	146873530	2773	0.0715
0e6d5849-a1e5-401b-ad41-f658f596dae9	7	146876530	159334314	8096	0.0143
0e6d5849-a1e5-401b-ad41-f658f596dae9	8	81254	643041	322	0.2497
0e6d5849-a1e5-401b-ad41-f658f596dae9	8	644944	645908	10	-0.2322
0e6d5849-a1e5-401b-ad41-f658f596dae9	8	656117	1538672	673	0.2412
0e6d5849-a1e5-401b-ad41-f658f596dae9	8	1539441	1540306	4	-0.4317
0e6d5849-a1e5-401b-ad41-f658f596dae9	8	1541752	2679484	846	0.2731
0e6d5849-a1e5-401b-ad41-f658f596dae9	8	2682544	2697541	19	0.7758
0e6d5849-a1e5-401b-ad41-f658f596dae9	8	2698630	2844412	166	0.3345
0e6d5849-a1e5-401b-ad41-f658f596dae9	8	2846011	2846153	5	1.2536
0e6d5849-a1e5-401b-ad41-f658f596dae9	8	2846295	3930144	1317	0.3498
0e6d5849-a1e5-401b-ad41-f658f596dae9	8	3930160	3930194	3	1.2678
0e6d5849-a1e5-401b-ad41-f658f596dae9	8	3930581	4042783	179	0.3454
0e6d5849-a1e5-401b-ad41-f658f596dae9	8	4046726	4047208	6	-0.5157
0e6d5849-a1e5-401b-ad41-f658f596dae9	8	4047352	7457163	4211	0.3448
0e6d5849-a1e5-401b-ad41-f658f596dae9	8	7473830	7941868	20	-0.4506
0e6d5849-a1e5-401b-ad41-f658f596dae9	8	7974123	9644390	1355	0.3515
0e6d5849-a1e5-401b-ad41-f658f596dae9	8	9644448	9644751	6	-0.1924
0e6d5849-a1e5-401b-ad41-f658f596dae9	8	9644826	12037736	1876	0.3287
0e6d5849-a1e5-401b-ad41-f658f596dae9	8	12092042	12585546	57	-0.1683
0e6d5849-a1e5-401b-ad41-f658f596dae9	8	12616034	19029640	5902	0.3743
0e6d5849-a1e5-401b-ad41-f658f596dae9	8	19030094	23544795	3359	0.3275
0e6d5849-a1e5-401b-ad41-f658f596dae9	8	23550227	23550358	5	-0.4519
0e6d5849-a1e5-401b-ad41-f658f596dae9	8	23550392	24287495	487	0.3415
0e6d5849-a1e5-401b-ad41-f658f596dae9	8	24287917	24293553	4	-0.4625
0e6d5849-a1e5-401b-ad41-f658f596dae9	8	24293995	24344846	33	0.3319
0e6d5849-a1e5-401b-ad41-f658f596dae9	8	24347018	24727472	310	0.3916
0e6d5849-a1e5-401b-ad41-f658f596dae9	8	24728404	25113035	300	0.238
0e6d5849-a1e5-401b-ad41-f658f596dae9	8	25113490	25126735	31	-0.0307
0e6d5849-a1e5-401b-ad41-f658f596dae9	8	25126818	40914477	10151	0.2477
0e6d5849-a1e5-401b-ad41-f658f596dae9	8	40920333	40920952	2	-1.7484
0e6d5849-a1e5-401b-ad41-f658f596dae9	8	40926161	41520250	370	0.2393
0e6d5849-a1e5-401b-ad41-f658f596dae9	8	41530970	42999007	869	0.1679
0e6d5849-a1e5-401b-ad41-f658f596dae9	8	43001052	48250004	1157	0.2345
0e6d5849-a1e5-401b-ad41-f658f596dae9	8	48256555	63936079	10180	0.2649
0e6d5849-a1e5-401b-ad41-f658f596dae9	8	63936340	63936561	6	0.98
0e6d5849-a1e5-401b-ad41-f658f596dae9	8	63936953	93669935	17534	0.2761
0e6d5849-a1e5-401b-ad41-f658f596dae9	8	93672164	102972280	5829	0.2438
0e6d5849-a1e5-401b-ad41-f658f596dae9	8	102975706	111282050	4997	0.2841
0e6d5849-a1e5-401b-ad41-f658f596dae9	8	111282065	111283016	8	-1.577
0e6d5849-a1e5-401b-ad41-f658f596dae9	8	111283031	122646218	7300	0.2867
0e6d5849-a1e5-401b-ad41-f658f596dae9	8	122648786	140646056	13639	0.2556
0e6d5849-a1e5-401b-ad41-f658f596dae9	8	140646609	141236451	357	0.291
0e6d5849-a1e5-401b-ad41-f658f596dae9	8	141239137	144190728	1270	0.1873
0e6d5849-a1e5-401b-ad41-f658f596dae9	8	144198587	145072769	352	0.2456
0e6d5849-a1e5-401b-ad41-f658f596dae9	9	46587	2094281	2239	0.2579
0e6d5849-a1e5-401b-ad41-f658f596dae9	9	2094590	5078443	3004	0.1553
0e6d5849-a1e5-401b-ad41-f658f596dae9	9	5079156	5081766	9	-0.4237
0e6d5849-a1e5-401b-ad41-f658f596dae9	9	5081852	10747853	5084	0.1708
0e6d5849-a1e5-401b-ad41-f658f596dae9	9	10748798	10755356	7	-0.4356
0e6d5849-a1e5-401b-ad41-f658f596dae9	9	10756249	12997321	1679	0.1898
0e6d5849-a1e5-401b-ad41-f658f596dae9	9	13000189	15808894	2261	-0.4523
0e6d5849-a1e5-401b-ad41-f658f596dae9	9	15812398	19298570	3157	0.1617
0e6d5849-a1e5-401b-ad41-f658f596dae9	9	19301386	19307849	10	0.6757
0e6d5849-a1e5-401b-ad41-f658f596dae9	9	19311002	19770972	347	0.1447
0e6d5849-a1e5-401b-ad41-f658f596dae9	9	19776432	19922577	95	-0.4735
0e6d5849-a1e5-401b-ad41-f658f596dae9	9	19925075	19940913	14	0.0261
0e6d5849-a1e5-401b-ad41-f658f596dae9	9	19940995	22492890	1937	-0.44
0e6d5849-a1e5-401b-ad41-f658f596dae9	9	22501914	22502700	2	-2.2323
0e6d5849-a1e5-401b-ad41-f658f596dae9	9	22509341	26660302	2962	-0.4221
0e6d5849-a1e5-401b-ad41-f658f596dae9	9	26662426	27258770	440	0.1726
0e6d5849-a1e5-401b-ad41-f658f596dae9	9	27258875	27276516	34	0.6097
0e6d5849-a1e5-401b-ad41-f658f596dae9	9	27279629	32754500	4060	0.1903
0e6d5849-a1e5-401b-ad41-f658f596dae9	9	32754981	37033162	2575	0.1155
0e6d5849-a1e5-401b-ad41-f658f596dae9	9	37033364	37034620	2	-1.229
0e6d5849-a1e5-401b-ad41-f658f596dae9	9	37034672	41644133	1355	0.1318
0e6d5849-a1e5-401b-ad41-f658f596dae9	9	41644288	41741096	10	-0.4432
0e6d5849-a1e5-401b-ad41-f658f596dae9	9	41741113	61405110	94	0.2339
0e6d5849-a1e5-401b-ad41-f658f596dae9	9	61520021	61629689	28	0.8625
0e6d5849-a1e5-401b-ad41-f658f596dae9	9	61633080	69845255	1402	0.1541
0e6d5849-a1e5-401b-ad41-f658f596dae9	9	69845692	74306393	3019	0.1942
0e6d5849-a1e5-401b-ad41-f658f596dae9	9	74306609	77155594	2259	0.1544
0e6d5849-a1e5-401b-ad41-f658f596dae9	9	77155713	77162488	27	0.5847
0e6d5849-a1e5-401b-ad41-f658f596dae9	9	77171212	83196563	4129	0.1653
0e6d5849-a1e5-401b-ad41-f658f596dae9	9	83196910	90174608	5090	0.143
0e6d5849-a1e5-401b-ad41-f658f596dae9	9	90177905	90189021	9	0.7076
0e6d5849-a1e5-401b-ad41-f658f596dae9	9	90189999	99339203	6057	0.1352
0e6d5849-a1e5-401b-ad41-f658f596dae9	9	99339483	100899598	865	0.1669
0e6d5849-a1e5-401b-ad41-f658f596dae9	9	100899973	100917332	22	0.5847
0e6d5849-a1e5-401b-ad41-f658f596dae9	9	100918269	108685679	5918	0.166
0e6d5849-a1e5-401b-ad41-f658f596dae9	9	108686344	108702225	19	0.5727
0e6d5849-a1e5-401b-ad41-f658f596dae9	9	108708250	109591825	688	0.1449
0e6d5849-a1e5-401b-ad41-f658f596dae9	9	109592444	109612272	21	0.5566
0e6d5849-a1e5-401b-ad41-f658f596dae9	9	109616557	109955225	320	0.166
0e6d5849-a1e5-401b-ad41-f658f596dae9	9	109961104	114539759	3311	-0.4942
0e6d5849-a1e5-401b-ad41-f658f596dae9	9	114541631	114755617	177	0.1089
0e6d5849-a1e5-401b-ad41-f658f596dae9	9	114756649	117798281	2577	0.1647
0e6d5849-a1e5-401b-ad41-f658f596dae9	9	117799021	117810184	10	0.6755
0e6d5849-a1e5-401b-ad41-f658f596dae9	9	117817276	118500281	487	0.1603
0e6d5849-a1e5-401b-ad41-f658f596dae9	9	118501689	118539442	27	0.4453
0e6d5849-a1e5-401b-ad41-f658f596dae9	9	118540259	121362985	2181	0.1401
0e6d5849-a1e5-401b-ad41-f658f596dae9	9	121363046	121891832	294	0.0758
0e6d5849-a1e5-401b-ad41-f658f596dae9	9	121892288	127448667	3491	0.1168
0e6d5849-a1e5-401b-ad41-f658f596dae9	9	127448748	129813355	1045	0.0367
0e6d5849-a1e5-401b-ad41-f658f596dae9	9	129818622	138200944	4656	0.0834
0e6d5849-a1e5-401b-ad41-f658f596dae9	10	45792	8628433	7452	-0.316
0e6d5849-a1e5-401b-ad41-f658f596dae9	10	8629772	10455658	1417	-0.2644
0e6d5849-a1e5-401b-ad41-f658f596dae9	10	10459969	13768059	2698	-0.3314
0e6d5849-a1e5-401b-ad41-f658f596dae9	10	13768430	13773790	3	-1.4893
0e6d5849-a1e5-401b-ad41-f658f596dae9	10	13774734	19132386	4223	-0.3158
0e6d5849-a1e5-401b-ad41-f658f596dae9	10	19132995	19299064	150	-0.1919
0e6d5849-a1e5-401b-ad41-f658f596dae9	10	19300626	19316654	18	-0.55
0e6d5849-a1e5-401b-ad41-f658f596dae9	10	19319014	19708645	323	-0.1753
0e6d5849-a1e5-401b-ad41-f658f596dae9	10	19710276	23417139	2426	-0.2958
0e6d5849-a1e5-401b-ad41-f658f596dae9	10	23417932	23424982	3	-1.4665
0e6d5849-a1e5-401b-ad41-f658f596dae9	10	23429697	24088745	473	-0.3094
0e6d5849-a1e5-401b-ad41-f658f596dae9	10	24088746	24089125	10	-2.0895
0e6d5849-a1e5-401b-ad41-f658f596dae9	10	24089979	38141368	9690	-0.3088
0e6d5849-a1e5-401b-ad41-f658f596dae9	10	38143536	43252805	852	-0.1947
0e6d5849-a1e5-401b-ad41-f658f596dae9	10	43256590	44566257	993	-0.3363
0e6d5849-a1e5-401b-ad41-f658f596dae9	10	44567780	44568200	2	-1.752
0e6d5849-a1e5-401b-ad41-f658f596dae9	10	44568975	44763045	126	-0.3371
0e6d5849-a1e5-401b-ad41-f658f596dae9	10	44763657	44764969	2	-1.6912
0e6d5849-a1e5-401b-ad41-f658f596dae9	10	44765034	46836986	856	-0.3352
0e6d5849-a1e5-401b-ad41-f658f596dae9	10	46898735	46901552	2	1.4687
0e6d5849-a1e5-401b-ad41-f658f596dae9	10	46967412	50867812	2117	-0.31
0e6d5849-a1e5-401b-ad41-f658f596dae9	10	50868334	56974102	4615	-0.2587
0e6d5849-a1e5-401b-ad41-f658f596dae9	10	56980255	56992226	14	0.5406
0e6d5849-a1e5-401b-ad41-f658f596dae9	10	56994775	57335200	277	-0.2324
0e6d5849-a1e5-401b-ad41-f658f596dae9	10	57335285	57335443	4	0.516
0e6d5849-a1e5-401b-ad41-f658f596dae9	10	57335528	61640918	3119	-0.2615
0e6d5849-a1e5-401b-ad41-f658f596dae9	10	61641095	65546518	2537	-0.2972
0e6d5849-a1e5-401b-ad41-f658f596dae9	10	65548165	65554688	28	-1.3332
0e6d5849-a1e5-401b-ad41-f658f596dae9	10	65563037	69522716	2545	-0.302
0e6d5849-a1e5-401b-ad41-f658f596dae9	10	69522730	69523086	4	-2.2078
0e6d5849-a1e5-401b-ad41-f658f596dae9	10	69531858	72491004	2190	-0.371
0e6d5849-a1e5-401b-ad41-f658f596dae9	10	72491034	78899394	4010	-0.3224
0e6d5849-a1e5-401b-ad41-f658f596dae9	10	78899588	80765047	1128	-0.3609
0e6d5849-a1e5-401b-ad41-f658f596dae9	10	80768575	96291818	10393	-0.2866
0e6d5849-a1e5-401b-ad41-f658f596dae9	10	96292798	97579221	861	-0.3602
0e6d5849-a1e5-401b-ad41-f658f596dae9	10	97580326	97602460	12	-0.7661
0e6d5849-a1e5-401b-ad41-f658f596dae9	10	97609156	98457024	541	-0.3473
0e6d5849-a1e5-401b-ad41-f658f596dae9	10	98458051	99406199	603	-0.2642
0e6d5849-a1e5-401b-ad41-f658f596dae9	10	99406787	103862101	2305	-0.348
0e6d5849-a1e5-401b-ad41-f658f596dae9	10	103866559	115114138	8102	-0.2925
0e6d5849-a1e5-401b-ad41-f658f596dae9	10	115114714	115914667	514	-0.2115
0e6d5849-a1e5-401b-ad41-f658f596dae9	10	115914733	118508045	1879	-0.2947
0e6d5849-a1e5-401b-ad41-f658f596dae9	10	118510962	128816803	7824	-0.3208
0e6d5849-a1e5-401b-ad41-f658f596dae9	10	128818697	128821338	5	-2.0809
0e6d5849-a1e5-401b-ad41-f658f596dae9	10	128821448	133654968	3306	-0.3429
0e6d5849-a1e5-401b-ad41-f658f596dae9	11	198510	454980	102	0.2947
0e6d5849-a1e5-401b-ad41-f658f596dae9	11	455523	3465494	1194	0.2129
0e6d5849-a1e5-401b-ad41-f658f596dae9	11	3466435	3467311	3	-0.8759
0e6d5849-a1e5-401b-ad41-f658f596dae9	11	3485296	3882548	209	0.1631
0e6d5849-a1e5-401b-ad41-f658f596dae9	11	3883134	5499745	1479	0.2871
0e6d5849-a1e5-401b-ad41-f658f596dae9	11	5500921	5501334	6	-0.5589
0e6d5849-a1e5-401b-ad41-f658f596dae9	11	5502363	5756780	229	0.2702
0e6d5849-a1e5-401b-ad41-f658f596dae9	11	5757241	5787818	42	0.518
0e6d5849-a1e5-401b-ad41-f658f596dae9	11	5787909	18919323	9411	0.2804
0e6d5849-a1e5-401b-ad41-f658f596dae9	11	18927525	18938568	33	0.6063
0e6d5849-a1e5-401b-ad41-f658f596dae9	11	18939550	24203133	4251	0.2897
0e6d5849-a1e5-401b-ad41-f658f596dae9	11	24203814	31520818	4913	0.3178
0e6d5849-a1e5-401b-ad41-f658f596dae9	11	31522670	36525982	3853	0.2757
0e6d5849-a1e5-401b-ad41-f658f596dae9	11	36526317	42337183	3864	0.3136
0e6d5849-a1e5-401b-ad41-f658f596dae9	11	42337321	42791601	313	0.2749
0e6d5849-a1e5-401b-ad41-f658f596dae9	11	42794936	42796489	2	-2.8437
0e6d5849-a1e5-401b-ad41-f658f596dae9	11	42799053	46129288	2353	0.2678
0e6d5849-a1e5-401b-ad41-f658f596dae9	11	46131453	48123823	832	0.1935
0e6d5849-a1e5-401b-ad41-f658f596dae9	11	48126300	48129735	5	-0.2085
0e6d5849-a1e5-401b-ad41-f658f596dae9	11	48129942	55595864	1394	0.2756
0e6d5849-a1e5-401b-ad41-f658f596dae9	11	55606556	55685533	59	0.6149
0e6d5849-a1e5-401b-ad41-f658f596dae9	11	55686100	57070208	924	0.3016
0e6d5849-a1e5-401b-ad41-f658f596dae9	11	57073154	57733710	386	0.2026
0e6d5849-a1e5-401b-ad41-f658f596dae9	11	57736229	60401983	1594	0.2725
0e6d5849-a1e5-401b-ad41-f658f596dae9	11	60403720	61403030	563	0.233
0e6d5849-a1e5-401b-ad41-f658f596dae9	11	61412256	69125340	3371	0.1989
0e6d5849-a1e5-401b-ad41-f658f596dae9	11	69128364	78653468	5116	0.2323
0e6d5849-a1e5-401b-ad41-f658f596dae9	11	78655282	81792426	2622	0.2941
0e6d5849-a1e5-401b-ad41-f658f596dae9	11	81792950	81806116	10	-0.5204
0e6d5849-a1e5-401b-ad41-f658f596dae9	11	81811590	89966336	5292	0.2929
0e6d5849-a1e5-401b-ad41-f658f596dae9	11	90043678	90077170	4	-0.9819
0e6d5849-a1e5-401b-ad41-f658f596dae9	11	90085142	107359993	12487	0.3077
0e6d5849-a1e5-401b-ad41-f658f596dae9	11	107367930	107368402	7	-0.2868
0e6d5849-a1e5-401b-ad41-f658f596dae9	11	107381636	111675055	2782	0.2954
0e6d5849-a1e5-401b-ad41-f658f596dae9	11	111678873	117227159	3893	0.2686
0e6d5849-a1e5-401b-ad41-f658f596dae9	11	117231591	120037068	1923	0.2186
0e6d5849-a1e5-401b-ad41-f658f596dae9	11	120040496	122969423	2113	0.2695
0e6d5849-a1e5-401b-ad41-f658f596dae9	11	122969441	123624133	512	0.2078
0e6d5849-a1e5-401b-ad41-f658f596dae9	11	123626194	124901635	937	0.2799
0e6d5849-a1e5-401b-ad41-f658f596dae9	11	124906091	124907522	3	-0.7554
0e6d5849-a1e5-401b-ad41-f658f596dae9	11	124918772	135074876	7768	0.2708
0e6d5849-a1e5-401b-ad41-f658f596dae9	12	51460	6076950	4495	0.2785
0e6d5849-a1e5-401b-ad41-f658f596dae9	12	6077501	9643123	1750	0.2335
0e6d5849-a1e5-401b-ad41-f658f596dae9	12	9646235	11078856	995	0.3121
0e6d5849-a1e5-401b-ad41-f658f596dae9	12	11080319	11088933	5	1.1636
0e6d5849-a1e5-401b-ad41-f658f596dae9	12	11099275	11372551	149	0.3388
0e6d5849-a1e5-401b-ad41-f658f596dae9	12	11372584	13285011	1494	0.2556
0e6d5849-a1e5-401b-ad41-f658f596dae9	12	13285063	27493059	9719	0.3091
0e6d5849-a1e5-401b-ad41-f658f596dae9	12	27494808	27498429	28	-0.5783
0e6d5849-a1e5-401b-ad41-f658f596dae9	12	27504228	27940758	305	0.3107
0e6d5849-a1e5-401b-ad41-f658f596dae9	12	27940816	27941002	7	-0.2663
0e6d5849-a1e5-401b-ad41-f658f596dae9	12	27941156	27941988	10	0.4972
0e6d5849-a1e5-401b-ad41-f658f596dae9	12	27942560	27944711	11	-0.5405
0e6d5849-a1e5-401b-ad41-f658f596dae9	12	27950527	33148600	3826	0.2927
0e6d5849-a1e5-401b-ad41-f658f596dae9	12	33148627	33155525	26	0.6571
0e6d5849-a1e5-401b-ad41-f658f596dae9	12	33155563	37593924	826	0.3088
0e6d5849-a1e5-401b-ad41-f658f596dae9	12	37618765	37620216	2	-1.5623
0e6d5849-a1e5-401b-ad41-f658f596dae9	12	37640556	47693291	6054	0.311
0e6d5849-a1e5-401b-ad41-f658f596dae9	12	47693435	47878492	128	0.1574
0e6d5849-a1e5-401b-ad41-f658f596dae9	12	47878732	48330893	290	0.2813
0e6d5849-a1e5-401b-ad41-f658f596dae9	12	48330995	48331632	7	0.702
0e6d5849-a1e5-401b-ad41-f658f596dae9	12	48336253	48650017	174	0.2667
0e6d5849-a1e5-401b-ad41-f658f596dae9	12	48650501	51384650	1273	0.2011
0e6d5849-a1e5-401b-ad41-f658f596dae9	12	51386852	52880135	1115	0.2838
0e6d5849-a1e5-401b-ad41-f658f596dae9	12	52881483	53693864	401	0.1778
0e6d5849-a1e5-401b-ad41-f658f596dae9	12	53696168	55089064	790	0.253
0e6d5849-a1e5-401b-ad41-f658f596dae9	12	55089306	55439962	241	0.3474
0e6d5849-a1e5-401b-ad41-f658f596dae9	12	55440077	55669871	151	0.2538
0e6d5849-a1e5-401b-ad41-f658f596dae9	12	55670295	58164558	1230	0.1994
0e6d5849-a1e5-401b-ad41-f658f596dae9	12	58166643	58915956	608	0.2976
0e6d5849-a1e5-401b-ad41-f658f596dae9	12	58918332	62396668	2112	0.332
0e6d5849-a1e5-401b-ad41-f658f596dae9	12	62398637	70653881	5505	0.2927
0e6d5849-a1e5-401b-ad41-f658f596dae9	12	70653955	90905068	12455	0.3272
0e6d5849-a1e5-401b-ad41-f658f596dae9	12	90906627	94186510	2242	0.2798
0e6d5849-a1e5-401b-ad41-f658f596dae9	12	94188701	94189145	2	-0.8249
0e6d5849-a1e5-401b-ad41-f658f596dae9	12	94190901	94535033	218	0.3253
0e6d5849-a1e5-401b-ad41-f658f596dae9	12	94535556	96630213	1497	0.2734
0e6d5849-a1e5-401b-ad41-f658f596dae9	12	96630411	97481930	652	0.3342
0e6d5849-a1e5-401b-ad41-f658f596dae9	12	97483527	97483815	3	-0.592
0e6d5849-a1e5-401b-ad41-f658f596dae9	12	97483910	98279462	605	0.3112
0e6d5849-a1e5-401b-ad41-f658f596dae9	12	98279721	99398036	705	0.273
0e6d5849-a1e5-401b-ad41-f658f596dae9	12	99401515	99404956	31	-0.3338
0e6d5849-a1e5-401b-ad41-f658f596dae9	12	99409315	108022488	5841	0.262
0e6d5849-a1e5-401b-ad41-f658f596dae9	12	108024730	112581790	2535	0.2063
0e6d5849-a1e5-401b-ad41-f658f596dae9	12	112587857	119942498	5537	0.2642
0e6d5849-a1e5-401b-ad41-f658f596dae9	12	119943188	123625700	1615	0.1968
0e6d5849-a1e5-401b-ad41-f658f596dae9	12	123625720	125313275	1089	0.2464
0e6d5849-a1e5-401b-ad41-f658f596dae9	12	125315958	127814326	2177	0.2988
0e6d5849-a1e5-401b-ad41-f658f596dae9	12	127816096	130840444	2700	0.2609
0e6d5849-a1e5-401b-ad41-f658f596dae9	12	130842024	130843215	2	-0.9766
0e6d5849-a1e5-401b-ad41-f658f596dae9	12	130847519	131413152	410	0.2722
0e6d5849-a1e5-401b-ad41-f658f596dae9	12	131413400	131413523	5	-0.3708
0e6d5849-a1e5-401b-ad41-f658f596dae9	12	131415578	133201603	808	0.2755
0e6d5849-a1e5-401b-ad41-f658f596dae9	13	18452809	23055038	2852	-0.3661
0e6d5849-a1e5-401b-ad41-f658f596dae9	13	23055048	23059376	14	0.1725
0e6d5849-a1e5-401b-ad41-f658f596dae9	13	23064056	24090663	811	-0.3748
0e6d5849-a1e5-401b-ad41-f658f596dae9	13	24091003	24098083	7	-1.5532
0e6d5849-a1e5-401b-ad41-f658f596dae9	13	24098965	31957984	5875	-0.3931
0e6d5849-a1e5-401b-ad41-f658f596dae9	13	31958485	31964286	18	-2.1768
0e6d5849-a1e5-401b-ad41-f658f596dae9	13	31965910	53711860	14528	-0.3625
0e6d5849-a1e5-401b-ad41-f658f596dae9	13	53712082	64777057	6420	-0.3172
0e6d5849-a1e5-401b-ad41-f658f596dae9	13	64777999	64779363	3	-2.7375
0e6d5849-a1e5-401b-ad41-f658f596dae9	13	64782151	66958022	1424	-0.3182
0e6d5849-a1e5-401b-ad41-f658f596dae9	13	66958105	66958209	3	-1.9685
0e6d5849-a1e5-401b-ad41-f658f596dae9	13	66962270	71902850	3079	-0.3102
0e6d5849-a1e5-401b-ad41-f658f596dae9	13	71903417	71906418	4	-1.3964
0e6d5849-a1e5-401b-ad41-f658f596dae9	13	71906467	72745772	669	-0.3222
0e6d5849-a1e5-401b-ad41-f658f596dae9	13	72747378	80609697	5433	-0.3493
0e6d5849-a1e5-401b-ad41-f658f596dae9	13	80609755	94217789	8491	-0.3145
0e6d5849-a1e5-401b-ad41-f658f596dae9	13	94218104	105663858	8327	-0.3514
0e6d5849-a1e5-401b-ad41-f658f596dae9	13	105664476	105664629	4	-1.9601
0e6d5849-a1e5-401b-ad41-f658f596dae9	13	105667023	105685859	8	-0.7156
0e6d5849-a1e5-401b-ad41-f658f596dae9	13	105686655	110408688	3868	-0.3492
0e6d5849-a1e5-401b-ad41-f658f596dae9	13	110408712	113062261	1736	-0.4124
0e6d5849-a1e5-401b-ad41-f658f596dae9	13	113062378	113062977	2	-2.1628
0e6d5849-a1e5-401b-ad41-f658f596dae9	13	113070745	114342922	537	-0.4401
0e6d5849-a1e5-401b-ad41-f658f596dae9	14	18239283	19298389	48	-0.1031
0e6d5849-a1e5-401b-ad41-f658f596dae9	14	19326853	20013186	154	0.4118
0e6d5849-a1e5-401b-ad41-f658f596dae9	14	20013418	20884940	678	0.2855
0e6d5849-a1e5-401b-ad41-f658f596dae9	14	20888097	20934313	19	0.7673
0e6d5849-a1e5-401b-ad41-f658f596dae9	14	20934437	21667112	404	0.2455
0e6d5849-a1e5-401b-ad41-f658f596dae9	14	21667138	22125036	380	0.3709
0e6d5849-a1e5-401b-ad41-f658f596dae9	14	22126488	22490838	307	0.4853
0e6d5849-a1e5-401b-ad41-f658f596dae9	14	22490949	22756758	222	0.3074
0e6d5849-a1e5-401b-ad41-f658f596dae9	14	22758550	23452980	326	0.2131
0e6d5849-a1e5-401b-ad41-f658f596dae9	14	23462208	23462972	2	1.0558
0e6d5849-a1e5-401b-ad41-f658f596dae9	14	23463804	23621402	92	0.2079
0e6d5849-a1e5-401b-ad41-f658f596dae9	14	23622341	23982222	250	0.2944
0e6d5849-a1e5-401b-ad41-f658f596dae9	14	23983492	23992645	9	-0.4843
0e6d5849-a1e5-401b-ad41-f658f596dae9	14	23995303	24015250	7	0.1181
0e6d5849-a1e5-401b-ad41-f658f596dae9	14	24018934	24020067	10	-0.5716
0e6d5849-a1e5-401b-ad41-f658f596dae9	14	24024866	24484544	259	0.2273
0e6d5849-a1e5-401b-ad41-f658f596dae9	14	24484647	34352628	6469	0.324
0e6d5849-a1e5-401b-ad41-f658f596dae9	14	34359095	35982070	802	0.2495
0e6d5849-a1e5-401b-ad41-f658f596dae9	14	35982079	41139155	3330	0.3251
0e6d5849-a1e5-401b-ad41-f658f596dae9	14	41141293	41188146	15	-0.1496
0e6d5849-a1e5-401b-ad41-f658f596dae9	14	41200899	49550573	4941	0.3346
0e6d5849-a1e5-401b-ad41-f658f596dae9	14	49550746	62035001	8188	0.3027
0e6d5849-a1e5-401b-ad41-f658f596dae9	14	62035461	63485151	1024	0.3264
0e6d5849-a1e5-401b-ad41-f658f596dae9	14	63485715	73534419	6312	0.2733
0e6d5849-a1e5-401b-ad41-f658f596dae9	14	73540003	73563196	9	-1.3471
0e6d5849-a1e5-401b-ad41-f658f596dae9	14	73563211	78373067	3146	0.2551
0e6d5849-a1e5-401b-ad41-f658f596dae9	14	78376340	82834478	2961	0.324
0e6d5849-a1e5-401b-ad41-f658f596dae9	14	82834764	82835658	2	-0.8394
0e6d5849-a1e5-401b-ad41-f658f596dae9	14	82837989	87568479	3163	0.3266
0e6d5849-a1e5-401b-ad41-f658f596dae9	14	87570079	101909321	9922	0.2699
0e6d5849-a1e5-401b-ad41-f658f596dae9	14	101911946	103398376	693	0.2223
0e6d5849-a1e5-401b-ad41-f658f596dae9	14	103402929	103403291	2	-0.7718
0e6d5849-a1e5-401b-ad41-f658f596dae9	14	103403512	104381088	414	0.2107
0e6d5849-a1e5-401b-ad41-f658f596dae9	14	104382544	104502131	47	0.4459
0e6d5849-a1e5-401b-ad41-f658f596dae9	14	104504219	105824008	367	0.1951
0e6d5849-a1e5-401b-ad41-f658f596dae9	14	105824429	106407609	199	0.317
0e6d5849-a1e5-401b-ad41-f658f596dae9	14	106407612	106454379	31	0.6068
0e6d5849-a1e5-401b-ad41-f658f596dae9	14	106454694	106877229	217	0.2558
0e6d5849-a1e5-401b-ad41-f658f596dae9	15	19811075	19986758	41	-0.2752
0e6d5849-a1e5-401b-ad41-f658f596dae9	15	19986916	22584747	174	0.0916
0e6d5849-a1e5-401b-ad41-f658f596dae9	15	22590285	26315045	2347	-0.3499
0e6d5849-a1e5-401b-ad41-f658f596dae9	15	26317005	26318009	2	-2.7689
0e6d5849-a1e5-401b-ad41-f658f596dae9	15	26318441	34447720	4876	-0.3606
0e6d5849-a1e5-401b-ad41-f658f596dae9	15	34453518	34454261	3	-2.0996
0e6d5849-a1e5-401b-ad41-f658f596dae9	15	34455142	39843653	3875	-0.3495
0e6d5849-a1e5-401b-ad41-f658f596dae9	15	39844197	45921067	2935	-0.4025
0e6d5849-a1e5-401b-ad41-f658f596dae9	15	45921472	48456086	1706	-0.3472
0e6d5849-a1e5-401b-ad41-f658f596dae9	15	48459117	48459132	2	-2.1021
0e6d5849-a1e5-401b-ad41-f658f596dae9	15	48460948	62236481	9447	-0.3591
0e6d5849-a1e5-401b-ad41-f658f596dae9	15	62238715	62624332	324	-0.3939
0e6d5849-a1e5-401b-ad41-f658f596dae9	15	62624473	62625815	3	-1.7583
0e6d5849-a1e5-401b-ad41-f658f596dae9	15	62626236	66880437	2484	-0.4183
0e6d5849-a1e5-401b-ad41-f658f596dae9	15	66882269	66900942	10	-0.9701
0e6d5849-a1e5-401b-ad41-f658f596dae9	15	66901386	76446730	5589	-0.3918
0e6d5849-a1e5-401b-ad41-f658f596dae9	15	76447004	76599170	81	-0.306
0e6d5849-a1e5-401b-ad41-f658f596dae9	15	76599286	76603433	19	0.5224
0e6d5849-a1e5-401b-ad41-f658f596dae9	15	76603434	77466658	380	-0.3298
0e6d5849-a1e5-401b-ad41-f658f596dae9	15	77470121	81112389	2515	-0.4092
0e6d5849-a1e5-401b-ad41-f658f596dae9	15	81112964	81796730	423	-0.3433
0e6d5849-a1e5-401b-ad41-f658f596dae9	15	81796850	81796869	2	-1.6865
0e6d5849-a1e5-401b-ad41-f658f596dae9	15	81804153	84159599	1276	-0.3631
0e6d5849-a1e5-401b-ad41-f658f596dae9	15	84192594	84246373	2	-1.8819
0e6d5849-a1e5-401b-ad41-f658f596dae9	15	84388504	93521005	6757	-0.3982
0e6d5849-a1e5-401b-ad41-f658f596dae9	15	93521405	98030314	3379	-0.3565
0e6d5849-a1e5-401b-ad41-f658f596dae9	15	98031318	101928837	2875	-0.4001
0e6d5849-a1e5-401b-ad41-f658f596dae9	16	10777	35827	4	0.1598
0e6d5849-a1e5-401b-ad41-f658f596dae9	16	36125	674084	293	-0.292
0e6d5849-a1e5-401b-ad41-f658f596dae9	16	681725	781121	17	0.2246
0e6d5849-a1e5-401b-ad41-f658f596dae9	16	781464	819924	8	-0.4238
0e6d5849-a1e5-401b-ad41-f658f596dae9	16	822304	1991593	411	0.1654
0e6d5849-a1e5-401b-ad41-f658f596dae9	16	1995446	2069122	15	0.6046
0e6d5849-a1e5-401b-ad41-f658f596dae9	16	2069302	5320409	1577	0.168
0e6d5849-a1e5-401b-ad41-f658f596dae9	16	5320520	10731376	5767	0.2377
0e6d5849-a1e5-401b-ad41-f658f596dae9	16	10732414	11048131	221	0.1612
0e6d5849-a1e5-401b-ad41-f658f596dae9	16	11048863	11177648	101	0.2798
0e6d5849-a1e5-401b-ad41-f658f596dae9	16	11179371	11293688	98	0.1615
0e6d5849-a1e5-401b-ad41-f658f596dae9	16	11295191	11295279	2	-0.889
0e6d5849-a1e5-401b-ad41-f658f596dae9	16	11295771	12612617	1004	0.2027
0e6d5849-a1e5-401b-ad41-f658f596dae9	16	12612630	12612645	3	-2.0398
0e6d5849-a1e5-401b-ad41-f658f596dae9	16	12612656	19933041	3944	0.2395
0e6d5849-a1e5-401b-ad41-f658f596dae9	16	19934328	19942125	12	-0.4959
0e6d5849-a1e5-401b-ad41-f658f596dae9	16	19942413	19959168	19	-0.0978
0e6d5849-a1e5-401b-ad41-f658f596dae9	16	19959496	21401082	892	0.2129
0e6d5849-a1e5-401b-ad41-f658f596dae9	16	21503753	21588178	27	-0.1961
0e6d5849-a1e5-401b-ad41-f658f596dae9	16	21590407	22430699	357	0.2764
0e6d5849-a1e5-401b-ad41-f658f596dae9	16	22546611	22699421	73	-0.1374
0e6d5849-a1e5-401b-ad41-f658f596dae9	16	22701658	30165932	4455	0.2096
0e6d5849-a1e5-401b-ad41-f658f596dae9	16	30166486	31594792	488	0.1263
0e6d5849-a1e5-401b-ad41-f658f596dae9	16	31598799	32198553	187	0.2261
0e6d5849-a1e5-401b-ad41-f658f596dae9	16	32198778	32458145	9	-0.3989
0e6d5849-a1e5-401b-ad41-f658f596dae9	16	32471634	50887637	3045	0.2071
0e6d5849-a1e5-401b-ad41-f658f596dae9	16	50888683	56528111	4379	0.2508
0e6d5849-a1e5-401b-ad41-f658f596dae9	16	56531032	58743703	1324	0.1899
0e6d5849-a1e5-401b-ad41-f658f596dae9	16	58747148	59624513	611	0.248
0e6d5849-a1e5-401b-ad41-f658f596dae9	16	59624859	59652028	12	0.0753
0e6d5849-a1e5-401b-ad41-f658f596dae9	16	59652138	65612222	3979	0.2786
0e6d5849-a1e5-401b-ad41-f658f596dae9	16	65612839	66430977	723	0.2462
0e6d5849-a1e5-401b-ad41-f658f596dae9	16	66431019	70105639	1654	0.1705
0e6d5849-a1e5-401b-ad41-f658f596dae9	16	70117657	70200633	18	-0.4568
0e6d5849-a1e5-401b-ad41-f658f596dae9	16	70212022	70944459	271	0.1446
0e6d5849-a1e5-401b-ad41-f658f596dae9	16	70945814	73539320	1413	0.2517
0e6d5849-a1e5-401b-ad41-f658f596dae9	16	73540555	73547650	7	-0.2866
0e6d5849-a1e5-401b-ad41-f658f596dae9	16	73552248	74350360	604	0.2453
0e6d5849-a1e5-401b-ad41-f658f596dae9	16	74363160	74418138	8	-0.4634
0e6d5849-a1e5-401b-ad41-f658f596dae9	16	74422703	75320180	536	0.1959
0e6d5849-a1e5-401b-ad41-f658f596dae9	16	75326198	77521936	1796	0.2887
0e6d5849-a1e5-401b-ad41-f658f596dae9	16	77523564	78337711	875	0.2248
0e6d5849-a1e5-401b-ad41-f658f596dae9	16	78338543	78347366	14	1.0672
0e6d5849-a1e5-401b-ad41-f658f596dae9	16	78349243	84921132	7166	0.2325
0e6d5849-a1e5-401b-ad41-f658f596dae9	16	84921945	85781203	547	0.1548
0e6d5849-a1e5-401b-ad41-f658f596dae9	16	85783911	90096867	2907	0.2152
0e6d5849-a1e5-401b-ad41-f658f596dae9	17	150733	1335567	582	0.3361
0e6d5849-a1e5-401b-ad41-f658f596dae9	17	1337649	10262672	5352	0.2543
0e6d5849-a1e5-401b-ad41-f658f596dae9	17	10265463	15431163	3979	0.3
0e6d5849-a1e5-401b-ad41-f658f596dae9	17	15432262	32551152	5593	0.262
0e6d5849-a1e5-401b-ad41-f658f596dae9	17	32551424	36109735	2756	0.294
0e6d5849-a1e5-401b-ad41-f658f596dae9	17	36112585	36200725	34	0.7308
0e6d5849-a1e5-401b-ad41-f658f596dae9	17	36208249	37874488	975	0.2726
0e6d5849-a1e5-401b-ad41-f658f596dae9	17	37876480	40514261	1065	0.2149
0e6d5849-a1e5-401b-ad41-f658f596dae9	17	40515092	41085237	386	0.2934
0e6d5849-a1e5-401b-ad41-f658f596dae9	17	41088020	41089704	2	-0.789
0e6d5849-a1e5-401b-ad41-f658f596dae9	17	41090139	41266762	99	0.3375
0e6d5849-a1e5-401b-ad41-f658f596dae9	17	41266774	41274198	22	-0.7347
0e6d5849-a1e5-401b-ad41-f658f596dae9	17	41274279	45699383	2223	0.2267
0e6d5849-a1e5-401b-ad41-f658f596dae9	17	45699492	46741267	437	0.326
0e6d5849-a1e5-401b-ad41-f658f596dae9	17	46741531	51188568	2291	0.2389
0e6d5849-a1e5-401b-ad41-f658f596dae9	17	51193998	56662882	3954	0.3262
0e6d5849-a1e5-401b-ad41-f658f596dae9	17	56666756	57610128	730	0.2774
0e6d5849-a1e5-401b-ad41-f658f596dae9	17	57610972	57611632	2	1.5223
0e6d5849-a1e5-401b-ad41-f658f596dae9	17	57614632	58123113	350	0.259
0e6d5849-a1e5-401b-ad41-f658f596dae9	17	58134739	58136733	5	-0.5899
0e6d5849-a1e5-401b-ad41-f658f596dae9	17	58140037	65685052	3677	0.2629
0e6d5849-a1e5-401b-ad41-f658f596dae9	17	65687108	68827930	2007	0.2966
0e6d5849-a1e5-401b-ad41-f658f596dae9	17	68830668	72077502	2414	0.328
0e6d5849-a1e5-401b-ad41-f658f596dae9	17	72078007	74689025	1917	0.2784
0e6d5849-a1e5-401b-ad41-f658f596dae9	17	74694557	83091923	4197	0.2292
0e6d5849-a1e5-401b-ad41-f658f596dae9	18	48133	26048902	13423	-0.3649
0e6d5849-a1e5-401b-ad41-f658f596dae9	18	26053170	39657207	8667	-0.3356
0e6d5849-a1e5-401b-ad41-f658f596dae9	18	39657717	39716931	38	-1.3578
0e6d5849-a1e5-401b-ad41-f658f596dae9	18	39716974	44780851	3268	-0.3277
0e6d5849-a1e5-401b-ad41-f658f596dae9	18	44782004	64560559	13861	-0.3601
0e6d5849-a1e5-401b-ad41-f658f596dae9	18	64561014	67938472	2343	-0.2986
0e6d5849-a1e5-401b-ad41-f658f596dae9	18	67941368	68124218	152	-0.5966
0e6d5849-a1e5-401b-ad41-f658f596dae9	18	68124710	68179088	37	-0.2861
0e6d5849-a1e5-401b-ad41-f658f596dae9	18	68182141	68216106	33	-3.9568
0e6d5849-a1e5-401b-ad41-f658f596dae9	18	68228789	73248563	3748	-0.3233
0e6d5849-a1e5-401b-ad41-f658f596dae9	18	73249324	79643088	4822	-0.3818
0e6d5849-a1e5-401b-ad41-f658f596dae9	18	79645731	79646203	3	-1.9117
0e6d5849-a1e5-401b-ad41-f658f596dae9	18	79650607	80257174	314	-0.3879
0e6d5849-a1e5-401b-ad41-f658f596dae9	19	90910	390341	79	0.2845
0e6d5849-a1e5-401b-ad41-f658f596dae9	19	412730	14642796	5777	0.1778
0e6d5849-a1e5-401b-ad41-f658f596dae9	19	14643447	14646590	2	1.7195
0e6d5849-a1e5-401b-ad41-f658f596dae9	19	14647188	14853283	159	0.1937
0e6d5849-a1e5-401b-ad41-f658f596dae9	19	14853731	14940475	85	0.3136
0e6d5849-a1e5-401b-ad41-f658f596dae9	19	14941182	19644408	2367	0.1658
0e6d5849-a1e5-401b-ad41-f658f596dae9	19	19651568	30793899	5101	0.2512
0e6d5849-a1e5-401b-ad41-f658f596dae9	19	30797211	30797633	2	-0.923
0e6d5849-a1e5-401b-ad41-f658f596dae9	19	30799692	34059237	2284	0.2432
0e6d5849-a1e5-401b-ad41-f658f596dae9	19	34062092	35358420	856	0.2123
0e6d5849-a1e5-401b-ad41-f658f596dae9	19	35364451	35370946	21	-0.3396
0e6d5849-a1e5-401b-ad41-f658f596dae9	19	35375842	42783310	3684	0.1972
0e6d5849-a1e5-401b-ad41-f658f596dae9	19	42784116	44402382	952	0.2511
0e6d5849-a1e5-401b-ad41-f658f596dae9	19	44402845	51402739	3211	0.1802
0e6d5849-a1e5-401b-ad41-f658f596dae9	19	51403535	58586487	4536	0.2432
0e6d5849-a1e5-401b-ad41-f658f596dae9	20	80664	1586808	1207	0.2711
0e6d5849-a1e5-401b-ad41-f658f596dae9	20	1587007	1617460	40	-0.3919
0e6d5849-a1e5-401b-ad41-f658f596dae9	20	1617690	1759797	151	0.2855
0e6d5849-a1e5-401b-ad41-f658f596dae9	20	1759857	3863648	1432	0.2048
0e6d5849-a1e5-401b-ad41-f658f596dae9	20	3865213	5465245	1236	0.2461
0e6d5849-a1e5-401b-ad41-f658f596dae9	20	5467003	5616773	85	0.3916
0e6d5849-a1e5-401b-ad41-f658f596dae9	20	5618026	6193852	429	0.23
0e6d5849-a1e5-401b-ad41-f658f596dae9	20	6194417	17810239	9407	0.2949
0e6d5849-a1e5-401b-ad41-f658f596dae9	20	17813895	30299021	6054	0.259
0e6d5849-a1e5-401b-ad41-f658f596dae9	20	30305015	39088907	4142	0.1974
0e6d5849-a1e5-401b-ad41-f658f596dae9	20	39090293	44889333	4236	0.246
0e6d5849-a1e5-401b-ad41-f658f596dae9	20	44892677	44948277	40	0.5236
0e6d5849-a1e5-401b-ad41-f658f596dae9	20	44948719	52209081	5058	0.2153
0e6d5849-a1e5-401b-ad41-f658f596dae9	20	52209807	56314803	3306	0.2736
0e6d5849-a1e5-401b-ad41-f658f596dae9	20	56320820	59725584	2653	0.2261
0e6d5849-a1e5-401b-ad41-f658f596dae9	20	59726456	61523459	1628	0.2691
0e6d5849-a1e5-401b-ad41-f658f596dae9	20	61523505	62237693	449	0.2329
0e6d5849-a1e5-401b-ad41-f658f596dae9	20	62237789	63528115	506	0.1771
0e6d5849-a1e5-401b-ad41-f658f596dae9	20	63529128	63531914	2	-0.7493
0e6d5849-a1e5-401b-ad41-f658f596dae9	20	63539265	64324800	329	0.2291
0e6d5849-a1e5-401b-ad41-f658f596dae9	21	10354168	13850551	292	-0.273
0e6d5849-a1e5-401b-ad41-f658f596dae9	21	13883107	13883478	2	-1.9326
0e6d5849-a1e5-401b-ad41-f658f596dae9	21	13913132	14128105	90	-0.2942
0e6d5849-a1e5-401b-ad41-f658f596dae9	21	14128408	26908194	9469	-0.222
0e6d5849-a1e5-401b-ad41-f658f596dae9	21	26910341	26910533	3	-2.4501
0e6d5849-a1e5-401b-ad41-f658f596dae9	21	26911285	30846180	2868	-0.2317
0e6d5849-a1e5-401b-ad41-f658f596dae9	21	30846627	46677045	11128	-0.2936
0e6d5849-a1e5-401b-ad41-f658f596dae9	22	15294547	16843230	199	-0.1438
0e6d5849-a1e5-401b-ad41-f658f596dae9	22	16844258	18190590	931	-0.2744
0e6d5849-a1e5-401b-ad41-f658f596dae9	22	18392404	18783014	7	0.741
0e6d5849-a1e5-401b-ad41-f658f596dae9	22	18818348	23981995	3256	-0.2365
0e6d5849-a1e5-401b-ad41-f658f596dae9	22	23988078	23989773	2	-3.386
0e6d5849-a1e5-401b-ad41-f658f596dae9	22	23990431	36108528	9148	-0.2571
0e6d5849-a1e5-401b-ad41-f658f596dae9	22	36108631	46710818	6524	-0.2925
0e6d5849-a1e5-401b-ad41-f658f596dae9	22	46712215	50796027	3201	-0.261
0e6d5849-a1e5-401b-ad41-f658f596dae9	X	251810	5003874	1662	-0.0155
0e6d5849-a1e5-401b-ad41-f658f596dae9	X	5004155	5004902	2	-1.4067
0e6d5849-a1e5-401b-ad41-f658f596dae9	X	5008487	6539630	1302	-0.0033
0e6d5849-a1e5-401b-ad41-f658f596dae9	X	6540769	6716405	129	0.2977
0e6d5849-a1e5-401b-ad41-f658f596dae9	X	6718920	21202716	9491	-0.0076
0e6d5849-a1e5-401b-ad41-f658f596dae9	X	21203556	37799803	10682	0.0141
0e6d5849-a1e5-401b-ad41-f658f596dae9	X	37800586	79582729	17467	-0.0123
0e6d5849-a1e5-401b-ad41-f658f596dae9	X	79583318	109596335	15875	0.0207
0e6d5849-a1e5-401b-ad41-f658f596dae9	X	109596355	141858199	18352	0.0014
0e6d5849-a1e5-401b-ad41-f658f596dae9	X	141860293	141863013	2	-1.4353
0e6d5849-a1e5-401b-ad41-f658f596dae9	X	141864501	151124426	6310	0.0013
0e6d5849-a1e5-401b-ad41-f658f596dae9	X	151125462	151126987	2	-1.8599
0e6d5849-a1e5-401b-ad41-f658f596dae9	X	151128083	155952689	2362	-0.0259
0e6d5849-a1e5-401b-ad41-f658f596dae9	Y	2782397	6076562	719	-2.6765
0e6d5849-a1e5-401b-ad41-f658f596dae9	Y	6080059	26077669	5749	-3.1234
0e6d5849-a1e5-401b-ad41-f658f596dae9	Y	26312501	56872112	171	-2.7277
