GDC_Aliquot	Chromosome	Start	End	Num_Probes	Segment_Mean
5356e797-c41a-48c2-98d9-6707634bfa23	1	62920	72776	4	-0.2026
5356e797-c41a-48c2-98d9-6707634bfa23	1	82170	825988	31	0.5541
5356e797-c41a-48c2-98d9-6707634bfa23	1	826738	965731	30	0.0345
5356e797-c41a-48c2-98d9-6707634bfa23	1	968658	3298168	666	-0.2294
5356e797-c41a-48c2-98d9-6707634bfa23	1	3301765	16504325	7874	-0.0093
5356e797-c41a-48c2-98d9-6707634bfa23	1	16505368	16643961	34	0.4729
5356e797-c41a-48c2-98d9-6707634bfa23	1	16679239	16864367	28	-0.0012
5356e797-c41a-48c2-98d9-6707634bfa23	1	16868660	16951445	55	-0.4505
5356e797-c41a-48c2-98d9-6707634bfa23	1	16955930	18638866	1259	-0.0101
5356e797-c41a-48c2-98d9-6707634bfa23	1	18649723	18653905	3	-2.4853
5356e797-c41a-48c2-98d9-6707634bfa23	1	18654300	25269390	3977	-0.0016
5356e797-c41a-48c2-98d9-6707634bfa23	1	25269456	25292440	14	-0.8934
5356e797-c41a-48c2-98d9-6707634bfa23	1	25292549	65157136	23987	-0.0008
5356e797-c41a-48c2-98d9-6707634bfa23	1	65157601	65160069	2	-2.426
5356e797-c41a-48c2-98d9-6707634bfa23	1	65161032	65432064	168	-0.0099
5356e797-c41a-48c2-98d9-6707634bfa23	1	65432186	65437762	4	-1.162
5356e797-c41a-48c2-98d9-6707634bfa23	1	65441079	72297687	4481	0.0072
5356e797-c41a-48c2-98d9-6707634bfa23	1	72302735	72345465	48	1.2942
5356e797-c41a-48c2-98d9-6707634bfa23	1	72346221	75585159	1924	0.0253
5356e797-c41a-48c2-98d9-6707634bfa23	1	75589078	75589169	2	-3.1109
5356e797-c41a-48c2-98d9-6707634bfa23	1	75593824	83103261	5028	0.0138
5356e797-c41a-48c2-98d9-6707634bfa23	1	83107719	83108186	3	-1.174
5356e797-c41a-48c2-98d9-6707634bfa23	1	83108757	97076087	8999	0.0124
5356e797-c41a-48c2-98d9-6707634bfa23	1	97076680	97077241	3	-1.688
5356e797-c41a-48c2-98d9-6707634bfa23	1	97079773	105470754	4920	0.0125
5356e797-c41a-48c2-98d9-6707634bfa23	1	105476583	105479753	17	-2.1219
5356e797-c41a-48c2-98d9-6707634bfa23	1	105481433	109684893	2628	0.0271
5356e797-c41a-48c2-98d9-6707634bfa23	1	109690352	109702376	14	1.194
5356e797-c41a-48c2-98d9-6707634bfa23	1	109703504	110783996	786	0.0098
5356e797-c41a-48c2-98d9-6707634bfa23	1	110784923	110852244	88	0.243
5356e797-c41a-48c2-98d9-6707634bfa23	1	110852488	111285776	311	0.0076
5356e797-c41a-48c2-98d9-6707634bfa23	1	111285842	111292208	30	0.4575
5356e797-c41a-48c2-98d9-6707634bfa23	1	111292362	119979978	5758	0.0092
5356e797-c41a-48c2-98d9-6707634bfa23	1	119981279	145737288	294	0.1774
5356e797-c41a-48c2-98d9-6707634bfa23	1	145741253	152583230	2261	0.02
5356e797-c41a-48c2-98d9-6707634bfa23	1	152583291	152614100	33	-2.024
5356e797-c41a-48c2-98d9-6707634bfa23	1	152614118	152630845	29	0.0181
5356e797-c41a-48c2-98d9-6707634bfa23	1	152630997	152633571	5	0.6254
5356e797-c41a-48c2-98d9-6707634bfa23	1	152633634	152787202	133	0.0681
5356e797-c41a-48c2-98d9-6707634bfa23	1	152789447	152806082	42	0.5424
5356e797-c41a-48c2-98d9-6707634bfa23	1	152806100	158896783	3593	0.0027
5356e797-c41a-48c2-98d9-6707634bfa23	1	158898711	158899969	2	2.3457
5356e797-c41a-48c2-98d9-6707634bfa23	1	158905028	161539085	1635	0.0053
5356e797-c41a-48c2-98d9-6707634bfa23	1	161553345	161649222	10	0.8517
5356e797-c41a-48c2-98d9-6707634bfa23	1	161649268	174827128	9492	0.0055
5356e797-c41a-48c2-98d9-6707634bfa23	1	174827267	174832716	18	-0.8593
5356e797-c41a-48c2-98d9-6707634bfa23	1	174832734	189316983	9619	0.0061
5356e797-c41a-48c2-98d9-6707634bfa23	1	189317045	189553933	149	0.2198
5356e797-c41a-48c2-98d9-6707634bfa23	1	189557469	196762956	4822	0.0165
5356e797-c41a-48c2-98d9-6707634bfa23	1	196769493	196846661	57	-0.4921
5356e797-c41a-48c2-98d9-6707634bfa23	1	196847600	198622365	1055	0.0277
5356e797-c41a-48c2-98d9-6707634bfa23	1	198623659	198624054	2	-1.2443
5356e797-c41a-48c2-98d9-6707634bfa23	1	198629717	199105896	267	-0.0126
5356e797-c41a-48c2-98d9-6707634bfa23	1	199107857	199120152	12	0.5123
5356e797-c41a-48c2-98d9-6707634bfa23	1	199120266	199138424	27	-0.0747
5356e797-c41a-48c2-98d9-6707634bfa23	1	199138468	199145844	17	0.4974
5356e797-c41a-48c2-98d9-6707634bfa23	1	199145946	209897717	7364	0.0003
5356e797-c41a-48c2-98d9-6707634bfa23	1	209908268	209910639	3	-2.3631
5356e797-c41a-48c2-98d9-6707634bfa23	1	209913207	238303532	19536	0.0019
5356e797-c41a-48c2-98d9-6707634bfa23	1	238306757	238307005	4	-1.4515
5356e797-c41a-48c2-98d9-6707634bfa23	1	238307645	240228440	1532	0.0044
5356e797-c41a-48c2-98d9-6707634bfa23	1	240230715	240230824	5	0.9016
5356e797-c41a-48c2-98d9-6707634bfa23	1	240230839	241949035	1363	0.0066
5356e797-c41a-48c2-98d9-6707634bfa23	1	241950290	241969270	5	-1.0334
5356e797-c41a-48c2-98d9-6707634bfa23	1	241969474	247775109	3839	0.0169
5356e797-c41a-48c2-98d9-6707634bfa23	1	247775446	247775555	2	-1.9896
5356e797-c41a-48c2-98d9-6707634bfa23	1	247775696	248574146	451	0.097
5356e797-c41a-48c2-98d9-6707634bfa23	1	248585893	248633912	32	-2.249
5356e797-c41a-48c2-98d9-6707634bfa23	1	248645563	248930189	141	0.0042
5356e797-c41a-48c2-98d9-6707634bfa23	2	12784	1494982	1005	0.0027
5356e797-c41a-48c2-98d9-6707634bfa23	2	1496946	1872064	201	-0.2313
5356e797-c41a-48c2-98d9-6707634bfa23	2	1872389	34466002	22798	0.0053
5356e797-c41a-48c2-98d9-6707634bfa23	2	34474248	34511990	46	-0.7488
5356e797-c41a-48c2-98d9-6707634bfa23	2	34512096	35750907	870	0.0617
5356e797-c41a-48c2-98d9-6707634bfa23	2	35752724	35762850	6	-1.7606
5356e797-c41a-48c2-98d9-6707634bfa23	2	35762881	41010869	3902	0.0242
5356e797-c41a-48c2-98d9-6707634bfa23	2	41010908	41018409	27	0.4804
5356e797-c41a-48c2-98d9-6707634bfa23	2	41018747	43294028	1661	0.0071
5356e797-c41a-48c2-98d9-6707634bfa23	2	43298700	43305385	9	-1.3648
5356e797-c41a-48c2-98d9-6707634bfa23	2	43311568	50673839	5215	0.0049
5356e797-c41a-48c2-98d9-6707634bfa23	2	50675793	51319583	453	0.1234
5356e797-c41a-48c2-98d9-6707634bfa23	2	51319908	51707382	285	-0.0162
5356e797-c41a-48c2-98d9-6707634bfa23	2	51709454	51712865	4	0.7458
5356e797-c41a-48c2-98d9-6707634bfa23	2	51713580	52030414	190	0.0197
5356e797-c41a-48c2-98d9-6707634bfa23	2	52030561	52509476	316	0.1109
5356e797-c41a-48c2-98d9-6707634bfa23	2	52509498	52554404	52	0.3787
5356e797-c41a-48c2-98d9-6707634bfa23	2	52560811	52599433	31	0.1496
5356e797-c41a-48c2-98d9-6707634bfa23	2	52599853	87070602	21871	0.0116
5356e797-c41a-48c2-98d9-6707634bfa23	2	87074984	87082140	3	-1.7155
5356e797-c41a-48c2-98d9-6707634bfa23	2	87082711	88831554	591	0.024
5356e797-c41a-48c2-98d9-6707634bfa23	2	88833611	88854190	38	-1.7245
5356e797-c41a-48c2-98d9-6707634bfa23	2	88858099	89011856	78	-0.7364
5356e797-c41a-48c2-98d9-6707634bfa23	2	89014207	89981062	80	-0.1768
5356e797-c41a-48c2-98d9-6707634bfa23	2	89981175	94681256	188	0.2113
5356e797-c41a-48c2-98d9-6707634bfa23	2	94682300	97160405	826	0.0039
5356e797-c41a-48c2-98d9-6707634bfa23	2	97160480	97354016	38	0.3983
5356e797-c41a-48c2-98d9-6707634bfa23	2	97354835	97645672	38	0.1435
5356e797-c41a-48c2-98d9-6707634bfa23	2	97646002	97658064	8	-1.0192
5356e797-c41a-48c2-98d9-6707634bfa23	2	97660859	116240781	10897	0.0032
5356e797-c41a-48c2-98d9-6707634bfa23	2	116245840	116246820	2	-1.8249
5356e797-c41a-48c2-98d9-6707634bfa23	2	116248663	116731000	292	-0.014
5356e797-c41a-48c2-98d9-6707634bfa23	2	116731546	117531118	487	0.1061
5356e797-c41a-48c2-98d9-6707634bfa23	2	117531499	123297301	3729	-0.0063
5356e797-c41a-48c2-98d9-6707634bfa23	2	123297422	123587442	224	0.1597
5356e797-c41a-48c2-98d9-6707634bfa23	2	123589745	124685578	723	0.0039
5356e797-c41a-48c2-98d9-6707634bfa23	2	124688613	125697798	587	0.0986
5356e797-c41a-48c2-98d9-6707634bfa23	2	125697930	127084354	886	-0.0006
5356e797-c41a-48c2-98d9-6707634bfa23	2	127084661	127100187	12	-0.9949
5356e797-c41a-48c2-98d9-6707634bfa23	2	127100370	128881337	1027	-0.0111
5356e797-c41a-48c2-98d9-6707634bfa23	2	128881387	128882755	11	-1.2654
5356e797-c41a-48c2-98d9-6707634bfa23	2	128888874	183514135	33346	0.0098
5356e797-c41a-48c2-98d9-6707634bfa23	2	183514688	188422109	2753	0.0682
5356e797-c41a-48c2-98d9-6707634bfa23	2	188423828	242147305	33169	0.0062
5356e797-c41a-48c2-98d9-6707634bfa23	3	20930	1452268	1225	0.1019
5356e797-c41a-48c2-98d9-6707634bfa23	3	1452580	1454809	4	-1.4112
5356e797-c41a-48c2-98d9-6707634bfa23	3	1455137	2859381	1238	0.0864
5356e797-c41a-48c2-98d9-6707634bfa23	3	2859675	5490580	2338	0.0216
5356e797-c41a-48c2-98d9-6707634bfa23	3	5490691	6771902	1131	0.0792
5356e797-c41a-48c2-98d9-6707634bfa23	3	6772091	8327629	1372	0.0078
5356e797-c41a-48c2-98d9-6707634bfa23	3	8327946	8397392	42	0.3133
5356e797-c41a-48c2-98d9-6707634bfa23	3	8400676	21056629	8331	-0.0035
5356e797-c41a-48c2-98d9-6707634bfa23	3	21056985	21278896	152	0.1666
5356e797-c41a-48c2-98d9-6707634bfa23	3	21280050	21785030	421	-0.0128
5356e797-c41a-48c2-98d9-6707634bfa23	3	21785172	22134443	350	0.1199
5356e797-c41a-48c2-98d9-6707634bfa23	3	22139681	22139690	2	1.584
5356e797-c41a-48c2-98d9-6707634bfa23	3	22139954	22263264	104	0.0769
5356e797-c41a-48c2-98d9-6707634bfa23	3	22264276	26570255	3195	0.006
5356e797-c41a-48c2-98d9-6707634bfa23	3	26570378	26570394	2	-2.442
5356e797-c41a-48c2-98d9-6707634bfa23	3	26570407	60011386	20570	0.0023
5356e797-c41a-48c2-98d9-6707634bfa23	3	60015476	60956625	1054	0.0981
5356e797-c41a-48c2-98d9-6707634bfa23	3	60959303	68682877	6049	0.006
5356e797-c41a-48c2-98d9-6707634bfa23	3	68697013	68698262	15	1.628
5356e797-c41a-48c2-98d9-6707634bfa23	3	68699607	75326959	4830	0.0049
5356e797-c41a-48c2-98d9-6707634bfa23	3	75327311	75355012	18	-0.7168
5356e797-c41a-48c2-98d9-6707634bfa23	3	75357247	75403949	13	0.1484
5356e797-c41a-48c2-98d9-6707634bfa23	3	75407149	75417000	15	-0.2241
5356e797-c41a-48c2-98d9-6707634bfa23	3	75420058	75519398	35	0.2491
5356e797-c41a-48c2-98d9-6707634bfa23	3	75523398	75528153	3	-1.8883
5356e797-c41a-48c2-98d9-6707634bfa23	3	75529707	89620865	7843	0.0153
5356e797-c41a-48c2-98d9-6707634bfa23	3	89622183	89624990	8	-1.057
5356e797-c41a-48c2-98d9-6707634bfa23	3	89629449	98180575	2507	0.0066
5356e797-c41a-48c2-98d9-6707634bfa23	3	98189826	98194581	3	1.06
5356e797-c41a-48c2-98d9-6707634bfa23	3	98195973	99137543	550	0.0143
5356e797-c41a-48c2-98d9-6707634bfa23	3	99138260	99234917	82	0.2146
5356e797-c41a-48c2-98d9-6707634bfa23	3	99246033	100607341	738	-0.0016
5356e797-c41a-48c2-98d9-6707634bfa23	3	100607461	100723665	59	0.749
5356e797-c41a-48c2-98d9-6707634bfa23	3	100727772	108908499	5014	0.0125
5356e797-c41a-48c2-98d9-6707634bfa23	3	108909083	109281614	245	0.154
5356e797-c41a-48c2-98d9-6707634bfa23	3	109283185	128662406	11945	0.0027
5356e797-c41a-48c2-98d9-6707634bfa23	3	128665680	128702752	19	0.8995
5356e797-c41a-48c2-98d9-6707634bfa23	3	128705515	130044016	614	0.0056
5356e797-c41a-48c2-98d9-6707634bfa23	3	130044855	130067097	6	-0.6553
5356e797-c41a-48c2-98d9-6707634bfa23	3	130067366	130087393	32	-2.0418
5356e797-c41a-48c2-98d9-6707634bfa23	3	130088081	146661402	10352	0.008
5356e797-c41a-48c2-98d9-6707634bfa23	3	146665207	147738378	568	0.1187
5356e797-c41a-48c2-98d9-6707634bfa23	3	147743379	162790480	9264	0.0152
5356e797-c41a-48c2-98d9-6707634bfa23	3	162794869	162906093	67	0.8214
5356e797-c41a-48c2-98d9-6707634bfa23	3	162906109	162996729	75	0.1079
5356e797-c41a-48c2-98d9-6707634bfa23	3	162999939	163001774	2	-3.1289
5356e797-c41a-48c2-98d9-6707634bfa23	3	163008371	165323075	1241	0.027
5356e797-c41a-48c2-98d9-6707634bfa23	3	165323760	165337022	20	-1.3434
5356e797-c41a-48c2-98d9-6707634bfa23	3	165337036	165364151	45	-0.7995
5356e797-c41a-48c2-98d9-6707634bfa23	3	165367641	165816735	284	0.0201
5356e797-c41a-48c2-98d9-6707634bfa23	3	165817669	166150015	191	0.1963
5356e797-c41a-48c2-98d9-6707634bfa23	3	166162696	169012392	1579	0.0127
5356e797-c41a-48c2-98d9-6707634bfa23	3	169015614	169020840	2	-2.6099
5356e797-c41a-48c2-98d9-6707634bfa23	3	169022039	171617010	1668	-0.0098
5356e797-c41a-48c2-98d9-6707634bfa23	3	171620002	171982159	223	0.1275
5356e797-c41a-48c2-98d9-6707634bfa23	3	171987983	173417067	923	0.0025
5356e797-c41a-48c2-98d9-6707634bfa23	3	173417604	173888882	343	0.1387
5356e797-c41a-48c2-98d9-6707634bfa23	3	173890096	175363536	1044	0.0032
5356e797-c41a-48c2-98d9-6707634bfa23	3	175368999	177142815	1140	0.074
5356e797-c41a-48c2-98d9-6707634bfa23	3	177147900	189642965	7822	0.0052
5356e797-c41a-48c2-98d9-6707634bfa23	3	189645889	189653199	12	-0.9999
5356e797-c41a-48c2-98d9-6707634bfa23	3	189653225	189914862	185	0.0171
5356e797-c41a-48c2-98d9-6707634bfa23	3	189914875	189923264	6	0.7315
5356e797-c41a-48c2-98d9-6707634bfa23	3	189928862	190538297	461	0.0074
5356e797-c41a-48c2-98d9-6707634bfa23	3	190542248	190542906	3	-1.6758
5356e797-c41a-48c2-98d9-6707634bfa23	3	190543126	191401348	576	0.003
5356e797-c41a-48c2-98d9-6707634bfa23	3	191402029	191406229	3	1.2266
5356e797-c41a-48c2-98d9-6707634bfa23	3	191406288	193156018	1245	0.0284
5356e797-c41a-48c2-98d9-6707634bfa23	3	193156958	193165114	21	-0.9697
5356e797-c41a-48c2-98d9-6707634bfa23	3	193168646	195729177	1508	0.0038
5356e797-c41a-48c2-98d9-6707634bfa23	3	195730018	195752877	14	-1.0328
5356e797-c41a-48c2-98d9-6707634bfa23	3	195754940	198169247	1163	0.0447
5356e797-c41a-48c2-98d9-6707634bfa23	4	68929	121682	37	0.836
5356e797-c41a-48c2-98d9-6707634bfa23	4	141056	780829	228	0.0257
5356e797-c41a-48c2-98d9-6707634bfa23	4	783123	783946	2	-1.9282
5356e797-c41a-48c2-98d9-6707634bfa23	4	788513	5160662	2151	-0.0195
5356e797-c41a-48c2-98d9-6707634bfa23	4	5160764	5177975	12	-0.7323
5356e797-c41a-48c2-98d9-6707634bfa23	4	5179462	7429539	1776	-0.0286
5356e797-c41a-48c2-98d9-6707634bfa23	4	7429741	7457030	24	-0.5662
5356e797-c41a-48c2-98d9-6707634bfa23	4	7457617	34785333	18409	0.0031
5356e797-c41a-48c2-98d9-6707634bfa23	4	34785368	34823103	36	-0.6487
5356e797-c41a-48c2-98d9-6707634bfa23	4	34828250	45003738	6610	0.0151
5356e797-c41a-48c2-98d9-6707634bfa23	4	45003835	45004318	4	-1.2232
5356e797-c41a-48c2-98d9-6707634bfa23	4	45008952	48143104	1738	0.0043
5356e797-c41a-48c2-98d9-6707634bfa23	4	48143155	48188427	98	0.2719
5356e797-c41a-48c2-98d9-6707634bfa23	4	48188503	49214614	488	0.0658
5356e797-c41a-48c2-98d9-6707634bfa23	4	49289175	49289338	2	1.8456
5356e797-c41a-48c2-98d9-6707634bfa23	4	49295203	49508382	4	-0.6512
5356e797-c41a-48c2-98d9-6707634bfa23	4	49509185	49654578	13	0.5864
5356e797-c41a-48c2-98d9-6707634bfa23	4	49656206	63806949	7527	0.0007
5356e797-c41a-48c2-98d9-6707634bfa23	4	63807836	63850713	43	0.3274
5356e797-c41a-48c2-98d9-6707634bfa23	4	63851308	64955247	661	0.0047
5356e797-c41a-48c2-98d9-6707634bfa23	4	64955795	64969657	24	0.2688
5356e797-c41a-48c2-98d9-6707634bfa23	4	64971241	64978716	11	0.7014
5356e797-c41a-48c2-98d9-6707634bfa23	4	64979039	68472846	2166	-0.0041
5356e797-c41a-48c2-98d9-6707634bfa23	4	68478894	68623617	70	0.565
5356e797-c41a-48c2-98d9-6707634bfa23	4	68639397	69257792	311	0.1507
5356e797-c41a-48c2-98d9-6707634bfa23	4	69261926	69412731	76	0.3712
5356e797-c41a-48c2-98d9-6707634bfa23	4	69414814	124538250	33299	0.0068
5356e797-c41a-48c2-98d9-6707634bfa23	4	124539196	124541780	3	-1.7051
5356e797-c41a-48c2-98d9-6707634bfa23	4	124541870	132375518	4460	0.0188
5356e797-c41a-48c2-98d9-6707634bfa23	4	132375635	132375715	2	-1.9165
5356e797-c41a-48c2-98d9-6707634bfa23	4	132380796	137258291	2747	0.0266
5356e797-c41a-48c2-98d9-6707634bfa23	4	137261279	137269730	50	-0.839
5356e797-c41a-48c2-98d9-6707634bfa23	4	137270816	160935202	14496	0.0073
5356e797-c41a-48c2-98d9-6707634bfa23	4	160935758	161187789	210	0.184
5356e797-c41a-48c2-98d9-6707634bfa23	4	161188535	161525053	258	0.015
5356e797-c41a-48c2-98d9-6707634bfa23	4	161525172	161529149	2	-1.9058
5356e797-c41a-48c2-98d9-6707634bfa23	4	161535624	171447291	6224	0.0238
5356e797-c41a-48c2-98d9-6707634bfa23	4	171447380	171456625	14	-1.1838
5356e797-c41a-48c2-98d9-6707634bfa23	4	171459220	172400116	575	0.0208
5356e797-c41a-48c2-98d9-6707634bfa23	4	172400639	172413955	16	0.4509
5356e797-c41a-48c2-98d9-6707634bfa23	4	172418685	172490512	36	0.0588
5356e797-c41a-48c2-98d9-6707634bfa23	4	172491079	172519981	18	0.6218
5356e797-c41a-48c2-98d9-6707634bfa23	4	172532557	177134401	2701	0.0123
5356e797-c41a-48c2-98d9-6707634bfa23	4	177135692	177139252	3	1.0872
5356e797-c41a-48c2-98d9-6707634bfa23	4	177140937	178421722	903	0.0195
5356e797-c41a-48c2-98d9-6707634bfa23	4	178421781	178758654	253	0.1977
5356e797-c41a-48c2-98d9-6707634bfa23	4	178759430	188300104	6793	0.0206
5356e797-c41a-48c2-98d9-6707634bfa23	4	188300206	188300221	2	-1.9354
5356e797-c41a-48c2-98d9-6707634bfa23	4	188300270	190106768	1142	0.0666
5356e797-c41a-48c2-98d9-6707634bfa23	5	15532	48840	18	0.1178
5356e797-c41a-48c2-98d9-6707634bfa23	5	49445	1891707	902	-0.1613
5356e797-c41a-48c2-98d9-6707634bfa23	5	1892645	12800777	9239	0.0049
5356e797-c41a-48c2-98d9-6707634bfa23	5	12815668	12826538	11	-1.8362
5356e797-c41a-48c2-98d9-6707634bfa23	5	12833745	15718383	1964	0.009
5356e797-c41a-48c2-98d9-6707634bfa23	5	15719113	15776193	41	0.3514
5356e797-c41a-48c2-98d9-6707634bfa23	5	15779382	20385448	2858	0.021
5356e797-c41a-48c2-98d9-6707634bfa23	5	20385659	20563922	165	0.2191
5356e797-c41a-48c2-98d9-6707634bfa23	5	20564172	21434769	453	0.0174
5356e797-c41a-48c2-98d9-6707634bfa23	5	21435254	21449167	9	0.6919
5356e797-c41a-48c2-98d9-6707634bfa23	5	21451091	21452329	5	-1.9299
5356e797-c41a-48c2-98d9-6707634bfa23	5	21452387	21586773	36	0.2562
5356e797-c41a-48c2-98d9-6707634bfa23	5	21586874	22410494	452	-0.0012
5356e797-c41a-48c2-98d9-6707634bfa23	5	22419490	22444371	13	0.1854
5356e797-c41a-48c2-98d9-6707634bfa23	5	22445685	22446010	2	-1.3551
5356e797-c41a-48c2-98d9-6707634bfa23	5	22450785	25053472	1564	0.0068
5356e797-c41a-48c2-98d9-6707634bfa23	5	25053532	25293881	139	0.2085
5356e797-c41a-48c2-98d9-6707634bfa23	5	25294145	34023295	5621	0.0013
5356e797-c41a-48c2-98d9-6707634bfa23	5	34023842	34370426	126	0.214
5356e797-c41a-48c2-98d9-6707634bfa23	5	34371751	45383300	6676	0.0062
5356e797-c41a-48c2-98d9-6707634bfa23	5	45390579	46271006	281	0.1269
5356e797-c41a-48c2-98d9-6707634bfa23	5	46271828	46273400	6	1.0936
5356e797-c41a-48c2-98d9-6707634bfa23	5	46278110	50829022	289	0.1285
5356e797-c41a-48c2-98d9-6707634bfa23	5	50837510	57053605	4137	0.0067
5356e797-c41a-48c2-98d9-6707634bfa23	5	57053871	57054352	4	-0.9663
5356e797-c41a-48c2-98d9-6707634bfa23	5	57054618	58033288	626	0.0093
5356e797-c41a-48c2-98d9-6707634bfa23	5	58033703	58037706	28	-0.5442
5356e797-c41a-48c2-98d9-6707634bfa23	5	58042530	62277545	2821	0.0024
5356e797-c41a-48c2-98d9-6707634bfa23	5	62279164	62286365	4	-1.1458
5356e797-c41a-48c2-98d9-6707634bfa23	5	62286902	69533206	4436	0.0115
5356e797-c41a-48c2-98d9-6707634bfa23	5	69533520	71365381	30	0.5128
5356e797-c41a-48c2-98d9-6707634bfa23	5	71366831	82122944	6842	0.0101
5356e797-c41a-48c2-98d9-6707634bfa23	5	82123459	82131663	3	-2.4754
5356e797-c41a-48c2-98d9-6707634bfa23	5	82132219	99147616	9517	0.0032
5356e797-c41a-48c2-98d9-6707634bfa23	5	99152826	100236175	631	0.1508
5356e797-c41a-48c2-98d9-6707634bfa23	5	100236716	102139923	1147	0.0386
5356e797-c41a-48c2-98d9-6707634bfa23	5	102140678	102148124	4	1.282
5356e797-c41a-48c2-98d9-6707634bfa23	5	102149877	104515520	1306	0.0269
5356e797-c41a-48c2-98d9-6707634bfa23	5	104524672	104524903	4	1.3985
5356e797-c41a-48c2-98d9-6707634bfa23	5	104525348	106736980	1301	0.0149
5356e797-c41a-48c2-98d9-6707634bfa23	5	106744578	106896815	109	0.2323
5356e797-c41a-48c2-98d9-6707634bfa23	5	106896830	106920232	15	0.6346
5356e797-c41a-48c2-98d9-6707634bfa23	5	106920352	144024886	23752	0.0075
5356e797-c41a-48c2-98d9-6707634bfa23	5	144027118	144030771	5	-1.2651
5356e797-c41a-48c2-98d9-6707634bfa23	5	144031142	152134610	5462	-0.0108
5356e797-c41a-48c2-98d9-6707634bfa23	5	152135825	152140710	15	-1.1445
5356e797-c41a-48c2-98d9-6707634bfa23	5	152140861	156049988	2653	-0.005
5356e797-c41a-48c2-98d9-6707634bfa23	5	156051752	156055719	11	-0.7478
5356e797-c41a-48c2-98d9-6707634bfa23	5	156068240	180951888	16530	-0.003
5356e797-c41a-48c2-98d9-6707634bfa23	5	180953203	180972373	5	-1.5387
5356e797-c41a-48c2-98d9-6707634bfa23	5	180975764	181363319	182	-0.0717
5356e797-c41a-48c2-98d9-6707634bfa23	6	149661	192679	23	0.2491
5356e797-c41a-48c2-98d9-6707634bfa23	6	194876	241344	60	-0.1515
5356e797-c41a-48c2-98d9-6707634bfa23	6	245187	254283	18	0.2072
5356e797-c41a-48c2-98d9-6707634bfa23	6	257353	294725	21	-0.9696
5356e797-c41a-48c2-98d9-6707634bfa23	6	294837	320872	8	-0.0588
5356e797-c41a-48c2-98d9-6707634bfa23	6	322696	331879	11	0.6678
5356e797-c41a-48c2-98d9-6707634bfa23	6	334179	366333	52	0.2394
5356e797-c41a-48c2-98d9-6707634bfa23	6	373453	380821	7	0.762
5356e797-c41a-48c2-98d9-6707634bfa23	6	381149	19039888	14504	0.0063
5356e797-c41a-48c2-98d9-6707634bfa23	6	19041950	19042587	3	-1.6145
5356e797-c41a-48c2-98d9-6707634bfa23	6	19044471	29869411	6853	0.0105
5356e797-c41a-48c2-98d9-6707634bfa23	6	29869537	29882603	18	-0.8865
5356e797-c41a-48c2-98d9-6707634bfa23	6	29903859	32463515	1152	-0.0064
5356e797-c41a-48c2-98d9-6707634bfa23	6	32463775	32605994	34	1.8003
5356e797-c41a-48c2-98d9-6707634bfa23	6	32606237	32744470	91	0.46
5356e797-c41a-48c2-98d9-6707634bfa23	6	32744607	33970222	733	-0.0181
5356e797-c41a-48c2-98d9-6707634bfa23	6	33970966	33974928	7	-1.1882
5356e797-c41a-48c2-98d9-6707634bfa23	6	33976809	54066269	12838	0.0013
5356e797-c41a-48c2-98d9-6707634bfa23	6	54066286	54067057	8	-1.3263
5356e797-c41a-48c2-98d9-6707634bfa23	6	54070550	57979980	2020	0.0049
5356e797-c41a-48c2-98d9-6707634bfa23	6	57982582	61828648	737	0.1244
5356e797-c41a-48c2-98d9-6707634bfa23	6	61829466	66298369	2560	0.0053
5356e797-c41a-48c2-98d9-6707634bfa23	6	66298393	66338736	56	-0.9293
5356e797-c41a-48c2-98d9-6707634bfa23	6	66339513	68976737	1843	0.0318
5356e797-c41a-48c2-98d9-6707634bfa23	6	68977806	68981476	4	-1.4693
5356e797-c41a-48c2-98d9-6707634bfa23	6	68987514	74823796	3753	0.0154
5356e797-c41a-48c2-98d9-6707634bfa23	6	74824464	74824465	2	2.7602
5356e797-c41a-48c2-98d9-6707634bfa23	6	74824680	76718872	1148	0.005
5356e797-c41a-48c2-98d9-6707634bfa23	6	76719482	76758214	29	0.4601
5356e797-c41a-48c2-98d9-6707634bfa23	6	76758749	78225040	950	0.0157
5356e797-c41a-48c2-98d9-6707634bfa23	6	78225092	78343294	151	0.3058
5356e797-c41a-48c2-98d9-6707634bfa23	6	78345088	93879612	9933	0.0105
5356e797-c41a-48c2-98d9-6707634bfa23	6	93880211	95388284	714	0.1391
5356e797-c41a-48c2-98d9-6707634bfa23	6	95388756	103286954	4767	0.0034
5356e797-c41a-48c2-98d9-6707634bfa23	6	103290101	103314186	46	-1.1814
5356e797-c41a-48c2-98d9-6707634bfa23	6	103317795	132385122	17869	0.007
5356e797-c41a-48c2-98d9-6707634bfa23	6	132388218	132391904	5	-1.1194
5356e797-c41a-48c2-98d9-6707634bfa23	6	132398229	140840019	5631	0.0046
5356e797-c41a-48c2-98d9-6707634bfa23	6	140840175	140875976	23	0.449
5356e797-c41a-48c2-98d9-6707634bfa23	6	140876209	162003411	14338	0.0032
5356e797-c41a-48c2-98d9-6707634bfa23	6	162003547	162700862	579	0.1089
5356e797-c41a-48c2-98d9-6707634bfa23	6	162701188	167187481	3435	-0.0008
5356e797-c41a-48c2-98d9-6707634bfa23	6	167187860	168668022	781	-0.1134
5356e797-c41a-48c2-98d9-6707634bfa23	6	168673408	169768346	903	-0.0018
5356e797-c41a-48c2-98d9-6707634bfa23	6	169768395	170231419	175	-0.203
5356e797-c41a-48c2-98d9-6707634bfa23	6	170231836	170741917	242	-0.023
5356e797-c41a-48c2-98d9-6707634bfa23	7	43355	198049	126	-0.2385
5356e797-c41a-48c2-98d9-6707634bfa23	7	198119	927563	96	0.0198
5356e797-c41a-48c2-98d9-6707634bfa23	7	928825	1123112	90	-0.2746
5356e797-c41a-48c2-98d9-6707634bfa23	7	1124056	2340533	446	-0.0156
5356e797-c41a-48c2-98d9-6707634bfa23	7	2340729	2412738	30	-0.4122
5356e797-c41a-48c2-98d9-6707634bfa23	7	2412989	8151114	3719	0.0099
5356e797-c41a-48c2-98d9-6707634bfa23	7	8151481	9772653	1368	0.0633
5356e797-c41a-48c2-98d9-6707634bfa23	7	9776393	9778006	4	-1.1371
5356e797-c41a-48c2-98d9-6707634bfa23	7	9778518	10595698	597	0.1023
5356e797-c41a-48c2-98d9-6707634bfa23	7	10596666	15187434	3706	0.0125
5356e797-c41a-48c2-98d9-6707634bfa23	7	15190357	15191106	3	-1.4989
5356e797-c41a-48c2-98d9-6707634bfa23	7	15194883	15988512	663	0.0164
5356e797-c41a-48c2-98d9-6707634bfa23	7	15990240	15997283	2	1.5032
5356e797-c41a-48c2-98d9-6707634bfa23	7	15999055	16556132	425	0.0354
5356e797-c41a-48c2-98d9-6707634bfa23	7	16557026	16557233	3	-1.989
5356e797-c41a-48c2-98d9-6707634bfa23	7	16557815	17055903	412	0.0259
5356e797-c41a-48c2-98d9-6707634bfa23	7	17056208	17743788	570	0.1352
5356e797-c41a-48c2-98d9-6707634bfa23	7	17743803	18982536	945	0.0158
5356e797-c41a-48c2-98d9-6707634bfa23	7	18982765	19749151	777	0.1343
5356e797-c41a-48c2-98d9-6707634bfa23	7	19749316	54305455	24354	0.0027
5356e797-c41a-48c2-98d9-6707634bfa23	7	54318812	54318824	6	1.7048
5356e797-c41a-48c2-98d9-6707634bfa23	7	54325795	88581992	15863	0.0176
5356e797-c41a-48c2-98d9-6707634bfa23	7	88583747	90226765	1100	0.1268
5356e797-c41a-48c2-98d9-6707634bfa23	7	90227010	109797700	11408	-0.0036
5356e797-c41a-48c2-98d9-6707634bfa23	7	109797715	109813853	21	0.6274
5356e797-c41a-48c2-98d9-6707634bfa23	7	109813925	111275283	984	0.0111
5356e797-c41a-48c2-98d9-6707634bfa23	7	111278657	111735809	257	0.1656
5356e797-c41a-48c2-98d9-6707634bfa23	7	111736575	118277423	3931	0.0089
5356e797-c41a-48c2-98d9-6707634bfa23	7	118283833	118385709	51	0.2911
5356e797-c41a-48c2-98d9-6707634bfa23	7	118389201	120882429	1347	0.0019
5356e797-c41a-48c2-98d9-6707634bfa23	7	120884520	120886317	3	-2.7981
5356e797-c41a-48c2-98d9-6707634bfa23	7	120894295	126405428	3424	0.0054
5356e797-c41a-48c2-98d9-6707634bfa23	7	126405502	126406822	12	1.2018
5356e797-c41a-48c2-98d9-6707634bfa23	7	126406823	134090709	4681	-0.0025
5356e797-c41a-48c2-98d9-6707634bfa23	7	134093676	134133578	50	0.5402
5356e797-c41a-48c2-98d9-6707634bfa23	7	134134788	153450553	11955	0.0034
5356e797-c41a-48c2-98d9-6707634bfa23	7	153450560	153450627	2	-2.7654
5356e797-c41a-48c2-98d9-6707634bfa23	7	153450630	157737201	3083	-0.0098
5356e797-c41a-48c2-98d9-6707634bfa23	7	157739434	157741413	2	-2.3784
5356e797-c41a-48c2-98d9-6707634bfa23	7	157743285	158034855	201	-0.0668
5356e797-c41a-48c2-98d9-6707634bfa23	7	158034877	158037984	5	-1.5099
5356e797-c41a-48c2-98d9-6707634bfa23	7	158038483	159334314	777	-0.0583
5356e797-c41a-48c2-98d9-6707634bfa23	8	81254	2088938	1409	-0.0306
5356e797-c41a-48c2-98d9-6707634bfa23	8	2088956	2101451	12	-0.9329
5356e797-c41a-48c2-98d9-6707634bfa23	8	2101646	2102140	5	0.5199
5356e797-c41a-48c2-98d9-6707634bfa23	8	2102450	2134090	54	0.0272
5356e797-c41a-48c2-98d9-6707634bfa23	8	2134199	2157691	27	-0.2697
5356e797-c41a-48c2-98d9-6707634bfa23	8	2157708	2166380	27	0.0259
5356e797-c41a-48c2-98d9-6707634bfa23	8	2170695	2198621	35	-0.3651
5356e797-c41a-48c2-98d9-6707634bfa23	8	2198636	5785332	4482	0.031
5356e797-c41a-48c2-98d9-6707634bfa23	8	5785667	5976871	259	0.1713
5356e797-c41a-48c2-98d9-6707634bfa23	8	5977154	6969240	1293	-0.0008
5356e797-c41a-48c2-98d9-6707634bfa23	8	6969479	6969677	6	-0.9681
5356e797-c41a-48c2-98d9-6707634bfa23	8	6975846	7336299	95	0.2019
5356e797-c41a-48c2-98d9-6707634bfa23	8	7357089	7930192	48	-0.6524
5356e797-c41a-48c2-98d9-6707634bfa23	8	7941868	12142800	3223	-0.0017
5356e797-c41a-48c2-98d9-6707634bfa23	8	12143614	12177488	3	-1.6347
5356e797-c41a-48c2-98d9-6707634bfa23	8	12323772	12385031	22	0.4518
5356e797-c41a-48c2-98d9-6707634bfa23	8	12387683	16404738	3534	0.0176
5356e797-c41a-48c2-98d9-6707634bfa23	8	16404755	16417152	26	-0.7548
5356e797-c41a-48c2-98d9-6707634bfa23	8	16421186	39398542	15826	0.0059
5356e797-c41a-48c2-98d9-6707634bfa23	8	39398982	39527181	49	0.4487
5356e797-c41a-48c2-98d9-6707634bfa23	8	39527450	46609495	2770	-0.0015
5356e797-c41a-48c2-98d9-6707634bfa23	8	46613954	46624924	10	0.8035
5356e797-c41a-48c2-98d9-6707634bfa23	8	46634473	49528487	1443	-0.0084
5356e797-c41a-48c2-98d9-6707634bfa23	8	49528966	49528969	2	2.5899
5356e797-c41a-48c2-98d9-6707634bfa23	8	49532897	50118186	355	0.0608
5356e797-c41a-48c2-98d9-6707634bfa23	8	50118212	50119827	9	0.9623
5356e797-c41a-48c2-98d9-6707634bfa23	8	50120863	52650260	1623	0.0126
5356e797-c41a-48c2-98d9-6707634bfa23	8	52650804	52779349	63	0.2466
5356e797-c41a-48c2-98d9-6707634bfa23	8	52780930	63936079	7337	0.0067
5356e797-c41a-48c2-98d9-6707634bfa23	8	63936340	63936451	4	-1.0509
5356e797-c41a-48c2-98d9-6707634bfa23	8	63936514	71300130	4231	0.0028
5356e797-c41a-48c2-98d9-6707634bfa23	8	71303076	71303791	3	-1.6995
5356e797-c41a-48c2-98d9-6707634bfa23	8	71303903	84345754	7945	0.0076
5356e797-c41a-48c2-98d9-6707634bfa23	8	84350648	84356431	19	-0.8718
5356e797-c41a-48c2-98d9-6707634bfa23	8	84358447	111279265	16035	0.0046
5356e797-c41a-48c2-98d9-6707634bfa23	8	111282050	111283031	10	-1.49
5356e797-c41a-48c2-98d9-6707634bfa23	8	111288052	114622678	1823	0.013
5356e797-c41a-48c2-98d9-6707634bfa23	8	114622851	114848326	164	0.2171
5356e797-c41a-48c2-98d9-6707634bfa23	8	114849557	133371235	13074	0.0021
5356e797-c41a-48c2-98d9-6707634bfa23	8	133372962	133375064	3	-1.5683
5356e797-c41a-48c2-98d9-6707634bfa23	8	133375112	141081754	6042	-0.0045
5356e797-c41a-48c2-98d9-6707634bfa23	8	141087091	141564862	273	-0.149
5356e797-c41a-48c2-98d9-6707634bfa23	8	141565045	141569360	9	-1.1042
5356e797-c41a-48c2-98d9-6707634bfa23	8	141570548	142410372	489	-0.1758
5356e797-c41a-48c2-98d9-6707634bfa23	8	142423108	145072769	939	-0.0453
5356e797-c41a-48c2-98d9-6707634bfa23	9	46587	5078443	5229	0.0258
5356e797-c41a-48c2-98d9-6707634bfa23	9	5079156	5081766	9	-1.233
5356e797-c41a-48c2-98d9-6707634bfa23	9	5081852	5302749	173	0.0784
5356e797-c41a-48c2-98d9-6707634bfa23	9	5311567	5337707	11	-1.021
5356e797-c41a-48c2-98d9-6707634bfa23	9	5340984	11275208	5242	0.0392
5356e797-c41a-48c2-98d9-6707634bfa23	9	11275227	12610410	1035	0.1412
5356e797-c41a-48c2-98d9-6707634bfa23	9	12611970	22492890	8059	0.0158
5356e797-c41a-48c2-98d9-6707634bfa23	9	22501914	22502700	2	-3.8957
5356e797-c41a-48c2-98d9-6707634bfa23	9	22509341	23185564	459	0.0396
5356e797-c41a-48c2-98d9-6707634bfa23	9	23186519	23187022	2	1.1128
5356e797-c41a-48c2-98d9-6707634bfa23	9	23188083	23361807	117	-0.0769
5356e797-c41a-48c2-98d9-6707634bfa23	9	23363117	23380836	12	-0.567
5356e797-c41a-48c2-98d9-6707634bfa23	9	23380967	27921445	3378	0.0159
5356e797-c41a-48c2-98d9-6707634bfa23	9	27924053	28309880	381	0.0843
5356e797-c41a-48c2-98d9-6707634bfa23	9	28310572	28311631	2	-1.6891
5356e797-c41a-48c2-98d9-6707634bfa23	9	28312063	30682541	1650	0.0704
5356e797-c41a-48c2-98d9-6707634bfa23	9	30687649	33724813	2151	-0.0025
5356e797-c41a-48c2-98d9-6707634bfa23	9	33728499	33728787	3	-1.7233
5356e797-c41a-48c2-98d9-6707634bfa23	9	33732859	38771790	3071	0.0086
5356e797-c41a-48c2-98d9-6707634bfa23	9	38771834	38787496	2	-1.3811
5356e797-c41a-48c2-98d9-6707634bfa23	9	38796110	39487690	64	0.149
5356e797-c41a-48c2-98d9-6707634bfa23	9	39547279	41064686	56	0.4306
5356e797-c41a-48c2-98d9-6707634bfa23	9	41069539	41644288	44	-0.0328
5356e797-c41a-48c2-98d9-6707634bfa23	9	41644336	41666811	5	-1.4804
5356e797-c41a-48c2-98d9-6707634bfa23	9	41703463	42585140	44	-0.2741
5356e797-c41a-48c2-98d9-6707634bfa23	9	42697878	61405110	54	0.2224
5356e797-c41a-48c2-98d9-6707634bfa23	9	61520021	61629689	28	0.7466
5356e797-c41a-48c2-98d9-6707634bfa23	9	61633080	68423153	193	0.222
5356e797-c41a-48c2-98d9-6707634bfa23	9	68424128	77151800	6453	0.0042
5356e797-c41a-48c2-98d9-6707634bfa23	9	77151858	77171298	36	0.5841
5356e797-c41a-48c2-98d9-6707634bfa23	9	77171325	91639924	10311	0.0064
5356e797-c41a-48c2-98d9-6707634bfa23	9	91639986	91641135	14	-0.9159
5356e797-c41a-48c2-98d9-6707634bfa23	9	91641163	93707815	1200	-0.0178
5356e797-c41a-48c2-98d9-6707634bfa23	9	93708429	93711682	4	-2.2127
5356e797-c41a-48c2-98d9-6707634bfa23	9	93714940	95679348	1349	-0.0045
5356e797-c41a-48c2-98d9-6707634bfa23	9	95679604	95682778	2	-1.9566
5356e797-c41a-48c2-98d9-6707634bfa23	9	95683282	102039007	4066	-0.0056
5356e797-c41a-48c2-98d9-6707634bfa23	9	102039203	102212083	162	0.1652
5356e797-c41a-48c2-98d9-6707634bfa23	9	102213071	104036660	1242	0.0291
5356e797-c41a-48c2-98d9-6707634bfa23	9	104036916	104090136	64	0.2538
5356e797-c41a-48c2-98d9-6707634bfa23	9	104092264	132506811	19932	0.0028
5356e797-c41a-48c2-98d9-6707634bfa23	9	132509090	132510188	2	-2.6733
5356e797-c41a-48c2-98d9-6707634bfa23	9	132511037	133907134	919	-0.0111
5356e797-c41a-48c2-98d9-6707634bfa23	9	133909095	133914054	4	-3.4109
5356e797-c41a-48c2-98d9-6707634bfa23	9	133916369	136161669	1214	-0.0485
5356e797-c41a-48c2-98d9-6707634bfa23	9	136164933	136191173	8	-0.8464
5356e797-c41a-48c2-98d9-6707634bfa23	9	136197833	138200944	694	-0.0237
5356e797-c41a-48c2-98d9-6707634bfa23	10	45792	20551945	16924	-0.0014
5356e797-c41a-48c2-98d9-6707634bfa23	10	20561183	20564574	5	-1.3328
5356e797-c41a-48c2-98d9-6707634bfa23	10	20564605	24088746	2194	0.0115
5356e797-c41a-48c2-98d9-6707634bfa23	10	24088747	24089125	9	-1.6717
5356e797-c41a-48c2-98d9-6707634bfa23	10	24089979	28314535	2923	0.0109
5356e797-c41a-48c2-98d9-6707634bfa23	10	28315433	28317814	3	-1.4418
5356e797-c41a-48c2-98d9-6707634bfa23	10	28318767	41761757	6906	-0.0016
5356e797-c41a-48c2-98d9-6707634bfa23	10	41762350	42332543	49	0.3435
5356e797-c41a-48c2-98d9-6707634bfa23	10	42335359	46545913	2570	-0.0036
5356e797-c41a-48c2-98d9-6707634bfa23	10	46552712	46792344	30	-0.6478
5356e797-c41a-48c2-98d9-6707634bfa23	10	46804606	55147544	5442	0.0058
5356e797-c41a-48c2-98d9-6707634bfa23	10	55148022	55849539	497	0.1621
5356e797-c41a-48c2-98d9-6707634bfa23	10	55849765	56750971	567	0.0469
5356e797-c41a-48c2-98d9-6707634bfa23	10	56751684	56764230	40	0.3766
5356e797-c41a-48c2-98d9-6707634bfa23	10	56764353	57122977	291	0.0422
5356e797-c41a-48c2-98d9-6707634bfa23	10	57122998	57174884	39	0.3028
5356e797-c41a-48c2-98d9-6707634bfa23	10	57175116	65500863	5726	0.0017
5356e797-c41a-48c2-98d9-6707634bfa23	10	65500959	65602423	115	0.2711
5356e797-c41a-48c2-98d9-6707634bfa23	10	65602562	122564250	38086	-0.0029
5356e797-c41a-48c2-98d9-6707634bfa23	10	122574497	122587462	6	-1.473
5356e797-c41a-48c2-98d9-6707634bfa23	10	122597296	130765666	6124	-0.0076
5356e797-c41a-48c2-98d9-6707634bfa23	10	130767970	130820499	72	-0.3343
5356e797-c41a-48c2-98d9-6707634bfa23	10	130822731	133654968	1666	-0.0462
5356e797-c41a-48c2-98d9-6707634bfa23	11	198510	50699618	33964	0.007
5356e797-c41a-48c2-98d9-6707634bfa23	11	50703640	54924229	142	0.1706
5356e797-c41a-48c2-98d9-6707634bfa23	11	54933825	54934156	3	-1.8622
5356e797-c41a-48c2-98d9-6707634bfa23	11	54940988	55608547	243	0.1862
5356e797-c41a-48c2-98d9-6707634bfa23	11	55608760	55679761	49	0.5905
5356e797-c41a-48c2-98d9-6707634bfa23	11	55679856	56212802	387	0.1554
5356e797-c41a-48c2-98d9-6707634bfa23	11	56213360	56230485	6	-0.4726
5356e797-c41a-48c2-98d9-6707634bfa23	11	56232389	62392454	3608	0.0052
5356e797-c41a-48c2-98d9-6707634bfa23	11	62393852	62393933	2	-1.8278
5356e797-c41a-48c2-98d9-6707634bfa23	11	62398763	65374414	1295	-0.0255
5356e797-c41a-48c2-98d9-6707634bfa23	11	65386315	65814281	172	-0.2097
5356e797-c41a-48c2-98d9-6707634bfa23	11	65819038	65881531	35	0.0186
5356e797-c41a-48c2-98d9-6707634bfa23	11	65885838	65894607	5	-0.8271
5356e797-c41a-48c2-98d9-6707634bfa23	11	65902628	67675190	672	-0.0085
5356e797-c41a-48c2-98d9-6707634bfa23	11	67687503	67981851	87	0.2433
5356e797-c41a-48c2-98d9-6707634bfa23	11	67996609	89616119	13440	0.002
5356e797-c41a-48c2-98d9-6707634bfa23	11	89621383	90043678	72	0.301
5356e797-c41a-48c2-98d9-6707634bfa23	11	90070476	90800709	521	0.0108
5356e797-c41a-48c2-98d9-6707634bfa23	11	90803928	90839080	29	0.3251
5356e797-c41a-48c2-98d9-6707634bfa23	11	90842094	92048137	810	0.0023
5356e797-c41a-48c2-98d9-6707634bfa23	11	92048646	92049444	4	-0.8209
5356e797-c41a-48c2-98d9-6707634bfa23	11	92050584	92083958	34	-0.0153
5356e797-c41a-48c2-98d9-6707634bfa23	11	92087262	92092287	19	0.4909
5356e797-c41a-48c2-98d9-6707634bfa23	11	92093243	93154797	805	-0.001
5356e797-c41a-48c2-98d9-6707634bfa23	11	93155280	93476990	203	0.1654
5356e797-c41a-48c2-98d9-6707634bfa23	11	93479609	125114086	22234	-0.0011
5356e797-c41a-48c2-98d9-6707634bfa23	11	125116008	125116103	2	-1.988
5356e797-c41a-48c2-98d9-6707634bfa23	11	125116196	133944818	6771	-0.0006
5356e797-c41a-48c2-98d9-6707634bfa23	11	133947438	133952831	6	-1.1972
5356e797-c41a-48c2-98d9-6707634bfa23	11	133953209	135074876	832	-0.0703
5356e797-c41a-48c2-98d9-6707634bfa23	12	51460	9477960	6143	0.0011
5356e797-c41a-48c2-98d9-6707634bfa23	12	9481274	9575696	24	-1.737
5356e797-c41a-48c2-98d9-6707634bfa23	12	9582373	11350939	1165	0.0479
5356e797-c41a-48c2-98d9-6707634bfa23	12	11351008	11390472	33	-0.8211
5356e797-c41a-48c2-98d9-6707634bfa23	12	11399258	33129292	15311	0.0093
5356e797-c41a-48c2-98d9-6707634bfa23	12	33129371	34321447	736	0.1183
5356e797-c41a-48c2-98d9-6707634bfa23	12	34321857	34330205	6	-0.9981
5356e797-c41a-48c2-98d9-6707634bfa23	12	34330665	37593924	124	0.0996
5356e797-c41a-48c2-98d9-6707634bfa23	12	37618765	37620216	2	-2.0117
5356e797-c41a-48c2-98d9-6707634bfa23	12	37640556	38821834	505	0.1401
5356e797-c41a-48c2-98d9-6707634bfa23	12	38821850	133201603	60482	0.0024
5356e797-c41a-48c2-98d9-6707634bfa23	13	18452809	19199239	326	0.0166
5356e797-c41a-48c2-98d9-6707634bfa23	13	19199374	19202953	2	-1.1855
5356e797-c41a-48c2-98d9-6707634bfa23	13	19203130	19268392	32	0.2224
5356e797-c41a-48c2-98d9-6707634bfa23	13	19268635	19423292	105	0.0057
5356e797-c41a-48c2-98d9-6707634bfa23	13	19427387	19547319	65	0.2025
5356e797-c41a-48c2-98d9-6707634bfa23	13	19549755	19549770	2	-2.3099
5356e797-c41a-48c2-98d9-6707634bfa23	13	19550361	33618652	10216	0.0077
5356e797-c41a-48c2-98d9-6707634bfa23	13	33618981	33619239	3	-1.6776
5356e797-c41a-48c2-98d9-6707634bfa23	13	33623167	37496998	2672	-0.0029
5356e797-c41a-48c2-98d9-6707634bfa23	13	37497899	37510620	16	-2.6328
5356e797-c41a-48c2-98d9-6707634bfa23	13	37514193	37539478	51	0.1952
5356e797-c41a-48c2-98d9-6707634bfa23	13	37540973	38438523	620	-0.024
5356e797-c41a-48c2-98d9-6707634bfa23	13	38439236	38478674	27	0.1216
5356e797-c41a-48c2-98d9-6707634bfa23	13	38483435	38483919	2	-2.4199
5356e797-c41a-48c2-98d9-6707634bfa23	13	38490920	48957415	7299	0.0014
5356e797-c41a-48c2-98d9-6707634bfa23	13	48959579	48962368	2	-3.1087
5356e797-c41a-48c2-98d9-6707634bfa23	13	48963569	50344529	649	0.0183
5356e797-c41a-48c2-98d9-6707634bfa23	13	50344909	50345520	2	-2.4983
5356e797-c41a-48c2-98d9-6707634bfa23	13	50347810	50670147	222	0.079
5356e797-c41a-48c2-98d9-6707634bfa23	13	50671240	50673074	2	-2.3174
5356e797-c41a-48c2-98d9-6707634bfa23	13	50673106	57094119	3566	0.0078
5356e797-c41a-48c2-98d9-6707634bfa23	13	57095537	57360402	171	0.2197
5356e797-c41a-48c2-98d9-6707634bfa23	13	57361799	63650072	3686	0.0084
5356e797-c41a-48c2-98d9-6707634bfa23	13	63650659	64376290	421	0.1385
5356e797-c41a-48c2-98d9-6707634bfa23	13	64376438	72230762	5034	0.0216
5356e797-c41a-48c2-98d9-6707634bfa23	13	72234344	72236198	3	-1.2448
5356e797-c41a-48c2-98d9-6707634bfa23	13	72238924	95334764	15126	0.0078
5356e797-c41a-48c2-98d9-6707634bfa23	13	95335104	95346928	11	-1.1211
5356e797-c41a-48c2-98d9-6707634bfa23	13	95348495	105100222	6975	0.0057
5356e797-c41a-48c2-98d9-6707634bfa23	13	105101222	105190027	81	0.1654
5356e797-c41a-48c2-98d9-6707634bfa23	13	105190240	105192807	3	-1.2893
5356e797-c41a-48c2-98d9-6707634bfa23	13	105194595	105621652	326	0.1555
5356e797-c41a-48c2-98d9-6707634bfa23	13	105621982	105723867	73	0.0413
5356e797-c41a-48c2-98d9-6707634bfa23	13	105724074	105725845	2	-1.9661
5356e797-c41a-48c2-98d9-6707634bfa23	13	105727398	112974526	5501	-0.0007
5356e797-c41a-48c2-98d9-6707634bfa23	13	112976829	113020421	15	-0.9153
5356e797-c41a-48c2-98d9-6707634bfa23	13	113020476	114342922	568	-0.0551
5356e797-c41a-48c2-98d9-6707634bfa23	14	18239283	19732250	67	0.2466
5356e797-c41a-48c2-98d9-6707634bfa23	14	19732958	19955213	100	-0.3255
5356e797-c41a-48c2-98d9-6707634bfa23	14	19956767	21768531	1192	0.0121
5356e797-c41a-48c2-98d9-6707634bfa23	14	21769881	22366964	531	0.1484
5356e797-c41a-48c2-98d9-6707634bfa23	14	22368322	22453246	54	-0.0364
5356e797-c41a-48c2-98d9-6707634bfa23	14	22453377	22509792	86	-0.8239
5356e797-c41a-48c2-98d9-6707634bfa23	14	22514241	41139155	11670	0.0031
5356e797-c41a-48c2-98d9-6707634bfa23	14	41141293	41188146	15	-0.6001
5356e797-c41a-48c2-98d9-6707634bfa23	14	41200899	42986521	1143	0.0058
5356e797-c41a-48c2-98d9-6707634bfa23	14	42989210	43002350	5	-0.844
5356e797-c41a-48c2-98d9-6707634bfa23	14	43002416	43446736	239	0.0006
5356e797-c41a-48c2-98d9-6707634bfa23	14	43450789	44068718	350	0.1256
5356e797-c41a-48c2-98d9-6707634bfa23	14	44069852	69551330	16012	0.0135
5356e797-c41a-48c2-98d9-6707634bfa23	14	69551651	69556009	10	-1.0787
5356e797-c41a-48c2-98d9-6707634bfa23	14	69556227	73529070	2609	0.0027
5356e797-c41a-48c2-98d9-6707634bfa23	14	73534419	73563196	10	0.9082
5356e797-c41a-48c2-98d9-6707634bfa23	14	73563211	85098248	7563	0.0069
5356e797-c41a-48c2-98d9-6707634bfa23	14	85098551	85099456	11	-0.6576
5356e797-c41a-48c2-98d9-6707634bfa23	14	85099620	89046937	2616	0.0266
5356e797-c41a-48c2-98d9-6707634bfa23	14	89056822	89059428	2	-2.0167
5356e797-c41a-48c2-98d9-6707634bfa23	14	89059650	104339413	10007	-0.0048
5356e797-c41a-48c2-98d9-6707634bfa23	14	104341375	104343612	2	-1.9046
5356e797-c41a-48c2-98d9-6707634bfa23	14	104344057	104384306	20	-0.2476
5356e797-c41a-48c2-98d9-6707634bfa23	14	104390160	104395990	2	-2.8496
5356e797-c41a-48c2-98d9-6707634bfa23	14	104400350	105730778	369	-0.0321
5356e797-c41a-48c2-98d9-6707634bfa23	14	105731651	105758187	7	-0.7499
5356e797-c41a-48c2-98d9-6707634bfa23	14	105779965	105854281	49	-1.8474
5356e797-c41a-48c2-98d9-6707634bfa23	14	105862059	105935612	12	-1.054
5356e797-c41a-48c2-98d9-6707634bfa23	14	105935639	106487827	228	-0.5955
5356e797-c41a-48c2-98d9-6707634bfa23	14	106492557	106711719	117	-0.9
5356e797-c41a-48c2-98d9-6707634bfa23	14	106719325	106877229	73	-0.033
5356e797-c41a-48c2-98d9-6707634bfa23	15	19811075	20649185	142	0.1797
5356e797-c41a-48c2-98d9-6707634bfa23	15	20655113	21070355	21	0.7446
5356e797-c41a-48c2-98d9-6707634bfa23	15	21071626	22576496	50	0.0247
5356e797-c41a-48c2-98d9-6707634bfa23	15	22582296	22595648	4	-1.6448
5356e797-c41a-48c2-98d9-6707634bfa23	15	22606745	24240681	909	0.0217
5356e797-c41a-48c2-98d9-6707634bfa23	15	24247869	24263561	8	-0.9272
5356e797-c41a-48c2-98d9-6707634bfa23	15	24266888	24329610	28	0.0458
5356e797-c41a-48c2-98d9-6707634bfa23	15	24329790	24533744	93	-0.7486
5356e797-c41a-48c2-98d9-6707634bfa23	15	24537120	34434971	6146	0.0111
5356e797-c41a-48c2-98d9-6707634bfa23	15	34434988	34526116	61	-0.7833
5356e797-c41a-48c2-98d9-6707634bfa23	15	34570058	56497331	13593	0.0052
5356e797-c41a-48c2-98d9-6707634bfa23	15	56497449	56508779	26	-0.5197
5356e797-c41a-48c2-98d9-6707634bfa23	15	56509425	84246373	17298	0.0014
5356e797-c41a-48c2-98d9-6707634bfa23	15	84388504	84388506	3	1.4902
5356e797-c41a-48c2-98d9-6707634bfa23	15	84390750	99875395	11394	0.0088
5356e797-c41a-48c2-98d9-6707634bfa23	15	99880708	99881038	2	-2.135
5356e797-c41a-48c2-98d9-6707634bfa23	15	99884400	101928837	1561	-0.0445
5356e797-c41a-48c2-98d9-6707634bfa23	16	10777	1516381	487	-0.1825
5356e797-c41a-48c2-98d9-6707634bfa23	16	1517534	11203705	7918	-0.0024
5356e797-c41a-48c2-98d9-6707634bfa23	16	11204993	11205391	2	-2.0055
5356e797-c41a-48c2-98d9-6707634bfa23	16	11206576	14955046	2667	-0.0063
5356e797-c41a-48c2-98d9-6707634bfa23	16	14955480	14993319	43	0.402
5356e797-c41a-48c2-98d9-6707634bfa23	16	14993320	17165351	931	-0.0009
5356e797-c41a-48c2-98d9-6707634bfa23	16	17166187	17166292	2	-2.0691
5356e797-c41a-48c2-98d9-6707634bfa23	16	17168208	19933041	1362	0.018
5356e797-c41a-48c2-98d9-6707634bfa23	16	19934328	19954553	28	-1.1471
5356e797-c41a-48c2-98d9-6707634bfa23	16	19956040	20617366	466	0.0131
5356e797-c41a-48c2-98d9-6707634bfa23	16	20617756	20622023	4	-0.8136
5356e797-c41a-48c2-98d9-6707634bfa23	16	20624663	21356685	418	-0.011
5356e797-c41a-48c2-98d9-6707634bfa23	16	21361279	22764448	520	0.1214
5356e797-c41a-48c2-98d9-6707634bfa23	16	22765261	54335546	10732	0.0009
5356e797-c41a-48c2-98d9-6707634bfa23	16	54335598	54335611	2	-1.7283
5356e797-c41a-48c2-98d9-6707634bfa23	16	54338951	55762682	1249	-0.0122
5356e797-c41a-48c2-98d9-6707634bfa23	16	55764310	55764867	3	1.9543
5356e797-c41a-48c2-98d9-6707634bfa23	16	55770436	70164493	8757	0.0017
5356e797-c41a-48c2-98d9-6707634bfa23	16	70177541	70179141	2	1.5777
5356e797-c41a-48c2-98d9-6707634bfa23	16	70200633	75501474	2918	0.0069
5356e797-c41a-48c2-98d9-6707634bfa23	16	75505510	75542100	20	0.6621
5356e797-c41a-48c2-98d9-6707634bfa23	16	75546219	78335122	2540	0.0038
5356e797-c41a-48c2-98d9-6707634bfa23	16	78335191	78350868	25	0.5242
5356e797-c41a-48c2-98d9-6707634bfa23	16	78351104	84011095	6316	-0.0019
5356e797-c41a-48c2-98d9-6707634bfa23	16	84011914	84563362	482	-0.1193
5356e797-c41a-48c2-98d9-6707634bfa23	16	84574433	85919139	990	-0.0089
5356e797-c41a-48c2-98d9-6707634bfa23	16	85919323	85919590	3	-1.9281
5356e797-c41a-48c2-98d9-6707634bfa23	16	85920076	88036274	1916	-0.0052
5356e797-c41a-48c2-98d9-6707634bfa23	16	88038617	90096867	855	-0.1619
5356e797-c41a-48c2-98d9-6707634bfa23	17	150733	279666	80	-0.116
5356e797-c41a-48c2-98d9-6707634bfa23	17	279755	336127	32	-0.517
5356e797-c41a-48c2-98d9-6707634bfa23	17	343397	14485374	8960	-0.0132
5356e797-c41a-48c2-98d9-6707634bfa23	17	14490222	15257029	673	0.0853
5356e797-c41a-48c2-98d9-6707634bfa23	17	15257531	16759600	679	-0.0052
5356e797-c41a-48c2-98d9-6707634bfa23	17	16759737	16834846	9	0.8662
5356e797-c41a-48c2-98d9-6707634bfa23	17	16838201	18452078	906	0.0038
5356e797-c41a-48c2-98d9-6707634bfa23	17	18455632	18561907	26	-1.5969
5356e797-c41a-48c2-98d9-6707634bfa23	17	18565883	36112585	6805	-0.0024
5356e797-c41a-48c2-98d9-6707634bfa23	17	36113405	36157718	33	0.6612
5356e797-c41a-48c2-98d9-6707634bfa23	17	36200725	45568527	4687	0.0146
5356e797-c41a-48c2-98d9-6707634bfa23	17	45571138	45571174	2	-2.6792
5356e797-c41a-48c2-98d9-6707634bfa23	17	45577724	46136800	378	-0.0547
5356e797-c41a-48c2-98d9-6707634bfa23	17	46137998	46351954	89	0.7069
5356e797-c41a-48c2-98d9-6707634bfa23	17	46446345	56081683	5776	0.0098
5356e797-c41a-48c2-98d9-6707634bfa23	17	56083553	56095462	25	-1.1173
5356e797-c41a-48c2-98d9-6707634bfa23	17	56095886	67435149	6371	0.0044
5356e797-c41a-48c2-98d9-6707634bfa23	17	67444250	67448377	8	-1.0191
5356e797-c41a-48c2-98d9-6707634bfa23	17	67448766	71085298	2414	0.0033
5356e797-c41a-48c2-98d9-6707634bfa23	17	71086645	71113489	29	-1.2334
5356e797-c41a-48c2-98d9-6707634bfa23	17	71114146	73636821	1940	0.0008
5356e797-c41a-48c2-98d9-6707634bfa23	17	73640669	73641688	2	-1.7384
5356e797-c41a-48c2-98d9-6707634bfa23	17	73645918	73837862	176	0.0111
5356e797-c41a-48c2-98d9-6707634bfa23	17	73837982	73853561	18	-0.754
5356e797-c41a-48c2-98d9-6707634bfa23	17	73854291	83091923	4704	-0.0382
5356e797-c41a-48c2-98d9-6707634bfa23	18	48133	478887	308	0.0592
5356e797-c41a-48c2-98d9-6707634bfa23	18	479816	483753	3	-1.3613
5356e797-c41a-48c2-98d9-6707634bfa23	18	485410	673492	150	-0.0005
5356e797-c41a-48c2-98d9-6707634bfa23	18	675903	676789	5	-0.9994
5356e797-c41a-48c2-98d9-6707634bfa23	18	677240	1197844	381	0.0137
5356e797-c41a-48c2-98d9-6707634bfa23	18	1200630	2089176	630	0.0997
5356e797-c41a-48c2-98d9-6707634bfa23	18	2089891	10909188	6532	0.0185
5356e797-c41a-48c2-98d9-6707634bfa23	18	10911890	10921801	6	-0.8936
5356e797-c41a-48c2-98d9-6707634bfa23	18	10924186	12224735	838	0.0078
5356e797-c41a-48c2-98d9-6707634bfa23	18	12226369	12238864	3	-1.1063
5356e797-c41a-48c2-98d9-6707634bfa23	18	12244141	13514019	736	0.0183
5356e797-c41a-48c2-98d9-6707634bfa23	18	13514093	13515209	3	-1.5271
5356e797-c41a-48c2-98d9-6707634bfa23	18	13515341	13915052	278	-0.0041
5356e797-c41a-48c2-98d9-6707634bfa23	18	13915148	21068266	543	0.1098
5356e797-c41a-48c2-98d9-6707634bfa23	18	21072164	26785899	3406	0.0059
5356e797-c41a-48c2-98d9-6707634bfa23	18	26785951	26786181	3	-3.8631
5356e797-c41a-48c2-98d9-6707634bfa23	18	26786415	65532714	25941	0.0117
5356e797-c41a-48c2-98d9-6707634bfa23	18	65532801	66109894	444	0.1474
5356e797-c41a-48c2-98d9-6707634bfa23	18	66111198	67285633	762	0.0353
5356e797-c41a-48c2-98d9-6707634bfa23	18	67285935	67300028	24	-0.611
5356e797-c41a-48c2-98d9-6707634bfa23	18	67300481	71362642	2950	0.0337
5356e797-c41a-48c2-98d9-6707634bfa23	18	71363118	73578651	1754	0.1235
5356e797-c41a-48c2-98d9-6707634bfa23	18	73578850	77073546	2765	0.0064
5356e797-c41a-48c2-98d9-6707634bfa23	18	77073754	77078180	4	-1.2443
5356e797-c41a-48c2-98d9-6707634bfa23	18	77079118	79541753	1713	0.0065
5356e797-c41a-48c2-98d9-6707634bfa23	18	79542944	79791256	117	-0.2732
5356e797-c41a-48c2-98d9-6707634bfa23	18	79791586	80257174	246	-0.081
5356e797-c41a-48c2-98d9-6707634bfa23	19	90910	12581187	5019	-0.0048
5356e797-c41a-48c2-98d9-6707634bfa23	19	12586552	12587288	2	-2.0417
5356e797-c41a-48c2-98d9-6707634bfa23	19	12589709	19836130	3506	-0.0034
5356e797-c41a-48c2-98d9-6707634bfa23	19	19838400	20541039	433	0.1348
5356e797-c41a-48c2-98d9-6707634bfa23	19	20541093	42786621	11381	0.0027
5356e797-c41a-48c2-98d9-6707634bfa23	19	42790238	43056224	116	-0.8557
5356e797-c41a-48c2-98d9-6707634bfa23	19	43057570	51628383	4212	-0.0051
5356e797-c41a-48c2-98d9-6707634bfa23	19	51628480	51651652	16	-0.7019
5356e797-c41a-48c2-98d9-6707634bfa23	19	51652217	54828278	2038	0.0167
5356e797-c41a-48c2-98d9-6707634bfa23	19	54835675	54837236	6	-1.055
5356e797-c41a-48c2-98d9-6707634bfa23	19	54852069	58586487	2276	-0.0081
5356e797-c41a-48c2-98d9-6707634bfa23	20	80664	1580353	1197	-0.0049
5356e797-c41a-48c2-98d9-6707634bfa23	20	1580934	1613247	41	2.6188
5356e797-c41a-48c2-98d9-6707634bfa23	20	1617300	45411746	27379	0.0011
5356e797-c41a-48c2-98d9-6707634bfa23	20	45412428	45412753	2	-2.1385
5356e797-c41a-48c2-98d9-6707634bfa23	20	45415300	63074600	13084	-0.0057
5356e797-c41a-48c2-98d9-6707634bfa23	20	63074797	63132152	41	-0.3588
5356e797-c41a-48c2-98d9-6707634bfa23	20	63138899	63588295	131	0.004
5356e797-c41a-48c2-98d9-6707634bfa23	20	63588484	64240599	276	-0.1921
5356e797-c41a-48c2-98d9-6707634bfa23	20	64240906	64324800	37	0.0691
5356e797-c41a-48c2-98d9-6707634bfa23	21	10354168	13968218	321	0.2364
5356e797-c41a-48c2-98d9-6707634bfa23	21	13969206	16738711	1885	0.0191
5356e797-c41a-48c2-98d9-6707634bfa23	21	16740643	16742039	4	-2.466
5356e797-c41a-48c2-98d9-6707634bfa23	21	16742787	18680981	1311	0.0102
5356e797-c41a-48c2-98d9-6707634bfa23	21	18681525	18708616	31	0.774
5356e797-c41a-48c2-98d9-6707634bfa23	21	18709557	18906245	147	0.0379
5356e797-c41a-48c2-98d9-6707634bfa23	21	18906502	18906853	2	-1.5309
5356e797-c41a-48c2-98d9-6707634bfa23	21	18907011	20443802	1143	0.0194
5356e797-c41a-48c2-98d9-6707634bfa23	21	20443967	20456269	34	0.3087
5356e797-c41a-48c2-98d9-6707634bfa23	21	20458646	22230548	1365	0.0096
5356e797-c41a-48c2-98d9-6707634bfa23	21	22230975	22438033	149	0.174
5356e797-c41a-48c2-98d9-6707634bfa23	21	22441348	22446017	8	-0.6647
5356e797-c41a-48c2-98d9-6707634bfa23	21	22447325	23522455	827	0.1303
5356e797-c41a-48c2-98d9-6707634bfa23	21	23522647	43289023	14807	0.0036
5356e797-c41a-48c2-98d9-6707634bfa23	21	43291392	43371963	54	-0.284
5356e797-c41a-48c2-98d9-6707634bfa23	21	43373304	43374861	3	-1.5726
5356e797-c41a-48c2-98d9-6707634bfa23	21	43572694	45361484	913	-0.0058
5356e797-c41a-48c2-98d9-6707634bfa23	21	45368856	45511195	69	-0.4039
5356e797-c41a-48c2-98d9-6707634bfa23	21	45511546	46677045	683	-0.0406
5356e797-c41a-48c2-98d9-6707634bfa23	22	15294547	15729272	21	0.0901
5356e797-c41a-48c2-98d9-6707634bfa23	22	15735286	16415484	28	0.6519
5356e797-c41a-48c2-98d9-6707634bfa23	22	16415616	18620743	1083	0.0105
5356e797-c41a-48c2-98d9-6707634bfa23	22	18649244	18760941	3	1.3907
5356e797-c41a-48c2-98d9-6707634bfa23	22	18783014	19701544	480	0.0065
5356e797-c41a-48c2-98d9-6707634bfa23	22	19703133	20450696	463	-0.1595
5356e797-c41a-48c2-98d9-6707634bfa23	22	20450955	22817922	1575	-0.0266
5356e797-c41a-48c2-98d9-6707634bfa23	22	22824437	22916061	45	-0.722
5356e797-c41a-48c2-98d9-6707634bfa23	22	22916154	23420077	356	-0.1146
5356e797-c41a-48c2-98d9-6707634bfa23	22	23420295	37377055	10340	-0.0086
5356e797-c41a-48c2-98d9-6707634bfa23	22	37378349	37381573	2	-1.9826
5356e797-c41a-48c2-98d9-6707634bfa23	22	37381628	48934328	7595	-0.0123
5356e797-c41a-48c2-98d9-6707634bfa23	22	48934911	50796027	1190	-0.1516
5356e797-c41a-48c2-98d9-6707634bfa23	X	251810	22837945	13600	0.0018
5356e797-c41a-48c2-98d9-6707634bfa23	X	22837962	22838419	3	-3.6871
5356e797-c41a-48c2-98d9-6707634bfa23	X	22838619	25780284	1921	0.0158
5356e797-c41a-48c2-98d9-6707634bfa23	X	25780308	25780428	2	-2.6798
5356e797-c41a-48c2-98d9-6707634bfa23	X	25780978	31294004	3514	0.0212
5356e797-c41a-48c2-98d9-6707634bfa23	X	31294171	31296448	3	-3.2262
5356e797-c41a-48c2-98d9-6707634bfa23	X	31297616	97845360	31231	0.0174
5356e797-c41a-48c2-98d9-6707634bfa23	X	97847626	97847653	2	-3.7123
5356e797-c41a-48c2-98d9-6707634bfa23	X	97848076	102026637	2245	0.0098
5356e797-c41a-48c2-98d9-6707634bfa23	X	102026751	102027355	3	-2.1468
5356e797-c41a-48c2-98d9-6707634bfa23	X	102028300	104137393	971	0.0247
5356e797-c41a-48c2-98d9-6707634bfa23	X	104140417	104141136	2	-3.9916
5356e797-c41a-48c2-98d9-6707634bfa23	X	104141495	139037054	19275	0.0098
5356e797-c41a-48c2-98d9-6707634bfa23	X	139037712	139038305	2	-4.6396
5356e797-c41a-48c2-98d9-6707634bfa23	X	139038540	153558270	9399	0.0046
5356e797-c41a-48c2-98d9-6707634bfa23	X	153559975	153568278	10	-1.6066
5356e797-c41a-48c2-98d9-6707634bfa23	X	153568702	155952689	856	0.018
5356e797-c41a-48c2-98d9-6707634bfa23	Y	2782397	20067277	5744	-1.1275
5356e797-c41a-48c2-98d9-6707634bfa23	Y	20068755	20125525	5	0.4663
5356e797-c41a-48c2-98d9-6707634bfa23	Y	20304197	21961640	589	-1.1428
5356e797-c41a-48c2-98d9-6707634bfa23	Y	22159306	22169542	3	1.0288
5356e797-c41a-48c2-98d9-6707634bfa23	Y	22196203	56872112	295	-1.0695
