GDC_Aliquot	Chromosome	Start	End	Num_Probes	Segment_Mean
daffd6e3-1176-4e5a-959c-d9a2667452ee	1	62920	86341	11	-1.177
daffd6e3-1176-4e5a-959c-d9a2667452ee	1	98588	869076	38	-0.0497
daffd6e3-1176-4e5a-959c-d9a2667452ee	1	874393	3410232	761	0.0959
daffd6e3-1176-4e5a-959c-d9a2667452ee	1	3410239	4308381	517	0.0032
daffd6e3-1176-4e5a-959c-d9a2667452ee	1	4308759	4310014	2	-1.9111
daffd6e3-1176-4e5a-959c-d9a2667452ee	1	4310286	16482199	7286	0.0075
daffd6e3-1176-4e5a-959c-d9a2667452ee	1	16487426	16679483	45	0.2888
daffd6e3-1176-4e5a-959c-d9a2667452ee	1	16685961	16721984	9	-0.9666
daffd6e3-1176-4e5a-959c-d9a2667452ee	1	16766762	16863509	15	0.3082
daffd6e3-1176-4e5a-959c-d9a2667452ee	1	16864367	16935752	54	0.6719
daffd6e3-1176-4e5a-959c-d9a2667452ee	1	16949746	75585159	35906	0.0036
daffd6e3-1176-4e5a-959c-d9a2667452ee	1	75589078	75589169	2	-2.8041
daffd6e3-1176-4e5a-959c-d9a2667452ee	1	75593824	109690352	21618	0.0016
daffd6e3-1176-4e5a-959c-d9a2667452ee	1	109690415	109697556	12	-1.373
daffd6e3-1176-4e5a-959c-d9a2667452ee	1	109702376	121499338	7066	0.0023
daffd6e3-1176-4e5a-959c-d9a2667452ee	1	121503002	146174153	351	0.1051
daffd6e3-1176-4e5a-959c-d9a2667452ee	1	146250588	152789570	2332	0.0293
daffd6e3-1176-4e5a-959c-d9a2667452ee	1	152789781	152801429	33	0.432
daffd6e3-1176-4e5a-959c-d9a2667452ee	1	152804279	189063349	24220	-0.0002
daffd6e3-1176-4e5a-959c-d9a2667452ee	1	189065103	189065645	4	-1.1699
daffd6e3-1176-4e5a-959c-d9a2667452ee	1	189068745	196758720	5138	0.0039
daffd6e3-1176-4e5a-959c-d9a2667452ee	1	196761905	196843377	58	0.411
daffd6e3-1176-4e5a-959c-d9a2667452ee	1	196843400	196846661	2	-1.553
daffd6e3-1176-4e5a-959c-d9a2667452ee	1	196847600	197049016	122	0.0564
daffd6e3-1176-4e5a-959c-d9a2667452ee	1	197050466	197050728	2	1.1717
daffd6e3-1176-4e5a-959c-d9a2667452ee	1	197056595	199142298	1242	0.0001
daffd6e3-1176-4e5a-959c-d9a2667452ee	1	199142393	199143396	5	-0.7862
daffd6e3-1176-4e5a-959c-d9a2667452ee	1	199143883	201636885	1770	0.0107
daffd6e3-1176-4e5a-959c-d9a2667452ee	1	201636988	201637150	2	-1.5438
daffd6e3-1176-4e5a-959c-d9a2667452ee	1	201637928	248525264	32364	0.0036
daffd6e3-1176-4e5a-959c-d9a2667452ee	1	248525284	248645808	41	0.3548
daffd6e3-1176-4e5a-959c-d9a2667452ee	1	248646068	248930189	139	0.0387
daffd6e3-1176-4e5a-959c-d9a2667452ee	2	12784	4155990	2980	0.0297
daffd6e3-1176-4e5a-959c-d9a2667452ee	2	4158097	4175577	37	-0.6765
daffd6e3-1176-4e5a-959c-d9a2667452ee	2	4175922	34466002	21017	0.0066
daffd6e3-1176-4e5a-959c-d9a2667452ee	2	34474248	34511990	46	0.3198
daffd6e3-1176-4e5a-959c-d9a2667452ee	2	34512096	42218668	5820	0.0097
daffd6e3-1176-4e5a-959c-d9a2667452ee	2	42220217	42225473	6	-0.7705
daffd6e3-1176-4e5a-959c-d9a2667452ee	2	42227045	50748690	5932	0.0097
daffd6e3-1176-4e5a-959c-d9a2667452ee	2	50749033	50749714	6	-0.712
daffd6e3-1176-4e5a-959c-d9a2667452ee	2	50750841	51036386	178	0.0452
daffd6e3-1176-4e5a-959c-d9a2667452ee	2	51039660	51273158	177	-1.0124
daffd6e3-1176-4e5a-959c-d9a2667452ee	2	51278093	52527330	842	0.0109
daffd6e3-1176-4e5a-959c-d9a2667452ee	2	52527342	52527743	6	-1.6829
daffd6e3-1176-4e5a-959c-d9a2667452ee	2	52531615	52554404	33	-0.6071
daffd6e3-1176-4e5a-959c-d9a2667452ee	2	52560811	242147305	112044	0.0074
daffd6e3-1176-4e5a-959c-d9a2667452ee	3	20930	37935926	27522	0.0061
daffd6e3-1176-4e5a-959c-d9a2667452ee	3	37940617	37945437	18	-0.88
daffd6e3-1176-4e5a-959c-d9a2667452ee	3	37945615	59927868	12846	0.0043
daffd6e3-1176-4e5a-959c-d9a2667452ee	3	59930588	59931312	2	-1.3517
daffd6e3-1176-4e5a-959c-d9a2667452ee	3	59931443	68697013	7233	0.0053
daffd6e3-1176-4e5a-959c-d9a2667452ee	3	68697108	68699635	16	0.5972
daffd6e3-1176-4e5a-959c-d9a2667452ee	3	68699794	75519398	4916	-0.0016
daffd6e3-1176-4e5a-959c-d9a2667452ee	3	75523398	75537654	6	-1.6503
daffd6e3-1176-4e5a-959c-d9a2667452ee	3	75546030	162996729	50015	0.0052
daffd6e3-1176-4e5a-959c-d9a2667452ee	3	162999939	163001774	2	-3.0266
daffd6e3-1176-4e5a-959c-d9a2667452ee	3	163008371	178821698	9700	0.0142
daffd6e3-1176-4e5a-959c-d9a2667452ee	3	178822442	178822939	3	-2.8055
daffd6e3-1176-4e5a-959c-d9a2667452ee	3	178825694	190298403	7317	0.0071
daffd6e3-1176-4e5a-959c-d9a2667452ee	3	190298834	190299847	2	-1.4542
daffd6e3-1176-4e5a-959c-d9a2667452ee	3	190301762	193160113	2014	0.0111
daffd6e3-1176-4e5a-959c-d9a2667452ee	3	193160173	193165114	19	-0.9243
daffd6e3-1176-4e5a-959c-d9a2667452ee	3	193168646	195656271	1477	0.01
daffd6e3-1176-4e5a-959c-d9a2667452ee	3	195663809	195747892	43	-0.7247
daffd6e3-1176-4e5a-959c-d9a2667452ee	3	195751823	196012569	92	0.2001
daffd6e3-1176-4e5a-959c-d9a2667452ee	3	196012591	198107931	1048	0.0494
daffd6e3-1176-4e5a-959c-d9a2667452ee	3	198108134	198169247	25	0.3058
daffd6e3-1176-4e5a-959c-d9a2667452ee	4	68929	4223540	1676	0.0489
daffd6e3-1176-4e5a-959c-d9a2667452ee	4	4225400	5288195	837	-0.0098
daffd6e3-1176-4e5a-959c-d9a2667452ee	4	5290886	5290908	2	-1.1228
daffd6e3-1176-4e5a-959c-d9a2667452ee	4	5297327	7685861	1934	0.0018
daffd6e3-1176-4e5a-959c-d9a2667452ee	4	7685925	9455251	695	0.0381
daffd6e3-1176-4e5a-959c-d9a2667452ee	4	9459504	9477699	6	-1.1463
daffd6e3-1176-4e5a-959c-d9a2667452ee	4	9484440	9858273	159	0.0316
daffd6e3-1176-4e5a-959c-d9a2667452ee	4	9858277	9862603	3	-1.6267
daffd6e3-1176-4e5a-959c-d9a2667452ee	4	9863418	34777238	17339	0.0002
daffd6e3-1176-4e5a-959c-d9a2667452ee	4	34777340	34841876	61	0.2983
daffd6e3-1176-4e5a-959c-d9a2667452ee	4	34842115	34892233	37	0.1043
daffd6e3-1176-4e5a-959c-d9a2667452ee	4	34892551	48143104	8300	0.0041
daffd6e3-1176-4e5a-959c-d9a2667452ee	4	48143155	49214614	586	0.0845
daffd6e3-1176-4e5a-959c-d9a2667452ee	4	49289175	49289338	2	1.9487
daffd6e3-1176-4e5a-959c-d9a2667452ee	4	49295203	56794530	3264	0.0055
daffd6e3-1176-4e5a-959c-d9a2667452ee	4	56802075	57015565	141	0.6009
daffd6e3-1176-4e5a-959c-d9a2667452ee	4	57018269	63828222	4153	0.0051
daffd6e3-1176-4e5a-959c-d9a2667452ee	4	63831751	63842540	28	-0.6656
daffd6e3-1176-4e5a-959c-d9a2667452ee	4	63850713	68506285	2867	0.0158
daffd6e3-1176-4e5a-959c-d9a2667452ee	4	68509223	68623617	66	0.5925
daffd6e3-1176-4e5a-959c-d9a2667452ee	4	68639397	161025607	55592	0.0052
daffd6e3-1176-4e5a-959c-d9a2667452ee	4	161031076	161082114	43	0.678
daffd6e3-1176-4e5a-959c-d9a2667452ee	4	161085672	171447380	6553	0.0108
daffd6e3-1176-4e5a-959c-d9a2667452ee	4	171448195	171456625	13	-0.7855
daffd6e3-1176-4e5a-959c-d9a2667452ee	4	171459220	190106768	12456	0.0169
daffd6e3-1176-4e5a-959c-d9a2667452ee	5	15532	698256	307	0.0677
daffd6e3-1176-4e5a-959c-d9a2667452ee	5	698357	717446	5	0.8066
daffd6e3-1176-4e5a-959c-d9a2667452ee	5	717794	733497	10	0.2296
daffd6e3-1176-4e5a-959c-d9a2667452ee	5	741924	773453	11	-0.252
daffd6e3-1176-4e5a-959c-d9a2667452ee	5	779766	833513	20	-0.8079
daffd6e3-1176-4e5a-959c-d9a2667452ee	5	852451	12128171	9459	0.0076
daffd6e3-1176-4e5a-959c-d9a2667452ee	5	12128860	12128874	2	-1.9782
daffd6e3-1176-4e5a-959c-d9a2667452ee	5	12131282	15718383	2328	0.0074
daffd6e3-1176-4e5a-959c-d9a2667452ee	5	15719113	15720488	11	-0.9548
daffd6e3-1176-4e5a-959c-d9a2667452ee	5	15723237	104515520	50295	0.0075
daffd6e3-1176-4e5a-959c-d9a2667452ee	5	104524672	104524903	4	1.7594
daffd6e3-1176-4e5a-959c-d9a2667452ee	5	104525348	140810787	23129	0.0042
daffd6e3-1176-4e5a-959c-d9a2667452ee	5	140814419	140874202	24	0.3542
daffd6e3-1176-4e5a-959c-d9a2667452ee	5	140874401	141767551	430	-0.0139
daffd6e3-1176-4e5a-959c-d9a2667452ee	5	141768731	141768915	2	-1.641
daffd6e3-1176-4e5a-959c-d9a2667452ee	5	141771213	176033084	23789	0.0034
daffd6e3-1176-4e5a-959c-d9a2667452ee	5	176038686	176042504	2	-2.8269
daffd6e3-1176-4e5a-959c-d9a2667452ee	5	176043321	181363319	2704	0.0247
daffd6e3-1176-4e5a-959c-d9a2667452ee	6	149661	294837	124	0.0226
daffd6e3-1176-4e5a-959c-d9a2667452ee	6	302306	380821	77	0.3723
daffd6e3-1176-4e5a-959c-d9a2667452ee	6	381149	29869411	21385	0.0056
daffd6e3-1176-4e5a-959c-d9a2667452ee	6	29869537	29881490	14	-1.1676
daffd6e3-1176-4e5a-959c-d9a2667452ee	6	29882419	31318499	659	0.0219
daffd6e3-1176-4e5a-959c-d9a2667452ee	6	31318528	31328674	10	0.9929
daffd6e3-1176-4e5a-959c-d9a2667452ee	6	31342147	32463515	493	0.0524
daffd6e3-1176-4e5a-959c-d9a2667452ee	6	32463775	32602588	34	0.8995
daffd6e3-1176-4e5a-959c-d9a2667452ee	6	32605994	33970222	828	0.0177
daffd6e3-1176-4e5a-959c-d9a2667452ee	6	33970966	33974928	7	-1.1526
daffd6e3-1176-4e5a-959c-d9a2667452ee	6	33976809	55454687	13737	0.006
daffd6e3-1176-4e5a-959c-d9a2667452ee	6	55454878	55455513	4	-1.102
daffd6e3-1176-4e5a-959c-d9a2667452ee	6	55455880	66298369	4437	0.0115
daffd6e3-1176-4e5a-959c-d9a2667452ee	6	66298393	66338736	56	-3.3173
daffd6e3-1176-4e5a-959c-d9a2667452ee	6	66339513	73882142	4989	0.0042
daffd6e3-1176-4e5a-959c-d9a2667452ee	6	73882509	73893839	11	0.67
daffd6e3-1176-4e5a-959c-d9a2667452ee	6	73893889	76305231	1464	0.0003
daffd6e3-1176-4e5a-959c-d9a2667452ee	6	76307183	76307209	3	-1.245
daffd6e3-1176-4e5a-959c-d9a2667452ee	6	76307276	76726815	294	-0.0003
daffd6e3-1176-4e5a-959c-d9a2667452ee	6	76730151	76733530	10	-3.7298
daffd6e3-1176-4e5a-959c-d9a2667452ee	6	76736482	76743040	9	-1.4346
daffd6e3-1176-4e5a-959c-d9a2667452ee	6	76751356	78253172	976	0.0078
daffd6e3-1176-4e5a-959c-d9a2667452ee	6	78259348	78262064	5	-0.3181
daffd6e3-1176-4e5a-959c-d9a2667452ee	6	78262085	78325468	108	-0.7338
daffd6e3-1176-4e5a-959c-d9a2667452ee	6	78329517	123455748	27634	0.004
daffd6e3-1176-4e5a-959c-d9a2667452ee	6	123459176	123459301	2	-3.759
daffd6e3-1176-4e5a-959c-d9a2667452ee	6	123459834	133945130	6860	0.0001
daffd6e3-1176-4e5a-959c-d9a2667452ee	6	133947933	133948494	2	-1.8441
daffd6e3-1176-4e5a-959c-d9a2667452ee	6	133950934	139496221	3825	0.0094
daffd6e3-1176-4e5a-959c-d9a2667452ee	6	139500156	139507779	10	-0.9114
daffd6e3-1176-4e5a-959c-d9a2667452ee	6	139508780	170741917	21180	0.0074
daffd6e3-1176-4e5a-959c-d9a2667452ee	7	43355	22757820	16282	0.0145
daffd6e3-1176-4e5a-959c-d9a2667452ee	7	22758461	51759659	20151	-0.0041
daffd6e3-1176-4e5a-959c-d9a2667452ee	7	51759983	54305455	1935	0.0171
daffd6e3-1176-4e5a-959c-d9a2667452ee	7	54318812	54318824	6	-2.1659
daffd6e3-1176-4e5a-959c-d9a2667452ee	7	54325795	54600051	188	0.007
daffd6e3-1176-4e5a-959c-d9a2667452ee	7	54600144	54600232	2	1.5204
daffd6e3-1176-4e5a-959c-d9a2667452ee	7	54603724	97766148	21578	0.01
daffd6e3-1176-4e5a-959c-d9a2667452ee	7	97766150	97773163	15	-1.8172
daffd6e3-1176-4e5a-959c-d9a2667452ee	7	97774928	109797616	6594	0.0069
daffd6e3-1176-4e5a-959c-d9a2667452ee	7	109797618	109813853	25	-0.4957
daffd6e3-1176-4e5a-959c-d9a2667452ee	7	109813925	116294646	3888	0.0174
daffd6e3-1176-4e5a-959c-d9a2667452ee	7	116294957	116301498	4	-1.0205
daffd6e3-1176-4e5a-959c-d9a2667452ee	7	116301524	126405502	6112	-0.003
daffd6e3-1176-4e5a-959c-d9a2667452ee	7	126405597	126406561	10	-1.4291
daffd6e3-1176-4e5a-959c-d9a2667452ee	7	126406822	142063324	9904	0.0037
daffd6e3-1176-4e5a-959c-d9a2667452ee	7	142069843	142090383	31	0.4313
daffd6e3-1176-4e5a-959c-d9a2667452ee	7	142090403	142345098	190	0.012
daffd6e3-1176-4e5a-959c-d9a2667452ee	7	142347278	142356135	6	-0.6321
daffd6e3-1176-4e5a-959c-d9a2667452ee	7	142356261	144199159	1006	0.0066
daffd6e3-1176-4e5a-959c-d9a2667452ee	7	144207186	144352208	15	0.8949
daffd6e3-1176-4e5a-959c-d9a2667452ee	7	144377836	159334314	9617	0.0121
daffd6e3-1176-4e5a-959c-d9a2667452ee	8	81254	25114672	21400	0.0184
daffd6e3-1176-4e5a-959c-d9a2667452ee	8	25116928	25126554	22	-0.8327
daffd6e3-1176-4e5a-959c-d9a2667452ee	8	25126626	39372806	8978	0.0017
daffd6e3-1176-4e5a-959c-d9a2667452ee	8	39373140	39529446	60	-0.7128
daffd6e3-1176-4e5a-959c-d9a2667452ee	8	39530780	114622438	43702	0.0062
daffd6e3-1176-4e5a-959c-d9a2667452ee	8	114622478	114623472	9	-0.7538
daffd6e3-1176-4e5a-959c-d9a2667452ee	8	114626121	114628679	10	-0.1216
daffd6e3-1176-4e5a-959c-d9a2667452ee	8	114628759	114629502	12	-0.8067
daffd6e3-1176-4e5a-959c-d9a2667452ee	8	114638468	114962415	214	0.0428
daffd6e3-1176-4e5a-959c-d9a2667452ee	8	114967464	140449649	18718	0.0023
daffd6e3-1176-4e5a-959c-d9a2667452ee	8	140449762	142140841	1001	0.0615
daffd6e3-1176-4e5a-959c-d9a2667452ee	8	142143283	142153456	4	-1.2113
daffd6e3-1176-4e5a-959c-d9a2667452ee	8	142154517	145072769	1060	0.0607
daffd6e3-1176-4e5a-959c-d9a2667452ee	9	46587	39807498	31086	0.0102
daffd6e3-1176-4e5a-959c-d9a2667452ee	9	39827488	39833357	2	-1.7253
daffd6e3-1176-4e5a-959c-d9a2667452ee	9	39840169	40189830	5	-0.4276
daffd6e3-1176-4e5a-959c-d9a2667452ee	9	40228981	42585140	135	0.1671
daffd6e3-1176-4e5a-959c-d9a2667452ee	9	42697878	61405110	54	-0.2252
daffd6e3-1176-4e5a-959c-d9a2667452ee	9	61520021	61647899	30	-1.5171
daffd6e3-1176-4e5a-959c-d9a2667452ee	9	61665362	114320531	32875	0.0033
daffd6e3-1176-4e5a-959c-d9a2667452ee	9	114325122	114326042	2	1.7143
daffd6e3-1176-4e5a-959c-d9a2667452ee	9	114330749	138200944	15057	0.0098
daffd6e3-1176-4e5a-959c-d9a2667452ee	10	45792	2313190	1722	0.0271
daffd6e3-1176-4e5a-959c-d9a2667452ee	10	2313295	2314927	2	-1.2319
daffd6e3-1176-4e5a-959c-d9a2667452ee	10	2315318	4197915	1788	0.0091
daffd6e3-1176-4e5a-959c-d9a2667452ee	10	4198530	4199380	4	-1.1033
daffd6e3-1176-4e5a-959c-d9a2667452ee	10	4201806	13008005	7363	-0.0009
daffd6e3-1176-4e5a-959c-d9a2667452ee	10	13008023	13008170	4	-0.9728
daffd6e3-1176-4e5a-959c-d9a2667452ee	10	13008428	30957581	13268	0.0062
daffd6e3-1176-4e5a-959c-d9a2667452ee	10	30962405	30962809	10	-0.8021
daffd6e3-1176-4e5a-959c-d9a2667452ee	10	30962850	43029180	5284	-0.0041
daffd6e3-1176-4e5a-959c-d9a2667452ee	10	43029253	43030294	2	-1.3811
daffd6e3-1176-4e5a-959c-d9a2667452ee	10	43030575	46525652	2140	0.0091
daffd6e3-1176-4e5a-959c-d9a2667452ee	10	46525728	46526086	10	-0.5883
daffd6e3-1176-4e5a-959c-d9a2667452ee	10	46526248	46836986	43	0.0876
daffd6e3-1176-4e5a-959c-d9a2667452ee	10	46898735	46967412	3	1.4174
daffd6e3-1176-4e5a-959c-d9a2667452ee	10	47002596	65546518	12640	0.0064
daffd6e3-1176-4e5a-959c-d9a2667452ee	10	65548165	65554688	28	-0.5534
daffd6e3-1176-4e5a-959c-d9a2667452ee	10	65563037	69522716	2535	0.0055
daffd6e3-1176-4e5a-959c-d9a2667452ee	10	69522730	69523086	4	-1.9004
daffd6e3-1176-4e5a-959c-d9a2667452ee	10	69531858	76493093	4222	-0.0031
daffd6e3-1176-4e5a-959c-d9a2667452ee	10	76497303	76497852	2	-1.6417
daffd6e3-1176-4e5a-959c-d9a2667452ee	10	76501509	131358937	38113	0.0006
daffd6e3-1176-4e5a-959c-d9a2667452ee	10	131360215	133654968	1188	0.0568
daffd6e3-1176-4e5a-959c-d9a2667452ee	11	198510	4940683	2394	0.0163
daffd6e3-1176-4e5a-959c-d9a2667452ee	11	4940884	4955042	49	0.2734
daffd6e3-1176-4e5a-959c-d9a2667452ee	11	4955781	5761729	770	0.0226
daffd6e3-1176-4e5a-959c-d9a2667452ee	11	5761746	5787909	39	0.4464
daffd6e3-1176-4e5a-959c-d9a2667452ee	11	5788108	55595864	31134	0.0018
daffd6e3-1176-4e5a-959c-d9a2667452ee	11	55606556	55685533	59	-1.8578
daffd6e3-1176-4e5a-959c-d9a2667452ee	11	55686100	135074876	52131	0.0068
daffd6e3-1176-4e5a-959c-d9a2667452ee	12	51460	9481274	6150	0.0145
daffd6e3-1176-4e5a-959c-d9a2667452ee	12	9485313	9575696	23	0.9594
daffd6e3-1176-4e5a-959c-d9a2667452ee	12	9582373	33141726	16535	0.0038
daffd6e3-1176-4e5a-959c-d9a2667452ee	12	33148472	33155426	28	-0.6309
daffd6e3-1176-4e5a-959c-d9a2667452ee	12	33155453	45510655	5577	0.0167
daffd6e3-1176-4e5a-959c-d9a2667452ee	12	45512057	45515754	3	-1.6133
daffd6e3-1176-4e5a-959c-d9a2667452ee	12	45519509	58863849	7655	0.0033
daffd6e3-1176-4e5a-959c-d9a2667452ee	12	58864303	58865124	2	-1.8922
daffd6e3-1176-4e5a-959c-d9a2667452ee	12	58866220	80446147	13832	-0.0009
daffd6e3-1176-4e5a-959c-d9a2667452ee	12	80446276	80456533	2	-2.3733
daffd6e3-1176-4e5a-959c-d9a2667452ee	12	80458189	84280867	2391	0.0059
daffd6e3-1176-4e5a-959c-d9a2667452ee	12	84281840	84285741	3	-1.0007
daffd6e3-1176-4e5a-959c-d9a2667452ee	12	84286446	104554541	13066	0.0008
daffd6e3-1176-4e5a-959c-d9a2667452ee	12	104554788	104554797	2	-1.4135
daffd6e3-1176-4e5a-959c-d9a2667452ee	12	104557165	118214077	9386	0.0082
daffd6e3-1176-4e5a-959c-d9a2667452ee	12	118216338	118222125	3	-2.2029
daffd6e3-1176-4e5a-959c-d9a2667452ee	12	118228452	119338065	814	0.0023
daffd6e3-1176-4e5a-959c-d9a2667452ee	12	119341162	119341206	2	2.091
daffd6e3-1176-4e5a-959c-d9a2667452ee	12	119345683	133201603	9151	0.0151
daffd6e3-1176-4e5a-959c-d9a2667452ee	13	18452809	19547319	530	0.0201
daffd6e3-1176-4e5a-959c-d9a2667452ee	13	19549755	19549770	2	-2.2794
daffd6e3-1176-4e5a-959c-d9a2667452ee	13	19550361	34066991	10590	0.0104
daffd6e3-1176-4e5a-959c-d9a2667452ee	13	34067830	34069843	4	-1.0891
daffd6e3-1176-4e5a-959c-d9a2667452ee	13	34071004	37501828	2319	-0.0043
daffd6e3-1176-4e5a-959c-d9a2667452ee	13	37502130	37510620	12	-0.8366
daffd6e3-1176-4e5a-959c-d9a2667452ee	13	37514193	57176962	12486	0.0084
daffd6e3-1176-4e5a-959c-d9a2667452ee	13	57184136	57204234	33	0.4052
daffd6e3-1176-4e5a-959c-d9a2667452ee	13	57204246	71902850	8968	0.0061
daffd6e3-1176-4e5a-959c-d9a2667452ee	13	71903417	71906418	4	-2.141
daffd6e3-1176-4e5a-959c-d9a2667452ee	13	71906467	114342922	28993	0.0048
daffd6e3-1176-4e5a-959c-d9a2667452ee	14	18239283	18976793	27	-0.0593
daffd6e3-1176-4e5a-959c-d9a2667452ee	14	19011729	19955213	140	-0.4202
daffd6e3-1176-4e5a-959c-d9a2667452ee	14	19956767	41139155	13548	0.0059
daffd6e3-1176-4e5a-959c-d9a2667452ee	14	41141293	41188146	15	-0.6338
daffd6e3-1176-4e5a-959c-d9a2667452ee	14	41200899	73529070	20384	0.0023
daffd6e3-1176-4e5a-959c-d9a2667452ee	14	73534419	73563196	10	0.8069
daffd6e3-1176-4e5a-959c-d9a2667452ee	14	73563211	102048678	19197	0.0038
daffd6e3-1176-4e5a-959c-d9a2667452ee	14	102051180	102052532	2	1.5004
daffd6e3-1176-4e5a-959c-d9a2667452ee	14	102052533	105612353	1392	-0.0068
daffd6e3-1176-4e5a-959c-d9a2667452ee	14	105612687	105632998	6	0.7357
daffd6e3-1176-4e5a-959c-d9a2667452ee	14	105636696	106877229	500	0.0678
daffd6e3-1176-4e5a-959c-d9a2667452ee	15	19811075	20001686	45	0.0314
daffd6e3-1176-4e5a-959c-d9a2667452ee	15	20011702	20372908	42	0.4233
daffd6e3-1176-4e5a-959c-d9a2667452ee	15	20373168	20665022	60	0.0928
daffd6e3-1176-4e5a-959c-d9a2667452ee	15	20665162	21266481	23	0.8071
daffd6e3-1176-4e5a-959c-d9a2667452ee	15	21266991	21975606	6	0.2952
daffd6e3-1176-4e5a-959c-d9a2667452ee	15	21997003	22299009	29	-0.3529
daffd6e3-1176-4e5a-959c-d9a2667452ee	15	22299523	32285940	5703	0.0183
daffd6e3-1176-4e5a-959c-d9a2667452ee	15	32307601	32363170	6	0.9293
daffd6e3-1176-4e5a-959c-d9a2667452ee	15	32381666	56497277	15154	-0.0002
daffd6e3-1176-4e5a-959c-d9a2667452ee	15	56497331	56508779	27	-0.6945
daffd6e3-1176-4e5a-959c-d9a2667452ee	15	56509425	76577588	12709	0.0023
daffd6e3-1176-4e5a-959c-d9a2667452ee	15	76586021	76609838	24	0.4071
daffd6e3-1176-4e5a-959c-d9a2667452ee	15	76609853	101888834	17545	0.0052
daffd6e3-1176-4e5a-959c-d9a2667452ee	15	101888850	101928837	7	0.9696
daffd6e3-1176-4e5a-959c-d9a2667452ee	16	10777	603845	287	0.1234
daffd6e3-1176-4e5a-959c-d9a2667452ee	16	603862	14955003	10802	0.0057
daffd6e3-1176-4e5a-959c-d9a2667452ee	16	14955046	15100205	82	0.4406
daffd6e3-1176-4e5a-959c-d9a2667452ee	16	15147437	55762682	15692	0.0122
daffd6e3-1176-4e5a-959c-d9a2667452ee	16	55764310	55764867	3	2.6284
daffd6e3-1176-4e5a-959c-d9a2667452ee	16	55770436	55836505	30	0.2352
daffd6e3-1176-4e5a-959c-d9a2667452ee	16	55839497	83993072	20549	0.0005
daffd6e3-1176-4e5a-959c-d9a2667452ee	16	83995067	84681395	634	0.0843
daffd6e3-1176-4e5a-959c-d9a2667452ee	16	84681646	88571488	2986	0.0079
daffd6e3-1176-4e5a-959c-d9a2667452ee	16	88573341	88579725	3	-0.8376
daffd6e3-1176-4e5a-959c-d9a2667452ee	16	88580238	90096867	655	0.1033
daffd6e3-1176-4e5a-959c-d9a2667452ee	17	150733	1066483	487	0.0991
daffd6e3-1176-4e5a-959c-d9a2667452ee	17	1066929	10330033	5484	0.0151
daffd6e3-1176-4e5a-959c-d9a2667452ee	17	10331274	10408709	49	0.1145
daffd6e3-1176-4e5a-959c-d9a2667452ee	17	10409163	10410374	2	-1.976
daffd6e3-1176-4e5a-959c-d9a2667452ee	17	10412155	18458372	5333	0.009
daffd6e3-1176-4e5a-959c-d9a2667452ee	17	18461528	18561907	23	-1.1146
daffd6e3-1176-4e5a-959c-d9a2667452ee	17	18565883	20191726	699	0.0085
daffd6e3-1176-4e5a-959c-d9a2667452ee	17	20192476	20193303	2	-1.2676
daffd6e3-1176-4e5a-959c-d9a2667452ee	17	20196517	28452035	1548	0.017
daffd6e3-1176-4e5a-959c-d9a2667452ee	17	28454323	28455301	2	-2.5197
daffd6e3-1176-4e5a-959c-d9a2667452ee	17	28462253	41265456	7116	0.0116
daffd6e3-1176-4e5a-959c-d9a2667452ee	17	41266762	41274198	23	-1.0923
daffd6e3-1176-4e5a-959c-d9a2667452ee	17	41274279	46085231	2495	0.0307
daffd6e3-1176-4e5a-959c-d9a2667452ee	17	46085732	46569894	130	0.5473
daffd6e3-1176-4e5a-959c-d9a2667452ee	17	46571001	57610128	6970	0.0043
daffd6e3-1176-4e5a-959c-d9a2667452ee	17	57610972	57611632	2	-1.7097
daffd6e3-1176-4e5a-959c-d9a2667452ee	17	57614632	83091923	14515	0.0096
daffd6e3-1176-4e5a-959c-d9a2667452ee	18	48133	40678763	22716	0.0093
daffd6e3-1176-4e5a-959c-d9a2667452ee	18	40680456	40685425	19	0.4954
daffd6e3-1176-4e5a-959c-d9a2667452ee	18	40689534	47895816	4744	0.0033
daffd6e3-1176-4e5a-959c-d9a2667452ee	18	47896021	47896106	3	1.1794
daffd6e3-1176-4e5a-959c-d9a2667452ee	18	47896568	65535759	12321	0.007
daffd6e3-1176-4e5a-959c-d9a2667452ee	18	65535772	65537481	15	1.538
daffd6e3-1176-4e5a-959c-d9a2667452ee	18	65540037	66050015	355	0.0631
daffd6e3-1176-4e5a-959c-d9a2667452ee	18	66050285	66061104	15	-0.3377
daffd6e3-1176-4e5a-959c-d9a2667452ee	18	66065502	66239629	147	0.0015
daffd6e3-1176-4e5a-959c-d9a2667452ee	18	66240197	66244352	10	-0.6962
daffd6e3-1176-4e5a-959c-d9a2667452ee	18	66244639	80257174	10241	0.0196
daffd6e3-1176-4e5a-959c-d9a2667452ee	19	90910	13015157	5182	0.019
daffd6e3-1176-4e5a-959c-d9a2667452ee	19	13015958	13033158	4	1.7978
daffd6e3-1176-4e5a-959c-d9a2667452ee	19	13033434	58586487	23867	0.0143
daffd6e3-1176-4e5a-959c-d9a2667452ee	20	80664	1580305	1200	0.0185
daffd6e3-1176-4e5a-959c-d9a2667452ee	20	1580353	1613247	42	1.5432
daffd6e3-1176-4e5a-959c-d9a2667452ee	20	1617300	63615188	40708	0.0048
daffd6e3-1176-4e5a-959c-d9a2667452ee	20	63615625	64324800	296	0.1073
daffd6e3-1176-4e5a-959c-d9a2667452ee	21	10354168	26908194	9828	0.0122
daffd6e3-1176-4e5a-959c-d9a2667452ee	21	26910341	26911285	4	-1.4886
daffd6e3-1176-4e5a-959c-d9a2667452ee	21	26911831	46677045	13951	0.0049
daffd6e3-1176-4e5a-959c-d9a2667452ee	22	15294547	18128862	1100	0.0202
daffd6e3-1176-4e5a-959c-d9a2667452ee	22	18130790	21660475	1662	0.1083
daffd6e3-1176-4e5a-959c-d9a2667452ee	22	21660855	23232307	1166	0.0502
daffd6e3-1176-4e5a-959c-d9a2667452ee	22	23234925	38955461	11265	0.0109
daffd6e3-1176-4e5a-959c-d9a2667452ee	22	38967614	38979302	24	-0.6817
daffd6e3-1176-4e5a-959c-d9a2667452ee	22	38993700	48370160	6328	0.0119
daffd6e3-1176-4e5a-959c-d9a2667452ee	22	48370238	50796027	1666	0.0749
daffd6e3-1176-4e5a-959c-d9a2667452ee	X	251810	155952689	83238	0.004
daffd6e3-1176-4e5a-959c-d9a2667452ee	Y	2782397	21924037	6340	-0.9562
daffd6e3-1176-4e5a-959c-d9a2667452ee	Y	21961640	22197200	6	0.3255
daffd6e3-1176-4e5a-959c-d9a2667452ee	Y	22213784	56872112	294	-0.9572
