GDC_Aliquot	Chromosome	Start	End	Num_Probes	Segment_Mean
a7cb0499-fb46-40ea-9145-cd734bf3ad0f	1	62920	259422	15	1.1254
a7cb0499-fb46-40ea-9145-cd734bf3ad0f	1	259926	1575421	195	0.3432
a7cb0499-fb46-40ea-9145-cd734bf3ad0f	1	1696479	1756148	17	-0.4014
a7cb0499-fb46-40ea-9145-cd734bf3ad0f	1	1756211	2170764	151	0.2902
a7cb0499-fb46-40ea-9145-cd734bf3ad0f	1	2173542	2371329	58	0.5551
a7cb0499-fb46-40ea-9145-cd734bf3ad0f	1	2371472	3274375	291	0.3339
a7cb0499-fb46-40ea-9145-cd734bf3ad0f	1	3274912	3400217	78	0.0505
a7cb0499-fb46-40ea-9145-cd734bf3ad0f	1	3402150	3409606	5	0.651
a7cb0499-fb46-40ea-9145-cd734bf3ad0f	1	3410232	5308529	1459	0.0251
a7cb0499-fb46-40ea-9145-cd734bf3ad0f	1	5308653	5313648	13	0.4317
a7cb0499-fb46-40ea-9145-cd734bf3ad0f	1	5313993	5342810	20	0.1634
a7cb0499-fb46-40ea-9145-cd734bf3ad0f	1	5343525	5716400	310	-0.0231
a7cb0499-fb46-40ea-9145-cd734bf3ad0f	1	5718176	5963169	179	0.0864
a7cb0499-fb46-40ea-9145-cd734bf3ad0f	1	5964520	5996108	18	0.6645
a7cb0499-fb46-40ea-9145-cd734bf3ad0f	1	5996669	9284850	1865	0.0216
a7cb0499-fb46-40ea-9145-cd734bf3ad0f	1	9294899	9344634	44	0.2832
a7cb0499-fb46-40ea-9145-cd734bf3ad0f	1	9344921	10314212	459	0.0171
a7cb0499-fb46-40ea-9145-cd734bf3ad0f	1	10314542	10317185	2	1.088
a7cb0499-fb46-40ea-9145-cd734bf3ad0f	1	10317363	12855993	1341	0.018
a7cb0499-fb46-40ea-9145-cd734bf3ad0f	1	12867264	13468357	36	0.2732
a7cb0499-fb46-40ea-9145-cd734bf3ad0f	1	13468981	15666877	1697	0.0021
a7cb0499-fb46-40ea-9145-cd734bf3ad0f	1	15667667	15761329	38	0.2516
a7cb0499-fb46-40ea-9145-cd734bf3ad0f	1	15761501	15827002	50	0.0483
a7cb0499-fb46-40ea-9145-cd734bf3ad0f	1	15827041	15841360	13	0.6395
a7cb0499-fb46-40ea-9145-cd734bf3ad0f	1	15843965	16470247	275	0.0341
a7cb0499-fb46-40ea-9145-cd734bf3ad0f	1	16471261	16993283	151	0.396
a7cb0499-fb46-40ea-9145-cd734bf3ad0f	1	16997950	17205087	163	-0.0126
a7cb0499-fb46-40ea-9145-cd734bf3ad0f	1	17207815	17214292	5	0.4784
a7cb0499-fb46-40ea-9145-cd734bf3ad0f	1	17215454	17265184	46	-0.0005
a7cb0499-fb46-40ea-9145-cd734bf3ad0f	1	17266821	17296159	25	0.2876
a7cb0499-fb46-40ea-9145-cd734bf3ad0f	1	17296370	21358952	2719	0.0117
a7cb0499-fb46-40ea-9145-cd734bf3ad0f	1	21361264	21433302	43	0.4583
a7cb0499-fb46-40ea-9145-cd734bf3ad0f	1	21433632	21992508	322	0.0017
a7cb0499-fb46-40ea-9145-cd734bf3ad0f	1	21996664	22109542	66	0.2879
a7cb0499-fb46-40ea-9145-cd734bf3ad0f	1	22109752	22323501	167	0.0466
a7cb0499-fb46-40ea-9145-cd734bf3ad0f	1	22327057	22329911	3	0.8087
a7cb0499-fb46-40ea-9145-cd734bf3ad0f	1	22332234	25118369	1578	0.0115
a7cb0499-fb46-40ea-9145-cd734bf3ad0f	1	25118529	25177805	75	0.2458
a7cb0499-fb46-40ea-9145-cd734bf3ad0f	1	25183720	25228030	18	-0.0046
a7cb0499-fb46-40ea-9145-cd734bf3ad0f	1	25228700	25248216	8	0.3236
a7cb0499-fb46-40ea-9145-cd734bf3ad0f	1	25256138	25320455	29	0.7539
a7cb0499-fb46-40ea-9145-cd734bf3ad0f	1	25336819	26477986	542	0.0164
a7cb0499-fb46-40ea-9145-cd734bf3ad0f	1	26479092	26543119	26	0.276
a7cb0499-fb46-40ea-9145-cd734bf3ad0f	1	26544846	27014714	152	0.0082
a7cb0499-fb46-40ea-9145-cd734bf3ad0f	1	27020298	27061893	22	0.499
a7cb0499-fb46-40ea-9145-cd734bf3ad0f	1	27072223	27448900	142	-0.0052
a7cb0499-fb46-40ea-9145-cd734bf3ad0f	1	27464073	27518482	21	0.2843
a7cb0499-fb46-40ea-9145-cd734bf3ad0f	1	27522032	28503188	433	0.0223
a7cb0499-fb46-40ea-9145-cd734bf3ad0f	1	28503390	28509875	6	0.5203
a7cb0499-fb46-40ea-9145-cd734bf3ad0f	1	28513637	30666231	1383	0.0104
a7cb0499-fb46-40ea-9145-cd734bf3ad0f	1	30666733	30768199	78	0.2194
a7cb0499-fb46-40ea-9145-cd734bf3ad0f	1	30768465	30778204	5	0.7698
a7cb0499-fb46-40ea-9145-cd734bf3ad0f	1	30778417	30802156	10	0.2397
a7cb0499-fb46-40ea-9145-cd734bf3ad0f	1	30803715	37379639	3612	0.0099
a7cb0499-fb46-40ea-9145-cd734bf3ad0f	1	37383192	37455082	46	0.2514
a7cb0499-fb46-40ea-9145-cd734bf3ad0f	1	37455442	39631846	1193	0.0011
a7cb0499-fb46-40ea-9145-cd734bf3ad0f	1	39638789	39687004	25	0.7732
a7cb0499-fb46-40ea-9145-cd734bf3ad0f	1	39687469	40872993	639	0.0136
a7cb0499-fb46-40ea-9145-cd734bf3ad0f	1	40874397	40910828	23	0.3222
a7cb0499-fb46-40ea-9145-cd734bf3ad0f	1	40918052	45774377	2792	-0.0026
a7cb0499-fb46-40ea-9145-cd734bf3ad0f	1	45776660	45787387	11	0.381
a7cb0499-fb46-40ea-9145-cd734bf3ad0f	1	45789332	45917330	69	-0.0465
a7cb0499-fb46-40ea-9145-cd734bf3ad0f	1	45917347	46122793	107	0.1501
a7cb0499-fb46-40ea-9145-cd734bf3ad0f	1	46124463	54733339	4753	0.0017
a7cb0499-fb46-40ea-9145-cd734bf3ad0f	1	54741821	54808846	54	0.2389
a7cb0499-fb46-40ea-9145-cd734bf3ad0f	1	54808979	72302815	12592	-0.0014
a7cb0499-fb46-40ea-9145-cd734bf3ad0f	1	72303233	72345465	46	0.6066
a7cb0499-fb46-40ea-9145-cd734bf3ad0f	1	72346221	86561241	9303	-0.0007
a7cb0499-fb46-40ea-9145-cd734bf3ad0f	1	86562986	86574262	12	-1.0957
a7cb0499-fb46-40ea-9145-cd734bf3ad0f	1	86574884	94668626	5093	-0.0014
a7cb0499-fb46-40ea-9145-cd734bf3ad0f	1	94668661	94669551	4	0.9078
a7cb0499-fb46-40ea-9145-cd734bf3ad0f	1	94669599	95209154	429	0.0144
a7cb0499-fb46-40ea-9145-cd734bf3ad0f	1	95210955	95210962	2	-1.1397
a7cb0499-fb46-40ea-9145-cd734bf3ad0f	1	95214568	105476583	6106	-0.0066
a7cb0499-fb46-40ea-9145-cd734bf3ad0f	1	105476614	105479753	16	0.5496
a7cb0499-fb46-40ea-9145-cd734bf3ad0f	1	105481433	105602745	103	-0.1132
a7cb0499-fb46-40ea-9145-cd734bf3ad0f	1	105602946	109032025	2242	0.0004
a7cb0499-fb46-40ea-9145-cd734bf3ad0f	1	109061619	109117336	18	0.3011
a7cb0499-fb46-40ea-9145-cd734bf3ad0f	1	109118433	109633358	253	-0.0075
a7cb0499-fb46-40ea-9145-cd734bf3ad0f	1	109635590	109690431	22	0.2969
a7cb0499-fb46-40ea-9145-cd734bf3ad0f	1	109690640	109697556	10	1.7271
a7cb0499-fb46-40ea-9145-cd734bf3ad0f	1	109702376	111769532	1584	-0.0011
a7cb0499-fb46-40ea-9145-cd734bf3ad0f	1	111769589	111769929	3	0.9121
a7cb0499-fb46-40ea-9145-cd734bf3ad0f	1	111770456	112153343	364	-0.0046
a7cb0499-fb46-40ea-9145-cd734bf3ad0f	1	112153465	112154390	17	-0.4036
a7cb0499-fb46-40ea-9145-cd734bf3ad0f	1	112154552	121581632	5161	-0.0029
a7cb0499-fb46-40ea-9145-cd734bf3ad0f	1	121593055	147027063	326	0.1985
a7cb0499-fb46-40ea-9145-cd734bf3ad0f	1	147027281	147901334	597	0.0331
a7cb0499-fb46-40ea-9145-cd734bf3ad0f	1	147901760	149914031	133	0.2122
a7cb0499-fb46-40ea-9145-cd734bf3ad0f	1	149918981	152583230	1392	0.0154
a7cb0499-fb46-40ea-9145-cd734bf3ad0f	1	152583291	152614118	34	0.9883
a7cb0499-fb46-40ea-9145-cd734bf3ad0f	1	152618018	152787202	167	-0.0459
a7cb0499-fb46-40ea-9145-cd734bf3ad0f	1	152789447	152796224	37	0.3897
a7cb0499-fb46-40ea-9145-cd734bf3ad0f	1	152801429	169247699	11283	0.0014
a7cb0499-fb46-40ea-9145-cd734bf3ad0f	1	169264736	169272528	7	-2.9757
a7cb0499-fb46-40ea-9145-cd734bf3ad0f	1	169273163	217501347	32389	0.001
a7cb0499-fb46-40ea-9145-cd734bf3ad0f	1	217506738	217536548	22	0.4949
a7cb0499-fb46-40ea-9145-cd734bf3ad0f	1	217537191	222847162	3560	0.0041
a7cb0499-fb46-40ea-9145-cd734bf3ad0f	1	222849581	222850427	3	-1.1178
a7cb0499-fb46-40ea-9145-cd734bf3ad0f	1	222853375	225802670	1824	0.008
a7cb0499-fb46-40ea-9145-cd734bf3ad0f	1	225802761	225877045	52	0.2369
a7cb0499-fb46-40ea-9145-cd734bf3ad0f	1	225877146	228339589	1425	0.0166
a7cb0499-fb46-40ea-9145-cd734bf3ad0f	1	228344757	228656037	87	0.2444
a7cb0499-fb46-40ea-9145-cd734bf3ad0f	1	228657499	231781483	2223	0.0119
a7cb0499-fb46-40ea-9145-cd734bf3ad0f	1	231783840	231827591	31	0.3703
a7cb0499-fb46-40ea-9145-cd734bf3ad0f	1	231831101	232709495	773	0.0264
a7cb0499-fb46-40ea-9145-cd734bf3ad0f	1	232712112	232733749	11	0.658
a7cb0499-fb46-40ea-9145-cd734bf3ad0f	1	232734892	241928319	7150	0.0152
a7cb0499-fb46-40ea-9145-cd734bf3ad0f	1	241933249	242023312	35	0.2685
a7cb0499-fb46-40ea-9145-cd734bf3ad0f	1	242024534	242902067	695	0.0005
a7cb0499-fb46-40ea-9145-cd734bf3ad0f	1	242914961	243064845	39	0.289
a7cb0499-fb46-40ea-9145-cd734bf3ad0f	1	243094761	246507669	2323	0.0092
a7cb0499-fb46-40ea-9145-cd734bf3ad0f	1	246511578	246667186	88	0.2129
a7cb0499-fb46-40ea-9145-cd734bf3ad0f	1	246674300	246699286	22	0.5931
a7cb0499-fb46-40ea-9145-cd734bf3ad0f	1	246703903	246829540	104	0.169
a7cb0499-fb46-40ea-9145-cd734bf3ad0f	1	246829665	248242253	867	0.0069
a7cb0499-fb46-40ea-9145-cd734bf3ad0f	1	248243898	248429940	123	-0.1537
a7cb0499-fb46-40ea-9145-cd734bf3ad0f	1	248436996	248912792	198	0.0851
a7cb0499-fb46-40ea-9145-cd734bf3ad0f	1	248917328	248930189	6	0.2802
a7cb0499-fb46-40ea-9145-cd734bf3ad0f	2	12784	176411	93	0.0698
a7cb0499-fb46-40ea-9145-cd734bf3ad0f	2	178283	216376	30	0.3993
a7cb0499-fb46-40ea-9145-cd734bf3ad0f	2	219558	324066	76	0.1227
a7cb0499-fb46-40ea-9145-cd734bf3ad0f	2	326212	1373971	703	0.0388
a7cb0499-fb46-40ea-9145-cd734bf3ad0f	2	1374288	1782449	254	0.194
a7cb0499-fb46-40ea-9145-cd734bf3ad0f	2	1782750	1786188	5	-0.773
a7cb0499-fb46-40ea-9145-cd734bf3ad0f	2	1786865	1872020	48	0.2474
a7cb0499-fb46-40ea-9145-cd734bf3ad0f	2	1872064	3135789	965	0.0114
a7cb0499-fb46-40ea-9145-cd734bf3ad0f	2	3138728	3293235	157	0.1847
a7cb0499-fb46-40ea-9145-cd734bf3ad0f	2	3293722	4155990	655	0.0155
a7cb0499-fb46-40ea-9145-cd734bf3ad0f	2	4158097	4175059	35	-0.5689
a7cb0499-fb46-40ea-9145-cd734bf3ad0f	2	4175113	7458731	2866	0.0054
a7cb0499-fb46-40ea-9145-cd734bf3ad0f	2	7459524	7518956	54	0.2231
a7cb0499-fb46-40ea-9145-cd734bf3ad0f	2	7520639	15659856	5886	-0.0032
a7cb0499-fb46-40ea-9145-cd734bf3ad0f	2	15659982	15683761	22	0.3143
a7cb0499-fb46-40ea-9145-cd734bf3ad0f	2	15685864	24386596	6084	-0.0032
a7cb0499-fb46-40ea-9145-cd734bf3ad0f	2	24386777	24407230	34	0.284
a7cb0499-fb46-40ea-9145-cd734bf3ad0f	2	24408630	24438493	20	-0.0375
a7cb0499-fb46-40ea-9145-cd734bf3ad0f	2	24444954	24506274	28	0.2148
a7cb0499-fb46-40ea-9145-cd734bf3ad0f	2	24506595	26010616	725	-0.0006
a7cb0499-fb46-40ea-9145-cd734bf3ad0f	2	26015352	26018105	4	0.7523
a7cb0499-fb46-40ea-9145-cd734bf3ad0f	2	26023221	28763484	1389	-0.0056
a7cb0499-fb46-40ea-9145-cd734bf3ad0f	2	28765599	29017194	136	0.157
a7cb0499-fb46-40ea-9145-cd734bf3ad0f	2	29020796	32832534	2531	0.0015
a7cb0499-fb46-40ea-9145-cd734bf3ad0f	2	32833153	32853417	18	0.241
a7cb0499-fb46-40ea-9145-cd734bf3ad0f	2	32853925	32895091	27	0.4453
a7cb0499-fb46-40ea-9145-cd734bf3ad0f	2	32895343	32952239	45	0.1878
a7cb0499-fb46-40ea-9145-cd734bf3ad0f	2	32952477	34450400	1189	0.002
a7cb0499-fb46-40ea-9145-cd734bf3ad0f	2	34456427	34502800	48	0.2687
a7cb0499-fb46-40ea-9145-cd734bf3ad0f	2	34511446	35742970	872	-0.0352
a7cb0499-fb46-40ea-9145-cd734bf3ad0f	2	35750907	35762881	8	0.7104
a7cb0499-fb46-40ea-9145-cd734bf3ad0f	2	35772407	49305903	9854	-0.0065
a7cb0499-fb46-40ea-9145-cd734bf3ad0f	2	49308629	49314051	5	-1.0676
a7cb0499-fb46-40ea-9145-cd734bf3ad0f	2	49317902	52514599	2270	-0.0375
a7cb0499-fb46-40ea-9145-cd734bf3ad0f	2	52516787	52554259	36	-0.5812
a7cb0499-fb46-40ea-9145-cd734bf3ad0f	2	52554274	67870971	10096	-0.0053
a7cb0499-fb46-40ea-9145-cd734bf3ad0f	2	67873569	67938505	41	0.2688
a7cb0499-fb46-40ea-9145-cd734bf3ad0f	2	67938948	86068173	11398	-0.0102
a7cb0499-fb46-40ea-9145-cd734bf3ad0f	2	86069290	97715475	2389	0.0497
a7cb0499-fb46-40ea-9145-cd734bf3ad0f	2	97719673	124921157	16547	-0.0017
a7cb0499-fb46-40ea-9145-cd734bf3ad0f	2	124921342	125270889	165	-0.1434
a7cb0499-fb46-40ea-9145-cd734bf3ad0f	2	125272745	130024177	3074	0.0055
a7cb0499-fb46-40ea-9145-cd734bf3ad0f	2	130026123	130116915	18	0.4847
a7cb0499-fb46-40ea-9145-cd734bf3ad0f	2	130117303	130539652	101	0.2086
a7cb0499-fb46-40ea-9145-cd734bf3ad0f	2	130560276	130560478	2	-0.8648
a7cb0499-fb46-40ea-9145-cd734bf3ad0f	2	130720375	131226967	234	0.006
a7cb0499-fb46-40ea-9145-cd734bf3ad0f	2	131271344	131291221	6	0.4526
a7cb0499-fb46-40ea-9145-cd734bf3ad0f	2	131303945	131430527	59	0.0486
a7cb0499-fb46-40ea-9145-cd734bf3ad0f	2	131430582	131507516	39	0.2891
a7cb0499-fb46-40ea-9145-cd734bf3ad0f	2	131508964	163779119	19690	-0.0088
a7cb0499-fb46-40ea-9145-cd734bf3ad0f	2	163780342	163788616	6	-0.8386
a7cb0499-fb46-40ea-9145-cd734bf3ad0f	2	163790132	167307220	2015	-0.0071
a7cb0499-fb46-40ea-9145-cd734bf3ad0f	2	167316422	167324930	10	-0.9462
a7cb0499-fb46-40ea-9145-cd734bf3ad0f	2	167331418	197299935	18266	-0.0125
a7cb0499-fb46-40ea-9145-cd734bf3ad0f	2	197300397	197379025	37	0.2588
a7cb0499-fb46-40ea-9145-cd734bf3ad0f	2	197379105	202157813	2751	-0.0096
a7cb0499-fb46-40ea-9145-cd734bf3ad0f	2	202158476	202889228	350	0.0776
a7cb0499-fb46-40ea-9145-cd734bf3ad0f	2	202891075	207485467	2941	-0.0044
a7cb0499-fb46-40ea-9145-cd734bf3ad0f	2	207485523	207485538	2	-2.0213
a7cb0499-fb46-40ea-9145-cd734bf3ad0f	2	207485595	212504894	3213	-0.0041
a7cb0499-fb46-40ea-9145-cd734bf3ad0f	2	212505638	212505978	2	-2.7558
a7cb0499-fb46-40ea-9145-cd734bf3ad0f	2	212508264	229915540	11396	-0.0038
a7cb0499-fb46-40ea-9145-cd734bf3ad0f	2	229919042	230012150	37	0.3017
a7cb0499-fb46-40ea-9145-cd734bf3ad0f	2	230013133	231467023	808	0.0095
a7cb0499-fb46-40ea-9145-cd734bf3ad0f	2	231478070	231597793	71	0.2332
a7cb0499-fb46-40ea-9145-cd734bf3ad0f	2	231599105	231675893	24	-0.0194
a7cb0499-fb46-40ea-9145-cd734bf3ad0f	2	231675971	231686864	6	0.5683
a7cb0499-fb46-40ea-9145-cd734bf3ad0f	2	231687916	232315703	301	-0.0225
a7cb0499-fb46-40ea-9145-cd734bf3ad0f	2	232319832	232453368	91	0.3143
a7cb0499-fb46-40ea-9145-cd734bf3ad0f	2	232454022	234980577	1792	-0.0006
a7cb0499-fb46-40ea-9145-cd734bf3ad0f	2	234983001	235083459	72	0.2231
a7cb0499-fb46-40ea-9145-cd734bf3ad0f	2	235085684	239085031	2622	-0.0005
a7cb0499-fb46-40ea-9145-cd734bf3ad0f	2	239085347	239108788	19	0.3873
a7cb0499-fb46-40ea-9145-cd734bf3ad0f	2	239116991	240708492	1051	0.0206
a7cb0499-fb46-40ea-9145-cd734bf3ad0f	2	240711081	240776486	22	0.3647
a7cb0499-fb46-40ea-9145-cd734bf3ad0f	2	240788528	241546649	392	-0.0066
a7cb0499-fb46-40ea-9145-cd734bf3ad0f	2	241546809	241547397	5	-1.1489
a7cb0499-fb46-40ea-9145-cd734bf3ad0f	2	241555977	242147305	179	0.1915
a7cb0499-fb46-40ea-9145-cd734bf3ad0f	3	20930	2770724	2401	-0.0446
a7cb0499-fb46-40ea-9145-cd734bf3ad0f	3	2770888	4217977	1390	0.0109
a7cb0499-fb46-40ea-9145-cd734bf3ad0f	3	4221306	4230132	12	-0.4058
a7cb0499-fb46-40ea-9145-cd734bf3ad0f	3	4230569	5013455	672	0.0093
a7cb0499-fb46-40ea-9145-cd734bf3ad0f	3	5014195	5116914	81	0.1949
a7cb0499-fb46-40ea-9145-cd734bf3ad0f	3	5117356	10158870	4054	-0.0003
a7cb0499-fb46-40ea-9145-cd734bf3ad0f	3	10161200	10266508	93	0.3281
a7cb0499-fb46-40ea-9145-cd734bf3ad0f	3	10266642	12641257	1790	0.0046
a7cb0499-fb46-40ea-9145-cd734bf3ad0f	3	12641264	12706191	61	0.2603
a7cb0499-fb46-40ea-9145-cd734bf3ad0f	3	12707631	21799955	5826	0.0091
a7cb0499-fb46-40ea-9145-cd734bf3ad0f	3	21806106	22925051	903	-0.0654
a7cb0499-fb46-40ea-9145-cd734bf3ad0f	3	22930165	31461905	6263	0.0012
a7cb0499-fb46-40ea-9145-cd734bf3ad0f	3	31461927	31463464	3	-0.9634
a7cb0499-fb46-40ea-9145-cd734bf3ad0f	3	31467743	36242052	2956	-0.0014
a7cb0499-fb46-40ea-9145-cd734bf3ad0f	3	36242067	36255351	16	-0.4328
a7cb0499-fb46-40ea-9145-cd734bf3ad0f	3	36256165	41883809	3734	-0.0034
a7cb0499-fb46-40ea-9145-cd734bf3ad0f	3	41884474	42172625	139	0.2525
a7cb0499-fb46-40ea-9145-cd734bf3ad0f	3	42172783	60517257	10846	0.0003
a7cb0499-fb46-40ea-9145-cd734bf3ad0f	3	60517375	60539592	28	0.2382
a7cb0499-fb46-40ea-9145-cd734bf3ad0f	3	60541746	60559656	26	0.6115
a7cb0499-fb46-40ea-9145-cd734bf3ad0f	3	60559696	60579398	14	0.3004
a7cb0499-fb46-40ea-9145-cd734bf3ad0f	3	60579412	68697013	6482	0.0058
a7cb0499-fb46-40ea-9145-cd734bf3ad0f	3	68697108	68698213	13	-0.495
a7cb0499-fb46-40ea-9145-cd734bf3ad0f	3	68698262	75366712	4866	0.0062
a7cb0499-fb46-40ea-9145-cd734bf3ad0f	3	75372019	75777035	114	0.3174
a7cb0499-fb46-40ea-9145-cd734bf3ad0f	3	75778459	84650533	4929	-0.0005
a7cb0499-fb46-40ea-9145-cd734bf3ad0f	3	84650607	84652985	13	-0.8469
a7cb0499-fb46-40ea-9145-cd734bf3ad0f	3	84653010	96561690	4536	-0.0025
a7cb0499-fb46-40ea-9145-cd734bf3ad0f	3	96566239	96568968	3	-1.5824
a7cb0499-fb46-40ea-9145-cd734bf3ad0f	3	96569563	96585044	7	-0.0255
a7cb0499-fb46-40ea-9145-cd734bf3ad0f	3	96588814	96600080	10	-0.9326
a7cb0499-fb46-40ea-9145-cd734bf3ad0f	3	96607163	98688460	1128	0.0065
a7cb0499-fb46-40ea-9145-cd734bf3ad0f	3	98688470	98688542	2	-1.1852
a7cb0499-fb46-40ea-9145-cd734bf3ad0f	3	98688556	105619308	4139	0.0049
a7cb0499-fb46-40ea-9145-cd734bf3ad0f	3	105619393	105619502	3	-1.0744
a7cb0499-fb46-40ea-9145-cd734bf3ad0f	3	105620215	128548375	14201	0.0012
a7cb0499-fb46-40ea-9145-cd734bf3ad0f	3	128551050	128623817	41	0.4225
a7cb0499-fb46-40ea-9145-cd734bf3ad0f	3	128625943	128656683	16	0.0446
a7cb0499-fb46-40ea-9145-cd734bf3ad0f	3	128658241	128690837	15	0.3889
a7cb0499-fb46-40ea-9145-cd734bf3ad0f	3	128691177	130057015	627	0.0282
a7cb0499-fb46-40ea-9145-cd734bf3ad0f	3	130057833	130087393	35	0.7674
a7cb0499-fb46-40ea-9145-cd734bf3ad0f	3	130088081	130201415	34	0.2435
a7cb0499-fb46-40ea-9145-cd734bf3ad0f	3	130202376	162790480	20230	0.0031
a7cb0499-fb46-40ea-9145-cd734bf3ad0f	3	162794869	162908784	71	0.3136
a7cb0499-fb46-40ea-9145-cd734bf3ad0f	3	162908815	169012392	3441	0.0008
a7cb0499-fb46-40ea-9145-cd734bf3ad0f	3	169015614	169020840	2	-1.8797
a7cb0499-fb46-40ea-9145-cd734bf3ad0f	3	169022039	183464673	9034	-0.0002
a7cb0499-fb46-40ea-9145-cd734bf3ad0f	3	183465048	184167589	384	0.1986
a7cb0499-fb46-40ea-9145-cd734bf3ad0f	3	184179380	184382716	87	0.0251
a7cb0499-fb46-40ea-9145-cd734bf3ad0f	3	184390100	184461455	40	0.2533
a7cb0499-fb46-40ea-9145-cd734bf3ad0f	3	184461585	193160173	6182	-0.0019
a7cb0499-fb46-40ea-9145-cd734bf3ad0f	3	193160256	193162684	6	0.7352
a7cb0499-fb46-40ea-9145-cd734bf3ad0f	3	193162798	194939881	1198	0.0141
a7cb0499-fb46-40ea-9145-cd734bf3ad0f	3	194941224	194948867	2	-1.5912
a7cb0499-fb46-40ea-9145-cd734bf3ad0f	3	194952897	195431412	264	0.0018
a7cb0499-fb46-40ea-9145-cd734bf3ad0f	3	195440568	196012539	167	0.2342
a7cb0499-fb46-40ea-9145-cd734bf3ad0f	3	196012569	196784158	384	0.0528
a7cb0499-fb46-40ea-9145-cd734bf3ad0f	3	196788297	196803842	10	0.4274
a7cb0499-fb46-40ea-9145-cd734bf3ad0f	3	196804965	196816623	4	0.9385
a7cb0499-fb46-40ea-9145-cd734bf3ad0f	3	196816775	196875466	26	0.3208
a7cb0499-fb46-40ea-9145-cd734bf3ad0f	3	196881252	197069174	97	0.196
a7cb0499-fb46-40ea-9145-cd734bf3ad0f	3	197071912	197352955	158	-0.0103
a7cb0499-fb46-40ea-9145-cd734bf3ad0f	3	197354814	198169247	396	0.1244
a7cb0499-fb46-40ea-9145-cd734bf3ad0f	4	68929	470185	175	0.0912
a7cb0499-fb46-40ea-9145-cd734bf3ad0f	4	479859	1059384	181	0.3122
a7cb0499-fb46-40ea-9145-cd734bf3ad0f	4	1060146	1308343	134	-0.0003
a7cb0499-fb46-40ea-9145-cd734bf3ad0f	4	1312251	1627922	63	0.3189
a7cb0499-fb46-40ea-9145-cd734bf3ad0f	4	1627962	3461725	839	0.0282
a7cb0499-fb46-40ea-9145-cd734bf3ad0f	4	3462155	3509890	20	0.383
a7cb0499-fb46-40ea-9145-cd734bf3ad0f	4	3516005	3869335	154	0.0653
a7cb0499-fb46-40ea-9145-cd734bf3ad0f	4	3873169	4112194	60	0.3055
a7cb0499-fb46-40ea-9145-cd734bf3ad0f	4	4117230	4151033	8	0.9
a7cb0499-fb46-40ea-9145-cd734bf3ad0f	4	4158336	7419585	2587	0.0193
a7cb0499-fb46-40ea-9145-cd734bf3ad0f	4	7419771	7465589	46	0.4039
a7cb0499-fb46-40ea-9145-cd734bf3ad0f	4	7468311	10208766	1440	0.0358
a7cb0499-fb46-40ea-9145-cd734bf3ad0f	4	10212536	10232984	32	-1.7627
a7cb0499-fb46-40ea-9145-cd734bf3ad0f	4	10233383	49080266	25969	0.0035
a7cb0499-fb46-40ea-9145-cd734bf3ad0f	4	49083136	51819827	39	0.3114
a7cb0499-fb46-40ea-9145-cd734bf3ad0f	4	51819878	63828222	7562	-0.0008
a7cb0499-fb46-40ea-9145-cd734bf3ad0f	4	63831751	63839810	15	-1.1921
a7cb0499-fb46-40ea-9145-cd734bf3ad0f	4	63839893	63840033	4	0.007
a7cb0499-fb46-40ea-9145-cd734bf3ad0f	4	63841863	63842540	8	-2.8758
a7cb0499-fb46-40ea-9145-cd734bf3ad0f	4	63850713	68478894	2870	0.0063
a7cb0499-fb46-40ea-9145-cd734bf3ad0f	4	68494770	68620261	67	-1.5164
a7cb0499-fb46-40ea-9145-cd734bf3ad0f	4	68623617	69257792	315	-0.0561
a7cb0499-fb46-40ea-9145-cd734bf3ad0f	4	69261926	69366081	54	-2.0865
a7cb0499-fb46-40ea-9145-cd734bf3ad0f	4	69366304	86054070	10435	0.0012
a7cb0499-fb46-40ea-9145-cd734bf3ad0f	4	86054941	86058611	19	-0.835
a7cb0499-fb46-40ea-9145-cd734bf3ad0f	4	86058791	89507019	2133	0.0008
a7cb0499-fb46-40ea-9145-cd734bf3ad0f	4	89507048	89507113	2	-1.4206
a7cb0499-fb46-40ea-9145-cd734bf3ad0f	4	89507343	114252500	14730	0.0041
a7cb0499-fb46-40ea-9145-cd734bf3ad0f	4	114252544	114261019	24	0.6555
a7cb0499-fb46-40ea-9145-cd734bf3ad0f	4	114263073	137018143	13122	-0.001
a7cb0499-fb46-40ea-9145-cd734bf3ad0f	4	137018216	137021901	14	-0.5869
a7cb0499-fb46-40ea-9145-cd734bf3ad0f	4	137025215	137033231	13	-0.1236
a7cb0499-fb46-40ea-9145-cd734bf3ad0f	4	137033441	137040260	5	-1.3976
a7cb0499-fb46-40ea-9145-cd734bf3ad0f	4	137042363	137171085	80	-0.009
a7cb0499-fb46-40ea-9145-cd734bf3ad0f	4	137171266	137172260	13	-0.8981
a7cb0499-fb46-40ea-9145-cd734bf3ad0f	4	137173804	137258291	83	-0.0696
a7cb0499-fb46-40ea-9145-cd734bf3ad0f	4	137261279	137269730	49	-0.9158
a7cb0499-fb46-40ea-9145-cd734bf3ad0f	4	137270816	150642254	8064	0.0022
a7cb0499-fb46-40ea-9145-cd734bf3ad0f	4	150643998	150671364	18	0.608
a7cb0499-fb46-40ea-9145-cd734bf3ad0f	4	150680932	150999341	185	0.019
a7cb0499-fb46-40ea-9145-cd734bf3ad0f	4	151004246	151104687	39	0.2477
a7cb0499-fb46-40ea-9145-cd734bf3ad0f	4	151104817	151358544	117	0.0412
a7cb0499-fb46-40ea-9145-cd734bf3ad0f	4	151359273	151423699	26	0.3146
a7cb0499-fb46-40ea-9145-cd734bf3ad0f	4	151425398	154881396	2208	0.0092
a7cb0499-fb46-40ea-9145-cd734bf3ad0f	4	154881853	154881926	3	1.2238
a7cb0499-fb46-40ea-9145-cd734bf3ad0f	4	154882047	160952848	3920	0.0029
a7cb0499-fb46-40ea-9145-cd734bf3ad0f	4	160958866	160963767	22	-2.3767
a7cb0499-fb46-40ea-9145-cd734bf3ad0f	4	160963806	164735048	2473	-0.0045
a7cb0499-fb46-40ea-9145-cd734bf3ad0f	4	164736760	164977033	165	0.1749
a7cb0499-fb46-40ea-9145-cd734bf3ad0f	4	164977385	171448195	4025	0.0033
a7cb0499-fb46-40ea-9145-cd734bf3ad0f	4	171453733	171456625	12	-1.0554
a7cb0499-fb46-40ea-9145-cd734bf3ad0f	4	171459220	182685293	7561	-0.0037
a7cb0499-fb46-40ea-9145-cd734bf3ad0f	4	182687536	185374981	1757	0.0738
a7cb0499-fb46-40ea-9145-cd734bf3ad0f	4	185377704	187907454	1784	0.0135
a7cb0499-fb46-40ea-9145-cd734bf3ad0f	4	187908365	188300104	237	0.1678
a7cb0499-fb46-40ea-9145-cd734bf3ad0f	4	188300206	188300221	2	-1.3686
a7cb0499-fb46-40ea-9145-cd734bf3ad0f	4	188300270	188482850	159	0.0933
a7cb0499-fb46-40ea-9145-cd734bf3ad0f	4	188483236	189583962	812	-0.0081
a7cb0499-fb46-40ea-9145-cd734bf3ad0f	4	189584096	189586152	2	0.6714
a7cb0499-fb46-40ea-9145-cd734bf3ad0f	4	189588654	190036988	164	0.1272
a7cb0499-fb46-40ea-9145-cd734bf3ad0f	4	190046094	190106768	5	0.7813
a7cb0499-fb46-40ea-9145-cd734bf3ad0f	5	15532	48691	17	0.0088
a7cb0499-fb46-40ea-9145-cd734bf3ad0f	5	48840	896700	354	0.233
a7cb0499-fb46-40ea-9145-cd734bf3ad0f	5	905586	908425	3	-1.1052
a7cb0499-fb46-40ea-9145-cd734bf3ad0f	5	913276	1049424	57	0.0577
a7cb0499-fb46-40ea-9145-cd734bf3ad0f	5	1054716	1268040	110	0.3806
a7cb0499-fb46-40ea-9145-cd734bf3ad0f	5	1268056	1287276	31	0.2281
a7cb0499-fb46-40ea-9145-cd734bf3ad0f	5	1287425	1428020	72	0.0212
a7cb0499-fb46-40ea-9145-cd734bf3ad0f	5	1428051	1934883	307	0.2358
a7cb0499-fb46-40ea-9145-cd734bf3ad0f	5	1935894	9336820	6558	0.0113
a7cb0499-fb46-40ea-9145-cd734bf3ad0f	5	9337430	9367554	39	0.4879
a7cb0499-fb46-40ea-9145-cd734bf3ad0f	5	9370456	12669435	2579	0.0189
a7cb0499-fb46-40ea-9145-cd734bf3ad0f	5	12675342	12736790	25	-1.1394
a7cb0499-fb46-40ea-9145-cd734bf3ad0f	5	12739496	46271828	20518	0.0044
a7cb0499-fb46-40ea-9145-cd734bf3ad0f	5	46272419	46273400	5	-2.5435
a7cb0499-fb46-40ea-9145-cd734bf3ad0f	5	46278110	53137034	1744	0.0002
a7cb0499-fb46-40ea-9145-cd734bf3ad0f	5	53138236	53206696	53	0.2539
a7cb0499-fb46-40ea-9145-cd734bf3ad0f	5	53206814	79155117	15795	-0.0042
a7cb0499-fb46-40ea-9145-cd734bf3ad0f	5	79155439	79196213	20	0.4336
a7cb0499-fb46-40ea-9145-cd734bf3ad0f	5	79211557	89630170	5884	0.001
a7cb0499-fb46-40ea-9145-cd734bf3ad0f	5	89633993	89639776	2	-1.4824
a7cb0499-fb46-40ea-9145-cd734bf3ad0f	5	89641781	99188542	5371	-0.0073
a7cb0499-fb46-40ea-9145-cd734bf3ad0f	5	99188792	99291676	47	-0.1981
a7cb0499-fb46-40ea-9145-cd734bf3ad0f	5	99292623	99296318	3	-1.2728
a7cb0499-fb46-40ea-9145-cd734bf3ad0f	5	99299842	104515520	3024	-0.0191
a7cb0499-fb46-40ea-9145-cd734bf3ad0f	5	104524672	104524903	4	1.1241
a7cb0499-fb46-40ea-9145-cd734bf3ad0f	5	104525348	121184073	11417	-0.002
a7cb0499-fb46-40ea-9145-cd734bf3ad0f	5	121186086	121186132	2	-1.4799
a7cb0499-fb46-40ea-9145-cd734bf3ad0f	5	121186367	138457251	10725	-0.0019
a7cb0499-fb46-40ea-9145-cd734bf3ad0f	5	138466715	138481268	23	0.3827
a7cb0499-fb46-40ea-9145-cd734bf3ad0f	5	138482888	140817637	1041	0.0109
a7cb0499-fb46-40ea-9145-cd734bf3ad0f	5	140824700	140864171	18	0.3587
a7cb0499-fb46-40ea-9145-cd734bf3ad0f	5	140872578	152135825	7544	-0.0018
a7cb0499-fb46-40ea-9145-cd734bf3ad0f	5	152135909	152138739	12	-0.5906
a7cb0499-fb46-40ea-9145-cd734bf3ad0f	5	152138790	156048092	2657	-0.0028
a7cb0499-fb46-40ea-9145-cd734bf3ad0f	5	156048094	156055705	15	0.4243
a7cb0499-fb46-40ea-9145-cd734bf3ad0f	5	156055719	168710479	8569	0.0012
a7cb0499-fb46-40ea-9145-cd734bf3ad0f	5	168712234	168755771	40	0.4467
a7cb0499-fb46-40ea-9145-cd734bf3ad0f	5	168759212	171909543	2449	-0.0017
a7cb0499-fb46-40ea-9145-cd734bf3ad0f	5	171913467	172208249	197	0.2061
a7cb0499-fb46-40ea-9145-cd734bf3ad0f	5	172208264	172645362	340	-0.004
a7cb0499-fb46-40ea-9145-cd734bf3ad0f	5	172645840	172735813	60	0.26
a7cb0499-fb46-40ea-9145-cd734bf3ad0f	5	172735933	174708860	1516	0.0091
a7cb0499-fb46-40ea-9145-cd734bf3ad0f	5	174709118	174766844	31	0.4338
a7cb0499-fb46-40ea-9145-cd734bf3ad0f	5	174773283	175960856	865	0.0148
a7cb0499-fb46-40ea-9145-cd734bf3ad0f	5	175966609	175993893	5	1.1666
a7cb0499-fb46-40ea-9145-cd734bf3ad0f	5	175999690	176617903	244	0.0282
a7cb0499-fb46-40ea-9145-cd734bf3ad0f	5	176618014	176882170	135	0.2628
a7cb0499-fb46-40ea-9145-cd734bf3ad0f	5	176882853	177739139	350	-0.0096
a7cb0499-fb46-40ea-9145-cd734bf3ad0f	5	177740962	177771448	3	-1.2181
a7cb0499-fb46-40ea-9145-cd734bf3ad0f	5	177800550	179627500	1044	0.0358
a7cb0499-fb46-40ea-9145-cd734bf3ad0f	5	179629486	179683849	44	0.3572
a7cb0499-fb46-40ea-9145-cd734bf3ad0f	5	179696634	180947523	711	0.031
a7cb0499-fb46-40ea-9145-cd734bf3ad0f	5	180951710	180991103	19	-2.3714
a7cb0499-fb46-40ea-9145-cd734bf3ad0f	5	181006225	181363319	170	0.1808
a7cb0499-fb46-40ea-9145-cd734bf3ad0f	6	149661	257353	102	0.1818
a7cb0499-fb46-40ea-9145-cd734bf3ad0f	6	258265	398189	117	0.4428
a7cb0499-fb46-40ea-9145-cd734bf3ad0f	6	398242	566819	136	0.0899
a7cb0499-fb46-40ea-9145-cd734bf3ad0f	6	568019	668470	80	-0.0497
a7cb0499-fb46-40ea-9145-cd734bf3ad0f	6	668627	820158	131	0.1501
a7cb0499-fb46-40ea-9145-cd734bf3ad0f	6	821138	836331	16	0.5416
a7cb0499-fb46-40ea-9145-cd734bf3ad0f	6	837998	951575	111	0.1299
a7cb0499-fb46-40ea-9145-cd734bf3ad0f	6	951765	10459857	7598	0.0044
a7cb0499-fb46-40ea-9145-cd734bf3ad0f	6	10460327	10742788	223	0.1383
a7cb0499-fb46-40ea-9145-cd734bf3ad0f	6	10744833	15440752	3518	0.0019
a7cb0499-fb46-40ea-9145-cd734bf3ad0f	6	15441679	15536578	88	0.366
a7cb0499-fb46-40ea-9145-cd734bf3ad0f	6	15537094	19039888	2657	0.0111
a7cb0499-fb46-40ea-9145-cd734bf3ad0f	6	19041950	19042587	3	-4.2327
a7cb0499-fb46-40ea-9145-cd734bf3ad0f	6	19044471	19044638	5	-0.8272
a7cb0499-fb46-40ea-9145-cd734bf3ad0f	6	19044667	19866481	599	-0.0133
a7cb0499-fb46-40ea-9145-cd734bf3ad0f	6	19868372	19870102	3	-0.9574
a7cb0499-fb46-40ea-9145-cd734bf3ad0f	6	19870845	24221739	3180	0.0011
a7cb0499-fb46-40ea-9145-cd734bf3ad0f	6	24222224	24253511	23	0.4364
a7cb0499-fb46-40ea-9145-cd734bf3ad0f	6	24256324	27512448	1953	0.0211
a7cb0499-fb46-40ea-9145-cd734bf3ad0f	6	27516037	27742386	122	0.2331
a7cb0499-fb46-40ea-9145-cd734bf3ad0f	6	27742470	29869411	994	0.0252
a7cb0499-fb46-40ea-9145-cd734bf3ad0f	6	29869537	29881490	14	-0.8742
a7cb0499-fb46-40ea-9145-cd734bf3ad0f	6	29882419	31318528	664	0.0388
a7cb0499-fb46-40ea-9145-cd734bf3ad0f	6	31318754	31319724	4	3.0877
a7cb0499-fb46-40ea-9145-cd734bf3ad0f	6	31327629	31328674	5	1.0622
a7cb0499-fb46-40ea-9145-cd734bf3ad0f	6	31342147	31478689	135	0.0507
a7cb0499-fb46-40ea-9145-cd734bf3ad0f	6	31478769	32252964	234	0.2724
a7cb0499-fb46-40ea-9145-cd734bf3ad0f	6	32257070	32481273	130	0.0344
a7cb0499-fb46-40ea-9145-cd734bf3ad0f	6	32485024	32636595	54	-0.6268
a7cb0499-fb46-40ea-9145-cd734bf3ad0f	6	32637799	32658841	10	0.7199
a7cb0499-fb46-40ea-9145-cd734bf3ad0f	6	32682835	51957669	12171	0.0072
a7cb0499-fb46-40ea-9145-cd734bf3ad0f	6	51960842	52007339	28	0.332
a7cb0499-fb46-40ea-9145-cd734bf3ad0f	6	52009947	54066353	1502	0.0017
a7cb0499-fb46-40ea-9145-cd734bf3ad0f	6	54066432	54067057	6	-1.597
a7cb0499-fb46-40ea-9145-cd734bf3ad0f	6	54070550	70919281	8444	-0.0015
a7cb0499-fb46-40ea-9145-cd734bf3ad0f	6	70922325	70932584	6	-0.8946
a7cb0499-fb46-40ea-9145-cd734bf3ad0f	6	70940469	73882509	1933	0.0126
a7cb0499-fb46-40ea-9145-cd734bf3ad0f	6	73882741	73891694	9	0.7725
a7cb0499-fb46-40ea-9145-cd734bf3ad0f	6	73893839	76603950	1677	-0.0054
a7cb0499-fb46-40ea-9145-cd734bf3ad0f	6	76606114	76617568	13	-1.1428
a7cb0499-fb46-40ea-9145-cd734bf3ad0f	6	76618975	78252909	1076	-0.0002
a7cb0499-fb46-40ea-9145-cd734bf3ad0f	6	78253157	78325457	114	-0.7839
a7cb0499-fb46-40ea-9145-cd734bf3ad0f	6	78325468	93848395	9949	0.008
a7cb0499-fb46-40ea-9145-cd734bf3ad0f	6	93849263	94970302	738	-0.0897
a7cb0499-fb46-40ea-9145-cd734bf3ad0f	6	95386776	113907076	11507	-0.0035
a7cb0499-fb46-40ea-9145-cd734bf3ad0f	6	113907337	113908993	4	-1.0953
a7cb0499-fb46-40ea-9145-cd734bf3ad0f	6	113909280	124110629	6009	0.004
a7cb0499-fb46-40ea-9145-cd734bf3ad0f	6	124114796	124149220	20	0.5657
a7cb0499-fb46-40ea-9145-cd734bf3ad0f	6	124149616	140487489	10724	0.0057
a7cb0499-fb46-40ea-9145-cd734bf3ad0f	6	140487902	140939188	223	-0.0921
a7cb0499-fb46-40ea-9145-cd734bf3ad0f	6	140940679	156164392	10391	0.0091
a7cb0499-fb46-40ea-9145-cd734bf3ad0f	6	156165014	156208328	42	0.4136
a7cb0499-fb46-40ea-9145-cd734bf3ad0f	6	156208628	157358463	674	0.0055
a7cb0499-fb46-40ea-9145-cd734bf3ad0f	6	157360232	157385644	5	0.9347
a7cb0499-fb46-40ea-9145-cd734bf3ad0f	6	157388857	167135119	7259	0.0129
a7cb0499-fb46-40ea-9145-cd734bf3ad0f	6	167139546	167194108	28	0.1505
a7cb0499-fb46-40ea-9145-cd734bf3ad0f	6	167194527	167199775	2	1.4959
a7cb0499-fb46-40ea-9145-cd734bf3ad0f	6	167200616	168967875	1025	0.1357
a7cb0499-fb46-40ea-9145-cd734bf3ad0f	6	168968045	169769963	663	0.0249
a7cb0499-fb46-40ea-9145-cd734bf3ad0f	6	169772165	169869932	61	0.1557
a7cb0499-fb46-40ea-9145-cd734bf3ad0f	6	169870905	170231951	115	0.3122
a7cb0499-fb46-40ea-9145-cd734bf3ad0f	6	170238369	170250881	10	-0.0638
a7cb0499-fb46-40ea-9145-cd734bf3ad0f	6	170251061	170278918	14	0.3031
a7cb0499-fb46-40ea-9145-cd734bf3ad0f	6	170279219	170287611	9	0.0704
a7cb0499-fb46-40ea-9145-cd734bf3ad0f	6	170294466	170741917	207	0.0207
a7cb0499-fb46-40ea-9145-cd734bf3ad0f	7	43355	121436	78	0.1229
a7cb0499-fb46-40ea-9145-cd734bf3ad0f	7	123956	214803	55	0.3589
a7cb0499-fb46-40ea-9145-cd734bf3ad0f	7	223280	902112	89	0.0445
a7cb0499-fb46-40ea-9145-cd734bf3ad0f	7	927563	1112832	80	0.3751
a7cb0499-fb46-40ea-9145-cd734bf3ad0f	7	1113505	1204095	53	0.1731
a7cb0499-fb46-40ea-9145-cd734bf3ad0f	7	1204113	2206699	358	0.0121
a7cb0499-fb46-40ea-9145-cd734bf3ad0f	7	2210259	2296386	36	0.3868
a7cb0499-fb46-40ea-9145-cd734bf3ad0f	7	2297797	2369125	20	0.1566
a7cb0499-fb46-40ea-9145-cd734bf3ad0f	7	2369400	2412266	23	0.5645
a7cb0499-fb46-40ea-9145-cd734bf3ad0f	7	2412627	5764258	2207	0.0356
a7cb0499-fb46-40ea-9145-cd734bf3ad0f	7	5764272	5911197	65	0.3158
a7cb0499-fb46-40ea-9145-cd734bf3ad0f	7	5916628	6083054	64	0.0259
a7cb0499-fb46-40ea-9145-cd734bf3ad0f	7	6085750	6096287	7	0.4595
a7cb0499-fb46-40ea-9145-cd734bf3ad0f	7	6097232	6727754	271	0.0207
a7cb0499-fb46-40ea-9145-cd734bf3ad0f	7	6727908	7097910	147	0.1343
a7cb0499-fb46-40ea-9145-cd734bf3ad0f	7	7097955	8470782	1237	0.0041
a7cb0499-fb46-40ea-9145-cd734bf3ad0f	7	8471014	10628168	1723	-0.0462
a7cb0499-fb46-40ea-9145-cd734bf3ad0f	7	10632110	13187566	2052	0.0085
a7cb0499-fb46-40ea-9145-cd734bf3ad0f	7	13187701	13243794	54	0.2656
a7cb0499-fb46-40ea-9145-cd734bf3ad0f	7	13244229	17521959	3470	0.0007
a7cb0499-fb46-40ea-9145-cd734bf3ad0f	7	17522093	17670110	127	-0.1329
a7cb0499-fb46-40ea-9145-cd734bf3ad0f	7	17672551	40373941	16582	0.001
a7cb0499-fb46-40ea-9145-cd734bf3ad0f	7	40373965	40379970	11	0.4702
a7cb0499-fb46-40ea-9145-cd734bf3ad0f	7	40380152	47049742	4368	0.0079
a7cb0499-fb46-40ea-9145-cd734bf3ad0f	7	47050474	47052112	3	-1.3568
a7cb0499-fb46-40ea-9145-cd734bf3ad0f	7	47053922	56714614	6859	0.0107
a7cb0499-fb46-40ea-9145-cd734bf3ad0f	7	56714729	67178281	2169	0.081
a7cb0499-fb46-40ea-9145-cd734bf3ad0f	7	67179517	67180245	2	-3.6266
a7cb0499-fb46-40ea-9145-cd734bf3ad0f	7	67182652	67233947	15	-0.3473
a7cb0499-fb46-40ea-9145-cd734bf3ad0f	7	67234797	67398963	68	0.1587
a7cb0499-fb46-40ea-9145-cd734bf3ad0f	7	67399133	68020240	432	0.0018
a7cb0499-fb46-40ea-9145-cd734bf3ad0f	7	68022314	68063261	31	0.3201
a7cb0499-fb46-40ea-9145-cd734bf3ad0f	7	68063408	70843986	1775	0.003
a7cb0499-fb46-40ea-9145-cd734bf3ad0f	7	70844342	70893093	30	0.4027
a7cb0499-fb46-40ea-9145-cd734bf3ad0f	7	70893353	72064363	798	0.0123
a7cb0499-fb46-40ea-9145-cd734bf3ad0f	7	72064490	72093807	16	0.3072
a7cb0499-fb46-40ea-9145-cd734bf3ad0f	7	72093998	72111125	11	0.5817
a7cb0499-fb46-40ea-9145-cd734bf3ad0f	7	72111259	72122262	8	1.2319
a7cb0499-fb46-40ea-9145-cd734bf3ad0f	7	72122279	72138707	9	0.4813
a7cb0499-fb46-40ea-9145-cd734bf3ad0f	7	72139251	72532220	264	0.0221
a7cb0499-fb46-40ea-9145-cd734bf3ad0f	7	72532544	73312738	128	0.2125
a7cb0499-fb46-40ea-9145-cd734bf3ad0f	7	73317954	75718988	639	0.0103
a7cb0499-fb46-40ea-9145-cd734bf3ad0f	7	75719187	75745339	11	0.4934
a7cb0499-fb46-40ea-9145-cd734bf3ad0f	7	75746794	76443274	287	0.0291
a7cb0499-fb46-40ea-9145-cd734bf3ad0f	7	76445663	76514308	8	0.5686
a7cb0499-fb46-40ea-9145-cd734bf3ad0f	7	76514465	76831443	104	0.0082
a7cb0499-fb46-40ea-9145-cd734bf3ad0f	7	76840786	76908554	50	-0.2711
a7cb0499-fb46-40ea-9145-cd734bf3ad0f	7	76910324	88598476	7497	-0.002
a7cb0499-fb46-40ea-9145-cd734bf3ad0f	7	88599244	89819817	810	-0.071
a7cb0499-fb46-40ea-9145-cd734bf3ad0f	7	89820053	97772620	5099	0.0087
a7cb0499-fb46-40ea-9145-cd734bf3ad0f	7	97772647	97773163	7	-0.9423
a7cb0499-fb46-40ea-9145-cd734bf3ad0f	7	97774928	98805872	502	0.0239
a7cb0499-fb46-40ea-9145-cd734bf3ad0f	7	98806815	98925723	47	0.2461
a7cb0499-fb46-40ea-9145-cd734bf3ad0f	7	98925750	98955994	21	-0.031
a7cb0499-fb46-40ea-9145-cd734bf3ad0f	7	98956411	98986116	24	0.2432
a7cb0499-fb46-40ea-9145-cd734bf3ad0f	7	98986599	100723515	686	-0.0084
a7cb0499-fb46-40ea-9145-cd734bf3ad0f	7	100726651	100735219	5	0.7289
a7cb0499-fb46-40ea-9145-cd734bf3ad0f	7	100753382	101311575	221	0.0086
a7cb0499-fb46-40ea-9145-cd734bf3ad0f	7	101311641	101330516	13	0.2851
a7cb0499-fb46-40ea-9145-cd734bf3ad0f	7	101332737	101379080	19	0.5828
a7cb0499-fb46-40ea-9145-cd734bf3ad0f	7	101381028	101513729	71	0.2789
a7cb0499-fb46-40ea-9145-cd734bf3ad0f	7	101517777	126404920	15052	-0.0022
a7cb0499-fb46-40ea-9145-cd734bf3ad0f	7	126405428	126406561	12	-1.1006
a7cb0499-fb46-40ea-9145-cd734bf3ad0f	7	126406822	128464805	1384	-0.0084
a7cb0499-fb46-40ea-9145-cd734bf3ad0f	7	128467291	128726431	88	0.2348
a7cb0499-fb46-40ea-9145-cd734bf3ad0f	7	128726464	131989355	1802	-0.001
a7cb0499-fb46-40ea-9145-cd734bf3ad0f	7	131989874	132146160	107	0.2401
a7cb0499-fb46-40ea-9145-cd734bf3ad0f	7	132147399	134100442	1322	0.0066
a7cb0499-fb46-40ea-9145-cd734bf3ad0f	7	134100458	134110951	26	0.5019
a7cb0499-fb46-40ea-9145-cd734bf3ad0f	7	134111088	142063324	5200	0.0089
a7cb0499-fb46-40ea-9145-cd734bf3ad0f	7	142069843	142092307	34	0.5276
a7cb0499-fb46-40ea-9145-cd734bf3ad0f	7	142099190	142305542	155	0.0021
a7cb0499-fb46-40ea-9145-cd734bf3ad0f	7	142309699	142513915	181	0.1704
a7cb0499-fb46-40ea-9145-cd734bf3ad0f	7	142516594	143521765	561	0.0137
a7cb0499-fb46-40ea-9145-cd734bf3ad0f	7	143529806	143556434	4	0.8466
a7cb0499-fb46-40ea-9145-cd734bf3ad0f	7	143603307	143780181	20	0.0547
a7cb0499-fb46-40ea-9145-cd734bf3ad0f	7	143790571	143846758	5	-1.1328
a7cb0499-fb46-40ea-9145-cd734bf3ad0f	7	143846772	143923093	37	-0.1639
a7cb0499-fb46-40ea-9145-cd734bf3ad0f	7	143923163	144157808	219	0.0098
a7cb0499-fb46-40ea-9145-cd734bf3ad0f	7	144158014	144264193	27	-0.1328
a7cb0499-fb46-40ea-9145-cd734bf3ad0f	7	144295437	144336758	5	0.7203
a7cb0499-fb46-40ea-9145-cd734bf3ad0f	7	144343967	148960026	3034	-0.002
a7cb0499-fb46-40ea-9145-cd734bf3ad0f	7	148962524	149118303	54	0.2297
a7cb0499-fb46-40ea-9145-cd734bf3ad0f	7	149120873	149839414	377	0.0215
a7cb0499-fb46-40ea-9145-cd734bf3ad0f	7	149839687	150196133	143	0.1836
a7cb0499-fb46-40ea-9145-cd734bf3ad0f	7	150196483	153835605	2223	0.0158
a7cb0499-fb46-40ea-9145-cd734bf3ad0f	7	153835821	154104301	166	0.157
a7cb0499-fb46-40ea-9145-cd734bf3ad0f	7	154104509	155671335	1328	0.0299
a7cb0499-fb46-40ea-9145-cd734bf3ad0f	7	155673169	155676942	3	-1.0509
a7cb0499-fb46-40ea-9145-cd734bf3ad0f	7	155683042	156592980	687	-0.0009
a7cb0499-fb46-40ea-9145-cd734bf3ad0f	7	156599096	156602214	5	-0.7037
a7cb0499-fb46-40ea-9145-cd734bf3ad0f	7	156602336	157861272	706	0.0166
a7cb0499-fb46-40ea-9145-cd734bf3ad0f	7	157864057	157947749	59	0.1803
a7cb0499-fb46-40ea-9145-cd734bf3ad0f	7	157947781	157952855	4	-0.7137
a7cb0499-fb46-40ea-9145-cd734bf3ad0f	7	157953585	158002392	46	0.2096
a7cb0499-fb46-40ea-9145-cd734bf3ad0f	7	158004543	158799160	467	0.0681
a7cb0499-fb46-40ea-9145-cd734bf3ad0f	7	158799263	159334314	342	0.1768
a7cb0499-fb46-40ea-9145-cd734bf3ad0f	8	81254	645220	325	0.1137
a7cb0499-fb46-40ea-9145-cd734bf3ad0f	8	645443	645875	5	1.1432
a7cb0499-fb46-40ea-9145-cd734bf3ad0f	8	645892	645908	2	4.3817
a7cb0499-fb46-40ea-9145-cd734bf3ad0f	8	656117	1514791	648	0.1146
a7cb0499-fb46-40ea-9145-cd734bf3ad0f	8	1515174	1781051	213	0.0145
a7cb0499-fb46-40ea-9145-cd734bf3ad0f	8	1784590	1789777	4	0.7229
a7cb0499-fb46-40ea-9145-cd734bf3ad0f	8	1800775	2048444	177	0.0265
a7cb0499-fb46-40ea-9145-cd734bf3ad0f	8	2049423	2345211	236	0.154
a7cb0499-fb46-40ea-9145-cd734bf3ad0f	8	2345962	2844412	430	0.0081
a7cb0499-fb46-40ea-9145-cd734bf3ad0f	8	2846011	2846377	7	-1.1195
a7cb0499-fb46-40ea-9145-cd734bf3ad0f	8	2849649	4144509	1646	-0.0046
a7cb0499-fb46-40ea-9145-cd734bf3ad0f	8	4144546	4203404	148	0.2135
a7cb0499-fb46-40ea-9145-cd734bf3ad0f	8	4205742	6187889	2749	-0.0174
a7cb0499-fb46-40ea-9145-cd734bf3ad0f	8	6187922	6356078	296	0.1736
a7cb0499-fb46-40ea-9145-cd734bf3ad0f	8	6356238	6968741	738	0.0072
a7cb0499-fb46-40ea-9145-cd734bf3ad0f	8	6968768	7172468	98	0.1577
a7cb0499-fb46-40ea-9145-cd734bf3ad0f	8	7176273	7329124	8	-0.2183
a7cb0499-fb46-40ea-9145-cd734bf3ad0f	8	7336299	7380497	20	0.5531
a7cb0499-fb46-40ea-9145-cd734bf3ad0f	8	7396819	11801118	3110	0.0258
a7cb0499-fb46-40ea-9145-cd734bf3ad0f	8	11809987	12704441	243	0.186
a7cb0499-fb46-40ea-9145-cd734bf3ad0f	8	12704946	22359569	8525	-0.0003
a7cb0499-fb46-40ea-9145-cd734bf3ad0f	8	22360702	22519221	91	0.1942
a7cb0499-fb46-40ea-9145-cd734bf3ad0f	8	22523834	36215384	9093	0.0016
a7cb0499-fb46-40ea-9145-cd734bf3ad0f	8	36219541	36219621	3	-1.2631
a7cb0499-fb46-40ea-9145-cd734bf3ad0f	8	36220823	38455274	1209	0.0124
a7cb0499-fb46-40ea-9145-cd734bf3ad0f	8	38455399	38472425	52	0.2767
a7cb0499-fb46-40ea-9145-cd734bf3ad0f	8	38472684	39373140	438	0.0184
a7cb0499-fb46-40ea-9145-cd734bf3ad0f	8	39378084	39529446	58	-2.2199
a7cb0499-fb46-40ea-9145-cd734bf3ad0f	8	39530780	40324598	588	-0.0116
a7cb0499-fb46-40ea-9145-cd734bf3ad0f	8	40326278	40331992	34	-0.9426
a7cb0499-fb46-40ea-9145-cd734bf3ad0f	8	40335391	43043328	1710	0.0086
a7cb0499-fb46-40ea-9145-cd734bf3ad0f	8	43044471	43206802	56	0.2661
a7cb0499-fb46-40ea-9145-cd734bf3ad0f	8	43209277	43532946	122	0.0291
a7cb0499-fb46-40ea-9145-cd734bf3ad0f	8	43533671	43566387	14	0.3807
a7cb0499-fb46-40ea-9145-cd734bf3ad0f	8	43583771	43893906	53	0.0358
a7cb0499-fb46-40ea-9145-cd734bf3ad0f	8	43896789	46440244	120	0.2632
a7cb0499-fb46-40ea-9145-cd734bf3ad0f	8	46441034	55810191	5637	0.0128
a7cb0499-fb46-40ea-9145-cd734bf3ad0f	8	55815420	55891029	28	0.3405
a7cb0499-fb46-40ea-9145-cd734bf3ad0f	8	55891630	57204927	820	0.0261
a7cb0499-fb46-40ea-9145-cd734bf3ad0f	8	57205493	57217466	3	-0.9375
a7cb0499-fb46-40ea-9145-cd734bf3ad0f	8	57220239	71303076	8713	0.0021
a7cb0499-fb46-40ea-9145-cd734bf3ad0f	8	71303129	71304364	7	-0.7932
a7cb0499-fb46-40ea-9145-cd734bf3ad0f	8	71307628	75082431	2583	0.0102
a7cb0499-fb46-40ea-9145-cd734bf3ad0f	8	75090507	75120727	31	0.4095
a7cb0499-fb46-40ea-9145-cd734bf3ad0f	8	75126043	95565546	11917	-0.0002
a7cb0499-fb46-40ea-9145-cd734bf3ad0f	8	95572330	95625284	42	0.2553
a7cb0499-fb46-40ea-9145-cd734bf3ad0f	8	95627355	96209994	477	-0.0002
a7cb0499-fb46-40ea-9145-cd734bf3ad0f	8	96211869	96270116	31	0.3664
a7cb0499-fb46-40ea-9145-cd734bf3ad0f	8	96277985	137810080	27692	-0.0009
a7cb0499-fb46-40ea-9145-cd734bf3ad0f	8	137811491	137812781	4	-1.2779
a7cb0499-fb46-40ea-9145-cd734bf3ad0f	8	137813527	140966662	2404	0.0056
a7cb0499-fb46-40ea-9145-cd734bf3ad0f	8	140973828	142407252	877	0.2407
a7cb0499-fb46-40ea-9145-cd734bf3ad0f	8	142407360	142616206	74	0.0043
a7cb0499-fb46-40ea-9145-cd734bf3ad0f	8	142646991	142675901	20	0.3294
a7cb0499-fb46-40ea-9145-cd734bf3ad0f	8	142676105	143302447	253	0.0042
a7cb0499-fb46-40ea-9145-cd734bf3ad0f	8	143302501	143310760	7	0.458
a7cb0499-fb46-40ea-9145-cd734bf3ad0f	8	143311289	143610108	82	0.0121
a7cb0499-fb46-40ea-9145-cd734bf3ad0f	8	143610163	143642893	16	0.443
a7cb0499-fb46-40ea-9145-cd734bf3ad0f	8	143643300	143679240	23	0.0661
a7cb0499-fb46-40ea-9145-cd734bf3ad0f	8	143680108	143765933	24	0.4093
a7cb0499-fb46-40ea-9145-cd734bf3ad0f	8	143775169	144177593	99	0.0525
a7cb0499-fb46-40ea-9145-cd734bf3ad0f	8	144182542	144198748	6	0.4185
a7cb0499-fb46-40ea-9145-cd734bf3ad0f	8	144200300	144231771	26	0.7285
a7cb0499-fb46-40ea-9145-cd734bf3ad0f	8	144231868	144899319	220	0.3137
a7cb0499-fb46-40ea-9145-cd734bf3ad0f	8	144900257	145072769	104	0.1464
a7cb0499-fb46-40ea-9145-cd734bf3ad0f	9	46587	606699	509	0.0893
a7cb0499-fb46-40ea-9145-cd734bf3ad0f	9	606844	606893	2	1.3693
a7cb0499-fb46-40ea-9145-cd734bf3ad0f	9	606961	1267148	726	0.0462
a7cb0499-fb46-40ea-9145-cd734bf3ad0f	9	1267812	1294441	30	0.3621
a7cb0499-fb46-40ea-9145-cd734bf3ad0f	9	1294789	1446459	190	0.0337
a7cb0499-fb46-40ea-9145-cd734bf3ad0f	9	1446987	1450320	11	-1.0743
a7cb0499-fb46-40ea-9145-cd734bf3ad0f	9	1453039	6651494	4848	0.0082
a7cb0499-fb46-40ea-9145-cd734bf3ad0f	9	6651552	6809084	122	0.3412
a7cb0499-fb46-40ea-9145-cd734bf3ad0f	9	6811101	7605834	913	0.0136
a7cb0499-fb46-40ea-9145-cd734bf3ad0f	9	7605884	12617397	4395	-0.0354
a7cb0499-fb46-40ea-9145-cd734bf3ad0f	9	12617803	22492890	8097	0.0057
a7cb0499-fb46-40ea-9145-cd734bf3ad0f	9	22501914	22502700	2	-3.9731
a7cb0499-fb46-40ea-9145-cd734bf3ad0f	9	22509341	23363935	582	-0.0121
a7cb0499-fb46-40ea-9145-cd734bf3ad0f	9	23366284	23373486	6	-0.8526
a7cb0499-fb46-40ea-9145-cd734bf3ad0f	9	23378490	24503818	796	-0.0026
a7cb0499-fb46-40ea-9145-cd734bf3ad0f	9	24504127	24519776	21	-0.8259
a7cb0499-fb46-40ea-9145-cd734bf3ad0f	9	24519881	28044706	2726	-0.0111
a7cb0499-fb46-40ea-9145-cd734bf3ad0f	9	28047590	28050693	5	-1.2085
a7cb0499-fb46-40ea-9145-cd734bf3ad0f	9	28055605	28550577	382	-0.0318
a7cb0499-fb46-40ea-9145-cd734bf3ad0f	9	28550594	28937001	301	-0.1189
a7cb0499-fb46-40ea-9145-cd734bf3ad0f	9	28937036	36957636	5186	-0.0061
a7cb0499-fb46-40ea-9145-cd734bf3ad0f	9	36957654	36985146	25	0.3568
a7cb0499-fb46-40ea-9145-cd734bf3ad0f	9	36988854	39547492	1308	0.0254
a7cb0499-fb46-40ea-9145-cd734bf3ad0f	9	39588611	41635766	92	0.3068
a7cb0499-fb46-40ea-9145-cd734bf3ad0f	9	41639988	42014203	15	0.1062
a7cb0499-fb46-40ea-9145-cd734bf3ad0f	9	42037471	42719891	48	-0.3551
a7cb0499-fb46-40ea-9145-cd734bf3ad0f	9	42720266	61405110	44	0.1461
a7cb0499-fb46-40ea-9145-cd734bf3ad0f	9	61520021	61629689	28	1.0653
a7cb0499-fb46-40ea-9145-cd734bf3ad0f	9	61633080	63590322	43	0.1937
a7cb0499-fb46-40ea-9145-cd734bf3ad0f	9	63590323	64493528	54	0.0387
a7cb0499-fb46-40ea-9145-cd734bf3ad0f	9	64495298	64510407	8	-0.7755
a7cb0499-fb46-40ea-9145-cd734bf3ad0f	9	64520620	95464077	19220	0.007
a7cb0499-fb46-40ea-9145-cd734bf3ad0f	9	95464121	95464418	2	-1.4645
a7cb0499-fb46-40ea-9145-cd734bf3ad0f	9	95464468	104607598	6305	-0.0072
a7cb0499-fb46-40ea-9145-cd734bf3ad0f	9	104607733	104607742	2	-1.3975
a7cb0499-fb46-40ea-9145-cd734bf3ad0f	9	104607755	110173404	4371	-0.0004
a7cb0499-fb46-40ea-9145-cd734bf3ad0f	9	110173466	110308298	100	0.1523
a7cb0499-fb46-40ea-9145-cd734bf3ad0f	9	110310150	112644310	1686	-0.0007
a7cb0499-fb46-40ea-9145-cd734bf3ad0f	9	112644594	112831828	128	0.1626
a7cb0499-fb46-40ea-9145-cd734bf3ad0f	9	112833758	113054876	173	0.0194
a7cb0499-fb46-40ea-9145-cd734bf3ad0f	9	113057379	113122418	33	0.2592
a7cb0499-fb46-40ea-9145-cd734bf3ad0f	9	113122780	126851417	9863	-0.0007
a7cb0499-fb46-40ea-9145-cd734bf3ad0f	9	126854027	126866397	10	0.5441
a7cb0499-fb46-40ea-9145-cd734bf3ad0f	9	126867847	126887077	8	0.9956
a7cb0499-fb46-40ea-9145-cd734bf3ad0f	9	126888361	126906452	11	0.5706
a7cb0499-fb46-40ea-9145-cd734bf3ad0f	9	126907071	129848337	1439	0.0107
a7cb0499-fb46-40ea-9145-cd734bf3ad0f	9	129848717	129852133	10	0.5041
a7cb0499-fb46-40ea-9145-cd734bf3ad0f	9	129852157	130273395	233	-0.0119
a7cb0499-fb46-40ea-9145-cd734bf3ad0f	9	130274994	130287954	10	0.3802
a7cb0499-fb46-40ea-9145-cd734bf3ad0f	9	130287999	130555012	143	0.0707
a7cb0499-fb46-40ea-9145-cd734bf3ad0f	9	130555624	130555641	2	-1.064
a7cb0499-fb46-40ea-9145-cd734bf3ad0f	9	130555705	133888954	2280	0.023
a7cb0499-fb46-40ea-9145-cd734bf3ad0f	9	133894465	133922613	23	0.3739
a7cb0499-fb46-40ea-9145-cd734bf3ad0f	9	133923417	134082209	108	0.0254
a7cb0499-fb46-40ea-9145-cd734bf3ad0f	9	134085181	134096176	6	0.5791
a7cb0499-fb46-40ea-9145-cd734bf3ad0f	9	134096227	134268964	60	0.0857
a7cb0499-fb46-40ea-9145-cd734bf3ad0f	9	134271816	134309238	17	0.5435
a7cb0499-fb46-40ea-9145-cd734bf3ad0f	9	134309813	135077281	457	0.0159
a7cb0499-fb46-40ea-9145-cd734bf3ad0f	9	135077866	135134481	40	0.2177
a7cb0499-fb46-40ea-9145-cd734bf3ad0f	9	135135004	135247961	86	0.0323
a7cb0499-fb46-40ea-9145-cd734bf3ad0f	9	135248141	135489902	160	0.2666
a7cb0499-fb46-40ea-9145-cd734bf3ad0f	9	135489978	136164933	291	0.0309
a7cb0499-fb46-40ea-9145-cd734bf3ad0f	9	136166074	136362835	27	0.506
a7cb0499-fb46-40ea-9145-cd734bf3ad0f	9	136374683	136514289	79	0.0344
a7cb0499-fb46-40ea-9145-cd734bf3ad0f	9	136518432	136540917	9	0.5444
a7cb0499-fb46-40ea-9145-cd734bf3ad0f	9	136540932	136807214	66	-0.0353
a7cb0499-fb46-40ea-9145-cd734bf3ad0f	9	136811159	136862025	7	0.4818
a7cb0499-fb46-40ea-9145-cd734bf3ad0f	9	136869456	137256957	80	0.0304
a7cb0499-fb46-40ea-9145-cd734bf3ad0f	9	137257288	137358495	27	0.393
a7cb0499-fb46-40ea-9145-cd734bf3ad0f	9	137361190	137361381	3	1.6731
a7cb0499-fb46-40ea-9145-cd734bf3ad0f	9	137378551	137544281	50	0.1788
a7cb0499-fb46-40ea-9145-cd734bf3ad0f	9	137544955	137556810	8	0.6017
a7cb0499-fb46-40ea-9145-cd734bf3ad0f	9	137558196	137857049	141	0.0401
a7cb0499-fb46-40ea-9145-cd734bf3ad0f	9	137857410	137909533	21	0.393
a7cb0499-fb46-40ea-9145-cd734bf3ad0f	9	137911306	138054254	74	0.0521
a7cb0499-fb46-40ea-9145-cd734bf3ad0f	9	138058464	138177075	106	0.2322
a7cb0499-fb46-40ea-9145-cd734bf3ad0f	9	138177488	138200944	6	0.7944
a7cb0499-fb46-40ea-9145-cd734bf3ad0f	10	45792	468092	238	0.0985
a7cb0499-fb46-40ea-9145-cd734bf3ad0f	10	468198	494742	25	0.5372
a7cb0499-fb46-40ea-9145-cd734bf3ad0f	10	496007	1424037	601	0.0865
a7cb0499-fb46-40ea-9145-cd734bf3ad0f	10	1426682	2910855	1468	0.0123
a7cb0499-fb46-40ea-9145-cd734bf3ad0f	10	2915989	3154217	267	0.1677
a7cb0499-fb46-40ea-9145-cd734bf3ad0f	10	3157963	5125961	1812	0.0041
a7cb0499-fb46-40ea-9145-cd734bf3ad0f	10	5125983	5130036	3	-1.116
a7cb0499-fb46-40ea-9145-cd734bf3ad0f	10	5132283	5596333	337	-0.0079
a7cb0499-fb46-40ea-9145-cd734bf3ad0f	10	5596489	5675162	67	0.2406
a7cb0499-fb46-40ea-9145-cd734bf3ad0f	10	5678461	6618231	835	0.0059
a7cb0499-fb46-40ea-9145-cd734bf3ad0f	10	6618518	6769889	172	0.1231
a7cb0499-fb46-40ea-9145-cd734bf3ad0f	10	6770247	12039387	4335	-0.0063
a7cb0499-fb46-40ea-9145-cd734bf3ad0f	10	12049517	12123998	33	0.2888
a7cb0499-fb46-40ea-9145-cd734bf3ad0f	10	12127513	12800233	523	-0.0058
a7cb0499-fb46-40ea-9145-cd734bf3ad0f	10	12805839	12811463	16	0.5758
a7cb0499-fb46-40ea-9145-cd734bf3ad0f	10	12812780	14933172	1948	0.0053
a7cb0499-fb46-40ea-9145-cd734bf3ad0f	10	14933280	15023676	41	0.2372
a7cb0499-fb46-40ea-9145-cd734bf3ad0f	10	15024489	24086334	6472	0.0025
a7cb0499-fb46-40ea-9145-cd734bf3ad0f	10	24088745	24090110	15	0.5957
a7cb0499-fb46-40ea-9145-cd734bf3ad0f	10	24091731	25856879	1234	0.0102
a7cb0499-fb46-40ea-9145-cd734bf3ad0f	10	25858131	25887122	32	0.4897
a7cb0499-fb46-40ea-9145-cd734bf3ad0f	10	25887404	26934974	715	-0.0024
a7cb0499-fb46-40ea-9145-cd734bf3ad0f	10	26936975	26939544	13	0.69
a7cb0499-fb46-40ea-9145-cd734bf3ad0f	10	26941064	32664063	4090	0.0055
a7cb0499-fb46-40ea-9145-cd734bf3ad0f	10	32664077	32664245	4	-0.8074
a7cb0499-fb46-40ea-9145-cd734bf3ad0f	10	32664440	34792408	1520	0.0108
a7cb0499-fb46-40ea-9145-cd734bf3ad0f	10	34792640	34837348	32	0.3118
a7cb0499-fb46-40ea-9145-cd734bf3ad0f	10	34838143	34881499	23	-0.011
a7cb0499-fb46-40ea-9145-cd734bf3ad0f	10	34882676	34980429	63	0.2789
a7cb0499-fb46-40ea-9145-cd734bf3ad0f	10	34981303	45671734	4478	0.0191
a7cb0499-fb46-40ea-9145-cd734bf3ad0f	10	45674400	46248598	132	0.0966
a7cb0499-fb46-40ea-9145-cd734bf3ad0f	10	46248612	46532940	142	0.1919
a7cb0499-fb46-40ea-9145-cd734bf3ad0f	10	46538819	46606240	21	0.6186
a7cb0499-fb46-40ea-9145-cd734bf3ad0f	10	46617422	46657149	5	0.2115
a7cb0499-fb46-40ea-9145-cd734bf3ad0f	10	46693480	47622159	300	0.0079
a7cb0499-fb46-40ea-9145-cd734bf3ad0f	10	47627616	48079548	10	0.7914
a7cb0499-fb46-40ea-9145-cd734bf3ad0f	10	48079560	56752685	6230	-0.0058
a7cb0499-fb46-40ea-9145-cd734bf3ad0f	10	56752785	56767077	43	-0.7959
a7cb0499-fb46-40ea-9145-cd734bf3ad0f	10	56772992	57443289	551	-0.0223
a7cb0499-fb46-40ea-9145-cd734bf3ad0f	10	57450745	57451013	4	-1.1188
a7cb0499-fb46-40ea-9145-cd734bf3ad0f	10	57458735	62807195	3808	0.0017
a7cb0499-fb46-40ea-9145-cd734bf3ad0f	10	62809893	62810278	2	-1.2765
a7cb0499-fb46-40ea-9145-cd734bf3ad0f	10	62810651	65546518	1749	0.0029
a7cb0499-fb46-40ea-9145-cd734bf3ad0f	10	65548165	65554688	28	-1.9221
a7cb0499-fb46-40ea-9145-cd734bf3ad0f	10	65563037	66295769	603	0.0124
a7cb0499-fb46-40ea-9145-cd734bf3ad0f	10	66296777	67552099	844	-0.0585
a7cb0499-fb46-40ea-9145-cd734bf3ad0f	10	67553186	70659504	2021	0.01
a7cb0499-fb46-40ea-9145-cd734bf3ad0f	10	70661428	70778117	109	0.348
a7cb0499-fb46-40ea-9145-cd734bf3ad0f	10	70781091	79837312	5689	0.0031
a7cb0499-fb46-40ea-9145-cd734bf3ad0f	10	79837384	80221626	211	0.186
a7cb0499-fb46-40ea-9145-cd734bf3ad0f	10	80224365	92304287	8412	0.0031
a7cb0499-fb46-40ea-9145-cd734bf3ad0f	10	92308594	92694399	153	0.1994
a7cb0499-fb46-40ea-9145-cd734bf3ad0f	10	92697907	100290485	4809	-0.0037
a7cb0499-fb46-40ea-9145-cd734bf3ad0f	10	100290757	100344764	41	0.4259
a7cb0499-fb46-40ea-9145-cd734bf3ad0f	10	100345178	103415805	1455	0.0032
a7cb0499-fb46-40ea-9145-cd734bf3ad0f	10	103417697	103464215	27	0.3352
a7cb0499-fb46-40ea-9145-cd734bf3ad0f	10	103464242	104316931	565	0.0033
a7cb0499-fb46-40ea-9145-cd734bf3ad0f	10	104317828	104334950	18	0.3062
a7cb0499-fb46-40ea-9145-cd734bf3ad0f	10	104336734	105296521	720	-0.0172
a7cb0499-fb46-40ea-9145-cd734bf3ad0f	10	105297280	105299412	3	-3.2036
a7cb0499-fb46-40ea-9145-cd734bf3ad0f	10	105302718	130395889	18496	0.0099
a7cb0499-fb46-40ea-9145-cd734bf3ad0f	10	130395908	131364599	873	0.0867
a7cb0499-fb46-40ea-9145-cd734bf3ad0f	10	131365128	131914143	362	0.1736
a7cb0499-fb46-40ea-9145-cd734bf3ad0f	10	131914230	132747307	434	0.0575
a7cb0499-fb46-40ea-9145-cd734bf3ad0f	10	132747703	133055089	133	0.3087
a7cb0499-fb46-40ea-9145-cd734bf3ad0f	10	133084562	133420671	110	0.0285
a7cb0499-fb46-40ea-9145-cd734bf3ad0f	10	133420688	133573736	111	0.7416
a7cb0499-fb46-40ea-9145-cd734bf3ad0f	10	133574363	133654968	34	0.2318
a7cb0499-fb46-40ea-9145-cd734bf3ad0f	11	198510	262234	45	0.1469
a7cb0499-fb46-40ea-9145-cd734bf3ad0f	11	262269	456012	59	0.4263
a7cb0499-fb46-40ea-9145-cd734bf3ad0f	11	456120	663463	46	-0.005
a7cb0499-fb46-40ea-9145-cd734bf3ad0f	11	666245	692415	14	0.326
a7cb0499-fb46-40ea-9145-cd734bf3ad0f	11	692445	733639	10	0.0479
a7cb0499-fb46-40ea-9145-cd734bf3ad0f	11	733813	745581	7	0.6148
a7cb0499-fb46-40ea-9145-cd734bf3ad0f	11	748946	1616651	298	0.0196
a7cb0499-fb46-40ea-9145-cd734bf3ad0f	11	1616914	1639207	20	0.2941
a7cb0499-fb46-40ea-9145-cd734bf3ad0f	11	1639494	1660062	23	0.0412
a7cb0499-fb46-40ea-9145-cd734bf3ad0f	11	1662334	1878795	68	0.3112
a7cb0499-fb46-40ea-9145-cd734bf3ad0f	11	1883471	2458715	183	-0.0033
a7cb0499-fb46-40ea-9145-cd734bf3ad0f	11	2459007	2600344	69	0.2553
a7cb0499-fb46-40ea-9145-cd734bf3ad0f	11	2601779	3391957	433	0.0216
a7cb0499-fb46-40ea-9145-cd734bf3ad0f	11	3395259	3690563	121	0.1795
a7cb0499-fb46-40ea-9145-cd734bf3ad0f	11	3693166	25156391	16246	-0.0038
a7cb0499-fb46-40ea-9145-cd734bf3ad0f	11	25159902	25272005	92	-0.2146
a7cb0499-fb46-40ea-9145-cd734bf3ad0f	11	25274907	37316902	8588	0
a7cb0499-fb46-40ea-9145-cd734bf3ad0f	11	37317393	37363278	30	-0.3001
a7cb0499-fb46-40ea-9145-cd734bf3ad0f	11	37363873	44640294	4853	-0.0034
a7cb0499-fb46-40ea-9145-cd734bf3ad0f	11	44640864	44683448	37	0.5073
a7cb0499-fb46-40ea-9145-cd734bf3ad0f	11	44683556	48561264	2050	0.0016
a7cb0499-fb46-40ea-9145-cd734bf3ad0f	11	48570194	48581124	11	-0.6149
a7cb0499-fb46-40ea-9145-cd734bf3ad0f	11	48584766	54743970	888	0.0193
a7cb0499-fb46-40ea-9145-cd734bf3ad0f	11	54762035	54766290	3	-1.6264
a7cb0499-fb46-40ea-9145-cd734bf3ad0f	11	54782119	55595864	285	-0.0072
a7cb0499-fb46-40ea-9145-cd734bf3ad0f	11	55606556	55685533	59	-1.9957
a7cb0499-fb46-40ea-9145-cd734bf3ad0f	11	55686100	63954141	4768	0.0016
a7cb0499-fb46-40ea-9145-cd734bf3ad0f	11	63954976	63987039	19	0.4157
a7cb0499-fb46-40ea-9145-cd734bf3ad0f	11	63987743	64434167	179	0.0361
a7cb0499-fb46-40ea-9145-cd734bf3ad0f	11	64434883	64441516	6	0.4638
a7cb0499-fb46-40ea-9145-cd734bf3ad0f	11	64443180	64825436	151	-0.0067
a7cb0499-fb46-40ea-9145-cd734bf3ad0f	11	64828200	65902628	406	0.3354
a7cb0499-fb46-40ea-9145-cd734bf3ad0f	11	65903039	65922735	14	0.0136
a7cb0499-fb46-40ea-9145-cd734bf3ad0f	11	65925289	65925379	2	0.734
a7cb0499-fb46-40ea-9145-cd734bf3ad0f	11	65925596	67521485	604	0.0189
a7cb0499-fb46-40ea-9145-cd734bf3ad0f	11	67526002	68009216	156	0.2417
a7cb0499-fb46-40ea-9145-cd734bf3ad0f	11	68010856	90256074	13666	0.0023
a7cb0499-fb46-40ea-9145-cd734bf3ad0f	11	90256319	90281816	13	0.5994
a7cb0499-fb46-40ea-9145-cd734bf3ad0f	11	90282405	101723653	8576	-0.0059
a7cb0499-fb46-40ea-9145-cd734bf3ad0f	11	101727129	101727233	4	1.036
a7cb0499-fb46-40ea-9145-cd734bf3ad0f	11	101727481	107846476	4157	-0.0029
a7cb0499-fb46-40ea-9145-cd734bf3ad0f	11	107850134	108081855	123	0.1551
a7cb0499-fb46-40ea-9145-cd734bf3ad0f	11	108083284	113903224	3757	0.003
a7cb0499-fb46-40ea-9145-cd734bf3ad0f	11	113905290	113948958	32	0.2889
a7cb0499-fb46-40ea-9145-cd734bf3ad0f	11	113949076	133929513	14808	0.0067
a7cb0499-fb46-40ea-9145-cd734bf3ad0f	11	133929673	134086563	111	0.2128
a7cb0499-fb46-40ea-9145-cd734bf3ad0f	11	134089227	134270258	107	-0.0169
a7cb0499-fb46-40ea-9145-cd734bf3ad0f	11	134272636	134732386	350	0.1799
a7cb0499-fb46-40ea-9145-cd734bf3ad0f	11	134733052	134734098	2	-1.2049
a7cb0499-fb46-40ea-9145-cd734bf3ad0f	11	134737977	135074876	281	0.0905
a7cb0499-fb46-40ea-9145-cd734bf3ad0f	12	51460	754908	415	0.2033
a7cb0499-fb46-40ea-9145-cd734bf3ad0f	12	756570	764863	20	-0.5235
a7cb0499-fb46-40ea-9145-cd734bf3ad0f	12	766188	1425383	374	0.0024
a7cb0499-fb46-40ea-9145-cd734bf3ad0f	12	1430104	1717879	171	0.1666
a7cb0499-fb46-40ea-9145-cd734bf3ad0f	12	1718620	3270807	1126	0.0269
a7cb0499-fb46-40ea-9145-cd734bf3ad0f	12	3271725	3278838	16	0.4124
a7cb0499-fb46-40ea-9145-cd734bf3ad0f	12	3287702	7792788	3223	0.0049
a7cb0499-fb46-40ea-9145-cd734bf3ad0f	12	7799180	7982496	79	0.2606
a7cb0499-fb46-40ea-9145-cd734bf3ad0f	12	7985126	8172524	106	-0.0396
a7cb0499-fb46-40ea-9145-cd734bf3ad0f	12	8176916	8443757	88	0.2868
a7cb0499-fb46-40ea-9145-cd734bf3ad0f	12	8444196	9290254	474	0.0006
a7cb0499-fb46-40ea-9145-cd734bf3ad0f	12	9301952	9474642	81	0.1638
a7cb0499-fb46-40ea-9145-cd734bf3ad0f	12	9477960	11066824	1060	-0.0164
a7cb0499-fb46-40ea-9145-cd734bf3ad0f	12	11068125	11078856	5	-0.4379
a7cb0499-fb46-40ea-9145-cd734bf3ad0f	12	11080319	11088933	5	-1.8804
a7cb0499-fb46-40ea-9145-cd734bf3ad0f	12	11099275	12890185	1356	-0.0173
a7cb0499-fb46-40ea-9145-cd734bf3ad0f	12	12892789	12959251	52	0.241
a7cb0499-fb46-40ea-9145-cd734bf3ad0f	12	12962767	31859562	13188	0.006
a7cb0499-fb46-40ea-9145-cd734bf3ad0f	12	31860161	31908954	52	0.2328
a7cb0499-fb46-40ea-9145-cd734bf3ad0f	12	31909040	33141726	893	-0.006
a7cb0499-fb46-40ea-9145-cd734bf3ad0f	12	33148472	33154144	26	0.4031
a7cb0499-fb46-40ea-9145-cd734bf3ad0f	12	33154440	33227031	44	0.0111
a7cb0499-fb46-40ea-9145-cd734bf3ad0f	12	33232895	33242483	7	-1.8948
a7cb0499-fb46-40ea-9145-cd734bf3ad0f	12	33246118	34047585	507	-0.0558
a7cb0499-fb46-40ea-9145-cd734bf3ad0f	12	34054074	34097761	25	-0.3544
a7cb0499-fb46-40ea-9145-cd734bf3ad0f	12	34103774	34111154	9	-1.0827
a7cb0499-fb46-40ea-9145-cd734bf3ad0f	12	34122447	34141504	19	-0.034
a7cb0499-fb46-40ea-9145-cd734bf3ad0f	12	34141525	34404654	120	0.2282
a7cb0499-fb46-40ea-9145-cd734bf3ad0f	12	34406374	38038987	170	0.019
a7cb0499-fb46-40ea-9145-cd734bf3ad0f	12	38043162	38199116	75	0.2049
a7cb0499-fb46-40ea-9145-cd734bf3ad0f	12	38203674	51833714	8023	-0.0061
a7cb0499-fb46-40ea-9145-cd734bf3ad0f	12	51833911	51910677	36	0.3268
a7cb0499-fb46-40ea-9145-cd734bf3ad0f	12	51912437	52282637	264	0.0004
a7cb0499-fb46-40ea-9145-cd734bf3ad0f	12	52285116	52391992	114	0.2093
a7cb0499-fb46-40ea-9145-cd734bf3ad0f	12	52392242	53013811	546	0.0195
a7cb0499-fb46-40ea-9145-cd734bf3ad0f	12	53017314	53142366	62	0.2531
a7cb0499-fb46-40ea-9145-cd734bf3ad0f	12	53143439	75298827	13717	0.0039
a7cb0499-fb46-40ea-9145-cd734bf3ad0f	12	75298975	75329256	20	0.5396
a7cb0499-fb46-40ea-9145-cd734bf3ad0f	12	75338662	78577088	2252	0.0031
a7cb0499-fb46-40ea-9145-cd734bf3ad0f	12	78577518	78621413	34	-0.2569
a7cb0499-fb46-40ea-9145-cd734bf3ad0f	12	78624611	93589631	9055	0.0006
a7cb0499-fb46-40ea-9145-cd734bf3ad0f	12	93599464	93629195	26	0.3517
a7cb0499-fb46-40ea-9145-cd734bf3ad0f	12	93629885	95894807	1717	0.0152
a7cb0499-fb46-40ea-9145-cd734bf3ad0f	12	95895082	95929868	15	0.4595
a7cb0499-fb46-40ea-9145-cd734bf3ad0f	12	95934644	109108878	9022	0.0014
a7cb0499-fb46-40ea-9145-cd734bf3ad0f	12	109111774	109196908	71	0.2838
a7cb0499-fb46-40ea-9145-cd734bf3ad0f	12	109203370	111731142	1259	0.0114
a7cb0499-fb46-40ea-9145-cd734bf3ad0f	12	111732572	111865172	50	0.2151
a7cb0499-fb46-40ea-9145-cd734bf3ad0f	12	111867694	113815883	1256	0.0043
a7cb0499-fb46-40ea-9145-cd734bf3ad0f	12	113817190	114038912	211	0.1875
a7cb0499-fb46-40ea-9145-cd734bf3ad0f	12	114040306	114833410	644	0.0121
a7cb0499-fb46-40ea-9145-cd734bf3ad0f	12	114834338	114897831	53	0.3994
a7cb0499-fb46-40ea-9145-cd734bf3ad0f	12	114902555	115761914	821	0.0089
a7cb0499-fb46-40ea-9145-cd734bf3ad0f	12	115762355	115812894	95	0.2665
a7cb0499-fb46-40ea-9145-cd734bf3ad0f	12	115812929	116874394	703	-0.0025
a7cb0499-fb46-40ea-9145-cd734bf3ad0f	12	116874545	116966211	51	0.2116
a7cb0499-fb46-40ea-9145-cd734bf3ad0f	12	116966700	119894128	2102	0.0042
a7cb0499-fb46-40ea-9145-cd734bf3ad0f	12	119895200	119951054	30	0.4367
a7cb0499-fb46-40ea-9145-cd734bf3ad0f	12	119958895	126509681	3750	0.016
a7cb0499-fb46-40ea-9145-cd734bf3ad0f	12	126510400	126520044	7	-1.0267
a7cb0499-fb46-40ea-9145-cd734bf3ad0f	12	126522929	129516041	2685	0.0299
a7cb0499-fb46-40ea-9145-cd734bf3ad0f	12	129518945	129519049	2	-2.3817
a7cb0499-fb46-40ea-9145-cd734bf3ad0f	12	129519225	129771984	267	-0.0236
a7cb0499-fb46-40ea-9145-cd734bf3ad0f	12	129772054	129814782	30	0.1217
a7cb0499-fb46-40ea-9145-cd734bf3ad0f	12	129815137	129848411	18	0.6771
a7cb0499-fb46-40ea-9145-cd734bf3ad0f	12	129850426	132126981	1682	0.0904
a7cb0499-fb46-40ea-9145-cd734bf3ad0f	12	132127961	133012884	262	0.2862
a7cb0499-fb46-40ea-9145-cd734bf3ad0f	12	133012887	133201603	96	0.0371
a7cb0499-fb46-40ea-9145-cd734bf3ad0f	13	18452809	19485007	495	0.0457
a7cb0499-fb46-40ea-9145-cd734bf3ad0f	13	19486974	20586353	648	0.0991
a7cb0499-fb46-40ea-9145-cd734bf3ad0f	13	20591186	23055048	1713	0.0144
a7cb0499-fb46-40ea-9145-cd734bf3ad0f	13	23055071	23059376	13	-0.5753
a7cb0499-fb46-40ea-9145-cd734bf3ad0f	13	23064056	29455681	4819	0.0085
a7cb0499-fb46-40ea-9145-cd734bf3ad0f	13	29457425	29459091	2	-1.2127
a7cb0499-fb46-40ea-9145-cd734bf3ad0f	13	29462056	31166580	1356	-0.0067
a7cb0499-fb46-40ea-9145-cd734bf3ad0f	13	31167923	31238110	50	0.1939
a7cb0499-fb46-40ea-9145-cd734bf3ad0f	13	31241082	33156089	1380	-0.0009
a7cb0499-fb46-40ea-9145-cd734bf3ad0f	13	33156138	33201160	53	0.4717
a7cb0499-fb46-40ea-9145-cd734bf3ad0f	13	33201882	52520664	12862	-0.0064
a7cb0499-fb46-40ea-9145-cd734bf3ad0f	13	52523849	52531650	3	-1.7941
a7cb0499-fb46-40ea-9145-cd734bf3ad0f	13	52543744	57176962	2620	-0.0061
a7cb0499-fb46-40ea-9145-cd734bf3ad0f	13	57184136	57204246	34	-0.8649
a7cb0499-fb46-40ea-9145-cd734bf3ad0f	13	57215580	112850979	37410	-0.0103
a7cb0499-fb46-40ea-9145-cd734bf3ad0f	13	112853909	113070745	130	0.2962
a7cb0499-fb46-40ea-9145-cd734bf3ad0f	13	113073227	113998903	390	0.0391
a7cb0499-fb46-40ea-9145-cd734bf3ad0f	13	114004969	114074009	27	0.4568
a7cb0499-fb46-40ea-9145-cd734bf3ad0f	13	114074505	114245826	79	-0.0176
a7cb0499-fb46-40ea-9145-cd734bf3ad0f	13	114246774	114342922	41	0.189
a7cb0499-fb46-40ea-9145-cd734bf3ad0f	14	18239283	19256296	43	-0.01
a7cb0499-fb46-40ea-9145-cd734bf3ad0f	14	19280948	19669187	19	0.5338
a7cb0499-fb46-40ea-9145-cd734bf3ad0f	14	19675350	20485383	490	0.0153
a7cb0499-fb46-40ea-9145-cd734bf3ad0f	14	20486838	20530437	41	0.6585
a7cb0499-fb46-40ea-9145-cd734bf3ad0f	14	20531526	20681949	125	0.0165
a7cb0499-fb46-40ea-9145-cd734bf3ad0f	14	20685140	20733007	28	0.626
a7cb0499-fb46-40ea-9145-cd734bf3ad0f	14	20733655	22324711	1128	0.0242
a7cb0499-fb46-40ea-9145-cd734bf3ad0f	14	22325865	22329312	6	-0.9429
a7cb0499-fb46-40ea-9145-cd734bf3ad0f	14	22332503	22375032	19	0.0753
a7cb0499-fb46-40ea-9145-cd734bf3ad0f	14	22375173	22615867	225	0.1548
a7cb0499-fb46-40ea-9145-cd734bf3ad0f	14	22622601	22645702	25	0.4624
a7cb0499-fb46-40ea-9145-cd734bf3ad0f	14	22646052	22796272	88	0.1675
a7cb0499-fb46-40ea-9145-cd734bf3ad0f	14	22796827	34527440	7488	0.0042
a7cb0499-fb46-40ea-9145-cd734bf3ad0f	14	34527508	34568006	13	0.5264
a7cb0499-fb46-40ea-9145-cd734bf3ad0f	14	34568491	98672075	41596	-0.0008
a7cb0499-fb46-40ea-9145-cd734bf3ad0f	14	98674686	98968449	275	0.1115
a7cb0499-fb46-40ea-9145-cd734bf3ad0f	14	98969086	99953096	735	0.0125
a7cb0499-fb46-40ea-9145-cd734bf3ad0f	14	99954659	99962879	3	0.8929
a7cb0499-fb46-40ea-9145-cd734bf3ad0f	14	99965119	103937549	2034	0.0091
a7cb0499-fb46-40ea-9145-cd734bf3ad0f	14	103941074	105533894	504	0.0628
a7cb0499-fb46-40ea-9145-cd734bf3ad0f	14	105537192	105797340	47	0.3273
a7cb0499-fb46-40ea-9145-cd734bf3ad0f	14	105797388	106340774	189	0.0989
a7cb0499-fb46-40ea-9145-cd734bf3ad0f	14	106345431	106365807	8	-0.9553
a7cb0499-fb46-40ea-9145-cd734bf3ad0f	14	106369985	106877229	270	0.0622
a7cb0499-fb46-40ea-9145-cd734bf3ad0f	15	19811075	20988347	156	0.2154
a7cb0499-fb46-40ea-9145-cd734bf3ad0f	15	21005443	21096887	11	0.9637
a7cb0499-fb46-40ea-9145-cd734bf3ad0f	15	21262847	23437561	370	0.2115
a7cb0499-fb46-40ea-9145-cd734bf3ad0f	15	23442538	26315045	2026	0.022
a7cb0499-fb46-40ea-9145-cd734bf3ad0f	15	26317005	26318009	2	-3.4976
a7cb0499-fb46-40ea-9145-cd734bf3ad0f	15	26318441	27972018	1247	0.0037
a7cb0499-fb46-40ea-9145-cd734bf3ad0f	15	27973177	28786752	206	0.1079
a7cb0499-fb46-40ea-9145-cd734bf3ad0f	15	28788320	29142922	168	0.2456
a7cb0499-fb46-40ea-9145-cd734bf3ad0f	15	29148750	30816586	746	0.0856
a7cb0499-fb46-40ea-9145-cd734bf3ad0f	15	30818340	36754336	4129	0.0072
a7cb0499-fb46-40ea-9145-cd734bf3ad0f	15	36761719	36762042	3	-1.067
a7cb0499-fb46-40ea-9145-cd734bf3ad0f	15	36762756	40611009	2676	-0.0049
a7cb0499-fb46-40ea-9145-cd734bf3ad0f	15	40613121	40645529	15	0.3801
a7cb0499-fb46-40ea-9145-cd734bf3ad0f	15	40646038	41857274	530	-0.0152
a7cb0499-fb46-40ea-9145-cd734bf3ad0f	15	41860292	42142056	212	0.0902
a7cb0499-fb46-40ea-9145-cd734bf3ad0f	15	42143804	43553305	674	-0.0328
a7cb0499-fb46-40ea-9145-cd734bf3ad0f	15	43592920	43722057	30	0.2998
a7cb0499-fb46-40ea-9145-cd734bf3ad0f	15	43732292	51970414	4834	0.0029
a7cb0499-fb46-40ea-9145-cd734bf3ad0f	15	51973538	51981087	5	-1.0598
a7cb0499-fb46-40ea-9145-cd734bf3ad0f	15	51983058	55536351	2531	0.0015
a7cb0499-fb46-40ea-9145-cd734bf3ad0f	15	55536913	55540232	2	-1.3402
a7cb0499-fb46-40ea-9145-cd734bf3ad0f	15	55541634	56498641	569	-0.0005
a7cb0499-fb46-40ea-9145-cd734bf3ad0f	15	56498657	56508779	22	-0.6193
a7cb0499-fb46-40ea-9145-cd734bf3ad0f	15	56509425	77003882	12949	0.0016
a7cb0499-fb46-40ea-9145-cd734bf3ad0f	15	77007025	77063624	24	0.3531
a7cb0499-fb46-40ea-9145-cd734bf3ad0f	15	77063897	78358638	672	0.0218
a7cb0499-fb46-40ea-9145-cd734bf3ad0f	15	78358893	78397327	31	0.2885
a7cb0499-fb46-40ea-9145-cd734bf3ad0f	15	78399670	78731478	186	-0.0212
a7cb0499-fb46-40ea-9145-cd734bf3ad0f	15	78731610	78787892	12	0.4482
a7cb0499-fb46-40ea-9145-cd734bf3ad0f	15	78789070	83871965	3313	0.0057
a7cb0499-fb46-40ea-9145-cd734bf3ad0f	15	83871986	83874798	6	-0.9281
a7cb0499-fb46-40ea-9145-cd734bf3ad0f	15	83878525	84915675	383	0.0083
a7cb0499-fb46-40ea-9145-cd734bf3ad0f	15	84917753	84960904	29	0.2957
a7cb0499-fb46-40ea-9145-cd734bf3ad0f	15	84960941	85268392	161	-0.021
a7cb0499-fb46-40ea-9145-cd734bf3ad0f	15	85268465	85408630	77	0.2057
a7cb0499-fb46-40ea-9145-cd734bf3ad0f	15	85413359	85792979	278	-0.0193
a7cb0499-fb46-40ea-9145-cd734bf3ad0f	15	85793403	85824027	70	0.2069
a7cb0499-fb46-40ea-9145-cd734bf3ad0f	15	85824080	91008178	3720	-0.0021
a7cb0499-fb46-40ea-9145-cd734bf3ad0f	15	91008754	91087799	64	0.1932
a7cb0499-fb46-40ea-9145-cd734bf3ad0f	15	91088071	93055037	1688	-0.008
a7cb0499-fb46-40ea-9145-cd734bf3ad0f	15	93057747	93521405	469	0.1299
a7cb0499-fb46-40ea-9145-cd734bf3ad0f	15	93522167	97264844	2820	0.0023
a7cb0499-fb46-40ea-9145-cd734bf3ad0f	15	97265179	97290422	15	-0.74
a7cb0499-fb46-40ea-9145-cd734bf3ad0f	15	97301760	101355006	3018	0.0224
a7cb0499-fb46-40ea-9145-cd734bf3ad0f	15	101355297	101805196	356	0.1541
a7cb0499-fb46-40ea-9145-cd734bf3ad0f	15	101808429	101928837	48	-0.2166
a7cb0499-fb46-40ea-9145-cd734bf3ad0f	16	10777	603503	285	0.3471
a7cb0499-fb46-40ea-9145-cd734bf3ad0f	16	603675	1002943	102	0.1047
a7cb0499-fb46-40ea-9145-cd734bf3ad0f	16	1016396	1299208	46	0.3682
a7cb0499-fb46-40ea-9145-cd734bf3ad0f	16	1299928	3051638	614	0.0515
a7cb0499-fb46-40ea-9145-cd734bf3ad0f	16	3052175	3084264	17	0.3557
a7cb0499-fb46-40ea-9145-cd734bf3ad0f	16	3084753	3137732	30	-0.032
a7cb0499-fb46-40ea-9145-cd734bf3ad0f	16	3139207	3180887	21	0.3009
a7cb0499-fb46-40ea-9145-cd734bf3ad0f	16	3187581	3635615	227	-0.0309
a7cb0499-fb46-40ea-9145-cd734bf3ad0f	16	3635781	3666993	18	0.3494
a7cb0499-fb46-40ea-9145-cd734bf3ad0f	16	3669343	4189825	357	0.0138
a7cb0499-fb46-40ea-9145-cd734bf3ad0f	16	4190084	4204915	23	0.4006
a7cb0499-fb46-40ea-9145-cd734bf3ad0f	16	4208090	4883906	322	-0.0097
a7cb0499-fb46-40ea-9145-cd734bf3ad0f	16	4886204	4891396	6	0.5189
a7cb0499-fb46-40ea-9145-cd734bf3ad0f	16	4899109	5094017	128	0.0497
a7cb0499-fb46-40ea-9145-cd734bf3ad0f	16	5095715	5163122	30	0.3793
a7cb0499-fb46-40ea-9145-cd734bf3ad0f	16	5166717	6893860	2033	0.0145
a7cb0499-fb46-40ea-9145-cd734bf3ad0f	16	6894053	7044621	173	0.1775
a7cb0499-fb46-40ea-9145-cd734bf3ad0f	16	7045569	8839164	1976	0.0019
a7cb0499-fb46-40ea-9145-cd734bf3ad0f	16	8845763	9190133	217	0.2496
a7cb0499-fb46-40ea-9145-cd734bf3ad0f	16	9191103	11477437	2034	0.0081
a7cb0499-fb46-40ea-9145-cd734bf3ad0f	16	11483511	11546193	40	0.3591
a7cb0499-fb46-40ea-9145-cd734bf3ad0f	16	11546682	14651129	2382	0.0091
a7cb0499-fb46-40ea-9145-cd734bf3ad0f	16	14652868	14887120	29	0.2163
a7cb0499-fb46-40ea-9145-cd734bf3ad0f	16	14895982	14983623	37	0.5704
a7cb0499-fb46-40ea-9145-cd734bf3ad0f	16	14986282	16539504	614	0.2729
a7cb0499-fb46-40ea-9145-cd734bf3ad0f	16	16539715	17106902	263	0.0711
a7cb0499-fb46-40ea-9145-cd734bf3ad0f	16	17107383	17645835	422	0.157
a7cb0499-fb46-40ea-9145-cd734bf3ad0f	16	17646099	19933041	1018	0.025
a7cb0499-fb46-40ea-9145-cd734bf3ad0f	16	19934328	19946001	18	-0.4755
a7cb0499-fb46-40ea-9145-cd734bf3ad0f	16	19950243	20019510	62	0.0037
a7cb0499-fb46-40ea-9145-cd734bf3ad0f	16	20023898	20059576	32	0.4651
a7cb0499-fb46-40ea-9145-cd734bf3ad0f	16	20059972	21338882	801	0.0126
a7cb0499-fb46-40ea-9145-cd734bf3ad0f	16	21340717	22706983	469	0.2041
a7cb0499-fb46-40ea-9145-cd734bf3ad0f	16	22707065	27792553	3594	0.0061
a7cb0499-fb46-40ea-9145-cd734bf3ad0f	16	27792566	27818423	31	0.2766
a7cb0499-fb46-40ea-9145-cd734bf3ad0f	16	27818730	27825051	10	-0.0918
a7cb0499-fb46-40ea-9145-cd734bf3ad0f	16	27825372	27839893	14	0.2416
a7cb0499-fb46-40ea-9145-cd734bf3ad0f	16	27840413	28228152	282	-0.0168
a7cb0499-fb46-40ea-9145-cd734bf3ad0f	16	28228614	28243807	13	0.2994
a7cb0499-fb46-40ea-9145-cd734bf3ad0f	16	28246098	28637882	107	-0.0064
a7cb0499-fb46-40ea-9145-cd734bf3ad0f	16	28696878	29005207	66	0.365
a7cb0499-fb46-40ea-9145-cd734bf3ad0f	16	29006233	29568713	132	0.0884
a7cb0499-fb46-40ea-9145-cd734bf3ad0f	16	29569793	30308999	210	0.3579
a7cb0499-fb46-40ea-9145-cd734bf3ad0f	16	30320763	31948053	638	0.0073
a7cb0499-fb46-40ea-9145-cd734bf3ad0f	16	31948830	35232200	224	0.1532
a7cb0499-fb46-40ea-9145-cd734bf3ad0f	16	35236333	55761136	6760	0.002
a7cb0499-fb46-40ea-9145-cd734bf3ad0f	16	55762477	55788532	22	-0.5061
a7cb0499-fb46-40ea-9145-cd734bf3ad0f	16	55808442	55834527	14	0.5108
a7cb0499-fb46-40ea-9145-cd734bf3ad0f	16	55836505	61403010	3477	0.0056
a7cb0499-fb46-40ea-9145-cd734bf3ad0f	16	61403044	61446268	27	0.5088
a7cb0499-fb46-40ea-9145-cd734bf3ad0f	16	61448013	70087520	5230	0.0061
a7cb0499-fb46-40ea-9145-cd734bf3ad0f	16	70087581	70212022	27	0.494
a7cb0499-fb46-40ea-9145-cd734bf3ad0f	16	70212430	78337711	5506	0.0195
a7cb0499-fb46-40ea-9145-cd734bf3ad0f	16	78338543	78350868	17	0.9662
a7cb0499-fb46-40ea-9145-cd734bf3ad0f	16	78351104	78866694	688	0.0453
a7cb0499-fb46-40ea-9145-cd734bf3ad0f	16	78867020	78867243	2	-1.1497
a7cb0499-fb46-40ea-9145-cd734bf3ad0f	16	78867872	80313028	1706	0.0093
a7cb0499-fb46-40ea-9145-cd734bf3ad0f	16	80314334	80335410	46	0.2239
a7cb0499-fb46-40ea-9145-cd734bf3ad0f	16	80335549	80904936	554	-0.0021
a7cb0499-fb46-40ea-9145-cd734bf3ad0f	16	80905171	80952649	54	0.1928
a7cb0499-fb46-40ea-9145-cd734bf3ad0f	16	80952704	81123748	144	-0.0017
a7cb0499-fb46-40ea-9145-cd734bf3ad0f	16	81123780	81241614	130	0.298
a7cb0499-fb46-40ea-9145-cd734bf3ad0f	16	81241796	81451749	170	0.0311
a7cb0499-fb46-40ea-9145-cd734bf3ad0f	16	81452341	81478223	40	0.2888
a7cb0499-fb46-40ea-9145-cd734bf3ad0f	16	81479031	83995248	2796	0.0054
a7cb0499-fb46-40ea-9145-cd734bf3ad0f	16	83995534	84885321	810	0.206
a7cb0499-fb46-40ea-9145-cd734bf3ad0f	16	84885696	85059142	134	0.0098
a7cb0499-fb46-40ea-9145-cd734bf3ad0f	16	85059286	85103645	30	0.2593
a7cb0499-fb46-40ea-9145-cd734bf3ad0f	16	85103663	85866727	470	0.0372
a7cb0499-fb46-40ea-9145-cd734bf3ad0f	16	85866735	85944305	82	0.2171
a7cb0499-fb46-40ea-9145-cd734bf3ad0f	16	85944326	86504307	734	0.0274
a7cb0499-fb46-40ea-9145-cd734bf3ad0f	16	86504720	86519107	9	0.5256
a7cb0499-fb46-40ea-9145-cd734bf3ad0f	16	86522267	86979776	463	0.004
a7cb0499-fb46-40ea-9145-cd734bf3ad0f	16	86980226	87035331	43	0.2479
a7cb0499-fb46-40ea-9145-cd734bf3ad0f	16	87035458	87924956	583	0.0259
a7cb0499-fb46-40ea-9145-cd734bf3ad0f	16	87934636	87948178	13	0.4254
a7cb0499-fb46-40ea-9145-cd734bf3ad0f	16	87949324	88066715	75	-0.036
a7cb0499-fb46-40ea-9145-cd734bf3ad0f	16	88070485	88156978	35	0.3442
a7cb0499-fb46-40ea-9145-cd734bf3ad0f	16	88160758	88459876	130	0.0706
a7cb0499-fb46-40ea-9145-cd734bf3ad0f	16	88469691	89206933	226	0.3745
a7cb0499-fb46-40ea-9145-cd734bf3ad0f	16	89206958	89479197	162	0.1454
a7cb0499-fb46-40ea-9145-cd734bf3ad0f	16	89481721	89559832	50	0.305
a7cb0499-fb46-40ea-9145-cd734bf3ad0f	16	89560486	89765102	60	0.5171
a7cb0499-fb46-40ea-9145-cd734bf3ad0f	16	89768881	90096867	181	0.2945
a7cb0499-fb46-40ea-9145-cd734bf3ad0f	17	150733	1278872	562	0.2295
a7cb0499-fb46-40ea-9145-cd734bf3ad0f	17	1297910	1494164	92	0.0178
a7cb0499-fb46-40ea-9145-cd734bf3ad0f	17	1499932	1511296	10	0.5194
a7cb0499-fb46-40ea-9145-cd734bf3ad0f	17	1512616	1804724	140	0.0075
a7cb0499-fb46-40ea-9145-cd734bf3ad0f	17	1810639	1902383	36	0.2763
a7cb0499-fb46-40ea-9145-cd734bf3ad0f	17	1904411	2922164	575	0.0356
a7cb0499-fb46-40ea-9145-cd734bf3ad0f	17	2922179	2973928	24	0.381
a7cb0499-fb46-40ea-9145-cd734bf3ad0f	17	2974495	2994801	21	-0.0396
a7cb0499-fb46-40ea-9145-cd734bf3ad0f	17	2995998	3019393	13	0.3809
a7cb0499-fb46-40ea-9145-cd734bf3ad0f	17	3027743	3567084	358	0.01
a7cb0499-fb46-40ea-9145-cd734bf3ad0f	17	3569577	3665125	59	0.294
a7cb0499-fb46-40ea-9145-cd734bf3ad0f	17	3672253	4148824	281	0.0006
a7cb0499-fb46-40ea-9145-cd734bf3ad0f	17	4152480	4219519	59	0.2215
a7cb0499-fb46-40ea-9145-cd734bf3ad0f	17	4220425	4406248	97	0.0088
a7cb0499-fb46-40ea-9145-cd734bf3ad0f	17	4407344	4471289	35	0.4387
a7cb0499-fb46-40ea-9145-cd734bf3ad0f	17	4471794	4764260	136	0.0346
a7cb0499-fb46-40ea-9145-cd734bf3ad0f	17	4764821	4791004	10	0.588
a7cb0499-fb46-40ea-9145-cd734bf3ad0f	17	4794162	5552974	347	0.0028
a7cb0499-fb46-40ea-9145-cd734bf3ad0f	17	5555397	5555746	2	-1.4428
a7cb0499-fb46-40ea-9145-cd734bf3ad0f	17	5556505	5702963	107	0.024
a7cb0499-fb46-40ea-9145-cd734bf3ad0f	17	5703184	5737408	27	0.464
a7cb0499-fb46-40ea-9145-cd734bf3ad0f	17	5745056	8338355	1544	0.0289
a7cb0499-fb46-40ea-9145-cd734bf3ad0f	17	8338573	8350666	8	0.5448
a7cb0499-fb46-40ea-9145-cd734bf3ad0f	17	8351051	9412739	713	0.0015
a7cb0499-fb46-40ea-9145-cd734bf3ad0f	17	9416318	9416350	2	-1.0426
a7cb0499-fb46-40ea-9145-cd734bf3ad0f	17	9418056	10034821	486	-0.0038
a7cb0499-fb46-40ea-9145-cd734bf3ad0f	17	10036704	10138272	77	0.2558
a7cb0499-fb46-40ea-9145-cd734bf3ad0f	17	10140499	10338248	183	0.0007
a7cb0499-fb46-40ea-9145-cd734bf3ad0f	17	10341546	10404587	41	0.2209
a7cb0499-fb46-40ea-9145-cd734bf3ad0f	17	10404921	14205732	2842	0.0035
a7cb0499-fb46-40ea-9145-cd734bf3ad0f	17	14205748	15897189	1198	0.0589
a7cb0499-fb46-40ea-9145-cd734bf3ad0f	17	15900153	16945436	456	0.0009
a7cb0499-fb46-40ea-9145-cd734bf3ad0f	17	16945606	16946165	2	-0.9685
a7cb0499-fb46-40ea-9145-cd734bf3ad0f	17	16947824	18277301	763	0.0079
a7cb0499-fb46-40ea-9145-cd734bf3ad0f	17	18277375	18289841	5	0.6713
a7cb0499-fb46-40ea-9145-cd734bf3ad0f	17	18290052	18375203	58	-0.0047
a7cb0499-fb46-40ea-9145-cd734bf3ad0f	17	18375217	18757203	93	0.2462
a7cb0499-fb46-40ea-9145-cd734bf3ad0f	17	18758014	18957997	98	-0.0098
a7cb0499-fb46-40ea-9145-cd734bf3ad0f	17	18971407	19246050	34	0.3443
a7cb0499-fb46-40ea-9145-cd734bf3ad0f	17	19248789	22243555	1115	0.0309
a7cb0499-fb46-40ea-9145-cd734bf3ad0f	17	22252534	22530709	103	0.1835
a7cb0499-fb46-40ea-9145-cd734bf3ad0f	17	22531085	28452035	863	0.0155
a7cb0499-fb46-40ea-9145-cd734bf3ad0f	17	28454323	28455301	2	-1.838
a7cb0499-fb46-40ea-9145-cd734bf3ad0f	17	28462253	30625011	948	0.0089
a7cb0499-fb46-40ea-9145-cd734bf3ad0f	17	30625268	30848226	69	0.2777
a7cb0499-fb46-40ea-9145-cd734bf3ad0f	17	30860091	33240586	1320	0.0103
a7cb0499-fb46-40ea-9145-cd734bf3ad0f	17	33241134	33242747	4	-0.7746
a7cb0499-fb46-40ea-9145-cd734bf3ad0f	17	33243154	34404782	1112	0.043
a7cb0499-fb46-40ea-9145-cd734bf3ad0f	17	34405810	34611015	221	0.1924
a7cb0499-fb46-40ea-9145-cd734bf3ad0f	17	34616624	36093875	890	0.0013
a7cb0499-fb46-40ea-9145-cd734bf3ad0f	17	36096224	36109315	15	0.2917
a7cb0499-fb46-40ea-9145-cd734bf3ad0f	17	36109735	36208249	36	1.0767
a7cb0499-fb46-40ea-9145-cd734bf3ad0f	17	36460442	36476767	18	0.3406
a7cb0499-fb46-40ea-9145-cd734bf3ad0f	17	36480144	36481158	6	-0.3364
a7cb0499-fb46-40ea-9145-cd734bf3ad0f	17	36481789	36567187	67	0.3067
a7cb0499-fb46-40ea-9145-cd734bf3ad0f	17	36567203	36780184	181	-0.0185
a7cb0499-fb46-40ea-9145-cd734bf3ad0f	17	36781105	36790071	18	0.3493
a7cb0499-fb46-40ea-9145-cd734bf3ad0f	17	36791018	37779013	622	-0.0019
a7cb0499-fb46-40ea-9145-cd734bf3ad0f	17	37784000	37876480	63	0.2753
a7cb0499-fb46-40ea-9145-cd734bf3ad0f	17	37876720	41266762	1550	0.0071
a7cb0499-fb46-40ea-9145-cd734bf3ad0f	17	41266774	41274198	22	-1.1178
a7cb0499-fb46-40ea-9145-cd734bf3ad0f	17	41274279	43362553	1109	0.0147
a7cb0499-fb46-40ea-9145-cd734bf3ad0f	17	43366336	43423927	27	0.3301
a7cb0499-fb46-40ea-9145-cd734bf3ad0f	17	43428081	45434172	1003	0.0173
a7cb0499-fb46-40ea-9145-cd734bf3ad0f	17	45436394	45956125	259	0.2092
a7cb0499-fb46-40ea-9145-cd734bf3ad0f	17	45956527	46130967	135	0.0235
a7cb0499-fb46-40ea-9145-cd734bf3ad0f	17	46131308	46214792	73	-0.3441
a7cb0499-fb46-40ea-9145-cd734bf3ad0f	17	46215253	46351954	21	-0.0123
a7cb0499-fb46-40ea-9145-cd734bf3ad0f	17	46446345	46571001	4	1.1094
a7cb0499-fb46-40ea-9145-cd734bf3ad0f	17	46664059	49858461	1621	0.0066
a7cb0499-fb46-40ea-9145-cd734bf3ad0f	17	49859954	49865045	6	0.6021
a7cb0499-fb46-40ea-9145-cd734bf3ad0f	17	49867097	51336829	759	0.0012
a7cb0499-fb46-40ea-9145-cd734bf3ad0f	17	51337419	51422099	76	0.191
a7cb0499-fb46-40ea-9145-cd734bf3ad0f	17	51422363	51831554	331	-0.0076
a7cb0499-fb46-40ea-9145-cd734bf3ad0f	17	51831969	51832837	2	-1.5528
a7cb0499-fb46-40ea-9145-cd734bf3ad0f	17	51834262	73747641	13947	0.0036
a7cb0499-fb46-40ea-9145-cd734bf3ad0f	17	73749837	73751471	17	-0.8184
a7cb0499-fb46-40ea-9145-cd734bf3ad0f	17	73751886	73841419	61	0.031
a7cb0499-fb46-40ea-9145-cd734bf3ad0f	17	73842080	74173438	238	0.1806
a7cb0499-fb46-40ea-9145-cd734bf3ad0f	17	74173820	74514157	177	0.3818
a7cb0499-fb46-40ea-9145-cd734bf3ad0f	17	74516742	74695492	139	0.2034
a7cb0499-fb46-40ea-9145-cd734bf3ad0f	17	74695789	76792592	980	0.0225
a7cb0499-fb46-40ea-9145-cd734bf3ad0f	17	76792658	76827199	15	0.4382
a7cb0499-fb46-40ea-9145-cd734bf3ad0f	17	76828028	76913017	50	0.0395
a7cb0499-fb46-40ea-9145-cd734bf3ad0f	17	76914310	76961310	32	0.46
a7cb0499-fb46-40ea-9145-cd734bf3ad0f	17	76962302	77349715	241	0.0032
a7cb0499-fb46-40ea-9145-cd734bf3ad0f	17	77350579	77372055	26	0.5515
a7cb0499-fb46-40ea-9145-cd734bf3ad0f	17	77374386	77393507	12	0.0077
a7cb0499-fb46-40ea-9145-cd734bf3ad0f	17	77394155	77398743	8	0.4699
a7cb0499-fb46-40ea-9145-cd734bf3ad0f	17	77398786	77446115	36	0.0119
a7cb0499-fb46-40ea-9145-cd734bf3ad0f	17	77449839	77554978	55	0.2398
a7cb0499-fb46-40ea-9145-cd734bf3ad0f	17	77555991	78285287	417	0.0204
a7cb0499-fb46-40ea-9145-cd734bf3ad0f	17	78286051	78296895	11	0.5743
a7cb0499-fb46-40ea-9145-cd734bf3ad0f	17	78302453	78397961	39	-0.009
a7cb0499-fb46-40ea-9145-cd734bf3ad0f	17	78398266	78399553	4	0.4862
a7cb0499-fb46-40ea-9145-cd734bf3ad0f	17	78399775	78412343	11	-0.0004
a7cb0499-fb46-40ea-9145-cd734bf3ad0f	17	78415232	78456702	24	0.5074
a7cb0499-fb46-40ea-9145-cd734bf3ad0f	17	78459996	78563081	75	-0.0135
a7cb0499-fb46-40ea-9145-cd734bf3ad0f	17	78573730	78706448	114	0.224
a7cb0499-fb46-40ea-9145-cd734bf3ad0f	17	78706722	79174913	248	0.0331
a7cb0499-fb46-40ea-9145-cd734bf3ad0f	17	79175673	79238589	38	0.3097
a7cb0499-fb46-40ea-9145-cd734bf3ad0f	17	79239524	80241565	566	0.0417
a7cb0499-fb46-40ea-9145-cd734bf3ad0f	17	80243298	80300362	31	0.3303
a7cb0499-fb46-40ea-9145-cd734bf3ad0f	17	80305570	80641561	201	0.0407
a7cb0499-fb46-40ea-9145-cd734bf3ad0f	17	80641736	80696528	33	0.3536
a7cb0499-fb46-40ea-9145-cd734bf3ad0f	17	80697103	82128370	460	0.0557
a7cb0499-fb46-40ea-9145-cd734bf3ad0f	17	82128721	82256888	53	0.3311
a7cb0499-fb46-40ea-9145-cd734bf3ad0f	17	82257710	82869300	295	0.0273
a7cb0499-fb46-40ea-9145-cd734bf3ad0f	17	82871209	82895920	9	0.5239
a7cb0499-fb46-40ea-9145-cd734bf3ad0f	17	82896132	83002711	71	0.0571
a7cb0499-fb46-40ea-9145-cd734bf3ad0f	17	83005143	83091923	40	0.3134
a7cb0499-fb46-40ea-9145-cd734bf3ad0f	18	48133	463208	304	0.0354
a7cb0499-fb46-40ea-9145-cd734bf3ad0f	18	463418	496010	22	0.332
a7cb0499-fb46-40ea-9145-cd734bf3ad0f	18	497729	529676	16	0.7422
a7cb0499-fb46-40ea-9145-cd734bf3ad0f	18	532835	884725	283	0.1915
a7cb0499-fb46-40ea-9145-cd734bf3ad0f	18	885054	14085870	9406	-0.0011
a7cb0499-fb46-40ea-9145-cd734bf3ad0f	18	14087793	20992467	389	0.0915
a7cb0499-fb46-40ea-9145-cd734bf3ad0f	18	20993705	30235355	5595	-0.0059
a7cb0499-fb46-40ea-9145-cd734bf3ad0f	18	30235644	30236003	2	-1.2429
a7cb0499-fb46-40ea-9145-cd734bf3ad0f	18	30238649	37951268	4989	0.0005
a7cb0499-fb46-40ea-9145-cd734bf3ad0f	18	37953673	37957171	9	-1.1303
a7cb0499-fb46-40ea-9145-cd734bf3ad0f	18	37959352	49563584	7671	-0.0011
a7cb0499-fb46-40ea-9145-cd734bf3ad0f	18	49564514	49594113	30	0.7807
a7cb0499-fb46-40ea-9145-cd734bf3ad0f	18	49594946	50106120	425	0.0247
a7cb0499-fb46-40ea-9145-cd734bf3ad0f	18	50106781	50108858	4	-1.5001
a7cb0499-fb46-40ea-9145-cd734bf3ad0f	18	50108933	64366270	10019	0.002
a7cb0499-fb46-40ea-9145-cd734bf3ad0f	18	64371134	64400943	24	0.6871
a7cb0499-fb46-40ea-9145-cd734bf3ad0f	18	64402147	66054343	1111	-0.0255
a7cb0499-fb46-40ea-9145-cd734bf3ad0f	18	66060256	66061104	12	-0.7305
a7cb0499-fb46-40ea-9145-cd734bf3ad0f	18	66065502	71392837	3834	-0.002
a7cb0499-fb46-40ea-9145-cd734bf3ad0f	18	71393503	72644006	933	-0.086
a7cb0499-fb46-40ea-9145-cd734bf3ad0f	18	72644131	73035435	364	0.0133
a7cb0499-fb46-40ea-9145-cd734bf3ad0f	18	73037973	73653691	491	-0.0668
a7cb0499-fb46-40ea-9145-cd734bf3ad0f	18	73655073	79349796	4371	0.0127
a7cb0499-fb46-40ea-9145-cd734bf3ad0f	18	79350514	80257174	434	0.2065
a7cb0499-fb46-40ea-9145-cd734bf3ad0f	19	90910	260998	10	0.2917
a7cb0499-fb46-40ea-9145-cd734bf3ad0f	19	261033	348129	44	0.0296
a7cb0499-fb46-40ea-9145-cd734bf3ad0f	19	348143	521281	62	0.2818
a7cb0499-fb46-40ea-9145-cd734bf3ad0f	19	528822	827975	44	0.0371
a7cb0499-fb46-40ea-9145-cd734bf3ad0f	19	865374	931523	18	0.4796
a7cb0499-fb46-40ea-9145-cd734bf3ad0f	19	939673	1728268	204	0.0669
a7cb0499-fb46-40ea-9145-cd734bf3ad0f	19	1728502	1846112	23	0.4957
a7cb0499-fb46-40ea-9145-cd734bf3ad0f	19	1867913	2403566	131	0.04
a7cb0499-fb46-40ea-9145-cd734bf3ad0f	19	2405118	2420096	11	0.612
a7cb0499-fb46-40ea-9145-cd734bf3ad0f	19	2422593	2602437	81	0.1011
a7cb0499-fb46-40ea-9145-cd734bf3ad0f	19	2619145	2646820	12	0.4538
a7cb0499-fb46-40ea-9145-cd734bf3ad0f	19	2646942	4403020	522	0.0453
a7cb0499-fb46-40ea-9145-cd734bf3ad0f	19	4406163	4673369	68	0.4168
a7cb0499-fb46-40ea-9145-cd734bf3ad0f	19	4673502	4783686	41	0.0767
a7cb0499-fb46-40ea-9145-cd734bf3ad0f	19	4785513	4806497	10	0.5552
a7cb0499-fb46-40ea-9145-cd734bf3ad0f	19	4807263	5004816	77	0.0263
a7cb0499-fb46-40ea-9145-cd734bf3ad0f	19	5005374	5010609	5	0.6089
a7cb0499-fb46-40ea-9145-cd734bf3ad0f	19	5011220	5830291	366	0.0137
a7cb0499-fb46-40ea-9145-cd734bf3ad0f	19	5831096	5870270	20	0.4215
a7cb0499-fb46-40ea-9145-cd734bf3ad0f	19	5873740	6454178	281	0.0384
a7cb0499-fb46-40ea-9145-cd734bf3ad0f	19	6454343	6481448	8	0.4261
a7cb0499-fb46-40ea-9145-cd734bf3ad0f	19	6481519	6642406	63	-0.0435
a7cb0499-fb46-40ea-9145-cd734bf3ad0f	19	6642471	6665403	19	0.3669
a7cb0499-fb46-40ea-9145-cd734bf3ad0f	19	6665882	7001394	216	0.0675
a7cb0499-fb46-40ea-9145-cd734bf3ad0f	19	7006584	7112112	33	0.2841
a7cb0499-fb46-40ea-9145-cd734bf3ad0f	19	7112165	7559119	217	0.0241
a7cb0499-fb46-40ea-9145-cd734bf3ad0f	19	7559505	7588332	14	0.472
a7cb0499-fb46-40ea-9145-cd734bf3ad0f	19	7589229	12581187	2443	0.018
a7cb0499-fb46-40ea-9145-cd734bf3ad0f	19	12586552	12587288	2	-2.0037
a7cb0499-fb46-40ea-9145-cd734bf3ad0f	19	12589709	14306319	681	0.0055
a7cb0499-fb46-40ea-9145-cd734bf3ad0f	19	14306758	14421216	37	0.2208
a7cb0499-fb46-40ea-9145-cd734bf3ad0f	19	14423620	14515385	40	0.041
a7cb0499-fb46-40ea-9145-cd734bf3ad0f	19	14522867	14542665	7	0.6637
a7cb0499-fb46-40ea-9145-cd734bf3ad0f	19	14544181	14547268	5	-0.042
a7cb0499-fb46-40ea-9145-cd734bf3ad0f	19	14548268	14554121	5	0.5009
a7cb0499-fb46-40ea-9145-cd734bf3ad0f	19	14573613	14642796	36	-0.0146
a7cb0499-fb46-40ea-9145-cd734bf3ad0f	19	14643447	14646590	2	1.9516
a7cb0499-fb46-40ea-9145-cd734bf3ad0f	19	14647188	15845138	878	0.0252
a7cb0499-fb46-40ea-9145-cd734bf3ad0f	19	15845767	15847036	2	1.258
a7cb0499-fb46-40ea-9145-cd734bf3ad0f	19	15850928	19667045	1740	0.0117
a7cb0499-fb46-40ea-9145-cd734bf3ad0f	19	19669971	19725867	24	0.1339
a7cb0499-fb46-40ea-9145-cd734bf3ad0f	19	19729959	19764062	20	0.7018
a7cb0499-fb46-40ea-9145-cd734bf3ad0f	19	19765106	20576271	491	0.1384
a7cb0499-fb46-40ea-9145-cd734bf3ad0f	19	20577052	35358285	7695	0.0223
a7cb0499-fb46-40ea-9145-cd734bf3ad0f	19	35358319	35370946	24	0.4685
a7cb0499-fb46-40ea-9145-cd734bf3ad0f	19	35375842	36262089	429	0.0276
a7cb0499-fb46-40ea-9145-cd734bf3ad0f	19	36265950	36314803	3	0.8931
a7cb0499-fb46-40ea-9145-cd734bf3ad0f	19	36315613	39059266	1402	0.0045
a7cb0499-fb46-40ea-9145-cd734bf3ad0f	19	39059643	39091645	26	0.3897
a7cb0499-fb46-40ea-9145-cd734bf3ad0f	19	39092058	39217933	58	0.0763
a7cb0499-fb46-40ea-9145-cd734bf3ad0f	19	39220195	39257070	19	0.5544
a7cb0499-fb46-40ea-9145-cd734bf3ad0f	19	39257608	39868963	350	-0.0111
a7cb0499-fb46-40ea-9145-cd734bf3ad0f	19	39869041	39887493	9	0.6317
a7cb0499-fb46-40ea-9145-cd734bf3ad0f	19	39887768	40573434	341	0.0109
a7cb0499-fb46-40ea-9145-cd734bf3ad0f	19	40578957	40654306	27	0.3997
a7cb0499-fb46-40ea-9145-cd734bf3ad0f	19	40657145	40940664	172	0.082
a7cb0499-fb46-40ea-9145-cd734bf3ad0f	19	40945759	40985182	30	0.4839
a7cb0499-fb46-40ea-9145-cd734bf3ad0f	19	40988149	40991369	5	-0.0805
a7cb0499-fb46-40ea-9145-cd734bf3ad0f	19	40992828	40998172	10	0.371
a7cb0499-fb46-40ea-9145-cd734bf3ad0f	19	40998305	41745502	394	0.0167
a7cb0499-fb46-40ea-9145-cd734bf3ad0f	19	41746405	41783867	16	0.3413
a7cb0499-fb46-40ea-9145-cd734bf3ad0f	19	41785242	42183785	150	-0.0128
a7cb0499-fb46-40ea-9145-cd734bf3ad0f	19	42184535	42202487	7	0.4774
a7cb0499-fb46-40ea-9145-cd734bf3ad0f	19	42205731	42819162	246	0.0066
a7cb0499-fb46-40ea-9145-cd734bf3ad0f	19	42820329	43458545	294	0.1567
a7cb0499-fb46-40ea-9145-cd734bf3ad0f	19	43459491	45361231	1117	0.0069
a7cb0499-fb46-40ea-9145-cd734bf3ad0f	19	45361633	45400216	18	0.432
a7cb0499-fb46-40ea-9145-cd734bf3ad0f	19	45407710	49646477	1848	0.0249
a7cb0499-fb46-40ea-9145-cd734bf3ad0f	19	49647272	49685266	14	0.4312
a7cb0499-fb46-40ea-9145-cd734bf3ad0f	19	49694149	49871239	77	0.0022
a7cb0499-fb46-40ea-9145-cd734bf3ad0f	19	49874886	50017975	77	0.2922
a7cb0499-fb46-40ea-9145-cd734bf3ad0f	19	50018074	50088867	53	0.7849
a7cb0499-fb46-40ea-9145-cd734bf3ad0f	19	50090736	50819056	281	0.0117
a7cb0499-fb46-40ea-9145-cd734bf3ad0f	19	50819976	50890325	55	0.228
a7cb0499-fb46-40ea-9145-cd734bf3ad0f	19	50890575	51123685	143	-0.0026
a7cb0499-fb46-40ea-9145-cd734bf3ad0f	19	51125272	51140918	10	0.3383
a7cb0499-fb46-40ea-9145-cd734bf3ad0f	19	51142526	51628560	352	-0.0091
a7cb0499-fb46-40ea-9145-cd734bf3ad0f	19	51639099	51644944	11	-0.6508
a7cb0499-fb46-40ea-9145-cd734bf3ad0f	19	51651652	52702676	710	0.0577
a7cb0499-fb46-40ea-9145-cd734bf3ad0f	19	52706243	52982493	203	0.2347
a7cb0499-fb46-40ea-9145-cd734bf3ad0f	19	52982662	53013829	26	0.0162
a7cb0499-fb46-40ea-9145-cd734bf3ad0f	19	53015494	53048976	22	1.1835
a7cb0499-fb46-40ea-9145-cd734bf3ad0f	19	53050987	53534886	375	0.0889
a7cb0499-fb46-40ea-9145-cd734bf3ad0f	19	53536562	53864916	221	0.2691
a7cb0499-fb46-40ea-9145-cd734bf3ad0f	19	53871273	54193859	144	0.02
a7cb0499-fb46-40ea-9145-cd734bf3ad0f	19	54194014	54303457	66	0.3453
a7cb0499-fb46-40ea-9145-cd734bf3ad0f	19	54303818	54401167	41	0.0158
a7cb0499-fb46-40ea-9145-cd734bf3ad0f	19	54403460	54438585	15	0.372
a7cb0499-fb46-40ea-9145-cd734bf3ad0f	19	54439020	54736440	190	-0.0055
a7cb0499-fb46-40ea-9145-cd734bf3ad0f	19	54736513	55261085	262	0.1261
a7cb0499-fb46-40ea-9145-cd734bf3ad0f	19	55262222	55682641	159	0.0082
a7cb0499-fb46-40ea-9145-cd734bf3ad0f	19	55687738	55729797	30	0.4595
a7cb0499-fb46-40ea-9145-cd734bf3ad0f	19	55731006	55771003	30	0.1684
a7cb0499-fb46-40ea-9145-cd734bf3ad0f	19	55771169	55771701	3	-1.0776
a7cb0499-fb46-40ea-9145-cd734bf3ad0f	19	55774927	55936780	159	0.0149
a7cb0499-fb46-40ea-9145-cd734bf3ad0f	19	55937454	56263371	215	0.1488
a7cb0499-fb46-40ea-9145-cd734bf3ad0f	19	56263602	58355308	1360	0.0202
a7cb0499-fb46-40ea-9145-cd734bf3ad0f	19	58355805	58586487	105	0.3456
a7cb0499-fb46-40ea-9145-cd734bf3ad0f	20	80664	80941	9	0.2487
a7cb0499-fb46-40ea-9145-cd734bf3ad0f	20	81034	212530	93	-0.0734
a7cb0499-fb46-40ea-9145-cd734bf3ad0f	20	212680	475120	180	0.2415
a7cb0499-fb46-40ea-9145-cd734bf3ad0f	20	475808	1567019	892	0.033
a7cb0499-fb46-40ea-9145-cd734bf3ad0f	20	1567154	1579642	22	0.4185
a7cb0499-fb46-40ea-9145-cd734bf3ad0f	20	1579897	1587075	12	-0.1589
a7cb0499-fb46-40ea-9145-cd734bf3ad0f	20	1587098	1613247	36	-0.5999
a7cb0499-fb46-40ea-9145-cd734bf3ad0f	20	1617300	3823017	1563	0.0024
a7cb0499-fb46-40ea-9145-cd734bf3ad0f	20	3827707	4007091	91	0.1821
a7cb0499-fb46-40ea-9145-cd734bf3ad0f	20	4007362	4048379	26	0.5234
a7cb0499-fb46-40ea-9145-cd734bf3ad0f	20	4048388	4123473	73	0.2251
a7cb0499-fb46-40ea-9145-cd734bf3ad0f	20	4123863	4819603	619	-0.0159
a7cb0499-fb46-40ea-9145-cd734bf3ad0f	20	4824635	4866141	38	0.3824
a7cb0499-fb46-40ea-9145-cd734bf3ad0f	20	4866364	5405644	360	0.0203
a7cb0499-fb46-40ea-9145-cd734bf3ad0f	20	5405952	5752029	222	0.1693
a7cb0499-fb46-40ea-9145-cd734bf3ad0f	20	5755287	14812166	6929	-0.0129
a7cb0499-fb46-40ea-9145-cd734bf3ad0f	20	14812188	14812192	2	-2.2041
a7cb0499-fb46-40ea-9145-cd734bf3ad0f	20	14812769	16594762	1708	-0.0247
a7cb0499-fb46-40ea-9145-cd734bf3ad0f	20	16594772	16605748	27	0.2719
a7cb0499-fb46-40ea-9145-cd734bf3ad0f	20	16605911	23403036	5306	0
a7cb0499-fb46-40ea-9145-cd734bf3ad0f	20	23404267	23588114	166	0.1206
a7cb0499-fb46-40ea-9145-cd734bf3ad0f	20	23588153	24896582	994	0.0068
a7cb0499-fb46-40ea-9145-cd734bf3ad0f	20	24897060	24943182	34	0.2922
a7cb0499-fb46-40ea-9145-cd734bf3ad0f	20	24945082	25385429	256	-0.0252
a7cb0499-fb46-40ea-9145-cd734bf3ad0f	20	25396978	25486723	37	0.2223
a7cb0499-fb46-40ea-9145-cd734bf3ad0f	20	25487356	30193847	318	0.0171
a7cb0499-fb46-40ea-9145-cd734bf3ad0f	20	30206919	30259177	13	-0.5471
a7cb0499-fb46-40ea-9145-cd734bf3ad0f	20	30271154	49671092	11724	-0.0061
a7cb0499-fb46-40ea-9145-cd734bf3ad0f	20	49678285	49814264	87	0.2275
a7cb0499-fb46-40ea-9145-cd734bf3ad0f	20	49814430	49957579	82	-0.0125
a7cb0499-fb46-40ea-9145-cd734bf3ad0f	20	49964587	50001086	18	0.3485
a7cb0499-fb46-40ea-9145-cd734bf3ad0f	20	50001888	50162588	66	0.019
a7cb0499-fb46-40ea-9145-cd734bf3ad0f	20	50165621	50181352	9	0.5802
a7cb0499-fb46-40ea-9145-cd734bf3ad0f	20	50182546	56719418	5076	-0.0037
a7cb0499-fb46-40ea-9145-cd734bf3ad0f	20	56719483	56772914	38	0.3032
a7cb0499-fb46-40ea-9145-cd734bf3ad0f	20	56774684	63075398	4766	0.0141
a7cb0499-fb46-40ea-9145-cd734bf3ad0f	20	63077356	63118905	34	0.4211
a7cb0499-fb46-40ea-9145-cd734bf3ad0f	20	63121284	63586236	135	0.0106
a7cb0499-fb46-40ea-9145-cd734bf3ad0f	20	63587563	64324800	316	0.3081
a7cb0499-fb46-40ea-9145-cd734bf3ad0f	21	10354168	10427776	12	0.4038
a7cb0499-fb46-40ea-9145-cd734bf3ad0f	21	10448914	10550357	31	-0.1579
a7cb0499-fb46-40ea-9145-cd734bf3ad0f	21	10551986	10614263	33	-0.4934
a7cb0499-fb46-40ea-9145-cd734bf3ad0f	21	10624949	18683769	3468	0.0111
a7cb0499-fb46-40ea-9145-cd734bf3ad0f	21	18685360	18708066	26	0.5549
a7cb0499-fb46-40ea-9145-cd734bf3ad0f	21	18708616	24213071	4301	-0.0144
a7cb0499-fb46-40ea-9145-cd734bf3ad0f	21	24215936	24216026	3	-1.5696
a7cb0499-fb46-40ea-9145-cd734bf3ad0f	21	24216643	36099580	8563	-0.0014
a7cb0499-fb46-40ea-9145-cd734bf3ad0f	21	36103191	36247984	102	0.2547
a7cb0499-fb46-40ea-9145-cd734bf3ad0f	21	36248238	36555500	169	0.0819
a7cb0499-fb46-40ea-9145-cd734bf3ad0f	21	36555674	36558060	4	-0.8741
a7cb0499-fb46-40ea-9145-cd734bf3ad0f	21	36560880	39556590	2399	0.0018
a7cb0499-fb46-40ea-9145-cd734bf3ad0f	21	39556609	39604204	50	0.5854
a7cb0499-fb46-40ea-9145-cd734bf3ad0f	21	39605546	42585091	2626	0.0184
a7cb0499-fb46-40ea-9145-cd734bf3ad0f	21	42585224	42602683	12	0.4424
a7cb0499-fb46-40ea-9145-cd734bf3ad0f	21	42605441	43034905	291	0.0139
a7cb0499-fb46-40ea-9145-cd734bf3ad0f	21	43188895	43374861	90	0.1906
a7cb0499-fb46-40ea-9145-cd734bf3ad0f	21	43572694	44342833	322	0.0373
a7cb0499-fb46-40ea-9145-cd734bf3ad0f	21	44343759	44448469	43	0.373
a7cb0499-fb46-40ea-9145-cd734bf3ad0f	21	44452104	45250130	501	0.0146
a7cb0499-fb46-40ea-9145-cd734bf3ad0f	21	45250486	45664980	208	0.3218
a7cb0499-fb46-40ea-9145-cd734bf3ad0f	21	45665804	46267563	323	0.019
a7cb0499-fb46-40ea-9145-cd734bf3ad0f	21	46268308	46475012	95	0.2768
a7cb0499-fb46-40ea-9145-cd734bf3ad0f	21	46475268	46677045	184	0.1172
a7cb0499-fb46-40ea-9145-cd734bf3ad0f	22	15294547	16392123	38	0.216
a7cb0499-fb46-40ea-9145-cd734bf3ad0f	22	16394084	16412132	5	0.8163
a7cb0499-fb46-40ea-9145-cd734bf3ad0f	22	16413364	16706758	78	0.1758
a7cb0499-fb46-40ea-9145-cd734bf3ad0f	22	16708378	18130970	982	0.0163
a7cb0499-fb46-40ea-9145-cd734bf3ad0f	22	18131162	18149580	18	0.1556
a7cb0499-fb46-40ea-9145-cd734bf3ad0f	22	18149609	19940708	661	0.2269
a7cb0499-fb46-40ea-9145-cd734bf3ad0f	22	19944145	20000761	51	0.5388
a7cb0499-fb46-40ea-9145-cd734bf3ad0f	22	20001415	20044441	33	0.1848
a7cb0499-fb46-40ea-9145-cd734bf3ad0f	22	20044804	20295256	137	0.4243
a7cb0499-fb46-40ea-9145-cd734bf3ad0f	22	20295284	21701333	786	0.2662
a7cb0499-fb46-40ea-9145-cd734bf3ad0f	22	21709022	23061886	1039	0.1095
a7cb0499-fb46-40ea-9145-cd734bf3ad0f	22	23062294	23276617	142	0.3221
a7cb0499-fb46-40ea-9145-cd734bf3ad0f	22	23279200	23362282	53	0.1325
a7cb0499-fb46-40ea-9145-cd734bf3ad0f	22	23362693	23420480	45	0.3139
a7cb0499-fb46-40ea-9145-cd734bf3ad0f	22	23420962	23548649	83	0.028
a7cb0499-fb46-40ea-9145-cd734bf3ad0f	22	23553602	23611131	23	0.3862
a7cb0499-fb46-40ea-9145-cd734bf3ad0f	22	23611169	23646701	22	0.1457
a7cb0499-fb46-40ea-9145-cd734bf3ad0f	22	23647088	23987520	198	0.0339
a7cb0499-fb46-40ea-9145-cd734bf3ad0f	22	23988078	23990739	4	-1.9088
a7cb0499-fb46-40ea-9145-cd734bf3ad0f	22	23995113	24010678	14	0.372
a7cb0499-fb46-40ea-9145-cd734bf3ad0f	22	24015674	24390050	194	-0.0146
a7cb0499-fb46-40ea-9145-cd734bf3ad0f	22	24390775	24487560	55	0.2436
a7cb0499-fb46-40ea-9145-cd734bf3ad0f	22	24489255	25325796	583	0.0145
a7cb0499-fb46-40ea-9145-cd734bf3ad0f	22	25325827	25445585	134	0.2699
a7cb0499-fb46-40ea-9145-cd734bf3ad0f	22	25445675	25540332	143	0.1162
a7cb0499-fb46-40ea-9145-cd734bf3ad0f	22	25540390	25556941	18	0.3517
a7cb0499-fb46-40ea-9145-cd734bf3ad0f	22	25557884	31015644	4062	0.0032
a7cb0499-fb46-40ea-9145-cd734bf3ad0f	22	31018704	31053755	18	0.3838
a7cb0499-fb46-40ea-9145-cd734bf3ad0f	22	31053775	31638489	315	0.0104
a7cb0499-fb46-40ea-9145-cd734bf3ad0f	22	31641987	31681068	19	0.3558
a7cb0499-fb46-40ea-9145-cd734bf3ad0f	22	31681261	35568111	3299	0.0041
a7cb0499-fb46-40ea-9145-cd734bf3ad0f	22	35577300	35642029	53	0.255
a7cb0499-fb46-40ea-9145-cd734bf3ad0f	22	35642118	36042533	203	0.0051
a7cb0499-fb46-40ea-9145-cd734bf3ad0f	22	36042607	36084065	28	0.2448
a7cb0499-fb46-40ea-9145-cd734bf3ad0f	22	36087893	36218264	110	0.0169
a7cb0499-fb46-40ea-9145-cd734bf3ad0f	22	36225663	36320269	72	0.285
a7cb0499-fb46-40ea-9145-cd734bf3ad0f	22	36320356	37331840	709	0.0317
a7cb0499-fb46-40ea-9145-cd734bf3ad0f	22	37336893	37355658	8	0.4978
a7cb0499-fb46-40ea-9145-cd734bf3ad0f	22	37355905	38120270	345	-0.0125
a7cb0499-fb46-40ea-9145-cd734bf3ad0f	22	38121398	38147125	22	0.4545
a7cb0499-fb46-40ea-9145-cd734bf3ad0f	22	38147347	38935341	418	0.0062
a7cb0499-fb46-40ea-9145-cd734bf3ad0f	22	38936224	38999376	51	0.3457
a7cb0499-fb46-40ea-9145-cd734bf3ad0f	22	38999476	41903281	1564	0.0137
a7cb0499-fb46-40ea-9145-cd734bf3ad0f	22	41903531	41975550	35	0.6252
a7cb0499-fb46-40ea-9145-cd734bf3ad0f	22	41979300	42309365	179	0.0192
a7cb0499-fb46-40ea-9145-cd734bf3ad0f	22	42314046	42331417	11	0.2987
a7cb0499-fb46-40ea-9145-cd734bf3ad0f	22	42331925	42385617	31	-0.0181
a7cb0499-fb46-40ea-9145-cd734bf3ad0f	22	42388195	42581184	97	0.3296
a7cb0499-fb46-40ea-9145-cd734bf3ad0f	22	42584045	48370238	4422	0.0212
a7cb0499-fb46-40ea-9145-cd734bf3ad0f	22	48370335	48372384	5	-0.7748
a7cb0499-fb46-40ea-9145-cd734bf3ad0f	22	48375044	48972009	504	0.0522
a7cb0499-fb46-40ea-9145-cd734bf3ad0f	22	48974078	50796027	1158	0.2817
a7cb0499-fb46-40ea-9145-cd734bf3ad0f	X	251810	7641450	3740	0.0583
a7cb0499-fb46-40ea-9145-cd734bf3ad0f	X	7641953	7643017	2	-4.9892
a7cb0499-fb46-40ea-9145-cd734bf3ad0f	X	7643064	75969324	35362	0.0244
a7cb0499-fb46-40ea-9145-cd734bf3ad0f	X	75969438	75969617	2	-4.8696
a7cb0499-fb46-40ea-9145-cd734bf3ad0f	X	75969876	153031937	43181	0.0147
a7cb0499-fb46-40ea-9145-cd734bf3ad0f	X	153033320	153033368	2	-5.4644
a7cb0499-fb46-40ea-9145-cd734bf3ad0f	X	153033676	155952689	1137	0.105
a7cb0499-fb46-40ea-9145-cd734bf3ad0f	Y	2782397	13283211	3172	-0.9777
a7cb0499-fb46-40ea-9145-cd734bf3ad0f	Y	13283795	21450474	3047	-1.0243
a7cb0499-fb46-40ea-9145-cd734bf3ad0f	Y	21450774	22169533	123	-0.8681
a7cb0499-fb46-40ea-9145-cd734bf3ad0f	Y	22169542	22213784	4	-1.8084
a7cb0499-fb46-40ea-9145-cd734bf3ad0f	Y	22215125	56872112	293	-0.9497
