GDC_Aliquot	Chromosome	Start	End	Num_Probes	Segment_Mean
4de7d80e-375e-455e-991d-c66afb9ef54c	1	62920	16544783	8636	-0.0056
4de7d80e-375e-455e-991d-c66afb9ef54c	1	16569132	16788139	54	0.4351
4de7d80e-375e-455e-991d-c66afb9ef54c	1	16855942	59639791	25345	0.0008
4de7d80e-375e-455e-991d-c66afb9ef54c	1	59641327	59641368	2	-1.9393
4de7d80e-375e-455e-991d-c66afb9ef54c	1	59643098	72284670	8681	0.0057
4de7d80e-375e-455e-991d-c66afb9ef54c	1	72290430	72297687	9	-1.0073
4de7d80e-375e-455e-991d-c66afb9ef54c	1	72302735	75585159	1976	-0.0039
4de7d80e-375e-455e-991d-c66afb9ef54c	1	75589078	75589169	2	-2.201
4de7d80e-375e-455e-991d-c66afb9ef54c	1	75593824	103857559	18139	0.0058
4de7d80e-375e-455e-991d-c66afb9ef54c	1	103862222	103875557	2	-1.7329
4de7d80e-375e-455e-991d-c66afb9ef54c	1	103875982	105470754	863	-0.0161
4de7d80e-375e-455e-991d-c66afb9ef54c	1	105476583	105479753	17	-2.1695
4de7d80e-375e-455e-991d-c66afb9ef54c	1	105481433	109684893	2631	0.0158
4de7d80e-375e-455e-991d-c66afb9ef54c	1	109690352	109697556	13	1.7321
4de7d80e-375e-455e-991d-c66afb9ef54c	1	109702376	110834948	840	0.0072
4de7d80e-375e-455e-991d-c66afb9ef54c	1	110834953	110859267	57	-0.5495
4de7d80e-375e-455e-991d-c66afb9ef54c	1	110860873	152789570	8876	-0.0052
4de7d80e-375e-455e-991d-c66afb9ef54c	1	152789781	152801429	33	0.5985
4de7d80e-375e-455e-991d-c66afb9ef54c	1	152804279	161647641	5259	0.0085
4de7d80e-375e-455e-991d-c66afb9ef54c	1	161647657	161649268	8	-1.9814
4de7d80e-375e-455e-991d-c66afb9ef54c	1	161678447	166579136	3948	0.0025
4de7d80e-375e-455e-991d-c66afb9ef54c	1	166582964	166583523	5	-1.3189
4de7d80e-375e-455e-991d-c66afb9ef54c	1	166583858	171462927	3576	-0.0083
4de7d80e-375e-455e-991d-c66afb9ef54c	1	171465192	171465297	2	-2.1106
4de7d80e-375e-455e-991d-c66afb9ef54c	1	171465502	174827267	1997	0.0081
4de7d80e-375e-455e-991d-c66afb9ef54c	1	174827418	174832716	17	-0.8352
4de7d80e-375e-455e-991d-c66afb9ef54c	1	174832734	196745743	14634	0.0061
4de7d80e-375e-455e-991d-c66afb9ef54c	1	196758720	196846661	61	-1.868
4de7d80e-375e-455e-991d-c66afb9ef54c	1	196847600	210425493	9131	-0.0011
4de7d80e-375e-455e-991d-c66afb9ef54c	1	210431402	210439184	24	-0.6736
4de7d80e-375e-455e-991d-c66afb9ef54c	1	210441948	246477341	25207	0.0042
4de7d80e-375e-455e-991d-c66afb9ef54c	1	246479836	246482495	2	-2.1292
4de7d80e-375e-455e-991d-c66afb9ef54c	1	246488245	248524544	1243	-0.0151
4de7d80e-375e-455e-991d-c66afb9ef54c	1	248524859	248645808	43	-0.7077
4de7d80e-375e-455e-991d-c66afb9ef54c	1	248646068	248703602	34	0.0431
4de7d80e-375e-455e-991d-c66afb9ef54c	1	248703943	248713007	5	-1.3116
4de7d80e-375e-455e-991d-c66afb9ef54c	1	248713850	248930189	100	0.0713
4de7d80e-375e-455e-991d-c66afb9ef54c	2	12784	34466002	24069	-0.0108
4de7d80e-375e-455e-991d-c66afb9ef54c	2	34474248	34512965	49	0.3206
4de7d80e-375e-455e-991d-c66afb9ef54c	2	34515572	50385694	11485	-0.0037
4de7d80e-375e-455e-991d-c66afb9ef54c	2	50388288	50407147	13	-0.5916
4de7d80e-375e-455e-991d-c66afb9ef54c	2	50407474	52527423	1495	-0.0056
4de7d80e-375e-455e-991d-c66afb9ef54c	2	52527590	52527743	3	-2.3714
4de7d80e-375e-455e-991d-c66afb9ef54c	2	52531615	52560811	34	0.6697
4de7d80e-375e-455e-991d-c66afb9ef54c	2	52563002	89193882	22735	-0.0041
4de7d80e-375e-455e-991d-c66afb9ef54c	2	89195892	90282538	156	-0.7177
4de7d80e-375e-455e-991d-c66afb9ef54c	2	90309328	105767676	6096	0.0051
4de7d80e-375e-455e-991d-c66afb9ef54c	2	105768041	105774881	9	-1.0281
4de7d80e-375e-455e-991d-c66afb9ef54c	2	105775456	109004793	2072	-0.0084
4de7d80e-375e-455e-991d-c66afb9ef54c	2	109006879	109007812	2	-2.3981
4de7d80e-375e-455e-991d-c66afb9ef54c	2	109010194	117895705	4785	0.0026
4de7d80e-375e-455e-991d-c66afb9ef54c	2	117904854	117910053	6	-0.997
4de7d80e-375e-455e-991d-c66afb9ef54c	2	117914471	125817789	5100	0.0084
4de7d80e-375e-455e-991d-c66afb9ef54c	2	125821096	126419982	331	-0.9436
4de7d80e-375e-455e-991d-c66afb9ef54c	2	126420502	146107675	11932	0.0063
4de7d80e-375e-455e-991d-c66afb9ef54c	2	146107759	146109366	15	0.8891
4de7d80e-375e-455e-991d-c66afb9ef54c	2	146120238	183929673	23272	0.0084
4de7d80e-375e-455e-991d-c66afb9ef54c	2	183929787	183937714	16	-0.8937
4de7d80e-375e-455e-991d-c66afb9ef54c	2	183943862	185518828	963	0.0081
4de7d80e-375e-455e-991d-c66afb9ef54c	2	185519272	185526775	2	-1.9572
4de7d80e-375e-455e-991d-c66afb9ef54c	2	185529879	207490231	12694	-0.003
4de7d80e-375e-455e-991d-c66afb9ef54c	2	207490454	207494612	16	-1.0358
4de7d80e-375e-455e-991d-c66afb9ef54c	2	207494752	228892290	13863	0.0123
4de7d80e-375e-455e-991d-c66afb9ef54c	2	228894763	228895197	8	-1.3702
4de7d80e-375e-455e-991d-c66afb9ef54c	2	228895367	242147305	8195	0.0014
4de7d80e-375e-455e-991d-c66afb9ef54c	3	20930	6175283	5417	0.0149
4de7d80e-375e-455e-991d-c66afb9ef54c	3	6175287	6198573	54	-0.925
4de7d80e-375e-455e-991d-c66afb9ef54c	3	6200680	75519398	47221	0.0047
4de7d80e-375e-455e-991d-c66afb9ef54c	3	75523398	75537654	6	-1.7898
4de7d80e-375e-455e-991d-c66afb9ef54c	3	75546030	89777306	7926	0.0045
4de7d80e-375e-455e-991d-c66afb9ef54c	3	89780654	89783189	2	-2.3648
4de7d80e-375e-455e-991d-c66afb9ef54c	3	89792404	125950205	19381	0.0047
4de7d80e-375e-455e-991d-c66afb9ef54c	3	125954540	125957120	3	-2.4961
4de7d80e-375e-455e-991d-c66afb9ef54c	3	125961657	130067531	2392	0.0035
4de7d80e-375e-455e-991d-c66afb9ef54c	3	130067896	130079892	23	0.566
4de7d80e-375e-455e-991d-c66afb9ef54c	3	130079938	130133020	25	-0.1314
4de7d80e-375e-455e-991d-c66afb9ef54c	3	130137637	130137903	2	-2.4305
4de7d80e-375e-455e-991d-c66afb9ef54c	3	130141782	162794951	20237	0.004
4de7d80e-375e-455e-991d-c66afb9ef54c	3	162795304	162908207	68	0.3723
4de7d80e-375e-455e-991d-c66afb9ef54c	3	162908784	193160173	19154	0.0048
4de7d80e-375e-455e-991d-c66afb9ef54c	3	193160256	193165114	18	-1.265
4de7d80e-375e-455e-991d-c66afb9ef54c	3	193168646	198169247	2692	-0.0017
4de7d80e-375e-455e-991d-c66afb9ef54c	4	68929	9462813	5152	-0.0063
4de7d80e-375e-455e-991d-c66afb9ef54c	4	9463248	9477560	3	-1.524
4de7d80e-375e-455e-991d-c66afb9ef54c	4	9477699	10208766	540	-0.0118
4de7d80e-375e-455e-991d-c66afb9ef54c	4	10212536	10232642	31	-2.4005
4de7d80e-375e-455e-991d-c66afb9ef54c	4	10232984	10233644	5	-0.9582
4de7d80e-375e-455e-991d-c66afb9ef54c	4	10234518	21367070	8201	0.0038
4de7d80e-375e-455e-991d-c66afb9ef54c	4	21370380	21375228	15	-0.9927
4de7d80e-375e-455e-991d-c66afb9ef54c	4	21382117	68472744	28229	0.0063
4de7d80e-375e-455e-991d-c66afb9ef54c	4	68472846	68686026	78	-0.4613
4de7d80e-375e-455e-991d-c66afb9ef54c	4	68725894	114254188	27666	0.005
4de7d80e-375e-455e-991d-c66afb9ef54c	4	114254202	114261019	21	0.7453
4de7d80e-375e-455e-991d-c66afb9ef54c	4	114263073	135153746	12107	-0.0036
4de7d80e-375e-455e-991d-c66afb9ef54c	4	135154278	135159686	2	-3.1185
4de7d80e-375e-455e-991d-c66afb9ef54c	4	135161225	137171266	1124	0.0045
4de7d80e-375e-455e-991d-c66afb9ef54c	4	137171362	137173804	13	-0.764
4de7d80e-375e-455e-991d-c66afb9ef54c	4	137173818	155672936	11289	0.0072
4de7d80e-375e-455e-991d-c66afb9ef54c	4	155673078	155676843	15	-2.8451
4de7d80e-375e-455e-991d-c66afb9ef54c	4	155680783	158958731	2081	0.013
4de7d80e-375e-455e-991d-c66afb9ef54c	4	158958854	158959712	2	-2.3424
4de7d80e-375e-455e-991d-c66afb9ef54c	4	158964239	171448195	7994	0.0011
4de7d80e-375e-455e-991d-c66afb9ef54c	4	171453733	171456137	7	1.1481
4de7d80e-375e-455e-991d-c66afb9ef54c	4	171456293	190106768	12484	0.0081
4de7d80e-375e-455e-991d-c66afb9ef54c	5	15532	676771	303	-0.0415
4de7d80e-375e-455e-991d-c66afb9ef54c	5	681187	817877	37	0.6032
4de7d80e-375e-455e-991d-c66afb9ef54c	5	818426	17828029	13179	0.0025
4de7d80e-375e-455e-991d-c66afb9ef54c	5	17828744	17828760	2	-2.2672
4de7d80e-375e-455e-991d-c66afb9ef54c	5	17829678	21370455	2132	0.0107
4de7d80e-375e-455e-991d-c66afb9ef54c	5	21370468	21377744	4	-1.4836
4de7d80e-375e-455e-991d-c66afb9ef54c	5	21385957	58025819	20069	0.0065
4de7d80e-375e-455e-991d-c66afb9ef54c	5	58030200	58037706	32	1.5905
4de7d80e-375e-455e-991d-c66afb9ef54c	5	58042530	140839137	50022	0.0071
4de7d80e-375e-455e-991d-c66afb9ef54c	5	140844251	140864171	12	-2.017
4de7d80e-375e-455e-991d-c66afb9ef54c	5	140872578	177771448	25017	0.001
4de7d80e-375e-455e-991d-c66afb9ef54c	5	177800550	177805604	3	1.9672
4de7d80e-375e-455e-991d-c66afb9ef54c	5	177827964	181363319	1984	-0.0067
4de7d80e-375e-455e-991d-c66afb9ef54c	6	149661	253861	99	-0.0824
4de7d80e-375e-455e-991d-c66afb9ef54c	6	254267	373453	95	0.2467
4de7d80e-375e-455e-991d-c66afb9ef54c	6	375277	15811027	12122	0.0091
4de7d80e-375e-455e-991d-c66afb9ef54c	6	15813727	15817397	2	-1.7975
4de7d80e-375e-455e-991d-c66afb9ef54c	6	15817647	30095591	9452	0.0063
4de7d80e-375e-455e-991d-c66afb9ef54c	6	30096785	30097639	4	-1.4743
4de7d80e-375e-455e-991d-c66afb9ef54c	6	30097798	30780025	235	0.0035
4de7d80e-375e-455e-991d-c66afb9ef54c	6	30786763	30792248	4	-1.2557
4de7d80e-375e-455e-991d-c66afb9ef54c	6	30795514	30796643	6	-0.0063
4de7d80e-375e-455e-991d-c66afb9ef54c	6	30797802	30799168	4	-1.3875
4de7d80e-375e-455e-991d-c66afb9ef54c	6	30799761	32523527	814	0.0088
4de7d80e-375e-455e-991d-c66afb9ef54c	6	32525068	32602588	20	-0.6467
4de7d80e-375e-455e-991d-c66afb9ef54c	6	32605994	51801606	12068	0.0099
4de7d80e-375e-455e-991d-c66afb9ef54c	6	51803114	51804519	2	-3.239
4de7d80e-375e-455e-991d-c66afb9ef54c	6	51804764	54066286	1652	0.0007
4de7d80e-375e-455e-991d-c66afb9ef54c	6	54066353	54067057	7	0.9565
4de7d80e-375e-455e-991d-c66afb9ef54c	6	54070550	76726815	12162	0.0017
4de7d80e-375e-455e-991d-c66afb9ef54c	6	76730151	76743040	21	-0.708
4de7d80e-375e-455e-991d-c66afb9ef54c	6	76751356	78262064	981	-0.0045
4de7d80e-375e-455e-991d-c66afb9ef54c	6	78262085	78329517	109	0.4457
4de7d80e-375e-455e-991d-c66afb9ef54c	6	78331916	92866148	9226	-0.0023
4de7d80e-375e-455e-991d-c66afb9ef54c	6	92866163	92868912	30	-1.0294
4de7d80e-375e-455e-991d-c66afb9ef54c	6	92873205	151980558	37231	0.0066
4de7d80e-375e-455e-991d-c66afb9ef54c	6	151983097	152007829	26	-0.6139
4de7d80e-375e-455e-991d-c66afb9ef54c	6	152008302	170741917	13119	0.0018
4de7d80e-375e-455e-991d-c66afb9ef54c	7	43355	35901856	25559	0.0038
4de7d80e-375e-455e-991d-c66afb9ef54c	7	35906411	35969958	22	0.884
4de7d80e-375e-455e-991d-c66afb9ef54c	7	35975281	71571448	19435	0.0016
4de7d80e-375e-455e-991d-c66afb9ef54c	7	71572322	71820815	170	0.5871
4de7d80e-375e-455e-991d-c66afb9ef54c	7	71823976	76532105	1549	-0.0042
4de7d80e-375e-455e-991d-c66afb9ef54c	7	76550397	77080295	160	0.5019
4de7d80e-375e-455e-991d-c66afb9ef54c	7	77082598	80034740	2059	0.0011
4de7d80e-375e-455e-991d-c66afb9ef54c	7	80036501	80036704	2	-2.8133
4de7d80e-375e-455e-991d-c66afb9ef54c	7	80037439	118812772	23462	0.0036
4de7d80e-375e-455e-991d-c66afb9ef54c	7	118813372	118849370	27	-0.4306
4de7d80e-375e-455e-991d-c66afb9ef54c	7	118849994	126405597	4500	0.0048
4de7d80e-375e-455e-991d-c66afb9ef54c	7	126405632	126406561	9	-1.2801
4de7d80e-375e-455e-991d-c66afb9ef54c	7	126406822	134114401	4731	0.0034
4de7d80e-375e-455e-991d-c66afb9ef54c	7	134114444	134121491	2	-2.5043
4de7d80e-375e-455e-991d-c66afb9ef54c	7	134124039	144199159	6423	0.0098
4de7d80e-375e-455e-991d-c66afb9ef54c	7	144207186	144312471	11	-0.8053
4de7d80e-375e-455e-991d-c66afb9ef54c	7	144326306	152876850	5083	0.0028
4de7d80e-375e-455e-991d-c66afb9ef54c	7	152881778	152882902	2	-2.5787
4de7d80e-375e-455e-991d-c66afb9ef54c	7	152889438	159334314	4557	-0.0056
4de7d80e-375e-455e-991d-c66afb9ef54c	8	81254	12385031	11041	0.0046
4de7d80e-375e-455e-991d-c66afb9ef54c	8	12387683	12389977	7	-2.2207
4de7d80e-375e-455e-991d-c66afb9ef54c	8	12418301	13741592	1039	0.0004
4de7d80e-375e-455e-991d-c66afb9ef54c	8	13741668	13752181	27	-0.8259
4de7d80e-375e-455e-991d-c66afb9ef54c	8	13752255	15583077	1705	0.0034
4de7d80e-375e-455e-991d-c66afb9ef54c	8	15583374	15583701	2	-1.5083
4de7d80e-375e-455e-991d-c66afb9ef54c	8	15583908	16339682	706	-0.0017
4de7d80e-375e-455e-991d-c66afb9ef54c	8	16349445	16349614	8	-1.607
4de7d80e-375e-455e-991d-c66afb9ef54c	8	16354575	24287495	6277	0.0079
4de7d80e-375e-455e-991d-c66afb9ef54c	8	24287917	24293553	3	-2.4363
4de7d80e-375e-455e-991d-c66afb9ef54c	8	24293995	25114672	647	0.0064
4de7d80e-375e-455e-991d-c66afb9ef54c	8	25116928	25133589	28	-0.3535
4de7d80e-375e-455e-991d-c66afb9ef54c	8	25133612	32821348	5428	0.005
4de7d80e-375e-455e-991d-c66afb9ef54c	8	32825580	32828250	4	1.2068
4de7d80e-375e-455e-991d-c66afb9ef54c	8	32829101	32830895	4	3.1977
4de7d80e-375e-455e-991d-c66afb9ef54c	8	32834588	111282237	45615	0.0041
4de7d80e-375e-455e-991d-c66afb9ef54c	8	111282417	111283031	7	1.2778
4de7d80e-375e-455e-991d-c66afb9ef54c	8	111288052	114619207	1821	0.0065
4de7d80e-375e-455e-991d-c66afb9ef54c	8	114619814	114629502	36	-0.6103
4de7d80e-375e-455e-991d-c66afb9ef54c	8	114638468	119139771	3109	0.0085
4de7d80e-375e-455e-991d-c66afb9ef54c	8	119142545	119147207	4	-2.7322
4de7d80e-375e-455e-991d-c66afb9ef54c	8	119150615	129701335	7325	0.006
4de7d80e-375e-455e-991d-c66afb9ef54c	8	129701909	129708400	2	-1.9191
4de7d80e-375e-455e-991d-c66afb9ef54c	8	129708630	145072769	10614	0.0027
4de7d80e-375e-455e-991d-c66afb9ef54c	9	46587	41451846	31231	0.0069
4de7d80e-375e-455e-991d-c66afb9ef54c	9	41473331	61633080	154	0.3591
4de7d80e-375e-455e-991d-c66afb9ef54c	9	61647899	63580418	39	-0.0428
4de7d80e-375e-455e-991d-c66afb9ef54c	9	63590317	63592813	7	1.1855
4de7d80e-375e-455e-991d-c66afb9ef54c	9	63614182	64498256	52	0.0011
4de7d80e-375e-455e-991d-c66afb9ef54c	9	64503104	64507211	5	-1.3216
4de7d80e-375e-455e-991d-c66afb9ef54c	9	64510407	103804216	24860	0.0085
4de7d80e-375e-455e-991d-c66afb9ef54c	9	103806415	103807009	2	-3.1138
4de7d80e-375e-455e-991d-c66afb9ef54c	9	103808421	104599429	628	0.0293
4de7d80e-375e-455e-991d-c66afb9ef54c	9	104601552	104604239	26	-0.7334
4de7d80e-375e-455e-991d-c66afb9ef54c	9	104607598	138200944	22440	0.0112
4de7d80e-375e-455e-991d-c66afb9ef54c	10	45792	4160105	3487	-0.0091
4de7d80e-375e-455e-991d-c66afb9ef54c	10	4160326	4161388	2	-1.9143
4de7d80e-375e-455e-991d-c66afb9ef54c	10	4161483	6612167	2155	-0.0008
4de7d80e-375e-455e-991d-c66afb9ef54c	10	6615813	6622192	23	-0.9263
4de7d80e-375e-455e-991d-c66afb9ef54c	10	6622355	133654968	84934	0.0031
4de7d80e-375e-455e-991d-c66afb9ef54c	11	198510	107783784	67164	0.0021
4de7d80e-375e-455e-991d-c66afb9ef54c	11	107787327	107788298	2	-2.64
4de7d80e-375e-455e-991d-c66afb9ef54c	11	107788514	109124087	769	-0.0029
4de7d80e-375e-455e-991d-c66afb9ef54c	11	109126820	109127235	2	-1.7254
4de7d80e-375e-455e-991d-c66afb9ef54c	11	109127412	132005748	16482	0.0017
4de7d80e-375e-455e-991d-c66afb9ef54c	11	132011007	132011769	2	-1.742
4de7d80e-375e-455e-991d-c66afb9ef54c	11	132011876	135074876	2342	-0.0159
4de7d80e-375e-455e-991d-c66afb9ef54c	12	51460	9477960	6169	-0.0026
4de7d80e-375e-455e-991d-c66afb9ef54c	12	9481274	9575696	24	-1.4958
4de7d80e-375e-455e-991d-c66afb9ef54c	12	9582373	10524650	673	0.0109
4de7d80e-375e-455e-991d-c66afb9ef54c	12	10525439	10525485	2	-1.4918
4de7d80e-375e-455e-991d-c66afb9ef54c	12	10526261	11068125	362	-0.0041
4de7d80e-375e-455e-991d-c66afb9ef54c	12	11070111	11088933	9	-1.1509
4de7d80e-375e-455e-991d-c66afb9ef54c	12	11099275	133201603	77541	0.003
4de7d80e-375e-455e-991d-c66afb9ef54c	13	18452809	19547319	531	-0.0035
4de7d80e-375e-455e-991d-c66afb9ef54c	13	19549755	19549770	2	-2.0267
4de7d80e-375e-455e-991d-c66afb9ef54c	13	19550361	23055048	2319	0.0131
4de7d80e-375e-455e-991d-c66afb9ef54c	13	23055071	23059362	12	-0.681
4de7d80e-375e-455e-991d-c66afb9ef54c	13	23059376	31958485	6689	0.0052
4de7d80e-375e-455e-991d-c66afb9ef54c	13	31958590	31963957	15	-1.0087
4de7d80e-375e-455e-991d-c66afb9ef54c	13	31964271	39109335	5062	0.0091
4de7d80e-375e-455e-991d-c66afb9ef54c	13	39114363	39117923	2	-1.86
4de7d80e-375e-455e-991d-c66afb9ef54c	13	39120476	57176962	11367	0.0053
4de7d80e-375e-455e-991d-c66afb9ef54c	13	57184136	57204246	34	-2.3311
4de7d80e-375e-455e-991d-c66afb9ef54c	13	57215580	75535400	11654	0.0031
4de7d80e-375e-455e-991d-c66afb9ef54c	13	75538564	75546492	11	0.9778
4de7d80e-375e-455e-991d-c66afb9ef54c	13	75548001	114342922	26386	0.0022
4de7d80e-375e-455e-991d-c66afb9ef54c	14	18239283	19785633	85	-0.0304
4de7d80e-375e-455e-991d-c66afb9ef54c	14	19791791	19939483	71	-0.4045
4de7d80e-375e-455e-991d-c66afb9ef54c	14	19944641	33189957	8440	0.0031
4de7d80e-375e-455e-991d-c66afb9ef54c	14	33190636	33194278	2	-1.6204
4de7d80e-375e-455e-991d-c66afb9ef54c	14	33194796	35025509	1365	-0.0067
4de7d80e-375e-455e-991d-c66afb9ef54c	14	35030113	35034120	2	-1.7314
4de7d80e-375e-455e-991d-c66afb9ef54c	14	35035384	44190740	5633	0.0088
4de7d80e-375e-455e-991d-c66afb9ef54c	14	44198131	44198554	3	-1.9106
4de7d80e-375e-455e-991d-c66afb9ef54c	14	44198561	106321086	39475	0.0036
4de7d80e-375e-455e-991d-c66afb9ef54c	14	106340102	106364815	10	-1.1236
4de7d80e-375e-455e-991d-c66afb9ef54c	14	106365807	106877229	271	-0.0041
4de7d80e-375e-455e-991d-c66afb9ef54c	15	19811075	20001686	45	0.092
4de7d80e-375e-455e-991d-c66afb9ef54c	15	20011702	20056983	5	-1.6174
4de7d80e-375e-455e-991d-c66afb9ef54c	15	20059033	20367363	28	-0.0321
4de7d80e-375e-455e-991d-c66afb9ef54c	15	20368091	22622986	142	0.2544
4de7d80e-375e-455e-991d-c66afb9ef54c	15	22624663	54481088	19644	0.0002
4de7d80e-375e-455e-991d-c66afb9ef54c	15	54481791	54481878	2	-2.0114
4de7d80e-375e-455e-991d-c66afb9ef54c	15	54482218	101928837	31642	0.0012
4de7d80e-375e-455e-991d-c66afb9ef54c	16	10777	90096867	51819	-0.0008
4de7d80e-375e-455e-991d-c66afb9ef54c	17	150733	15761790	10036	0.0009
4de7d80e-375e-455e-991d-c66afb9ef54c	17	15769632	15792104	13	-0.7344
4de7d80e-375e-455e-991d-c66afb9ef54c	17	15799999	16750987	423	0.0068
4de7d80e-375e-455e-991d-c66afb9ef54c	17	16754017	16819487	10	-0.7704
4de7d80e-375e-455e-991d-c66afb9ef54c	17	16834846	18452078	909	0.0097
4de7d80e-375e-455e-991d-c66afb9ef54c	17	18455632	18509244	16	1.0094
4de7d80e-375e-455e-991d-c66afb9ef54c	17	18523147	20772749	888	0.0099
4de7d80e-375e-455e-991d-c66afb9ef54c	17	20776563	20776621	2	-2.3271
4de7d80e-375e-455e-991d-c66afb9ef54c	17	20784411	36109735	5951	-0.0038
4de7d80e-375e-455e-991d-c66afb9ef54c	17	36112585	36157718	34	0.9942
4de7d80e-375e-455e-991d-c66afb9ef54c	17	36200725	46068323	5027	-0.0062
4de7d80e-375e-455e-991d-c66afb9ef54c	17	46071054	46286804	137	-0.2696
4de7d80e-375e-455e-991d-c66afb9ef54c	17	46323701	83091923	21558	0.0046
4de7d80e-375e-455e-991d-c66afb9ef54c	18	48133	65535759	39889	0.0042
4de7d80e-375e-455e-991d-c66afb9ef54c	18	65535772	65537481	15	-0.8576
4de7d80e-375e-455e-991d-c66afb9ef54c	18	65540037	80257174	10791	0.0018
4de7d80e-375e-455e-991d-c66afb9ef54c	19	90910	35358420	16699	0.0035
4de7d80e-375e-455e-991d-c66afb9ef54c	19	35364451	35370946	21	-0.6261
4de7d80e-375e-455e-991d-c66afb9ef54c	19	35375842	50049216	7162	-0.0047
4de7d80e-375e-455e-991d-c66afb9ef54c	19	50049637	50055880	4	-1.6658
4de7d80e-375e-455e-991d-c66afb9ef54c	19	50060009	51639099	864	-0.0117
4de7d80e-375e-455e-991d-c66afb9ef54c	19	51639362	51644944	10	0.8525
4de7d80e-375e-455e-991d-c66afb9ef54c	19	51651652	56601735	3115	-0.0044
4de7d80e-375e-455e-991d-c66afb9ef54c	19	56602385	56607523	6	-1.6399
4de7d80e-375e-455e-991d-c66afb9ef54c	19	56608066	58586487	1214	-0.014
4de7d80e-375e-455e-991d-c66afb9ef54c	20	80664	1580353	1204	-0.0048
4de7d80e-375e-455e-991d-c66afb9ef54c	20	1580934	1601446	35	1.0089
4de7d80e-375e-455e-991d-c66afb9ef54c	20	1601561	14812166	9920	0.0062
4de7d80e-375e-455e-991d-c66afb9ef54c	20	14812188	14812192	2	-1.966
4de7d80e-375e-455e-991d-c66afb9ef54c	20	14812769	45547937	17666	0.0041
4de7d80e-375e-455e-991d-c66afb9ef54c	20	45548469	45549500	6	-1.1895
4de7d80e-375e-455e-991d-c66afb9ef54c	20	45549540	52066076	4569	0.0123
4de7d80e-375e-455e-991d-c66afb9ef54c	20	52067371	52079310	12	0.6647
4de7d80e-375e-455e-991d-c66afb9ef54c	20	52082504	64324800	8943	0.0061
4de7d80e-375e-455e-991d-c66afb9ef54c	21	10354168	46677045	23847	0.002
4de7d80e-375e-455e-991d-c66afb9ef54c	22	15294547	20601876	2172	0.0039
4de7d80e-375e-455e-991d-c66afb9ef54c	22	20604014	20605404	2	-2.1142
4de7d80e-375e-455e-991d-c66afb9ef54c	22	20606366	22398127	1284	-0.0258
4de7d80e-375e-455e-991d-c66afb9ef54c	22	22398345	22402989	5	-1.9288
4de7d80e-375e-455e-991d-c66afb9ef54c	22	22415587	25260283	1748	-0.0062
4de7d80e-375e-455e-991d-c66afb9ef54c	22	25262594	25340378	53	0.3537
4de7d80e-375e-455e-991d-c66afb9ef54c	22	25340705	25340711	6	-0.3486
4de7d80e-375e-455e-991d-c66afb9ef54c	22	25349934	25522742	230	0.5274
4de7d80e-375e-455e-991d-c66afb9ef54c	22	25526375	29556739	3282	0.001
4de7d80e-375e-455e-991d-c66afb9ef54c	22	29559918	29560896	2	-2.2465
4de7d80e-375e-455e-991d-c66afb9ef54c	22	29561332	42501276	8357	0.0008
4de7d80e-375e-455e-991d-c66afb9ef54c	22	42503434	42546956	22	0.9784
4de7d80e-375e-455e-991d-c66afb9ef54c	22	42547636	44734586	1630	-0.0057
4de7d80e-375e-455e-991d-c66afb9ef54c	22	44737460	44740755	4	-1.8288
4de7d80e-375e-455e-991d-c66afb9ef54c	22	44741026	50796027	4460	-0.0017
4de7d80e-375e-455e-991d-c66afb9ef54c	X	251810	155952689	83543	0.0047
4de7d80e-375e-455e-991d-c66afb9ef54c	Y	2782397	6233355	783	-2.7314
4de7d80e-375e-455e-991d-c66afb9ef54c	Y	6233384	25169825	5678	-3.2086
4de7d80e-375e-455e-991d-c66afb9ef54c	Y	25472063	56872112	179	-2.8298
