GDC_Aliquot	Chromosome	Start	End	Num_Probes	Segment_Mean
66f082e4-7673-44d0-8658-c60bf0fc15d7	1	62920	16570326	8512	-0.0918
66f082e4-7673-44d0-8658-c60bf0fc15d7	1	16583114	16973488	121	-0.4589
66f082e4-7673-44d0-8658-c60bf0fc15d7	1	16973678	72303233	33477	-0.0761
66f082e4-7673-44d0-8658-c60bf0fc15d7	1	72303253	72345465	45	1.5873
66f082e4-7673-44d0-8658-c60bf0fc15d7	1	72346221	105476688	20712	-0.057
66f082e4-7673-44d0-8658-c60bf0fc15d7	1	105476748	105479753	14	-2.4486
66f082e4-7673-44d0-8658-c60bf0fc15d7	1	105481433	109690352	2609	-0.0548
66f082e4-7673-44d0-8658-c60bf0fc15d7	1	109690415	109697556	12	-2.0056
66f082e4-7673-44d0-8658-c60bf0fc15d7	1	109702376	112147704	1915	-0.0759
66f082e4-7673-44d0-8658-c60bf0fc15d7	1	112153343	112154768	25	-1.8859
66f082e4-7673-44d0-8658-c60bf0fc15d7	1	112163334	162425380	13560	-0.0727
66f082e4-7673-44d0-8658-c60bf0fc15d7	1	162428272	162474579	26	-0.6481
66f082e4-7673-44d0-8658-c60bf0fc15d7	1	162475526	174827267	8706	-0.0623
66f082e4-7673-44d0-8658-c60bf0fc15d7	1	174827418	174832716	17	-0.9974
66f082e4-7673-44d0-8658-c60bf0fc15d7	1	174832734	196745743	14460	-0.0561
66f082e4-7673-44d0-8658-c60bf0fc15d7	1	196758720	196843400	60	0.4646
66f082e4-7673-44d0-8658-c60bf0fc15d7	1	196846661	248930189	35237	-0.0687
66f082e4-7673-44d0-8658-c60bf0fc15d7	2	12784	10943341	8299	-0.0603
66f082e4-7673-44d0-8658-c60bf0fc15d7	2	10943470	10943846	2	-4
66f082e4-7673-44d0-8658-c60bf0fc15d7	2	10944453	207490188	117334	-0.055
66f082e4-7673-44d0-8658-c60bf0fc15d7	2	207490231	207494301	14	-1.1728
66f082e4-7673-44d0-8658-c60bf0fc15d7	2	207494425	242147305	21768	-0.0696
66f082e4-7673-44d0-8658-c60bf0fc15d7	3	20930	100461	68	-0.1083
66f082e4-7673-44d0-8658-c60bf0fc15d7	3	100502	2780466	2303	0.0454
66f082e4-7673-44d0-8658-c60bf0fc15d7	3	2781392	59755649	37363	-0.0573
66f082e4-7673-44d0-8658-c60bf0fc15d7	3	59755723	61060540	1446	0.0471
66f082e4-7673-44d0-8658-c60bf0fc15d7	3	61060662	129967591	40058	-0.0579
66f082e4-7673-44d0-8658-c60bf0fc15d7	3	129967983	129969105	4	-2.6815
66f082e4-7673-44d0-8658-c60bf0fc15d7	3	129971349	157634303	16971	-0.0526
66f082e4-7673-44d0-8658-c60bf0fc15d7	3	157634321	157638468	3	-2.0887
66f082e4-7673-44d0-8658-c60bf0fc15d7	3	157643508	162790480	3093	-0.047
66f082e4-7673-44d0-8658-c60bf0fc15d7	3	162794869	162906109	68	0.4558
66f082e4-7673-44d0-8658-c60bf0fc15d7	3	162908192	181428147	11185	-0.0339
66f082e4-7673-44d0-8658-c60bf0fc15d7	3	181428263	196962207	9804	-0.0745
66f082e4-7673-44d0-8658-c60bf0fc15d7	3	196974631	198169247	594	-0.0158
66f082e4-7673-44d0-8658-c60bf0fc15d7	4	68929	10208766	5607	-0.079
66f082e4-7673-44d0-8658-c60bf0fc15d7	4	10221792	10228006	15	1.8964
66f082e4-7673-44d0-8658-c60bf0fc15d7	4	10228296	10389091	186	-0.007
66f082e4-7673-44d0-8658-c60bf0fc15d7	4	10390730	10401094	17	-0.7648
66f082e4-7673-44d0-8658-c60bf0fc15d7	4	10401122	25057292	10535	-0.0515
66f082e4-7673-44d0-8658-c60bf0fc15d7	4	25057368	25057412	2	-3.8356
66f082e4-7673-44d0-8658-c60bf0fc15d7	4	25057730	130120778	62000	-0.0509
66f082e4-7673-44d0-8658-c60bf0fc15d7	4	130121002	130133076	2	-4.4492
66f082e4-7673-44d0-8658-c60bf0fc15d7	4	130137041	154881396	14452	-0.0523
66f082e4-7673-44d0-8658-c60bf0fc15d7	4	154881853	154881905	2	-2.5868
66f082e4-7673-44d0-8658-c60bf0fc15d7	4	154881926	171448195	10468	-0.0437
66f082e4-7673-44d0-8658-c60bf0fc15d7	4	171453733	171456625	11	2.3113
66f082e4-7673-44d0-8658-c60bf0fc15d7	4	171459220	172066777	391	-0.0172
66f082e4-7673-44d0-8658-c60bf0fc15d7	4	172067997	172068382	12	-2.1026
66f082e4-7673-44d0-8658-c60bf0fc15d7	4	172074828	190106768	11883	-0.0354
66f082e4-7673-44d0-8658-c60bf0fc15d7	5	15532	5411416	4090	-0.071
66f082e4-7673-44d0-8658-c60bf0fc15d7	5	5414687	5414722	2	-3.009
66f082e4-7673-44d0-8658-c60bf0fc15d7	5	5414826	58025819	31133	-0.0485
66f082e4-7673-44d0-8658-c60bf0fc15d7	5	58030200	58037688	30	1.7304
66f082e4-7673-44d0-8658-c60bf0fc15d7	5	58042530	97707329	22604	-0.0577
66f082e4-7673-44d0-8658-c60bf0fc15d7	5	97707887	97835111	81	0.2688
66f082e4-7673-44d0-8658-c60bf0fc15d7	5	97837936	99141104	732	-0.0577
66f082e4-7673-44d0-8658-c60bf0fc15d7	5	99143476	100730210	885	0.066
66f082e4-7673-44d0-8658-c60bf0fc15d7	5	100732364	147393723	29276	-0.0506
66f082e4-7673-44d0-8658-c60bf0fc15d7	5	147395814	147396287	3	-4.1855
66f082e4-7673-44d0-8658-c60bf0fc15d7	5	147396686	177959278	20483	-0.0656
66f082e4-7673-44d0-8658-c60bf0fc15d7	5	177959312	177963074	2	-3.0196
66f082e4-7673-44d0-8658-c60bf0fc15d7	5	177963270	181363319	1933	-0.097
66f082e4-7673-44d0-8658-c60bf0fc15d7	6	149661	257353	100	0.0159
66f082e4-7673-44d0-8658-c60bf0fc15d7	6	258265	381149	100	0.4916
66f082e4-7673-44d0-8658-c60bf0fc15d7	6	382559	78253172	48853	-0.0645
66f082e4-7673-44d0-8658-c60bf0fc15d7	6	78259348	78325468	109	-0.5273
66f082e4-7673-44d0-8658-c60bf0fc15d7	6	78329517	103286954	15278	-0.0447
66f082e4-7673-44d0-8658-c60bf0fc15d7	6	103290101	103314186	45	0.7373
66f082e4-7673-44d0-8658-c60bf0fc15d7	6	103317795	167931821	41693	-0.0615
66f082e4-7673-44d0-8658-c60bf0fc15d7	6	167934598	168195239	176	0.4941
66f082e4-7673-44d0-8658-c60bf0fc15d7	6	168196562	170741917	1657	-0.0734
66f082e4-7673-44d0-8658-c60bf0fc15d7	7	43355	8249485	4576	0.4314
66f082e4-7673-44d0-8658-c60bf0fc15d7	7	8254281	11283396	2347	0.5124
66f082e4-7673-44d0-8658-c60bf0fc15d7	7	11283409	16556132	4291	0.457
66f082e4-7673-44d0-8658-c60bf0fc15d7	7	16557026	16557233	3	-1.8796
66f082e4-7673-44d0-8658-c60bf0fc15d7	7	16557815	54305455	26864	0.4553
66f082e4-7673-44d0-8658-c60bf0fc15d7	7	54318812	54318824	6	-1.5487
66f082e4-7673-44d0-8658-c60bf0fc15d7	7	54325795	56709343	1552	0.4434
66f082e4-7673-44d0-8658-c60bf0fc15d7	7	56712441	62617439	523	0.3312
66f082e4-7673-44d0-8658-c60bf0fc15d7	7	62617754	88480078	13636	0.451
66f082e4-7673-44d0-8658-c60bf0fc15d7	7	88480355	90184663	1127	0.5737
66f082e4-7673-44d0-8658-c60bf0fc15d7	7	90184679	159334314	41972	0.4514
66f082e4-7673-44d0-8658-c60bf0fc15d7	8	81254	6968330	7490	-0.0304
66f082e4-7673-44d0-8658-c60bf0fc15d7	8	6968741	6969664	11	-1.041
66f082e4-7673-44d0-8658-c60bf0fc15d7	8	6969677	7396819	117	-0.1462
66f082e4-7673-44d0-8658-c60bf0fc15d7	8	7397588	7974123	30	-1.3999
66f082e4-7673-44d0-8658-c60bf0fc15d7	8	7981252	8110806	9	-0.0845
66f082e4-7673-44d0-8658-c60bf0fc15d7	8	8120447	8214781	8	-1.2476
66f082e4-7673-44d0-8658-c60bf0fc15d7	8	8234503	12092042	3168	-0.0755
66f082e4-7673-44d0-8658-c60bf0fc15d7	8	12130217	12177488	8	-1.9027
66f082e4-7673-44d0-8658-c60bf0fc15d7	8	12323772	25116961	10307	-0.0564
66f082e4-7673-44d0-8658-c60bf0fc15d7	8	25117007	25126626	21	0.9371
66f082e4-7673-44d0-8658-c60bf0fc15d7	8	25126641	31469533	4295	-0.0764
66f082e4-7673-44d0-8658-c60bf0fc15d7	8	31470103	31476400	4	-1.6345
66f082e4-7673-44d0-8658-c60bf0fc15d7	8	31477744	39368221	4588	-0.0645
66f082e4-7673-44d0-8658-c60bf0fc15d7	8	39368332	39537590	73	0.7281
66f082e4-7673-44d0-8658-c60bf0fc15d7	8	39538338	138662156	60608	-0.0576
66f082e4-7673-44d0-8658-c60bf0fc15d7	8	138662380	138663315	2	-2.8143
66f082e4-7673-44d0-8658-c60bf0fc15d7	8	138663341	145072769	3461	-0.0915
66f082e4-7673-44d0-8658-c60bf0fc15d7	9	46587	9286376	8717	-0.0387
66f082e4-7673-44d0-8658-c60bf0fc15d7	9	9288835	12522807	2764	0.0332
66f082e4-7673-44d0-8658-c60bf0fc15d7	9	12524799	24284643	9237	-0.0616
66f082e4-7673-44d0-8658-c60bf0fc15d7	9	24285444	30754279	4767	-0.0114
66f082e4-7673-44d0-8658-c60bf0fc15d7	9	30757463	61405110	5384	-0.0716
66f082e4-7673-44d0-8658-c60bf0fc15d7	9	61520021	61647899	30	-1.5358
66f082e4-7673-44d0-8658-c60bf0fc15d7	9	61665362	138200944	47371	-0.0657
66f082e4-7673-44d0-8658-c60bf0fc15d7	10	45792	24086334	18852	-0.0734
66f082e4-7673-44d0-8658-c60bf0fc15d7	10	24088745	24088992	10	1.266
66f082e4-7673-44d0-8658-c60bf0fc15d7	10	24089125	54764566	17487	-0.0691
66f082e4-7673-44d0-8658-c60bf0fc15d7	10	54769488	56117357	886	0.0511
66f082e4-7673-44d0-8658-c60bf0fc15d7	10	56118110	56753095	408	-0.0747
66f082e4-7673-44d0-8658-c60bf0fc15d7	10	56756615	56767077	41	-2.3354
66f082e4-7673-44d0-8658-c60bf0fc15d7	10	56772992	133654968	51591	-0.0711
66f082e4-7673-44d0-8658-c60bf0fc15d7	11	198510	4902113	2301	-0.099
66f082e4-7673-44d0-8658-c60bf0fc15d7	11	4903247	4954445	94	0.2302
66f082e4-7673-44d0-8658-c60bf0fc15d7	11	4955027	48340431	30290	-0.0619
66f082e4-7673-44d0-8658-c60bf0fc15d7	11	48341564	54743970	969	0.0161
66f082e4-7673-44d0-8658-c60bf0fc15d7	11	54762035	54766290	3	-1.7982
66f082e4-7673-44d0-8658-c60bf0fc15d7	11	54782119	56312050	765	0.0416
66f082e4-7673-44d0-8658-c60bf0fc15d7	11	56312836	60595364	2548	-0.0579
66f082e4-7673-44d0-8658-c60bf0fc15d7	11	60596488	78166323	8515	-0.1076
66f082e4-7673-44d0-8658-c60bf0fc15d7	11	78167156	135074876	39991	-0.0563
66f082e4-7673-44d0-8658-c60bf0fc15d7	12	51460	9477960	6105	0.4321
66f082e4-7673-44d0-8658-c60bf0fc15d7	12	9481274	9575696	23	1.6612
66f082e4-7673-44d0-8658-c60bf0fc15d7	12	9582373	9582374	2	-1.5606
66f082e4-7673-44d0-8658-c60bf0fc15d7	12	9583090	11062773	1021	0.4443
66f082e4-7673-44d0-8658-c60bf0fc15d7	12	11064250	11088933	12	-1.1224
66f082e4-7673-44d0-8658-c60bf0fc15d7	12	11099275	11358643	131	0.4785
66f082e4-7673-44d0-8658-c60bf0fc15d7	12	11358644	11400172	35	0.9377
66f082e4-7673-44d0-8658-c60bf0fc15d7	12	11400292	33141611	15183	0.433
66f082e4-7673-44d0-8658-c60bf0fc15d7	12	33141653	39222906	1584	0.5118
66f082e4-7673-44d0-8658-c60bf0fc15d7	12	39223408	45505721	3976	0.4345
66f082e4-7673-44d0-8658-c60bf0fc15d7	12	45506042	45515754	5	1.7808
66f082e4-7673-44d0-8658-c60bf0fc15d7	12	45519509	61019142	8860	0.4162
66f082e4-7673-44d0-8658-c60bf0fc15d7	12	61023697	61026960	2	-2.0097
66f082e4-7673-44d0-8658-c60bf0fc15d7	12	61035971	131613371	46371	0.4344
66f082e4-7673-44d0-8658-c60bf0fc15d7	12	131613387	131657925	33	-0.0969
66f082e4-7673-44d0-8658-c60bf0fc15d7	12	131658450	133201603	555	0.4218
66f082e4-7673-44d0-8658-c60bf0fc15d7	13	18452809	113544488	62869	-0.0542
66f082e4-7673-44d0-8658-c60bf0fc15d7	13	113547012	113547055	2	-3.1791
66f082e4-7673-44d0-8658-c60bf0fc15d7	13	113548179	114342922	288	-0.0678
66f082e4-7673-44d0-8658-c60bf0fc15d7	14	18239283	19294475	47	-0.1112
66f082e4-7673-44d0-8658-c60bf0fc15d7	14	19298389	19667065	14	-1.034
66f082e4-7673-44d0-8658-c60bf0fc15d7	14	19669187	21668597	1230	-0.0788
66f082e4-7673-44d0-8658-c60bf0fc15d7	14	21668616	22509094	712	0.1277
66f082e4-7673-44d0-8658-c60bf0fc15d7	14	22509114	28904723	3907	-0.0527
66f082e4-7673-44d0-8658-c60bf0fc15d7	14	28911853	28912214	2	-3.2249
66f082e4-7673-44d0-8658-c60bf0fc15d7	14	28918796	33507711	2898	-0.0709
66f082e4-7673-44d0-8658-c60bf0fc15d7	14	33508306	33508334	2	-2.3719
66f082e4-7673-44d0-8658-c60bf0fc15d7	14	33509018	36676467	1982	-0.0717
66f082e4-7673-44d0-8658-c60bf0fc15d7	14	36676658	49497875	7636	-0.0288
66f082e4-7673-44d0-8658-c60bf0fc15d7	14	49498361	95594408	29730	-0.0757
66f082e4-7673-44d0-8658-c60bf0fc15d7	14	95594432	95595627	2	-3.2415
66f082e4-7673-44d0-8658-c60bf0fc15d7	14	95595686	106416146	6163	-0.0891
66f082e4-7673-44d0-8658-c60bf0fc15d7	14	106418444	106456727	40	-0.6953
66f082e4-7673-44d0-8658-c60bf0fc15d7	14	106458271	106877229	202	-0.0058
66f082e4-7673-44d0-8658-c60bf0fc15d7	15	19811075	24424598	1183	-0.0116
66f082e4-7673-44d0-8658-c60bf0fc15d7	15	24429604	24485848	37	-0.6992
66f082e4-7673-44d0-8658-c60bf0fc15d7	15	24486725	72206948	30066	-0.0709
66f082e4-7673-44d0-8658-c60bf0fc15d7	15	72207294	72216740	5	-2.7432
66f082e4-7673-44d0-8658-c60bf0fc15d7	15	72216797	101928837	19509	-0.0669
66f082e4-7673-44d0-8658-c60bf0fc15d7	16	10777	6065825	3144	-0.1064
66f082e4-7673-44d0-8658-c60bf0fc15d7	16	6065924	8533303	2894	-0.019
66f082e4-7673-44d0-8658-c60bf0fc15d7	16	8533484	32295899	13603	-0.0862
66f082e4-7673-44d0-8658-c60bf0fc15d7	16	32383608	33045427	36	-0.622
66f082e4-7673-44d0-8658-c60bf0fc15d7	16	33340712	55761136	6819	-0.0604
66f082e4-7673-44d0-8658-c60bf0fc15d7	16	55762477	55762682	4	-3.6969
66f082e4-7673-44d0-8658-c60bf0fc15d7	16	55764310	55771496	5	-1.4719
66f082e4-7673-44d0-8658-c60bf0fc15d7	16	55771643	55782734	7	-4.1214
66f082e4-7673-44d0-8658-c60bf0fc15d7	16	55782793	90096352	24499	-0.0755
66f082e4-7673-44d0-8658-c60bf0fc15d7	17	150733	36109139	18054	0.4153
66f082e4-7673-44d0-8658-c60bf0fc15d7	17	36109735	36200725	35	1.6125
66f082e4-7673-44d0-8658-c60bf0fc15d7	17	36208249	41262120	2499	0.4181
66f082e4-7673-44d0-8658-c60bf0fc15d7	17	41265433	41274279	25	-0.7203
66f082e4-7673-44d0-8658-c60bf0fc15d7	17	41276472	46085732	2475	0.4034
66f082e4-7673-44d0-8658-c60bf0fc15d7	17	46088437	46284997	123	0.8626
66f082e4-7673-44d0-8658-c60bf0fc15d7	17	46286804	83091923	21346	0.4273
66f082e4-7673-44d0-8658-c60bf0fc15d7	18	48133	6929284	4858	-0.0379
66f082e4-7673-44d0-8658-c60bf0fc15d7	18	6936252	8087325	865	0.4318
66f082e4-7673-44d0-8658-c60bf0fc15d7	18	8091267	69079626	36229	-0.0498
66f082e4-7673-44d0-8658-c60bf0fc15d7	18	69079640	69086089	27	-0.9564
66f082e4-7673-44d0-8658-c60bf0fc15d7	18	69090459	71335293	1513	-0.055
66f082e4-7673-44d0-8658-c60bf0fc15d7	18	71339986	73719356	1873	0.0551
66f082e4-7673-44d0-8658-c60bf0fc15d7	18	73721007	80257174	4644	-0.0589
66f082e4-7673-44d0-8658-c60bf0fc15d7	19	90910	18500735	7849	-0.1333
66f082e4-7673-44d0-8658-c60bf0fc15d7	19	18501541	18504460	2	-2.6304
66f082e4-7673-44d0-8658-c60bf0fc15d7	19	18505517	19776483	525	-0.1259
66f082e4-7673-44d0-8658-c60bf0fc15d7	19	19776769	35391557	8122	-0.0671
66f082e4-7673-44d0-8658-c60bf0fc15d7	19	35391585	54997337	10046	-0.1178
66f082e4-7673-44d0-8658-c60bf0fc15d7	19	54997939	54998320	2	-3.2428
66f082e4-7673-44d0-8658-c60bf0fc15d7	19	54998497	58586487	2175	-0.1177
66f082e4-7673-44d0-8658-c60bf0fc15d7	20	80664	80941	9	-0.9343
66f082e4-7673-44d0-8658-c60bf0fc15d7	20	81034	1571528	1154	-0.1013
66f082e4-7673-44d0-8658-c60bf0fc15d7	20	1571784	1601561	57	-0.5857
66f082e4-7673-44d0-8658-c60bf0fc15d7	20	1609611	1613247	5	2.2083
66f082e4-7673-44d0-8658-c60bf0fc15d7	20	1617300	32885750	19280	-0.068
66f082e4-7673-44d0-8658-c60bf0fc15d7	20	32886378	32886964	2	-3.6212
66f082e4-7673-44d0-8658-c60bf0fc15d7	20	32888037	51530532	11991	-0.0837
66f082e4-7673-44d0-8658-c60bf0fc15d7	20	51530861	51536359	4	-3.1624
66f082e4-7673-44d0-8658-c60bf0fc15d7	20	51536722	64324800	9188	-0.0675
66f082e4-7673-44d0-8658-c60bf0fc15d7	21	10354168	46677045	23492	-0.0761
66f082e4-7673-44d0-8658-c60bf0fc15d7	22	15294547	50796027	22936	-0.1102
66f082e4-7673-44d0-8658-c60bf0fc15d7	X	251810	3048180	262	-0.0729
66f082e4-7673-44d0-8658-c60bf0fc15d7	X	3048441	3049096	2	-6.1866
66f082e4-7673-44d0-8658-c60bf0fc15d7	X	3049109	8278138	3871	-0.0309
66f082e4-7673-44d0-8658-c60bf0fc15d7	X	8284334	8426212	139	0.9
66f082e4-7673-44d0-8658-c60bf0fc15d7	X	8433360	9067992	422	-0.0555
66f082e4-7673-44d0-8658-c60bf0fc15d7	X	9069394	9072439	6	-2.4567
66f082e4-7673-44d0-8658-c60bf0fc15d7	X	9072513	20725128	7318	-0.0598
66f082e4-7673-44d0-8658-c60bf0fc15d7	X	20725660	85734946	30933	0.0038
66f082e4-7673-44d0-8658-c60bf0fc15d7	X	85735041	85744347	5	-3.416
66f082e4-7673-44d0-8658-c60bf0fc15d7	X	85746555	97843165	6414	0.0228
66f082e4-7673-44d0-8658-c60bf0fc15d7	X	97845108	97847653	3	-4.0508
66f082e4-7673-44d0-8658-c60bf0fc15d7	X	97848076	100197083	1191	0.0091
66f082e4-7673-44d0-8658-c60bf0fc15d7	X	100197890	100198486	3	-4.3077
66f082e4-7673-44d0-8658-c60bf0fc15d7	X	100198796	138489575	20607	-0.0149
66f082e4-7673-44d0-8658-c60bf0fc15d7	X	138489734	138490686	5	-3.1657
66f082e4-7673-44d0-8658-c60bf0fc15d7	X	138490846	155952689	10388	-0.0341
66f082e4-7673-44d0-8658-c60bf0fc15d7	Y	2782397	56872112	6613	-2.5764
