GDC_Aliquot	Chromosome	Start	End	Num_Probes	Segment_Mean
425cd1cc-6877-44c3-b90b-b3027eeb742d	1	62920	15823420	8340	-0.2044
425cd1cc-6877-44c3-b90b-b3027eeb742d	1	15827002	15827430	6	-1.6467
425cd1cc-6877-44c3-b90b-b3027eeb742d	1	15827706	15828515	4	-0.7059
425cd1cc-6877-44c3-b90b-b3027eeb742d	1	15839166	16037445	85	-0.2127
425cd1cc-6877-44c3-b90b-b3027eeb742d	1	16041638	16052836	5	0.3438
425cd1cc-6877-44c3-b90b-b3027eeb742d	1	16052921	16583114	211	-0.1838
425cd1cc-6877-44c3-b90b-b3027eeb742d	1	16604834	16643961	26	-0.6039
425cd1cc-6877-44c3-b90b-b3027eeb742d	1	16679239	20556030	2619	-0.2045
425cd1cc-6877-44c3-b90b-b3027eeb742d	1	20556451	20557029	4	-2.1794
425cd1cc-6877-44c3-b90b-b3027eeb742d	1	20557323	21313491	399	-0.2162
425cd1cc-6877-44c3-b90b-b3027eeb742d	1	21313631	21313902	2	-2.9697
425cd1cc-6877-44c3-b90b-b3027eeb742d	1	21314008	25256850	2317	-0.1947
425cd1cc-6877-44c3-b90b-b3027eeb742d	1	25266637	25320455	24	-1.8294
425cd1cc-6877-44c3-b90b-b3027eeb742d	1	25336819	72284670	28719	-0.1994
425cd1cc-6877-44c3-b90b-b3027eeb742d	1	72290430	72297687	9	-0.8976
425cd1cc-6877-44c3-b90b-b3027eeb742d	1	72302735	72345465	48	1.3397
425cd1cc-6877-44c3-b90b-b3027eeb742d	1	72346221	103621165	20024	-0.1985
425cd1cc-6877-44c3-b90b-b3027eeb742d	1	103697067	103717617	4	1.3905
425cd1cc-6877-44c3-b90b-b3027eeb742d	1	103760781	105470754	918	-0.179
425cd1cc-6877-44c3-b90b-b3027eeb742d	1	105476583	105479753	17	0.7895
425cd1cc-6877-44c3-b90b-b3027eeb742d	1	105481433	109684695	2636	-0.1967
425cd1cc-6877-44c3-b90b-b3027eeb742d	1	109684893	109697556	14	0.7674
425cd1cc-6877-44c3-b90b-b3027eeb742d	1	109702376	112153465	1952	-0.1939
425cd1cc-6877-44c3-b90b-b3027eeb742d	1	112153571	112163440	26	0.2823
425cd1cc-6877-44c3-b90b-b3027eeb742d	1	112163460	121413668	5085	-0.203
425cd1cc-6877-44c3-b90b-b3027eeb742d	1	121426988	149370761	1085	-0.1296
425cd1cc-6877-44c3-b90b-b3027eeb742d	1	149761178	152583291	1432	-0.1926
425cd1cc-6877-44c3-b90b-b3027eeb742d	1	152583319	152613242	27	0.3853
425cd1cc-6877-44c3-b90b-b3027eeb742d	1	152613641	152795006	194	-0.1943
425cd1cc-6877-44c3-b90b-b3027eeb742d	1	152795027	152796224	15	-0.6649
425cd1cc-6877-44c3-b90b-b3027eeb742d	1	152801429	178691099	17326	-0.203
425cd1cc-6877-44c3-b90b-b3027eeb742d	1	178691175	178709088	54	0.0524
425cd1cc-6877-44c3-b90b-b3027eeb742d	1	178709840	187746723	6102	-0.2017
425cd1cc-6877-44c3-b90b-b3027eeb742d	1	187748429	187752238	2	-1.498
425cd1cc-6877-44c3-b90b-b3027eeb742d	1	187755479	189199110	923	-0.2128
425cd1cc-6877-44c3-b90b-b3027eeb742d	1	189203281	189737115	342	-0.1069
425cd1cc-6877-44c3-b90b-b3027eeb742d	1	189737632	193186662	2303	-0.194
425cd1cc-6877-44c3-b90b-b3027eeb742d	1	193187149	193187218	4	1.0986
425cd1cc-6877-44c3-b90b-b3027eeb742d	1	193190593	196486694	2227	-0.1834
425cd1cc-6877-44c3-b90b-b3027eeb742d	1	196493937	196493986	2	-1.6962
425cd1cc-6877-44c3-b90b-b3027eeb742d	1	196494008	196735867	149	-0.1857
425cd1cc-6877-44c3-b90b-b3027eeb742d	1	196735916	196737547	7	0.257
425cd1cc-6877-44c3-b90b-b3027eeb742d	1	196737736	196769652	16	-0.1927
425cd1cc-6877-44c3-b90b-b3027eeb742d	1	196769851	196801565	34	0.2367
425cd1cc-6877-44c3-b90b-b3027eeb742d	1	196802150	196854187	21	-0.4076
425cd1cc-6877-44c3-b90b-b3027eeb742d	1	196854483	196936029	61	-0.9626
425cd1cc-6877-44c3-b90b-b3027eeb742d	1	196940515	209897717	8726	-0.2077
425cd1cc-6877-44c3-b90b-b3027eeb742d	1	209908268	209908720	2	-1.6698
425cd1cc-6877-44c3-b90b-b3027eeb742d	1	209910639	243134955	23293	-0.2075
425cd1cc-6877-44c3-b90b-b3027eeb742d	1	243135116	243189078	20	0.3251
425cd1cc-6877-44c3-b90b-b3027eeb742d	1	243190549	245473108	1500	-0.2088
425cd1cc-6877-44c3-b90b-b3027eeb742d	1	245473737	245483602	11	-1.1959
425cd1cc-6877-44c3-b90b-b3027eeb742d	1	245486349	248593457	2023	-0.1794
425cd1cc-6877-44c3-b90b-b3027eeb742d	1	248595957	248626987	20	-0.6818
425cd1cc-6877-44c3-b90b-b3027eeb742d	1	248631163	248930189	145	-0.1967
425cd1cc-6877-44c3-b90b-b3027eeb742d	2	12784	34295406	23990	0.2971
425cd1cc-6877-44c3-b90b-b3027eeb742d	2	34298911	34300513	2	-2.0005
425cd1cc-6877-44c3-b90b-b3027eeb742d	2	34300900	34466002	95	0.3061
425cd1cc-6877-44c3-b90b-b3027eeb742d	2	34474248	34511990	45	-0.2882
425cd1cc-6877-44c3-b90b-b3027eeb742d	2	34512096	35594378	736	0.3107
425cd1cc-6877-44c3-b90b-b3027eeb742d	2	35597802	35784548	158	0.4466
425cd1cc-6877-44c3-b90b-b3027eeb742d	2	35784875	46497778	8058	0.305
425cd1cc-6877-44c3-b90b-b3027eeb742d	2	46498362	46498377	2	-2.1062
425cd1cc-6877-44c3-b90b-b3027eeb742d	2	46502270	50651874	2767	0.2912
425cd1cc-6877-44c3-b90b-b3027eeb742d	2	50652381	51162940	359	0.4087
425cd1cc-6877-44c3-b90b-b3027eeb742d	2	51166525	52516787	923	0.3146
425cd1cc-6877-44c3-b90b-b3027eeb742d	2	52527330	52554404	40	-0.8275
425cd1cc-6877-44c3-b90b-b3027eeb742d	2	52560811	86901078	21972	0.298
425cd1cc-6877-44c3-b90b-b3027eeb742d	2	86902080	86910262	2	-1.4397
425cd1cc-6877-44c3-b90b-b3027eeb742d	2	86934730	87211079	41	0.1332
425cd1cc-6877-44c3-b90b-b3027eeb742d	2	87218694	87218834	2	-1.4283
425cd1cc-6877-44c3-b90b-b3027eeb742d	2	87221597	88847392	586	0.2922
425cd1cc-6877-44c3-b90b-b3027eeb742d	2	88847407	89251710	152	0.4279
425cd1cc-6877-44c3-b90b-b3027eeb742d	2	89253753	89933871	14	-0.0321
425cd1cc-6877-44c3-b90b-b3027eeb742d	2	89936810	90209658	116	0.4123
425cd1cc-6877-44c3-b90b-b3027eeb742d	2	90209918	97069220	880	0.2641
425cd1cc-6877-44c3-b90b-b3027eeb742d	2	97078611	97093216	6	-1.3842
425cd1cc-6877-44c3-b90b-b3027eeb742d	2	97093946	97350874	58	-0.5509
425cd1cc-6877-44c3-b90b-b3027eeb742d	2	97353176	97359885	9	-1.3344
425cd1cc-6877-44c3-b90b-b3027eeb742d	2	97524284	122719438	15079	0.2971
425cd1cc-6877-44c3-b90b-b3027eeb742d	2	122722323	122724665	8	-1.0308
425cd1cc-6877-44c3-b90b-b3027eeb742d	2	122726077	123293278	416	0.2694
425cd1cc-6877-44c3-b90b-b3027eeb742d	2	123296838	123396873	74	0.4566
425cd1cc-6877-44c3-b90b-b3027eeb742d	2	123397220	124402354	696	0.3155
425cd1cc-6877-44c3-b90b-b3027eeb742d	2	124402938	124467998	36	0.4224
425cd1cc-6877-44c3-b90b-b3027eeb742d	2	124470196	124479306	3	-0.6444
425cd1cc-6877-44c3-b90b-b3027eeb742d	2	124484365	125712297	759	0.3583
425cd1cc-6877-44c3-b90b-b3027eeb742d	2	125712933	130031201	2795	0.2944
425cd1cc-6877-44c3-b90b-b3027eeb742d	2	130036283	130065662	9	1.0965
425cd1cc-6877-44c3-b90b-b3027eeb742d	2	130067885	185859413	33971	0.2925
425cd1cc-6877-44c3-b90b-b3027eeb742d	2	185870749	186094573	134	1.02
425cd1cc-6877-44c3-b90b-b3027eeb742d	2	186096090	194758953	4802	0.2984
425cd1cc-6877-44c3-b90b-b3027eeb742d	2	194759671	195140521	238	0.4112
425cd1cc-6877-44c3-b90b-b3027eeb742d	2	195140581	206705079	6837	0.2953
425cd1cc-6877-44c3-b90b-b3027eeb742d	2	206705398	206709843	2	-1.0411
425cd1cc-6877-44c3-b90b-b3027eeb742d	2	206710220	207486030	526	0.2714
425cd1cc-6877-44c3-b90b-b3027eeb742d	2	207490188	207494752	19	-0.134
425cd1cc-6877-44c3-b90b-b3027eeb742d	2	207494795	208189585	404	0.2981
425cd1cc-6877-44c3-b90b-b3027eeb742d	2	208190524	208193673	2	1.3883
425cd1cc-6877-44c3-b90b-b3027eeb742d	2	208195839	212300736	2612	0.2879
425cd1cc-6877-44c3-b90b-b3027eeb742d	2	212301931	212328120	53	0.5861
425cd1cc-6877-44c3-b90b-b3027eeb742d	2	212328238	242147305	19008	0.2895
425cd1cc-6877-44c3-b90b-b3027eeb742d	3	20930	2177351	1911	0.3703
425cd1cc-6877-44c3-b90b-b3027eeb742d	3	2178087	11366589	7636	0.3238
425cd1cc-6877-44c3-b90b-b3027eeb742d	3	11371130	11371926	4	-1.2563
425cd1cc-6877-44c3-b90b-b3027eeb742d	3	11375791	46660272	23581	0.3171
425cd1cc-6877-44c3-b90b-b3027eeb742d	3	46665706	46665832	2	-1.1833
425cd1cc-6877-44c3-b90b-b3027eeb742d	3	46668608	68697013	14652	0.3167
425cd1cc-6877-44c3-b90b-b3027eeb742d	3	68697108	68698262	14	1.4843
425cd1cc-6877-44c3-b90b-b3027eeb742d	3	68699607	75519398	4929	0.3121
425cd1cc-6877-44c3-b90b-b3027eeb742d	3	75523398	75537654	6	1.102
425cd1cc-6877-44c3-b90b-b3027eeb742d	3	75546030	82815398	4101	0.3205
425cd1cc-6877-44c3-b90b-b3027eeb742d	3	82823628	82823892	6	-0.7145
425cd1cc-6877-44c3-b90b-b3027eeb742d	3	82831894	84053071	567	0.3496
425cd1cc-6877-44c3-b90b-b3027eeb742d	3	84056282	84057015	2	-1.2457
425cd1cc-6877-44c3-b90b-b3027eeb742d	3	84061816	89620865	3180	0.3314
425cd1cc-6877-44c3-b90b-b3027eeb742d	3	89622183	89624990	8	-0.9628
425cd1cc-6877-44c3-b90b-b3027eeb742d	3	89629449	162795361	42157	0.3155
425cd1cc-6877-44c3-b90b-b3027eeb742d	3	162795671	162846267	27	1.1146
425cd1cc-6877-44c3-b90b-b3027eeb742d	3	162849883	162908207	39	0.752
425cd1cc-6877-44c3-b90b-b3027eeb742d	3	162908784	164962767	1140	0.3452
425cd1cc-6877-44c3-b90b-b3027eeb742d	3	164966760	165152346	87	0.5009
425cd1cc-6877-44c3-b90b-b3027eeb742d	3	165152747	175362822	6424	0.321
425cd1cc-6877-44c3-b90b-b3027eeb742d	3	175362958	176280737	591	0.3839
425cd1cc-6877-44c3-b90b-b3027eeb742d	3	176280844	193161217	10927	0.3155
425cd1cc-6877-44c3-b90b-b3027eeb742d	3	193162684	193165114	13	0.754
425cd1cc-6877-44c3-b90b-b3027eeb742d	3	193168646	194523993	899	0.3106
425cd1cc-6877-44c3-b90b-b3027eeb742d	3	194524911	194532008	3	-0.7825
425cd1cc-6877-44c3-b90b-b3027eeb742d	3	194532531	195673928	584	0.3102
425cd1cc-6877-44c3-b90b-b3027eeb742d	3	195683075	195747892	41	-0.2625
425cd1cc-6877-44c3-b90b-b3027eeb742d	3	195751823	198111566	1149	0.3577
425cd1cc-6877-44c3-b90b-b3027eeb742d	3	198118345	198169247	17	-0.337
425cd1cc-6877-44c3-b90b-b3027eeb742d	4	68929	9455251	5158	-0.2356
425cd1cc-6877-44c3-b90b-b3027eeb742d	4	9459504	9484440	7	0.8684
425cd1cc-6877-44c3-b90b-b3027eeb742d	4	9494650	34777432	17543	-0.2034
425cd1cc-6877-44c3-b90b-b3027eeb742d	4	34784878	34822561	37	0.6575
425cd1cc-6877-44c3-b90b-b3027eeb742d	4	34823103	48178289	8452	-0.2062
425cd1cc-6877-44c3-b90b-b3027eeb742d	4	48178543	51823373	546	-0.1186
425cd1cc-6877-44c3-b90b-b3027eeb742d	4	51830626	63805522	7541	-0.2052
425cd1cc-6877-44c3-b90b-b3027eeb742d	4	63806949	63850713	44	0.1281
425cd1cc-6877-44c3-b90b-b3027eeb742d	4	63851308	68418873	2857	-0.2094
425cd1cc-6877-44c3-b90b-b3027eeb742d	4	68422420	68422424	3	-1.4777
425cd1cc-6877-44c3-b90b-b3027eeb742d	4	68429081	68501424	11	0.0033
425cd1cc-6877-44c3-b90b-b3027eeb742d	4	68506285	68620122	65	0.3957
425cd1cc-6877-44c3-b90b-b3027eeb742d	4	68620261	68963220	153	-0.1741
425cd1cc-6877-44c3-b90b-b3027eeb742d	4	68964824	69420190	242	-0.0253
425cd1cc-6877-44c3-b90b-b3027eeb742d	4	69420610	107145640	22860	-0.2042
425cd1cc-6877-44c3-b90b-b3027eeb742d	4	107145671	107150471	11	0.3145
425cd1cc-6877-44c3-b90b-b3027eeb742d	4	107150731	114252544	4419	-0.2052
425cd1cc-6877-44c3-b90b-b3027eeb742d	4	114254167	114261019	23	-1.1755
425cd1cc-6877-44c3-b90b-b3027eeb742d	4	114263073	130971520	9913	-0.1964
425cd1cc-6877-44c3-b90b-b3027eeb742d	4	130971611	131443017	232	-0.0817
425cd1cc-6877-44c3-b90b-b3027eeb742d	4	131449415	137168393	3088	-0.1934
425cd1cc-6877-44c3-b90b-b3027eeb742d	4	137170949	137173804	17	-0.8619
425cd1cc-6877-44c3-b90b-b3027eeb742d	4	137173818	137261327	84	-0.1263
425cd1cc-6877-44c3-b90b-b3027eeb742d	4	137261339	137270816	49	-0.7531
425cd1cc-6877-44c3-b90b-b3027eeb742d	4	137270870	139966684	1840	-0.2149
425cd1cc-6877-44c3-b90b-b3027eeb742d	4	139966886	139967295	5	-1.6239
425cd1cc-6877-44c3-b90b-b3027eeb742d	4	139967308	160952848	12725	-0.2043
425cd1cc-6877-44c3-b90b-b3027eeb742d	4	160958866	160963857	26	0.3908
425cd1cc-6877-44c3-b90b-b3027eeb742d	4	160963881	163372031	1576	-0.1903
425cd1cc-6877-44c3-b90b-b3027eeb742d	4	163372050	163374804	2	-2.5166
425cd1cc-6877-44c3-b90b-b3027eeb742d	4	163374813	167874528	2766	-0.2026
425cd1cc-6877-44c3-b90b-b3027eeb742d	4	167874742	168063303	152	-0.0563
425cd1cc-6877-44c3-b90b-b3027eeb742d	4	168064101	171448195	2161	-0.2076
425cd1cc-6877-44c3-b90b-b3027eeb742d	4	171453733	171459220	13	0.8719
425cd1cc-6877-44c3-b90b-b3027eeb742d	4	171459811	187823635	11062	-0.1983
425cd1cc-6877-44c3-b90b-b3027eeb742d	4	187823987	189273964	1067	-0.1355
425cd1cc-6877-44c3-b90b-b3027eeb742d	4	189274468	189278110	3	-3.096
425cd1cc-6877-44c3-b90b-b3027eeb742d	4	189278617	190106768	350	-0.1941
425cd1cc-6877-44c3-b90b-b3027eeb742d	5	15532	685633	306	-0.2596
425cd1cc-6877-44c3-b90b-b3027eeb742d	5	698256	773453	27	0.5761
425cd1cc-6877-44c3-b90b-b3027eeb742d	5	779766	1894165	592	-0.2732
425cd1cc-6877-44c3-b90b-b3027eeb742d	5	1897256	12815668	9260	-0.2081
425cd1cc-6877-44c3-b90b-b3027eeb742d	5	12815753	12838421	13	-1.3896
425cd1cc-6877-44c3-b90b-b3027eeb742d	5	12849089	21449167	5509	-0.1918
425cd1cc-6877-44c3-b90b-b3027eeb742d	5	21451091	21452329	5	0.8364
425cd1cc-6877-44c3-b90b-b3027eeb742d	5	21452387	45308261	14638	-0.2017
425cd1cc-6877-44c3-b90b-b3027eeb742d	5	45310953	50847727	616	-0.0994
425cd1cc-6877-44c3-b90b-b3027eeb742d	5	50848790	63374962	8299	-0.2066
425cd1cc-6877-44c3-b90b-b3027eeb742d	5	63381518	63841093	283	-0.1069
425cd1cc-6877-44c3-b90b-b3027eeb742d	5	63841502	99283117	20022	-0.211
425cd1cc-6877-44c3-b90b-b3027eeb742d	5	99283278	100529235	703	-0.1129
425cd1cc-6877-44c3-b90b-b3027eeb742d	5	100534463	101649194	659	-0.2223
425cd1cc-6877-44c3-b90b-b3027eeb742d	5	101649557	101892421	205	-0.0772
425cd1cc-6877-44c3-b90b-b3027eeb742d	5	101896267	113988573	7826	-0.2017
425cd1cc-6877-44c3-b90b-b3027eeb742d	5	113991308	113999692	11	-0.896
425cd1cc-6877-44c3-b90b-b3027eeb742d	5	114001271	177771448	41878	-0.2123
425cd1cc-6877-44c3-b90b-b3027eeb742d	5	177800550	177805604	3	2.0822
425cd1cc-6877-44c3-b90b-b3027eeb742d	5	177827964	181363319	1985	-0.2113
425cd1cc-6877-44c3-b90b-b3027eeb742d	6	149661	254283	101	-0.2059
425cd1cc-6877-44c3-b90b-b3027eeb742d	6	257353	294474	21	0.6922
425cd1cc-6877-44c3-b90b-b3027eeb742d	6	294725	375277	73	0.217
425cd1cc-6877-44c3-b90b-b3027eeb742d	6	375759	26663122	20010	-0.2129
425cd1cc-6877-44c3-b90b-b3027eeb742d	6	26663250	26972746	50	0.0495
425cd1cc-6877-44c3-b90b-b3027eeb742d	6	26973736	29869295	1379	-0.1999
425cd1cc-6877-44c3-b90b-b3027eeb742d	6	29869410	29881490	16	-1.0601
425cd1cc-6877-44c3-b90b-b3027eeb742d	6	29882419	32461981	1163	-0.2217
425cd1cc-6877-44c3-b90b-b3027eeb742d	6	32462117	32605994	42	0.1348
425cd1cc-6877-44c3-b90b-b3027eeb742d	6	32606237	32641650	25	-0.3701
425cd1cc-6877-44c3-b90b-b3027eeb742d	6	32656527	32658841	6	0.934
425cd1cc-6877-44c3-b90b-b3027eeb742d	6	32682835	54066286	13699	-0.2141
425cd1cc-6877-44c3-b90b-b3027eeb742d	6	54066353	54067057	7	-1.2662
425cd1cc-6877-44c3-b90b-b3027eeb742d	6	54070550	57252826	1924	-0.2021
425cd1cc-6877-44c3-b90b-b3027eeb742d	6	57253043	61797701	821	-0.1218
425cd1cc-6877-44c3-b90b-b3027eeb742d	6	61804830	66299161	2590	-0.1988
425cd1cc-6877-44c3-b90b-b3027eeb742d	6	66301114	66334525	49	0.0741
425cd1cc-6877-44c3-b90b-b3027eeb742d	6	66334573	73882142	5002	-0.2023
425cd1cc-6877-44c3-b90b-b3027eeb742d	6	73882509	73884847	5	0.7828
425cd1cc-6877-44c3-b90b-b3027eeb742d	6	73885018	78259348	2770	-0.2005
425cd1cc-6877-44c3-b90b-b3027eeb742d	6	78259388	78336944	119	0.2451
425cd1cc-6877-44c3-b90b-b3027eeb742d	6	78341897	93856729	9942	-0.2073
425cd1cc-6877-44c3-b90b-b3027eeb742d	6	93857265	94970302	732	-0.1
425cd1cc-6877-44c3-b90b-b3027eeb742d	6	95386776	103072509	4639	-0.2035
425cd1cc-6877-44c3-b90b-b3027eeb742d	6	103072760	103314186	186	-0.0254
425cd1cc-6877-44c3-b90b-b3027eeb742d	6	103317795	118251903	9159	-0.2123
425cd1cc-6877-44c3-b90b-b3027eeb742d	6	118252898	118688902	256	-0.0831
425cd1cc-6877-44c3-b90b-b3027eeb742d	6	118689806	133945130	9651	-0.2097
425cd1cc-6877-44c3-b90b-b3027eeb742d	6	133947933	133948494	2	-1.8243
425cd1cc-6877-44c3-b90b-b3027eeb742d	6	133950934	140422572	4332	-0.2117
425cd1cc-6877-44c3-b90b-b3027eeb742d	6	140426431	141414128	511	-0.1371
425cd1cc-6877-44c3-b90b-b3027eeb742d	6	141421557	162069996	14168	-0.2132
425cd1cc-6877-44c3-b90b-b3027eeb742d	6	162070023	162699037	515	-0.1172
425cd1cc-6877-44c3-b90b-b3027eeb742d	6	162699353	170741917	5561	-0.2199
425cd1cc-6877-44c3-b90b-b3027eeb742d	7	43355	8151520	4527	0.6879
425cd1cc-6877-44c3-b90b-b3027eeb742d	7	8151828	9173485	905	0.7484
425cd1cc-6877-44c3-b90b-b3027eeb742d	7	9174112	18886960	7721	0.7109
425cd1cc-6877-44c3-b90b-b3027eeb742d	7	18893424	19751853	888	0.7832
425cd1cc-6877-44c3-b90b-b3027eeb742d	7	19751962	54305455	24434	0.6879
425cd1cc-6877-44c3-b90b-b3027eeb742d	7	54318812	54318819	4	-0.4471
425cd1cc-6877-44c3-b90b-b3027eeb742d	7	54318821	63510457	2344	0.6784
425cd1cc-6877-44c3-b90b-b3027eeb742d	7	63523944	63598980	7	-0.1317
425cd1cc-6877-44c3-b90b-b3027eeb742d	7	63622962	88542217	13539	0.6831
425cd1cc-6877-44c3-b90b-b3027eeb742d	7	88546210	90077223	1035	0.7673
425cd1cc-6877-44c3-b90b-b3027eeb742d	7	90077292	109793741	11518	0.6807
425cd1cc-6877-44c3-b90b-b3027eeb742d	7	109797035	109813746	32	0.2741
425cd1cc-6877-44c3-b90b-b3027eeb742d	7	109813762	110107001	184	0.7061
425cd1cc-6877-44c3-b90b-b3027eeb742d	7	110109684	110115178	2	-0.5548
425cd1cc-6877-44c3-b90b-b3027eeb742d	7	110117051	111127016	691	0.6786
425cd1cc-6877-44c3-b90b-b3027eeb742d	7	111127998	111477529	250	0.8285
425cd1cc-6877-44c3-b90b-b3027eeb742d	7	111477953	126405502	8901	0.6901
425cd1cc-6877-44c3-b90b-b3027eeb742d	7	126405597	126406827	16	-0.7919
425cd1cc-6877-44c3-b90b-b3027eeb742d	7	126412712	134100587	4699	0.6848
425cd1cc-6877-44c3-b90b-b3027eeb742d	7	134100624	134113356	26	0.2892
425cd1cc-6877-44c3-b90b-b3027eeb742d	7	134113790	142063324	5196	0.6825
425cd1cc-6877-44c3-b90b-b3027eeb742d	7	142069843	142092108	33	0.9559
425cd1cc-6877-44c3-b90b-b3027eeb742d	7	142092307	142581256	346	0.7492
425cd1cc-6877-44c3-b90b-b3027eeb742d	7	142618972	142738713	68	0.9043
425cd1cc-6877-44c3-b90b-b3027eeb742d	7	142739099	159334314	10450	0.6821
425cd1cc-6877-44c3-b90b-b3027eeb742d	8	81254	4050319	3560	-0.2148
425cd1cc-6877-44c3-b90b-b3027eeb742d	8	4050795	4050928	3	-4.1324
425cd1cc-6877-44c3-b90b-b3027eeb742d	8	4052574	7172468	4159	-0.1827
425cd1cc-6877-44c3-b90b-b3027eeb742d	8	7176273	7380497	28	0.4275
425cd1cc-6877-44c3-b90b-b3027eeb742d	8	7396819	12374772	3277	-0.2208
425cd1cc-6877-44c3-b90b-b3027eeb742d	8	12374907	12389977	25	-0.7695
425cd1cc-6877-44c3-b90b-b3027eeb742d	8	12418301	13740782	1038	-0.1882
425cd1cc-6877-44c3-b90b-b3027eeb742d	8	13741542	13802635	107	-0.0222
425cd1cc-6877-44c3-b90b-b3027eeb742d	8	13806279	25116928	9271	-0.1992
425cd1cc-6877-44c3-b90b-b3027eeb742d	8	25116961	25122472	20	0.7005
425cd1cc-6877-44c3-b90b-b3027eeb742d	8	25126554	43206802	11462	-0.2065
425cd1cc-6877-44c3-b90b-b3027eeb742d	8	43209277	43498343	114	-0.0487
425cd1cc-6877-44c3-b90b-b3027eeb742d	8	43505549	65086387	11738	-0.2061
425cd1cc-6877-44c3-b90b-b3027eeb742d	8	65086659	65087240	2	-1.9214
425cd1cc-6877-44c3-b90b-b3027eeb742d	8	65087820	71300130	3654	-0.209
425cd1cc-6877-44c3-b90b-b3027eeb742d	8	71303076	71304364	8	-2.0478
425cd1cc-6877-44c3-b90b-b3027eeb742d	8	71307628	82823020	7111	-0.2029
425cd1cc-6877-44c3-b90b-b3027eeb742d	8	82830115	82860021	22	-1.0841
425cd1cc-6877-44c3-b90b-b3027eeb742d	8	82863191	84345754	836	-0.217
425cd1cc-6877-44c3-b90b-b3027eeb742d	8	84350648	84356431	19	-0.8269
425cd1cc-6877-44c3-b90b-b3027eeb742d	8	84358447	111282852	16112	-0.2047
425cd1cc-6877-44c3-b90b-b3027eeb742d	8	111282973	111283031	3	-2.3984
425cd1cc-6877-44c3-b90b-b3027eeb742d	8	111288052	114554258	1782	-0.2073
425cd1cc-6877-44c3-b90b-b3027eeb742d	8	114554391	114667021	88	-0.0325
425cd1cc-6877-44c3-b90b-b3027eeb742d	8	114670014	141364408	19483	-0.2096
425cd1cc-6877-44c3-b90b-b3027eeb742d	8	141364907	142381079	596	-0.3178
425cd1cc-6877-44c3-b90b-b3027eeb742d	8	142384289	145072769	963	-0.2287
425cd1cc-6877-44c3-b90b-b3027eeb742d	9	46587	11062927	10533	-0.1865
425cd1cc-6877-44c3-b90b-b3027eeb742d	9	11063110	12561676	1163	-0.1097
425cd1cc-6877-44c3-b90b-b3027eeb742d	9	12562294	23361807	8723	-0.1968
425cd1cc-6877-44c3-b90b-b3027eeb742d	9	23363117	23373486	8	0.691
425cd1cc-6877-44c3-b90b-b3027eeb742d	9	23378490	29089612	4331	-0.1815
425cd1cc-6877-44c3-b90b-b3027eeb742d	9	29090448	29097682	5	0.6622
425cd1cc-6877-44c3-b90b-b3027eeb742d	9	29101434	29890574	549	-0.1797
425cd1cc-6877-44c3-b90b-b3027eeb742d	9	29890576	30001540	117	-0.0227
425cd1cc-6877-44c3-b90b-b3027eeb742d	9	30008345	30445002	283	-0.2048
425cd1cc-6877-44c3-b90b-b3027eeb742d	9	30445270	30722890	170	-0.0387
425cd1cc-6877-44c3-b90b-b3027eeb742d	9	30725871	39547492	5291	-0.202
425cd1cc-6877-44c3-b90b-b3027eeb742d	9	39588611	39840169	6	1.0337
425cd1cc-6877-44c3-b90b-b3027eeb742d	9	40018947	40887290	15	0.0449
425cd1cc-6877-44c3-b90b-b3027eeb742d	9	40922005	41094918	38	-0.5463
425cd1cc-6877-44c3-b90b-b3027eeb742d	9	41285747	42014203	48	-0.1227
425cd1cc-6877-44c3-b90b-b3027eeb742d	9	42037471	42546668	35	-1.2706
425cd1cc-6877-44c3-b90b-b3027eeb742d	9	42566207	61374282	55	-0.0505
425cd1cc-6877-44c3-b90b-b3027eeb742d	9	61378951	61647899	32	0.5281
425cd1cc-6877-44c3-b90b-b3027eeb742d	9	61665362	125250955	40931	-0.1963
425cd1cc-6877-44c3-b90b-b3027eeb742d	9	125263720	125276216	4	-1.9874
425cd1cc-6877-44c3-b90b-b3027eeb742d	9	125277127	133972130	5261	-0.2042
425cd1cc-6877-44c3-b90b-b3027eeb742d	9	133973741	133980726	2	-1.9224
425cd1cc-6877-44c3-b90b-b3027eeb742d	9	133984729	138177075	1873	-0.2281
425cd1cc-6877-44c3-b90b-b3027eeb742d	9	138177488	138200944	6	0.7571
425cd1cc-6877-44c3-b90b-b3027eeb742d	10	45792	46526248	31678	-0.2049
425cd1cc-6877-44c3-b90b-b3027eeb742d	10	46526265	46632302	29	-0.8043
425cd1cc-6877-44c3-b90b-b3027eeb742d	10	46657149	48079560	312	-0.224
425cd1cc-6877-44c3-b90b-b3027eeb742d	10	48084420	48154966	7	-1.0964
425cd1cc-6877-44c3-b90b-b3027eeb742d	10	48173568	55156783	5156	-0.2015
425cd1cc-6877-44c3-b90b-b3027eeb742d	10	55156877	56068618	624	-0.0867
425cd1cc-6877-44c3-b90b-b3027eeb742d	10	56069773	65545311	6594	-0.2009
425cd1cc-6877-44c3-b90b-b3027eeb742d	10	65545327	65554688	33	0.2677
425cd1cc-6877-44c3-b90b-b3027eeb742d	10	65563037	113444969	31505	-0.207
425cd1cc-6877-44c3-b90b-b3027eeb742d	10	113448998	113457106	8	-1.3703
425cd1cc-6877-44c3-b90b-b3027eeb742d	10	113459555	122574497	6792	-0.2081
425cd1cc-6877-44c3-b90b-b3027eeb742d	10	122584593	122591497	6	-1.2541
425cd1cc-6877-44c3-b90b-b3027eeb742d	10	122597296	132130296	7239	-0.2166
425cd1cc-6877-44c3-b90b-b3027eeb742d	10	132130654	132147990	7	-1.1732
425cd1cc-6877-44c3-b90b-b3027eeb742d	10	132151983	133654968	656	-0.2561
425cd1cc-6877-44c3-b90b-b3027eeb742d	11	198510	5756780	3215	-0.2132
425cd1cc-6877-44c3-b90b-b3027eeb742d	11	5757241	5787818	42	0.1517
425cd1cc-6877-44c3-b90b-b3027eeb742d	11	5787909	18930645	9421	-0.2052
425cd1cc-6877-44c3-b90b-b3027eeb742d	11	18930997	18939734	19	-0.6381
425cd1cc-6877-44c3-b90b-b3027eeb742d	11	18939749	48352939	20493	-0.2007
425cd1cc-6877-44c3-b90b-b3027eeb742d	11	48357398	48954804	200	-0.0785
425cd1cc-6877-44c3-b90b-b3027eeb742d	11	48961561	50171573	526	-0.1807
425cd1cc-6877-44c3-b90b-b3027eeb742d	11	50171657	55595864	545	-0.087
425cd1cc-6877-44c3-b90b-b3027eeb742d	11	55606556	55685533	59	0.2119
425cd1cc-6877-44c3-b90b-b3027eeb742d	11	55686100	56050831	269	-0.0996
425cd1cc-6877-44c3-b90b-b3027eeb742d	11	56051418	124486912	43988	-0.205
425cd1cc-6877-44c3-b90b-b3027eeb742d	11	124492165	124546865	32	-1.0393
425cd1cc-6877-44c3-b90b-b3027eeb742d	11	124558102	135074876	7982	-0.2102
425cd1cc-6877-44c3-b90b-b3027eeb742d	12	51460	661879	368	0.2946
425cd1cc-6877-44c3-b90b-b3027eeb742d	12	662063	845898	125	0.4651
425cd1cc-6877-44c3-b90b-b3027eeb742d	12	855340	11028029	6718	0.3112
425cd1cc-6877-44c3-b90b-b3027eeb742d	12	11032457	11200674	73	0.5925
425cd1cc-6877-44c3-b90b-b3027eeb742d	12	11203172	12383363	945	0.2986
425cd1cc-6877-44c3-b90b-b3027eeb742d	12	12383481	12389946	16	-0.8542
425cd1cc-6877-44c3-b90b-b3027eeb742d	12	12389980	20182763	5185	0.3182
425cd1cc-6877-44c3-b90b-b3027eeb742d	12	20184251	20184530	2	-1.1923
425cd1cc-6877-44c3-b90b-b3027eeb742d	12	20188524	33141726	9345	0.3101
425cd1cc-6877-44c3-b90b-b3027eeb742d	12	33148472	33154440	27	-0.6656
425cd1cc-6877-44c3-b90b-b3027eeb742d	12	33155426	34135376	605	0.4158
425cd1cc-6877-44c3-b90b-b3027eeb742d	12	34139900	34400860	124	0.1995
425cd1cc-6877-44c3-b90b-b3027eeb742d	12	34404654	38867521	637	0.3831
425cd1cc-6877-44c3-b90b-b3027eeb742d	12	38870557	43025782	2759	0.3109
425cd1cc-6877-44c3-b90b-b3027eeb742d	12	43025876	43026950	4	-0.5008
425cd1cc-6877-44c3-b90b-b3027eeb742d	12	43033505	44307358	757	0.3365
425cd1cc-6877-44c3-b90b-b3027eeb742d	12	44307501	44307836	2	-1.2274
425cd1cc-6877-44c3-b90b-b3027eeb742d	12	44312244	90089573	27940	0.3068
425cd1cc-6877-44c3-b90b-b3027eeb742d	12	90097892	90098297	7	-1.1199
425cd1cc-6877-44c3-b90b-b3027eeb742d	12	90099780	99381759	6439	0.3045
425cd1cc-6877-44c3-b90b-b3027eeb742d	12	99382559	99404956	41	0.561
425cd1cc-6877-44c3-b90b-b3027eeb742d	12	99409315	131636170	22142	0.3119
425cd1cc-6877-44c3-b90b-b3027eeb742d	12	131648039	131648790	13	-0.537
425cd1cc-6877-44c3-b90b-b3027eeb742d	12	131657925	133201603	559	0.3045
425cd1cc-6877-44c3-b90b-b3027eeb742d	13	18452809	18652488	30	0.0452
425cd1cc-6877-44c3-b90b-b3027eeb742d	13	18652580	23051234	2817	0.3295
425cd1cc-6877-44c3-b90b-b3027eeb742d	13	23051568	23055048	11	0.0352
425cd1cc-6877-44c3-b90b-b3027eeb742d	13	23055071	23064782	18	0.7039
425cd1cc-6877-44c3-b90b-b3027eeb742d	13	23065741	38478674	11323	0.3161
425cd1cc-6877-44c3-b90b-b3027eeb742d	13	38483435	38483919	2	-1.3757
425cd1cc-6877-44c3-b90b-b3027eeb742d	13	38490920	57189870	11834	0.3218
425cd1cc-6877-44c3-b90b-b3027eeb742d	13	57189903	57404533	154	0.4918
425cd1cc-6877-44c3-b90b-b3027eeb742d	13	57421579	63534155	3597	0.3097
425cd1cc-6877-44c3-b90b-b3027eeb742d	13	63535303	64372045	484	0.435
425cd1cc-6877-44c3-b90b-b3027eeb742d	13	64372411	71902850	4773	0.3336
425cd1cc-6877-44c3-b90b-b3027eeb742d	13	71903417	71906418	4	-2.4446
425cd1cc-6877-44c3-b90b-b3027eeb742d	13	71906467	104849428	22282	0.3154
425cd1cc-6877-44c3-b90b-b3027eeb742d	13	104851949	105914968	853	0.3725
425cd1cc-6877-44c3-b90b-b3027eeb742d	13	105916617	114342922	5940	0.3217
425cd1cc-6877-44c3-b90b-b3027eeb742d	14	18239283	19675350	63	0.169
425cd1cc-6877-44c3-b90b-b3027eeb742d	14	19689684	19955213	104	0.8078
425cd1cc-6877-44c3-b90b-b3027eeb742d	14	19956767	21630331	1103	-0.1895
425cd1cc-6877-44c3-b90b-b3027eeb742d	14	21630851	22519593	769	-0.0709
425cd1cc-6877-44c3-b90b-b3027eeb742d	14	22524749	41003989	11577	-0.1972
425cd1cc-6877-44c3-b90b-b3027eeb742d	14	41004034	41016228	26	0.1519
425cd1cc-6877-44c3-b90b-b3027eeb742d	14	41016235	41160039	124	-0.2327
425cd1cc-6877-44c3-b90b-b3027eeb742d	14	41164182	41184774	6	-1.5401
425cd1cc-6877-44c3-b90b-b3027eeb742d	14	41188046	43318881	1334	-0.1839
425cd1cc-6877-44c3-b90b-b3027eeb742d	14	43322734	43957470	327	-0.0703
425cd1cc-6877-44c3-b90b-b3027eeb742d	14	43958502	44367129	276	-0.1877
425cd1cc-6877-44c3-b90b-b3027eeb742d	14	44373066	44431867	39	0.0669
425cd1cc-6877-44c3-b90b-b3027eeb742d	14	44434564	73534419	18478	-0.2057
425cd1cc-6877-44c3-b90b-b3027eeb742d	14	73540003	73563196	9	0.6097
425cd1cc-6877-44c3-b90b-b3027eeb742d	14	73563211	87934793	9509	-0.1992
425cd1cc-6877-44c3-b90b-b3027eeb742d	14	87934949	87937897	15	0.2487
425cd1cc-6877-44c3-b90b-b3027eeb742d	14	87938138	105613310	11124	-0.2104
425cd1cc-6877-44c3-b90b-b3027eeb742d	14	105616252	105650524	6	-1.1888
425cd1cc-6877-44c3-b90b-b3027eeb742d	14	105653302	105824429	52	-0.2714
425cd1cc-6877-44c3-b90b-b3027eeb742d	14	105824509	106301365	155	0.0108
425cd1cc-6877-44c3-b90b-b3027eeb742d	14	106305728	106340774	13	-0.1753
425cd1cc-6877-44c3-b90b-b3027eeb742d	14	106345431	106369985	9	-0.9388
425cd1cc-6877-44c3-b90b-b3027eeb742d	14	106370181	106416146	25	-0.1257
425cd1cc-6877-44c3-b90b-b3027eeb742d	14	106418444	106462144	47	-0.5811
425cd1cc-6877-44c3-b90b-b3027eeb742d	14	106462169	106877229	197	-0.1566
425cd1cc-6877-44c3-b90b-b3027eeb742d	15	19811075	20206773	59	-0.1313
425cd1cc-6877-44c3-b90b-b3027eeb742d	15	20207225	22595648	158	-0.7991
425cd1cc-6877-44c3-b90b-b3027eeb742d	15	22606745	24240681	910	-0.1657
425cd1cc-6877-44c3-b90b-b3027eeb742d	15	24247869	24485848	108	0.461
425cd1cc-6877-44c3-b90b-b3027eeb742d	15	24486725	56497449	19891	-0.1922
425cd1cc-6877-44c3-b90b-b3027eeb742d	15	56498505	56508779	25	-0.7164
425cd1cc-6877-44c3-b90b-b3027eeb742d	15	56509425	99954622	28841	-0.1982
425cd1cc-6877-44c3-b90b-b3027eeb742d	15	99954673	100060270	115	-0.3691
425cd1cc-6877-44c3-b90b-b3027eeb742d	15	100062474	101928837	1423	-0.2105
425cd1cc-6877-44c3-b90b-b3027eeb742d	16	10777	6915040	4291	0.3161
425cd1cc-6877-44c3-b90b-b3027eeb742d	16	6915297	6916537	3	-1.1798
425cd1cc-6877-44c3-b90b-b3027eeb742d	16	6916552	6962471	41	0.2804
425cd1cc-6877-44c3-b90b-b3027eeb742d	16	6963199	6963567	2	1.6993
425cd1cc-6877-44c3-b90b-b3027eeb742d	16	6965769	18104860	8426	0.3236
425cd1cc-6877-44c3-b90b-b3027eeb742d	16	18134261	18144432	2	-1.3807
425cd1cc-6877-44c3-b90b-b3027eeb742d	16	18148869	22576696	2018	0.3278
425cd1cc-6877-44c3-b90b-b3027eeb742d	16	22576729	22728349	93	0.4994
425cd1cc-6877-44c3-b90b-b3027eeb742d	16	22728712	54335546	10807	0.3234
425cd1cc-6877-44c3-b90b-b3027eeb742d	16	54335598	54335611	2	-1.1171
425cd1cc-6877-44c3-b90b-b3027eeb742d	16	54338951	54444318	121	0.3341
425cd1cc-6877-44c3-b90b-b3027eeb742d	16	54444471	54444961	2	-1.3241
425cd1cc-6877-44c3-b90b-b3027eeb742d	16	54445311	55762682	1131	0.329
425cd1cc-6877-44c3-b90b-b3027eeb742d	16	55764310	55764867	3	2.3562
425cd1cc-6877-44c3-b90b-b3027eeb742d	16	55770436	78337711	14293	0.3223
425cd1cc-6877-44c3-b90b-b3027eeb742d	16	78338543	78345778	13	1.0859
425cd1cc-6877-44c3-b90b-b3027eeb742d	16	78349243	83228992	5403	0.324
425cd1cc-6877-44c3-b90b-b3027eeb742d	16	83229816	83231139	3	-1.3024
425cd1cc-6877-44c3-b90b-b3027eeb742d	16	83231452	90096867	5213	0.3052
425cd1cc-6877-44c3-b90b-b3027eeb742d	17	150733	13410510	8225	0.3277
425cd1cc-6877-44c3-b90b-b3027eeb742d	17	13410695	13411084	3	-1.234
425cd1cc-6877-44c3-b90b-b3027eeb742d	17	13413878	15623842	1775	0.3397
425cd1cc-6877-44c3-b90b-b3027eeb742d	17	15639847	15643476	3	-1.2776
425cd1cc-6877-44c3-b90b-b3027eeb742d	17	15650964	18414080	1381	0.3147
425cd1cc-6877-44c3-b90b-b3027eeb742d	17	18452078	18561907	27	-1.2177
425cd1cc-6877-44c3-b90b-b3027eeb742d	17	18565883	41265456	9392	0.3174
425cd1cc-6877-44c3-b90b-b3027eeb742d	17	41266762	41274279	24	1.7544
425cd1cc-6877-44c3-b90b-b3027eeb742d	17	41276472	46351954	2626	0.3118
425cd1cc-6877-44c3-b90b-b3027eeb742d	17	46446345	46446360	2	-1.4729
425cd1cc-6877-44c3-b90b-b3027eeb742d	17	46569894	56081683	5805	0.3278
425cd1cc-6877-44c3-b90b-b3027eeb742d	17	56083553	56095462	27	-0.9932
425cd1cc-6877-44c3-b90b-b3027eeb742d	17	56095886	83091923	15735	0.3167
425cd1cc-6877-44c3-b90b-b3027eeb742d	18	48133	65532809	39906	-0.1944
425cd1cc-6877-44c3-b90b-b3027eeb742d	18	65532829	65537481	20	0.7576
425cd1cc-6877-44c3-b90b-b3027eeb742d	18	65540037	71370602	4182	-0.179
425cd1cc-6877-44c3-b90b-b3027eeb742d	18	71371355	73682638	1835	-0.1223
425cd1cc-6877-44c3-b90b-b3027eeb742d	18	73683861	78900693	4069	-0.203
425cd1cc-6877-44c3-b90b-b3027eeb742d	18	78902714	78904863	5	-1.4777
425cd1cc-6877-44c3-b90b-b3027eeb742d	18	78906449	80257174	703	-0.197
425cd1cc-6877-44c3-b90b-b3027eeb742d	19	90910	19834188	8556	-0.2056
425cd1cc-6877-44c3-b90b-b3027eeb742d	19	19834971	22495897	1536	-0.1428
425cd1cc-6877-44c3-b90b-b3027eeb742d	19	22500942	24192647	1012	-0.2005
425cd1cc-6877-44c3-b90b-b3027eeb742d	19	24196300	27707365	122	-0.0147
425cd1cc-6877-44c3-b90b-b3027eeb742d	19	27707531	35358420	5472	-0.2058
425cd1cc-6877-44c3-b90b-b3027eeb742d	19	35364451	35370946	21	-1.8639
425cd1cc-6877-44c3-b90b-b3027eeb742d	19	35375842	47898238	6177	-0.1997
425cd1cc-6877-44c3-b90b-b3027eeb742d	19	47898254	47898966	7	-0.9745
425cd1cc-6877-44c3-b90b-b3027eeb742d	19	47959373	51628560	1849	-0.2072
425cd1cc-6877-44c3-b90b-b3027eeb742d	19	51639099	51644944	11	-0.9867
425cd1cc-6877-44c3-b90b-b3027eeb742d	19	51651652	58586487	4336	-0.1912
425cd1cc-6877-44c3-b90b-b3027eeb742d	20	80664	1580353	1204	0.3299
425cd1cc-6877-44c3-b90b-b3027eeb742d	20	1580934	1613247	41	-0.2523
425cd1cc-6877-44c3-b90b-b3027eeb742d	20	1617300	54028329	33648	0.3215
425cd1cc-6877-44c3-b90b-b3027eeb742d	20	54031269	54041534	32	-0.1021
425cd1cc-6877-44c3-b90b-b3027eeb742d	20	54041625	57009990	2461	0.3228
425cd1cc-6877-44c3-b90b-b3027eeb742d	20	57011758	57012392	2	-1.474
425cd1cc-6877-44c3-b90b-b3027eeb742d	20	57019630	64324800	4994	0.3177
425cd1cc-6877-44c3-b90b-b3027eeb742d	21	10354168	10556313	49	0.0568
425cd1cc-6877-44c3-b90b-b3027eeb742d	21	10558268	10756733	37	0.3392
425cd1cc-6877-44c3-b90b-b3027eeb742d	21	10775586	13246960	38	0.0808
425cd1cc-6877-44c3-b90b-b3027eeb742d	21	13249198	13582956	144	-0.1158
425cd1cc-6877-44c3-b90b-b3027eeb742d	21	13583316	13677975	5	0.6593
425cd1cc-6877-44c3-b90b-b3027eeb742d	21	13803967	16738711	1945	-0.1875
425cd1cc-6877-44c3-b90b-b3027eeb742d	21	16740643	16741468	4	-1.2276
425cd1cc-6877-44c3-b90b-b3027eeb742d	21	16742039	22230975	4052	-0.1905
425cd1cc-6877-44c3-b90b-b3027eeb742d	21	22240782	23499305	977	-0.1162
425cd1cc-6877-44c3-b90b-b3027eeb742d	21	23504968	45471652	15908	-0.2063
425cd1cc-6877-44c3-b90b-b3027eeb742d	21	45472737	45561461	39	-0.4978
425cd1cc-6877-44c3-b90b-b3027eeb742d	21	45562557	46665839	659	-0.2078
425cd1cc-6877-44c3-b90b-b3027eeb742d	21	46666701	46677045	7	0.1195
425cd1cc-6877-44c3-b90b-b3027eeb742d	22	15294547	15570064	12	0.017
425cd1cc-6877-44c3-b90b-b3027eeb742d	22	15583346	15696762	7	-1.8143
425cd1cc-6877-44c3-b90b-b3027eeb742d	22	15729257	17014661	282	-0.1643
425cd1cc-6877-44c3-b90b-b3027eeb742d	22	17018144	17018618	2	1.6766
425cd1cc-6877-44c3-b90b-b3027eeb742d	22	17019000	18142004	807	-0.2033
425cd1cc-6877-44c3-b90b-b3027eeb742d	22	18143362	18146386	8	-1.4851
425cd1cc-6877-44c3-b90b-b3027eeb742d	22	18147293	19951573	676	-0.2281
425cd1cc-6877-44c3-b90b-b3027eeb742d	22	19954404	20218128	175	-0.3845
425cd1cc-6877-44c3-b90b-b3027eeb742d	22	20221964	20223616	2	-1.8911
425cd1cc-6877-44c3-b90b-b3027eeb742d	22	20223805	20292195	29	-0.4035
425cd1cc-6877-44c3-b90b-b3027eeb742d	22	20292634	38955461	13237	-0.2012
425cd1cc-6877-44c3-b90b-b3027eeb742d	22	38967614	38979302	24	-0.7822
425cd1cc-6877-44c3-b90b-b3027eeb742d	22	38993700	40397256	694	-0.202
425cd1cc-6877-44c3-b90b-b3027eeb742d	22	40398586	40398816	2	-2.945
425cd1cc-6877-44c3-b90b-b3027eeb742d	22	40401668	49006126	6186	-0.198
425cd1cc-6877-44c3-b90b-b3027eeb742d	22	49008890	50527755	974	-0.2695
425cd1cc-6877-44c3-b90b-b3027eeb742d	22	50528313	50535883	10	-0.8254
425cd1cc-6877-44c3-b90b-b3027eeb742d	22	50535894	50796027	141	-0.1361
425cd1cc-6877-44c3-b90b-b3027eeb742d	X	251810	9605751	5218	-0.0313
425cd1cc-6877-44c3-b90b-b3027eeb742d	X	9610158	9610705	2	-2.9085
425cd1cc-6877-44c3-b90b-b3027eeb742d	X	9613189	34092326	15916	-0.0187
425cd1cc-6877-44c3-b90b-b3027eeb742d	X	34092453	34110557	35	0.5193
425cd1cc-6877-44c3-b90b-b3027eeb742d	X	34112848	48103217	7722	0.0011
425cd1cc-6877-44c3-b90b-b3027eeb742d	X	48103384	109275525	27246	0.038
425cd1cc-6877-44c3-b90b-b3027eeb742d	X	109279581	155952689	27084	0.0011
425cd1cc-6877-44c3-b90b-b3027eeb742d	Y	2782397	6071948	718	-2.5399
425cd1cc-6877-44c3-b90b-b3027eeb742d	Y	6075631	25971733	5750	-2.8917
425cd1cc-6877-44c3-b90b-b3027eeb742d	Y	26077669	56872112	172	-2.4777
