GDC_Aliquot	Chromosome	Start	End	Num_Probes	Segment_Mean
fbf28ec8-90ee-44a2-8525-32a2b3e7996d	1	62920	98588	12	0.8779
fbf28ec8-90ee-44a2-8525-32a2b3e7996d	1	98602	777165	11	0.1965
fbf28ec8-90ee-44a2-8525-32a2b3e7996d	1	783283	3429784	801	-0.1802
fbf28ec8-90ee-44a2-8525-32a2b3e7996d	1	3437385	16785682	7850	-0.0502
fbf28ec8-90ee-44a2-8525-32a2b3e7996d	1	16787932	16935752	58	0.4111
fbf28ec8-90ee-44a2-8525-32a2b3e7996d	1	16949746	55944156	22286	-0.0459
fbf28ec8-90ee-44a2-8525-32a2b3e7996d	1	55946548	55947735	2	-2.6176
fbf28ec8-90ee-44a2-8525-32a2b3e7996d	1	55949828	72302815	11627	-0.0347
fbf28ec8-90ee-44a2-8525-32a2b3e7996d	1	72303233	72345465	46	-1.7201
fbf28ec8-90ee-44a2-8525-32a2b3e7996d	1	72346221	108951525	23183	-0.0298
fbf28ec8-90ee-44a2-8525-32a2b3e7996d	1	108954232	108962290	16	-1.0308
fbf28ec8-90ee-44a2-8525-32a2b3e7996d	1	108966266	109684893	329	-0.0442
fbf28ec8-90ee-44a2-8525-32a2b3e7996d	1	109690352	109697556	13	1.0272
fbf28ec8-90ee-44a2-8525-32a2b3e7996d	1	109702376	152583051	9535	-0.0319
fbf28ec8-90ee-44a2-8525-32a2b3e7996d	1	152583230	152614118	35	1.1547
fbf28ec8-90ee-44a2-8525-32a2b3e7996d	1	152618018	152789447	166	-0.018
fbf28ec8-90ee-44a2-8525-32a2b3e7996d	1	152789463	152795388	26	0.4789
fbf28ec8-90ee-44a2-8525-32a2b3e7996d	1	152795408	156305279	1811	-0.0309
fbf28ec8-90ee-44a2-8525-32a2b3e7996d	1	156305490	156305517	2	-1.8325
fbf28ec8-90ee-44a2-8525-32a2b3e7996d	1	156306100	161647641	3427	-0.0143
fbf28ec8-90ee-44a2-8525-32a2b3e7996d	1	161647657	161649268	8	-0.9364
fbf28ec8-90ee-44a2-8525-32a2b3e7996d	1	161678447	169150709	5900	-0.0237
fbf28ec8-90ee-44a2-8525-32a2b3e7996d	1	169154347	169155139	2	-1.6481
fbf28ec8-90ee-44a2-8525-32a2b3e7996d	1	169155164	182393699	8728	-0.0249
fbf28ec8-90ee-44a2-8525-32a2b3e7996d	1	182394284	182394568	2	-1.6363
fbf28ec8-90ee-44a2-8525-32a2b3e7996d	1	182397143	189801575	4846	-0.0204
fbf28ec8-90ee-44a2-8525-32a2b3e7996d	1	189805515	189807087	11	-0.8078
fbf28ec8-90ee-44a2-8525-32a2b3e7996d	1	189810880	196762956	4620	-0.0087
fbf28ec8-90ee-44a2-8525-32a2b3e7996d	1	196769493	196846661	57	-0.5515
fbf28ec8-90ee-44a2-8525-32a2b3e7996d	1	196847600	248572774	35487	-0.0272
fbf28ec8-90ee-44a2-8525-32a2b3e7996d	1	248574146	248645808	35	-2.1335
fbf28ec8-90ee-44a2-8525-32a2b3e7996d	1	248646068	248930189	137	-0.0738
fbf28ec8-90ee-44a2-8525-32a2b3e7996d	2	12784	41011095	28826	-0.0197
fbf28ec8-90ee-44a2-8525-32a2b3e7996d	2	41011303	41018747	22	-1.7891
fbf28ec8-90ee-44a2-8525-32a2b3e7996d	2	41024093	41901972	766	-0.0035
fbf28ec8-90ee-44a2-8525-32a2b3e7996d	2	41902071	41906402	7	-2.9243
fbf28ec8-90ee-44a2-8525-32a2b3e7996d	2	41906416	50652887	6093	-0.0343
fbf28ec8-90ee-44a2-8525-32a2b3e7996d	2	50653841	52510874	1270	0.0296
fbf28ec8-90ee-44a2-8525-32a2b3e7996d	2	52510912	52554359	44	0.4252
fbf28ec8-90ee-44a2-8525-32a2b3e7996d	2	52554366	52656108	65	0.1145
fbf28ec8-90ee-44a2-8525-32a2b3e7996d	2	52656459	52665675	12	0.446
fbf28ec8-90ee-44a2-8525-32a2b3e7996d	2	52665702	52836122	182	-0.005
fbf28ec8-90ee-44a2-8525-32a2b3e7996d	2	52836438	52838714	2	-3.3979
fbf28ec8-90ee-44a2-8525-32a2b3e7996d	2	52838925	54868942	1536	-0.0055
fbf28ec8-90ee-44a2-8525-32a2b3e7996d	2	54870940	54871152	2	-2.8175
fbf28ec8-90ee-44a2-8525-32a2b3e7996d	2	54872950	55879326	628	-0.0401
fbf28ec8-90ee-44a2-8525-32a2b3e7996d	2	55880197	55880428	2	1.2932
fbf28ec8-90ee-44a2-8525-32a2b3e7996d	2	55881198	57243996	992	-0.0108
fbf28ec8-90ee-44a2-8525-32a2b3e7996d	2	57244352	57244377	2	-1.9477
fbf28ec8-90ee-44a2-8525-32a2b3e7996d	2	57249337	68946438	7357	-0.0186
fbf28ec8-90ee-44a2-8525-32a2b3e7996d	2	68947051	68947217	2	-3.1461
fbf28ec8-90ee-44a2-8525-32a2b3e7996d	2	68950087	87203730	11147	-0.0195
fbf28ec8-90ee-44a2-8525-32a2b3e7996d	2	87207015	87221597	8	-1.265
fbf28ec8-90ee-44a2-8525-32a2b3e7996d	2	87223346	87489240	54	-0.031
fbf28ec8-90ee-44a2-8525-32a2b3e7996d	2	87489506	87528459	11	-1.3171
fbf28ec8-90ee-44a2-8525-32a2b3e7996d	2	87542032	89305244	678	-0.0266
fbf28ec8-90ee-44a2-8525-32a2b3e7996d	2	89896149	90228255	128	-2.3445
fbf28ec8-90ee-44a2-8525-32a2b3e7996d	2	90230139	97359885	942	-0.0196
fbf28ec8-90ee-44a2-8525-32a2b3e7996d	2	97524284	97559400	14	0.5666
fbf28ec8-90ee-44a2-8525-32a2b3e7996d	2	97560849	97926231	164	-0.0641
fbf28ec8-90ee-44a2-8525-32a2b3e7996d	2	97928803	97929144	2	-2.0682
fbf28ec8-90ee-44a2-8525-32a2b3e7996d	2	97932395	98059813	58	-0.03
fbf28ec8-90ee-44a2-8525-32a2b3e7996d	2	98060867	98064932	3	-0.9799
fbf28ec8-90ee-44a2-8525-32a2b3e7996d	2	98066046	99638745	845	-0.0138
fbf28ec8-90ee-44a2-8525-32a2b3e7996d	2	99644202	99644393	2	-1.975
fbf28ec8-90ee-44a2-8525-32a2b3e7996d	2	99644989	105529850	3830	-0.0298
fbf28ec8-90ee-44a2-8525-32a2b3e7996d	2	105529918	105535647	2	-1.8764
fbf28ec8-90ee-44a2-8525-32a2b3e7996d	2	105535795	106258266	631	-0.033
fbf28ec8-90ee-44a2-8525-32a2b3e7996d	2	106263639	106268901	12	0.5777
fbf28ec8-90ee-44a2-8525-32a2b3e7996d	2	106270799	107397825	728	-0.0166
fbf28ec8-90ee-44a2-8525-32a2b3e7996d	2	107401544	107403066	3	-1.7828
fbf28ec8-90ee-44a2-8525-32a2b3e7996d	2	107403638	113429370	3027	-0.0267
fbf28ec8-90ee-44a2-8525-32a2b3e7996d	2	113429373	113429380	2	-2.6992
fbf28ec8-90ee-44a2-8525-32a2b3e7996d	2	113478959	129791707	10320	-0.0187
fbf28ec8-90ee-44a2-8525-32a2b3e7996d	2	129792678	129800804	6	-4.8329
fbf28ec8-90ee-44a2-8525-32a2b3e7996d	2	129801456	131451478	571	-0.0493
fbf28ec8-90ee-44a2-8525-32a2b3e7996d	2	131451620	131472229	11	-0.7157
fbf28ec8-90ee-44a2-8525-32a2b3e7996d	2	131472300	137642019	3879	-0.0254
fbf28ec8-90ee-44a2-8525-32a2b3e7996d	2	137642524	138280656	390	0.0951
fbf28ec8-90ee-44a2-8525-32a2b3e7996d	2	138285244	146106875	4806	-0.0138
fbf28ec8-90ee-44a2-8525-32a2b3e7996d	2	146106889	146109366	21	-1.5413
fbf28ec8-90ee-44a2-8525-32a2b3e7996d	2	146120238	156740009	6371	-0.0209
fbf28ec8-90ee-44a2-8525-32a2b3e7996d	2	156740852	156742673	2	-2.0044
fbf28ec8-90ee-44a2-8525-32a2b3e7996d	2	156743618	179548644	14044	-0.0234
fbf28ec8-90ee-44a2-8525-32a2b3e7996d	2	179553484	179557410	30	-2.2545
fbf28ec8-90ee-44a2-8525-32a2b3e7996d	2	179560916	185477106	3714	-0.0111
fbf28ec8-90ee-44a2-8525-32a2b3e7996d	2	185477556	186019397	261	0.1346
fbf28ec8-90ee-44a2-8525-32a2b3e7996d	2	186019410	188254196	1210	-0.0208
fbf28ec8-90ee-44a2-8525-32a2b3e7996d	2	188255201	188264331	5	-1.4881
fbf28ec8-90ee-44a2-8525-32a2b3e7996d	2	188264452	188703060	186	-0.0533
fbf28ec8-90ee-44a2-8525-32a2b3e7996d	2	188703229	188714602	25	-2.4887
fbf28ec8-90ee-44a2-8525-32a2b3e7996d	2	188715812	192861897	2488	-0.0266
fbf28ec8-90ee-44a2-8525-32a2b3e7996d	2	192864771	192918099	38	0.2709
fbf28ec8-90ee-44a2-8525-32a2b3e7996d	2	192921900	194778984	898	-0.006
fbf28ec8-90ee-44a2-8525-32a2b3e7996d	2	194779078	195367488	355	0.1227
fbf28ec8-90ee-44a2-8525-32a2b3e7996d	2	195368659	208364430	7744	-0.0279
fbf28ec8-90ee-44a2-8525-32a2b3e7996d	2	208374882	208382496	38	-2.4259
fbf28ec8-90ee-44a2-8525-32a2b3e7996d	2	208382659	211041718	1588	-0.0194
fbf28ec8-90ee-44a2-8525-32a2b3e7996d	2	211047791	211049038	3	-1.4446
fbf28ec8-90ee-44a2-8525-32a2b3e7996d	2	211052953	211212021	109	-0.0304
fbf28ec8-90ee-44a2-8525-32a2b3e7996d	2	211214875	211215593	2	-2.5537
fbf28ec8-90ee-44a2-8525-32a2b3e7996d	2	211218911	242147305	19740	-0.0254
fbf28ec8-90ee-44a2-8525-32a2b3e7996d	3	20930	175497	143	0.0106
fbf28ec8-90ee-44a2-8525-32a2b3e7996d	3	175585	2761620	2240	0.0921
fbf28ec8-90ee-44a2-8525-32a2b3e7996d	3	2761735	4069964	1278	-0.0177
fbf28ec8-90ee-44a2-8525-32a2b3e7996d	3	4072630	4118040	42	-0.8187
fbf28ec8-90ee-44a2-8525-32a2b3e7996d	3	4120493	5622418	1198	-0.0226
fbf28ec8-90ee-44a2-8525-32a2b3e7996d	3	5622868	6772588	1037	0.0646
fbf28ec8-90ee-44a2-8525-32a2b3e7996d	3	6773301	16255161	6956	-0.0407
fbf28ec8-90ee-44a2-8525-32a2b3e7996d	3	16256041	16256427	2	-2.6616
fbf28ec8-90ee-44a2-8525-32a2b3e7996d	3	16257169	16603945	256	-0.0565
fbf28ec8-90ee-44a2-8525-32a2b3e7996d	3	16611390	16616195	4	-1.5274
fbf28ec8-90ee-44a2-8525-32a2b3e7996d	3	16620981	21707297	3022	-0.0182
fbf28ec8-90ee-44a2-8525-32a2b3e7996d	3	21710504	22163684	462	0.0972
fbf28ec8-90ee-44a2-8525-32a2b3e7996d	3	22163747	26015836	2921	-0.0418
fbf28ec8-90ee-44a2-8525-32a2b3e7996d	3	26015985	26016308	2	-1.776
fbf28ec8-90ee-44a2-8525-32a2b3e7996d	3	26018803	26382931	228	0.1007
fbf28ec8-90ee-44a2-8525-32a2b3e7996d	3	26384700	28745397	1544	-0.0242
fbf28ec8-90ee-44a2-8525-32a2b3e7996d	3	28745580	28807547	50	0.0908
fbf28ec8-90ee-44a2-8525-32a2b3e7996d	3	28808743	28810589	2	-1.7135
fbf28ec8-90ee-44a2-8525-32a2b3e7996d	3	28810977	35745871	4597	-0.0383
fbf28ec8-90ee-44a2-8525-32a2b3e7996d	3	35745969	35910731	100	0.142
fbf28ec8-90ee-44a2-8525-32a2b3e7996d	3	35911657	39536767	2519	-0.0454
fbf28ec8-90ee-44a2-8525-32a2b3e7996d	3	39542374	39552351	12	-1.515
fbf28ec8-90ee-44a2-8525-32a2b3e7996d	3	39557291	46751887	4428	-0.0366
fbf28ec8-90ee-44a2-8525-32a2b3e7996d	3	46760327	46817989	41	-0.9211
fbf28ec8-90ee-44a2-8525-32a2b3e7996d	3	46818342	58721446	6383	-0.0475
fbf28ec8-90ee-44a2-8525-32a2b3e7996d	3	58722654	58723678	2	-1.7815
fbf28ec8-90ee-44a2-8525-32a2b3e7996d	3	58725966	59719409	668	-0.0375
fbf28ec8-90ee-44a2-8525-32a2b3e7996d	3	59720118	61041404	1475	0.0822
fbf28ec8-90ee-44a2-8525-32a2b3e7996d	3	61042185	91390926	19030	-0.0315
fbf28ec8-90ee-44a2-8525-32a2b3e7996d	3	91462299	100947516	3841	0.5174
fbf28ec8-90ee-44a2-8525-32a2b3e7996d	3	100950673	100951695	3	-1.3486
fbf28ec8-90ee-44a2-8525-32a2b3e7996d	3	100953918	101555288	359	0.5242
fbf28ec8-90ee-44a2-8525-32a2b3e7996d	3	101559226	101559326	2	-1.2619
fbf28ec8-90ee-44a2-8525-32a2b3e7996d	3	101562865	105002720	2085	0.5095
fbf28ec8-90ee-44a2-8525-32a2b3e7996d	3	105004403	105005007	6	-0.4694
fbf28ec8-90ee-44a2-8525-32a2b3e7996d	3	105009578	114936935	6016	0.5131
fbf28ec8-90ee-44a2-8525-32a2b3e7996d	3	114941745	114942097	6	-0.8574
fbf28ec8-90ee-44a2-8525-32a2b3e7996d	3	114950103	142127992	16672	0.5091
fbf28ec8-90ee-44a2-8525-32a2b3e7996d	3	142131697	142132171	2	-1.5317
fbf28ec8-90ee-44a2-8525-32a2b3e7996d	3	142134891	143566923	913	0.5379
fbf28ec8-90ee-44a2-8525-32a2b3e7996d	3	143566958	143567132	4	3.1477
fbf28ec8-90ee-44a2-8525-32a2b3e7996d	3	143567959	146660742	2017	0.5184
fbf28ec8-90ee-44a2-8525-32a2b3e7996d	3	146661402	147985025	708	0.6046
fbf28ec8-90ee-44a2-8525-32a2b3e7996d	3	147985655	162790480	9133	0.5111
fbf28ec8-90ee-44a2-8525-32a2b3e7996d	3	162794869	162815162	16	-0.132
fbf28ec8-90ee-44a2-8525-32a2b3e7996d	3	162816942	162822702	6	-1.922
fbf28ec8-90ee-44a2-8525-32a2b3e7996d	3	162827928	162908207	48	-0.0852
fbf28ec8-90ee-44a2-8525-32a2b3e7996d	3	162908784	173417604	6255	0.5251
fbf28ec8-90ee-44a2-8525-32a2b3e7996d	3	173418450	173935237	369	0.6556
fbf28ec8-90ee-44a2-8525-32a2b3e7996d	3	173936145	175392901	1049	0.5005
fbf28ec8-90ee-44a2-8525-32a2b3e7996d	3	175393516	176243418	537	0.6411
fbf28ec8-90ee-44a2-8525-32a2b3e7996d	3	176244362	186980310	6414	0.5072
fbf28ec8-90ee-44a2-8525-32a2b3e7996d	3	186983049	186983135	2	-1.0729
fbf28ec8-90ee-44a2-8525-32a2b3e7996d	3	186991016	193160113	4483	0.52
fbf28ec8-90ee-44a2-8525-32a2b3e7996d	3	193160173	193165114	19	1.9933
fbf28ec8-90ee-44a2-8525-32a2b3e7996d	3	193168646	195695422	1484	0.5221
fbf28ec8-90ee-44a2-8525-32a2b3e7996d	3	195702737	195728637	17	0.9784
fbf28ec8-90ee-44a2-8525-32a2b3e7996d	3	195728990	198111566	1167	0.4908
fbf28ec8-90ee-44a2-8525-32a2b3e7996d	3	198118345	198169247	17	-0.2733
fbf28ec8-90ee-44a2-8525-32a2b3e7996d	4	68929	780829	266	-0.0324
fbf28ec8-90ee-44a2-8525-32a2b3e7996d	4	783123	800143	4	-1.5549
fbf28ec8-90ee-44a2-8525-32a2b3e7996d	4	802433	9455251	4870	-0.0495
fbf28ec8-90ee-44a2-8525-32a2b3e7996d	4	9459504	9477560	5	1.243
fbf28ec8-90ee-44a2-8525-32a2b3e7996d	4	9477699	10197004	505	-0.0441
fbf28ec8-90ee-44a2-8525-32a2b3e7996d	4	10197200	10239039	74	0.1931
fbf28ec8-90ee-44a2-8525-32a2b3e7996d	4	10239089	19733858	7115	-0.0349
fbf28ec8-90ee-44a2-8525-32a2b3e7996d	4	19734312	19736654	4	-1.1652
fbf28ec8-90ee-44a2-8525-32a2b3e7996d	4	19740095	21370726	1066	-0.0209
fbf28ec8-90ee-44a2-8525-32a2b3e7996d	4	21370904	21375228	10	-0.7412
fbf28ec8-90ee-44a2-8525-32a2b3e7996d	4	21382117	25054087	2623	-0.0295
fbf28ec8-90ee-44a2-8525-32a2b3e7996d	4	25055047	25057730	9	-1.1476
fbf28ec8-90ee-44a2-8525-32a2b3e7996d	4	25061926	25876458	570	-0.0443
fbf28ec8-90ee-44a2-8525-32a2b3e7996d	4	25878712	25878730	2	-1.4147
fbf28ec8-90ee-44a2-8525-32a2b3e7996d	4	25879222	27685147	1156	-0.0344
fbf28ec8-90ee-44a2-8525-32a2b3e7996d	4	27686024	27687212	3	-1.0511
fbf28ec8-90ee-44a2-8525-32a2b3e7996d	4	27691902	34777432	4360	-0.0174
fbf28ec8-90ee-44a2-8525-32a2b3e7996d	4	34784878	34828327	42	-0.7293
fbf28ec8-90ee-44a2-8525-32a2b3e7996d	4	34828382	42889909	5321	-0.0317
fbf28ec8-90ee-44a2-8525-32a2b3e7996d	4	42893621	43311097	308	0.0981
fbf28ec8-90ee-44a2-8525-32a2b3e7996d	4	43311230	49214614	3302	-0.0156
fbf28ec8-90ee-44a2-8525-32a2b3e7996d	4	49289175	49289338	2	2.0071
fbf28ec8-90ee-44a2-8525-32a2b3e7996d	4	49295203	62802116	6996	-0.0231
fbf28ec8-90ee-44a2-8525-32a2b3e7996d	4	62804218	62805944	8	-0.8197
fbf28ec8-90ee-44a2-8525-32a2b3e7996d	4	62813912	63828222	556	-0.0064
fbf28ec8-90ee-44a2-8525-32a2b3e7996d	4	63831751	63842540	28	-0.5557
fbf28ec8-90ee-44a2-8525-32a2b3e7996d	4	63850713	68354665	2844	-0.0166
fbf28ec8-90ee-44a2-8525-32a2b3e7996d	4	68361130	68623617	90	0.6069
fbf28ec8-90ee-44a2-8525-32a2b3e7996d	4	68639397	69385210	378	0.1219
fbf28ec8-90ee-44a2-8525-32a2b3e7996d	4	69386698	69405833	10	-0.643
fbf28ec8-90ee-44a2-8525-32a2b3e7996d	4	69412731	75323355	3557	-0.0266
fbf28ec8-90ee-44a2-8525-32a2b3e7996d	4	75323564	75325639	2	-1.3886
fbf28ec8-90ee-44a2-8525-32a2b3e7996d	4	75325819	76871452	1019	-0.0252
fbf28ec8-90ee-44a2-8525-32a2b3e7996d	4	76871567	76872219	8	-0.3845
fbf28ec8-90ee-44a2-8525-32a2b3e7996d	4	76872222	76872625	3	-1.4527
fbf28ec8-90ee-44a2-8525-32a2b3e7996d	4	76872676	87888540	6947	-0.0331
fbf28ec8-90ee-44a2-8525-32a2b3e7996d	4	87895580	87896073	5	-1.2955
fbf28ec8-90ee-44a2-8525-32a2b3e7996d	4	87896923	114252544	15668	-0.0292
fbf28ec8-90ee-44a2-8525-32a2b3e7996d	4	114254167	114263073	24	0.7661
fbf28ec8-90ee-44a2-8525-32a2b3e7996d	4	114263096	156035480	24797	-0.0248
fbf28ec8-90ee-44a2-8525-32a2b3e7996d	4	156046823	156052053	16	-0.9432
fbf28ec8-90ee-44a2-8525-32a2b3e7996d	4	156053545	160952848	3051	-0.0216
fbf28ec8-90ee-44a2-8525-32a2b3e7996d	4	160958866	160995812	51	0.303
fbf28ec8-90ee-44a2-8525-32a2b3e7996d	4	160998336	171448195	6622	-0.0212
fbf28ec8-90ee-44a2-8525-32a2b3e7996d	4	171453733	171456625	12	1.1574
fbf28ec8-90ee-44a2-8525-32a2b3e7996d	4	171459220	172501371	638	0.0182
fbf28ec8-90ee-44a2-8525-32a2b3e7996d	4	172503796	172507492	7	1.9893
fbf28ec8-90ee-44a2-8525-32a2b3e7996d	4	172519981	178318447	3530	-0.0201
fbf28ec8-90ee-44a2-8525-32a2b3e7996d	4	178320828	178324622	2	-2.9043
fbf28ec8-90ee-44a2-8525-32a2b3e7996d	4	178325820	178618258	226	0.0981
fbf28ec8-90ee-44a2-8525-32a2b3e7996d	4	178618599	180603978	1460	-0.0094
fbf28ec8-90ee-44a2-8525-32a2b3e7996d	4	180604429	181234669	448	0.0791
fbf28ec8-90ee-44a2-8525-32a2b3e7996d	4	181235433	185528497	3078	-0.026
fbf28ec8-90ee-44a2-8525-32a2b3e7996d	4	185528689	185529627	2	-1.8617
fbf28ec8-90ee-44a2-8525-32a2b3e7996d	4	185529933	188469958	2061	-0.0408
fbf28ec8-90ee-44a2-8525-32a2b3e7996d	4	188472970	190106768	994	0.0537
fbf28ec8-90ee-44a2-8525-32a2b3e7996d	5	15532	741924	323	-0.1213
fbf28ec8-90ee-44a2-8525-32a2b3e7996d	5	742574	825538	29	0.4595
fbf28ec8-90ee-44a2-8525-32a2b3e7996d	5	833513	1020239	75	-0.0458
fbf28ec8-90ee-44a2-8525-32a2b3e7996d	5	1021104	9997086	7658	-0.1298
fbf28ec8-90ee-44a2-8525-32a2b3e7996d	5	9997258	10000705	11	-1.5836
fbf28ec8-90ee-44a2-8525-32a2b3e7996d	5	10008394	15599604	3944	-0.1251
fbf28ec8-90ee-44a2-8525-32a2b3e7996d	5	15599813	16142290	357	-0.0237
fbf28ec8-90ee-44a2-8525-32a2b3e7996d	5	16144583	17515692	931	-0.1498
fbf28ec8-90ee-44a2-8525-32a2b3e7996d	5	17601444	17665232	24	-1.0983
fbf28ec8-90ee-44a2-8525-32a2b3e7996d	5	17668126	44545703	16580	-0.116
fbf28ec8-90ee-44a2-8525-32a2b3e7996d	5	44546208	46246558	637	0.007
fbf28ec8-90ee-44a2-8525-32a2b3e7996d	5	46251204	46273400	9	0.938
fbf28ec8-90ee-44a2-8525-32a2b3e7996d	5	46278110	58030336	5060	-0.0282
fbf28ec8-90ee-44a2-8525-32a2b3e7996d	5	58030453	58037706	30	-0.5486
fbf28ec8-90ee-44a2-8525-32a2b3e7996d	5	58042530	63296924	3446	-0.0286
fbf28ec8-90ee-44a2-8525-32a2b3e7996d	5	63301236	63904532	341	0.1053
fbf28ec8-90ee-44a2-8525-32a2b3e7996d	5	63912416	69779150	3483	-0.0288
fbf28ec8-90ee-44a2-8525-32a2b3e7996d	5	69779164	69822308	3	1.4639
fbf28ec8-90ee-44a2-8525-32a2b3e7996d	5	69937600	70959079	12	0.2959
fbf28ec8-90ee-44a2-8525-32a2b3e7996d	5	71010832	71053366	6	-1.0957
fbf28ec8-90ee-44a2-8525-32a2b3e7996d	5	71095358	84651964	8385	-0.0317
fbf28ec8-90ee-44a2-8525-32a2b3e7996d	5	84653528	84658883	3	1.5246
fbf28ec8-90ee-44a2-8525-32a2b3e7996d	5	84663086	97709417	7157	-0.0272
fbf28ec8-90ee-44a2-8525-32a2b3e7996d	5	97712762	97763616	43	-1.0623
fbf28ec8-90ee-44a2-8525-32a2b3e7996d	5	97763980	104919919	4185	0.0029
fbf28ec8-90ee-44a2-8525-32a2b3e7996d	5	104932396	107011281	1172	0.1229
fbf28ec8-90ee-44a2-8525-32a2b3e7996d	5	107011540	109605591	1718	-0.0235
fbf28ec8-90ee-44a2-8525-32a2b3e7996d	5	109605622	116251149	4754	0.1235
fbf28ec8-90ee-44a2-8525-32a2b3e7996d	5	116260580	116289560	44	-0.8624
fbf28ec8-90ee-44a2-8525-32a2b3e7996d	5	116291323	156048095	25325	0.1098
fbf28ec8-90ee-44a2-8525-32a2b3e7996d	5	156049762	156055719	14	-0.69
fbf28ec8-90ee-44a2-8525-32a2b3e7996d	5	156068240	169984450	9650	0.1097
fbf28ec8-90ee-44a2-8525-32a2b3e7996d	5	169985876	169989470	3	-1.4496
fbf28ec8-90ee-44a2-8525-32a2b3e7996d	5	169991477	177926412	5108	0.0942
fbf28ec8-90ee-44a2-8525-32a2b3e7996d	5	177929702	177933867	3	1.7345
fbf28ec8-90ee-44a2-8525-32a2b3e7996d	5	177950647	179469618	920	0.0912
fbf28ec8-90ee-44a2-8525-32a2b3e7996d	5	179469650	179469873	3	1.3733
fbf28ec8-90ee-44a2-8525-32a2b3e7996d	5	179472732	180934813	849	0.1173
fbf28ec8-90ee-44a2-8525-32a2b3e7996d	5	180934838	180990911	22	-0.6536
fbf28ec8-90ee-44a2-8525-32a2b3e7996d	5	180991103	181363319	171	0.0513
fbf28ec8-90ee-44a2-8525-32a2b3e7996d	6	149661	254283	101	0.0163
fbf28ec8-90ee-44a2-8525-32a2b3e7996d	6	257353	381149	101	0.6489
fbf28ec8-90ee-44a2-8525-32a2b3e7996d	6	382559	7913313	6233	-0.0204
fbf28ec8-90ee-44a2-8525-32a2b3e7996d	6	7913450	7917295	5	-0.9184
fbf28ec8-90ee-44a2-8525-32a2b3e7996d	6	7918078	9196445	919	-0.0443
fbf28ec8-90ee-44a2-8525-32a2b3e7996d	6	9201267	9211994	4	-1.8014
fbf28ec8-90ee-44a2-8525-32a2b3e7996d	6	9221510	26671100	12790	-0.0375
fbf28ec8-90ee-44a2-8525-32a2b3e7996d	6	26739314	26739499	2	-2.1693
fbf28ec8-90ee-44a2-8525-32a2b3e7996d	6	26743855	26759781	6	1.015
fbf28ec8-90ee-44a2-8525-32a2b3e7996d	6	26831719	29881260	1422	0.0001
fbf28ec8-90ee-44a2-8525-32a2b3e7996d	6	29881324	29933799	23	0.5738
fbf28ec8-90ee-44a2-8525-32a2b3e7996d	6	29940692	31318528	637	-0.0136
fbf28ec8-90ee-44a2-8525-32a2b3e7996d	6	31318754	31342147	10	-1.5751
fbf28ec8-90ee-44a2-8525-32a2b3e7996d	6	31349570	32656527	552	-0.0712
fbf28ec8-90ee-44a2-8525-32a2b3e7996d	6	32656814	32658841	5	-1.4431
fbf28ec8-90ee-44a2-8525-32a2b3e7996d	6	32682835	34691277	1182	-0.0309
fbf28ec8-90ee-44a2-8525-32a2b3e7996d	6	34691448	34736756	20	-0.4973
fbf28ec8-90ee-44a2-8525-32a2b3e7996d	6	34736836	57350696	14425	-0.0371
fbf28ec8-90ee-44a2-8525-32a2b3e7996d	6	57368944	61823514	775	0.0651
fbf28ec8-90ee-44a2-8525-32a2b3e7996d	6	61823563	62872363	543	-0.0082
fbf28ec8-90ee-44a2-8525-32a2b3e7996d	6	62872753	62876877	2	-1.2012
fbf28ec8-90ee-44a2-8525-32a2b3e7996d	6	62888548	64627049	922	-0.0257
fbf28ec8-90ee-44a2-8525-32a2b3e7996d	6	64637651	64639099	2	-2.469
fbf28ec8-90ee-44a2-8525-32a2b3e7996d	6	64640883	73882142	6147	-0.0217
fbf28ec8-90ee-44a2-8525-32a2b3e7996d	6	73882509	73891694	10	0.9306
fbf28ec8-90ee-44a2-8525-32a2b3e7996d	6	73893839	77299271	2121	-0.02
fbf28ec8-90ee-44a2-8525-32a2b3e7996d	6	77301050	77301685	3	-1.234
fbf28ec8-90ee-44a2-8525-32a2b3e7996d	6	77304438	78169795	574	-0.0159
fbf28ec8-90ee-44a2-8525-32a2b3e7996d	6	78171734	78190303	8	-0.7148
fbf28ec8-90ee-44a2-8525-32a2b3e7996d	6	78196510	78252522	49	0.071
fbf28ec8-90ee-44a2-8525-32a2b3e7996d	6	78252576	78329517	119	0.2233
fbf28ec8-90ee-44a2-8525-32a2b3e7996d	6	78331916	89921613	7190	-0.022
fbf28ec8-90ee-44a2-8525-32a2b3e7996d	6	89923988	89924308	2	-1.64
fbf28ec8-90ee-44a2-8525-32a2b3e7996d	6	89925193	93760711	2684	-0.0207
fbf28ec8-90ee-44a2-8525-32a2b3e7996d	6	93761148	94965875	786	0.0935
fbf28ec8-90ee-44a2-8525-32a2b3e7996d	6	94970302	170741917	48815	-0.0291
fbf28ec8-90ee-44a2-8525-32a2b3e7996d	7	43355	4372775	2294	-0.0533
fbf28ec8-90ee-44a2-8525-32a2b3e7996d	7	4377317	4379241	7	-1.5684
fbf28ec8-90ee-44a2-8525-32a2b3e7996d	7	4381830	8208113	2267	-0.0398
fbf28ec8-90ee-44a2-8525-32a2b3e7996d	7	8208585	8562339	312	0.0567
fbf28ec8-90ee-44a2-8525-32a2b3e7996d	7	8572485	8579226	8	-0.878
fbf28ec8-90ee-44a2-8525-32a2b3e7996d	7	8583231	10760434	1682	0.0471
fbf28ec8-90ee-44a2-8525-32a2b3e7996d	7	10761715	88558005	47640	-0.0266
fbf28ec8-90ee-44a2-8525-32a2b3e7996d	7	88563524	90180947	1087	0.0871
fbf28ec8-90ee-44a2-8525-32a2b3e7996d	7	90184663	91728554	1087	-0.0293
fbf28ec8-90ee-44a2-8525-32a2b3e7996d	7	91728979	91729225	3	-1.4373
fbf28ec8-90ee-44a2-8525-32a2b3e7996d	7	91729456	101323817	5264	-0.0321
fbf28ec8-90ee-44a2-8525-32a2b3e7996d	7	101325082	101498586	76	-0.2444
fbf28ec8-90ee-44a2-8525-32a2b3e7996d	7	101498690	103761796	1012	-0.0422
fbf28ec8-90ee-44a2-8525-32a2b3e7996d	7	103762613	103764368	5	-1.4782
fbf28ec8-90ee-44a2-8525-32a2b3e7996d	7	103770398	109793741	3979	-0.0221
fbf28ec8-90ee-44a2-8525-32a2b3e7996d	7	109797035	109797700	14	-0.9344
fbf28ec8-90ee-44a2-8525-32a2b3e7996d	7	109797715	109801155	10	-0.0773
fbf28ec8-90ee-44a2-8525-32a2b3e7996d	7	109801187	109813853	11	-2.2801
fbf28ec8-90ee-44a2-8525-32a2b3e7996d	7	109813925	111109280	861	-0.0345
fbf28ec8-90ee-44a2-8525-32a2b3e7996d	7	111109707	111713305	373	0.0967
fbf28ec8-90ee-44a2-8525-32a2b3e7996d	7	111714873	112407599	477	-0.0424
fbf28ec8-90ee-44a2-8525-32a2b3e7996d	7	112408052	112883836	266	0.0736
fbf28ec8-90ee-44a2-8525-32a2b3e7996d	7	112886606	118491626	3341	-0.0337
fbf28ec8-90ee-44a2-8525-32a2b3e7996d	7	118495687	118521318	16	-0.9705
fbf28ec8-90ee-44a2-8525-32a2b3e7996d	7	118524676	126404920	4665	-0.0293
fbf28ec8-90ee-44a2-8525-32a2b3e7996d	7	126405428	126406561	12	0.8436
fbf28ec8-90ee-44a2-8525-32a2b3e7996d	7	126406822	126603964	141	0.0126
fbf28ec8-90ee-44a2-8525-32a2b3e7996d	7	126604276	126638307	11	0.514
fbf28ec8-90ee-44a2-8525-32a2b3e7996d	7	126638754	134100424	4537	-0.0362
fbf28ec8-90ee-44a2-8525-32a2b3e7996d	7	134100442	134110881	24	-2.4227
fbf28ec8-90ee-44a2-8525-32a2b3e7996d	7	134110912	142049550	5170	-0.0434
fbf28ec8-90ee-44a2-8525-32a2b3e7996d	7	142049835	142825311	512	0.0848
fbf28ec8-90ee-44a2-8525-32a2b3e7996d	7	142827647	143733941	453	-0.0121
fbf28ec8-90ee-44a2-8525-32a2b3e7996d	7	143773027	143850179	15	-1.0391
fbf28ec8-90ee-44a2-8525-32a2b3e7996d	7	143875073	159334314	9885	-0.0269
fbf28ec8-90ee-44a2-8525-32a2b3e7996d	8	81254	644973	323	-0.0116
fbf28ec8-90ee-44a2-8525-32a2b3e7996d	8	645220	645875	6	1.4155
fbf28ec8-90ee-44a2-8525-32a2b3e7996d	8	645892	645908	2	6.158
fbf28ec8-90ee-44a2-8525-32a2b3e7996d	8	656117	2844412	1696	-0.0156
fbf28ec8-90ee-44a2-8525-32a2b3e7996d	8	2846011	2846377	7	-1.3851
fbf28ec8-90ee-44a2-8525-32a2b3e7996d	8	2849649	3671707	916	-0.0251
fbf28ec8-90ee-44a2-8525-32a2b3e7996d	8	3673178	6012416	3396	0.0478
fbf28ec8-90ee-44a2-8525-32a2b3e7996d	8	6012780	6013116	3	-1.592
fbf28ec8-90ee-44a2-8525-32a2b3e7996d	8	6014305	6203649	233	0.076
fbf28ec8-90ee-44a2-8525-32a2b3e7996d	8	6203906	6205036	11	0.62
fbf28ec8-90ee-44a2-8525-32a2b3e7996d	8	6205279	6376396	302	-0.0244
fbf28ec8-90ee-44a2-8525-32a2b3e7996d	8	6377836	6378028	6	-0.9609
fbf28ec8-90ee-44a2-8525-32a2b3e7996d	8	6380685	7182331	794	-0.0287
fbf28ec8-90ee-44a2-8525-32a2b3e7996d	8	7185818	7941868	55	-1.321
fbf28ec8-90ee-44a2-8525-32a2b3e7996d	8	7974123	8132772	13	0.7069
fbf28ec8-90ee-44a2-8525-32a2b3e7996d	8	8139659	12092042	3204	-0.0275
fbf28ec8-90ee-44a2-8525-32a2b3e7996d	8	12130217	12177488	8	-2.3032
fbf28ec8-90ee-44a2-8525-32a2b3e7996d	8	12323772	12389977	29	-0.1177
fbf28ec8-90ee-44a2-8525-32a2b3e7996d	8	12418301	12616034	20	-0.9279
fbf28ec8-90ee-44a2-8525-32a2b3e7996d	8	12616049	16339682	3452	-0.0092
fbf28ec8-90ee-44a2-8525-32a2b3e7996d	8	16349445	16349614	8	-1.847
fbf28ec8-90ee-44a2-8525-32a2b3e7996d	8	16354575	24287917	6253	-0.0281
fbf28ec8-90ee-44a2-8525-32a2b3e7996d	8	24289650	24293553	3	-1.1555
fbf28ec8-90ee-44a2-8525-32a2b3e7996d	8	24293995	25116961	648	-0.0336
fbf28ec8-90ee-44a2-8525-32a2b3e7996d	8	25117007	25126818	25	0.6502
fbf28ec8-90ee-44a2-8525-32a2b3e7996d	8	25133589	39354980	8954	-0.0288
fbf28ec8-90ee-44a2-8525-32a2b3e7996d	8	39356427	39531496	73	0.2896
fbf28ec8-90ee-44a2-8525-32a2b3e7996d	8	39531510	49613866	4266	-0.0307
fbf28ec8-90ee-44a2-8525-32a2b3e7996d	8	49617594	49621097	5	-1.3914
fbf28ec8-90ee-44a2-8525-32a2b3e7996d	8	49626778	54019108	2830	-0.0197
fbf28ec8-90ee-44a2-8525-32a2b3e7996d	8	54021281	54021512	2	-4.1791
fbf28ec8-90ee-44a2-8525-32a2b3e7996d	8	54025271	74406948	12917	-0.0312
fbf28ec8-90ee-44a2-8525-32a2b3e7996d	8	74410642	74416300	5	-1.1794
fbf28ec8-90ee-44a2-8525-32a2b3e7996d	8	74419850	95402606	12130	-0.0249
fbf28ec8-90ee-44a2-8525-32a2b3e7996d	8	95403080	95403455	2	-1.8316
fbf28ec8-90ee-44a2-8525-32a2b3e7996d	8	95404316	105911241	6446	-0.0304
fbf28ec8-90ee-44a2-8525-32a2b3e7996d	8	105911266	106471434	374	0.063
fbf28ec8-90ee-44a2-8525-32a2b3e7996d	8	106477484	111282237	2868	-0.0263
fbf28ec8-90ee-44a2-8525-32a2b3e7996d	8	111282417	111283031	7	1.3915
fbf28ec8-90ee-44a2-8525-32a2b3e7996d	8	111288052	114529210	1766	-0.0213
fbf28ec8-90ee-44a2-8525-32a2b3e7996d	8	114529491	114879397	242	0.1235
fbf28ec8-90ee-44a2-8525-32a2b3e7996d	8	114879450	140908781	18977	-0.0318
fbf28ec8-90ee-44a2-8525-32a2b3e7996d	8	140916075	144831250	1703	-0.0937
fbf28ec8-90ee-44a2-8525-32a2b3e7996d	8	144831876	145072769	146	0.0211
fbf28ec8-90ee-44a2-8525-32a2b3e7996d	9	46587	602903	507	0.0095
fbf28ec8-90ee-44a2-8525-32a2b3e7996d	9	606699	606893	3	1.1357
fbf28ec8-90ee-44a2-8525-32a2b3e7996d	9	606961	608808	13	0.1479
fbf28ec8-90ee-44a2-8525-32a2b3e7996d	9	611164	705168	168	-1.1365
fbf28ec8-90ee-44a2-8525-32a2b3e7996d	9	705509	10745767	9607	-0.0011
fbf28ec8-90ee-44a2-8525-32a2b3e7996d	9	10747853	10748798	2	-2.0789
fbf28ec8-90ee-44a2-8525-32a2b3e7996d	9	10749355	11441541	488	0.002
fbf28ec8-90ee-44a2-8525-32a2b3e7996d	9	11441728	12521650	840	0.1083
fbf28ec8-90ee-44a2-8525-32a2b3e7996d	9	12521813	28016842	12237	-0.0315
fbf28ec8-90ee-44a2-8525-32a2b3e7996d	9	28018772	30682489	1906	0.0305
fbf28ec8-90ee-44a2-8525-32a2b3e7996d	9	30682541	38486214	4983	-0.0366
fbf28ec8-90ee-44a2-8525-32a2b3e7996d	9	38488922	38498484	4	-1.1125
fbf28ec8-90ee-44a2-8525-32a2b3e7996d	9	38500229	39807498	316	-0.0438
fbf28ec8-90ee-44a2-8525-32a2b3e7996d	9	39827488	42179276	124	0.1882
fbf28ec8-90ee-44a2-8525-32a2b3e7996d	9	42202227	42711956	25	-0.134
fbf28ec8-90ee-44a2-8525-32a2b3e7996d	9	42715233	42715632	2	-1.844
fbf28ec8-90ee-44a2-8525-32a2b3e7996d	9	42719891	69413658	1110	-0.0425
fbf28ec8-90ee-44a2-8525-32a2b3e7996d	9	69420283	69422153	7	0.695
fbf28ec8-90ee-44a2-8525-32a2b3e7996d	9	69425505	69425640	6	0.0709
fbf28ec8-90ee-44a2-8525-32a2b3e7996d	9	69433182	69434688	4	0.8548
fbf28ec8-90ee-44a2-8525-32a2b3e7996d	9	69441481	71641083	1664	-0.0423
fbf28ec8-90ee-44a2-8525-32a2b3e7996d	9	71641820	71643908	19	-0.9262
fbf28ec8-90ee-44a2-8525-32a2b3e7996d	9	71647284	102858958	21491	-0.0384
fbf28ec8-90ee-44a2-8525-32a2b3e7996d	9	102859508	104599429	1279	0.0131
fbf28ec8-90ee-44a2-8525-32a2b3e7996d	9	104601552	104604239	26	-0.9417
fbf28ec8-90ee-44a2-8525-32a2b3e7996d	9	104607598	138200944	22358	-0.044
fbf28ec8-90ee-44a2-8525-32a2b3e7996d	10	45792	53167767	35617	-0.0321
fbf28ec8-90ee-44a2-8525-32a2b3e7996d	10	53170094	53179393	10	-0.9544
fbf28ec8-90ee-44a2-8525-32a2b3e7996d	10	53181641	53904245	535	0.0111
fbf28ec8-90ee-44a2-8525-32a2b3e7996d	10	53904266	53905230	2	-2.3757
fbf28ec8-90ee-44a2-8525-32a2b3e7996d	10	53914357	56566705	1840	0.0095
fbf28ec8-90ee-44a2-8525-32a2b3e7996d	10	56566735	56722996	88	-1.0505
fbf28ec8-90ee-44a2-8525-32a2b3e7996d	10	56725253	60347124	2786	-0.0336
fbf28ec8-90ee-44a2-8525-32a2b3e7996d	10	60352694	60353653	2	-1.8646
fbf28ec8-90ee-44a2-8525-32a2b3e7996d	10	60356625	65548272	3389	-0.0301
fbf28ec8-90ee-44a2-8525-32a2b3e7996d	10	65548833	65563168	25	0.4723
fbf28ec8-90ee-44a2-8525-32a2b3e7996d	10	65565695	65581795	17	-0.0032
fbf28ec8-90ee-44a2-8525-32a2b3e7996d	10	65583696	65584197	8	-0.5977
fbf28ec8-90ee-44a2-8525-32a2b3e7996d	10	65585009	66092292	439	-0.0278
fbf28ec8-90ee-44a2-8525-32a2b3e7996d	10	66092724	66099095	7	0.5345
fbf28ec8-90ee-44a2-8525-32a2b3e7996d	10	66099754	66192893	43	-0.0251
fbf28ec8-90ee-44a2-8525-32a2b3e7996d	10	66195607	66196591	2	-1.7791
fbf28ec8-90ee-44a2-8525-32a2b3e7996d	10	66197161	66322981	100	-0.0003
fbf28ec8-90ee-44a2-8525-32a2b3e7996d	10	66325033	67193100	621	0.0759
fbf28ec8-90ee-44a2-8525-32a2b3e7996d	10	67193374	133415637	44652	-0.0372
fbf28ec8-90ee-44a2-8525-32a2b3e7996d	10	133416215	133416364	2	-2.1851
fbf28ec8-90ee-44a2-8525-32a2b3e7996d	10	133419150	133654968	148	0.0319
fbf28ec8-90ee-44a2-8525-32a2b3e7996d	11	198510	4217176	1729	-0.0495
fbf28ec8-90ee-44a2-8525-32a2b3e7996d	11	4217824	4241343	7	0.8188
fbf28ec8-90ee-44a2-8525-32a2b3e7996d	11	4247390	4286769	14	0.2672
fbf28ec8-90ee-44a2-8525-32a2b3e7996d	11	4298482	4337826	10	0.98
fbf28ec8-90ee-44a2-8525-32a2b3e7996d	11	4363567	4946420	650	-0.0064
fbf28ec8-90ee-44a2-8525-32a2b3e7996d	11	4947280	4957152	32	-0.4546
fbf28ec8-90ee-44a2-8525-32a2b3e7996d	11	4961686	5431336	418	-0.0114
fbf28ec8-90ee-44a2-8525-32a2b3e7996d	11	5432455	5432580	3	-1.1833
fbf28ec8-90ee-44a2-8525-32a2b3e7996d	11	5432743	5451759	30	-0.0654
fbf28ec8-90ee-44a2-8525-32a2b3e7996d	11	5452584	5514145	98	0.0755
fbf28ec8-90ee-44a2-8525-32a2b3e7996d	11	5514299	5762693	223	-0.0611
fbf28ec8-90ee-44a2-8525-32a2b3e7996d	11	5766175	5787909	33	-0.7334
fbf28ec8-90ee-44a2-8525-32a2b3e7996d	11	5788108	18919323	9380	-0.0225
fbf28ec8-90ee-44a2-8525-32a2b3e7996d	11	18927525	18939734	36	0.5716
fbf28ec8-90ee-44a2-8525-32a2b3e7996d	11	18939749	18952747	24	0.2881
fbf28ec8-90ee-44a2-8525-32a2b3e7996d	11	18953675	20623749	1484	-0.0328
fbf28ec8-90ee-44a2-8525-32a2b3e7996d	11	20624546	26765423	4718	0.0006
fbf28ec8-90ee-44a2-8525-32a2b3e7996d	11	26765727	37106099	7158	-0.0307
fbf28ec8-90ee-44a2-8525-32a2b3e7996d	11	37106251	37843070	491	0.0745
fbf28ec8-90ee-44a2-8525-32a2b3e7996d	11	37844692	48409947	6568	-0.0289
fbf28ec8-90ee-44a2-8525-32a2b3e7996d	11	48411143	48642055	111	0.1674
fbf28ec8-90ee-44a2-8525-32a2b3e7996d	11	48644484	50324818	685	-0.0163
fbf28ec8-90ee-44a2-8525-32a2b3e7996d	11	50337834	55608785	465	0.0861
fbf28ec8-90ee-44a2-8525-32a2b3e7996d	11	55608804	55674842	41	0.4478
fbf28ec8-90ee-44a2-8525-32a2b3e7996d	11	55676735	56212802	393	0.085
fbf28ec8-90ee-44a2-8525-32a2b3e7996d	11	56213360	64825436	4723	-0.0338
fbf28ec8-90ee-44a2-8525-32a2b3e7996d	11	64828200	65894490	401	-0.1719
fbf28ec8-90ee-44a2-8525-32a2b3e7996d	11	65894607	74313212	3994	-0.03
fbf28ec8-90ee-44a2-8525-32a2b3e7996d	11	74314244	74315183	2	-3.1118
fbf28ec8-90ee-44a2-8525-32a2b3e7996d	11	74318485	89741663	10265	-0.0195
fbf28ec8-90ee-44a2-8525-32a2b3e7996d	11	89754781	89796439	5	-1.5974
fbf28ec8-90ee-44a2-8525-32a2b3e7996d	11	89802300	99968957	7224	-0.0112
fbf28ec8-90ee-44a2-8525-32a2b3e7996d	11	99972614	99972870	3	-1.906
fbf28ec8-90ee-44a2-8525-32a2b3e7996d	11	99974970	128463624	19978	-0.0303
fbf28ec8-90ee-44a2-8525-32a2b3e7996d	11	128464871	128465155	7	-2.5574
fbf28ec8-90ee-44a2-8525-32a2b3e7996d	11	128467731	134280635	4471	-0.0283
fbf28ec8-90ee-44a2-8525-32a2b3e7996d	11	134282136	134340635	36	0.7639
fbf28ec8-90ee-44a2-8525-32a2b3e7996d	11	134340968	135074876	589	-0.0308
fbf28ec8-90ee-44a2-8525-32a2b3e7996d	12	51460	25339159	17018	-0.0303
fbf28ec8-90ee-44a2-8525-32a2b3e7996d	12	25341622	25341804	2	-1.9982
fbf28ec8-90ee-44a2-8525-32a2b3e7996d	12	25342720	33233822	5754	-0.0244
fbf28ec8-90ee-44a2-8525-32a2b3e7996d	12	33235894	33242483	5	-2.8482
fbf28ec8-90ee-44a2-8525-32a2b3e7996d	12	33246118	34309460	639	0.0215
fbf28ec8-90ee-44a2-8525-32a2b3e7996d	12	34311534	34396183	35	-0.4646
fbf28ec8-90ee-44a2-8525-32a2b3e7996d	12	34398052	37640556	105	-0.0106
fbf28ec8-90ee-44a2-8525-32a2b3e7996d	12	37659337	37712140	28	-0.5189
fbf28ec8-90ee-44a2-8525-32a2b3e7996d	12	37712311	38197373	114	-0.0195
fbf28ec8-90ee-44a2-8525-32a2b3e7996d	12	38199116	38779583	350	0.0904
fbf28ec8-90ee-44a2-8525-32a2b3e7996d	12	38779672	41818601	2002	-0.0263
fbf28ec8-90ee-44a2-8525-32a2b3e7996d	12	41820883	41824823	2	-1.9918
fbf28ec8-90ee-44a2-8525-32a2b3e7996d	12	41825395	108467757	42107	-0.0302
fbf28ec8-90ee-44a2-8525-32a2b3e7996d	12	108470217	108471142	2	-2.3728
fbf28ec8-90ee-44a2-8525-32a2b3e7996d	12	108474317	133201603	16410	-0.0383
fbf28ec8-90ee-44a2-8525-32a2b3e7996d	13	18452809	57184255	25930	-0.0236
fbf28ec8-90ee-44a2-8525-32a2b3e7996d	13	57184492	57204246	30	-0.7765
fbf28ec8-90ee-44a2-8525-32a2b3e7996d	13	57215580	57232451	13	-0.1012
fbf28ec8-90ee-44a2-8525-32a2b3e7996d	13	57236166	57253912	10	0.798
fbf28ec8-90ee-44a2-8525-32a2b3e7996d	13	57253945	63553232	3704	-0.0224
fbf28ec8-90ee-44a2-8525-32a2b3e7996d	13	63558088	68497873	3009	0.0084
fbf28ec8-90ee-44a2-8525-32a2b3e7996d	13	68498567	105142751	24670	-0.0286
fbf28ec8-90ee-44a2-8525-32a2b3e7996d	13	105143176	105733655	454	0.0934
fbf28ec8-90ee-44a2-8525-32a2b3e7996d	13	105734204	113932597	5925	-0.0294
fbf28ec8-90ee-44a2-8525-32a2b3e7996d	13	113933601	114092608	41	-0.3711
fbf28ec8-90ee-44a2-8525-32a2b3e7996d	13	114095469	114342922	115	-0.061
fbf28ec8-90ee-44a2-8525-32a2b3e7996d	14	18239283	19383592	52	-0.1145
fbf28ec8-90ee-44a2-8525-32a2b3e7996d	14	19385032	19675350	11	0.7151
fbf28ec8-90ee-44a2-8525-32a2b3e7996d	14	19689684	19754411	14	-0.2327
fbf28ec8-90ee-44a2-8525-32a2b3e7996d	14	19755844	19955213	89	-0.4679
fbf28ec8-90ee-44a2-8525-32a2b3e7996d	14	19956767	21570528	1068	-0.0271
fbf28ec8-90ee-44a2-8525-32a2b3e7996d	14	21573985	21580443	4	0.118
fbf28ec8-90ee-44a2-8525-32a2b3e7996d	14	21582009	21587633	11	1.1635
fbf28ec8-90ee-44a2-8525-32a2b3e7996d	14	21604196	22534369	797	0.1172
fbf28ec8-90ee-44a2-8525-32a2b3e7996d	14	22535762	27921514	3386	-0.0257
fbf28ec8-90ee-44a2-8525-32a2b3e7996d	14	27922858	27925829	5	-1.0061
fbf28ec8-90ee-44a2-8525-32a2b3e7996d	14	27927073	40139724	7548	-0.0352
fbf28ec8-90ee-44a2-8525-32a2b3e7996d	14	40144718	40147715	2	-2.5222
fbf28ec8-90ee-44a2-8525-32a2b3e7996d	14	40148961	69551330	18492	-0.0264
fbf28ec8-90ee-44a2-8525-32a2b3e7996d	14	69551651	69555750	8	-0.9337
fbf28ec8-90ee-44a2-8525-32a2b3e7996d	14	69555996	73534419	2613	-0.0377
fbf28ec8-90ee-44a2-8525-32a2b3e7996d	14	73540003	73554275	8	0.9739
fbf28ec8-90ee-44a2-8525-32a2b3e7996d	14	73563196	85985567	8237	-0.03
fbf28ec8-90ee-44a2-8525-32a2b3e7996d	14	85994282	86022097	37	-1.0021
fbf28ec8-90ee-44a2-8525-32a2b3e7996d	14	86023867	106877229	12809	-0.033
fbf28ec8-90ee-44a2-8525-32a2b3e7996d	15	19811075	20064520	54	-0.0326
fbf28ec8-90ee-44a2-8525-32a2b3e7996d	15	20187568	20373168	34	-0.7063
fbf28ec8-90ee-44a2-8525-32a2b3e7996d	15	20376198	20376202	5	0.2771
fbf28ec8-90ee-44a2-8525-32a2b3e7996d	15	20376309	20381492	9	-1.0184
fbf28ec8-90ee-44a2-8525-32a2b3e7996d	15	20381659	20614765	33	-0.6323
fbf28ec8-90ee-44a2-8525-32a2b3e7996d	15	20625071	21053458	24	-1.1014
fbf28ec8-90ee-44a2-8525-32a2b3e7996d	15	21063689	21078947	6	-2.0554
fbf28ec8-90ee-44a2-8525-32a2b3e7996d	15	21085447	21272760	9	-0.923
fbf28ec8-90ee-44a2-8525-32a2b3e7996d	15	21417107	23746379	585	-0.0632
fbf28ec8-90ee-44a2-8525-32a2b3e7996d	15	23749749	23750701	2	-2.368
fbf28ec8-90ee-44a2-8525-32a2b3e7996d	15	23751052	24429986	438	0.0111
fbf28ec8-90ee-44a2-8525-32a2b3e7996d	15	24435245	24473449	31	-0.7464
fbf28ec8-90ee-44a2-8525-32a2b3e7996d	15	24480146	29061605	2895	-0.0343
fbf28ec8-90ee-44a2-8525-32a2b3e7996d	15	29062516	29135435	44	-0.3608
fbf28ec8-90ee-44a2-8525-32a2b3e7996d	15	29136814	30077828	645	-0.0193
fbf28ec8-90ee-44a2-8525-32a2b3e7996d	15	30094208	30515739	36	-0.8291
fbf28ec8-90ee-44a2-8525-32a2b3e7996d	15	30595753	76598900	28944	-0.0357
fbf28ec8-90ee-44a2-8525-32a2b3e7996d	15	76599170	76603434	21	-0.5926
fbf28ec8-90ee-44a2-8525-32a2b3e7996d	15	76609838	87272407	6642	-0.0283
fbf28ec8-90ee-44a2-8525-32a2b3e7996d	15	87274811	87482607	176	0.1325
fbf28ec8-90ee-44a2-8525-32a2b3e7996d	15	87483353	90674815	2078	-0.0374
fbf28ec8-90ee-44a2-8525-32a2b3e7996d	15	90677814	90678076	2	-1.6493
fbf28ec8-90ee-44a2-8525-32a2b3e7996d	15	90685662	91933833	906	-0.0103
fbf28ec8-90ee-44a2-8525-32a2b3e7996d	15	91934149	91943920	7	-1.2689
fbf28ec8-90ee-44a2-8525-32a2b3e7996d	15	91944528	101928837	7734	-0.0337
fbf28ec8-90ee-44a2-8525-32a2b3e7996d	16	10777	14895982	11087	0.5325
fbf28ec8-90ee-44a2-8525-32a2b3e7996d	16	14954911	15022400	52	-0.3855
fbf28ec8-90ee-44a2-8525-32a2b3e7996d	16	15031584	15976128	391	0.4869
fbf28ec8-90ee-44a2-8525-32a2b3e7996d	16	15977992	15983366	9	-1.2381
fbf28ec8-90ee-44a2-8525-32a2b3e7996d	16	15984017	16236633	182	0.3887
fbf28ec8-90ee-44a2-8525-32a2b3e7996d	16	16246583	16419781	7	1.063
fbf28ec8-90ee-44a2-8525-32a2b3e7996d	16	16435734	16539504	9	0.1954
fbf28ec8-90ee-44a2-8525-32a2b3e7996d	16	16539715	16563603	7	-0.7906
fbf28ec8-90ee-44a2-8525-32a2b3e7996d	16	16569719	19933041	1689	0.5504
fbf28ec8-90ee-44a2-8525-32a2b3e7996d	16	19934328	19956040	29	-1.1669
fbf28ec8-90ee-44a2-8525-32a2b3e7996d	16	19958932	21401082	892	0.5211
fbf28ec8-90ee-44a2-8525-32a2b3e7996d	16	21503753	21525880	7	-0.2765
fbf28ec8-90ee-44a2-8525-32a2b3e7996d	16	21528071	22430653	376	0.471
fbf28ec8-90ee-44a2-8525-32a2b3e7996d	16	22430699	22669412	57	0.2202
fbf28ec8-90ee-44a2-8525-32a2b3e7996d	16	22669541	26964643	3061	0.5366
fbf28ec8-90ee-44a2-8525-32a2b3e7996d	16	26964828	26965154	3	-0.7577
fbf28ec8-90ee-44a2-8525-32a2b3e7996d	16	26967527	28620264	997	0.5322
fbf28ec8-90ee-44a2-8525-32a2b3e7996d	16	28637882	30374600	428	0.4015
fbf28ec8-90ee-44a2-8525-32a2b3e7996d	16	30374941	31322915	340	0.5644
fbf28ec8-90ee-44a2-8525-32a2b3e7996d	16	31325567	31404162	40	1.0293
fbf28ec8-90ee-44a2-8525-32a2b3e7996d	16	31406736	31549369	58	0.5712
fbf28ec8-90ee-44a2-8525-32a2b3e7996d	16	31554195	31554885	2	-1.4743
fbf28ec8-90ee-44a2-8525-32a2b3e7996d	16	31556213	55761136	7145	0.5331
fbf28ec8-90ee-44a2-8525-32a2b3e7996d	16	55762477	55782734	18	-0.2152
fbf28ec8-90ee-44a2-8525-32a2b3e7996d	16	55782793	66125367	6871	0.5467
fbf28ec8-90ee-44a2-8525-32a2b3e7996d	16	66125395	76460657	5586	0.5087
fbf28ec8-90ee-44a2-8525-32a2b3e7996d	16	76460995	76764575	182	0.5744
fbf28ec8-90ee-44a2-8525-32a2b3e7996d	16	76764612	76772531	3	-1.499
fbf28ec8-90ee-44a2-8525-32a2b3e7996d	16	76774655	88316374	11455	0.5301
fbf28ec8-90ee-44a2-8525-32a2b3e7996d	16	88316868	90068899	726	0.4037
fbf28ec8-90ee-44a2-8525-32a2b3e7996d	16	90071990	90096867	15	0.6416
fbf28ec8-90ee-44a2-8525-32a2b3e7996d	17	150733	1905973	837	-0.1167
fbf28ec8-90ee-44a2-8525-32a2b3e7996d	17	1906747	10855953	5419	-0.0293
fbf28ec8-90ee-44a2-8525-32a2b3e7996d	17	10858883	10864032	9	-1.0139
fbf28ec8-90ee-44a2-8525-32a2b3e7996d	17	10864881	18458372	5087	-0.0203
fbf28ec8-90ee-44a2-8525-32a2b3e7996d	17	18461528	18508609	12	-0.9643
fbf28ec8-90ee-44a2-8525-32a2b3e7996d	17	18509244	41265456	9375	-0.0365
fbf28ec8-90ee-44a2-8525-32a2b3e7996d	17	41266762	41274198	23	-1.3501
fbf28ec8-90ee-44a2-8525-32a2b3e7996d	17	41274279	43354897	1105	-0.0566
fbf28ec8-90ee-44a2-8525-32a2b3e7996d	17	43361222	43367777	5	-1.0367
fbf28ec8-90ee-44a2-8525-32a2b3e7996d	17	43368147	46127007	1414	-0.0531
fbf28ec8-90ee-44a2-8525-32a2b3e7996d	17	46130778	46286804	94	0.1692
fbf28ec8-90ee-44a2-8525-32a2b3e7996d	17	46323701	51402945	2438	-0.039
fbf28ec8-90ee-44a2-8525-32a2b3e7996d	17	51403889	51403897	2	-1.4184
fbf28ec8-90ee-44a2-8525-32a2b3e7996d	17	51404749	67398960	9714	-0.0285
fbf28ec8-90ee-44a2-8525-32a2b3e7996d	17	67400884	67400886	2	-1.7661
fbf28ec8-90ee-44a2-8525-32a2b3e7996d	17	67401483	74537994	5021	-0.0368
fbf28ec8-90ee-44a2-8525-32a2b3e7996d	17	74538736	74539870	4	-1.2447
fbf28ec8-90ee-44a2-8525-32a2b3e7996d	17	74540762	78285287	1983	-0.0403
fbf28ec8-90ee-44a2-8525-32a2b3e7996d	17	78286051	78286887	2	-2.3041
fbf28ec8-90ee-44a2-8525-32a2b3e7996d	17	78290662	83091923	2303	-0.0623
fbf28ec8-90ee-44a2-8525-32a2b3e7996d	18	48133	65536218	39800	-0.0276
fbf28ec8-90ee-44a2-8525-32a2b3e7996d	18	65536463	66054343	371	0.0929
fbf28ec8-90ee-44a2-8525-32a2b3e7996d	18	66060256	66065571	15	-0.3419
fbf28ec8-90ee-44a2-8525-32a2b3e7996d	18	66065592	66239629	144	0.0052
fbf28ec8-90ee-44a2-8525-32a2b3e7996d	18	66240197	66244352	10	-0.7551
fbf28ec8-90ee-44a2-8525-32a2b3e7996d	18	66244639	71387796	3663	-0.0047
fbf28ec8-90ee-44a2-8525-32a2b3e7996d	18	71388121	73683861	1817	0.0792
fbf28ec8-90ee-44a2-8525-32a2b3e7996d	18	73686720	80257174	4756	-0.0304
fbf28ec8-90ee-44a2-8525-32a2b3e7996d	19	90910	6469836	2027	-0.0569
fbf28ec8-90ee-44a2-8525-32a2b3e7996d	19	6479560	6481519	5	-1.1261
fbf28ec8-90ee-44a2-8525-32a2b3e7996d	19	6483337	41173219	17614	-0.0318
fbf28ec8-90ee-44a2-8525-32a2b3e7996d	19	41174480	41196760	7	-1.0517
fbf28ec8-90ee-44a2-8525-32a2b3e7996d	19	41201176	51628560	5045	-0.037
fbf28ec8-90ee-44a2-8525-32a2b3e7996d	19	51639099	51644944	11	-0.9107
fbf28ec8-90ee-44a2-8525-32a2b3e7996d	19	51651652	58586487	4326	-0.0417
fbf28ec8-90ee-44a2-8525-32a2b3e7996d	20	80664	1580141	1194	-0.1137
fbf28ec8-90ee-44a2-8525-32a2b3e7996d	20	1580156	1613247	45	-0.5196
fbf28ec8-90ee-44a2-8525-32a2b3e7996d	20	1617300	12770744	8556	-0.1055
fbf28ec8-90ee-44a2-8525-32a2b3e7996d	20	12777066	12779541	3	-1.441
fbf28ec8-90ee-44a2-8525-32a2b3e7996d	20	12780732	23799193	8637	-0.0943
fbf28ec8-90ee-44a2-8525-32a2b3e7996d	20	23799659	23802011	2	-2.1491
fbf28ec8-90ee-44a2-8525-32a2b3e7996d	20	23804620	25603899	1242	-0.1037
fbf28ec8-90ee-44a2-8525-32a2b3e7996d	20	25604260	63099468	22056	-0.0636
fbf28ec8-90ee-44a2-8525-32a2b3e7996d	20	63106609	64324800	469	-0.1419
fbf28ec8-90ee-44a2-8525-32a2b3e7996d	21	10354168	13081432	99	0.0466
fbf28ec8-90ee-44a2-8525-32a2b3e7996d	21	13084095	13189617	15	-1.3759
fbf28ec8-90ee-44a2-8525-32a2b3e7996d	21	13197963	13270257	15	-0.1671
fbf28ec8-90ee-44a2-8525-32a2b3e7996d	21	13273133	14005515	197	0.1275
fbf28ec8-90ee-44a2-8525-32a2b3e7996d	21	14006460	15641329	1161	-0.0359
fbf28ec8-90ee-44a2-8525-32a2b3e7996d	21	15641723	15654512	12	0.5839
fbf28ec8-90ee-44a2-8525-32a2b3e7996d	21	15654525	22135730	4682	-0.0242
fbf28ec8-90ee-44a2-8525-32a2b3e7996d	21	22135874	22400487	174	0.0175
fbf28ec8-90ee-44a2-8525-32a2b3e7996d	21	22400736	22414875	17	0.4802
fbf28ec8-90ee-44a2-8525-32a2b3e7996d	21	22415452	23126765	545	0.0112
fbf28ec8-90ee-44a2-8525-32a2b3e7996d	21	23126883	23265784	106	0.1651
fbf28ec8-90ee-44a2-8525-32a2b3e7996d	21	23266046	23885378	495	0.012
fbf28ec8-90ee-44a2-8525-32a2b3e7996d	21	23892725	46677045	16243	-0.0364
fbf28ec8-90ee-44a2-8525-32a2b3e7996d	22	15294547	16953631	261	0.0116
fbf28ec8-90ee-44a2-8525-32a2b3e7996d	22	16955956	17915691	662	-0.113
fbf28ec8-90ee-44a2-8525-32a2b3e7996d	22	17916210	17920863	2	-1.5945
fbf28ec8-90ee-44a2-8525-32a2b3e7996d	22	17921889	18649244	207	-0.1266
fbf28ec8-90ee-44a2-8525-32a2b3e7996d	22	18760927	18917479	7	1.2176
fbf28ec8-90ee-44a2-8525-32a2b3e7996d	22	18918078	20217268	824	-0.1665
fbf28ec8-90ee-44a2-8525-32a2b3e7996d	22	20217401	20218128	3	-1.4422
fbf28ec8-90ee-44a2-8525-32a2b3e7996d	22	20221964	22685456	1616	-0.1156
fbf28ec8-90ee-44a2-8525-32a2b3e7996d	22	22688887	22743135	35	-1.2164
fbf28ec8-90ee-44a2-8525-32a2b3e7996d	22	22748392	23111483	233	-0.0824
fbf28ec8-90ee-44a2-8525-32a2b3e7996d	22	23111891	23301343	132	-0.2849
fbf28ec8-90ee-44a2-8525-32a2b3e7996d	22	23303367	23940911	384	-0.0954
fbf28ec8-90ee-44a2-8525-32a2b3e7996d	22	23942595	23951669	6	-1.268
fbf28ec8-90ee-44a2-8525-32a2b3e7996d	22	23959448	38955461	10812	-0.1029
fbf28ec8-90ee-44a2-8525-32a2b3e7996d	22	38967614	38979302	24	-0.9675
fbf28ec8-90ee-44a2-8525-32a2b3e7996d	22	38993700	39619117	288	-0.1009
fbf28ec8-90ee-44a2-8525-32a2b3e7996d	22	39619509	39622143	2	-1.8274
fbf28ec8-90ee-44a2-8525-32a2b3e7996d	22	39622207	49820373	7292	-0.1017
fbf28ec8-90ee-44a2-8525-32a2b3e7996d	22	49820967	50796027	408	-0.2312
fbf28ec8-90ee-44a2-8525-32a2b3e7996d	X	251810	2798305	113	0.1599
fbf28ec8-90ee-44a2-8525-32a2b3e7996d	X	2798992	2976924	113	-0.3334
fbf28ec8-90ee-44a2-8525-32a2b3e7996d	X	2977793	9291938	4718	-0.0073
fbf28ec8-90ee-44a2-8525-32a2b3e7996d	X	9292005	9293170	2	-5.1443
fbf28ec8-90ee-44a2-8525-32a2b3e7996d	X	9295869	54615217	26339	-0.0129
fbf28ec8-90ee-44a2-8525-32a2b3e7996d	X	54619774	94164611	16650	0.0368
fbf28ec8-90ee-44a2-8525-32a2b3e7996d	X	94168196	94174154	6	-1.8855
fbf28ec8-90ee-44a2-8525-32a2b3e7996d	X	94174579	96523747	1355	0.0633
fbf28ec8-90ee-44a2-8525-32a2b3e7996d	X	96526103	119116747	12181	-0.0044
fbf28ec8-90ee-44a2-8525-32a2b3e7996d	X	119116798	119117770	3	-4.0557
fbf28ec8-90ee-44a2-8525-32a2b3e7996d	X	119118621	149805923	18173	-0.0065
fbf28ec8-90ee-44a2-8525-32a2b3e7996d	X	149806428	149807840	5	-2.7351
fbf28ec8-90ee-44a2-8525-32a2b3e7996d	X	149810199	151708283	1212	-0.0165
fbf28ec8-90ee-44a2-8525-32a2b3e7996d	X	151709072	151710185	5	-5.8524
fbf28ec8-90ee-44a2-8525-32a2b3e7996d	X	151710911	155952689	1936	-0.0244
fbf28ec8-90ee-44a2-8525-32a2b3e7996d	Y	2782397	3314408	191	-2.5691
fbf28ec8-90ee-44a2-8525-32a2b3e7996d	Y	3326047	6194434	568	-2.3869
fbf28ec8-90ee-44a2-8525-32a2b3e7996d	Y	6195001	7967672	737	-2.6598
fbf28ec8-90ee-44a2-8525-32a2b3e7996d	Y	7967799	7967806	2	-7.6439
fbf28ec8-90ee-44a2-8525-32a2b3e7996d	Y	7968337	13478396	1765	-2.6402
fbf28ec8-90ee-44a2-8525-32a2b3e7996d	Y	13478462	13482643	3	-7.6945
fbf28ec8-90ee-44a2-8525-32a2b3e7996d	Y	13483009	56872112	3372	-2.6394
