GDC_Aliquot	Chromosome	Start	End	Num_Probes	Segment_Mean
5822b039-10c8-4416-be23-547543dc400c	1	62920	877652	51	0.0434
5822b039-10c8-4416-be23-547543dc400c	1	877938	3296382	681	-0.2507
5822b039-10c8-4416-be23-547543dc400c	1	3298168	21313491	10951	-0.0084
5822b039-10c8-4416-be23-547543dc400c	1	21313631	21313902	2	-3.0006
5822b039-10c8-4416-be23-547543dc400c	1	21314008	25003287	2122	-0.0132
5822b039-10c8-4416-be23-547543dc400c	1	25003500	25011096	8	-0.8553
5822b039-10c8-4416-be23-547543dc400c	1	25011173	65432268	24407	-0.0002
5822b039-10c8-4416-be23-547543dc400c	1	65432318	65440582	3	-1.2824
5822b039-10c8-4416-be23-547543dc400c	1	65441079	71501515	3999	0.0082
5822b039-10c8-4416-be23-547543dc400c	1	71502162	71559565	42	0.2755
5822b039-10c8-4416-be23-547543dc400c	1	71565883	72280884	440	0.0078
5822b039-10c8-4416-be23-547543dc400c	1	72280898	72290430	4	0.6922
5822b039-10c8-4416-be23-547543dc400c	1	72290459	72297687	8	0.1972
5822b039-10c8-4416-be23-547543dc400c	1	72302735	72345465	48	-1.6395
5822b039-10c8-4416-be23-547543dc400c	1	72346221	89009572	10918	0.0061
5822b039-10c8-4416-be23-547543dc400c	1	89012275	89012522	2	-3.3924
5822b039-10c8-4416-be23-547543dc400c	1	89015841	105470132	10002	0.0082
5822b039-10c8-4416-be23-547543dc400c	1	105470754	105479753	18	0.9852
5822b039-10c8-4416-be23-547543dc400c	1	105481433	108358141	2003	0.0089
5822b039-10c8-4416-be23-547543dc400c	1	108358744	108367395	3	-2.2174
5822b039-10c8-4416-be23-547543dc400c	1	108368123	109690352	626	0.0097
5822b039-10c8-4416-be23-547543dc400c	1	109690431	109691788	6	-2.033
5822b039-10c8-4416-be23-547543dc400c	1	109691933	152583051	9566	0.0062
5822b039-10c8-4416-be23-547543dc400c	1	152583230	152614064	33	1.1583
5822b039-10c8-4416-be23-547543dc400c	1	152614100	194479104	28190	0.0061
5822b039-10c8-4416-be23-547543dc400c	1	194482281	194485888	2	2.0667
5822b039-10c8-4416-be23-547543dc400c	1	194487886	196740630	1447	0.0207
5822b039-10c8-4416-be23-547543dc400c	1	196741937	196832525	61	-0.6895
5822b039-10c8-4416-be23-547543dc400c	1	196832720	199142235	1374	0.0181
5822b039-10c8-4416-be23-547543dc400c	1	199142298	199143883	7	-2.2106
5822b039-10c8-4416-be23-547543dc400c	1	199144712	209897717	7391	0.0027
5822b039-10c8-4416-be23-547543dc400c	1	209908268	209908720	2	-2.089
5822b039-10c8-4416-be23-547543dc400c	1	209910639	248930189	26986	0.0068
5822b039-10c8-4416-be23-547543dc400c	2	12784	4158097	2978	-0.0125
5822b039-10c8-4416-be23-547543dc400c	2	4166274	4175577	36	-0.9018
5822b039-10c8-4416-be23-547543dc400c	2	4175922	34474248	21038	0.0109
5822b039-10c8-4416-be23-547543dc400c	2	34476327	34512096	46	-0.6565
5822b039-10c8-4416-be23-547543dc400c	2	34512489	34620885	66	-0.0182
5822b039-10c8-4416-be23-547543dc400c	2	34622464	34622479	2	-1.1515
5822b039-10c8-4416-be23-547543dc400c	2	34622750	35341960	452	0.0326
5822b039-10c8-4416-be23-547543dc400c	2	35342389	35863576	450	0.1141
5822b039-10c8-4416-be23-547543dc400c	2	35864406	40663430	3537	0.0198
5822b039-10c8-4416-be23-547543dc400c	2	40663763	40763522	105	0.1494
5822b039-10c8-4416-be23-547543dc400c	2	40763612	40764298	2	-1.3762
5822b039-10c8-4416-be23-547543dc400c	2	40764666	41395981	483	0.0928
5822b039-10c8-4416-be23-547543dc400c	2	41401483	50809600	6730	0.008
5822b039-10c8-4416-be23-547543dc400c	2	50811722	51088880	174	0.2046
5822b039-10c8-4416-be23-547543dc400c	2	51088922	52527330	987	0.0329
5822b039-10c8-4416-be23-547543dc400c	2	52527342	52560811	40	0.6795
5822b039-10c8-4416-be23-547543dc400c	2	52563002	97537802	23822	0.0151
5822b039-10c8-4416-be23-547543dc400c	2	97540809	97545726	4	-1.5467
5822b039-10c8-4416-be23-547543dc400c	2	97550415	101348651	2252	0.0057
5822b039-10c8-4416-be23-547543dc400c	2	101348880	101348905	2	-2.1716
5822b039-10c8-4416-be23-547543dc400c	2	101353857	106265177	3312	0.0096
5822b039-10c8-4416-be23-547543dc400c	2	106266773	106268901	8	0.8996
5822b039-10c8-4416-be23-547543dc400c	2	106270799	113604438	3781	0.0109
5822b039-10c8-4416-be23-547543dc400c	2	113604837	113604839	2	-2.1903
5822b039-10c8-4416-be23-547543dc400c	2	113623244	117690798	2506	0.0288
5822b039-10c8-4416-be23-547543dc400c	2	117690910	122712501	3184	-0.013
5822b039-10c8-4416-be23-547543dc400c	2	122712754	126053224	2198	0.0512
5822b039-10c8-4416-be23-547543dc400c	2	126060245	126062103	4	-1.4692
5822b039-10c8-4416-be23-547543dc400c	2	126062943	127084661	661	0.0078
5822b039-10c8-4416-be23-547543dc400c	2	127084748	127101070	13	-0.6606
5822b039-10c8-4416-be23-547543dc400c	2	127103254	130036283	1915	0.0005
5822b039-10c8-4416-be23-547543dc400c	2	130036310	130116915	13	-0.8669
5822b039-10c8-4416-be23-547543dc400c	2	130117303	130486635	99	-0.089
5822b039-10c8-4416-be23-547543dc400c	2	130526595	130560478	4	-1.1341
5822b039-10c8-4416-be23-547543dc400c	2	130720375	146104517	9415	0.0119
5822b039-10c8-4416-be23-547543dc400c	2	146106836	146109366	24	-1.9763
5822b039-10c8-4416-be23-547543dc400c	2	146120238	183929673	23257	0.0028
5822b039-10c8-4416-be23-547543dc400c	2	183929787	183937714	16	-0.9278
5822b039-10c8-4416-be23-547543dc400c	2	183943862	185433729	925	0.0217
5822b039-10c8-4416-be23-547543dc400c	2	185434994	185977696	255	0.1517
5822b039-10c8-4416-be23-547543dc400c	2	185980717	228894763	26342	0.0092
5822b039-10c8-4416-be23-547543dc400c	2	228894930	228895503	12	-0.7261
5822b039-10c8-4416-be23-547543dc400c	2	228900174	239018385	6490	-0.0039
5822b039-10c8-4416-be23-547543dc400c	2	239019569	239103970	51	-0.2799
5822b039-10c8-4416-be23-547543dc400c	2	239104065	241558371	1478	-0.0118
5822b039-10c8-4416-be23-547543dc400c	2	241563227	241841244	44	-0.3055
5822b039-10c8-4416-be23-547543dc400c	2	241973315	242095460	105	-1.1985
5822b039-10c8-4416-be23-547543dc400c	2	242095518	242147305	23	-0.0368
5822b039-10c8-4416-be23-547543dc400c	3	20930	170562	138	0.1062
5822b039-10c8-4416-be23-547543dc400c	3	171308	174188	4	-1.2029
5822b039-10c8-4416-be23-547543dc400c	3	174352	2761620	2249	0.1244
5822b039-10c8-4416-be23-547543dc400c	3	2761735	6604856	3417	0.0342
5822b039-10c8-4416-be23-547543dc400c	3	6609441	6611645	23	-0.8468
5822b039-10c8-4416-be23-547543dc400c	3	6613391	21746098	10442	0.0064
5822b039-10c8-4416-be23-547543dc400c	3	21746637	22032796	303	0.1604
5822b039-10c8-4416-be23-547543dc400c	3	22036351	25939090	3002	0.0077
5822b039-10c8-4416-be23-547543dc400c	3	25945663	26571710	419	0.0893
5822b039-10c8-4416-be23-547543dc400c	3	26573483	26573486	3	1.0152
5822b039-10c8-4416-be23-547543dc400c	3	26574458	26576530	12	0.1676
5822b039-10c8-4416-be23-547543dc400c	3	26576616	42508555	10635	0.0044
5822b039-10c8-4416-be23-547543dc400c	3	42508802	42508831	2	-1.8551
5822b039-10c8-4416-be23-547543dc400c	3	42509071	59720118	9600	-0.001
5822b039-10c8-4416-be23-547543dc400c	3	59720168	61029462	1459	0.1011
5822b039-10c8-4416-be23-547543dc400c	3	61030367	65189507	3532	0.0016
5822b039-10c8-4416-be23-547543dc400c	3	65189744	65202778	16	0.2237
5822b039-10c8-4416-be23-547543dc400c	3	65203560	65224777	52	-0.784
5822b039-10c8-4416-be23-547543dc400c	3	65230674	75519398	7356	0.004
5822b039-10c8-4416-be23-547543dc400c	3	75523398	75547095	8	0.8587
5822b039-10c8-4416-be23-547543dc400c	3	75559488	85437603	5446	0.0139
5822b039-10c8-4416-be23-547543dc400c	3	85438062	85569929	79	0.2248
5822b039-10c8-4416-be23-547543dc400c	3	85571805	125716589	21703	0.0067
5822b039-10c8-4416-be23-547543dc400c	3	125717394	125734394	10	-0.585
5822b039-10c8-4416-be23-547543dc400c	3	125739919	130044016	2456	0.0022
5822b039-10c8-4416-be23-547543dc400c	3	130044855	130087393	38	-0.6285
5822b039-10c8-4416-be23-547543dc400c	3	130088081	132270486	1434	-0.0028
5822b039-10c8-4416-be23-547543dc400c	3	132270503	132276840	5	0.7312
5822b039-10c8-4416-be23-547543dc400c	3	132281633	133306001	678	0.0009
5822b039-10c8-4416-be23-547543dc400c	3	133306023	133306053	3	-1.525
5822b039-10c8-4416-be23-547543dc400c	3	133306168	143566923	6238	0.0072
5822b039-10c8-4416-be23-547543dc400c	3	143566958	143567132	4	2.3208
5822b039-10c8-4416-be23-547543dc400c	3	143567959	146677105	2031	0.0104
5822b039-10c8-4416-be23-547543dc400c	3	146682041	147758085	574	0.1461
5822b039-10c8-4416-be23-547543dc400c	3	147763593	151227455	2173	0.0004
5822b039-10c8-4416-be23-547543dc400c	3	151230872	151234727	6	-1.1144
5822b039-10c8-4416-be23-547543dc400c	3	151235190	162405578	6832	0.0068
5822b039-10c8-4416-be23-547543dc400c	3	162419812	162424917	14	-0.5132
5822b039-10c8-4416-be23-547543dc400c	3	162426460	162906109	326	0.0171
5822b039-10c8-4416-be23-547543dc400c	3	162908192	163008889	81	0.2761
5822b039-10c8-4416-be23-547543dc400c	3	163011437	165791453	1576	0.0275
5822b039-10c8-4416-be23-547543dc400c	3	165791562	166165780	206	0.178
5822b039-10c8-4416-be23-547543dc400c	3	166166068	168203708	1096	0.0169
5822b039-10c8-4416-be23-547543dc400c	3	168203776	168209586	2	1.2906
5822b039-10c8-4416-be23-547543dc400c	3	168210319	171608411	2149	-0.0027
5822b039-10c8-4416-be23-547543dc400c	3	171610114	172037278	255	0.0994
5822b039-10c8-4416-be23-547543dc400c	3	172042329	173466877	944	-0.0041
5822b039-10c8-4416-be23-547543dc400c	3	173467260	173919621	314	0.1663
5822b039-10c8-4416-be23-547543dc400c	3	173920106	175392901	1063	0.0127
5822b039-10c8-4416-be23-547543dc400c	3	175393516	176291584	562	0.1251
5822b039-10c8-4416-be23-547543dc400c	3	176293285	193160113	10900	0.0063
5822b039-10c8-4416-be23-547543dc400c	3	193160173	193165114	19	-1.4131
5822b039-10c8-4416-be23-547543dc400c	3	193168646	198169247	2689	-0.0065
5822b039-10c8-4416-be23-547543dc400c	4	68929	604299	223	0.0217
5822b039-10c8-4416-be23-547543dc400c	4	605741	1060521	136	-0.2672
5822b039-10c8-4416-be23-547543dc400c	4	1064330	9455251	4794	-0.0183
5822b039-10c8-4416-be23-547543dc400c	4	9459504	9477699	6	-1.3583
5822b039-10c8-4416-be23-547543dc400c	4	9484440	10208766	539	-0.0052
5822b039-10c8-4416-be23-547543dc400c	4	10221792	10232642	30	-2.6103
5822b039-10c8-4416-be23-547543dc400c	4	10232984	10233644	5	-1.0857
5822b039-10c8-4416-be23-547543dc400c	4	10234518	12382308	1815	0.016
5822b039-10c8-4416-be23-547543dc400c	4	12382403	12389386	13	0.5668
5822b039-10c8-4416-be23-547543dc400c	4	12390274	32458869	13834	0.0034
5822b039-10c8-4416-be23-547543dc400c	4	32461834	32535441	44	0.3068
5822b039-10c8-4416-be23-547543dc400c	4	32537555	32934566	203	-0.0023
5822b039-10c8-4416-be23-547543dc400c	4	32940920	33029456	60	0.2172
5822b039-10c8-4416-be23-547543dc400c	4	33030066	34676796	922	-0.0006
5822b039-10c8-4416-be23-547543dc400c	4	34683428	34685549	4	1.7234
5822b039-10c8-4416-be23-547543dc400c	4	34698272	34784878	62	-0.0435
5822b039-10c8-4416-be23-547543dc400c	4	34785333	34819718	35	-0.6566
5822b039-10c8-4416-be23-547543dc400c	4	34822561	39702577	3320	0.013
5822b039-10c8-4416-be23-547543dc400c	4	39702789	39711713	7	-1.1529
5822b039-10c8-4416-be23-547543dc400c	4	39711868	42908073	2031	0.0023
5822b039-10c8-4416-be23-547543dc400c	4	42910557	43330326	306	0.1268
5822b039-10c8-4416-be23-547543dc400c	4	43331580	48255553	2922	0.0144
5822b039-10c8-4416-be23-547543dc400c	4	48255598	48861059	273	0.1494
5822b039-10c8-4416-be23-547543dc400c	4	48863748	63093980	7284	0.0068
5822b039-10c8-4416-be23-547543dc400c	4	63105282	63263204	84	0.2495
5822b039-10c8-4416-be23-547543dc400c	4	63265451	63828222	316	0.006
5822b039-10c8-4416-be23-547543dc400c	4	63831751	63842540	28	-1.7308
5822b039-10c8-4416-be23-547543dc400c	4	63850713	68494770	2870	0.0149
5822b039-10c8-4416-be23-547543dc400c	4	68501424	68655691	71	-0.322
5822b039-10c8-4416-be23-547543dc400c	4	68663241	69445657	412	0.1793
5822b039-10c8-4416-be23-547543dc400c	4	69447253	103824414	20954	0.0077
5822b039-10c8-4416-be23-547543dc400c	4	103830473	103830480	5	-1.3138
5822b039-10c8-4416-be23-547543dc400c	4	103830487	114252544	6294	0.004
5822b039-10c8-4416-be23-547543dc400c	4	114254167	114263073	24	0.9407
5822b039-10c8-4416-be23-547543dc400c	4	114263096	126756584	7510	0.0063
5822b039-10c8-4416-be23-547543dc400c	4	126756646	126915602	103	0.2049
5822b039-10c8-4416-be23-547543dc400c	4	126915641	131242898	2421	0.0225
5822b039-10c8-4416-be23-547543dc400c	4	131245214	131284860	23	0.3738
5822b039-10c8-4416-be23-547543dc400c	4	131288939	132375518	504	0.0185
5822b039-10c8-4416-be23-547543dc400c	4	132375635	132375715	2	-1.9408
5822b039-10c8-4416-be23-547543dc400c	4	132380796	133974745	905	0.0205
5822b039-10c8-4416-be23-547543dc400c	4	133977747	134150991	85	0.212
5822b039-10c8-4416-be23-547543dc400c	4	134151202	137158876	1666	0.0103
5822b039-10c8-4416-be23-547543dc400c	4	137159607	137211983	47	0.2753
5822b039-10c8-4416-be23-547543dc400c	4	137212336	144382482	4641	0.0016
5822b039-10c8-4416-be23-547543dc400c	4	144382539	144405258	9	0.6782
5822b039-10c8-4416-be23-547543dc400c	4	144405969	153630131	5260	0.0026
5822b039-10c8-4416-be23-547543dc400c	4	153631681	153632541	4	-1.0686
5822b039-10c8-4416-be23-547543dc400c	4	153635288	154881396	834	-0.0014
5822b039-10c8-4416-be23-547543dc400c	4	154881853	154881926	3	1.2665
5822b039-10c8-4416-be23-547543dc400c	4	154882047	156047028	839	-0.0054
5822b039-10c8-4416-be23-547543dc400c	4	156047131	156047146	2	1.662
5822b039-10c8-4416-be23-547543dc400c	4	156047321	160958866	3071	0.0051
5822b039-10c8-4416-be23-547543dc400c	4	160958972	160963825	24	-0.5169
5822b039-10c8-4416-be23-547543dc400c	4	160963857	172066777	7067	0.0153
5822b039-10c8-4416-be23-547543dc400c	4	172067997	172068382	12	-1.9622
5822b039-10c8-4416-be23-547543dc400c	4	172074828	178365567	3805	0.0022
5822b039-10c8-4416-be23-547543dc400c	4	178365592	178721966	264	0.1766
5822b039-10c8-4416-be23-547543dc400c	4	178722095	181173658	1792	0.0543
5822b039-10c8-4416-be23-547543dc400c	4	181173681	188217645	5000	0.0136
5822b039-10c8-4416-be23-547543dc400c	4	188218037	190106768	1205	0.0793
5822b039-10c8-4416-be23-547543dc400c	5	15532	46699	16	0.1838
5822b039-10c8-4416-be23-547543dc400c	5	48691	1937809	940	-0.1588
5822b039-10c8-4416-be23-547543dc400c	5	1938512	12785150	9218	0.0062
5822b039-10c8-4416-be23-547543dc400c	5	12790757	12819904	12	-0.5522
5822b039-10c8-4416-be23-547543dc400c	5	12819964	12998813	60	0.1466
5822b039-10c8-4416-be23-547543dc400c	5	13005102	13014395	3	-1.4228
5822b039-10c8-4416-be23-547543dc400c	5	13014933	15668824	1873	0.0058
5822b039-10c8-4416-be23-547543dc400c	5	15668872	16029458	227	0.137
5822b039-10c8-4416-be23-547543dc400c	5	16034499	18845228	1814	0.0141
5822b039-10c8-4416-be23-547543dc400c	5	18848300	19022755	113	0.1906
5822b039-10c8-4416-be23-547543dc400c	5	19024323	19453974	276	0.0049
5822b039-10c8-4416-be23-547543dc400c	5	19454175	19459518	5	0.6909
5822b039-10c8-4416-be23-547543dc400c	5	19462162	20385659	511	0.0015
5822b039-10c8-4416-be23-547543dc400c	5	20386560	20569820	168	0.1729
5822b039-10c8-4416-be23-547543dc400c	5	20570483	25045721	2535	0.0025
5822b039-10c8-4416-be23-547543dc400c	5	25045830	25373016	171	0.161
5822b039-10c8-4416-be23-547543dc400c	5	25375167	27524345	1285	0.0067
5822b039-10c8-4416-be23-547543dc400c	5	27525283	27525913	10	-0.637
5822b039-10c8-4416-be23-547543dc400c	5	27527372	28632151	613	0.011
5822b039-10c8-4416-be23-547543dc400c	5	28633770	28720113	67	0.2582
5822b039-10c8-4416-be23-547543dc400c	5	28720585	45383300	10438	0.0024
5822b039-10c8-4416-be23-547543dc400c	5	45390579	50347240	370	0.1811
5822b039-10c8-4416-be23-547543dc400c	5	50350622	58034072	4996	0.0081
5822b039-10c8-4416-be23-547543dc400c	5	58034094	58037466	20	-0.7629
5822b039-10c8-4416-be23-547543dc400c	5	58037688	58979773	712	0.0125
5822b039-10c8-4416-be23-547543dc400c	5	58980363	58980627	3	-1.0729
5822b039-10c8-4416-be23-547543dc400c	5	58982165	62277545	2123	0.0093
5822b039-10c8-4416-be23-547543dc400c	5	62279164	62286365	4	-1.386
5822b039-10c8-4416-be23-547543dc400c	5	62286902	63296119	618	-0.0129
5822b039-10c8-4416-be23-547543dc400c	5	63296924	63870145	331	0.1753
5822b039-10c8-4416-be23-547543dc400c	5	63871614	97757450	19149	0.0006
5822b039-10c8-4416-be23-547543dc400c	5	97757467	97878155	59	0.2835
5822b039-10c8-4416-be23-547543dc400c	5	97879016	99134197	710	0.0081
5822b039-10c8-4416-be23-547543dc400c	5	99134610	100686615	870	0.1134
5822b039-10c8-4416-be23-547543dc400c	5	100692533	101383288	394	-0.0024
5822b039-10c8-4416-be23-547543dc400c	5	101384172	101421169	35	0.2515
5822b039-10c8-4416-be23-547543dc400c	5	101421796	101651869	140	-0.0206
5822b039-10c8-4416-be23-547543dc400c	5	101652166	102009100	274	0.1644
5822b039-10c8-4416-be23-547543dc400c	5	102009729	104515520	1393	0.015
5822b039-10c8-4416-be23-547543dc400c	5	104524672	104524903	4	-0.9177
5822b039-10c8-4416-be23-547543dc400c	5	104525348	105100942	448	-0.0012
5822b039-10c8-4416-be23-547543dc400c	5	105101012	105310690	144	0.1734
5822b039-10c8-4416-be23-547543dc400c	5	105311213	125291240	13546	0.0108
5822b039-10c8-4416-be23-547543dc400c	5	125293280	125293322	2	-1.8729
5822b039-10c8-4416-be23-547543dc400c	5	125294048	176033084	33340	0.0035
5822b039-10c8-4416-be23-547543dc400c	5	176038686	176043321	3	-1.8707
5822b039-10c8-4416-be23-547543dc400c	5	176050117	176776328	330	-0.0287
5822b039-10c8-4416-be23-547543dc400c	5	176777013	176857712	38	-0.3665
5822b039-10c8-4416-be23-547543dc400c	5	176882170	177771448	353	-0.0227
5822b039-10c8-4416-be23-547543dc400c	5	177800550	177805604	3	3.364
5822b039-10c8-4416-be23-547543dc400c	5	177827964	181363319	1982	-0.0383
5822b039-10c8-4416-be23-547543dc400c	6	149661	249810	90	-0.0525
5822b039-10c8-4416-be23-547543dc400c	6	250561	380821	111	0.215
5822b039-10c8-4416-be23-547543dc400c	6	381149	18339702	13967	0.0093
5822b039-10c8-4416-be23-547543dc400c	6	18339775	18340056	2	-1.6971
5822b039-10c8-4416-be23-547543dc400c	6	18340067	24946443	4859	0.0054
5822b039-10c8-4416-be23-547543dc400c	6	24947544	24947577	2	2.155
5822b039-10c8-4416-be23-547543dc400c	6	24950971	29980705	2666	0.0108
5822b039-10c8-4416-be23-547543dc400c	6	29980974	29983234	2	-2.0678
5822b039-10c8-4416-be23-547543dc400c	6	29985665	32656527	1181	-0.0115
5822b039-10c8-4416-be23-547543dc400c	6	32656814	32658841	5	-2.22
5822b039-10c8-4416-be23-547543dc400c	6	32682835	58274393	15830	0.0013
5822b039-10c8-4416-be23-547543dc400c	6	58274582	61139432	327	0.1083
5822b039-10c8-4416-be23-547543dc400c	6	61140718	66314441	2865	0.0237
5822b039-10c8-4416-be23-547543dc400c	6	66317669	66338736	48	-0.8694
5822b039-10c8-4416-be23-547543dc400c	6	66339513	76726815	6768	0.0056
5822b039-10c8-4416-be23-547543dc400c	6	76730151	76742924	18	-0.503
5822b039-10c8-4416-be23-547543dc400c	6	76742956	78253172	976	0.025
5822b039-10c8-4416-be23-547543dc400c	6	78259348	78322875	108	-2.7767
5822b039-10c8-4416-be23-547543dc400c	6	78325223	78325468	4	-1.355
5822b039-10c8-4416-be23-547543dc400c	6	78329517	79463932	689	-0.0117
5822b039-10c8-4416-be23-547543dc400c	6	79464006	79585103	79	0.1848
5822b039-10c8-4416-be23-547543dc400c	6	79585664	80568270	661	0.0134
5822b039-10c8-4416-be23-547543dc400c	6	80574472	80579817	33	-0.7831
5822b039-10c8-4416-be23-547543dc400c	6	80584624	91281869	6718	0.0045
5822b039-10c8-4416-be23-547543dc400c	6	91282639	91392703	80	0.1977
5822b039-10c8-4416-be23-547543dc400c	6	91397953	93761296	1634	0.0129
5822b039-10c8-4416-be23-547543dc400c	6	93761322	94970302	786	0.1272
5822b039-10c8-4416-be23-547543dc400c	6	95386776	170741917	48953	0.0055
5822b039-10c8-4416-be23-547543dc400c	7	43355	1139786	323	-0.1753
5822b039-10c8-4416-be23-547543dc400c	7	1142974	5897269	2735	-0.0091
5822b039-10c8-4416-be23-547543dc400c	7	5900408	5964274	11	-0.7683
5822b039-10c8-4416-be23-547543dc400c	7	5986976	8134448	1435	0.0026
5822b039-10c8-4416-be23-547543dc400c	7	8134957	10590443	1988	0.0735
5822b039-10c8-4416-be23-547543dc400c	7	10591146	17090435	5270	0.0206
5822b039-10c8-4416-be23-547543dc400c	7	17092311	17756384	539	0.1337
5822b039-10c8-4416-be23-547543dc400c	7	17759717	17801277	33	-0.0261
5822b039-10c8-4416-be23-547543dc400c	7	17805047	17805198	2	-1.1237
5822b039-10c8-4416-be23-547543dc400c	7	17805641	18866614	773	-0.0032
5822b039-10c8-4416-be23-547543dc400c	7	18866918	18992823	142	0.1752
5822b039-10c8-4416-be23-547543dc400c	7	18992911	18992927	2	-1.3952
5822b039-10c8-4416-be23-547543dc400c	7	18993186	19761741	784	0.1188
5822b039-10c8-4416-be23-547543dc400c	7	19762635	65502854	27608	0.0042
5822b039-10c8-4416-be23-547543dc400c	7	65539561	65602136	12	-0.5831
5822b039-10c8-4416-be23-547543dc400c	7	65603718	70955452	2917	0.0069
5822b039-10c8-4416-be23-547543dc400c	7	70958264	70961155	2	-2.5722
5822b039-10c8-4416-be23-547543dc400c	7	70963257	76443274	2129	0.0095
5822b039-10c8-4416-be23-547543dc400c	7	76445663	76944884	173	-0.8876
5822b039-10c8-4416-be23-547543dc400c	7	76967587	86175011	6124	0.0169
5822b039-10c8-4416-be23-547543dc400c	7	86179721	86181343	4	-1.0456
5822b039-10c8-4416-be23-547543dc400c	7	86183680	88566450	1330	0.0059
5822b039-10c8-4416-be23-547543dc400c	7	88567140	90257003	1142	0.1629
5822b039-10c8-4416-be23-547543dc400c	7	90266400	134100424	26149	0.0051
5822b039-10c8-4416-be23-547543dc400c	7	134100442	134110881	25	0.4513
5822b039-10c8-4416-be23-547543dc400c	7	134110912	142069880	5201	0.0008
5822b039-10c8-4416-be23-547543dc400c	7	142069891	142088173	25	0.4435
5822b039-10c8-4416-be23-547543dc400c	7	142088203	149811007	4676	0.0123
5822b039-10c8-4416-be23-547543dc400c	7	149812974	149882611	42	-0.391
5822b039-10c8-4416-be23-547543dc400c	7	149882756	153450553	2050	0.0028
5822b039-10c8-4416-be23-547543dc400c	7	153450560	153450627	2	-2.8579
5822b039-10c8-4416-be23-547543dc400c	7	153450630	157741413	3100	0.0198
5822b039-10c8-4416-be23-547543dc400c	7	157743285	159209715	898	-0.0678
5822b039-10c8-4416-be23-547543dc400c	7	159214650	159334314	90	0.0779
5822b039-10c8-4416-be23-547543dc400c	8	81254	644973	324	-0.0229
5822b039-10c8-4416-be23-547543dc400c	8	645220	645908	8	-2.1832
5822b039-10c8-4416-be23-547543dc400c	8	656117	3926665	3016	0.016
5822b039-10c8-4416-be23-547543dc400c	8	3929561	3933743	25	-0.5329
5822b039-10c8-4416-be23-547543dc400c	8	3933840	5218567	1928	0.0435
5822b039-10c8-4416-be23-547543dc400c	8	5218645	5218727	3	-1.8565
5822b039-10c8-4416-be23-547543dc400c	8	5218787	6968014	2305	0.0486
5822b039-10c8-4416-be23-547543dc400c	8	6968154	6969677	15	-0.7367
5822b039-10c8-4416-be23-547543dc400c	8	6975846	7312952	92	0.0358
5822b039-10c8-4416-be23-547543dc400c	8	7329110	7329124	2	4.16
5822b039-10c8-4416-be23-547543dc400c	8	7336299	25114672	13727	0.0123
5822b039-10c8-4416-be23-547543dc400c	8	25116928	25133589	28	-0.6012
5822b039-10c8-4416-be23-547543dc400c	8	25133612	33907070	6021	-0.003
5822b039-10c8-4416-be23-547543dc400c	8	33907403	33907608	2	-1.9013
5822b039-10c8-4416-be23-547543dc400c	8	33908229	39391223	2982	0.0093
5822b039-10c8-4416-be23-547543dc400c	8	39393453	39504170	43	-0.2854
5822b039-10c8-4416-be23-547543dc400c	8	39505410	40914477	1085	0.0104
5822b039-10c8-4416-be23-547543dc400c	8	40920333	40920952	2	-2.4325
5822b039-10c8-4416-be23-547543dc400c	8	40926161	46010698	1517	0.0167
5822b039-10c8-4416-be23-547543dc400c	8	46012500	46261373	76	-0.34
5822b039-10c8-4416-be23-547543dc400c	8	46263783	71300130	15216	0.0101
5822b039-10c8-4416-be23-547543dc400c	8	71303076	71304364	8	-2.5835
5822b039-10c8-4416-be23-547543dc400c	8	71307628	94545324	13810	0.0094
5822b039-10c8-4416-be23-547543dc400c	8	94545374	94545887	7	0.9543
5822b039-10c8-4416-be23-547543dc400c	8	94546864	105986083	7029	0.0073
5822b039-10c8-4416-be23-547543dc400c	8	105986542	106010127	15	0.2047
5822b039-10c8-4416-be23-547543dc400c	8	106010358	106013055	3	1.1526
5822b039-10c8-4416-be23-547543dc400c	8	106014213	106481775	332	0.1059
5822b039-10c8-4416-be23-547543dc400c	8	106481790	111279265	2872	0.0065
5822b039-10c8-4416-be23-547543dc400c	8	111282050	111283016	8	-1.8065
5822b039-10c8-4416-be23-547543dc400c	8	111283031	114329965	1656	-0.0009
5822b039-10c8-4416-be23-547543dc400c	8	114330310	114356292	17	0.3925
5822b039-10c8-4416-be23-547543dc400c	8	114356495	114551594	104	-0.0131
5822b039-10c8-4416-be23-547543dc400c	8	114553284	114628333	62	0.2221
5822b039-10c8-4416-be23-547543dc400c	8	114628493	114741176	77	0.0095
5822b039-10c8-4416-be23-547543dc400c	8	114742262	114880744	102	0.2219
5822b039-10c8-4416-be23-547543dc400c	8	114880825	136581102	15660	0.0045
5822b039-10c8-4416-be23-547543dc400c	8	136583877	136881227	248	0.1159
5822b039-10c8-4416-be23-547543dc400c	8	136882257	141006686	3196	0.0071
5822b039-10c8-4416-be23-547543dc400c	8	141006810	142140841	707	-0.1685
5822b039-10c8-4416-be23-547543dc400c	8	142143283	142144522	2	-2.6069
5822b039-10c8-4416-be23-547543dc400c	8	142152210	142410112	116	-0.2346
5822b039-10c8-4416-be23-547543dc400c	8	142410372	144211103	609	-0.0566
5822b039-10c8-4416-be23-547543dc400c	8	144214680	144824911	187	-0.2404
5822b039-10c8-4416-be23-547543dc400c	8	144828642	145072769	150	0.033
5822b039-10c8-4416-be23-547543dc400c	9	46587	602903	508	0.0679
5822b039-10c8-4416-be23-547543dc400c	9	606699	606893	3	1.5001
5822b039-10c8-4416-be23-547543dc400c	9	606961	5071049	4707	0.0206
5822b039-10c8-4416-be23-547543dc400c	9	5074594	5074813	5	-0.6261
5822b039-10c8-4416-be23-547543dc400c	9	5076691	5078443	9	-0.0426
5822b039-10c8-4416-be23-547543dc400c	9	5079156	5081953	11	-0.5338
5822b039-10c8-4416-be23-547543dc400c	9	5082995	9869714	4176	0.0297
5822b039-10c8-4416-be23-547543dc400c	9	9869715	9972517	155	0.2288
5822b039-10c8-4416-be23-547543dc400c	9	9972672	11366989	1171	0.0513
5822b039-10c8-4416-be23-547543dc400c	9	11368964	12514562	891	0.1465
5822b039-10c8-4416-be23-547543dc400c	9	12515377	26226816	10803	0.0091
5822b039-10c8-4416-be23-547543dc400c	9	26226981	26434496	143	0.1742
5822b039-10c8-4416-be23-547543dc400c	9	26435049	27236646	608	0.005
5822b039-10c8-4416-be23-547543dc400c	9	27248179	27248616	4	-1.4058
5822b039-10c8-4416-be23-547543dc400c	9	27248646	28648401	1176	0.0182
5822b039-10c8-4416-be23-547543dc400c	9	28648534	28970502	283	0.1786
5822b039-10c8-4416-be23-547543dc400c	9	28972318	29783472	554	-0.0082
5822b039-10c8-4416-be23-547543dc400c	9	29783991	30702069	623	0.0884
5822b039-10c8-4416-be23-547543dc400c	9	30705382	38771790	5230	0.0006
5822b039-10c8-4416-be23-547543dc400c	9	38771834	38787496	2	-2.3618
5822b039-10c8-4416-be23-547543dc400c	9	38796110	42014203	175	0.1103
5822b039-10c8-4416-be23-547543dc400c	9	42037471	42574420	37	0.5669
5822b039-10c8-4416-be23-547543dc400c	9	42585140	61405110	55	-0.1926
5822b039-10c8-4416-be23-547543dc400c	9	61520021	61647899	30	-1.798
5822b039-10c8-4416-be23-547543dc400c	9	61665362	77154478	6672	-0.0022
5822b039-10c8-4416-be23-547543dc400c	9	77155482	77162488	29	0.746
5822b039-10c8-4416-be23-547543dc400c	9	77171212	102637598	17419	0.0011
5822b039-10c8-4416-be23-547543dc400c	9	102638164	103083607	335	0.1237
5822b039-10c8-4416-be23-547543dc400c	9	103084176	129844727	18963	0.0064
5822b039-10c8-4416-be23-547543dc400c	9	129844762	129852133	12	-0.7995
5822b039-10c8-4416-be23-547543dc400c	9	129852157	131383392	984	0.0061
5822b039-10c8-4416-be23-547543dc400c	9	131385539	131390317	5	-1.2255
5822b039-10c8-4416-be23-547543dc400c	9	131396628	133878102	1659	0.0008
5822b039-10c8-4416-be23-547543dc400c	9	133878204	138200944	1963	-0.0764
5822b039-10c8-4416-be23-547543dc400c	10	45792	24088745	19166	0.0003
5822b039-10c8-4416-be23-547543dc400c	10	24088746	24089125	10	-2.9496
5822b039-10c8-4416-be23-547543dc400c	10	24089979	30962419	5009	0.0016
5822b039-10c8-4416-be23-547543dc400c	10	30962594	30962893	10	-0.6823
5822b039-10c8-4416-be23-547543dc400c	10	30962956	42195114	4862	0.0032
5822b039-10c8-4416-be23-547543dc400c	10	42211513	42211528	2	1.3927
5822b039-10c8-4416-be23-547543dc400c	10	42222439	46204128	2416	-0.0048
5822b039-10c8-4416-be23-547543dc400c	10	46215430	46221897	10	-0.604
5822b039-10c8-4416-be23-547543dc400c	10	46222715	46293101	85	-0.1313
5822b039-10c8-4416-be23-547543dc400c	10	46294181	46298666	5	-1.4966
5822b039-10c8-4416-be23-547543dc400c	10	46302565	47559596	398	-0.0363
5822b039-10c8-4416-be23-547543dc400c	10	47622159	48084420	13	0.7657
5822b039-10c8-4416-be23-547543dc400c	10	48084439	55188448	5165	0.0073
5822b039-10c8-4416-be23-547543dc400c	10	55196175	55581565	266	0.1686
5822b039-10c8-4416-be23-547543dc400c	10	55586019	55697305	97	-0.0156
5822b039-10c8-4416-be23-547543dc400c	10	55697470	56030639	222	0.1633
5822b039-10c8-4416-be23-547543dc400c	10	56032367	56487642	294	0.0041
5822b039-10c8-4416-be23-547543dc400c	10	56488908	56494849	6	0.692
5822b039-10c8-4416-be23-547543dc400c	10	56496313	56679766	104	-0.0247
5822b039-10c8-4416-be23-547543dc400c	10	56683508	56725253	24	0.2618
5822b039-10c8-4416-be23-547543dc400c	10	56728169	56752192	40	-0.0798
5822b039-10c8-4416-be23-547543dc400c	10	56752685	56764230	33	0.3446
5822b039-10c8-4416-be23-547543dc400c	10	56764353	65546518	6117	0.006
5822b039-10c8-4416-be23-547543dc400c	10	65548165	65554688	28	-2.1254
5822b039-10c8-4416-be23-547543dc400c	10	65563037	131639180	45179	0.0001
5822b039-10c8-4416-be23-547543dc400c	10	131640199	131641742	7	-1.4906
5822b039-10c8-4416-be23-547543dc400c	10	131648231	132756799	586	-0.0368
5822b039-10c8-4416-be23-547543dc400c	10	132760340	133084562	129	-0.2459
5822b039-10c8-4416-be23-547543dc400c	10	133085133	133654968	254	0.0174
5822b039-10c8-4416-be23-547543dc400c	11	198510	372369	83	-0.1694
5822b039-10c8-4416-be23-547543dc400c	11	377795	456012	20	-0.577
5822b039-10c8-4416-be23-547543dc400c	11	456120	1626349	381	-0.0516
5822b039-10c8-4416-be23-547543dc400c	11	1627184	1627418	2	-1.9939
5822b039-10c8-4416-be23-547543dc400c	11	1628657	2603683	358	-0.1245
5822b039-10c8-4416-be23-547543dc400c	11	2609249	4949137	1576	0.0048
5822b039-10c8-4416-be23-547543dc400c	11	4950775	4951865	3	1.163
5822b039-10c8-4416-be23-547543dc400c	11	4952170	4953934	16	0.5519
5822b039-10c8-4416-be23-547543dc400c	11	4954445	4954475	2	1.3179
5822b039-10c8-4416-be23-547543dc400c	11	4955027	18919323	10214	0.006
5822b039-10c8-4416-be23-547543dc400c	11	18927525	18939631	35	1.0091
5822b039-10c8-4416-be23-547543dc400c	11	18939734	37044096	13369	0.0073
5822b039-10c8-4416-be23-547543dc400c	11	37044728	37761410	490	0.0996
5822b039-10c8-4416-be23-547543dc400c	11	37763427	48576870	6707	0.0072
5822b039-10c8-4416-be23-547543dc400c	11	48579882	48581124	2	-1.7624
5822b039-10c8-4416-be23-547543dc400c	11	48584766	55595864	1177	0.053
5822b039-10c8-4416-be23-547543dc400c	11	55606556	55674842	48	-0.5612
5822b039-10c8-4416-be23-547543dc400c	11	55676735	65029966	5188	0.0032
5822b039-10c8-4416-be23-547543dc400c	11	65031323	65955104	376	-0.1507
5822b039-10c8-4416-be23-547543dc400c	11	65956045	101723638	22975	0.0079
5822b039-10c8-4416-be23-547543dc400c	11	101723653	101727233	5	1.4251
5822b039-10c8-4416-be23-547543dc400c	11	101727481	107367930	3789	0.0227
5822b039-10c8-4416-be23-547543dc400c	11	107367945	107368402	6	0.9713
5822b039-10c8-4416-be23-547543dc400c	11	107381636	133939583	19049	-0.001
5822b039-10c8-4416-be23-547543dc400c	11	133940062	134062757	89	-0.3225
5822b039-10c8-4416-be23-547543dc400c	11	134064518	134363857	175	0.0062
5822b039-10c8-4416-be23-547543dc400c	11	134365844	134365971	2	-1.885
5822b039-10c8-4416-be23-547543dc400c	11	134367219	135074876	579	-0.0419
5822b039-10c8-4416-be23-547543dc400c	12	51460	11358644	7370	-0.0058
5822b039-10c8-4416-be23-547543dc400c	12	11359558	11390472	29	0.7763
5822b039-10c8-4416-be23-547543dc400c	12	11399258	29010695	12305	0.0022
5822b039-10c8-4416-be23-547543dc400c	12	29011388	29011589	2	-1.4523
5822b039-10c8-4416-be23-547543dc400c	12	29015050	30082648	781	0.0051
5822b039-10c8-4416-be23-547543dc400c	12	30086334	30091017	27	-0.6493
5822b039-10c8-4416-be23-547543dc400c	12	30091052	33137723	2241	-0.0036
5822b039-10c8-4416-be23-547543dc400c	12	33140973	34210344	682	0.115
5822b039-10c8-4416-be23-547543dc400c	12	34211278	129516041	58956	0.0046
5822b039-10c8-4416-be23-547543dc400c	12	129518945	129519049	2	-2.6304
5822b039-10c8-4416-be23-547543dc400c	12	129519225	131636170	1777	-0.0297
5822b039-10c8-4416-be23-547543dc400c	12	131648039	131648790	13	-0.7877
5822b039-10c8-4416-be23-547543dc400c	12	131657925	133201603	555	-0.0622
5822b039-10c8-4416-be23-547543dc400c	13	18452809	19547319	531	0.0117
5822b039-10c8-4416-be23-547543dc400c	13	19549755	19549770	2	-1.7151
5822b039-10c8-4416-be23-547543dc400c	13	19550361	37496998	12936	0.0023
5822b039-10c8-4416-be23-547543dc400c	13	37497899	37514250	19	-0.5442
5822b039-10c8-4416-be23-547543dc400c	13	37514472	48957415	8010	0.0035
5822b039-10c8-4416-be23-547543dc400c	13	48959579	48962368	2	-3.6075
5822b039-10c8-4416-be23-547543dc400c	13	48963569	57088872	4445	0.024
5822b039-10c8-4416-be23-547543dc400c	13	57089954	57099696	11	-0.9067
5822b039-10c8-4416-be23-547543dc400c	13	57102230	57896832	421	0.0966
5822b039-10c8-4416-be23-547543dc400c	13	57897312	57900253	3	-1.5163
5822b039-10c8-4416-be23-547543dc400c	13	57900558	63434256	3315	-0.0068
5822b039-10c8-4416-be23-547543dc400c	13	63437954	64363350	543	0.1557
5822b039-10c8-4416-be23-547543dc400c	13	64372045	66370189	1222	0.0108
5822b039-10c8-4416-be23-547543dc400c	13	66370453	68410699	1256	0.0652
5822b039-10c8-4416-be23-547543dc400c	13	68414873	84711539	10913	0.0095
5822b039-10c8-4416-be23-547543dc400c	13	84711720	84773556	37	0.3388
5822b039-10c8-4416-be23-547543dc400c	13	84773673	105108724	13812	0.0012
5822b039-10c8-4416-be23-547543dc400c	13	105109666	105769864	523	0.1514
5822b039-10c8-4416-be23-547543dc400c	13	105770148	111070847	4319	0.0173
5822b039-10c8-4416-be23-547543dc400c	13	111071777	111072185	2	-1.8436
5822b039-10c8-4416-be23-547543dc400c	13	111072198	114342922	1742	-0.0088
5822b039-10c8-4416-be23-547543dc400c	14	18239283	19956767	168	-0.2326
5822b039-10c8-4416-be23-547543dc400c	14	19957350	21543070	1061	0.0128
5822b039-10c8-4416-be23-547543dc400c	14	21543313	22351388	660	0.1195
5822b039-10c8-4416-be23-547543dc400c	14	22354689	26314709	2616	0.0089
5822b039-10c8-4416-be23-547543dc400c	14	26314710	26315707	4	-1.2806
5822b039-10c8-4416-be23-547543dc400c	14	26325898	41138431	9239	0.0079
5822b039-10c8-4416-be23-547543dc400c	14	41139155	41188046	15	-0.6027
5822b039-10c8-4416-be23-547543dc400c	14	41188146	43297506	1323	0.0231
5822b039-10c8-4416-be23-547543dc400c	14	43297644	44769753	842	0.1134
5822b039-10c8-4416-be23-547543dc400c	14	44775019	69547262	15646	0.0081
5822b039-10c8-4416-be23-547543dc400c	14	69551330	69556009	11	-0.8982
5822b039-10c8-4416-be23-547543dc400c	14	69556227	73529070	2614	0.0045
5822b039-10c8-4416-be23-547543dc400c	14	73534419	73554275	9	-1.427
5822b039-10c8-4416-be23-547543dc400c	14	73563196	101717300	19067	0.0016
5822b039-10c8-4416-be23-547543dc400c	14	101718844	101744967	12	-0.5888
5822b039-10c8-4416-be23-547543dc400c	14	101753923	104257096	1117	-0.01
5822b039-10c8-4416-be23-547543dc400c	14	104257570	104384306	70	-0.2358
5822b039-10c8-4416-be23-547543dc400c	14	104390160	104395990	2	-2.1149
5822b039-10c8-4416-be23-547543dc400c	14	104400350	106877229	857	0.0106
5822b039-10c8-4416-be23-547543dc400c	15	19811075	20206773	59	-0.0133
5822b039-10c8-4416-be23-547543dc400c	15	20207225	20373168	28	-0.5339
5822b039-10c8-4416-be23-547543dc400c	15	20376198	20376202	5	0.5028
5822b039-10c8-4416-be23-547543dc400c	15	20376309	20381230	7	-0.8906
5822b039-10c8-4416-be23-547543dc400c	15	20381406	20538669	34	-0.3217
5822b039-10c8-4416-be23-547543dc400c	15	20614765	20625279	3	0.4585
5822b039-10c8-4416-be23-547543dc400c	15	20642631	20670989	14	-0.3761
5822b039-10c8-4416-be23-547543dc400c	15	20981071	22483983	60	-0.8677
5822b039-10c8-4416-be23-547543dc400c	15	22572323	101928837	51294	0.0003
5822b039-10c8-4416-be23-547543dc400c	16	10777	209791	112	-0.0474
5822b039-10c8-4416-be23-547543dc400c	16	212300	562782	128	-0.2123
5822b039-10c8-4416-be23-547543dc400c	16	580902	592632	8	-1.0556
5822b039-10c8-4416-be23-547543dc400c	16	592743	1016396	139	-0.1155
5822b039-10c8-4416-be23-547543dc400c	16	1016397	1038797	4	-1.086
5822b039-10c8-4416-be23-547543dc400c	16	1039949	1510999	90	-0.1477
5822b039-10c8-4416-be23-547543dc400c	16	1511767	18088127	12269	-0.0005
5822b039-10c8-4416-be23-547543dc400c	16	18104860	18153433	6	-1.1111
5822b039-10c8-4416-be23-547543dc400c	16	18162067	18624482	18	-0.173
5822b039-10c8-4416-be23-547543dc400c	16	18665971	18704933	4	0.9683
5822b039-10c8-4416-be23-547543dc400c	16	18705983	18751134	7	-0.3124
5822b039-10c8-4416-be23-547543dc400c	16	18754907	21525404	1598	0.005
5822b039-10c8-4416-be23-547543dc400c	16	21525880	21582313	18	-0.5689
5822b039-10c8-4416-be23-547543dc400c	16	21584992	22430699	360	-0.0261
5822b039-10c8-4416-be23-547543dc400c	16	22546611	22706983	76	-0.454
5822b039-10c8-4416-be23-547543dc400c	16	22707065	27619888	3499	0.0015
5822b039-10c8-4416-be23-547543dc400c	16	27626576	27641650	5	-0.8243
5822b039-10c8-4416-be23-547543dc400c	16	27642510	28832747	555	-0.0239
5822b039-10c8-4416-be23-547543dc400c	16	28841479	30130973	362	-0.1413
5822b039-10c8-4416-be23-547543dc400c	16	30131762	35225338	888	-0.0059
5822b039-10c8-4416-be23-547543dc400c	16	35232200	35522700	168	1.1468
5822b039-10c8-4416-be23-547543dc400c	16	35526596	55761136	6591	-0.0043
5822b039-10c8-4416-be23-547543dc400c	16	55762477	55782734	18	-3.0415
5822b039-10c8-4416-be23-547543dc400c	16	55782793	55788532	4	-1.0398
5822b039-10c8-4416-be23-547543dc400c	16	55808442	55824881	13	0.6794
5822b039-10c8-4416-be23-547543dc400c	16	55834527	75191124	11507	0.0029
5822b039-10c8-4416-be23-547543dc400c	16	75194071	75194085	2	-1.6188
5822b039-10c8-4416-be23-547543dc400c	16	75195731	78335563	2731	0
5822b039-10c8-4416-be23-547543dc400c	16	78337601	78337711	2	0.7173
5822b039-10c8-4416-be23-547543dc400c	16	78338543	78350868	17	-2.8771
5822b039-10c8-4416-be23-547543dc400c	16	78351104	83757416	6098	0.0065
5822b039-10c8-4416-be23-547543dc400c	16	83757435	85338814	1349	-0.07
5822b039-10c8-4416-be23-547543dc400c	16	85341107	88334893	2414	-0.0084
5822b039-10c8-4416-be23-547543dc400c	16	88335725	90096867	733	-0.188
5822b039-10c8-4416-be23-547543dc400c	17	150733	1236662	552	-0.1061
5822b039-10c8-4416-be23-547543dc400c	17	1237871	8339592	3979	-0.0122
5822b039-10c8-4416-be23-547543dc400c	17	8344229	8344415	2	-2.5947
5822b039-10c8-4416-be23-547543dc400c	17	8346140	16759600	5933	0.016
5822b039-10c8-4416-be23-547543dc400c	17	16759737	16815664	6	1.1204
5822b039-10c8-4416-be23-547543dc400c	17	16815729	18414080	910	-0.0341
5822b039-10c8-4416-be23-547543dc400c	17	18452078	18561907	27	-2.1693
5822b039-10c8-4416-be23-547543dc400c	17	18565883	28452035	2253	-0.0159
5822b039-10c8-4416-be23-547543dc400c	17	28454323	28455301	2	-3.0546
5822b039-10c8-4416-be23-547543dc400c	17	28462253	41266825	7143	-0.0065
5822b039-10c8-4416-be23-547543dc400c	17	41266838	41274279	20	-1.4225
5822b039-10c8-4416-be23-547543dc400c	17	41276472	45701985	2223	-0.0009
5822b039-10c8-4416-be23-547543dc400c	17	45702053	46006582	208	-0.1525
5822b039-10c8-4416-be23-547543dc400c	17	46008053	46085732	64	0.0151
5822b039-10c8-4416-be23-547543dc400c	17	46088437	46284997	123	0.5954
5822b039-10c8-4416-be23-547543dc400c	17	46286804	52851386	3562	-0.0015
5822b039-10c8-4416-be23-547543dc400c	17	52859656	53186881	202	0.1775
5822b039-10c8-4416-be23-547543dc400c	17	53187290	73742096	12958	-0.0018
5822b039-10c8-4416-be23-547543dc400c	17	73742947	74001765	191	-0.0276
5822b039-10c8-4416-be23-547543dc400c	17	74003028	74684398	441	-0.1568
5822b039-10c8-4416-be23-547543dc400c	17	74684915	83091923	4188	-0.0429
5822b039-10c8-4416-be23-547543dc400c	18	48133	1616028	1107	0.0205
5822b039-10c8-4416-be23-547543dc400c	18	1616304	2007870	316	0.1277
5822b039-10c8-4416-be23-547543dc400c	18	2010590	26785899	12434	0.0066
5822b039-10c8-4416-be23-547543dc400c	18	26785951	26786181	3	-3.5721
5822b039-10c8-4416-be23-547543dc400c	18	26786415	39351179	8072	0.0021
5822b039-10c8-4416-be23-547543dc400c	18	39351837	39482975	65	0.2308
5822b039-10c8-4416-be23-547543dc400c	18	39484268	40680484	764	0.0075
5822b039-10c8-4416-be23-547543dc400c	18	40680506	40690234	21	0.5288
5822b039-10c8-4416-be23-547543dc400c	18	40690250	53997831	9115	0.0054
5822b039-10c8-4416-be23-547543dc400c	18	53998472	53998782	3	-2.2021
5822b039-10c8-4416-be23-547543dc400c	18	54001998	65532809	7969	0.0035
5822b039-10c8-4416-be23-547543dc400c	18	65532829	66242480	543	0.1138
5822b039-10c8-4416-be23-547543dc400c	18	66243219	67957274	1190	0.0213
5822b039-10c8-4416-be23-547543dc400c	18	67957588	68735816	631	0.0897
5822b039-10c8-4416-be23-547543dc400c	18	68737104	71405112	1867	0.0041
5822b039-10c8-4416-be23-547543dc400c	18	71405669	73696414	1815	0.1358
5822b039-10c8-4416-be23-547543dc400c	18	73697147	79470409	4370	0.0045
5822b039-10c8-4416-be23-547543dc400c	18	79471787	79801142	151	-0.171
5822b039-10c8-4416-be23-547543dc400c	18	79805166	80257174	241	-0.012
5822b039-10c8-4416-be23-547543dc400c	19	90910	58586487	29076	-0.0092
5822b039-10c8-4416-be23-547543dc400c	20	80664	1580353	1204	-0.0141
5822b039-10c8-4416-be23-547543dc400c	20	1580934	1601446	35	1.8238
5822b039-10c8-4416-be23-547543dc400c	20	1601561	4048388	1686	-0.0015
5822b039-10c8-4416-be23-547543dc400c	20	4049130	4060276	15	-0.5107
5822b039-10c8-4416-be23-547543dc400c	20	4064645	8171066	3175	0.0111
5822b039-10c8-4416-be23-547543dc400c	20	8175363	8717466	442	0.101
5822b039-10c8-4416-be23-547543dc400c	20	8717692	14737223	4541	-0.0016
5822b039-10c8-4416-be23-547543dc400c	20	14737546	15126392	378	0.1156
5822b039-10c8-4416-be23-547543dc400c	20	15130492	63085763	30380	0.002
5822b039-10c8-4416-be23-547543dc400c	20	63086632	64324800	472	-0.1637
5822b039-10c8-4416-be23-547543dc400c	21	10354168	13583316	268	0.0998
5822b039-10c8-4416-be23-547543dc400c	21	13612103	13677975	4	1.1753
5822b039-10c8-4416-be23-547543dc400c	21	13803967	15585445	1174	-0.0026
5822b039-10c8-4416-be23-547543dc400c	21	15586351	15795544	167	0.1608
5822b039-10c8-4416-be23-547543dc400c	21	15797722	22174855	4617	0.0121
5822b039-10c8-4416-be23-547543dc400c	21	22179825	23522455	1017	0.0966
5822b039-10c8-4416-be23-547543dc400c	21	23522647	43033262	14815	0.0052
5822b039-10c8-4416-be23-547543dc400c	21	43033459	43575190	94	-0.2345
5822b039-10c8-4416-be23-547543dc400c	21	43576930	44385308	345	-0.0173
5822b039-10c8-4416-be23-547543dc400c	21	44385525	44447588	16	-0.3506
5822b039-10c8-4416-be23-547543dc400c	21	44448356	44602612	89	-0.002
5822b039-10c8-4416-be23-547543dc400c	21	44603656	44603796	4	-0.7751
5822b039-10c8-4416-be23-547543dc400c	21	44603809	45260651	423	-0.0061
5822b039-10c8-4416-be23-547543dc400c	21	45262746	45400253	63	-0.1726
5822b039-10c8-4416-be23-547543dc400c	21	45401213	45556780	63	-0.4079
5822b039-10c8-4416-be23-547543dc400c	21	45559732	46630476	631	-0.0802
5822b039-10c8-4416-be23-547543dc400c	21	46630634	46677045	37	0.0707
5822b039-10c8-4416-be23-547543dc400c	22	15294547	15315221	2	2.1527
5822b039-10c8-4416-be23-547543dc400c	22	15324751	18154191	1121	0.0096
5822b039-10c8-4416-be23-547543dc400c	22	18157533	18975982	29	-0.3266
5822b039-10c8-4416-be23-547543dc400c	22	18977821	19116673	104	-0.0082
5822b039-10c8-4416-be23-547543dc400c	22	19118607	21751293	1551	-0.1584
5822b039-10c8-4416-be23-547543dc400c	22	21752246	22880111	896	0.0155
5822b039-10c8-4416-be23-547543dc400c	22	22881053	22945828	46	-0.3111
5822b039-10c8-4416-be23-547543dc400c	22	22945842	23049643	72	0.066
5822b039-10c8-4416-be23-547543dc400c	22	23050103	23350551	183	-0.201
5822b039-10c8-4416-be23-547543dc400c	22	23351071	48846566	17994	-0.0069
5822b039-10c8-4416-be23-547543dc400c	22	48848072	48874730	11	-0.6932
5822b039-10c8-4416-be23-547543dc400c	22	48877479	50796027	1227	-0.1233
5822b039-10c8-4416-be23-547543dc400c	X	251810	19493448	11680	0.0138
5822b039-10c8-4416-be23-547543dc400c	X	19497729	19498287	3	-4.0859
5822b039-10c8-4416-be23-547543dc400c	X	19499121	39306746	12517	0.0225
5822b039-10c8-4416-be23-547543dc400c	X	39307721	39310164	3	-2.8607
5822b039-10c8-4416-be23-547543dc400c	X	39310202	85735529	19637	0.0056
5822b039-10c8-4416-be23-547543dc400c	X	85735560	85735832	2	-4.5135
5822b039-10c8-4416-be23-547543dc400c	X	85744347	155952689	39351	0.0044
5822b039-10c8-4416-be23-547543dc400c	Y	2782397	56872112	6636	-0.9115
