GDC_Aliquot	Chromosome	Start	End	Num_Probes	Segment_Mean
7540fd1a-ae0c-4b8d-b3b1-755c282d5bb0	1	62920	85936	8	-0.4855
7540fd1a-ae0c-4b8d-b3b1-755c282d5bb0	1	85998	783283	16	-0.0278
7540fd1a-ae0c-4b8d-b3b1-755c282d5bb0	1	787937	2065483	321	-0.7518
7540fd1a-ae0c-4b8d-b3b1-755c282d5bb0	1	2066166	3302046	381	-0.9631
7540fd1a-ae0c-4b8d-b3b1-755c282d5bb0	1	3302359	12797714	5686	-0.7828
7540fd1a-ae0c-4b8d-b3b1-755c282d5bb0	1	12799143	14634587	998	-0.6848
7540fd1a-ae0c-4b8d-b3b1-755c282d5bb0	1	14635165	16679483	1170	-0.7796
7540fd1a-ae0c-4b8d-b3b1-755c282d5bb0	1	16685961	16935752	78	-0.4184
7540fd1a-ae0c-4b8d-b3b1-755c282d5bb0	1	16949746	29135206	6791	-0.7847
7540fd1a-ae0c-4b8d-b3b1-755c282d5bb0	1	29142998	29366567	125	0.5542
7540fd1a-ae0c-4b8d-b3b1-755c282d5bb0	1	29366748	30670188	1034	0.6468
7540fd1a-ae0c-4b8d-b3b1-755c282d5bb0	1	30670351	32688272	952	0.5296
7540fd1a-ae0c-4b8d-b3b1-755c282d5bb0	1	32688889	32737902	30	-0.8367
7540fd1a-ae0c-4b8d-b3b1-755c282d5bb0	1	32740424	33324926	251	0.0557
7540fd1a-ae0c-4b8d-b3b1-755c282d5bb0	1	33327162	35145912	1250	0.1572
7540fd1a-ae0c-4b8d-b3b1-755c282d5bb0	1	35147041	35416050	125	0.0791
7540fd1a-ae0c-4b8d-b3b1-755c282d5bb0	1	35422090	36327505	382	-0.7491
7540fd1a-ae0c-4b8d-b3b1-755c282d5bb0	1	36349840	38377917	1259	0.107
7540fd1a-ae0c-4b8d-b3b1-755c282d5bb0	1	38379285	38379363	2	1.2341
7540fd1a-ae0c-4b8d-b3b1-755c282d5bb0	1	38379913	39749343	744	0.0981
7540fd1a-ae0c-4b8d-b3b1-755c282d5bb0	1	39751321	40846210	585	0.0225
7540fd1a-ae0c-4b8d-b3b1-755c282d5bb0	1	40847577	47267195	3605	0.0895
7540fd1a-ae0c-4b8d-b3b1-755c282d5bb0	1	47277054	47277818	5	-0.6476
7540fd1a-ae0c-4b8d-b3b1-755c282d5bb0	1	47279834	47570652	196	0.1059
7540fd1a-ae0c-4b8d-b3b1-755c282d5bb0	1	47570671	50914141	1888	0.1704
7540fd1a-ae0c-4b8d-b3b1-755c282d5bb0	1	50915188	54920561	2226	0.0934
7540fd1a-ae0c-4b8d-b3b1-755c282d5bb0	1	54921689	58254237	2748	0.1975
7540fd1a-ae0c-4b8d-b3b1-755c282d5bb0	1	58257886	58267654	13	0.7105
7540fd1a-ae0c-4b8d-b3b1-755c282d5bb0	1	58276798	58355983	60	0.1925
7540fd1a-ae0c-4b8d-b3b1-755c282d5bb0	1	58356708	59717347	1001	0.1361
7540fd1a-ae0c-4b8d-b3b1-755c282d5bb0	1	59717539	64227422	3151	0.1793
7540fd1a-ae0c-4b8d-b3b1-755c282d5bb0	1	64231288	68040756	2921	0.136
7540fd1a-ae0c-4b8d-b3b1-755c282d5bb0	1	68041160	72295173	2568	0.1961
7540fd1a-ae0c-4b8d-b3b1-755c282d5bb0	1	72296993	72303233	5	-0.0954
7540fd1a-ae0c-4b8d-b3b1-755c282d5bb0	1	72303253	72345465	45	-1.6141
7540fd1a-ae0c-4b8d-b3b1-755c282d5bb0	1	72346221	77309413	3198	0.1995
7540fd1a-ae0c-4b8d-b3b1-755c282d5bb0	1	77309436	78446521	638	0.1333
7540fd1a-ae0c-4b8d-b3b1-755c282d5bb0	1	78446859	81422771	1933	0.2028
7540fd1a-ae0c-4b8d-b3b1-755c282d5bb0	1	81422917	81422920	2	-1.4988
7540fd1a-ae0c-4b8d-b3b1-755c282d5bb0	1	81422982	83927926	1710	0.2
7540fd1a-ae0c-4b8d-b3b1-755c282d5bb0	1	83930662	88160195	2868	-0.6738
7540fd1a-ae0c-4b8d-b3b1-755c282d5bb0	1	88164091	88166738	7	-2.113
7540fd1a-ae0c-4b8d-b3b1-755c282d5bb0	1	88168381	89033270	563	-0.6608
7540fd1a-ae0c-4b8d-b3b1-755c282d5bb0	1	89035598	95093711	3812	-0.7085
7540fd1a-ae0c-4b8d-b3b1-755c282d5bb0	1	95093933	99323322	2558	-0.6345
7540fd1a-ae0c-4b8d-b3b1-755c282d5bb0	1	99323958	101382781	1306	-0.6955
7540fd1a-ae0c-4b8d-b3b1-755c282d5bb0	1	101383426	105470754	2271	-0.6017
7540fd1a-ae0c-4b8d-b3b1-755c282d5bb0	1	105476583	105481468	20	0.3876
7540fd1a-ae0c-4b8d-b3b1-755c282d5bb0	1	105481515	108187137	1922	-0.6333
7540fd1a-ae0c-4b8d-b3b1-755c282d5bb0	1	108191613	108194874	3	-3.0415
7540fd1a-ae0c-4b8d-b3b1-755c282d5bb0	1	108196482	109684893	689	-0.7127
7540fd1a-ae0c-4b8d-b3b1-755c282d5bb0	1	109690352	109697556	12	1.8369
7540fd1a-ae0c-4b8d-b3b1-755c282d5bb0	1	109702376	110834746	832	-0.7602
7540fd1a-ae0c-4b8d-b3b1-755c282d5bb0	1	110834943	110836443	6	-2.2129
7540fd1a-ae0c-4b8d-b3b1-755c282d5bb0	1	110836516	110836704	5	-3.6374
7540fd1a-ae0c-4b8d-b3b1-755c282d5bb0	1	110836709	110845604	27	-1.8815
7540fd1a-ae0c-4b8d-b3b1-755c282d5bb0	1	110849445	112147704	1061	-0.7388
7540fd1a-ae0c-4b8d-b3b1-755c282d5bb0	1	112153343	112154619	23	-1.8814
7540fd1a-ae0c-4b8d-b3b1-755c282d5bb0	1	112154754	117816415	3634	-0.7045
7540fd1a-ae0c-4b8d-b3b1-755c282d5bb0	1	117819355	119227899	778	-0.5995
7540fd1a-ae0c-4b8d-b3b1-755c282d5bb0	1	119228314	119873363	531	-0.7124
7540fd1a-ae0c-4b8d-b3b1-755c282d5bb0	1	119874537	121211648	107	0.1292
7540fd1a-ae0c-4b8d-b3b1-755c282d5bb0	1	121275630	143546851	86	-0.6233
7540fd1a-ae0c-4b8d-b3b1-755c282d5bb0	1	143547055	143796140	113	-2.024
7540fd1a-ae0c-4b8d-b3b1-755c282d5bb0	1	143811517	144442092	11	-0.7988
7540fd1a-ae0c-4b8d-b3b1-755c282d5bb0	1	144442098	149907993	914	0.6226
7540fd1a-ae0c-4b8d-b3b1-755c282d5bb0	1	149909846	152298587	1181	0.516
7540fd1a-ae0c-4b8d-b3b1-755c282d5bb0	1	152302977	152583051	205	0.6171
7540fd1a-ae0c-4b8d-b3b1-755c282d5bb0	1	152583230	152613802	32	-1.5272
7540fd1a-ae0c-4b8d-b3b1-755c282d5bb0	1	152614064	152787202	170	0.5966
7540fd1a-ae0c-4b8d-b3b1-755c282d5bb0	1	152789447	152796224	37	-2.0094
7540fd1a-ae0c-4b8d-b3b1-755c282d5bb0	1	152801429	153018584	168	0.6345
7540fd1a-ae0c-4b8d-b3b1-755c282d5bb0	1	153023248	153028238	4	-0.6352
7540fd1a-ae0c-4b8d-b3b1-755c282d5bb0	1	153028502	153446179	331	0.614
7540fd1a-ae0c-4b8d-b3b1-755c282d5bb0	1	153447999	156539149	1429	0.4856
7540fd1a-ae0c-4b8d-b3b1-755c282d5bb0	1	156545330	159787383	2270	0.608
7540fd1a-ae0c-4b8d-b3b1-755c282d5bb0	1	159789042	161747503	1152	0.5203
7540fd1a-ae0c-4b8d-b3b1-755c282d5bb0	1	161755660	162145973	299	0.5913
7540fd1a-ae0c-4b8d-b3b1-755c282d5bb0	1	162146222	166823906	3786	0.6506
7540fd1a-ae0c-4b8d-b3b1-755c282d5bb0	1	166824980	169247699	1831	0.5829
7540fd1a-ae0c-4b8d-b3b1-755c282d5bb0	1	169264736	169272528	7	-1.9114
7540fd1a-ae0c-4b8d-b3b1-755c282d5bb0	1	169273163	176462831	4588	0.5985
7540fd1a-ae0c-4b8d-b3b1-755c282d5bb0	1	176465473	177855743	945	0.6786
7540fd1a-ae0c-4b8d-b3b1-755c282d5bb0	1	177859752	178099044	173	0.9618
7540fd1a-ae0c-4b8d-b3b1-755c282d5bb0	1	178099489	178716808	398	0.6569
7540fd1a-ae0c-4b8d-b3b1-755c282d5bb0	1	178716821	186839932	5433	0.592
7540fd1a-ae0c-4b8d-b3b1-755c282d5bb0	1	186844289	187746723	650	0.6581
7540fd1a-ae0c-4b8d-b3b1-755c282d5bb0	1	187748429	187752238	2	-2.5883
7540fd1a-ae0c-4b8d-b3b1-755c282d5bb0	1	187755479	192767174	3242	0.6676
7540fd1a-ae0c-4b8d-b3b1-755c282d5bb0	1	192767423	193186662	320	0.5666
7540fd1a-ae0c-4b8d-b3b1-755c282d5bb0	1	193187149	193187218	4	-0.8844
7540fd1a-ae0c-4b8d-b3b1-755c282d5bb0	1	193190593	194479104	937	0.6496
7540fd1a-ae0c-4b8d-b3b1-755c282d5bb0	1	194482281	194485888	2	2.019
7540fd1a-ae0c-4b8d-b3b1-755c282d5bb0	1	194487886	196843377	1507	0.6768
7540fd1a-ae0c-4b8d-b3b1-755c282d5bb0	1	196843400	196846661	2	-1.8171
7540fd1a-ae0c-4b8d-b3b1-755c282d5bb0	1	196847600	198335406	815	0.6267
7540fd1a-ae0c-4b8d-b3b1-755c282d5bb0	1	198337802	198338649	2	-2.1019
7540fd1a-ae0c-4b8d-b3b1-755c282d5bb0	1	198342229	200000275	1112	0.6115
7540fd1a-ae0c-4b8d-b3b1-755c282d5bb0	1	200001288	207892265	5142	0.5461
7540fd1a-ae0c-4b8d-b3b1-755c282d5bb0	1	207894306	209897717	1697	0.6289
7540fd1a-ae0c-4b8d-b3b1-755c282d5bb0	1	209908268	209913207	4	1.7223
7540fd1a-ae0c-4b8d-b3b1-755c282d5bb0	1	209920149	210719891	617	0.6301
7540fd1a-ae0c-4b8d-b3b1-755c282d5bb0	1	210720293	213228367	1529	0.5535
7540fd1a-ae0c-4b8d-b3b1-755c282d5bb0	1	213228934	220982987	5561	0.6537
7540fd1a-ae0c-4b8d-b3b1-755c282d5bb0	1	220983282	231846270	6875	0.5761
7540fd1a-ae0c-4b8d-b3b1-755c282d5bb0	1	231846525	233823659	1685	0.6268
7540fd1a-ae0c-4b8d-b3b1-755c282d5bb0	1	233827424	233828272	2	-0.6602
7540fd1a-ae0c-4b8d-b3b1-755c282d5bb0	1	233830577	234290798	391	0.6257
7540fd1a-ae0c-4b8d-b3b1-755c282d5bb0	1	234291039	234772540	415	0.5651
7540fd1a-ae0c-4b8d-b3b1-755c282d5bb0	1	234776541	234780167	3	-0.4208
7540fd1a-ae0c-4b8d-b3b1-755c282d5bb0	1	234794424	236700531	1168	0.5542
7540fd1a-ae0c-4b8d-b3b1-755c282d5bb0	1	236701159	239101104	2015	0.6601
7540fd1a-ae0c-4b8d-b3b1-755c282d5bb0	1	239104595	239105980	2	-1.7535
7540fd1a-ae0c-4b8d-b3b1-755c282d5bb0	1	239112279	248930189	6732	0.6204
7540fd1a-ae0c-4b8d-b3b1-755c282d5bb0	2	12784	754908	526	0.1782
7540fd1a-ae0c-4b8d-b3b1-755c282d5bb0	2	759178	1912805	710	0.0912
7540fd1a-ae0c-4b8d-b3b1-755c282d5bb0	2	1912858	3148670	949	0.1909
7540fd1a-ae0c-4b8d-b3b1-755c282d5bb0	2	3148695	3293235	147	0.0287
7540fd1a-ae0c-4b8d-b3b1-755c282d5bb0	2	3293722	3767120	341	0.147
7540fd1a-ae0c-4b8d-b3b1-755c282d5bb0	2	3767137	6604912	2459	0.1958
7540fd1a-ae0c-4b8d-b3b1-755c282d5bb0	2	6604934	7989207	1162	0.1401
7540fd1a-ae0c-4b8d-b3b1-755c282d5bb0	2	7990754	7996487	8	-1.0315
7540fd1a-ae0c-4b8d-b3b1-755c282d5bb0	2	7999793	10973588	2134	0.0972
7540fd1a-ae0c-4b8d-b3b1-755c282d5bb0	2	10978710	15659527	3382	0.643
7540fd1a-ae0c-4b8d-b3b1-755c282d5bb0	2	15659856	23722911	5785	0.153
7540fd1a-ae0c-4b8d-b3b1-755c282d5bb0	2	23724719	23840027	51	0.6644
7540fd1a-ae0c-4b8d-b3b1-755c282d5bb0	2	23840338	29807393	3303	0.9084
7540fd1a-ae0c-4b8d-b3b1-755c282d5bb0	2	29810854	31890225	1398	0.6223
7540fd1a-ae0c-4b8d-b3b1-755c282d5bb0	2	31894140	32140092	88	-0.6568
7540fd1a-ae0c-4b8d-b3b1-755c282d5bb0	2	32141082	32390773	96	0.0441
7540fd1a-ae0c-4b8d-b3b1-755c282d5bb0	2	32393035	32958800	337	0.2263
7540fd1a-ae0c-4b8d-b3b1-755c282d5bb0	2	32959228	33677600	533	0.1427
7540fd1a-ae0c-4b8d-b3b1-755c282d5bb0	2	33678193	34466002	644	0.2094
7540fd1a-ae0c-4b8d-b3b1-755c282d5bb0	2	34474248	34511990	46	-2.0295
7540fd1a-ae0c-4b8d-b3b1-755c282d5bb0	2	34512096	35750907	871	0.1935
7540fd1a-ae0c-4b8d-b3b1-755c282d5bb0	2	35752724	35762850	6	-2.2655
7540fd1a-ae0c-4b8d-b3b1-755c282d5bb0	2	35762881	38024729	1783	0.1543
7540fd1a-ae0c-4b8d-b3b1-755c282d5bb0	2	38026416	39281689	811	0.0708
7540fd1a-ae0c-4b8d-b3b1-755c282d5bb0	2	39282805	40763522	1141	0.1784
7540fd1a-ae0c-4b8d-b3b1-755c282d5bb0	2	40763612	40764298	2	-0.9824
7540fd1a-ae0c-4b8d-b3b1-755c282d5bb0	2	40764666	41139483	288	0.1864
7540fd1a-ae0c-4b8d-b3b1-755c282d5bb0	2	41139834	41342315	162	0.3242
7540fd1a-ae0c-4b8d-b3b1-755c282d5bb0	2	41342745	41937075	551	0.1705
7540fd1a-ae0c-4b8d-b3b1-755c282d5bb0	2	41939321	43282796	864	0.0777
7540fd1a-ae0c-4b8d-b3b1-755c282d5bb0	2	43285104	46142357	2099	0.1322
7540fd1a-ae0c-4b8d-b3b1-755c282d5bb0	2	46143064	48672011	1643	0.0915
7540fd1a-ae0c-4b8d-b3b1-755c282d5bb0	2	48678817	52527330	2763	0.1883
7540fd1a-ae0c-4b8d-b3b1-755c282d5bb0	2	52527342	52560811	40	0.8333
7540fd1a-ae0c-4b8d-b3b1-755c282d5bb0	2	52563002	57725735	3733	0.1574
7540fd1a-ae0c-4b8d-b3b1-755c282d5bb0	2	57726073	57726082	2	-1.4179
7540fd1a-ae0c-4b8d-b3b1-755c282d5bb0	2	57729090	60178485	1640	0.1759
7540fd1a-ae0c-4b8d-b3b1-755c282d5bb0	2	60181063	65621350	2946	0.0927
7540fd1a-ae0c-4b8d-b3b1-755c282d5bb0	2	65622289	68114660	1924	0.1773
7540fd1a-ae0c-4b8d-b3b1-755c282d5bb0	2	68115311	68444918	232	0.0469
7540fd1a-ae0c-4b8d-b3b1-755c282d5bb0	2	68445121	69277666	593	0.1226
7540fd1a-ae0c-4b8d-b3b1-755c282d5bb0	2	69280123	70455398	694	0.0327
7540fd1a-ae0c-4b8d-b3b1-755c282d5bb0	2	70455516	73332739	1606	0.1225
7540fd1a-ae0c-4b8d-b3b1-755c282d5bb0	2	73333923	74879710	854	0.0623
7540fd1a-ae0c-4b8d-b3b1-755c282d5bb0	2	74879921	75633664	626	0.1581
7540fd1a-ae0c-4b8d-b3b1-755c282d5bb0	2	75635323	83442293	5122	0.2059
7540fd1a-ae0c-4b8d-b3b1-755c282d5bb0	2	83442908	84717198	763	0.1649
7540fd1a-ae0c-4b8d-b3b1-755c282d5bb0	2	84717754	99161554	3923	0.0892
7540fd1a-ae0c-4b8d-b3b1-755c282d5bb0	2	99162272	102508036	2190	0.1206
7540fd1a-ae0c-4b8d-b3b1-755c282d5bb0	2	102508559	105558202	1933	0.1783
7540fd1a-ae0c-4b8d-b3b1-755c282d5bb0	2	105560880	106687584	817	0.1194
7540fd1a-ae0c-4b8d-b3b1-755c282d5bb0	2	106687596	107824280	789	0.194
7540fd1a-ae0c-4b8d-b3b1-755c282d5bb0	2	107830513	107864451	2	-1.1222
7540fd1a-ae0c-4b8d-b3b1-755c282d5bb0	2	107875632	108406380	388	0.1926
7540fd1a-ae0c-4b8d-b3b1-755c282d5bb0	2	108406718	113985440	2606	0.1059
7540fd1a-ae0c-4b8d-b3b1-755c282d5bb0	2	113985692	117443528	2128	0.1958
7540fd1a-ae0c-4b8d-b3b1-755c282d5bb0	2	117443685	122335459	3083	0.1351
7540fd1a-ae0c-4b8d-b3b1-755c282d5bb0	2	122335600	126949836	3059	0.192
7540fd1a-ae0c-4b8d-b3b1-755c282d5bb0	2	126953880	127075108	78	0.0873
7540fd1a-ae0c-4b8d-b3b1-755c282d5bb0	2	127084354	127100370	14	-0.396
7540fd1a-ae0c-4b8d-b3b1-755c282d5bb0	2	127101070	128501984	762	0.0923
7540fd1a-ae0c-4b8d-b3b1-755c282d5bb0	2	128502870	130036283	1153	0.174
7540fd1a-ae0c-4b8d-b3b1-755c282d5bb0	2	130036310	130116915	13	-0.5251
7540fd1a-ae0c-4b8d-b3b1-755c282d5bb0	2	130117303	132450449	760	0.14
7540fd1a-ae0c-4b8d-b3b1-755c282d5bb0	2	132452879	132458741	2	-1.1863
7540fd1a-ae0c-4b8d-b3b1-755c282d5bb0	2	132458840	134075303	1261	0.1702
7540fd1a-ae0c-4b8d-b3b1-755c282d5bb0	2	134075538	136337369	1308	0.0946
7540fd1a-ae0c-4b8d-b3b1-755c282d5bb0	2	136337570	137647291	988	0.1684
7540fd1a-ae0c-4b8d-b3b1-755c282d5bb0	2	137649270	142105591	2899	0.2081
7540fd1a-ae0c-4b8d-b3b1-755c282d5bb0	2	142109048	162718928	12276	0.1454
7540fd1a-ae0c-4b8d-b3b1-755c282d5bb0	2	162722458	168209169	3240	0.1809
7540fd1a-ae0c-4b8d-b3b1-755c282d5bb0	2	168209392	175579423	4759	0.119
7540fd1a-ae0c-4b8d-b3b1-755c282d5bb0	2	175580857	183576614	5083	0.1487
7540fd1a-ae0c-4b8d-b3b1-755c282d5bb0	2	183576727	188918247	3006	0.1901
7540fd1a-ae0c-4b8d-b3b1-755c282d5bb0	2	188918317	192228956	2012	0.1272
7540fd1a-ae0c-4b8d-b3b1-755c282d5bb0	2	192229124	195357235	1628	0.1919
7540fd1a-ae0c-4b8d-b3b1-755c282d5bb0	2	195357342	207490231	7239	0.1192
7540fd1a-ae0c-4b8d-b3b1-755c282d5bb0	2	207490454	207494425	15	-0.6838
7540fd1a-ae0c-4b8d-b3b1-755c282d5bb0	2	207494612	208101434	334	0.0728
7540fd1a-ae0c-4b8d-b3b1-755c282d5bb0	2	208103842	217870853	6471	0.1627
7540fd1a-ae0c-4b8d-b3b1-755c282d5bb0	2	217871569	219453561	766	0.033
7540fd1a-ae0c-4b8d-b3b1-755c282d5bb0	2	219454759	230071038	7061	0.1482
7540fd1a-ae0c-4b8d-b3b1-755c282d5bb0	2	230073807	233437959	1860	0.0566
7540fd1a-ae0c-4b8d-b3b1-755c282d5bb0	2	233445599	237396568	2872	0.1446
7540fd1a-ae0c-4b8d-b3b1-755c282d5bb0	2	237399054	242147305	2674	0.0812
7540fd1a-ae0c-4b8d-b3b1-755c282d5bb0	3	20930	4337690	3871	0.2117
7540fd1a-ae0c-4b8d-b3b1-755c282d5bb0	3	4338436	5891008	1289	0.1306
7540fd1a-ae0c-4b8d-b3b1-755c282d5bb0	3	5892757	6604856	649	0.219
7540fd1a-ae0c-4b8d-b3b1-755c282d5bb0	3	6609441	6611645	23	-0.6541
7540fd1a-ae0c-4b8d-b3b1-755c282d5bb0	3	6613391	8778389	1877	0.196
7540fd1a-ae0c-4b8d-b3b1-755c282d5bb0	3	8778715	8816515	31	0.6605
7540fd1a-ae0c-4b8d-b3b1-755c282d5bb0	3	8825123	9380526	499	0.1655
7540fd1a-ae0c-4b8d-b3b1-755c282d5bb0	3	9381174	10216895	416	0.0576
7540fd1a-ae0c-4b8d-b3b1-755c282d5bb0	3	10217213	12407625	1568	0.1466
7540fd1a-ae0c-4b8d-b3b1-755c282d5bb0	3	12408184	16197556	2652	0.0984
7540fd1a-ae0c-4b8d-b3b1-755c282d5bb0	3	16199049	16199877	8	-0.6495
7540fd1a-ae0c-4b8d-b3b1-755c282d5bb0	3	16202089	17180414	690	0.1059
7540fd1a-ae0c-4b8d-b3b1-755c282d5bb0	3	17181266	20271633	1662	0.1691
7540fd1a-ae0c-4b8d-b3b1-755c282d5bb0	3	20273630	20286589	3	-0.7639
7540fd1a-ae0c-4b8d-b3b1-755c282d5bb0	3	20294420	21488061	825	0.1827
7540fd1a-ae0c-4b8d-b3b1-755c282d5bb0	3	21488090	22253314	713	0.2436
7540fd1a-ae0c-4b8d-b3b1-755c282d5bb0	3	22253402	26384700	3082	0.18
7540fd1a-ae0c-4b8d-b3b1-755c282d5bb0	3	26392633	26397852	5	-0.8382
7540fd1a-ae0c-4b8d-b3b1-755c282d5bb0	3	26404482	26932824	420	0.1888
7540fd1a-ae0c-4b8d-b3b1-755c282d5bb0	3	26938290	26945512	4	0.8296
7540fd1a-ae0c-4b8d-b3b1-755c282d5bb0	3	26948611	27323298	202	0.1923
7540fd1a-ae0c-4b8d-b3b1-755c282d5bb0	3	27326090	28639704	819	0.1324
7540fd1a-ae0c-4b8d-b3b1-755c282d5bb0	3	28640141	30149632	1162	0.2031
7540fd1a-ae0c-4b8d-b3b1-755c282d5bb0	3	30151053	30151074	2	-0.9993
7540fd1a-ae0c-4b8d-b3b1-755c282d5bb0	3	30151286	30228590	79	0.244
7540fd1a-ae0c-4b8d-b3b1-755c282d5bb0	3	30230155	30231029	2	1.1431
7540fd1a-ae0c-4b8d-b3b1-755c282d5bb0	3	30233155	31809013	1174	0.1561
7540fd1a-ae0c-4b8d-b3b1-755c282d5bb0	3	31809771	33931041	1194	0.1045
7540fd1a-ae0c-4b8d-b3b1-755c282d5bb0	3	33931225	34312529	245	0.1581
7540fd1a-ae0c-4b8d-b3b1-755c282d5bb0	3	34314136	35938009	1009	0.21
7540fd1a-ae0c-4b8d-b3b1-755c282d5bb0	3	35938711	38146793	1575	0.1411
7540fd1a-ae0c-4b8d-b3b1-755c282d5bb0	3	38152891	42361710	2764	-0.6994
7540fd1a-ae0c-4b8d-b3b1-755c282d5bb0	3	42361817	53796740	5682	-0.7613
7540fd1a-ae0c-4b8d-b3b1-755c282d5bb0	3	53797956	56541987	2082	-0.6826
7540fd1a-ae0c-4b8d-b3b1-755c282d5bb0	3	56547792	58648824	1172	-0.7568
7540fd1a-ae0c-4b8d-b3b1-755c282d5bb0	3	58651597	65202778	5707	-0.6631
7540fd1a-ae0c-4b8d-b3b1-755c282d5bb0	3	65203560	65224777	51	-2.0834
7540fd1a-ae0c-4b8d-b3b1-755c282d5bb0	3	65230674	68676600	2403	-0.6848
7540fd1a-ae0c-4b8d-b3b1-755c282d5bb0	3	68682877	68698262	16	0.4057
7540fd1a-ae0c-4b8d-b3b1-755c282d5bb0	3	68699607	71029720	1779	-0.6579
7540fd1a-ae0c-4b8d-b3b1-755c282d5bb0	3	71032434	72980555	1435	-0.7864
7540fd1a-ae0c-4b8d-b3b1-755c282d5bb0	3	72982297	75466940	1664	-0.6504
7540fd1a-ae0c-4b8d-b3b1-755c282d5bb0	3	75478031	75639135	45	-0.2279
7540fd1a-ae0c-4b8d-b3b1-755c282d5bb0	3	75641168	81097236	3094	-0.6236
7540fd1a-ae0c-4b8d-b3b1-755c282d5bb0	3	81097639	84053071	1546	0.6998
7540fd1a-ae0c-4b8d-b3b1-755c282d5bb0	3	84056282	84057015	2	-0.7709
7540fd1a-ae0c-4b8d-b3b1-755c282d5bb0	3	84061816	84650033	300	0.6789
7540fd1a-ae0c-4b8d-b3b1-755c282d5bb0	3	84650533	84653449	19	-0.2546
7540fd1a-ae0c-4b8d-b3b1-755c282d5bb0	3	84657133	95737262	4119	0.6989
7540fd1a-ae0c-4b8d-b3b1-755c282d5bb0	3	95748036	95749266	2	-3.3043
7540fd1a-ae0c-4b8d-b3b1-755c282d5bb0	3	95749836	95789820	23	0.4481
7540fd1a-ae0c-4b8d-b3b1-755c282d5bb0	3	95790322	99802044	2235	0.6793
7540fd1a-ae0c-4b8d-b3b1-755c282d5bb0	3	99803368	102521854	1458	0.6158
7540fd1a-ae0c-4b8d-b3b1-755c282d5bb0	3	102523880	104912741	1524	0.6737
7540fd1a-ae0c-4b8d-b3b1-755c282d5bb0	3	104912766	104913016	4	-0.2148
7540fd1a-ae0c-4b8d-b3b1-755c282d5bb0	3	104914137	112115906	4395	0.6618
7540fd1a-ae0c-4b8d-b3b1-755c282d5bb0	3	112121666	114307733	1320	0.6013
7540fd1a-ae0c-4b8d-b3b1-755c282d5bb0	3	114309302	119171031	3233	0.6663
7540fd1a-ae0c-4b8d-b3b1-755c282d5bb0	3	119171760	125950205	3992	0.6111
7540fd1a-ae0c-4b8d-b3b1-755c282d5bb0	3	125954540	125957120	3	-0.4096
7540fd1a-ae0c-4b8d-b3b1-755c282d5bb0	3	125961657	128632211	1729	0.6111
7540fd1a-ae0c-4b8d-b3b1-755c282d5bb0	3	128633674	129921746	566	0.5164
7540fd1a-ae0c-4b8d-b3b1-755c282d5bb0	3	129928366	130047743	86	0.5845
7540fd1a-ae0c-4b8d-b3b1-755c282d5bb0	3	130057015	130087393	36	-1.7184
7540fd1a-ae0c-4b8d-b3b1-755c282d5bb0	3	130088081	132269794	1431	0.6439
7540fd1a-ae0c-4b8d-b3b1-755c282d5bb0	3	132270020	132276840	8	-0.0195
7540fd1a-ae0c-4b8d-b3b1-755c282d5bb0	3	132281633	144575496	7559	0.6391
7540fd1a-ae0c-4b8d-b3b1-755c282d5bb0	3	144575748	148831274	2637	0.6969
7540fd1a-ae0c-4b8d-b3b1-755c282d5bb0	3	148831702	153419656	2947	0.6146
7540fd1a-ae0c-4b8d-b3b1-755c282d5bb0	3	153420124	165323075	7042	0.6677
7540fd1a-ae0c-4b8d-b3b1-755c282d5bb0	3	165323760	165367641	66	0.2204
7540fd1a-ae0c-4b8d-b3b1-755c282d5bb0	3	165370734	169012392	2059	0.6848
7540fd1a-ae0c-4b8d-b3b1-755c282d5bb0	3	169015614	169020840	2	-1.872
7540fd1a-ae0c-4b8d-b3b1-755c282d5bb0	3	169022039	173260397	2733	0.6339
7540fd1a-ae0c-4b8d-b3b1-755c282d5bb0	3	173261384	176431343	2158	0.7066
7540fd1a-ae0c-4b8d-b3b1-755c282d5bb0	3	176431566	178982963	1545	0.6386
7540fd1a-ae0c-4b8d-b3b1-755c282d5bb0	3	178982978	179671847	496	0.5582
7540fd1a-ae0c-4b8d-b3b1-755c282d5bb0	3	179671868	180753918	620	0.6751
7540fd1a-ae0c-4b8d-b3b1-755c282d5bb0	3	180755037	180759715	4	-0.4183
7540fd1a-ae0c-4b8d-b3b1-755c282d5bb0	3	180761369	185639743	2609	0.6174
7540fd1a-ae0c-4b8d-b3b1-755c282d5bb0	3	185640264	188929419	2501	-0.7495
7540fd1a-ae0c-4b8d-b3b1-755c282d5bb0	3	188931822	193706825	3388	-0.6619
7540fd1a-ae0c-4b8d-b3b1-755c282d5bb0	3	193707600	194920587	793	-0.7928
7540fd1a-ae0c-4b8d-b3b1-755c282d5bb0	3	194920617	194921116	4	-2.8233
7540fd1a-ae0c-4b8d-b3b1-755c282d5bb0	3	194921751	198169247	1516	-0.7161
7540fd1a-ae0c-4b8d-b3b1-755c282d5bb0	4	68929	4101617	1620	0.5742
7540fd1a-ae0c-4b8d-b3b1-755c282d5bb0	4	4108503	4133854	8	-1.2507
7540fd1a-ae0c-4b8d-b3b1-755c282d5bb0	4	4151033	10208766	4060	0.6492
7540fd1a-ae0c-4b8d-b3b1-755c282d5bb0	4	10221792	10232642	30	-1.7184
7540fd1a-ae0c-4b8d-b3b1-755c282d5bb0	4	10232984	17315451	5571	0.6599
7540fd1a-ae0c-4b8d-b3b1-755c282d5bb0	4	17316655	17744565	348	-0.7624
7540fd1a-ae0c-4b8d-b3b1-755c282d5bb0	4	17745066	24037385	4155	-0.6254
7540fd1a-ae0c-4b8d-b3b1-755c282d5bb0	4	24041701	27393364	2271	-0.7007
7540fd1a-ae0c-4b8d-b3b1-755c282d5bb0	4	27393393	29697898	1551	-0.6192
7540fd1a-ae0c-4b8d-b3b1-755c282d5bb0	4	29698341	29698795	3	-2.205
7540fd1a-ae0c-4b8d-b3b1-755c282d5bb0	4	29702488	37551295	4925	-0.6099
7540fd1a-ae0c-4b8d-b3b1-755c282d5bb0	4	37551306	42958893	3500	-0.7069
7540fd1a-ae0c-4b8d-b3b1-755c282d5bb0	4	42960771	49203901	3555	-0.6371
7540fd1a-ae0c-4b8d-b3b1-755c282d5bb0	4	49204422	49654496	20	-0.0642
7540fd1a-ae0c-4b8d-b3b1-755c282d5bb0	4	49654578	51895982	55	-0.6322
7540fd1a-ae0c-4b8d-b3b1-755c282d5bb0	4	51898078	57454784	3708	-0.6808
7540fd1a-ae0c-4b8d-b3b1-755c282d5bb0	4	57457961	62802116	3212	-0.6144
7540fd1a-ae0c-4b8d-b3b1-755c282d5bb0	4	62804218	62805944	8	-1.943
7540fd1a-ae0c-4b8d-b3b1-755c282d5bb0	4	62813912	63840033	573	-0.6135
7540fd1a-ae0c-4b8d-b3b1-755c282d5bb0	4	63841863	63842540	8	-2.5401
7540fd1a-ae0c-4b8d-b3b1-755c282d5bb0	4	63850713	68478894	2855	-0.6275
7540fd1a-ae0c-4b8d-b3b1-755c282d5bb0	4	68494770	68726064	77	0.0269
7540fd1a-ae0c-4b8d-b3b1-755c282d5bb0	4	68729873	72046163	1921	-0.627
7540fd1a-ae0c-4b8d-b3b1-755c282d5bb0	4	72050217	72050266	2	-2.479
7540fd1a-ae0c-4b8d-b3b1-755c282d5bb0	4	72050279	75617565	2193	-0.6443
7540fd1a-ae0c-4b8d-b3b1-755c282d5bb0	4	75621702	83676151	5067	-0.7106
7540fd1a-ae0c-4b8d-b3b1-755c282d5bb0	4	83676219	114258385	18402	-0.6566
7540fd1a-ae0c-4b8d-b3b1-755c282d5bb0	4	114258482	114261019	6	-2.3842
7540fd1a-ae0c-4b8d-b3b1-755c282d5bb0	4	114263073	130193028	9383	-0.6457
7540fd1a-ae0c-4b8d-b3b1-755c282d5bb0	4	130194328	137980090	4381	-0.5975
7540fd1a-ae0c-4b8d-b3b1-755c282d5bb0	4	137980972	139156483	876	-0.675
7540fd1a-ae0c-4b8d-b3b1-755c282d5bb0	4	139157305	141125674	1249	-0.7347
7540fd1a-ae0c-4b8d-b3b1-755c282d5bb0	4	141127393	150277239	5284	-0.6654
7540fd1a-ae0c-4b8d-b3b1-755c282d5bb0	4	150279542	153993028	2204	0.1283
7540fd1a-ae0c-4b8d-b3b1-755c282d5bb0	4	153993968	178317274	15334	0.1878
7540fd1a-ae0c-4b8d-b3b1-755c282d5bb0	4	178317564	182653737	3352	0.2278
7540fd1a-ae0c-4b8d-b3b1-755c282d5bb0	4	182654203	186201595	2400	0.1516
7540fd1a-ae0c-4b8d-b3b1-755c282d5bb0	4	186201750	187920874	1160	0.2262
7540fd1a-ae0c-4b8d-b3b1-755c282d5bb0	4	187922151	189459462	1142	0.1732
7540fd1a-ae0c-4b8d-b3b1-755c282d5bb0	4	189459840	190106768	232	0.139
7540fd1a-ae0c-4b8d-b3b1-755c282d5bb0	5	15532	1962322	978	0.0659
7540fd1a-ae0c-4b8d-b3b1-755c282d5bb0	5	1963721	3451792	1422	0.2238
7540fd1a-ae0c-4b8d-b3b1-755c282d5bb0	5	3451845	5308639	1645	0.2557
7540fd1a-ae0c-4b8d-b3b1-755c282d5bb0	5	5309462	10150128	4207	0.206
7540fd1a-ae0c-4b8d-b3b1-755c282d5bb0	5	10152574	10739766	430	0.0803
7540fd1a-ae0c-4b8d-b3b1-755c282d5bb0	5	10740635	12815668	1492	0.2137
7540fd1a-ae0c-4b8d-b3b1-755c282d5bb0	5	12815753	12826538	10	0.8249
7540fd1a-ae0c-4b8d-b3b1-755c282d5bb0	5	12833745	13505412	327	0.2441
7540fd1a-ae0c-4b8d-b3b1-755c282d5bb0	5	13505864	17814248	2990	0.1788
7540fd1a-ae0c-4b8d-b3b1-755c282d5bb0	5	17814313	24777997	4082	0.2275
7540fd1a-ae0c-4b8d-b3b1-755c282d5bb0	5	24778267	24781719	15	-0.7216
7540fd1a-ae0c-4b8d-b3b1-755c282d5bb0	5	24786817	31495147	4163	0.2206
7540fd1a-ae0c-4b8d-b3b1-755c282d5bb0	5	31497358	31685213	142	0.1202
7540fd1a-ae0c-4b8d-b3b1-755c282d5bb0	5	31686921	31690742	9	-0.8367
7540fd1a-ae0c-4b8d-b3b1-755c282d5bb0	5	31702039	66979368	19462	0.171
7540fd1a-ae0c-4b8d-b3b1-755c282d5bb0	5	66979456	66979510	2	-1.5932
7540fd1a-ae0c-4b8d-b3b1-755c282d5bb0	5	66979686	74899798	4003	0.167
7540fd1a-ae0c-4b8d-b3b1-755c282d5bb0	5	74901310	82488575	4758	0.1358
7540fd1a-ae0c-4b8d-b3b1-755c282d5bb0	5	82491976	83533918	675	0.1768
7540fd1a-ae0c-4b8d-b3b1-755c282d5bb0	5	83534307	86387353	1620	0.2059
7540fd1a-ae0c-4b8d-b3b1-755c282d5bb0	5	86388842	97709417	6173	0.1605
7540fd1a-ae0c-4b8d-b3b1-755c282d5bb0	5	97712762	97763616	43	-0.7425
7540fd1a-ae0c-4b8d-b3b1-755c282d5bb0	5	97763980	99147616	778	0.1529
7540fd1a-ae0c-4b8d-b3b1-755c282d5bb0	5	99152826	99361443	115	0.2105
7540fd1a-ae0c-4b8d-b3b1-755c282d5bb0	5	99361683	99991869	381	0.2979
7540fd1a-ae0c-4b8d-b3b1-755c282d5bb0	5	99995780	101767317	1003	0.1869
7540fd1a-ae0c-4b8d-b3b1-755c282d5bb0	5	101772980	101787834	13	-0.6816
7540fd1a-ae0c-4b8d-b3b1-755c282d5bb0	5	101791424	104515520	1577	0.2002
7540fd1a-ae0c-4b8d-b3b1-755c282d5bb0	5	104524672	104524903	4	1.7434
7540fd1a-ae0c-4b8d-b3b1-755c282d5bb0	5	104525348	112734249	5342	0.1866
7540fd1a-ae0c-4b8d-b3b1-755c282d5bb0	5	112734425	113525718	701	0.1085
7540fd1a-ae0c-4b8d-b3b1-755c282d5bb0	5	113526145	114794745	918	0.2039
7540fd1a-ae0c-4b8d-b3b1-755c282d5bb0	5	114794764	115873284	692	0.1332
7540fd1a-ae0c-4b8d-b3b1-755c282d5bb0	5	115874608	118655257	2156	0.2038
7540fd1a-ae0c-4b8d-b3b1-755c282d5bb0	5	118658444	119862314	739	0.1307
7540fd1a-ae0c-4b8d-b3b1-755c282d5bb0	5	119866483	126414776	4371	0.1929
7540fd1a-ae0c-4b8d-b3b1-755c282d5bb0	5	126414940	131047957	2629	0.1587
7540fd1a-ae0c-4b8d-b3b1-755c282d5bb0	5	131048521	133332985	1232	0.0828
7540fd1a-ae0c-4b8d-b3b1-755c282d5bb0	5	133333627	133758935	372	0.1756
7540fd1a-ae0c-4b8d-b3b1-755c282d5bb0	5	133759454	135235460	858	0.0827
7540fd1a-ae0c-4b8d-b3b1-755c282d5bb0	5	135236971	136084446	680	0.1831
7540fd1a-ae0c-4b8d-b3b1-755c282d5bb0	5	136084724	136136505	31	0.7215
7540fd1a-ae0c-4b8d-b3b1-755c282d5bb0	5	136140315	137793033	1115	0.1824
7540fd1a-ae0c-4b8d-b3b1-755c282d5bb0	5	137793939	140763891	1314	0.0676
7540fd1a-ae0c-4b8d-b3b1-755c282d5bb0	5	140768541	141433253	287	0.1726
7540fd1a-ae0c-4b8d-b3b1-755c282d5bb0	5	141434099	143710118	1574	0.0996
7540fd1a-ae0c-4b8d-b3b1-755c282d5bb0	5	143710513	149427300	3850	0.1758
7540fd1a-ae0c-4b8d-b3b1-755c282d5bb0	5	149427453	150822643	892	0.087
7540fd1a-ae0c-4b8d-b3b1-755c282d5bb0	5	150825938	150839042	8	-0.5503
7540fd1a-ae0c-4b8d-b3b1-755c282d5bb0	5	150843825	151801329	702	0.096
7540fd1a-ae0c-4b8d-b3b1-755c282d5bb0	5	151801757	155052800	2168	0.1559
7540fd1a-ae0c-4b8d-b3b1-755c282d5bb0	5	155053020	156534906	1118	0.1991
7540fd1a-ae0c-4b8d-b3b1-755c282d5bb0	5	156535004	160674995	2817	0.1355
7540fd1a-ae0c-4b8d-b3b1-755c282d5bb0	5	160676255	169582313	6158	0.1889
7540fd1a-ae0c-4b8d-b3b1-755c282d5bb0	5	169583470	174052902	3285	0.1237
7540fd1a-ae0c-4b8d-b3b1-755c282d5bb0	5	174054059	175549322	1216	0.1737
7540fd1a-ae0c-4b8d-b3b1-755c282d5bb0	5	175559198	177296679	817	0.0732
7540fd1a-ae0c-4b8d-b3b1-755c282d5bb0	5	177296778	177356552	33	0.5386
7540fd1a-ae0c-4b8d-b3b1-755c282d5bb0	5	177357511	177740962	119	0.0379
7540fd1a-ae0c-4b8d-b3b1-755c282d5bb0	5	177770954	177839225	10	-0.3933
7540fd1a-ae0c-4b8d-b3b1-755c282d5bb0	5	177876764	177879634	2	-1.8676
7540fd1a-ae0c-4b8d-b3b1-755c282d5bb0	5	177883336	181363319	1977	0.1023
7540fd1a-ae0c-4b8d-b3b1-755c282d5bb0	6	149661	6678149	5467	0.1253
7540fd1a-ae0c-4b8d-b3b1-755c282d5bb0	6	6678262	7283863	463	0.0451
7540fd1a-ae0c-4b8d-b3b1-755c282d5bb0	6	7284250	8014896	596	0.1323
7540fd1a-ae0c-4b8d-b3b1-755c282d5bb0	6	8015487	10724327	1964	0.1778
7540fd1a-ae0c-4b8d-b3b1-755c282d5bb0	6	10724341	14908684	3204	0.0951
7540fd1a-ae0c-4b8d-b3b1-755c282d5bb0	6	14912138	15298802	215	-0.0179
7540fd1a-ae0c-4b8d-b3b1-755c282d5bb0	6	15299150	16872001	1284	0.0995
7540fd1a-ae0c-4b8d-b3b1-755c282d5bb0	6	16874754	16875295	5	-1.5665
7540fd1a-ae0c-4b8d-b3b1-755c282d5bb0	6	16875433	17101433	182	0.1343
7540fd1a-ae0c-4b8d-b3b1-755c282d5bb0	6	17102527	17102627	2	-2.3402
7540fd1a-ae0c-4b8d-b3b1-755c282d5bb0	6	17102766	24321809	5221	0.155
7540fd1a-ae0c-4b8d-b3b1-755c282d5bb0	6	24325581	24326057	2	-2.0992
7540fd1a-ae0c-4b8d-b3b1-755c282d5bb0	6	24328478	29869295	3016	0.1114
7540fd1a-ae0c-4b8d-b3b1-755c282d5bb0	6	29869410	29907031	24	1.0002
7540fd1a-ae0c-4b8d-b3b1-755c282d5bb0	6	29909182	29969534	35	0.2938
7540fd1a-ae0c-4b8d-b3b1-755c282d5bb0	6	29971000	31239202	564	0.029
7540fd1a-ae0c-4b8d-b3b1-755c282d5bb0	6	31240563	31305926	54	0.2139
7540fd1a-ae0c-4b8d-b3b1-755c282d5bb0	6	31309909	31328674	13	0.8591
7540fd1a-ae0c-4b8d-b3b1-755c282d5bb0	6	31342147	32463515	495	0.1063
7540fd1a-ae0c-4b8d-b3b1-755c282d5bb0	6	32463775	32602588	34	1.7518
7540fd1a-ae0c-4b8d-b3b1-755c282d5bb0	6	32605994	32722250	76	0.3507
7540fd1a-ae0c-4b8d-b3b1-755c282d5bb0	6	32723020	32723053	3	2.6543
7540fd1a-ae0c-4b8d-b3b1-755c282d5bb0	6	32732907	32836637	96	0.2282
7540fd1a-ae0c-4b8d-b3b1-755c282d5bb0	6	32836793	37889767	2964	0.0311
7540fd1a-ae0c-4b8d-b3b1-755c282d5bb0	6	37890347	41356568	2600	0.1334
7540fd1a-ae0c-4b8d-b3b1-755c282d5bb0	6	41357022	44255149	1574	0.0205
7540fd1a-ae0c-4b8d-b3b1-755c282d5bb0	6	44255411	44648124	297	0.1199
7540fd1a-ae0c-4b8d-b3b1-755c282d5bb0	6	44648232	44702593	40	-0.0324
7540fd1a-ae0c-4b8d-b3b1-755c282d5bb0	6	44703350	48963228	2753	0.1641
7540fd1a-ae0c-4b8d-b3b1-755c282d5bb0	6	48964092	48967563	3	-2.0707
7540fd1a-ae0c-4b8d-b3b1-755c282d5bb0	6	48978926	51852417	1708	0.1956
7540fd1a-ae0c-4b8d-b3b1-755c282d5bb0	6	51853253	53660086	1274	0.6217
7540fd1a-ae0c-4b8d-b3b1-755c282d5bb0	6	53660102	54980887	932	0.6996
7540fd1a-ae0c-4b8d-b3b1-755c282d5bb0	6	54983657	54984392	3	-0.4656
7540fd1a-ae0c-4b8d-b3b1-755c282d5bb0	6	54985341	58416362	1613	0.6726
7540fd1a-ae0c-4b8d-b3b1-755c282d5bb0	6	58432750	73882142	8152	0.19
7540fd1a-ae0c-4b8d-b3b1-755c282d5bb0	6	73882509	73887625	9	1.1763
7540fd1a-ae0c-4b8d-b3b1-755c282d5bb0	6	73891694	78263007	2772	0.1788
7540fd1a-ae0c-4b8d-b3b1-755c282d5bb0	6	78263059	78332002	102	0.4799
7540fd1a-ae0c-4b8d-b3b1-755c282d5bb0	6	78332056	81839830	2329	0.1827
7540fd1a-ae0c-4b8d-b3b1-755c282d5bb0	6	81840280	87126175	3145	0.1572
7540fd1a-ae0c-4b8d-b3b1-755c282d5bb0	6	87126803	90264877	1961	0.1097
7540fd1a-ae0c-4b8d-b3b1-755c282d5bb0	6	90267214	90769638	389	0.1514
7540fd1a-ae0c-4b8d-b3b1-755c282d5bb0	6	90770623	96115111	3288	0.2144
7540fd1a-ae0c-4b8d-b3b1-755c282d5bb0	6	96115660	101311967	3146	0.1725
7540fd1a-ae0c-4b8d-b3b1-755c282d5bb0	6	101312314	101799798	315	0.2051
7540fd1a-ae0c-4b8d-b3b1-755c282d5bb0	6	101799868	101802886	3	-0.6441
7540fd1a-ae0c-4b8d-b3b1-755c282d5bb0	6	101802972	103286954	880	0.2041
7540fd1a-ae0c-4b8d-b3b1-755c282d5bb0	6	103290101	103314186	46	1.0414
7540fd1a-ae0c-4b8d-b3b1-755c282d5bb0	6	103317795	104357313	665	0.2002
7540fd1a-ae0c-4b8d-b3b1-755c282d5bb0	6	104357839	104358665	3	-0.8747
7540fd1a-ae0c-4b8d-b3b1-755c282d5bb0	6	104359051	105705795	813	0.1497
7540fd1a-ae0c-4b8d-b3b1-755c282d5bb0	6	105711538	111818869	3774	0.1031
7540fd1a-ae0c-4b8d-b3b1-755c282d5bb0	6	111822747	112844546	685	0.1668
7540fd1a-ae0c-4b8d-b3b1-755c282d5bb0	6	112844560	112844576	2	1.2772
7540fd1a-ae0c-4b8d-b3b1-755c282d5bb0	6	112849856	113900791	723	0.1289
7540fd1a-ae0c-4b8d-b3b1-755c282d5bb0	6	113903677	113903852	2	-2.6119
7540fd1a-ae0c-4b8d-b3b1-755c282d5bb0	6	113904647	123459176	5513	0.1759
7540fd1a-ae0c-4b8d-b3b1-755c282d5bb0	6	123459301	123459834	2	-2.1833
7540fd1a-ae0c-4b8d-b3b1-755c282d5bb0	6	123465796	133978715	6881	0.1691
7540fd1a-ae0c-4b8d-b3b1-755c282d5bb0	6	133979468	138370346	3064	0.1034
7540fd1a-ae0c-4b8d-b3b1-755c282d5bb0	6	138370832	138371077	2	-2.0651
7540fd1a-ae0c-4b8d-b3b1-755c282d5bb0	6	138372860	139099858	490	0.1
7540fd1a-ae0c-4b8d-b3b1-755c282d5bb0	6	139100600	139101546	2	-1.6282
7540fd1a-ae0c-4b8d-b3b1-755c282d5bb0	6	139103986	140462068	759	0.1221
7540fd1a-ae0c-4b8d-b3b1-755c282d5bb0	6	140465789	142118969	871	0.2038
7540fd1a-ae0c-4b8d-b3b1-755c282d5bb0	6	142119427	145899961	2461	0.1281
7540fd1a-ae0c-4b8d-b3b1-755c282d5bb0	6	145903392	145903594	6	-1.2026
7540fd1a-ae0c-4b8d-b3b1-755c282d5bb0	6	145903928	160164366	9801	0.1382
7540fd1a-ae0c-4b8d-b3b1-755c282d5bb0	6	160167019	164564773	3450	0.1726
7540fd1a-ae0c-4b8d-b3b1-755c282d5bb0	6	164564937	164600261	32	0.6796
7540fd1a-ae0c-4b8d-b3b1-755c282d5bb0	6	164609060	170741917	4057	-0.7326
7540fd1a-ae0c-4b8d-b3b1-755c282d5bb0	7	43355	5911197	3058	0.1095
7540fd1a-ae0c-4b8d-b3b1-755c282d5bb0	7	5916628	5964274	8	-0.8841
7540fd1a-ae0c-4b8d-b3b1-755c282d5bb0	7	5986976	8024893	1349	0.109
7540fd1a-ae0c-4b8d-b3b1-755c282d5bb0	7	8025481	22497194	11696	0.1925
7540fd1a-ae0c-4b8d-b3b1-755c282d5bb0	7	22497207	30877449	6072	0.1446
7540fd1a-ae0c-4b8d-b3b1-755c282d5bb0	7	30878686	32405058	1176	0.2103
7540fd1a-ae0c-4b8d-b3b1-755c282d5bb0	7	32407128	33378732	506	0.1258
7540fd1a-ae0c-4b8d-b3b1-755c282d5bb0	7	33379151	34813493	987	0.2053
7540fd1a-ae0c-4b8d-b3b1-755c282d5bb0	7	34815466	38219753	2437	0.1168
7540fd1a-ae0c-4b8d-b3b1-755c282d5bb0	7	38220454	38361356	149	0.2959
7540fd1a-ae0c-4b8d-b3b1-755c282d5bb0	7	38362895	43682505	3602	0.1696
7540fd1a-ae0c-4b8d-b3b1-755c282d5bb0	7	43684035	45191709	721	0.0496
7540fd1a-ae0c-4b8d-b3b1-755c282d5bb0	7	45193051	51622687	4603	0.1738
7540fd1a-ae0c-4b8d-b3b1-755c282d5bb0	7	51622991	54742247	2363	0.2273
7540fd1a-ae0c-4b8d-b3b1-755c282d5bb0	7	54743502	56997653	1305	0.1637
7540fd1a-ae0c-4b8d-b3b1-755c282d5bb0	7	56999885	57016425	3	-1.0057
7540fd1a-ae0c-4b8d-b3b1-755c282d5bb0	7	57048761	62663696	496	0.0993
7540fd1a-ae0c-4b8d-b3b1-755c282d5bb0	7	62695960	62701896	17	-0.3527
7540fd1a-ae0c-4b8d-b3b1-755c282d5bb0	7	62720732	70955452	3992	0.1487
7540fd1a-ae0c-4b8d-b3b1-755c282d5bb0	7	70958264	70961155	2	-2.7347
7540fd1a-ae0c-4b8d-b3b1-755c282d5bb0	7	70963257	72880997	1164	0.1653
7540fd1a-ae0c-4b8d-b3b1-755c282d5bb0	7	72889156	75721820	669	0.0127
7540fd1a-ae0c-4b8d-b3b1-755c282d5bb0	7	75724865	75734799	7	0.638
7540fd1a-ae0c-4b8d-b3b1-755c282d5bb0	7	75734920	76524031	302	0.0225
7540fd1a-ae0c-4b8d-b3b1-755c282d5bb0	7	76524046	76531980	3	-1.0811
7540fd1a-ae0c-4b8d-b3b1-755c282d5bb0	7	76531991	76648317	28	0.0059
7540fd1a-ae0c-4b8d-b3b1-755c282d5bb0	7	76648458	76920728	123	0.2514
7540fd1a-ae0c-4b8d-b3b1-755c282d5bb0	7	76920832	77859472	447	0.0744
7540fd1a-ae0c-4b8d-b3b1-755c282d5bb0	7	77860085	78344470	376	0.1644
7540fd1a-ae0c-4b8d-b3b1-755c282d5bb0	7	78345845	86612296	5544	0.206
7540fd1a-ae0c-4b8d-b3b1-755c282d5bb0	7	86615089	88428948	996	0.1441
7540fd1a-ae0c-4b8d-b3b1-755c282d5bb0	7	88428970	90118066	1155	0.2364
7540fd1a-ae0c-4b8d-b3b1-755c282d5bb0	7	90119714	97991379	4996	0.1642
7540fd1a-ae0c-4b8d-b3b1-755c282d5bb0	7	97992624	103456630	2275	0.0681
7540fd1a-ae0c-4b8d-b3b1-755c282d5bb0	7	103463817	104871129	1049	0.1869
7540fd1a-ae0c-4b8d-b3b1-755c282d5bb0	7	104871189	107547907	1655	0.0938
7540fd1a-ae0c-4b8d-b3b1-755c282d5bb0	7	107548274	109793728	1496	0.1793
7540fd1a-ae0c-4b8d-b3b1-755c282d5bb0	7	109793741	109818700	41	0.5285
7540fd1a-ae0c-4b8d-b3b1-755c282d5bb0	7	109818715	116699370	4170	0.1754
7540fd1a-ae0c-4b8d-b3b1-755c282d5bb0	7	116699446	117301581	454	0.0891
7540fd1a-ae0c-4b8d-b3b1-755c282d5bb0	7	117304229	126404920	5385	0.1835
7540fd1a-ae0c-4b8d-b3b1-755c282d5bb0	7	126405428	126406823	14	1.327
7540fd1a-ae0c-4b8d-b3b1-755c282d5bb0	7	126406824	127421862	733	0.1818
7540fd1a-ae0c-4b8d-b3b1-755c282d5bb0	7	127422317	131546273	2187	0.0799
7540fd1a-ae0c-4b8d-b3b1-755c282d5bb0	7	131547749	132800311	982	0.1566
7540fd1a-ae0c-4b8d-b3b1-755c282d5bb0	7	132800650	134100424	790	0.6419
7540fd1a-ae0c-4b8d-b3b1-755c282d5bb0	7	134100442	134113790	31	-1.893
7540fd1a-ae0c-4b8d-b3b1-755c282d5bb0	7	134113805	139655896	3622	0.6392
7540fd1a-ae0c-4b8d-b3b1-755c282d5bb0	7	139657489	140873124	790	0.559
7540fd1a-ae0c-4b8d-b3b1-755c282d5bb0	7	140876113	142063324	782	0.6391
7540fd1a-ae0c-4b8d-b3b1-755c282d5bb0	7	142069843	142092307	34	0.0436
7540fd1a-ae0c-4b8d-b3b1-755c282d5bb0	7	142099190	142763394	430	0.6761
7540fd1a-ae0c-4b8d-b3b1-755c282d5bb0	7	142763419	145006482	1209	0.6219
7540fd1a-ae0c-4b8d-b3b1-755c282d5bb0	7	145008999	148831778	2557	0.6796
7540fd1a-ae0c-4b8d-b3b1-755c282d5bb0	7	148832830	154160726	3025	0.5896
7540fd1a-ae0c-4b8d-b3b1-755c282d5bb0	7	154160915	156836541	2126	0.6741
7540fd1a-ae0c-4b8d-b3b1-755c282d5bb0	7	156846194	159180084	1396	0.5981
7540fd1a-ae0c-4b8d-b3b1-755c282d5bb0	7	159182924	159334314	102	0.6687
7540fd1a-ae0c-4b8d-b3b1-755c282d5bb0	8	81254	418167	170	-0.7585
7540fd1a-ae0c-4b8d-b3b1-755c282d5bb0	8	420237	484668	48	0.1534
7540fd1a-ae0c-4b8d-b3b1-755c282d5bb0	8	486230	2844412	1803	-0.7056
7540fd1a-ae0c-4b8d-b3b1-755c282d5bb0	8	2846011	2846377	7	-1.7923
7540fd1a-ae0c-4b8d-b3b1-755c282d5bb0	8	2849649	4048687	1498	-0.6651
7540fd1a-ae0c-4b8d-b3b1-755c282d5bb0	8	4050285	4050928	5	-4.7295
7540fd1a-ae0c-4b8d-b3b1-755c282d5bb0	8	4052574	9196404	5088	-0.6624
7540fd1a-ae0c-4b8d-b3b1-755c282d5bb0	8	9198857	9204950	25	-2.8439
7540fd1a-ae0c-4b8d-b3b1-755c282d5bb0	8	9204965	11452160	1876	-0.7337
7540fd1a-ae0c-4b8d-b3b1-755c282d5bb0	8	11452384	11452503	2	-6.3324
7540fd1a-ae0c-4b8d-b3b1-755c282d5bb0	8	11465488	12143614	405	-0.8322
7540fd1a-ae0c-4b8d-b3b1-755c282d5bb0	8	12176798	12496252	37	-0.0984
7540fd1a-ae0c-4b8d-b3b1-755c282d5bb0	8	12519969	17296534	4209	-0.6262
7540fd1a-ae0c-4b8d-b3b1-755c282d5bb0	8	17296547	25116928	6138	-0.7034
7540fd1a-ae0c-4b8d-b3b1-755c282d5bb0	8	25116961	25126818	26	-1.8251
7540fd1a-ae0c-4b8d-b3b1-755c282d5bb0	8	25133589	26005914	689	-0.6499
7540fd1a-ae0c-4b8d-b3b1-755c282d5bb0	8	26006021	26064562	46	-0.7811
7540fd1a-ae0c-4b8d-b3b1-755c282d5bb0	8	26064592	26065125	2	-2.939
7540fd1a-ae0c-4b8d-b3b1-755c282d5bb0	8	26065395	30867297	3219	-0.7278
7540fd1a-ae0c-4b8d-b3b1-755c282d5bb0	8	30867606	37834582	4259	-0.6447
7540fd1a-ae0c-4b8d-b3b1-755c282d5bb0	8	37844412	37884102	13	1.2198
7540fd1a-ae0c-4b8d-b3b1-755c282d5bb0	8	37886003	38433805	232	1.6358
7540fd1a-ae0c-4b8d-b3b1-755c282d5bb0	8	38433828	38459895	40	1.3492
7540fd1a-ae0c-4b8d-b3b1-755c282d5bb0	8	38460400	38773628	190	1.7657
7540fd1a-ae0c-4b8d-b3b1-755c282d5bb0	8	38777911	38973540	88	1.2037
7540fd1a-ae0c-4b8d-b3b1-755c282d5bb0	8	38977750	40914477	1319	0.1754
7540fd1a-ae0c-4b8d-b3b1-755c282d5bb0	8	40920333	40920952	2	-2.2042
7540fd1a-ae0c-4b8d-b3b1-755c282d5bb0	8	40926161	42709483	1116	0.121
7540fd1a-ae0c-4b8d-b3b1-755c282d5bb0	8	42727456	43931659	394	0.6463
7540fd1a-ae0c-4b8d-b3b1-755c282d5bb0	8	45951913	46092871	35	0.0721
7540fd1a-ae0c-4b8d-b3b1-755c282d5bb0	8	46097973	46212750	29	-0.1685
7540fd1a-ae0c-4b8d-b3b1-755c282d5bb0	8	46214262	60135665	8544	0.1752
7540fd1a-ae0c-4b8d-b3b1-755c282d5bb0	8	60139592	61052932	588	0.0941
7540fd1a-ae0c-4b8d-b3b1-755c282d5bb0	8	61053507	65566798	2731	0.1805
7540fd1a-ae0c-4b8d-b3b1-755c282d5bb0	8	65567074	67434155	849	0.1051
7540fd1a-ae0c-4b8d-b3b1-755c282d5bb0	8	67434458	72188625	3150	0.177
7540fd1a-ae0c-4b8d-b3b1-755c282d5bb0	8	72189425	74952857	1880	0.6503
7540fd1a-ae0c-4b8d-b3b1-755c282d5bb0	8	74953198	79035762	2379	0.7076
7540fd1a-ae0c-4b8d-b3b1-755c282d5bb0	8	79035878	79766443	467	0.6604
7540fd1a-ae0c-4b8d-b3b1-755c282d5bb0	8	79769970	82008786	1276	0.6144
7540fd1a-ae0c-4b8d-b3b1-755c282d5bb0	8	82008964	83570482	858	0.6916
7540fd1a-ae0c-4b8d-b3b1-755c282d5bb0	8	83575511	89491920	3349	-0.6478
7540fd1a-ae0c-4b8d-b3b1-755c282d5bb0	8	89498333	91151602	967	0.6328
7540fd1a-ae0c-4b8d-b3b1-755c282d5bb0	8	91157937	91157952	2	-0.2537
7540fd1a-ae0c-4b8d-b3b1-755c282d5bb0	8	91158992	91207986	30	0.6769
7540fd1a-ae0c-4b8d-b3b1-755c282d5bb0	8	91214044	91409868	115	0.0898
7540fd1a-ae0c-4b8d-b3b1-755c282d5bb0	8	91412385	92007733	346	0.6263
7540fd1a-ae0c-4b8d-b3b1-755c282d5bb0	8	92007827	92007846	2	-0.5446
7540fd1a-ae0c-4b8d-b3b1-755c282d5bb0	8	92007901	93439157	835	0.6273
7540fd1a-ae0c-4b8d-b3b1-755c282d5bb0	8	93441894	103250966	6155	0.5597
7540fd1a-ae0c-4b8d-b3b1-755c282d5bb0	8	103253277	111279265	4777	0.6172
7540fd1a-ae0c-4b8d-b3b1-755c282d5bb0	8	111282050	111283031	9	1.428
7540fd1a-ae0c-4b8d-b3b1-755c282d5bb0	8	111288052	114619814	1819	0.6384
7540fd1a-ae0c-4b8d-b3b1-755c282d5bb0	8	114622258	114629502	35	-0.3781
7540fd1a-ae0c-4b8d-b3b1-755c282d5bb0	8	114638468	114763202	78	0.6846
7540fd1a-ae0c-4b8d-b3b1-755c282d5bb0	8	114765834	114765905	2	-1.0325
7540fd1a-ae0c-4b8d-b3b1-755c282d5bb0	8	114767025	121614635	4626	0.5953
7540fd1a-ae0c-4b8d-b3b1-755c282d5bb0	8	121620371	124021392	1649	0.5626
7540fd1a-ae0c-4b8d-b3b1-755c282d5bb0	8	124023293	125698745	1180	0.4946
7540fd1a-ae0c-4b8d-b3b1-755c282d5bb0	8	125699574	130468608	3354	0.5548
7540fd1a-ae0c-4b8d-b3b1-755c282d5bb0	8	130468853	133161244	2157	0.5966
7540fd1a-ae0c-4b8d-b3b1-755c282d5bb0	8	133161292	134474097	1180	0.5341
7540fd1a-ae0c-4b8d-b3b1-755c282d5bb0	8	134474939	137810080	2577	0.6182
7540fd1a-ae0c-4b8d-b3b1-755c282d5bb0	8	137811491	137812412	3	-1.0767
7540fd1a-ae0c-4b8d-b3b1-755c282d5bb0	8	137812781	140335539	2115	0.6202
7540fd1a-ae0c-4b8d-b3b1-755c282d5bb0	8	140336886	140557333	101	0.4575
7540fd1a-ae0c-4b8d-b3b1-755c282d5bb0	8	140558120	141155241	343	0.5883
7540fd1a-ae0c-4b8d-b3b1-755c282d5bb0	8	141161758	144893845	1570	0.46
7540fd1a-ae0c-4b8d-b3b1-755c282d5bb0	8	144894927	145072769	105	0.5358
7540fd1a-ae0c-4b8d-b3b1-755c282d5bb0	9	46587	7831334	7551	-0.6827
7540fd1a-ae0c-4b8d-b3b1-755c282d5bb0	9	7832767	8899205	932	-0.643
7540fd1a-ae0c-4b8d-b3b1-755c282d5bb0	9	8899449	13408025	3738	-0.5911
7540fd1a-ae0c-4b8d-b3b1-755c282d5bb0	9	13409702	29091099	12395	-0.6468
7540fd1a-ae0c-4b8d-b3b1-755c282d5bb0	9	29094551	29094999	2	-3.4234
7540fd1a-ae0c-4b8d-b3b1-755c282d5bb0	9	29097682	32114163	2120	-0.6078
7540fd1a-ae0c-4b8d-b3b1-755c282d5bb0	9	32114284	33916381	1256	-0.7047
7540fd1a-ae0c-4b8d-b3b1-755c282d5bb0	9	33921935	37033162	1753	0.5875
7540fd1a-ae0c-4b8d-b3b1-755c282d5bb0	9	37033364	37034620	2	-1.772
7540fd1a-ae0c-4b8d-b3b1-755c282d5bb0	9	37034672	39134929	1212	0.6227
7540fd1a-ae0c-4b8d-b3b1-755c282d5bb0	9	39135456	89075171	15346	0.1628
7540fd1a-ae0c-4b8d-b3b1-755c282d5bb0	9	89075544	100148985	7294	0.1084
7540fd1a-ae0c-4b8d-b3b1-755c282d5bb0	9	100149385	102118404	1400	0.1697
7540fd1a-ae0c-4b8d-b3b1-755c282d5bb0	9	102118663	102119931	3	-1.0031
7540fd1a-ae0c-4b8d-b3b1-755c282d5bb0	9	102120005	104878505	2041	0.1998
7540fd1a-ae0c-4b8d-b3b1-755c282d5bb0	9	104881664	104881969	5	-0.7132
7540fd1a-ae0c-4b8d-b3b1-755c282d5bb0	9	104882006	110262162	4209	0.1573
7540fd1a-ae0c-4b8d-b3b1-755c282d5bb0	9	110262509	110265889	2	-2.9354
7540fd1a-ae0c-4b8d-b3b1-755c282d5bb0	9	110270151	114896036	3333	0.1196
7540fd1a-ae0c-4b8d-b3b1-755c282d5bb0	9	114897411	120012241	4289	0.1892
7540fd1a-ae0c-4b8d-b3b1-755c282d5bb0	9	120014254	123551920	2220	0.1113
7540fd1a-ae0c-4b8d-b3b1-755c282d5bb0	9	123552844	127380857	2421	0.0716
7540fd1a-ae0c-4b8d-b3b1-755c282d5bb0	9	127381461	130229609	1314	-0.0061
7540fd1a-ae0c-4b8d-b3b1-755c282d5bb0	9	130229783	136501661	3797	0.0665
7540fd1a-ae0c-4b8d-b3b1-755c282d5bb0	9	136507052	137333905	184	-0.0571
7540fd1a-ae0c-4b8d-b3b1-755c282d5bb0	9	137334669	138200944	422	0.0647
7540fd1a-ae0c-4b8d-b3b1-755c282d5bb0	10	45792	1754303	1185	0.1287
7540fd1a-ae0c-4b8d-b3b1-755c282d5bb0	10	1756575	2704183	910	0.2238
7540fd1a-ae0c-4b8d-b3b1-755c282d5bb0	10	2704527	5557147	2613	0.1434
7540fd1a-ae0c-4b8d-b3b1-755c282d5bb0	10	5557364	6486428	807	0.0753
7540fd1a-ae0c-4b8d-b3b1-755c282d5bb0	10	6489816	8550858	1856	0.1374
7540fd1a-ae0c-4b8d-b3b1-755c282d5bb0	10	8551775	10514254	1531	0.2113
7540fd1a-ae0c-4b8d-b3b1-755c282d5bb0	10	10514953	17610720	5823	0.131
7540fd1a-ae0c-4b8d-b3b1-755c282d5bb0	10	17621765	17885034	94	0.251
7540fd1a-ae0c-4b8d-b3b1-755c282d5bb0	10	17896194	17910884	3	1.2764
7540fd1a-ae0c-4b8d-b3b1-755c282d5bb0	10	17929793	21278795	2704	0.1808
7540fd1a-ae0c-4b8d-b3b1-755c282d5bb0	10	21279040	24088746	1632	0.1321
7540fd1a-ae0c-4b8d-b3b1-755c282d5bb0	10	24088747	24089125	9	0.9513
7540fd1a-ae0c-4b8d-b3b1-755c282d5bb0	10	24089979	26376718	1608	0.1887
7540fd1a-ae0c-4b8d-b3b1-755c282d5bb0	10	26377650	28836990	1670	0.1299
7540fd1a-ae0c-4b8d-b3b1-755c282d5bb0	10	28837240	29609594	678	0.1893
7540fd1a-ae0c-4b8d-b3b1-755c282d5bb0	10	29610370	32328192	1944	0.1026
7540fd1a-ae0c-4b8d-b3b1-755c282d5bb0	10	32334118	46560525	6588	0.1529
7540fd1a-ae0c-4b8d-b3b1-755c282d5bb0	10	46606240	46810571	15	0.782
7540fd1a-ae0c-4b8d-b3b1-755c282d5bb0	10	46836986	50720012	2067	0.1572
7540fd1a-ae0c-4b8d-b3b1-755c282d5bb0	10	50720983	54920517	3258	0.2107
7540fd1a-ae0c-4b8d-b3b1-755c282d5bb0	10	54923330	54932839	6	-0.9942
7540fd1a-ae0c-4b8d-b3b1-755c282d5bb0	10	54935658	57621610	1917	0.233
7540fd1a-ae0c-4b8d-b3b1-755c282d5bb0	10	57624330	61244007	2627	0.1853
7540fd1a-ae0c-4b8d-b3b1-755c282d5bb0	10	61244747	64014991	1774	0.1235
7540fd1a-ae0c-4b8d-b3b1-755c282d5bb0	10	64016221	65548165	1028	0.2205
7540fd1a-ae0c-4b8d-b3b1-755c282d5bb0	10	65548178	65563037	28	-0.1691
7540fd1a-ae0c-4b8d-b3b1-755c282d5bb0	10	65563168	67542727	1439	0.2306
7540fd1a-ae0c-4b8d-b3b1-755c282d5bb0	10	67543071	68215276	322	0.1389
7540fd1a-ae0c-4b8d-b3b1-755c282d5bb0	10	68215557	71536678	2399	0.0972
7540fd1a-ae0c-4b8d-b3b1-755c282d5bb0	10	71537484	74280622	1278	0.0413
7540fd1a-ae0c-4b8d-b3b1-755c282d5bb0	10	74282431	75400924	557	0.1037
7540fd1a-ae0c-4b8d-b3b1-755c282d5bb0	10	75403530	76493093	779	0.1787
7540fd1a-ae0c-4b8d-b3b1-755c282d5bb0	10	76497303	76497852	2	-1.4935
7540fd1a-ae0c-4b8d-b3b1-755c282d5bb0	10	76501509	78925301	1973	0.1695
7540fd1a-ae0c-4b8d-b3b1-755c282d5bb0	10	78925321	80617530	974	0.0873
7540fd1a-ae0c-4b8d-b3b1-755c282d5bb0	10	80617581	80891626	217	0.1518
7540fd1a-ae0c-4b8d-b3b1-755c282d5bb0	10	80891645	83696349	2130	0.2007
7540fd1a-ae0c-4b8d-b3b1-755c282d5bb0	10	83696372	86058603	1741	0.1663
7540fd1a-ae0c-4b8d-b3b1-755c282d5bb0	10	86059325	93648662	4830	0.1302
7540fd1a-ae0c-4b8d-b3b1-755c282d5bb0	10	93648727	95761712	1267	0.1786
7540fd1a-ae0c-4b8d-b3b1-755c282d5bb0	10	95761915	98202269	1579	0.0938
7540fd1a-ae0c-4b8d-b3b1-755c282d5bb0	10	98202516	99514276	852	0.1595
7540fd1a-ae0c-4b8d-b3b1-755c282d5bb0	10	99514301	101765441	1271	0.102
7540fd1a-ae0c-4b8d-b3b1-755c282d5bb0	10	101785541	103343504	669	0.0293
7540fd1a-ae0c-4b8d-b3b1-755c282d5bb0	10	103345894	104406798	678	0.0944
7540fd1a-ae0c-4b8d-b3b1-755c282d5bb0	10	104406812	109869272	4025	0.1936
7540fd1a-ae0c-4b8d-b3b1-755c282d5bb0	10	109870973	110995501	710	0.0853
7540fd1a-ae0c-4b8d-b3b1-755c282d5bb0	10	110995538	115376273	3082	0.1737
7540fd1a-ae0c-4b8d-b3b1-755c282d5bb0	10	115378213	116954163	1136	0.2287
7540fd1a-ae0c-4b8d-b3b1-755c282d5bb0	10	116955271	118607393	1194	0.1716
7540fd1a-ae0c-4b8d-b3b1-755c282d5bb0	10	118608338	119902435	774	0.1005
7540fd1a-ae0c-4b8d-b3b1-755c282d5bb0	10	119916708	123795547	3361	0.1775
7540fd1a-ae0c-4b8d-b3b1-755c282d5bb0	10	123797305	125427029	918	0.1047
7540fd1a-ae0c-4b8d-b3b1-755c282d5bb0	10	125427039	125635925	164	0.2271
7540fd1a-ae0c-4b8d-b3b1-755c282d5bb0	10	125640422	125641110	3	-0.8727
7540fd1a-ae0c-4b8d-b3b1-755c282d5bb0	10	125645078	126102703	310	0.1583
7540fd1a-ae0c-4b8d-b3b1-755c282d5bb0	10	126105426	130383003	3450	0.2131
7540fd1a-ae0c-4b8d-b3b1-755c282d5bb0	10	130389459	133420688	1918	0.1024
7540fd1a-ae0c-4b8d-b3b1-755c282d5bb0	10	133429369	133562190	107	0.661
7540fd1a-ae0c-4b8d-b3b1-755c282d5bb0	10	133563765	133654968	36	0.1227
7540fd1a-ae0c-4b8d-b3b1-755c282d5bb0	11	198510	2750452	921	-0.8117
7540fd1a-ae0c-4b8d-b3b1-755c282d5bb0	11	2752141	2752714	3	-3.4938
7540fd1a-ae0c-4b8d-b3b1-755c282d5bb0	11	2753020	4949137	1473	-0.7205
7540fd1a-ae0c-4b8d-b3b1-755c282d5bb0	11	4950775	4952799	18	-2.0098
7540fd1a-ae0c-4b8d-b3b1-755c282d5bb0	11	4953934	5757241	777	-0.6636
7540fd1a-ae0c-4b8d-b3b1-755c282d5bb0	11	5757293	5787146	40	-0.2585
7540fd1a-ae0c-4b8d-b3b1-755c282d5bb0	11	5787818	6011537	188	-0.6858
7540fd1a-ae0c-4b8d-b3b1-755c282d5bb0	11	6011711	6012061	2	-3.1509
7540fd1a-ae0c-4b8d-b3b1-755c282d5bb0	11	6012746	18284320	8765	-0.7087
7540fd1a-ae0c-4b8d-b3b1-755c282d5bb0	11	18284725	18284852	2	-3.2305
7540fd1a-ae0c-4b8d-b3b1-755c282d5bb0	11	18284967	18727361	219	-0.7246
7540fd1a-ae0c-4b8d-b3b1-755c282d5bb0	11	18728618	18729339	2	-2.1547
7540fd1a-ae0c-4b8d-b3b1-755c282d5bb0	11	18730813	18919323	168	-0.698
7540fd1a-ae0c-4b8d-b3b1-755c282d5bb0	11	18927525	18949201	49	0.4641
7540fd1a-ae0c-4b8d-b3b1-755c282d5bb0	11	18949628	20132993	1109	-0.7132
7540fd1a-ae0c-4b8d-b3b1-755c282d5bb0	11	20133439	22322609	1757	-0.6441
7540fd1a-ae0c-4b8d-b3b1-755c282d5bb0	11	22329922	22330059	2	-3.7586
7540fd1a-ae0c-4b8d-b3b1-755c282d5bb0	11	22333699	32629698	7066	-0.6298
7540fd1a-ae0c-4b8d-b3b1-755c282d5bb0	11	32634097	36454822	2933	-0.7394
7540fd1a-ae0c-4b8d-b3b1-755c282d5bb0	11	36457067	43508589	4692	-0.6189
7540fd1a-ae0c-4b8d-b3b1-755c282d5bb0	11	43509497	47974014	2578	-0.7588
7540fd1a-ae0c-4b8d-b3b1-755c282d5bb0	11	47984508	55608804	1488	0.1742
7540fd1a-ae0c-4b8d-b3b1-755c282d5bb0	11	55609022	55685533	51	0.8541
7540fd1a-ae0c-4b8d-b3b1-755c282d5bb0	11	55686100	57187372	1028	0.1914
7540fd1a-ae0c-4b8d-b3b1-755c282d5bb0	11	57187617	60302314	1790	0.1273
7540fd1a-ae0c-4b8d-b3b1-755c282d5bb0	11	60302780	60860363	358	0.1659
7540fd1a-ae0c-4b8d-b3b1-755c282d5bb0	11	60860540	63958137	1592	0.0709
7540fd1a-ae0c-4b8d-b3b1-755c282d5bb0	11	63958310	69128364	2055	0.0218
7540fd1a-ae0c-4b8d-b3b1-755c282d5bb0	11	69129401	71917790	1554	0.1311
7540fd1a-ae0c-4b8d-b3b1-755c282d5bb0	11	71919180	74002515	976	0.0322
7540fd1a-ae0c-4b8d-b3b1-755c282d5bb0	11	74002546	78262904	2344	0.0939
7540fd1a-ae0c-4b8d-b3b1-755c282d5bb0	11	78263135	79322035	816	0.1846
7540fd1a-ae0c-4b8d-b3b1-755c282d5bb0	11	79325161	81277603	1572	0.2292
7540fd1a-ae0c-4b8d-b3b1-755c282d5bb0	11	81277800	85728133	3015	0.181
7540fd1a-ae0c-4b8d-b3b1-755c282d5bb0	11	85732501	86594771	631	0.1113
7540fd1a-ae0c-4b8d-b3b1-755c282d5bb0	11	86594775	86595012	4	-0.7737
7540fd1a-ae0c-4b8d-b3b1-755c282d5bb0	11	86604132	92265319	3673	0.1895
7540fd1a-ae0c-4b8d-b3b1-755c282d5bb0	11	92267408	96473562	3063	-0.6784
7540fd1a-ae0c-4b8d-b3b1-755c282d5bb0	11	96474442	96818398	220	-0.6076
7540fd1a-ae0c-4b8d-b3b1-755c282d5bb0	11	96818502	96819001	4	-1.8603
7540fd1a-ae0c-4b8d-b3b1-755c282d5bb0	11	96819110	101498254	3624	-0.6136
7540fd1a-ae0c-4b8d-b3b1-755c282d5bb0	11	101498674	111345663	6506	-0.6595
7540fd1a-ae0c-4b8d-b3b1-755c282d5bb0	11	111345686	121602889	7109	-0.7384
7540fd1a-ae0c-4b8d-b3b1-755c282d5bb0	11	121602943	128568006	5281	-0.691
7540fd1a-ae0c-4b8d-b3b1-755c282d5bb0	11	128568428	128959143	335	-0.8213
7540fd1a-ae0c-4b8d-b3b1-755c282d5bb0	11	128959853	132954195	2919	-0.6849
7540fd1a-ae0c-4b8d-b3b1-755c282d5bb0	11	132954476	135074876	1584	-0.7818
7540fd1a-ae0c-4b8d-b3b1-755c282d5bb0	12	51460	662063	370	0.5289
7540fd1a-ae0c-4b8d-b3b1-755c282d5bb0	12	662511	866110	133	0.6937
7540fd1a-ae0c-4b8d-b3b1-755c282d5bb0	12	866266	1013284	91	0.4498
7540fd1a-ae0c-4b8d-b3b1-755c282d5bb0	12	1013515	6077501	3895	0.6162
7540fd1a-ae0c-4b8d-b3b1-755c282d5bb0	12	6077586	6428378	204	0.5147
7540fd1a-ae0c-4b8d-b3b1-755c282d5bb0	12	6433525	6436309	3	-0.2416
7540fd1a-ae0c-4b8d-b3b1-755c282d5bb0	12	6436365	7390062	437	0.5322
7540fd1a-ae0c-4b8d-b3b1-755c282d5bb0	12	7390917	7398686	3	1.5607
7540fd1a-ae0c-4b8d-b3b1-755c282d5bb0	12	7406707	8404097	453	0.5571
7540fd1a-ae0c-4b8d-b3b1-755c282d5bb0	12	8405892	8428347	17	-0.0713
7540fd1a-ae0c-4b8d-b3b1-755c282d5bb0	12	8432076	9307938	481	0.572
7540fd1a-ae0c-4b8d-b3b1-755c282d5bb0	12	9308632	9315213	2	-1.5334
7540fd1a-ae0c-4b8d-b3b1-755c282d5bb0	12	9320561	9477960	77	0.5349
7540fd1a-ae0c-4b8d-b3b1-755c282d5bb0	12	9481274	9575696	24	1.0121
7540fd1a-ae0c-4b8d-b3b1-755c282d5bb0	12	9582373	10427861	631	0.5915
7540fd1a-ae0c-4b8d-b3b1-755c282d5bb0	12	10430768	10443207	5	-0.2219
7540fd1a-ae0c-4b8d-b3b1-755c282d5bb0	12	10446203	11062773	397	0.6265
7540fd1a-ae0c-4b8d-b3b1-755c282d5bb0	12	11064250	11088933	12	-0.9611
7540fd1a-ae0c-4b8d-b3b1-755c282d5bb0	12	11099275	13178404	1542	0.5623
7540fd1a-ae0c-4b8d-b3b1-755c282d5bb0	12	13181725	13182206	2	-1.3563
7540fd1a-ae0c-4b8d-b3b1-755c282d5bb0	12	13183433	13203010	19	0.5336
7540fd1a-ae0c-4b8d-b3b1-755c282d5bb0	12	13204184	15155325	1458	0.6151
7540fd1a-ae0c-4b8d-b3b1-755c282d5bb0	12	15155419	20762066	3513	0.6778
7540fd1a-ae0c-4b8d-b3b1-755c282d5bb0	12	20762418	26849146	4406	0.6404
7540fd1a-ae0c-4b8d-b3b1-755c282d5bb0	12	26849187	27252787	220	0.5241
7540fd1a-ae0c-4b8d-b3b1-755c282d5bb0	12	27253076	31112123	2966	0.6479
7540fd1a-ae0c-4b8d-b3b1-755c282d5bb0	12	31116364	31258117	92	0.9757
7540fd1a-ae0c-4b8d-b3b1-755c282d5bb0	12	31258280	33028292	1209	0.5935
7540fd1a-ae0c-4b8d-b3b1-755c282d5bb0	12	33029205	33033054	5	1.3131
7540fd1a-ae0c-4b8d-b3b1-755c282d5bb0	12	33042871	33155929	111	0.5532
7540fd1a-ae0c-4b8d-b3b1-755c282d5bb0	12	33155999	34135376	598	0.7008
7540fd1a-ae0c-4b8d-b3b1-755c282d5bb0	12	34139900	34629712	176	0.4715
7540fd1a-ae0c-4b8d-b3b1-755c282d5bb0	12	34635041	39083525	702	0.6786
7540fd1a-ae0c-4b8d-b3b1-755c282d5bb0	12	39087759	39089311	5	-0.7421
7540fd1a-ae0c-4b8d-b3b1-755c282d5bb0	12	39094246	45510655	4092	0.6451
7540fd1a-ae0c-4b8d-b3b1-755c282d5bb0	12	45512057	45515754	3	1.6496
7540fd1a-ae0c-4b8d-b3b1-755c282d5bb0	12	45519509	46030068	281	0.6109
7540fd1a-ae0c-4b8d-b3b1-755c282d5bb0	12	46041908	48348741	1460	0.5631
7540fd1a-ae0c-4b8d-b3b1-755c282d5bb0	12	48353466	50983232	1216	0.4944
7540fd1a-ae0c-4b8d-b3b1-755c282d5bb0	12	50987260	52443831	917	0.5513
7540fd1a-ae0c-4b8d-b3b1-755c282d5bb0	12	52443905	52779329	340	0.6467
7540fd1a-ae0c-4b8d-b3b1-755c282d5bb0	12	52779924	54411556	820	0.501
7540fd1a-ae0c-4b8d-b3b1-755c282d5bb0	12	54414433	55576179	757	0.5786
7540fd1a-ae0c-4b8d-b3b1-755c282d5bb0	12	55580188	58076366	1209	0.4858
7540fd1a-ae0c-4b8d-b3b1-755c282d5bb0	12	58076673	58828192	606	0.6413
7540fd1a-ae0c-4b8d-b3b1-755c282d5bb0	12	58828198	58828895	12	0.1429
7540fd1a-ae0c-4b8d-b3b1-755c282d5bb0	12	58828938	63625114	3025	0.6386
7540fd1a-ae0c-4b8d-b3b1-755c282d5bb0	12	63635805	69998147	4219	0.5916
7540fd1a-ae0c-4b8d-b3b1-755c282d5bb0	12	69998520	72848336	1809	0.6569
7540fd1a-ae0c-4b8d-b3b1-755c282d5bb0	12	72851624	72851625	2	-0.594
7540fd1a-ae0c-4b8d-b3b1-755c282d5bb0	12	72859412	75209436	1403	0.6813
7540fd1a-ae0c-4b8d-b3b1-755c282d5bb0	12	75211117	76756652	970	0.5991
7540fd1a-ae0c-4b8d-b3b1-755c282d5bb0	12	76757342	88946335	7473	0.6576
7540fd1a-ae0c-4b8d-b3b1-755c282d5bb0	12	88946516	90133971	723	0.5881
7540fd1a-ae0c-4b8d-b3b1-755c282d5bb0	12	90138655	91714222	1010	0.6604
7540fd1a-ae0c-4b8d-b3b1-755c282d5bb0	12	91714441	96563349	3415	0.5692
7540fd1a-ae0c-4b8d-b3b1-755c282d5bb0	12	96563783	104190239	5057	0.6307
7540fd1a-ae0c-4b8d-b3b1-755c282d5bb0	12	104193272	105288824	807	0.5516
7540fd1a-ae0c-4b8d-b3b1-755c282d5bb0	12	105289056	108393642	2292	0.6229
7540fd1a-ae0c-4b8d-b3b1-755c282d5bb0	12	108396137	112914721	2505	0.5299
7540fd1a-ae0c-4b8d-b3b1-755c282d5bb0	12	112917447	114201059	935	0.5951
7540fd1a-ae0c-4b8d-b3b1-755c282d5bb0	12	114201170	115276724	852	0.6635
7540fd1a-ae0c-4b8d-b3b1-755c282d5bb0	12	115276770	115277377	5	-0.1136
7540fd1a-ae0c-4b8d-b3b1-755c282d5bb0	12	115278687	115758916	479	0.6775
7540fd1a-ae0c-4b8d-b3b1-755c282d5bb0	12	115760138	119985009	2992	0.612
7540fd1a-ae0c-4b8d-b3b1-755c282d5bb0	12	119986089	120472214	211	0.4815
7540fd1a-ae0c-4b8d-b3b1-755c282d5bb0	12	120472757	120499283	14	1.0483
7540fd1a-ae0c-4b8d-b3b1-755c282d5bb0	12	120499818	123927492	1551	0.4807
7540fd1a-ae0c-4b8d-b3b1-755c282d5bb0	12	123928598	125219721	831	0.5854
7540fd1a-ae0c-4b8d-b3b1-755c282d5bb0	12	125220008	126640834	1229	0.6681
7540fd1a-ae0c-4b8d-b3b1-755c282d5bb0	12	126641198	126645946	2	-0.5641
7540fd1a-ae0c-4b8d-b3b1-755c282d5bb0	12	126646494	128070411	1255	0.6763
7540fd1a-ae0c-4b8d-b3b1-755c282d5bb0	12	128070530	131250076	2748	0.6098
7540fd1a-ae0c-4b8d-b3b1-755c282d5bb0	12	131250116	131311902	57	0.3254
7540fd1a-ae0c-4b8d-b3b1-755c282d5bb0	12	131319247	133201603	883	0.5866
7540fd1a-ae0c-4b8d-b3b1-755c282d5bb0	13	18452809	26873282	5675	-0.6709
7540fd1a-ae0c-4b8d-b3b1-755c282d5bb0	13	26877250	31151480	3280	-0.7305
7540fd1a-ae0c-4b8d-b3b1-755c282d5bb0	13	31151962	37501828	4419	-0.665
7540fd1a-ae0c-4b8d-b3b1-755c282d5bb0	13	37502130	37510620	12	-1.9339
7540fd1a-ae0c-4b8d-b3b1-755c282d5bb0	13	37514193	39842911	1742	-0.6323
7540fd1a-ae0c-4b8d-b3b1-755c282d5bb0	13	39844103	53789286	8873	-0.6933
7540fd1a-ae0c-4b8d-b3b1-755c282d5bb0	13	53789726	71756325	10727	-0.5991
7540fd1a-ae0c-4b8d-b3b1-755c282d5bb0	13	71756962	71902850	101	-0.6633
7540fd1a-ae0c-4b8d-b3b1-755c282d5bb0	13	71903417	71906418	4	-2.2853
7540fd1a-ae0c-4b8d-b3b1-755c282d5bb0	13	71906467	77897495	4254	-0.6686
7540fd1a-ae0c-4b8d-b3b1-755c282d5bb0	13	77898709	77901346	6	-1.7079
7540fd1a-ae0c-4b8d-b3b1-755c282d5bb0	13	77901426	78441050	419	-0.6746
7540fd1a-ae0c-4b8d-b3b1-755c282d5bb0	13	78441289	78445814	12	-6.0203
7540fd1a-ae0c-4b8d-b3b1-755c282d5bb0	13	78446449	80421603	1261	-0.6645
7540fd1a-ae0c-4b8d-b3b1-755c282d5bb0	13	80422391	82509792	1243	-0.6087
7540fd1a-ae0c-4b8d-b3b1-755c282d5bb0	13	82511106	82516148	3	-3.4755
7540fd1a-ae0c-4b8d-b3b1-755c282d5bb0	13	82516178	94388564	7483	-0.6127
7540fd1a-ae0c-4b8d-b3b1-755c282d5bb0	13	94388718	95611171	910	-0.7101
7540fd1a-ae0c-4b8d-b3b1-755c282d5bb0	13	95613622	98054538	1367	-0.6397
7540fd1a-ae0c-4b8d-b3b1-755c282d5bb0	13	98057280	100772483	1805	-0.7396
7540fd1a-ae0c-4b8d-b3b1-755c282d5bb0	13	100773763	109201478	6909	-0.6498
7540fd1a-ae0c-4b8d-b3b1-755c282d5bb0	13	109203605	114342922	3241	-0.7424
7540fd1a-ae0c-4b8d-b3b1-755c282d5bb0	14	18239283	19735726	70	-0.3973
7540fd1a-ae0c-4b8d-b3b1-755c282d5bb0	14	19735739	19956767	97	-0.8789
7540fd1a-ae0c-4b8d-b3b1-755c282d5bb0	14	19957350	20355053	268	-0.6258
7540fd1a-ae0c-4b8d-b3b1-755c282d5bb0	14	20355702	20893877	440	-0.7666
7540fd1a-ae0c-4b8d-b3b1-755c282d5bb0	14	20895189	20916801	12	0.0767
7540fd1a-ae0c-4b8d-b3b1-755c282d5bb0	14	20924070	21885921	567	-0.7061
7540fd1a-ae0c-4b8d-b3b1-755c282d5bb0	14	21891483	22509777	569	-0.5033
7540fd1a-ae0c-4b8d-b3b1-755c282d5bb0	14	22509792	23954373	822	-0.7488
7540fd1a-ae0c-4b8d-b3b1-755c282d5bb0	14	23954835	24044708	60	-0.4031
7540fd1a-ae0c-4b8d-b3b1-755c282d5bb0	14	24049930	24543414	266	-0.8648
7540fd1a-ae0c-4b8d-b3b1-755c282d5bb0	14	24543766	26294421	1255	-0.6428
7540fd1a-ae0c-4b8d-b3b1-755c282d5bb0	14	26300516	26300519	3	0.8131
7540fd1a-ae0c-4b8d-b3b1-755c282d5bb0	14	26300708	26310436	36	-0.5776
7540fd1a-ae0c-4b8d-b3b1-755c282d5bb0	14	26314697	26314712	7	0.0515
7540fd1a-ae0c-4b8d-b3b1-755c282d5bb0	14	26315707	27369067	644	-0.582
7540fd1a-ae0c-4b8d-b3b1-755c282d5bb0	14	27369823	27371244	3	-2.095
7540fd1a-ae0c-4b8d-b3b1-755c282d5bb0	14	27371753	30741786	1861	-0.6054
7540fd1a-ae0c-4b8d-b3b1-755c282d5bb0	14	30742788	36484883	3758	-0.6605
7540fd1a-ae0c-4b8d-b3b1-755c282d5bb0	14	36484921	49488298	7851	-0.6123
7540fd1a-ae0c-4b8d-b3b1-755c282d5bb0	14	49490553	52288667	1863	-0.737
7540fd1a-ae0c-4b8d-b3b1-755c282d5bb0	14	52288839	52290526	6	-1.8086
7540fd1a-ae0c-4b8d-b3b1-755c282d5bb0	14	52291223	52430901	92	-0.7562
7540fd1a-ae0c-4b8d-b3b1-755c282d5bb0	14	52433777	67474545	9500	-0.6796
7540fd1a-ae0c-4b8d-b3b1-755c282d5bb0	14	67474810	70668178	2067	-0.7583
7540fd1a-ae0c-4b8d-b3b1-755c282d5bb0	14	70668310	70672071	2	-4.5535
7540fd1a-ae0c-4b8d-b3b1-755c282d5bb0	14	70672396	78307406	4988	-0.7419
7540fd1a-ae0c-4b8d-b3b1-755c282d5bb0	14	78307724	88877004	6970	-0.622
7540fd1a-ae0c-4b8d-b3b1-755c282d5bb0	14	88877648	95458672	4412	-0.761
7540fd1a-ae0c-4b8d-b3b1-755c282d5bb0	14	95458973	95461076	2	-3.4629
7540fd1a-ae0c-4b8d-b3b1-755c282d5bb0	14	95461819	98850841	2698	-0.714
7540fd1a-ae0c-4b8d-b3b1-755c282d5bb0	14	98851537	105360751	3310	-0.7844
7540fd1a-ae0c-4b8d-b3b1-755c282d5bb0	14	105362000	106416146	308	-0.6457
7540fd1a-ae0c-4b8d-b3b1-755c282d5bb0	14	106418444	106462169	48	-1.9387
7540fd1a-ae0c-4b8d-b3b1-755c282d5bb0	14	106462183	106496841	10	-0.8587
7540fd1a-ae0c-4b8d-b3b1-755c282d5bb0	14	106502306	106877229	185	-0.6343
7540fd1a-ae0c-4b8d-b3b1-755c282d5bb0	15	19811075	20001686	45	0.1196
7540fd1a-ae0c-4b8d-b3b1-755c282d5bb0	15	20011702	20646817	95	0.5201
7540fd1a-ae0c-4b8d-b3b1-755c282d5bb0	15	20647785	21975606	36	0.9997
7540fd1a-ae0c-4b8d-b3b1-755c282d5bb0	15	21997003	22483983	35	0.2946
7540fd1a-ae0c-4b8d-b3b1-755c282d5bb0	15	22572323	24240681	913	-0.6452
7540fd1a-ae0c-4b8d-b3b1-755c282d5bb0	15	24247869	24269982	12	-1.3826
7540fd1a-ae0c-4b8d-b3b1-755c282d5bb0	15	24271197	28927815	2881	-0.6381
7540fd1a-ae0c-4b8d-b3b1-755c282d5bb0	15	28931079	29476984	409	-0.8156
7540fd1a-ae0c-4b8d-b3b1-755c282d5bb0	15	29477386	30231102	393	-0.6486
7540fd1a-ae0c-4b8d-b3b1-755c282d5bb0	15	30252720	30269364	5	-1.9133
7540fd1a-ae0c-4b8d-b3b1-755c282d5bb0	15	30281107	31245173	390	-0.6973
7540fd1a-ae0c-4b8d-b3b1-755c282d5bb0	15	31245293	31245443	2	-3.2842
7540fd1a-ae0c-4b8d-b3b1-755c282d5bb0	15	31245984	31358865	69	-0.8575
7540fd1a-ae0c-4b8d-b3b1-755c282d5bb0	15	31359593	35177035	2633	-0.6695
7540fd1a-ae0c-4b8d-b3b1-755c282d5bb0	15	35178356	37853472	1846	-0.599
7540fd1a-ae0c-4b8d-b3b1-755c282d5bb0	15	37853516	39320353	1090	-0.6745
7540fd1a-ae0c-4b8d-b3b1-755c282d5bb0	15	39320675	44709589	2668	-0.7342
7540fd1a-ae0c-4b8d-b3b1-755c282d5bb0	15	44710916	44721860	11	-1.4936
7540fd1a-ae0c-4b8d-b3b1-755c282d5bb0	15	44722295	45214341	214	-0.7582
7540fd1a-ae0c-4b8d-b3b1-755c282d5bb0	15	45215542	62763960	11942	-0.6715
7540fd1a-ae0c-4b8d-b3b1-755c282d5bb0	15	62764093	64148701	925	-0.7931
7540fd1a-ae0c-4b8d-b3b1-755c282d5bb0	15	64150336	64678599	218	0.5156
7540fd1a-ae0c-4b8d-b3b1-755c282d5bb0	15	64680389	70862647	3886	0.0979
7540fd1a-ae0c-4b8d-b3b1-755c282d5bb0	15	70862662	71840267	680	0.195
7540fd1a-ae0c-4b8d-b3b1-755c282d5bb0	15	71840451	73679409	905	0.1269
7540fd1a-ae0c-4b8d-b3b1-755c282d5bb0	15	73682080	75660832	954	0.058
7540fd1a-ae0c-4b8d-b3b1-755c282d5bb0	15	75664766	76339456	332	0.1305
7540fd1a-ae0c-4b8d-b3b1-755c282d5bb0	15	76342005	76342339	2	-1.1972
7540fd1a-ae0c-4b8d-b3b1-755c282d5bb0	15	76354234	79074182	1437	0.1049
7540fd1a-ae0c-4b8d-b3b1-755c282d5bb0	15	79075451	82882631	2612	0.1612
7540fd1a-ae0c-4b8d-b3b1-755c282d5bb0	15	82889131	82889319	3	-0.9548
7540fd1a-ae0c-4b8d-b3b1-755c282d5bb0	15	82890669	83871965	515	0.1743
7540fd1a-ae0c-4b8d-b3b1-755c282d5bb0	15	83871986	83878795	8	-0.7203
7540fd1a-ae0c-4b8d-b3b1-755c282d5bb0	15	83879115	84156533	173	0.1826
7540fd1a-ae0c-4b8d-b3b1-755c282d5bb0	15	84158730	85096610	321	0.0739
7540fd1a-ae0c-4b8d-b3b1-755c282d5bb0	15	85099161	88869048	2935	0.1768
7540fd1a-ae0c-4b8d-b3b1-755c282d5bb0	15	88870683	91008754	1283	0.067
7540fd1a-ae0c-4b8d-b3b1-755c282d5bb0	15	91008773	94480860	2958	0.1481
7540fd1a-ae0c-4b8d-b3b1-755c282d5bb0	15	94481115	94498555	16	-0.5591
7540fd1a-ae0c-4b8d-b3b1-755c282d5bb0	15	94504423	97288957	2067	0.2226
7540fd1a-ae0c-4b8d-b3b1-755c282d5bb0	15	97290419	97290422	3	-0.708
7540fd1a-ae0c-4b8d-b3b1-755c282d5bb0	15	97301760	98667507	1034	0.2068
7540fd1a-ae0c-4b8d-b3b1-755c282d5bb0	15	98667602	101928837	2385	0.1237
7540fd1a-ae0c-4b8d-b3b1-755c282d5bb0	16	10777	5266274	2288	0.0492
7540fd1a-ae0c-4b8d-b3b1-755c282d5bb0	16	5271634	5387609	133	-0.6414
7540fd1a-ae0c-4b8d-b3b1-755c282d5bb0	16	5390657	10156011	5210	0.1827
7540fd1a-ae0c-4b8d-b3b1-755c282d5bb0	16	10156608	12612617	1873	0.1007
7540fd1a-ae0c-4b8d-b3b1-755c282d5bb0	16	12612630	12612645	3	-1.817
7540fd1a-ae0c-4b8d-b3b1-755c282d5bb0	16	12612656	12835138	223	0.1376
7540fd1a-ae0c-4b8d-b3b1-755c282d5bb0	16	12838671	14316024	1183	0.1894
7540fd1a-ae0c-4b8d-b3b1-755c282d5bb0	16	14321943	25446072	5698	0.1184
7540fd1a-ae0c-4b8d-b3b1-755c282d5bb0	16	25446086	27197990	1461	0.1817
7540fd1a-ae0c-4b8d-b3b1-755c282d5bb0	16	27199404	29261283	952	0.0724
7540fd1a-ae0c-4b8d-b3b1-755c282d5bb0	16	29265473	29282801	13	-0.4392
7540fd1a-ae0c-4b8d-b3b1-755c282d5bb0	16	29283930	31656313	747	0.0251
7540fd1a-ae0c-4b8d-b3b1-755c282d5bb0	16	31657777	34209701	255	0.1297
7540fd1a-ae0c-4b8d-b3b1-755c282d5bb0	16	35080991	35546893	279	-0.6709
7540fd1a-ae0c-4b8d-b3b1-755c282d5bb0	16	35549992	46463450	125	0.1228
7540fd1a-ae0c-4b8d-b3b1-755c282d5bb0	16	46469294	49377086	1565	-0.6674
7540fd1a-ae0c-4b8d-b3b1-755c282d5bb0	16	49378697	50839897	921	-0.7507
7540fd1a-ae0c-4b8d-b3b1-755c282d5bb0	16	50840498	54000446	2431	-0.6443
7540fd1a-ae0c-4b8d-b3b1-755c282d5bb0	16	54001029	54001040	2	-3.1364
7540fd1a-ae0c-4b8d-b3b1-755c282d5bb0	16	54001896	56782403	2123	-0.6637
7540fd1a-ae0c-4b8d-b3b1-755c282d5bb0	16	56785259	58161022	785	-0.8245
7540fd1a-ae0c-4b8d-b3b1-755c282d5bb0	16	58162257	58519260	242	-0.689
7540fd1a-ae0c-4b8d-b3b1-755c282d5bb0	16	58521649	65716849	4777	-0.6055
7540fd1a-ae0c-4b8d-b3b1-755c282d5bb0	16	65717029	70944184	2582	-0.7379
7540fd1a-ae0c-4b8d-b3b1-755c282d5bb0	16	70944459	74303206	1992	-0.6623
7540fd1a-ae0c-4b8d-b3b1-755c282d5bb0	16	74304637	75501474	647	-0.7284
7540fd1a-ae0c-4b8d-b3b1-755c282d5bb0	16	75505510	75542100	20	0.2199
7540fd1a-ae0c-4b8d-b3b1-755c282d5bb0	16	75546219	83777598	8646	-0.6898
7540fd1a-ae0c-4b8d-b3b1-755c282d5bb0	16	83777618	86119821	1902	-0.8134
7540fd1a-ae0c-4b8d-b3b1-755c282d5bb0	16	86120258	86120372	2	-3.4271
7540fd1a-ae0c-4b8d-b3b1-755c282d5bb0	16	86120408	90096867	2513	-0.7856
7540fd1a-ae0c-4b8d-b3b1-755c282d5bb0	17	150733	445940	154	0.7692
7540fd1a-ae0c-4b8d-b3b1-755c282d5bb0	17	496638	3069352	1323	0.0474
7540fd1a-ae0c-4b8d-b3b1-755c282d5bb0	17	3071251	3071954	2	-1.6471
7540fd1a-ae0c-4b8d-b3b1-755c282d5bb0	17	3074893	6579348	2200	0.0485
7540fd1a-ae0c-4b8d-b3b1-755c282d5bb0	17	6581964	8475140	906	-0.791
7540fd1a-ae0c-4b8d-b3b1-755c282d5bb0	17	8477112	9522382	742	0.4596
7540fd1a-ae0c-4b8d-b3b1-755c282d5bb0	17	9522735	10269993	598	0.5034
7540fd1a-ae0c-4b8d-b3b1-755c282d5bb0	17	10270190	14205608	2935	0.5574
7540fd1a-ae0c-4b8d-b3b1-755c282d5bb0	17	14205732	15397007	1003	0.5025
7540fd1a-ae0c-4b8d-b3b1-755c282d5bb0	17	15398883	16750987	589	0.4234
7540fd1a-ae0c-4b8d-b3b1-755c282d5bb0	17	16754017	16806426	7	1.099
7540fd1a-ae0c-4b8d-b3b1-755c282d5bb0	17	16815664	18452078	913	0.4225
7540fd1a-ae0c-4b8d-b3b1-755c282d5bb0	17	18455632	18561907	26	-1.575
7540fd1a-ae0c-4b8d-b3b1-755c282d5bb0	17	18565883	26949301	1480	0.448
7540fd1a-ae0c-4b8d-b3b1-755c282d5bb0	17	26955079	29592622	1268	0.8039
7540fd1a-ae0c-4b8d-b3b1-755c282d5bb0	17	29596971	32059530	1079	0.4021
7540fd1a-ae0c-4b8d-b3b1-755c282d5bb0	17	32068619	32071714	3	-1.4252
7540fd1a-ae0c-4b8d-b3b1-755c282d5bb0	17	32073864	32809825	399	0.4447
7540fd1a-ae0c-4b8d-b3b1-755c282d5bb0	17	32813085	33631162	758	0.5191
7540fd1a-ae0c-4b8d-b3b1-755c282d5bb0	17	33631275	38262539	2856	0.4403
7540fd1a-ae0c-4b8d-b3b1-755c282d5bb0	17	38268986	40496592	1042	0.3675
7540fd1a-ae0c-4b8d-b3b1-755c282d5bb0	17	40497102	41265456	493	0.4519
7540fd1a-ae0c-4b8d-b3b1-755c282d5bb0	17	41266762	41274279	24	1.8869
7540fd1a-ae0c-4b8d-b3b1-755c282d5bb0	17	41276472	41277289	15	0.8373
7540fd1a-ae0c-4b8d-b3b1-755c282d5bb0	17	41282110	45109189	1971	0.3853
7540fd1a-ae0c-4b8d-b3b1-755c282d5bb0	17	45116313	46284997	630	0.7395
7540fd1a-ae0c-4b8d-b3b1-755c282d5bb0	17	46286804	46571001	7	-0.0327
7540fd1a-ae0c-4b8d-b3b1-755c282d5bb0	17	46664059	51462832	2492	0.7872
7540fd1a-ae0c-4b8d-b3b1-755c282d5bb0	17	51464816	56740139	3864	0.9375
7540fd1a-ae0c-4b8d-b3b1-755c282d5bb0	17	56740864	57610128	643	0.8345
7540fd1a-ae0c-4b8d-b3b1-755c282d5bb0	17	57610972	57611632	2	-1.8682
7540fd1a-ae0c-4b8d-b3b1-755c282d5bb0	17	57614632	60821552	1608	0.7948
7540fd1a-ae0c-4b8d-b3b1-755c282d5bb0	17	60822745	63579679	1334	0.8497
7540fd1a-ae0c-4b8d-b3b1-755c282d5bb0	17	63582989	64157505	290	0.7584
7540fd1a-ae0c-4b8d-b3b1-755c282d5bb0	17	64157586	64994423	316	0.3731
7540fd1a-ae0c-4b8d-b3b1-755c282d5bb0	17	64994766	69707703	3014	0.4821
7540fd1a-ae0c-4b8d-b3b1-755c282d5bb0	17	69709061	72209750	1981	0.547
7540fd1a-ae0c-4b8d-b3b1-755c282d5bb0	17	72209879	73838033	1258	0.4691
7540fd1a-ae0c-4b8d-b3b1-755c282d5bb0	17	73838553	76930346	1617	0.3695
7540fd1a-ae0c-4b8d-b3b1-755c282d5bb0	17	76930523	76930670	2	-2.3101
7540fd1a-ae0c-4b8d-b3b1-755c282d5bb0	17	76933916	83091923	3125	0.3884
7540fd1a-ae0c-4b8d-b3b1-755c282d5bb0	18	48133	3966536	2796	0.1738
7540fd1a-ae0c-4b8d-b3b1-755c282d5bb0	18	3972069	5948818	1395	0.2335
7540fd1a-ae0c-4b8d-b3b1-755c282d5bb0	18	5949949	6595524	477	0.1404
7540fd1a-ae0c-4b8d-b3b1-755c282d5bb0	18	6596555	8820888	1773	0.22
7540fd1a-ae0c-4b8d-b3b1-755c282d5bb0	18	8820943	10279414	1072	0.1261
7540fd1a-ae0c-4b8d-b3b1-755c282d5bb0	18	10282299	11742134	1042	0.2132
7540fd1a-ae0c-4b8d-b3b1-755c282d5bb0	18	11744054	15402409	1829	0.1416
7540fd1a-ae0c-4b8d-b3b1-755c282d5bb0	18	20949392	44819150	14951	-0.6324
7540fd1a-ae0c-4b8d-b3b1-755c282d5bb0	18	44824073	50467434	3926	-0.7203
7540fd1a-ae0c-4b8d-b3b1-755c282d5bb0	18	50467474	63001037	8576	-0.653
7540fd1a-ae0c-4b8d-b3b1-755c282d5bb0	18	63002204	63006302	3	-2.7744
7540fd1a-ae0c-4b8d-b3b1-755c282d5bb0	18	63006379	63614731	582	-0.718
7540fd1a-ae0c-4b8d-b3b1-755c282d5bb0	18	63615076	67222897	2453	-0.6026
7540fd1a-ae0c-4b8d-b3b1-755c282d5bb0	18	67226423	67226988	4	-5.8919
7540fd1a-ae0c-4b8d-b3b1-755c282d5bb0	18	67228533	68036061	635	-0.622
7540fd1a-ae0c-4b8d-b3b1-755c282d5bb0	18	68036164	68036236	2	-2.5532
7540fd1a-ae0c-4b8d-b3b1-755c282d5bb0	18	68036470	69540616	1202	-0.5999
7540fd1a-ae0c-4b8d-b3b1-755c282d5bb0	18	69541156	69541417	2	-2.7516
7540fd1a-ae0c-4b8d-b3b1-755c282d5bb0	18	69543096	69550035	5	-5.2253
7540fd1a-ae0c-4b8d-b3b1-755c282d5bb0	18	69550306	73803856	3131	-0.6274
7540fd1a-ae0c-4b8d-b3b1-755c282d5bb0	18	73804797	80257174	4608	-0.7055
7540fd1a-ae0c-4b8d-b3b1-755c282d5bb0	19	90910	5506648	1587	0.0132
7540fd1a-ae0c-4b8d-b3b1-755c282d5bb0	19	5510228	5510569	2	-2.3728
7540fd1a-ae0c-4b8d-b3b1-755c282d5bb0	19	5510642	19829788	6957	0.018
7540fd1a-ae0c-4b8d-b3b1-755c282d5bb0	19	19833113	32611507	6349	0.156
7540fd1a-ae0c-4b8d-b3b1-755c282d5bb0	19	32612086	35499509	1909	0.0833
7540fd1a-ae0c-4b8d-b3b1-755c282d5bb0	19	35507324	36139662	272	-0.032
7540fd1a-ae0c-4b8d-b3b1-755c282d5bb0	19	36144670	37849175	834	0.0975
7540fd1a-ae0c-4b8d-b3b1-755c282d5bb0	19	37850859	42447981	2313	0.0268
7540fd1a-ae0c-4b8d-b3b1-755c282d5bb0	19	42451047	44544072	1220	0.0854
7540fd1a-ae0c-4b8d-b3b1-755c282d5bb0	19	44544133	51488174	3141	0.0227
7540fd1a-ae0c-4b8d-b3b1-755c282d5bb0	19	51497370	58586487	4477	0.0839
7540fd1a-ae0c-4b8d-b3b1-755c282d5bb0	20	80664	1580934	1203	0.1164
7540fd1a-ae0c-4b8d-b3b1-755c282d5bb0	20	1581021	1617300	41	-0.6147
7540fd1a-ae0c-4b8d-b3b1-755c282d5bb0	20	1617460	6104551	3257	0.0999
7540fd1a-ae0c-4b8d-b3b1-755c282d5bb0	20	6104569	9033781	2384	0.2035
7540fd1a-ae0c-4b8d-b3b1-755c282d5bb0	20	9033891	9101671	55	0.5135
7540fd1a-ae0c-4b8d-b3b1-755c282d5bb0	20	9101696	17400241	6667	0.2169
7540fd1a-ae0c-4b8d-b3b1-755c282d5bb0	20	17401760	24791645	5655	0.1751
7540fd1a-ae0c-4b8d-b3b1-755c282d5bb0	20	24791869	24897060	80	0.2475
7540fd1a-ae0c-4b8d-b3b1-755c282d5bb0	20	24899779	31568575	851	0.155
7540fd1a-ae0c-4b8d-b3b1-755c282d5bb0	20	31570542	38327913	3462	0.0545
7540fd1a-ae0c-4b8d-b3b1-755c282d5bb0	20	38328211	39156260	523	0.1203
7540fd1a-ae0c-4b8d-b3b1-755c282d5bb0	20	39156573	40278801	855	0.2154
7540fd1a-ae0c-4b8d-b3b1-755c282d5bb0	20	40280951	41818250	979	0.1422
7540fd1a-ae0c-4b8d-b3b1-755c282d5bb0	20	41818733	43569264	1532	0.1967
7540fd1a-ae0c-4b8d-b3b1-755c282d5bb0	20	43573161	49955136	4332	0.102
7540fd1a-ae0c-4b8d-b3b1-755c282d5bb0	20	49957579	49969523	3	-1.0386
7540fd1a-ae0c-4b8d-b3b1-755c282d5bb0	20	49970816	50862463	593	0.0412
7540fd1a-ae0c-4b8d-b3b1-755c282d5bb0	20	50862678	53596264	2034	0.1537
7540fd1a-ae0c-4b8d-b3b1-755c282d5bb0	20	53597003	53912576	210	0.0123
7540fd1a-ae0c-4b8d-b3b1-755c282d5bb0	20	53912688	54202283	341	0.1565
7540fd1a-ae0c-4b8d-b3b1-755c282d5bb0	20	54202971	56278763	1668	0.214
7540fd1a-ae0c-4b8d-b3b1-755c282d5bb0	20	56279355	60107838	2973	0.1347
7540fd1a-ae0c-4b8d-b3b1-755c282d5bb0	20	60109004	60993969	830	0.22
7540fd1a-ae0c-4b8d-b3b1-755c282d5bb0	20	60994460	61074538	123	0.0285
7540fd1a-ae0c-4b8d-b3b1-755c282d5bb0	20	61074687	61422625	318	0.2352
7540fd1a-ae0c-4b8d-b3b1-755c282d5bb0	20	61423835	61970102	368	0.1331
7540fd1a-ae0c-4b8d-b3b1-755c282d5bb0	20	61970501	64284715	973	0.0531
7540fd1a-ae0c-4b8d-b3b1-755c282d5bb0	20	64323342	64324800	5	-0.6295
7540fd1a-ae0c-4b8d-b3b1-755c282d5bb0	21	10354168	10448914	13	-0.3115
7540fd1a-ae0c-4b8d-b3b1-755c282d5bb0	21	10458564	10459828	5	-0.541
7540fd1a-ae0c-4b8d-b3b1-755c282d5bb0	21	10494350	10559033	34	-1.4774
7540fd1a-ae0c-4b8d-b3b1-755c282d5bb0	21	10568903	10643703	29	-0.5705
7540fd1a-ae0c-4b8d-b3b1-755c282d5bb0	21	10646516	13320813	94	0.0788
7540fd1a-ae0c-4b8d-b3b1-755c282d5bb0	21	13320912	17931284	2803	0.1901
7540fd1a-ae0c-4b8d-b3b1-755c282d5bb0	21	17934011	20367237	1816	0.2333
7540fd1a-ae0c-4b8d-b3b1-755c282d5bb0	21	20369750	20378120	13	0.6867
7540fd1a-ae0c-4b8d-b3b1-755c282d5bb0	21	20378842	24932515	3599	0.2243
7540fd1a-ae0c-4b8d-b3b1-755c282d5bb0	21	24932980	26253321	879	0.158
7540fd1a-ae0c-4b8d-b3b1-755c282d5bb0	21	26253397	28375803	1666	0.2241
7540fd1a-ae0c-4b8d-b3b1-755c282d5bb0	21	28376361	28768499	325	0.1798
7540fd1a-ae0c-4b8d-b3b1-755c282d5bb0	21	28768512	29483537	470	0.116
7540fd1a-ae0c-4b8d-b3b1-755c282d5bb0	21	29485819	31363269	1329	0.2089
7540fd1a-ae0c-4b8d-b3b1-755c282d5bb0	21	31363764	32782497	957	0.1399
7540fd1a-ae0c-4b8d-b3b1-755c282d5bb0	21	32782711	34275777	1035	0.069
7540fd1a-ae0c-4b8d-b3b1-755c282d5bb0	21	34276374	39608396	4072	0.1289
7540fd1a-ae0c-4b8d-b3b1-755c282d5bb0	21	39611851	41307163	1515	0.2026
7540fd1a-ae0c-4b8d-b3b1-755c282d5bb0	21	41308047	41729736	418	0.1187
7540fd1a-ae0c-4b8d-b3b1-755c282d5bb0	21	41730124	41730314	2	-1.2581
7540fd1a-ae0c-4b8d-b3b1-755c282d5bb0	21	41730428	46677045	2747	0.0741
7540fd1a-ae0c-4b8d-b3b1-755c282d5bb0	22	15294547	25632166	5569	0.0838
7540fd1a-ae0c-4b8d-b3b1-755c282d5bb0	22	25634378	27639075	2057	0.1537
7540fd1a-ae0c-4b8d-b3b1-755c282d5bb0	22	27639812	29918103	1320	0.0758
7540fd1a-ae0c-4b8d-b3b1-755c282d5bb0	22	29919866	29965892	28	0.3373
7540fd1a-ae0c-4b8d-b3b1-755c282d5bb0	22	29976004	32197107	1261	0.0426
7540fd1a-ae0c-4b8d-b3b1-755c282d5bb0	22	32197866	35099858	2654	0.1762
7540fd1a-ae0c-4b8d-b3b1-755c282d5bb0	22	35100070	36214150	735	0.0972
7540fd1a-ae0c-4b8d-b3b1-755c282d5bb0	22	36214483	38894915	1553	0.0252
7540fd1a-ae0c-4b8d-b3b1-755c282d5bb0	22	38899250	38903109	4	1.1053
7540fd1a-ae0c-4b8d-b3b1-755c282d5bb0	22	38904043	38967614	38	0.0604
7540fd1a-ae0c-4b8d-b3b1-755c282d5bb0	22	38967679	38979302	23	-0.6622
7540fd1a-ae0c-4b8d-b3b1-755c282d5bb0	22	38993700	43181618	2291	0.0302
7540fd1a-ae0c-4b8d-b3b1-755c282d5bb0	22	43188275	46771969	2546	0.1005
7540fd1a-ae0c-4b8d-b3b1-755c282d5bb0	22	46773318	48940621	1974	0.19
7540fd1a-ae0c-4b8d-b3b1-755c282d5bb0	22	48942510	50796027	1193	0.067
7540fd1a-ae0c-4b8d-b3b1-755c282d5bb0	X	251810	2748312	94	0.2866
7540fd1a-ae0c-4b8d-b3b1-755c282d5bb0	X	2785350	2887623	79	-0.2679
7540fd1a-ae0c-4b8d-b3b1-755c282d5bb0	X	2893144	6537601	2741	0.0134
7540fd1a-ae0c-4b8d-b3b1-755c282d5bb0	X	6539630	22123713	9972	-0.0238
7540fd1a-ae0c-4b8d-b3b1-755c282d5bb0	X	22124237	39107622	11060	0.0262
7540fd1a-ae0c-4b8d-b3b1-755c282d5bb0	X	39109848	83120494	18217	-0.0215
7540fd1a-ae0c-4b8d-b3b1-755c282d5bb0	X	83121159	152734908	39142	0.0083
7540fd1a-ae0c-4b8d-b3b1-755c282d5bb0	X	152736434	154894421	997	-0.1107
7540fd1a-ae0c-4b8d-b3b1-755c282d5bb0	X	154896742	155699647	327	0.01
7540fd1a-ae0c-4b8d-b3b1-755c282d5bb0	X	155699837	155952689	19	0.473
7540fd1a-ae0c-4b8d-b3b1-755c282d5bb0	Y	2782397	12677798	2889	0.2872
7540fd1a-ae0c-4b8d-b3b1-755c282d5bb0	Y	12678188	26581539	3694	0.421
7540fd1a-ae0c-4b8d-b3b1-755c282d5bb0	Y	26585775	26586954	2	4.8746
7540fd1a-ae0c-4b8d-b3b1-755c282d5bb0	Y	26588115	56872112	34	0.1771
