GDC_Aliquot	Chromosome	Start	End	Num_Probes	Segment_Mean
fba529c2-4474-439a-8540-647e934c2db0	1	62920	15822848	8331	0.012
fba529c2-4474-439a-8540-647e934c2db0	1	15823420	15827706	8	-0.7312
fba529c2-4474-439a-8540-647e934c2db0	1	15827744	16617327	312	0.0392
fba529c2-4474-439a-8540-647e934c2db0	1	16627347	16643961	19	-0.5175
fba529c2-4474-439a-8540-647e934c2db0	1	16679239	16721984	12	0.1243
fba529c2-4474-439a-8540-647e934c2db0	1	16766762	16788139	13	-1.5649
fba529c2-4474-439a-8540-647e934c2db0	1	16855942	16935737	55	0.5604
fba529c2-4474-439a-8540-647e934c2db0	1	16935752	17492580	391	0.0266
fba529c2-4474-439a-8540-647e934c2db0	1	17492593	17496341	2	-1.0177
fba529c2-4474-439a-8540-647e934c2db0	1	17497381	18915410	1067	0.0097
fba529c2-4474-439a-8540-647e934c2db0	1	18915849	18922622	4	-1.1286
fba529c2-4474-439a-8540-647e934c2db0	1	18923932	25256850	3793	0.0069
fba529c2-4474-439a-8540-647e934c2db0	1	25266637	25320455	24	0.578
fba529c2-4474-439a-8540-647e934c2db0	1	25336819	105470754	49642	0.0027
fba529c2-4474-439a-8540-647e934c2db0	1	105476583	105479753	17	-0.6807
fba529c2-4474-439a-8540-647e934c2db0	1	105481433	109690352	2629	-0.0061
fba529c2-4474-439a-8540-647e934c2db0	1	109690415	109697556	12	2.035
fba529c2-4474-439a-8540-647e934c2db0	1	109702376	114151650	3167	-0.0036
fba529c2-4474-439a-8540-647e934c2db0	1	114154398	114154411	2	-1.6291
fba529c2-4474-439a-8540-647e934c2db0	1	114155472	121598439	3950	0.0027
fba529c2-4474-439a-8540-647e934c2db0	1	121601998	143734438	99	0.2331
fba529c2-4474-439a-8540-647e934c2db0	1	143748012	143751676	12	0.7886
fba529c2-4474-439a-8540-647e934c2db0	1	143751730	145642976	36	0.2931
fba529c2-4474-439a-8540-647e934c2db0	1	145642990	152787202	2492	0.0218
fba529c2-4474-439a-8540-647e934c2db0	1	152789447	152796224	37	-0.488
fba529c2-4474-439a-8540-647e934c2db0	1	152801429	174827267	14786	-0.0002
fba529c2-4474-439a-8540-647e934c2db0	1	174827418	174832702	16	-0.9001
fba529c2-4474-439a-8540-647e934c2db0	1	174832716	175468144	431	-0.0004
fba529c2-4474-439a-8540-647e934c2db0	1	175469575	175783051	287	0.1118
fba529c2-4474-439a-8540-647e934c2db0	1	175783601	194479104	12448	-0.0027
fba529c2-4474-439a-8540-647e934c2db0	1	194482281	194485888	2	-2.2696
fba529c2-4474-439a-8540-647e934c2db0	1	194487886	196745743	1448	0.0096
fba529c2-4474-439a-8540-647e934c2db0	1	196758720	196762956	4	0.931
fba529c2-4474-439a-8540-647e934c2db0	1	196769493	196843377	55	0.0984
fba529c2-4474-439a-8540-647e934c2db0	1	196843400	196846661	2	-1.9135
fba529c2-4474-439a-8540-647e934c2db0	1	196847600	229675422	21784	0.0014
fba529c2-4474-439a-8540-647e934c2db0	1	229681109	229684449	3	-3.4084
fba529c2-4474-439a-8540-647e934c2db0	1	229684709	234772540	4032	0.0095
fba529c2-4474-439a-8540-647e934c2db0	1	234776541	234780167	3	-1.3662
fba529c2-4474-439a-8540-647e934c2db0	1	234794424	242960635	6171	-0.0003
fba529c2-4474-439a-8540-647e934c2db0	1	242966050	243105657	24	0.3496
fba529c2-4474-439a-8540-647e934c2db0	1	243111228	248930189	3722	0.0007
fba529c2-4474-439a-8540-647e934c2db0	2	12784	4166610	2984	0.0118
fba529c2-4474-439a-8540-647e934c2db0	2	4168820	4176429	40	0.3059
fba529c2-4474-439a-8540-647e934c2db0	2	4182472	9037075	4003	0.0081
fba529c2-4474-439a-8540-647e934c2db0	2	9045183	9045247	2	-1.3353
fba529c2-4474-439a-8540-647e934c2db0	2	9048359	14560559	3986	0.0087
fba529c2-4474-439a-8540-647e934c2db0	2	14562225	14569897	16	0.3879
fba529c2-4474-439a-8540-647e934c2db0	2	14569968	27216883	8288	0.005
fba529c2-4474-439a-8540-647e934c2db0	2	27218434	27218632	3	-1.2121
fba529c2-4474-439a-8540-647e934c2db0	2	27219036	33535209	3989	0.0188
fba529c2-4474-439a-8540-647e934c2db0	2	33535877	33547586	12	-0.4614
fba529c2-4474-439a-8540-647e934c2db0	2	33547684	35750907	1636	0.014
fba529c2-4474-439a-8540-647e934c2db0	2	35752724	35762881	7	0.8718
fba529c2-4474-439a-8540-647e934c2db0	2	35772407	52516787	12106	0.0104
fba529c2-4474-439a-8540-647e934c2db0	2	52527330	52554404	40	0.7951
fba529c2-4474-439a-8540-647e934c2db0	2	52560811	242147305	112179	0.006
fba529c2-4474-439a-8540-647e934c2db0	3	20930	182919	153	0.0593
fba529c2-4474-439a-8540-647e934c2db0	3	188339	193347	6	-0.8484
fba529c2-4474-439a-8540-647e934c2db0	3	193922	4235682	3643	0.0502
fba529c2-4474-439a-8540-647e934c2db0	3	4237773	59667814	36344	0.0085
fba529c2-4474-439a-8540-647e934c2db0	3	59669804	60974492	1492	0.0914
fba529c2-4474-439a-8540-647e934c2db0	3	60974673	62951706	1672	0.0087
fba529c2-4474-439a-8540-647e934c2db0	3	62953762	63022185	49	0.6719
fba529c2-4474-439a-8540-647e934c2db0	3	63035098	75315279	9176	0.0059
fba529c2-4474-439a-8540-647e934c2db0	3	75315329	75483280	74	0.2288
fba529c2-4474-439a-8540-647e934c2db0	3	75489692	75547095	22	0.6981
fba529c2-4474-439a-8540-647e934c2db0	3	75559488	75853758	66	0.2362
fba529c2-4474-439a-8540-647e934c2db0	3	75863200	80011199	2451	0.0085
fba529c2-4474-439a-8540-647e934c2db0	3	80011227	80014572	3	-1.512
fba529c2-4474-439a-8540-647e934c2db0	3	80021657	99204123	8425	-0.0021
fba529c2-4474-439a-8540-647e934c2db0	3	99205206	99232539	48	0.258
fba529c2-4474-439a-8540-647e934c2db0	3	99232990	103271406	2245	-0.0082
fba529c2-4474-439a-8540-647e934c2db0	3	103272420	103273801	3	-1.0642
fba529c2-4474-439a-8540-647e934c2db0	3	103275533	128680378	15797	0.005
fba529c2-4474-439a-8540-647e934c2db0	3	128686328	128693488	7	0.7974
fba529c2-4474-439a-8540-647e934c2db0	3	128695318	136300257	4675	0.0051
fba529c2-4474-439a-8540-647e934c2db0	3	136304109	136306584	2	-2.8292
fba529c2-4474-439a-8540-647e934c2db0	3	136319699	162795304	16206	0.0055
fba529c2-4474-439a-8540-647e934c2db0	3	162795361	162807070	9	0.6409
fba529c2-4474-439a-8540-647e934c2db0	3	162810842	162813082	3	-0.3399
fba529c2-4474-439a-8540-647e934c2db0	3	162815162	162822702	7	-1.1438
fba529c2-4474-439a-8540-647e934c2db0	3	162827928	162908192	47	0.4098
fba529c2-4474-439a-8540-647e934c2db0	3	162908207	162908815	3	-1.81
fba529c2-4474-439a-8540-647e934c2db0	3	162910826	162980188	60	0.06
fba529c2-4474-439a-8540-647e934c2db0	3	162981693	162996729	10	-0.3045
fba529c2-4474-439a-8540-647e934c2db0	3	162999939	163001774	2	-3.5586
fba529c2-4474-439a-8540-647e934c2db0	3	163008371	175362822	7566	0.0034
fba529c2-4474-439a-8540-647e934c2db0	3	175362958	175363536	5	-0.8942
fba529c2-4474-439a-8540-647e934c2db0	3	175368999	193160113	11478	0.0033
fba529c2-4474-439a-8540-647e934c2db0	3	193160173	193165114	19	-1.3711
fba529c2-4474-439a-8540-647e934c2db0	3	193168646	195685341	1484	-0.0001
fba529c2-4474-439a-8540-647e934c2db0	3	195691392	195747892	39	-0.3626
fba529c2-4474-439a-8540-647e934c2db0	3	195751823	198108859	1143	0.0264
fba529c2-4474-439a-8540-647e934c2db0	3	198109014	198169247	21	0.4052
fba529c2-4474-439a-8540-647e934c2db0	4	68929	3884081	1570	0.0263
fba529c2-4474-439a-8540-647e934c2db0	4	3896017	4176082	76	0.2983
fba529c2-4474-439a-8540-647e934c2db0	4	4180275	9455251	3508	0.0165
fba529c2-4474-439a-8540-647e934c2db0	4	9459504	9477699	6	2.0099
fba529c2-4474-439a-8540-647e934c2db0	4	9484440	9631786	43	0.2715
fba529c2-4474-439a-8540-647e934c2db0	4	9632366	10191803	458	0.0313
fba529c2-4474-439a-8540-647e934c2db0	4	10191980	10208766	39	0.205
fba529c2-4474-439a-8540-647e934c2db0	4	10212536	10232642	31	-2.3997
fba529c2-4474-439a-8540-647e934c2db0	4	10232984	34777432	16952	0.0064
fba529c2-4474-439a-8540-647e934c2db0	4	34784878	34823103	38	-0.7969
fba529c2-4474-439a-8540-647e934c2db0	4	34828250	39702577	3315	0.0075
fba529c2-4474-439a-8540-647e934c2db0	4	39702789	39711713	7	-0.8087
fba529c2-4474-439a-8540-647e934c2db0	4	39711868	45003738	3307	0.011
fba529c2-4474-439a-8540-647e934c2db0	4	45003835	45004318	4	-1.1224
fba529c2-4474-439a-8540-647e934c2db0	4	45008952	63831812	9902	0.0062
fba529c2-4474-439a-8540-647e934c2db0	4	63831891	63850713	26	-0.5832
fba529c2-4474-439a-8540-647e934c2db0	4	63851308	69257792	3244	0.0068
fba529c2-4474-439a-8540-647e934c2db0	4	69261926	69363716	53	-0.6192
fba529c2-4474-439a-8540-647e934c2db0	4	69366081	148697624	47654	0.0021
fba529c2-4474-439a-8540-647e934c2db0	4	148698086	148698335	3	-1.3106
fba529c2-4474-439a-8540-647e934c2db0	4	148700381	171448195	14237	0.0032
fba529c2-4474-439a-8540-647e934c2db0	4	171453733	171456625	12	-1.3438
fba529c2-4474-439a-8540-647e934c2db0	4	171459220	172066777	397	0.0091
fba529c2-4474-439a-8540-647e934c2db0	4	172067997	172068149	4	-1.0935
fba529c2-4474-439a-8540-647e934c2db0	4	172068222	172068382	8	-2.5563
fba529c2-4474-439a-8540-647e934c2db0	4	172074828	190106768	12062	0.0125
fba529c2-4474-439a-8540-647e934c2db0	5	15532	685633	306	0.075
fba529c2-4474-439a-8540-647e934c2db0	5	698256	741924	17	0.5232
fba529c2-4474-439a-8540-647e934c2db0	5	742574	1267241	208	0.119
fba529c2-4474-439a-8540-647e934c2db0	5	1267254	21376735	15100	0.0103
fba529c2-4474-439a-8540-647e934c2db0	5	21377730	21377744	2	-1.6059
fba529c2-4474-439a-8540-647e934c2db0	5	21385957	21449167	44	0.0433
fba529c2-4474-439a-8540-647e934c2db0	5	21451091	21452329	5	-2.3719
fba529c2-4474-439a-8540-647e934c2db0	5	21452387	33942580	7767	0.0006
fba529c2-4474-439a-8540-647e934c2db0	5	33943487	34700599	421	0.1053
fba529c2-4474-439a-8540-647e934c2db0	5	34700960	46246558	6739	0.002
fba529c2-4474-439a-8540-647e934c2db0	5	46251204	46273400	9	0.9707
fba529c2-4474-439a-8540-647e934c2db0	5	46278110	58033288	5070	-0.0018
fba529c2-4474-439a-8540-647e934c2db0	5	58033703	58045187	31	-0.5119
fba529c2-4474-439a-8540-647e934c2db0	5	58046293	104515520	26777	0.002
fba529c2-4474-439a-8540-647e934c2db0	5	104524672	104524903	4	2.8117
fba529c2-4474-439a-8540-647e934c2db0	5	104525348	105251452	550	0.0091
fba529c2-4474-439a-8540-647e934c2db0	5	105252731	105252752	2	-2.3172
fba529c2-4474-439a-8540-647e934c2db0	5	105253580	111187595	3678	-0.0011
fba529c2-4474-439a-8540-647e934c2db0	5	111188201	111188389	3	1.0711
fba529c2-4474-439a-8540-647e934c2db0	5	111190612	118050922	5136	0.0159
fba529c2-4474-439a-8540-647e934c2db0	5	118052727	118053390	11	-0.603
fba529c2-4474-439a-8540-647e934c2db0	5	118068645	152134610	21345	0.0033
fba529c2-4474-439a-8540-647e934c2db0	5	152135825	152138790	14	-0.9016
fba529c2-4474-439a-8540-647e934c2db0	5	152140710	156045045	2648	0.0061
fba529c2-4474-439a-8540-647e934c2db0	5	156045123	156053103	10	0.4875
fba529c2-4474-439a-8540-647e934c2db0	5	156054939	176623510	14308	0.0062
fba529c2-4474-439a-8540-647e934c2db0	5	176623714	176747485	78	0.2063
fba529c2-4474-439a-8540-647e934c2db0	5	176748641	177800550	407	0.0149
fba529c2-4474-439a-8540-647e934c2db0	5	177801578	177805604	2	2.0986
fba529c2-4474-439a-8540-647e934c2db0	5	177827964	179676725	1067	0.0043
fba529c2-4474-439a-8540-647e934c2db0	5	179677049	179678327	11	0.6145
fba529c2-4474-439a-8540-647e934c2db0	5	179681196	181363319	904	0.0243
fba529c2-4474-439a-8540-647e934c2db0	6	149661	254283	101	0.0716
fba529c2-4474-439a-8540-647e934c2db0	6	257353	294837	23	-0.719
fba529c2-4474-439a-8540-647e934c2db0	6	302306	382559	79	0.7993
fba529c2-4474-439a-8540-647e934c2db0	6	382897	16087418	12346	0.0102
fba529c2-4474-439a-8540-647e934c2db0	6	16088037	16088500	4	-1.3801
fba529c2-4474-439a-8540-647e934c2db0	6	16088820	29869295	9067	0.0065
fba529c2-4474-439a-8540-647e934c2db0	6	29869410	29875657	9	-0.5447
fba529c2-4474-439a-8540-647e934c2db0	6	29876257	29882419	8	-1.6784
fba529c2-4474-439a-8540-647e934c2db0	6	29882497	32614112	1210	0.0375
fba529c2-4474-439a-8540-647e934c2db0	6	32614426	32627306	6	-0.6839
fba529c2-4474-439a-8540-647e934c2db0	6	32627455	32634330	3	-1.9854
fba529c2-4474-439a-8540-647e934c2db0	6	32634492	54980887	14298	0.0057
fba529c2-4474-439a-8540-647e934c2db0	6	54983657	54985341	4	-0.8839
fba529c2-4474-439a-8540-647e934c2db0	6	54987314	65684197	4309	0.0143
fba529c2-4474-439a-8540-647e934c2db0	6	65689589	65697234	24	-0.9662
fba529c2-4474-439a-8540-647e934c2db0	6	65697317	73882142	5425	0.0085
fba529c2-4474-439a-8540-647e934c2db0	6	73882509	73893839	11	-0.5258
fba529c2-4474-439a-8540-647e934c2db0	6	73893889	76305231	1468	0.0106
fba529c2-4474-439a-8540-647e934c2db0	6	76307183	76307339	6	-0.7167
fba529c2-4474-439a-8540-647e934c2db0	6	76307352	76726815	292	0.0161
fba529c2-4474-439a-8540-647e934c2db0	6	76730151	76743040	21	-0.5765
fba529c2-4474-439a-8540-647e934c2db0	6	76751356	76971085	162	0.0945
fba529c2-4474-439a-8540-647e934c2db0	6	76971857	78196795	761	-0.0052
fba529c2-4474-439a-8540-647e934c2db0	6	78201550	78253172	52	0.0958
fba529c2-4474-439a-8540-647e934c2db0	6	78259348	78322600	108	-0.6914
fba529c2-4474-439a-8540-647e934c2db0	6	78322875	103286954	15460	0.0063
fba529c2-4474-439a-8540-647e934c2db0	6	103290101	103306712	31	-0.4441
fba529c2-4474-439a-8540-647e934c2db0	6	103306919	123407488	12156	0.0014
fba529c2-4474-439a-8540-647e934c2db0	6	123409952	123413884	8	-1.1133
fba529c2-4474-439a-8540-647e934c2db0	6	123417795	133945130	6898	0.0014
fba529c2-4474-439a-8540-647e934c2db0	6	133947933	133948494	2	-2.7264
fba529c2-4474-439a-8540-647e934c2db0	6	133950934	162312635	19174	0.0027
fba529c2-4474-439a-8540-647e934c2db0	6	162313394	162491482	163	0.1257
fba529c2-4474-439a-8540-647e934c2db0	6	162491812	166691246	3198	0.003
fba529c2-4474-439a-8540-647e934c2db0	6	166691673	169130753	1597	0.0515
fba529c2-4474-439a-8540-647e934c2db0	6	169132344	170741917	901	0.0144
fba529c2-4474-439a-8540-647e934c2db0	7	43355	6791305	3411	0.0206
fba529c2-4474-439a-8540-647e934c2db0	7	6797375	7075238	114	0.23
fba529c2-4474-439a-8540-647e934c2db0	7	7076758	16556132	7773	0.0164
fba529c2-4474-439a-8540-647e934c2db0	7	16557026	16557233	3	-1.4686
fba529c2-4474-439a-8540-647e934c2db0	7	16557815	38251092	16011	0.0087
fba529c2-4474-439a-8540-647e934c2db0	7	38251113	38347190	119	-0.5308
fba529c2-4474-439a-8540-647e934c2db0	7	38347211	56709343	12543	0.0082
fba529c2-4474-439a-8540-647e934c2db0	7	56712441	64420964	1144	0.0951
fba529c2-4474-439a-8540-647e934c2db0	7	64421006	70955452	3413	0.0217
fba529c2-4474-439a-8540-647e934c2db0	7	70958264	70961155	2	-2.8289
fba529c2-4474-439a-8540-647e934c2db0	7	70963257	76507072	2133	0.0124
fba529c2-4474-439a-8540-647e934c2db0	7	76507337	76531980	12	0.4926
fba529c2-4474-439a-8540-647e934c2db0	7	76531991	89028946	7975	0.0074
fba529c2-4474-439a-8540-647e934c2db0	7	89029718	90216589	741	0.073
fba529c2-4474-439a-8540-647e934c2db0	7	90217022	97756658	4800	0.0016
fba529c2-4474-439a-8540-647e934c2db0	7	97766148	97772647	10	0.5212
fba529c2-4474-439a-8540-647e934c2db0	7	97772665	126405502	16636	0.0032
fba529c2-4474-439a-8540-647e934c2db0	7	126405597	126406561	10	-1.6821
fba529c2-4474-439a-8540-647e934c2db0	7	126406822	135446601	5729	0.0079
fba529c2-4474-439a-8540-647e934c2db0	7	135447172	135458334	11	-0.7863
fba529c2-4474-439a-8540-647e934c2db0	7	135462677	142070569	4181	0.0095
fba529c2-4474-439a-8540-647e934c2db0	7	142070709	142090383	26	0.4175
fba529c2-4474-439a-8540-647e934c2db0	7	142090403	142629786	351	0.0597
fba529c2-4474-439a-8540-647e934c2db0	7	142630953	142785320	96	-0.2868
fba529c2-4474-439a-8540-647e934c2db0	7	142785841	143521765	452	-0.0126
fba529c2-4474-439a-8540-647e934c2db0	7	143529806	143603307	5	1.263
fba529c2-4474-439a-8540-647e934c2db0	7	143728285	159334314	9943	0.0133
fba529c2-4474-439a-8540-647e934c2db0	8	81254	208062	4	0.9244
fba529c2-4474-439a-8540-647e934c2db0	8	212672	2844412	2033	0.0311
fba529c2-4474-439a-8540-647e934c2db0	8	2846011	2846377	7	0.8456
fba529c2-4474-439a-8540-647e934c2db0	8	2849649	3302699	458	-0.0184
fba529c2-4474-439a-8540-647e934c2db0	8	3303176	3303375	5	-2.0365
fba529c2-4474-439a-8540-647e934c2db0	8	3303514	3624354	391	0.0275
fba529c2-4474-439a-8540-647e934c2db0	8	3630124	3630522	3	-1.4673
fba529c2-4474-439a-8540-647e934c2db0	8	3630780	6982775	4726	0.0318
fba529c2-4474-439a-8540-647e934c2db0	8	7001884	8276901	203	0.1856
fba529c2-4474-439a-8540-647e934c2db0	8	8277217	10502003	2005	0.0317
fba529c2-4474-439a-8540-647e934c2db0	8	10502124	10502600	2	1.6675
fba529c2-4474-439a-8540-647e934c2db0	8	10504833	11791683	1002	0.0092
fba529c2-4474-439a-8540-647e934c2db0	8	11792966	12385031	194	0.1365
fba529c2-4474-439a-8540-647e934c2db0	8	12387683	12389898	6	-0.803
fba529c2-4474-439a-8540-647e934c2db0	8	12389977	12709141	51	0.2372
fba529c2-4474-439a-8540-647e934c2db0	8	12712880	25117985	10357	0.006
fba529c2-4474-439a-8540-647e934c2db0	8	25118055	25126818	22	0.5792
fba529c2-4474-439a-8540-647e934c2db0	8	25133589	32828250	5423	0.0072
fba529c2-4474-439a-8540-647e934c2db0	8	32829101	32830895	4	-0.8589
fba529c2-4474-439a-8540-647e934c2db0	8	32834588	39373140	3571	0.0127
fba529c2-4474-439a-8540-647e934c2db0	8	39378084	39529446	59	0.8948
fba529c2-4474-439a-8540-647e934c2db0	8	39530780	39648307	80	-0.011
fba529c2-4474-439a-8540-647e934c2db0	8	39648737	39654467	4	0.7137
fba529c2-4474-439a-8540-647e934c2db0	8	39658224	40324598	504	0.0023
fba529c2-4474-439a-8540-647e934c2db0	8	40326278	40331992	34	-1.015
fba529c2-4474-439a-8540-647e934c2db0	8	40335391	43800087	1934	0.0143
fba529c2-4474-439a-8540-647e934c2db0	8	43800170	46634473	217	0.1587
fba529c2-4474-439a-8540-647e934c2db0	8	46635727	63936340	10852	0.0041
fba529c2-4474-439a-8540-647e934c2db0	8	63936355	63936561	5	1.0025
fba529c2-4474-439a-8540-647e934c2db0	8	63936953	111282417	28306	0.0036
fba529c2-4474-439a-8540-647e934c2db0	8	111282441	111283016	5	-2.1605
fba529c2-4474-439a-8540-647e934c2db0	8	111283031	145072769	22880	0.0083
fba529c2-4474-439a-8540-647e934c2db0	9	46587	186580	17	0.4423
fba529c2-4474-439a-8540-647e934c2db0	9	192129	1540009	1628	0.0646
fba529c2-4474-439a-8540-647e934c2db0	9	1540138	6695986	4716	0.0059
fba529c2-4474-439a-8540-647e934c2db0	9	6701145	6708357	7	-1.0522
fba529c2-4474-439a-8540-647e934c2db0	9	6712314	7994225	1336	0.0271
fba529c2-4474-439a-8540-647e934c2db0	9	7995103	8012418	15	-1.0217
fba529c2-4474-439a-8540-647e934c2db0	9	8015209	10403105	2235	0.0117
fba529c2-4474-439a-8540-647e934c2db0	9	10404138	10420327	16	0.4538
fba529c2-4474-439a-8540-647e934c2db0	9	10423598	21104438	8847	0.0008
fba529c2-4474-439a-8540-647e934c2db0	9	21104447	21106902	2	-1.3456
fba529c2-4474-439a-8540-647e934c2db0	9	21107327	22004949	670	-0.0041
fba529c2-4474-439a-8540-647e934c2db0	9	22005206	22011393	8	0.5294
fba529c2-4474-439a-8540-647e934c2db0	9	22011478	23361807	887	-0.0024
fba529c2-4474-439a-8540-647e934c2db0	9	23363117	23373486	8	0.7807
fba529c2-4474-439a-8540-647e934c2db0	9	23378490	32113080	6436	0.0045
fba529c2-4474-439a-8540-647e934c2db0	9	32113140	32113152	2	-1.6216
fba529c2-4474-439a-8540-647e934c2db0	9	32113321	38808961	4221	0.0001
fba529c2-4474-439a-8540-647e934c2db0	9	38912300	39272359	36	0.1803
fba529c2-4474-439a-8540-647e934c2db0	9	39313823	39342828	4	-0.4399
fba529c2-4474-439a-8540-647e934c2db0	9	39455364	40018947	32	0.2459
fba529c2-4474-439a-8540-647e934c2db0	9	40099591	40228981	4	-0.9596
fba529c2-4474-439a-8540-647e934c2db0	9	40229601	40999325	28	0.0226
fba529c2-4474-439a-8540-647e934c2db0	9	41001662	41069539	14	-0.6206
fba529c2-4474-439a-8540-647e934c2db0	9	41079864	41639988	40	-0.0713
fba529c2-4474-439a-8540-647e934c2db0	9	41644133	42726239	64	0.7338
fba529c2-4474-439a-8540-647e934c2db0	9	42727685	61378951	41	0.2909
fba529c2-4474-439a-8540-647e934c2db0	9	61405110	61633080	30	0.7387
fba529c2-4474-439a-8540-647e934c2db0	9	61647899	63580418	39	0.1174
fba529c2-4474-439a-8540-647e934c2db0	9	63590317	63592813	7	2.4787
fba529c2-4474-439a-8540-647e934c2db0	9	63614182	64813222	70	0.1845
fba529c2-4474-439a-8540-647e934c2db0	9	64839518	64965577	13	-0.6128
fba529c2-4474-439a-8540-647e934c2db0	9	64965589	87907679	14226	-0.0029
fba529c2-4474-439a-8540-647e934c2db0	9	87939236	87939304	2	-2.1992
fba529c2-4474-439a-8540-647e934c2db0	9	87943042	137358495	33233	0.005
fba529c2-4474-439a-8540-647e934c2db0	9	137361190	137361381	3	-1.9108
fba529c2-4474-439a-8540-647e934c2db0	9	137378551	138177075	400	0.0257
fba529c2-4474-439a-8540-647e934c2db0	9	138177488	138200944	6	-0.3602
fba529c2-4474-439a-8540-647e934c2db0	10	45792	24088745	19155	0.0008
fba529c2-4474-439a-8540-647e934c2db0	10	24088746	24088753	6	-1.8683
fba529c2-4474-439a-8540-647e934c2db0	10	24088989	26934974	1986	0.0047
fba529c2-4474-439a-8540-647e934c2db0	10	26936975	26939421	8	-0.806
fba529c2-4474-439a-8540-647e934c2db0	10	26939492	41798237	7874	0.0021
fba529c2-4474-439a-8540-647e934c2db0	10	41806394	42335359	41	0.3479
fba529c2-4474-439a-8540-647e934c2db0	10	42339759	46525728	2552	0.0028
fba529c2-4474-439a-8540-647e934c2db0	10	46525759	46526248	10	-0.7532
fba529c2-4474-439a-8540-647e934c2db0	10	46526265	65546321	12699	0.0025
fba529c2-4474-439a-8540-647e934c2db0	10	65546400	65554672	29	-0.5994
fba529c2-4474-439a-8540-647e934c2db0	10	65554688	79689972	9232	0.006
fba529c2-4474-439a-8540-647e934c2db0	10	79736999	79838023	25	-0.7786
fba529c2-4474-439a-8540-647e934c2db0	10	79838299	80234421	213	0.0857
fba529c2-4474-439a-8540-647e934c2db0	10	80234562	80237322	2	-2.5893
fba529c2-4474-439a-8540-647e934c2db0	10	80237692	130568993	34786	0.0014
fba529c2-4474-439a-8540-647e934c2db0	10	130571002	131964282	1108	0.0572
fba529c2-4474-439a-8540-647e934c2db0	10	131965391	133654968	797	0.0185
fba529c2-4474-439a-8540-647e934c2db0	11	198510	4947280	2414	0.0292
fba529c2-4474-439a-8540-647e934c2db0	11	4949013	4952633	21	-0.3507
fba529c2-4474-439a-8540-647e934c2db0	11	4952648	5499745	543	0.016
fba529c2-4474-439a-8540-647e934c2db0	11	5500921	5502363	7	-0.5233
fba529c2-4474-439a-8540-647e934c2db0	11	5503234	5766850	240	-0.0224
fba529c2-4474-439a-8540-647e934c2db0	11	5766862	5806087	47	0.3095
fba529c2-4474-439a-8540-647e934c2db0	11	5807682	6086560	224	0.0088
fba529c2-4474-439a-8540-647e934c2db0	11	6087039	6100864	8	-1.1487
fba529c2-4474-439a-8540-647e934c2db0	11	6101273	49737304	30183	0.0076
fba529c2-4474-439a-8540-647e934c2db0	11	49738003	49739136	6	-0.9191
fba529c2-4474-439a-8540-647e934c2db0	11	49744609	55172866	514	0.0693
fba529c2-4474-439a-8540-647e934c2db0	11	55198132	55214735	6	-0.7991
fba529c2-4474-439a-8540-647e934c2db0	11	55241999	55593955	200	0.0947
fba529c2-4474-439a-8540-647e934c2db0	11	55595864	55685533	60	-0.6623
fba529c2-4474-439a-8540-647e934c2db0	11	55686100	67704674	6207	0.0055
fba529c2-4474-439a-8540-647e934c2db0	11	67704862	67981851	75	0.2637
fba529c2-4474-439a-8540-647e934c2db0	11	67996609	74648021	3462	0.0012
fba529c2-4474-439a-8540-647e934c2db0	11	74653516	74653521	2	-1.7893
fba529c2-4474-439a-8540-647e934c2db0	11	74653685	80256460	3493	0.0005
fba529c2-4474-439a-8540-647e934c2db0	11	80256469	80256520	3	0.842
fba529c2-4474-439a-8540-647e934c2db0	11	80256642	81786865	1299	-0.0012
fba529c2-4474-439a-8540-647e934c2db0	11	81787763	81806116	12	-0.5842
fba529c2-4474-439a-8540-647e934c2db0	11	81811590	87861598	4057	0.0037
fba529c2-4474-439a-8540-647e934c2db0	11	87861884	87862806	2	1.2592
fba529c2-4474-439a-8540-647e934c2db0	11	87864250	101723653	9892	0.005
fba529c2-4474-439a-8540-647e934c2db0	11	101727129	101727233	4	-0.8272
fba529c2-4474-439a-8540-647e934c2db0	11	101727481	107359993	3787	0.0117
fba529c2-4474-439a-8540-647e934c2db0	11	107367930	107368402	7	-0.6767
fba529c2-4474-439a-8540-647e934c2db0	11	107381636	132942041	18286	-0.0003
fba529c2-4474-439a-8540-647e934c2db0	11	132945318	133391029	368	0.0834
fba529c2-4474-439a-8540-647e934c2db0	11	133391883	134386911	684	-0.0018
fba529c2-4474-439a-8540-647e934c2db0	11	134388248	135074876	557	0.1013
fba529c2-4474-439a-8540-647e934c2db0	12	51460	495601	248	0.107
fba529c2-4474-439a-8540-647e934c2db0	12	496708	496811	4	-0.679
fba529c2-4474-439a-8540-647e934c2db0	12	500375	756804	163	0.073
fba529c2-4474-439a-8540-647e934c2db0	12	759943	764863	18	-1.0162
fba529c2-4474-439a-8540-647e934c2db0	12	766188	2696466	1281	-0.0081
fba529c2-4474-439a-8540-647e934c2db0	12	2705239	2710874	2	1.141
fba529c2-4474-439a-8540-647e934c2db0	12	2711910	3627162	647	0.0265
fba529c2-4474-439a-8540-647e934c2db0	12	3629528	3634162	5	-0.6377
fba529c2-4474-439a-8540-647e934c2db0	12	3634309	4450862	692	-0.0066
fba529c2-4474-439a-8540-647e934c2db0	12	4453987	4454644	3	-1.1235
fba529c2-4474-439a-8540-647e934c2db0	12	4455026	8241781	2478	0.0019
fba529c2-4474-439a-8540-647e934c2db0	12	8249238	8442298	68	0.263
fba529c2-4474-439a-8540-647e934c2db0	12	8442935	9343806	498	0.0049
fba529c2-4474-439a-8540-647e934c2db0	12	9344385	9562969	82	0.2565
fba529c2-4474-439a-8540-647e934c2db0	12	9575696	21650417	8166	0.0045
fba529c2-4474-439a-8540-647e934c2db0	12	21650506	21651074	2	-1.3338
fba529c2-4474-439a-8540-647e934c2db0	12	21651822	33141726	8383	0.0041
fba529c2-4474-439a-8540-647e934c2db0	12	33148472	33155426	28	-0.6534
fba529c2-4474-439a-8540-647e934c2db0	12	33155453	38342001	1043	0.0391
fba529c2-4474-439a-8540-647e934c2db0	12	38342923	42899425	2966	-0.0011
fba529c2-4474-439a-8540-647e934c2db0	12	42900595	42932732	37	0.3045
fba529c2-4474-439a-8540-647e934c2db0	12	42933578	51360586	4673	0.0023
fba529c2-4474-439a-8540-647e934c2db0	12	51366652	51366805	2	-1.4322
fba529c2-4474-439a-8540-647e934c2db0	12	51367807	70478078	11999	0.0019
fba529c2-4474-439a-8540-647e934c2db0	12	70478895	70485605	10	-0.5862
fba529c2-4474-439a-8540-647e934c2db0	12	70485653	126282907	35930	0.0024
fba529c2-4474-439a-8540-647e934c2db0	12	126283286	131292887	4386	0.0384
fba529c2-4474-439a-8540-647e934c2db0	12	131309623	131330777	12	0.5568
fba529c2-4474-439a-8540-647e934c2db0	12	131331668	131636170	305	0.0106
fba529c2-4474-439a-8540-647e934c2db0	12	131648039	131648790	13	-2.4991
fba529c2-4474-439a-8540-647e934c2db0	12	131657925	133201603	558	0.0084
fba529c2-4474-439a-8540-647e934c2db0	13	18452809	18876666	100	0.1457
fba529c2-4474-439a-8540-647e934c2db0	13	18876681	19526387	412	-0.009
fba529c2-4474-439a-8540-647e934c2db0	13	19526647	19530371	4	0.8878
fba529c2-4474-439a-8540-647e934c2db0	13	19531183	23055048	2334	0.0114
fba529c2-4474-439a-8540-647e934c2db0	13	23055071	23059376	13	-0.8663
fba529c2-4474-439a-8540-647e934c2db0	13	23064056	71902850	32110	0.0023
fba529c2-4474-439a-8540-647e934c2db0	13	71903417	71906418	4	1.4876
fba529c2-4474-439a-8540-647e934c2db0	13	71906467	85013392	8834	0.0009
fba529c2-4474-439a-8540-647e934c2db0	13	85015842	85017536	2	1.1639
fba529c2-4474-439a-8540-647e934c2db0	13	85017630	90392020	3149	-0.0037
fba529c2-4474-439a-8540-647e934c2db0	13	90392291	90392726	2	-1.3463
fba529c2-4474-439a-8540-647e934c2db0	13	90395093	105370372	10669	0.0041
fba529c2-4474-439a-8540-647e934c2db0	13	105370636	105374205	2	-1.8182
fba529c2-4474-439a-8540-647e934c2db0	13	105374508	114062415	6255	0.0066
fba529c2-4474-439a-8540-647e934c2db0	13	114071975	114072043	3	1.2574
fba529c2-4474-439a-8540-647e934c2db0	13	114072232	114072313	4	-0.5116
fba529c2-4474-439a-8540-647e934c2db0	13	114073967	114342922	122	0.0318
fba529c2-4474-439a-8540-647e934c2db0	14	18239283	19078442	32	0.1635
fba529c2-4474-439a-8540-647e934c2db0	14	19110634	19954424	134	0.8299
fba529c2-4474-439a-8540-647e934c2db0	14	19955213	21960136	1389	0.0001
fba529c2-4474-439a-8540-647e934c2db0	14	21965209	22208199	205	-0.3878
fba529c2-4474-439a-8540-647e934c2db0	14	22209244	22490482	219	-0.6271
fba529c2-4474-439a-8540-647e934c2db0	14	22490565	22505269	33	-0.3328
fba529c2-4474-439a-8540-647e934c2db0	14	22505306	26294421	2440	0.0072
fba529c2-4474-439a-8540-647e934c2db0	14	26300516	26300519	3	0.9951
fba529c2-4474-439a-8540-647e934c2db0	14	26300708	41139155	9269	0.0036
fba529c2-4474-439a-8540-647e934c2db0	14	41141293	41168612	12	-1.0188
fba529c2-4474-439a-8540-647e934c2db0	14	41184774	67061500	16213	0.0058
fba529c2-4474-439a-8540-647e934c2db0	14	67066556	67074531	5	-1.195
fba529c2-4474-439a-8540-647e934c2db0	14	67076615	69547262	1566	0.0006
fba529c2-4474-439a-8540-647e934c2db0	14	69551330	69555750	9	-0.8174
fba529c2-4474-439a-8540-647e934c2db0	14	69555996	73529070	2615	-0.0025
fba529c2-4474-439a-8540-647e934c2db0	14	73534419	73550834	8	-1.6758
fba529c2-4474-439a-8540-647e934c2db0	14	73554275	86636251	8700	0.0089
fba529c2-4474-439a-8540-647e934c2db0	14	86637327	86637353	2	-1.3497
fba529c2-4474-439a-8540-647e934c2db0	14	86643224	106258891	12114	0.0049
fba529c2-4474-439a-8540-647e934c2db0	14	106260759	106416146	71	-0.2444
fba529c2-4474-439a-8540-647e934c2db0	14	106418444	106462183	49	-0.7862
fba529c2-4474-439a-8540-647e934c2db0	14	106462724	106877229	195	0.044
fba529c2-4474-439a-8540-647e934c2db0	15	19811075	20026653	47	0.1234
fba529c2-4474-439a-8540-647e934c2db0	15	20041119	22299523	158	0.5389
fba529c2-4474-439a-8540-647e934c2db0	15	22385639	24010097	788	0.0026
fba529c2-4474-439a-8540-647e934c2db0	15	24012784	24017805	7	-1.0757
fba529c2-4474-439a-8540-647e934c2db0	15	24018594	24247869	127	0.0829
fba529c2-4474-439a-8540-647e934c2db0	15	24248497	24263561	7	-0.6549
fba529c2-4474-439a-8540-647e934c2db0	15	24266888	24840523	330	0.05
fba529c2-4474-439a-8540-647e934c2db0	15	24847119	24868491	27	-1.0978
fba529c2-4474-439a-8540-647e934c2db0	15	24874807	92603379	42969	0.0044
fba529c2-4474-439a-8540-647e934c2db0	15	92605175	92605852	3	-1.5372
fba529c2-4474-439a-8540-647e934c2db0	15	92606174	101928837	7002	0.0128
fba529c2-4474-439a-8540-647e934c2db0	16	10777	12612617	9509	0.0216
fba529c2-4474-439a-8540-647e934c2db0	16	12612630	12612645	3	-2.1135
fba529c2-4474-439a-8540-647e934c2db0	16	12612656	14562926	1526	0.0121
fba529c2-4474-439a-8540-647e934c2db0	16	14564415	17851931	1517	0.0794
fba529c2-4474-439a-8540-647e934c2db0	16	17853270	21693999	1904	0.0156
fba529c2-4474-439a-8540-647e934c2db0	16	21694303	21989414	75	0.2228
fba529c2-4474-439a-8540-647e934c2db0	16	21989552	22430653	220	0.0326
fba529c2-4474-439a-8540-647e934c2db0	16	22430699	22786531	152	0.1502
fba529c2-4474-439a-8540-647e934c2db0	16	22787674	55762682	12007	0.0078
fba529c2-4474-439a-8540-647e934c2db0	16	55764310	55764867	3	2.7018
fba529c2-4474-439a-8540-647e934c2db0	16	55770436	71321410	9152	0.005
fba529c2-4474-439a-8540-647e934c2db0	16	71322232	71325697	4	-1.2845
fba529c2-4474-439a-8540-647e934c2db0	16	71327558	78338543	5117	0.0095
fba529c2-4474-439a-8540-647e934c2db0	16	78338714	78350868	16	0.8137
fba529c2-4474-439a-8540-647e934c2db0	16	78351104	81118937	3185	0.0253
fba529c2-4474-439a-8540-647e934c2db0	16	81119313	81199813	88	0.2025
fba529c2-4474-439a-8540-647e934c2db0	16	81199942	83993072	3043	0.018
fba529c2-4474-439a-8540-647e934c2db0	16	83995067	84847871	782	0.0844
fba529c2-4474-439a-8540-647e934c2db0	16	84851699	90096867	3500	0.0206
fba529c2-4474-439a-8540-647e934c2db0	17	150733	205870	27	0.0833
fba529c2-4474-439a-8540-647e934c2db0	17	209273	209352	2	-1.3804
fba529c2-4474-439a-8540-647e934c2db0	17	209373	6197464	3327	0.0281
fba529c2-4474-439a-8540-647e934c2db0	17	6197476	6197491	2	-2.5959
fba529c2-4474-439a-8540-647e934c2db0	17	6197723	7354708	722	0.011
fba529c2-4474-439a-8540-647e934c2db0	17	7362030	7362487	2	-2.2147
fba529c2-4474-439a-8540-647e934c2db0	17	7363157	14240711	4815	0.0071
fba529c2-4474-439a-8540-647e934c2db0	17	14241663	15251740	893	0.0833
fba529c2-4474-439a-8540-647e934c2db0	17	15251978	15571773	200	0.0256
fba529c2-4474-439a-8540-647e934c2db0	17	15576622	15599753	9	-0.4907
fba529c2-4474-439a-8540-647e934c2db0	17	15600682	15754770	32	0.1143
fba529c2-4474-439a-8540-647e934c2db0	17	15755665	15756100	3	-0.9769
fba529c2-4474-439a-8540-647e934c2db0	17	15761790	33041757	5776	0.011
fba529c2-4474-439a-8540-647e934c2db0	17	33042038	33042039	2	-1.7004
fba529c2-4474-439a-8540-647e934c2db0	17	33042911	33669214	631	0.001
fba529c2-4474-439a-8540-647e934c2db0	17	33672118	34611015	898	0.0762
fba529c2-4474-439a-8540-647e934c2db0	17	34616624	41265456	3461	0.0093
fba529c2-4474-439a-8540-647e934c2db0	17	41266762	41274198	23	-1.3944
fba529c2-4474-439a-8540-647e934c2db0	17	41274279	46113318	2515	0.0124
fba529c2-4474-439a-8540-647e934c2db0	17	46113719	46323701	108	-0.3696
fba529c2-4474-439a-8540-647e934c2db0	17	46351954	46446360	3	1.1293
fba529c2-4474-439a-8540-647e934c2db0	17	46569894	49859954	1622	-0.0026
fba529c2-4474-439a-8540-647e934c2db0	17	49861110	49864510	3	-1.1028
fba529c2-4474-439a-8540-647e934c2db0	17	49865012	60857517	6997	0.0012
fba529c2-4474-439a-8540-647e934c2db0	17	60860442	60865733	4	-0.9433
fba529c2-4474-439a-8540-647e934c2db0	17	60868611	73814867	8152	0
fba529c2-4474-439a-8540-647e934c2db0	17	73817489	74658847	547	0.0941
fba529c2-4474-439a-8540-647e934c2db0	17	74660070	83091923	4212	0.016
fba529c2-4474-439a-8540-647e934c2db0	18	48133	1869642	1287	0.0177
fba529c2-4474-439a-8540-647e934c2db0	18	1870347	2017146	144	0.136
fba529c2-4474-439a-8540-647e934c2db0	18	2020210	5960674	2785	-0.0026
fba529c2-4474-439a-8540-647e934c2db0	18	5961068	6086901	121	0.1939
fba529c2-4474-439a-8540-647e934c2db0	18	6088173	14090897	5687	-0.0017
fba529c2-4474-439a-8540-647e934c2db0	18	14090994	15291710	353	0.099
fba529c2-4474-439a-8540-647e934c2db0	18	15294028	28608034	4661	0.0001
fba529c2-4474-439a-8540-647e934c2db0	18	28608092	28616166	12	-0.5951
fba529c2-4474-439a-8540-647e934c2db0	18	28616668	39077478	6719	0.0028
fba529c2-4474-439a-8540-647e934c2db0	18	39077803	39078088	3	-1.02
fba529c2-4474-439a-8540-647e934c2db0	18	39081996	44396989	3361	0.0114
fba529c2-4474-439a-8540-647e934c2db0	18	44397278	44398660	4	-1.3115
fba529c2-4474-439a-8540-647e934c2db0	18	44402706	61591375	11966	0.0075
fba529c2-4474-439a-8540-647e934c2db0	18	61591502	61593235	2	-1.2387
fba529c2-4474-439a-8540-647e934c2db0	18	61593845	66239629	3284	0.0006
fba529c2-4474-439a-8540-647e934c2db0	18	66240197	66244352	10	-0.9397
fba529c2-4474-439a-8540-647e934c2db0	18	66244639	80257174	10245	0.0079
fba529c2-4474-439a-8540-647e934c2db0	19	90910	14928127	6087	0.0098
fba529c2-4474-439a-8540-647e934c2db0	19	14934380	14938487	3	-1.4349
fba529c2-4474-439a-8540-647e934c2db0	19	14940475	19702210	2388	0.0032
fba529c2-4474-439a-8540-647e934c2db0	19	19704153	20653084	570	0.0942
fba529c2-4474-439a-8540-647e934c2db0	19	20653936	21632117	546	-0.0043
fba529c2-4474-439a-8540-647e934c2db0	19	21632838	21639520	6	0.7712
fba529c2-4474-439a-8540-647e934c2db0	19	21642962	23971174	1347	0.0089
fba529c2-4474-439a-8540-647e934c2db0	19	23975259	27786591	290	0.1156
fba529c2-4474-439a-8540-647e934c2db0	19	27787381	36267995	5905	0.0091
fba529c2-4474-439a-8540-647e934c2db0	19	36314803	36316398	3	-0.9865
fba529c2-4474-439a-8540-647e934c2db0	19	36334346	36336781	4	-0.2466
fba529c2-4474-439a-8540-647e934c2db0	19	36339409	36356542	11	0.4685
fba529c2-4474-439a-8540-647e934c2db0	19	36356596	37849175	759	0.0107
fba529c2-4474-439a-8540-647e934c2db0	19	37850859	37853577	3	-1.143
fba529c2-4474-439a-8540-647e934c2db0	19	37855094	42786621	2471	0.0049
fba529c2-4474-439a-8540-647e934c2db0	19	42790238	43030754	110	-0.6945
fba529c2-4474-439a-8540-647e934c2db0	19	43033226	54819199	6278	0.0251
fba529c2-4474-439a-8540-647e934c2db0	19	54822372	54862363	19	0.4876
fba529c2-4474-439a-8540-647e934c2db0	19	54866553	55771003	437	-0.0061
fba529c2-4474-439a-8540-647e934c2db0	19	55771169	55771701	3	-3.904
fba529c2-4474-439a-8540-647e934c2db0	19	55774927	58586487	1838	0.0082
fba529c2-4474-439a-8540-647e934c2db0	20	80664	1580305	1201	0.0313
fba529c2-4474-439a-8540-647e934c2db0	20	1580353	1601561	37	-0.6765
fba529c2-4474-439a-8540-647e934c2db0	20	1609611	1613247	5	-2.3681
fba529c2-4474-439a-8540-647e934c2db0	20	1617300	4056881	1690	0.0121
fba529c2-4474-439a-8540-647e934c2db0	20	4056980	4060093	6	-0.7535
fba529c2-4474-439a-8540-647e934c2db0	20	4060116	26243033	17019	0.0082
fba529c2-4474-439a-8540-647e934c2db0	20	26243271	31247668	84	0.2204
fba529c2-4474-439a-8540-647e934c2db0	20	31250815	38244563	3565	-0.0018
fba529c2-4474-439a-8540-647e934c2db0	20	38247781	38249939	3	-1.3803
fba529c2-4474-439a-8540-647e934c2db0	20	38250447	64324800	18712	0.0062
fba529c2-4474-439a-8540-647e934c2db0	21	10354168	13197963	115	0.2796
fba529c2-4474-439a-8540-647e934c2db0	21	13197978	13823535	162	0.0422
fba529c2-4474-439a-8540-647e934c2db0	21	13830677	13974127	44	0.2212
fba529c2-4474-439a-8540-647e934c2db0	21	13975300	19269246	3701	-0.0045
fba529c2-4474-439a-8540-647e934c2db0	21	19269283	19269657	6	-1.1911
fba529c2-4474-439a-8540-647e934c2db0	21	19270989	46268308	19521	-0.0005
fba529c2-4474-439a-8540-647e934c2db0	21	46269820	46677045	278	0.0924
fba529c2-4474-439a-8540-647e934c2db0	22	15294547	17014661	301	0.1073
fba529c2-4474-439a-8540-647e934c2db0	22	17018144	17018618	2	1.689
fba529c2-4474-439a-8540-647e934c2db0	22	17019000	23981995	4089	0.0623
fba529c2-4474-439a-8540-647e934c2db0	22	23987520	23990431	4	-1.1043
fba529c2-4474-439a-8540-647e934c2db0	22	23990739	36137894	9171	0.0077
fba529c2-4474-439a-8540-647e934c2db0	22	36142329	36320269	139	0.1545
fba529c2-4474-439a-8540-647e934c2db0	22	36320356	44015153	4459	0.0089
fba529c2-4474-439a-8540-647e934c2db0	22	44018053	44022159	5	-0.9395
fba529c2-4474-439a-8540-647e934c2db0	22	44025683	48943499	3900	0.0087
fba529c2-4474-439a-8540-647e934c2db0	22	48950112	50796027	1184	0.0621
fba529c2-4474-439a-8540-647e934c2db0	X	251810	124491975	65025	0.0116
fba529c2-4474-439a-8540-647e934c2db0	X	124493576	124493690	2	-4.0256
fba529c2-4474-439a-8540-647e934c2db0	X	124494371	131676029	4022	0.0042
fba529c2-4474-439a-8540-647e934c2db0	X	131681072	131839353	102	1.0689
fba529c2-4474-439a-8540-647e934c2db0	X	131845588	155952689	14179	0.0103
fba529c2-4474-439a-8540-647e934c2db0	Y	2782397	7864256	1413	-1.0454
fba529c2-4474-439a-8540-647e934c2db0	Y	7867791	9327138	813	-0.9604
fba529c2-4474-439a-8540-647e934c2db0	Y	9329696	9550385	23	-0.5773
fba529c2-4474-439a-8540-647e934c2db0	Y	9550653	11872444	243	-0.9618
fba529c2-4474-439a-8540-647e934c2db0	Y	11873107	20046753	3250	-1.0499
fba529c2-4474-439a-8540-647e934c2db0	Y	20052335	20304197	9	-0.2811
fba529c2-4474-439a-8540-647e934c2db0	Y	20327471	22169542	592	-1.0213
fba529c2-4474-439a-8540-647e934c2db0	Y	22196203	22197200	2	-2.6766
fba529c2-4474-439a-8540-647e934c2db0	Y	22213784	56872112	294	-0.9804
