GDC_Aliquot	Chromosome	Start	End	Num_Probes	Segment_Mean
16b838d7-1f64-4878-bfa6-c6cddfb0e27a	1	62920	266187	17	0.0133
16b838d7-1f64-4878-bfa6-c6cddfb0e27a	1	462795	462894	2	2.7565
16b838d7-1f64-4878-bfa6-c6cddfb0e27a	1	599171	3257446	702	0.0946
16b838d7-1f64-4878-bfa6-c6cddfb0e27a	1	3259074	10307151	4446	-0.0292
16b838d7-1f64-4878-bfa6-c6cddfb0e27a	1	10307286	10317925	19	0.682
16b838d7-1f64-4878-bfa6-c6cddfb0e27a	1	10321714	15163114	2729	-0.0114
16b838d7-1f64-4878-bfa6-c6cddfb0e27a	1	15163129	15169338	13	0.586
16b838d7-1f64-4878-bfa6-c6cddfb0e27a	1	15169409	15203833	41	0.0015
16b838d7-1f64-4878-bfa6-c6cddfb0e27a	1	15212530	15212763	2	-1.658
16b838d7-1f64-4878-bfa6-c6cddfb0e27a	1	15214577	15827259	376	0.006
16b838d7-1f64-4878-bfa6-c6cddfb0e27a	1	15827338	15828515	7	-1.0787
16b838d7-1f64-4878-bfa6-c6cddfb0e27a	1	15839166	72303233	34453	0.0019
16b838d7-1f64-4878-bfa6-c6cddfb0e27a	1	72303253	72345465	45	-1.7474
16b838d7-1f64-4878-bfa6-c6cddfb0e27a	1	72346221	109080495	23339	0.019
16b838d7-1f64-4878-bfa6-c6cddfb0e27a	1	109097065	109124298	12	-0.8261
16b838d7-1f64-4878-bfa6-c6cddfb0e27a	1	109129593	109690352	271	0.0376
16b838d7-1f64-4878-bfa6-c6cddfb0e27a	1	109690415	109697556	12	-1.4971
16b838d7-1f64-4878-bfa6-c6cddfb0e27a	1	109702376	110823480	826	0.01
16b838d7-1f64-4878-bfa6-c6cddfb0e27a	1	110827750	110828115	6	-1.0489
16b838d7-1f64-4878-bfa6-c6cddfb0e27a	1	110831471	110833598	4	0.1476
16b838d7-1f64-4878-bfa6-c6cddfb0e27a	1	110834746	110836273	6	-2.2284
16b838d7-1f64-4878-bfa6-c6cddfb0e27a	1	110836443	110836704	6	-4.7822
16b838d7-1f64-4878-bfa6-c6cddfb0e27a	1	110836709	110845604	27	-2.5925
16b838d7-1f64-4878-bfa6-c6cddfb0e27a	1	110849445	111291443	349	-0.0035
16b838d7-1f64-4878-bfa6-c6cddfb0e27a	1	111291446	111291498	4	-1.1956
16b838d7-1f64-4878-bfa6-c6cddfb0e27a	1	111291716	112125997	710	0.0004
16b838d7-1f64-4878-bfa6-c6cddfb0e27a	1	112126014	112154768	38	0.3061
16b838d7-1f64-4878-bfa6-c6cddfb0e27a	1	112163334	112163576	10	-0.8589
16b838d7-1f64-4878-bfa6-c6cddfb0e27a	1	112163583	120130434	5047	0.0072
16b838d7-1f64-4878-bfa6-c6cddfb0e27a	1	120130581	120141112	3	-1.5743
16b838d7-1f64-4878-bfa6-c6cddfb0e27a	1	120144437	143494500	106	-0.0107
16b838d7-1f64-4878-bfa6-c6cddfb0e27a	1	143541857	143890323	120	-0.7813
16b838d7-1f64-4878-bfa6-c6cddfb0e27a	1	143893019	147379965	440	0.0623
16b838d7-1f64-4878-bfa6-c6cddfb0e27a	1	147380442	147396281	11	-0.7785
16b838d7-1f64-4878-bfa6-c6cddfb0e27a	1	147397751	152583051	1871	0.0343
16b838d7-1f64-4878-bfa6-c6cddfb0e27a	1	152583230	152613242	29	-0.5077
16b838d7-1f64-4878-bfa6-c6cddfb0e27a	1	152613641	152790286	187	-0.0277
16b838d7-1f64-4878-bfa6-c6cddfb0e27a	1	152790414	152795487	17	-0.6954
16b838d7-1f64-4878-bfa6-c6cddfb0e27a	1	152795783	169247699	11296	0.005
16b838d7-1f64-4878-bfa6-c6cddfb0e27a	1	169264736	169272528	7	-3.3352
16b838d7-1f64-4878-bfa6-c6cddfb0e27a	1	169273163	171048569	1239	0.0077
16b838d7-1f64-4878-bfa6-c6cddfb0e27a	1	171051341	171055227	2	-2.9369
16b838d7-1f64-4878-bfa6-c6cddfb0e27a	1	171055733	174827267	2280	0.0127
16b838d7-1f64-4878-bfa6-c6cddfb0e27a	1	174827418	174832869	20	-0.8432
16b838d7-1f64-4878-bfa6-c6cddfb0e27a	1	174832902	178689682	2508	0.0182
16b838d7-1f64-4878-bfa6-c6cddfb0e27a	1	178690798	178693522	17	0.6159
16b838d7-1f64-4878-bfa6-c6cddfb0e27a	1	178693533	178699520	11	-0.5957
16b838d7-1f64-4878-bfa6-c6cddfb0e27a	1	178699557	193244025	9813	0.0256
16b838d7-1f64-4878-bfa6-c6cddfb0e27a	1	193244038	193271262	13	-0.7101
16b838d7-1f64-4878-bfa6-c6cddfb0e27a	1	193276783	195120510	1227	0.01
16b838d7-1f64-4878-bfa6-c6cddfb0e27a	1	195120646	195120689	2	-1.4767
16b838d7-1f64-4878-bfa6-c6cddfb0e27a	1	195124863	195859381	473	0.0011
16b838d7-1f64-4878-bfa6-c6cddfb0e27a	1	195861202	195861806	3	-1.5359
16b838d7-1f64-4878-bfa6-c6cddfb0e27a	1	195863534	196729169	563	0.0208
16b838d7-1f64-4878-bfa6-c6cddfb0e27a	1	196729184	196736037	5	-1.1022
16b838d7-1f64-4878-bfa6-c6cddfb0e27a	1	196736126	238193777	28404	0.0063
16b838d7-1f64-4878-bfa6-c6cddfb0e27a	1	238195156	238195286	2	-1.7603
16b838d7-1f64-4878-bfa6-c6cddfb0e27a	1	238196414	241220203	2397	0.0063
16b838d7-1f64-4878-bfa6-c6cddfb0e27a	1	241220481	246425428	3639	-0.0465
16b838d7-1f64-4878-bfa6-c6cddfb0e27a	1	246426700	248930189	1467	0.0294
16b838d7-1f64-4878-bfa6-c6cddfb0e27a	2	12784	1123366	760	0.0774
16b838d7-1f64-4878-bfa6-c6cddfb0e27a	2	1123541	1123734	2	-2.11
16b838d7-1f64-4878-bfa6-c6cddfb0e27a	2	1125692	4158097	2226	-0.0011
16b838d7-1f64-4878-bfa6-c6cddfb0e27a	2	4166274	4174418	29	-0.6861
16b838d7-1f64-4878-bfa6-c6cddfb0e27a	2	4174569	106258266	63628	0.0211
16b838d7-1f64-4878-bfa6-c6cddfb0e27a	2	106263639	106268901	12	-2.4081
16b838d7-1f64-4878-bfa6-c6cddfb0e27a	2	106270799	150174288	26125	0.0247
16b838d7-1f64-4878-bfa6-c6cddfb0e27a	2	150174937	150181218	5	-1.4683
16b838d7-1f64-4878-bfa6-c6cddfb0e27a	2	150182694	179548644	18237	0.0268
16b838d7-1f64-4878-bfa6-c6cddfb0e27a	2	179553484	179557142	26	0.5094
16b838d7-1f64-4878-bfa6-c6cddfb0e27a	2	179557161	207481338	16444	0.0229
16b838d7-1f64-4878-bfa6-c6cddfb0e27a	2	207485210	207495422	31	0.6877
16b838d7-1f64-4878-bfa6-c6cddfb0e27a	2	207495498	242147305	22092	0.0064
16b838d7-1f64-4878-bfa6-c6cddfb0e27a	3	20930	162991006	102964	0.0082
16b838d7-1f64-4878-bfa6-c6cddfb0e27a	3	162996729	163001774	3	-2.3311
16b838d7-1f64-4878-bfa6-c6cddfb0e27a	3	163008371	175362822	7585	0.0144
16b838d7-1f64-4878-bfa6-c6cddfb0e27a	3	175362958	175363437	4	-2.1276
16b838d7-1f64-4878-bfa6-c6cddfb0e27a	3	175363536	193156958	11516	0.0036
16b838d7-1f64-4878-bfa6-c6cddfb0e27a	3	193160113	193163053	12	1.0437
16b838d7-1f64-4878-bfa6-c6cddfb0e27a	3	193164615	197352955	2306	-0.0624
16b838d7-1f64-4878-bfa6-c6cddfb0e27a	3	197354814	198169247	396	0.0593
16b838d7-1f64-4878-bfa6-c6cddfb0e27a	4	68929	1060521	359	0.1331
16b838d7-1f64-4878-bfa6-c6cddfb0e27a	4	1064330	9499750	4814	-0.0274
16b838d7-1f64-4878-bfa6-c6cddfb0e27a	4	9507970	9508238	2	1.9258
16b838d7-1f64-4878-bfa6-c6cddfb0e27a	4	9516340	10197209	501	-0.0226
16b838d7-1f64-4878-bfa6-c6cddfb0e27a	4	10197292	10208766	32	0.1438
16b838d7-1f64-4878-bfa6-c6cddfb0e27a	4	10212536	10222224	4	1.0579
16b838d7-1f64-4878-bfa6-c6cddfb0e27a	4	10227159	10227684	11	0.1507
16b838d7-1f64-4878-bfa6-c6cddfb0e27a	4	10228006	10234518	22	0.8706
16b838d7-1f64-4878-bfa6-c6cddfb0e27a	4	10236812	10267665	37	-0.0735
16b838d7-1f64-4878-bfa6-c6cddfb0e27a	4	10268386	10279065	26	0.2326
16b838d7-1f64-4878-bfa6-c6cddfb0e27a	4	10279517	10389091	107	-0.064
16b838d7-1f64-4878-bfa6-c6cddfb0e27a	4	10390730	10398532	14	-0.9753
16b838d7-1f64-4878-bfa6-c6cddfb0e27a	4	10398887	34784878	16799	0.0089
16b838d7-1f64-4878-bfa6-c6cddfb0e27a	4	34785333	34823103	37	-2.9738
16b838d7-1f64-4878-bfa6-c6cddfb0e27a	4	34828250	38563417	2655	0.0204
16b838d7-1f64-4878-bfa6-c6cddfb0e27a	4	38563624	38567754	4	-2.1098
16b838d7-1f64-4878-bfa6-c6cddfb0e27a	4	38567941	48095161	5684	0.0268
16b838d7-1f64-4878-bfa6-c6cddfb0e27a	4	48095383	48105987	5	-1.0142
16b838d7-1f64-4878-bfa6-c6cddfb0e27a	4	48107324	48180232	124	0.0442
16b838d7-1f64-4878-bfa6-c6cddfb0e27a	4	48184525	48188569	19	-0.5738
16b838d7-1f64-4878-bfa6-c6cddfb0e27a	4	48188914	48521757	258	0.009
16b838d7-1f64-4878-bfa6-c6cddfb0e27a	4	48522355	48552932	12	-0.6743
16b838d7-1f64-4878-bfa6-c6cddfb0e27a	4	48556219	64955970	8503	0.0182
16b838d7-1f64-4878-bfa6-c6cddfb0e27a	4	64958316	64965030	9	-0.9681
16b838d7-1f64-4878-bfa6-c6cddfb0e27a	4	64965217	64969531	10	0.051
16b838d7-1f64-4878-bfa6-c6cddfb0e27a	4	64969642	64978333	12	-0.6605
16b838d7-1f64-4878-bfa6-c6cddfb0e27a	4	64978716	68418873	2162	0.0099
16b838d7-1f64-4878-bfa6-c6cddfb0e27a	4	68422420	68422424	3	-1.8666
16b838d7-1f64-4878-bfa6-c6cddfb0e27a	4	68429081	68494770	10	0.0706
16b838d7-1f64-4878-bfa6-c6cddfb0e27a	4	68501424	68615175	59	0.7743
16b838d7-1f64-4878-bfa6-c6cddfb0e27a	4	68615205	69523998	487	0.0734
16b838d7-1f64-4878-bfa6-c6cddfb0e27a	4	69524143	69525061	2	-2.5411
16b838d7-1f64-4878-bfa6-c6cddfb0e27a	4	69526170	92420402	14154	0.0096
16b838d7-1f64-4878-bfa6-c6cddfb0e27a	4	92429186	92436023	2	-2.3273
16b838d7-1f64-4878-bfa6-c6cddfb0e27a	4	92437812	105303103	7593	0.0191
16b838d7-1f64-4878-bfa6-c6cddfb0e27a	4	105305492	105305590	2	-2.2915
16b838d7-1f64-4878-bfa6-c6cddfb0e27a	4	105306855	111376259	3616	0.0117
16b838d7-1f64-4878-bfa6-c6cddfb0e27a	4	111376338	111385924	17	0.5712
16b838d7-1f64-4878-bfa6-c6cddfb0e27a	4	111386201	111393889	18	-0.0561
16b838d7-1f64-4878-bfa6-c6cddfb0e27a	4	111397300	111405119	4	-0.9633
16b838d7-1f64-4878-bfa6-c6cddfb0e27a	4	111405663	114258499	1843	0.0208
16b838d7-1f64-4878-bfa6-c6cddfb0e27a	4	114260238	114261019	4	1.6759
16b838d7-1f64-4878-bfa6-c6cddfb0e27a	4	114263073	137171085	13247	0.0177
16b838d7-1f64-4878-bfa6-c6cddfb0e27a	4	137171266	137173818	15	-0.85
16b838d7-1f64-4878-bfa6-c6cddfb0e27a	4	137173967	172066777	21817	0.0175
16b838d7-1f64-4878-bfa6-c6cddfb0e27a	4	172067997	172068382	12	-1.5215
16b838d7-1f64-4878-bfa6-c6cddfb0e27a	4	172074828	172507320	236	-0.0325
16b838d7-1f64-4878-bfa6-c6cddfb0e27a	4	172507437	172507492	2	2.0114
16b838d7-1f64-4878-bfa6-c6cddfb0e27a	4	172519981	179367967	4297	0.0197
16b838d7-1f64-4878-bfa6-c6cddfb0e27a	4	179370056	179370170	2	-2.043
16b838d7-1f64-4878-bfa6-c6cddfb0e27a	4	179370801	182622718	2567	0.0126
16b838d7-1f64-4878-bfa6-c6cddfb0e27a	4	182624436	182642993	18	-0.6802
16b838d7-1f64-4878-bfa6-c6cddfb0e27a	4	182643855	188300104	3821	-0.0153
16b838d7-1f64-4878-bfa6-c6cddfb0e27a	4	188300206	188300270	3	3.7023
16b838d7-1f64-4878-bfa6-c6cddfb0e27a	4	188300285	190106768	1143	0.0155
16b838d7-1f64-4878-bfa6-c6cddfb0e27a	5	15532	1860858	910	0.1129
16b838d7-1f64-4878-bfa6-c6cddfb0e27a	5	1861035	10139163	7347	-0.0369
16b838d7-1f64-4878-bfa6-c6cddfb0e27a	5	10140666	19419700	6298	0.0183
16b838d7-1f64-4878-bfa6-c6cddfb0e27a	5	19419717	19423183	3	-1.9522
16b838d7-1f64-4878-bfa6-c6cddfb0e27a	5	19423885	26789387	4305	0.0185
16b838d7-1f64-4878-bfa6-c6cddfb0e27a	5	26797651	26797735	2	-2.391
16b838d7-1f64-4878-bfa6-c6cddfb0e27a	5	26803775	63772769	20680	0.0148
16b838d7-1f64-4878-bfa6-c6cddfb0e27a	5	63773255	63818580	25	0.5571
16b838d7-1f64-4878-bfa6-c6cddfb0e27a	5	63819051	69550476	3533	0.0081
16b838d7-1f64-4878-bfa6-c6cddfb0e27a	5	69571467	71095426	25	-0.5676
16b838d7-1f64-4878-bfa6-c6cddfb0e27a	5	71358245	99720235	16725	0.0139
16b838d7-1f64-4878-bfa6-c6cddfb0e27a	5	99720841	99742919	8	-1.0204
16b838d7-1f64-4878-bfa6-c6cddfb0e27a	5	99746052	104524672	2794	0.0167
16b838d7-1f64-4878-bfa6-c6cddfb0e27a	5	104524780	104524903	3	-1.6268
16b838d7-1f64-4878-bfa6-c6cddfb0e27a	5	104525348	133193759	18683	0.0133
16b838d7-1f64-4878-bfa6-c6cddfb0e27a	5	133194683	179678022	30683	-0.0089
16b838d7-1f64-4878-bfa6-c6cddfb0e27a	5	179678136	179678327	4	1.2796
16b838d7-1f64-4878-bfa6-c6cddfb0e27a	5	179681196	180188478	284	-0.0055
16b838d7-1f64-4878-bfa6-c6cddfb0e27a	5	180188580	180191801	3	-1.0719
16b838d7-1f64-4878-bfa6-c6cddfb0e27a	5	180191961	180767609	329	0.04
16b838d7-1f64-4878-bfa6-c6cddfb0e27a	5	180768522	180779256	8	-0.9062
16b838d7-1f64-4878-bfa6-c6cddfb0e27a	5	180781850	181050449	141	0.1338
16b838d7-1f64-4878-bfa6-c6cddfb0e27a	5	181051176	181058353	8	-0.7427
16b838d7-1f64-4878-bfa6-c6cddfb0e27a	5	181058634	181363319	133	0.1138
16b838d7-1f64-4878-bfa6-c6cddfb0e27a	6	149661	204023	34	-0.0957
16b838d7-1f64-4878-bfa6-c6cddfb0e27a	6	204689	229559	35	0.4309
16b838d7-1f64-4878-bfa6-c6cddfb0e27a	6	229752	278146	44	-0.2046
16b838d7-1f64-4878-bfa6-c6cddfb0e27a	6	279695	381149	89	-1.0743
16b838d7-1f64-4878-bfa6-c6cddfb0e27a	6	382559	971216	517	0.1421
16b838d7-1f64-4878-bfa6-c6cddfb0e27a	6	975025	3403322	1940	-0.0324
16b838d7-1f64-4878-bfa6-c6cddfb0e27a	6	3403641	3428595	23	0.4646
16b838d7-1f64-4878-bfa6-c6cddfb0e27a	6	3429087	5370963	1607	-0.0219
16b838d7-1f64-4878-bfa6-c6cddfb0e27a	6	5374511	5377114	4	-1.555
16b838d7-1f64-4878-bfa6-c6cddfb0e27a	6	5377439	6025978	556	-0.01
16b838d7-1f64-4878-bfa6-c6cddfb0e27a	6	6033698	6034203	3	-2.3759
16b838d7-1f64-4878-bfa6-c6cddfb0e27a	6	6036812	15022350	6932	-0.0067
16b838d7-1f64-4878-bfa6-c6cddfb0e27a	6	15023365	15590454	360	0.1283
16b838d7-1f64-4878-bfa6-c6cddfb0e27a	6	15593009	16042464	384	-0.007
16b838d7-1f64-4878-bfa6-c6cddfb0e27a	6	16042962	16043591	4	-1.4223
16b838d7-1f64-4878-bfa6-c6cddfb0e27a	6	16044591	29869295	9135	0.0085
16b838d7-1f64-4878-bfa6-c6cddfb0e27a	6	29869410	29913481	27	1.4458
16b838d7-1f64-4878-bfa6-c6cddfb0e27a	6	29913570	29953350	26	0.4247
16b838d7-1f64-4878-bfa6-c6cddfb0e27a	6	29953446	31241733	576	0.046
16b838d7-1f64-4878-bfa6-c6cddfb0e27a	6	31242439	31319445	56	0.2946
16b838d7-1f64-4878-bfa6-c6cddfb0e27a	6	31319724	31327629	2	3.4082
16b838d7-1f64-4878-bfa6-c6cddfb0e27a	6	31328176	32997968	778	0.0769
16b838d7-1f64-4878-bfa6-c6cddfb0e27a	6	32997971	51318919	11504	-0.0074
16b838d7-1f64-4878-bfa6-c6cddfb0e27a	6	51319914	58096364	4078	0.0289
16b838d7-1f64-4878-bfa6-c6cddfb0e27a	6	58099774	58100791	4	-1.3876
16b838d7-1f64-4878-bfa6-c6cddfb0e27a	6	58106296	66323922	3284	0.0274
16b838d7-1f64-4878-bfa6-c6cddfb0e27a	6	66327661	66395583	66	0.32
16b838d7-1f64-4878-bfa6-c6cddfb0e27a	6	66395597	76305231	6443	0.015
16b838d7-1f64-4878-bfa6-c6cddfb0e27a	6	76307183	76307352	7	-1.283
16b838d7-1f64-4878-bfa6-c6cddfb0e27a	6	76307360	76726815	292	0.0221
16b838d7-1f64-4878-bfa6-c6cddfb0e27a	6	76730151	76739852	13	0.8249
16b838d7-1f64-4878-bfa6-c6cddfb0e27a	6	76742553	76772597	40	-0.0297
16b838d7-1f64-4878-bfa6-c6cddfb0e27a	6	76773045	76773069	2	-1.7294
16b838d7-1f64-4878-bfa6-c6cddfb0e27a	6	76778010	78253172	943	0.0119
16b838d7-1f64-4878-bfa6-c6cddfb0e27a	6	78259348	78322600	108	-2.8314
16b838d7-1f64-4878-bfa6-c6cddfb0e27a	6	78322875	78325468	5	-1.3116
16b838d7-1f64-4878-bfa6-c6cddfb0e27a	6	78329517	80574526	1432	0.0187
16b838d7-1f64-4878-bfa6-c6cddfb0e27a	6	80574714	80584624	32	-0.9634
16b838d7-1f64-4878-bfa6-c6cddfb0e27a	6	80584682	93942689	8549	0.0157
16b838d7-1f64-4878-bfa6-c6cddfb0e27a	6	93942822	93947846	2	-2.4015
16b838d7-1f64-4878-bfa6-c6cddfb0e27a	6	93949814	94130317	123	-0.0339
16b838d7-1f64-4878-bfa6-c6cddfb0e27a	6	94131155	94135582	3	-1.7446
16b838d7-1f64-4878-bfa6-c6cddfb0e27a	6	94136510	103299735	5357	0.0121
16b838d7-1f64-4878-bfa6-c6cddfb0e27a	6	103299855	103314186	31	0.8103
16b838d7-1f64-4878-bfa6-c6cddfb0e27a	6	103317795	118524495	9326	0.013
16b838d7-1f64-4878-bfa6-c6cddfb0e27a	6	118531916	118551137	14	-0.5504
16b838d7-1f64-4878-bfa6-c6cddfb0e27a	6	118553182	139500204	13586	0.0159
16b838d7-1f64-4878-bfa6-c6cddfb0e27a	6	139500461	139505717	6	-1.1147
16b838d7-1f64-4878-bfa6-c6cddfb0e27a	6	139507624	162454674	15513	0.0176
16b838d7-1f64-4878-bfa6-c6cddfb0e27a	6	162455173	167160088	3631	-0.031
16b838d7-1f64-4878-bfa6-c6cddfb0e27a	6	167163210	169838567	1744	0.0332
16b838d7-1f64-4878-bfa6-c6cddfb0e27a	6	169839170	170231419	134	0.3084
16b838d7-1f64-4878-bfa6-c6cddfb0e27a	6	170231836	170741917	242	0.0709
16b838d7-1f64-4878-bfa6-c6cddfb0e27a	7	43355	181005	115	0.5122
16b838d7-1f64-4878-bfa6-c6cddfb0e27a	7	181104	38251113	27268	0.0147
16b838d7-1f64-4878-bfa6-c6cddfb0e27a	7	38254500	38312559	87	-0.5835
16b838d7-1f64-4878-bfa6-c6cddfb0e27a	7	38312638	54305455	11033	0.0085
16b838d7-1f64-4878-bfa6-c6cddfb0e27a	7	54318812	54318824	6	-2.0177
16b838d7-1f64-4878-bfa6-c6cddfb0e27a	7	54325795	56701121	1562	0.0096
16b838d7-1f64-4878-bfa6-c6cddfb0e27a	7	56704473	63199286	739	0.1211
16b838d7-1f64-4878-bfa6-c6cddfb0e27a	7	63202573	76524046	5975	0.0063
16b838d7-1f64-4878-bfa6-c6cddfb0e27a	7	76527224	76531980	2	-2.0698
16b838d7-1f64-4878-bfa6-c6cddfb0e27a	7	76531991	76853310	102	0.0154
16b838d7-1f64-4878-bfa6-c6cddfb0e27a	7	76854711	76883751	28	-0.5647
16b838d7-1f64-4878-bfa6-c6cddfb0e27a	7	76883855	79178287	1541	0.012
16b838d7-1f64-4878-bfa6-c6cddfb0e27a	7	79178821	79191019	11	-0.683
16b838d7-1f64-4878-bfa6-c6cddfb0e27a	7	79199210	88035924	5614	0.0145
16b838d7-1f64-4878-bfa6-c6cddfb0e27a	7	88041426	88041643	7	-1.6063
16b838d7-1f64-4878-bfa6-c6cddfb0e27a	7	88041705	97766150	6254	0.0125
16b838d7-1f64-4878-bfa6-c6cddfb0e27a	7	97766153	97775367	20	-1.8805
16b838d7-1f64-4878-bfa6-c6cddfb0e27a	7	97775397	142063324	26612	0.0126
16b838d7-1f64-4878-bfa6-c6cddfb0e27a	7	142069843	142092108	33	-0.6117
16b838d7-1f64-4878-bfa6-c6cddfb0e27a	7	142092307	142513915	337	0.127
16b838d7-1f64-4878-bfa6-c6cddfb0e27a	7	142516594	142809818	121	-0.3879
16b838d7-1f64-4878-bfa6-c6cddfb0e27a	7	142809831	144199159	745	0.0341
16b838d7-1f64-4878-bfa6-c6cddfb0e27a	7	144207186	144377836	16	0.6102
16b838d7-1f64-4878-bfa6-c6cddfb0e27a	7	144378425	153450553	5557	-0.012
16b838d7-1f64-4878-bfa6-c6cddfb0e27a	7	153450560	153450627	2	-2.7904
16b838d7-1f64-4878-bfa6-c6cddfb0e27a	7	153450630	154598185	852	-0.0148
16b838d7-1f64-4878-bfa6-c6cddfb0e27a	7	154601461	154607903	4	-2.6474
16b838d7-1f64-4878-bfa6-c6cddfb0e27a	7	154609120	155094682	437	-0.0472
16b838d7-1f64-4878-bfa6-c6cddfb0e27a	7	155094803	155094902	4	-1.1596
16b838d7-1f64-4878-bfa6-c6cddfb0e27a	7	155094966	155671335	475	-0.0477
16b838d7-1f64-4878-bfa6-c6cddfb0e27a	7	155673169	155674244	2	2.2546
16b838d7-1f64-4878-bfa6-c6cddfb0e27a	7	155676942	157714920	1311	-0.0477
16b838d7-1f64-4878-bfa6-c6cddfb0e27a	7	157717414	158913549	716	0.0703
16b838d7-1f64-4878-bfa6-c6cddfb0e27a	7	158919484	159182924	190	0.3446
16b838d7-1f64-4878-bfa6-c6cddfb0e27a	7	159188286	159334314	101	0.0664
16b838d7-1f64-4878-bfa6-c6cddfb0e27a	8	81254	1243079	743	0.1394
16b838d7-1f64-4878-bfa6-c6cddfb0e27a	8	1244191	3926665	2612	-0.0201
16b838d7-1f64-4878-bfa6-c6cddfb0e27a	8	3929538	3932412	21	-0.8247
16b838d7-1f64-4878-bfa6-c6cddfb0e27a	8	3932476	5231118	1961	-0.016
16b838d7-1f64-4878-bfa6-c6cddfb0e27a	8	5231180	5231579	6	-1.5908
16b838d7-1f64-4878-bfa6-c6cddfb0e27a	8	5232558	5499817	324	0.0325
16b838d7-1f64-4878-bfa6-c6cddfb0e27a	8	5500112	5501944	8	-0.9262
16b838d7-1f64-4878-bfa6-c6cddfb0e27a	8	5502197	5632737	168	0.0211
16b838d7-1f64-4878-bfa6-c6cddfb0e27a	8	5633606	5736745	161	0.1403
16b838d7-1f64-4878-bfa6-c6cddfb0e27a	8	5741204	5750108	32	-0.8446
16b838d7-1f64-4878-bfa6-c6cddfb0e27a	8	5750354	7941868	1749	-0.0025
16b838d7-1f64-4878-bfa6-c6cddfb0e27a	8	7974123	8110806	10	1.2332
16b838d7-1f64-4878-bfa6-c6cddfb0e27a	8	8120447	38457003	22264	0.0112
16b838d7-1f64-4878-bfa6-c6cddfb0e27a	8	38459420	38464003	40	-0.4291
16b838d7-1f64-4878-bfa6-c6cddfb0e27a	8	38464828	39373140	440	0.0031
16b838d7-1f64-4878-bfa6-c6cddfb0e27a	8	39378084	39529446	59	-2.8407
16b838d7-1f64-4878-bfa6-c6cddfb0e27a	8	39530780	40324598	589	-0.0083
16b838d7-1f64-4878-bfa6-c6cddfb0e27a	8	40326278	40331992	34	-0.7945
16b838d7-1f64-4878-bfa6-c6cddfb0e27a	8	40335391	43505549	1882	0.0112
16b838d7-1f64-4878-bfa6-c6cddfb0e27a	8	43506476	46537472	222	0.2
16b838d7-1f64-4878-bfa6-c6cddfb0e27a	8	46542441	58487026	7433	0.0148
16b838d7-1f64-4878-bfa6-c6cddfb0e27a	8	58489176	58514206	19	-0.9664
16b838d7-1f64-4878-bfa6-c6cddfb0e27a	8	58516006	60945654	1553	0.0097
16b838d7-1f64-4878-bfa6-c6cddfb0e27a	8	60945671	60954797	9	-0.7762
16b838d7-1f64-4878-bfa6-c6cddfb0e27a	8	60957888	71299946	6164	0.0156
16b838d7-1f64-4878-bfa6-c6cddfb0e27a	8	71300130	71307628	10	0.6902
16b838d7-1f64-4878-bfa6-c6cddfb0e27a	8	71307892	72690494	963	0.0146
16b838d7-1f64-4878-bfa6-c6cddfb0e27a	8	72691012	72723666	56	0.5367
16b838d7-1f64-4878-bfa6-c6cddfb0e27a	8	72723959	85127671	7367	0.0146
16b838d7-1f64-4878-bfa6-c6cddfb0e27a	8	85128081	85128353	2	2.3682
16b838d7-1f64-4878-bfa6-c6cddfb0e27a	8	85133155	125054075	24655	0.0143
16b838d7-1f64-4878-bfa6-c6cddfb0e27a	8	125058042	125058123	2	-2.043
16b838d7-1f64-4878-bfa6-c6cddfb0e27a	8	125058759	130833706	4172	0.0162
16b838d7-1f64-4878-bfa6-c6cddfb0e27a	8	130833973	130840369	5	-0.9674
16b838d7-1f64-4878-bfa6-c6cddfb0e27a	8	130842946	135268003	3621	-0.0055
16b838d7-1f64-4878-bfa6-c6cddfb0e27a	8	135268152	141066291	4474	-0.044
16b838d7-1f64-4878-bfa6-c6cddfb0e27a	8	141069730	145072769	1734	0.038
16b838d7-1f64-4878-bfa6-c6cddfb0e27a	9	46587	602903	508	0.1516
16b838d7-1f64-4878-bfa6-c6cddfb0e27a	9	606699	606893	3	-2.4769
16b838d7-1f64-4878-bfa6-c6cddfb0e27a	9	606961	678514	159	0.2295
16b838d7-1f64-4878-bfa6-c6cddfb0e27a	9	678638	1528727	953	0.0688
16b838d7-1f64-4878-bfa6-c6cddfb0e27a	9	1529051	5078263	3619	-0.05
16b838d7-1f64-4878-bfa6-c6cddfb0e27a	9	5078383	5081766	13	-0.8312
16b838d7-1f64-4878-bfa6-c6cddfb0e27a	9	5081852	6553298	1001	-0.0309
16b838d7-1f64-4878-bfa6-c6cddfb0e27a	9	6555079	11576731	4691	0.0119
16b838d7-1f64-4878-bfa6-c6cddfb0e27a	9	11577278	11583191	3	-1.8375
16b838d7-1f64-4878-bfa6-c6cddfb0e27a	9	11583548	16906733	4366	0.021
16b838d7-1f64-4878-bfa6-c6cddfb0e27a	9	16907151	16912450	30	-0.4776
16b838d7-1f64-4878-bfa6-c6cddfb0e27a	9	16913791	29952328	10050	0.0203
16b838d7-1f64-4878-bfa6-c6cddfb0e27a	9	29958566	29974822	32	0.464
16b838d7-1f64-4878-bfa6-c6cddfb0e27a	9	29975255	31394700	943	-0.0052
16b838d7-1f64-4878-bfa6-c6cddfb0e27a	9	31396658	31399461	6	-1.3336
16b838d7-1f64-4878-bfa6-c6cddfb0e27a	9	31400734	39807498	4825	0.0007
16b838d7-1f64-4878-bfa6-c6cddfb0e27a	9	39827488	39833357	2	-2.1556
16b838d7-1f64-4878-bfa6-c6cddfb0e27a	9	39840169	40228981	6	-0.6297
16b838d7-1f64-4878-bfa6-c6cddfb0e27a	9	40229601	41308514	52	0.0987
16b838d7-1f64-4878-bfa6-c6cddfb0e27a	9	41316241	41533430	15	-0.6033
16b838d7-1f64-4878-bfa6-c6cddfb0e27a	9	41569585	61405110	121	0.3391
16b838d7-1f64-4878-bfa6-c6cddfb0e27a	9	61520021	61647899	30	-1.3733
16b838d7-1f64-4878-bfa6-c6cddfb0e27a	9	61665362	68967997	676	0.0237
16b838d7-1f64-4878-bfa6-c6cddfb0e27a	9	68968169	68968182	2	-2.544
16b838d7-1f64-4878-bfa6-c6cddfb0e27a	9	68968575	69493540	438	0.0317
16b838d7-1f64-4878-bfa6-c6cddfb0e27a	9	69493576	69493745	8	-0.857
16b838d7-1f64-4878-bfa6-c6cddfb0e27a	9	69493811	69503518	35	0.1809
16b838d7-1f64-4878-bfa6-c6cddfb0e27a	9	69505204	69505321	4	1.0454
16b838d7-1f64-4878-bfa6-c6cddfb0e27a	9	69505361	75240245	3892	0.0147
16b838d7-1f64-4878-bfa6-c6cddfb0e27a	9	75240736	75240864	2	-2.1354
16b838d7-1f64-4878-bfa6-c6cddfb0e27a	9	75244646	75390261	80	0.0033
16b838d7-1f64-4878-bfa6-c6cddfb0e27a	9	75392505	75393245	2	1.2781
16b838d7-1f64-4878-bfa6-c6cddfb0e27a	9	75397543	75709997	263	0.0281
16b838d7-1f64-4878-bfa6-c6cddfb0e27a	9	75713114	75713305	2	-1.5822
16b838d7-1f64-4878-bfa6-c6cddfb0e27a	9	75713618	76449225	656	0.0294
16b838d7-1f64-4878-bfa6-c6cddfb0e27a	9	76453711	76466163	9	-0.4827
16b838d7-1f64-4878-bfa6-c6cddfb0e27a	9	76468556	76508124	40	0.1229
16b838d7-1f64-4878-bfa6-c6cddfb0e27a	9	76508196	76510715	15	-0.5756
16b838d7-1f64-4878-bfa6-c6cddfb0e27a	9	76510749	77155482	556	0.0211
16b838d7-1f64-4878-bfa6-c6cddfb0e27a	9	77155594	77160539	16	0.7689
16b838d7-1f64-4878-bfa6-c6cddfb0e27a	9	77160798	77161246	4	-0.245
16b838d7-1f64-4878-bfa6-c6cddfb0e27a	9	77161307	77162205	7	1.0663
16b838d7-1f64-4878-bfa6-c6cddfb0e27a	9	77162488	87394573	7191	0.0115
16b838d7-1f64-4878-bfa6-c6cddfb0e27a	9	87395079	87395180	3	-1.7897
16b838d7-1f64-4878-bfa6-c6cddfb0e27a	9	87396313	104051016	11254	0.0094
16b838d7-1f64-4878-bfa6-c6cddfb0e27a	9	104051184	104057242	10	-0.8143
16b838d7-1f64-4878-bfa6-c6cddfb0e27a	9	104059533	104072151	28	-0.1582
16b838d7-1f64-4878-bfa6-c6cddfb0e27a	9	104072159	104074626	7	-1.0412
16b838d7-1f64-4878-bfa6-c6cddfb0e27a	9	104078125	130760159	18827	0.0039
16b838d7-1f64-4878-bfa6-c6cddfb0e27a	9	130761571	134086675	2273	-0.0481
16b838d7-1f64-4878-bfa6-c6cddfb0e27a	9	134087457	137356366	1405	0.0059
16b838d7-1f64-4878-bfa6-c6cddfb0e27a	9	137358233	137361381	7	0.9004
16b838d7-1f64-4878-bfa6-c6cddfb0e27a	9	137378551	138054254	295	0.0399
16b838d7-1f64-4878-bfa6-c6cddfb0e27a	9	138058464	138110039	58	0.378
16b838d7-1f64-4878-bfa6-c6cddfb0e27a	9	138110464	138200944	54	-0.0147
16b838d7-1f64-4878-bfa6-c6cddfb0e27a	10	45792	6369109	5402	-0.0205
16b838d7-1f64-4878-bfa6-c6cddfb0e27a	10	6369253	6369519	6	2.0238
16b838d7-1f64-4878-bfa6-c6cddfb0e27a	10	6376792	17885034	9454	0.0082
16b838d7-1f64-4878-bfa6-c6cddfb0e27a	10	17896194	17907840	2	-2.2971
16b838d7-1f64-4878-bfa6-c6cddfb0e27a	10	17910884	24086334	4343	0.018
16b838d7-1f64-4878-bfa6-c6cddfb0e27a	10	24088745	24089125	11	-2.77
16b838d7-1f64-4878-bfa6-c6cddfb0e27a	10	24089979	71108211	29090	0.0201
16b838d7-1f64-4878-bfa6-c6cddfb0e27a	10	71108500	79833229	5426	-0.0062
16b838d7-1f64-4878-bfa6-c6cddfb0e27a	10	79833727	79836564	4	-1.257
16b838d7-1f64-4878-bfa6-c6cddfb0e27a	10	79837113	89206636	6606	0.0094
16b838d7-1f64-4878-bfa6-c6cddfb0e27a	10	89206663	89211395	11	0.773
16b838d7-1f64-4878-bfa6-c6cddfb0e27a	10	89213181	105908347	10206	-0.0023
16b838d7-1f64-4878-bfa6-c6cddfb0e27a	10	105908803	105939690	52	-0.3173
16b838d7-1f64-4878-bfa6-c6cddfb0e27a	10	105939872	124707119	13675	0.0006
16b838d7-1f64-4878-bfa6-c6cddfb0e27a	10	124707783	124799692	56	-0.0356
16b838d7-1f64-4878-bfa6-c6cddfb0e27a	10	124799991	124809643	3	-1.4462
16b838d7-1f64-4878-bfa6-c6cddfb0e27a	10	124819479	130395908	4323	-0.0438
16b838d7-1f64-4878-bfa6-c6cddfb0e27a	10	130397336	133415637	1907	0.0177
16b838d7-1f64-4878-bfa6-c6cddfb0e27a	10	133416215	133419150	3	1.7142
16b838d7-1f64-4878-bfa6-c6cddfb0e27a	10	133420636	133654968	147	0.0964
16b838d7-1f64-4878-bfa6-c6cddfb0e27a	11	198510	383554	89	0.2757
16b838d7-1f64-4878-bfa6-c6cddfb0e27a	11	383855	4946420	2331	-0.0284
16b838d7-1f64-4878-bfa6-c6cddfb0e27a	11	4947280	4954475	28	0.6666
16b838d7-1f64-4878-bfa6-c6cddfb0e27a	11	4955027	5772353	797	-0.0596
16b838d7-1f64-4878-bfa6-c6cddfb0e27a	11	5773015	5788231	24	0.8499
16b838d7-1f64-4878-bfa6-c6cddfb0e27a	11	5791130	9658819	2686	-0.0333
16b838d7-1f64-4878-bfa6-c6cddfb0e27a	11	9660312	25549836	12004	0.0008
16b838d7-1f64-4878-bfa6-c6cddfb0e27a	11	25552519	25557651	5	-1.2375
16b838d7-1f64-4878-bfa6-c6cddfb0e27a	11	25557882	37419117	8437	0.0129
16b838d7-1f64-4878-bfa6-c6cddfb0e27a	11	37421613	37427845	4	-1.3971
16b838d7-1f64-4878-bfa6-c6cddfb0e27a	11	37438111	50490135	7685	-0.0022
16b838d7-1f64-4878-bfa6-c6cddfb0e27a	11	50491513	50699618	32	0.4417
16b838d7-1f64-4878-bfa6-c6cddfb0e27a	11	50703640	80827245	14154	-0.0075
16b838d7-1f64-4878-bfa6-c6cddfb0e27a	11	80827502	80827874	3	-1.7195
16b838d7-1f64-4878-bfa6-c6cddfb0e27a	11	80829654	127287003	32619	0.0095
16b838d7-1f64-4878-bfa6-c6cddfb0e27a	11	127290200	134325337	5392	-0.0359
16b838d7-1f64-4878-bfa6-c6cddfb0e27a	11	134326238	135074876	599	0.2159
16b838d7-1f64-4878-bfa6-c6cddfb0e27a	12	51460	760032	419	0.1505
16b838d7-1f64-4878-bfa6-c6cddfb0e27a	12	760097	764863	16	-1.1656
16b838d7-1f64-4878-bfa6-c6cddfb0e27a	12	766188	9477960	5743	-0.0376
16b838d7-1f64-4878-bfa6-c6cddfb0e27a	12	9481274	9575696	24	-2.1508
16b838d7-1f64-4878-bfa6-c6cddfb0e27a	12	9582373	11359558	1181	-0.0151
16b838d7-1f64-4878-bfa6-c6cddfb0e27a	12	11359597	11390472	28	-0.839
16b838d7-1f64-4878-bfa6-c6cddfb0e27a	12	11399258	33140973	15378	0.0161
16b838d7-1f64-4878-bfa6-c6cddfb0e27a	12	33141564	33246152	86	-0.3006
16b838d7-1f64-4878-bfa6-c6cddfb0e27a	12	33246810	45506042	5540	0.0217
16b838d7-1f64-4878-bfa6-c6cddfb0e27a	12	45510655	45515754	4	-1.6925
16b838d7-1f64-4878-bfa6-c6cddfb0e27a	12	45519509	48331259	1718	0.0106
16b838d7-1f64-4878-bfa6-c6cddfb0e27a	12	48331456	48331632	3	-2.4757
16b838d7-1f64-4878-bfa6-c6cddfb0e27a	12	48336253	113964076	41372	0.0079
16b838d7-1f64-4878-bfa6-c6cddfb0e27a	12	113964574	113964762	2	-2.7275
16b838d7-1f64-4878-bfa6-c6cddfb0e27a	12	113966657	115802029	1654	0.001
16b838d7-1f64-4878-bfa6-c6cddfb0e27a	12	115803432	115803615	7	-1.124
16b838d7-1f64-4878-bfa6-c6cddfb0e27a	12	115805460	123642472	4541	-0.01
16b838d7-1f64-4878-bfa6-c6cddfb0e27a	12	123642475	123642717	4	-1.2069
16b838d7-1f64-4878-bfa6-c6cddfb0e27a	12	123645377	123664634	11	0.1739
16b838d7-1f64-4878-bfa6-c6cddfb0e27a	12	123668342	123694870	22	-0.4376
16b838d7-1f64-4878-bfa6-c6cddfb0e27a	12	123696765	124348060	414	-0.0029
16b838d7-1f64-4878-bfa6-c6cddfb0e27a	12	124348757	124348852	2	-1.9204
16b838d7-1f64-4878-bfa6-c6cddfb0e27a	12	124350376	127796798	2784	-0.0189
16b838d7-1f64-4878-bfa6-c6cddfb0e27a	12	127797152	127812482	10	-0.94
16b838d7-1f64-4878-bfa6-c6cddfb0e27a	12	127812579	127829496	17	0.0328
16b838d7-1f64-4878-bfa6-c6cddfb0e27a	12	127831642	127831650	2	-2.2261
16b838d7-1f64-4878-bfa6-c6cddfb0e27a	12	127834419	130377845	2329	0.0025
16b838d7-1f64-4878-bfa6-c6cddfb0e27a	12	130378058	130378633	4	-1.7144
16b838d7-1f64-4878-bfa6-c6cddfb0e27a	12	130378750	131636170	1007	0.015
16b838d7-1f64-4878-bfa6-c6cddfb0e27a	12	131648039	131648790	13	-2.3017
16b838d7-1f64-4878-bfa6-c6cddfb0e27a	12	131657925	132640760	303	0.0102
16b838d7-1f64-4878-bfa6-c6cddfb0e27a	12	132640806	133019667	177	0.2419
16b838d7-1f64-4878-bfa6-c6cddfb0e27a	12	133019902	133090518	27	-0.2896
16b838d7-1f64-4878-bfa6-c6cddfb0e27a	12	133097017	133201603	52	0.2334
16b838d7-1f64-4878-bfa6-c6cddfb0e27a	13	18452809	28087561	6690	0.023
16b838d7-1f64-4878-bfa6-c6cddfb0e27a	13	28087669	28087824	7	-0.9521
16b838d7-1f64-4878-bfa6-c6cddfb0e27a	13	28087844	37496998	6795	0.0168
16b838d7-1f64-4878-bfa6-c6cddfb0e27a	13	37497899	37510620	16	-2.6347
16b838d7-1f64-4878-bfa6-c6cddfb0e27a	13	37514193	37514237	2	-0.9222
16b838d7-1f64-4878-bfa6-c6cddfb0e27a	13	37514250	57138666	12519	0.0192
16b838d7-1f64-4878-bfa6-c6cddfb0e27a	13	57139094	57139102	3	-1.6624
16b838d7-1f64-4878-bfa6-c6cddfb0e27a	13	57139232	57215580	44	0.5063
16b838d7-1f64-4878-bfa6-c6cddfb0e27a	13	57215875	66598647	5611	0.0259
16b838d7-1f64-4878-bfa6-c6cddfb0e27a	13	66602087	66603651	2	-2.9512
16b838d7-1f64-4878-bfa6-c6cddfb0e27a	13	66604212	70179808	2288	0.0317
16b838d7-1f64-4878-bfa6-c6cddfb0e27a	13	70179961	70180004	3	-1.3739
16b838d7-1f64-4878-bfa6-c6cddfb0e27a	13	70181582	71899603	1090	0.0177
16b838d7-1f64-4878-bfa6-c6cddfb0e27a	13	71900159	71906418	7	1.1641
16b838d7-1f64-4878-bfa6-c6cddfb0e27a	13	71906467	101470884	19449	0.0219
16b838d7-1f64-4878-bfa6-c6cddfb0e27a	13	101471129	112939379	9056	-0.0308
16b838d7-1f64-4878-bfa6-c6cddfb0e27a	13	112942854	114342922	607	0.0827
16b838d7-1f64-4878-bfa6-c6cddfb0e27a	14	18239283	19387271	54	-0.1801
16b838d7-1f64-4878-bfa6-c6cddfb0e27a	14	19425567	19901732	83	0.3926
16b838d7-1f64-4878-bfa6-c6cddfb0e27a	14	19905941	21891483	1330	0.0169
16b838d7-1f64-4878-bfa6-c6cddfb0e27a	14	21899370	22506810	560	-0.3639
16b838d7-1f64-4878-bfa6-c6cddfb0e27a	14	22506847	85335249	40022	0.013
16b838d7-1f64-4878-bfa6-c6cddfb0e27a	14	85335691	85343547	5	-1.8553
16b838d7-1f64-4878-bfa6-c6cddfb0e27a	14	85343567	93968370	5576	0.0159
16b838d7-1f64-4878-bfa6-c6cddfb0e27a	14	93976055	93976109	2	-1.691
16b838d7-1f64-4878-bfa6-c6cddfb0e27a	14	93977064	98793470	3848	-0.028
16b838d7-1f64-4878-bfa6-c6cddfb0e27a	14	98794687	98906052	109	0.2625
16b838d7-1f64-4878-bfa6-c6cddfb0e27a	14	98908971	106557596	3697	-0.0305
16b838d7-1f64-4878-bfa6-c6cddfb0e27a	14	106557761	106877229	158	0.1663
16b838d7-1f64-4878-bfa6-c6cddfb0e27a	15	19811075	19998708	44	-0.1857
16b838d7-1f64-4878-bfa6-c6cddfb0e27a	15	20001686	21417107	131	0.4915
16b838d7-1f64-4878-bfa6-c6cddfb0e27a	15	21975606	30307497	4679	0.0492
16b838d7-1f64-4878-bfa6-c6cddfb0e27a	15	30313650	30500366	9	-1.0596
16b838d7-1f64-4878-bfa6-c6cddfb0e27a	15	30503586	32283641	1064	0.0046
16b838d7-1f64-4878-bfa6-c6cddfb0e27a	15	32285940	32323432	3	-1.5657
16b838d7-1f64-4878-bfa6-c6cddfb0e27a	15	32339520	32567657	14	0.1082
16b838d7-1f64-4878-bfa6-c6cddfb0e27a	15	32584630	32584783	2	1.6492
16b838d7-1f64-4878-bfa6-c6cddfb0e27a	15	32610782	56498709	15209	0.0114
16b838d7-1f64-4878-bfa6-c6cddfb0e27a	15	56498809	56509425	20	-0.9386
16b838d7-1f64-4878-bfa6-c6cddfb0e27a	15	56509503	93264156	23870	0.0013
16b838d7-1f64-4878-bfa6-c6cddfb0e27a	15	93264212	93420006	163	0.2113
16b838d7-1f64-4878-bfa6-c6cddfb0e27a	15	93420668	95252286	1466	-0.0052
16b838d7-1f64-4878-bfa6-c6cddfb0e27a	15	95252536	99959552	3373	-0.0475
16b838d7-1f64-4878-bfa6-c6cddfb0e27a	15	99962088	101145347	979	0.03
16b838d7-1f64-4878-bfa6-c6cddfb0e27a	15	101148851	101834258	528	0.1532
16b838d7-1f64-4878-bfa6-c6cddfb0e27a	15	101834389	101928837	27	-0.0924
16b838d7-1f64-4878-bfa6-c6cddfb0e27a	16	10777	866122	340	0.2028
16b838d7-1f64-4878-bfa6-c6cddfb0e27a	16	881686	19926800	13130	0.0003
16b838d7-1f64-4878-bfa6-c6cddfb0e27a	16	19927671	19959168	38	0.5435
16b838d7-1f64-4878-bfa6-c6cddfb0e27a	16	19959496	55762682	13446	0.004
16b838d7-1f64-4878-bfa6-c6cddfb0e27a	16	55764310	55764867	3	3.1809
16b838d7-1f64-4878-bfa6-c6cddfb0e27a	16	55770436	55808442	16	0.4533
16b838d7-1f64-4878-bfa6-c6cddfb0e27a	16	55808470	78342480	14292	0.0026
16b838d7-1f64-4878-bfa6-c6cddfb0e27a	16	78342814	78351540	12	0.6566
16b838d7-1f64-4878-bfa6-c6cddfb0e27a	16	78351585	78736536	500	0.0049
16b838d7-1f64-4878-bfa6-c6cddfb0e27a	16	78739056	78852965	176	0.1763
16b838d7-1f64-4878-bfa6-c6cddfb0e27a	16	78853733	84318725	5956	0.0029
16b838d7-1f64-4878-bfa6-c6cddfb0e27a	16	84318869	84320059	2	-2.1482
16b838d7-1f64-4878-bfa6-c6cddfb0e27a	16	84322572	84624131	249	-0.0119
16b838d7-1f64-4878-bfa6-c6cddfb0e27a	16	84627943	84627961	3	-1.4859
16b838d7-1f64-4878-bfa6-c6cddfb0e27a	16	84630546	88667936	3123	-0.0391
16b838d7-1f64-4878-bfa6-c6cddfb0e27a	16	88670764	90096867	615	0.136
16b838d7-1f64-4878-bfa6-c6cddfb0e27a	17	150733	261308	63	0.0606
16b838d7-1f64-4878-bfa6-c6cddfb0e27a	17	261432	526894	115	0.347
16b838d7-1f64-4878-bfa6-c6cddfb0e27a	17	526952	6197464	3184	-0.0246
16b838d7-1f64-4878-bfa6-c6cddfb0e27a	17	6197476	6197491	2	-2.2412
16b838d7-1f64-4878-bfa6-c6cddfb0e27a	17	6197723	18333147	7979	0.0087
16b838d7-1f64-4878-bfa6-c6cddfb0e27a	17	18333236	18346132	2	-2.5187
16b838d7-1f64-4878-bfa6-c6cddfb0e27a	17	18346297	18414080	54	-0.0129
16b838d7-1f64-4878-bfa6-c6cddfb0e27a	17	18452078	18596943	33	-0.7116
16b838d7-1f64-4878-bfa6-c6cddfb0e27a	17	18602377	33721305	5081	-0.0025
16b838d7-1f64-4878-bfa6-c6cddfb0e27a	17	33721576	33724937	3	-1.6137
16b838d7-1f64-4878-bfa6-c6cddfb0e27a	17	33725843	41267005	4320	0.0196
16b838d7-1f64-4878-bfa6-c6cddfb0e27a	17	41267053	41274279	15	1.0706
16b838d7-1f64-4878-bfa6-c6cddfb0e27a	17	41276472	45672644	2196	0.0007
16b838d7-1f64-4878-bfa6-c6cddfb0e27a	17	45674054	45674064	2	-2.0014
16b838d7-1f64-4878-bfa6-c6cddfb0e27a	17	45675182	46088437	303	0.0854
16b838d7-1f64-4878-bfa6-c6cddfb0e27a	17	46089055	46111026	15	-0.677
16b838d7-1f64-4878-bfa6-c6cddfb0e27a	17	46113318	46192180	73	0.0123
16b838d7-1f64-4878-bfa6-c6cddfb0e27a	17	46194634	46202045	5	-1.4365
16b838d7-1f64-4878-bfa6-c6cddfb0e27a	17	46202822	46284997	29	0.0834
16b838d7-1f64-4878-bfa6-c6cddfb0e27a	17	46286804	46569894	6	1.3651
16b838d7-1f64-4878-bfa6-c6cddfb0e27a	17	46571001	51336017	2387	-0.0024
16b838d7-1f64-4878-bfa6-c6cddfb0e27a	17	51336829	51402945	62	0.3023
16b838d7-1f64-4878-bfa6-c6cddfb0e27a	17	51403889	83091923	19132	-0.0002
16b838d7-1f64-4878-bfa6-c6cddfb0e27a	18	48133	700358	506	0.1324
16b838d7-1f64-4878-bfa6-c6cddfb0e27a	18	700427	15157850	9869	-0.0118
16b838d7-1f64-4878-bfa6-c6cddfb0e27a	18	15170293	15175019	2	1.9876
16b838d7-1f64-4878-bfa6-c6cddfb0e27a	18	15177773	20973647	45	0.0071
16b838d7-1f64-4878-bfa6-c6cddfb0e27a	18	20980393	20980457	2	-2.1197
16b838d7-1f64-4878-bfa6-c6cddfb0e27a	18	20980564	40680506	12383	0.0144
16b838d7-1f64-4878-bfa6-c6cddfb0e27a	18	40680516	40685425	15	-1.2705
16b838d7-1f64-4878-bfa6-c6cddfb0e27a	18	40688060	66054343	17504	0.0029
16b838d7-1f64-4878-bfa6-c6cddfb0e27a	18	66060256	66065592	16	-0.6739
16b838d7-1f64-4878-bfa6-c6cddfb0e27a	18	66065631	79475952	10041	-0.009
16b838d7-1f64-4878-bfa6-c6cddfb0e27a	18	79481207	80257174	389	0.2231
16b838d7-1f64-4878-bfa6-c6cddfb0e27a	19	90910	20411500	8929	-0.0079
16b838d7-1f64-4878-bfa6-c6cddfb0e27a	19	20411869	20538428	71	-0.9265
16b838d7-1f64-4878-bfa6-c6cddfb0e27a	19	20538656	20577052	19	-0.2943
16b838d7-1f64-4878-bfa6-c6cddfb0e27a	19	20582324	43209225	11594	0.0062
16b838d7-1f64-4878-bfa6-c6cddfb0e27a	19	43209582	43252085	16	-1.0213
16b838d7-1f64-4878-bfa6-c6cddfb0e27a	19	43262507	51628560	4149	-0.0073
16b838d7-1f64-4878-bfa6-c6cddfb0e27a	19	51639099	51644944	11	1.0807
16b838d7-1f64-4878-bfa6-c6cddfb0e27a	19	51651652	58586487	4337	-0.0264
16b838d7-1f64-4878-bfa6-c6cddfb0e27a	20	80664	304679	177	0.1763
16b838d7-1f64-4878-bfa6-c6cddfb0e27a	20	304705	1571811	1006	0.0329
16b838d7-1f64-4878-bfa6-c6cddfb0e27a	20	1576544	1580353	21	-0.5865
16b838d7-1f64-4878-bfa6-c6cddfb0e27a	20	1580934	1601446	35	-0.1827
16b838d7-1f64-4878-bfa6-c6cddfb0e27a	20	1601561	1609888	4	1.0695
16b838d7-1f64-4878-bfa6-c6cddfb0e27a	20	1613203	4050805	1690	-0.0356
16b838d7-1f64-4878-bfa6-c6cddfb0e27a	20	4053704	4058537	9	-0.9054
16b838d7-1f64-4878-bfa6-c6cddfb0e27a	20	4060093	7849708	2958	-0.0415
16b838d7-1f64-4878-bfa6-c6cddfb0e27a	20	7850829	42634701	20934	0.0097
16b838d7-1f64-4878-bfa6-c6cddfb0e27a	20	42634716	42634781	5	-1.1497
16b838d7-1f64-4878-bfa6-c6cddfb0e27a	20	42636668	56865130	10400	0.0009
16b838d7-1f64-4878-bfa6-c6cddfb0e27a	20	56865646	60987482	3367	-0.0429
16b838d7-1f64-4878-bfa6-c6cddfb0e27a	20	60989035	61009011	34	0.289
16b838d7-1f64-4878-bfa6-c6cddfb0e27a	20	61009119	61009348	6	-1.0362
16b838d7-1f64-4878-bfa6-c6cddfb0e27a	20	61011507	61973114	780	-0.0086
16b838d7-1f64-4878-bfa6-c6cddfb0e27a	20	61983972	61984028	3	-2.8415
16b838d7-1f64-4878-bfa6-c6cddfb0e27a	20	61992694	63595400	670	0.0065
16b838d7-1f64-4878-bfa6-c6cddfb0e27a	20	63598636	64324800	306	0.2671
16b838d7-1f64-4878-bfa6-c6cddfb0e27a	21	10354168	13919595	297	0.0874
16b838d7-1f64-4878-bfa6-c6cddfb0e27a	21	13920507	13930029	7	-0.9381
16b838d7-1f64-4878-bfa6-c6cddfb0e27a	21	13930431	15496184	1074	0.0341
16b838d7-1f64-4878-bfa6-c6cddfb0e27a	21	15496304	15496464	2	-2.3144
16b838d7-1f64-4878-bfa6-c6cddfb0e27a	21	15506355	37434318	15893	0.008
16b838d7-1f64-4878-bfa6-c6cddfb0e27a	21	37434790	38382048	727	-0.051
16b838d7-1f64-4878-bfa6-c6cddfb0e27a	21	38382183	38382653	7	0.8432
16b838d7-1f64-4878-bfa6-c6cddfb0e27a	21	38384433	45235870	5042	-0.0451
16b838d7-1f64-4878-bfa6-c6cddfb0e27a	21	45236969	46677045	829	0.1101
16b838d7-1f64-4878-bfa6-c6cddfb0e27a	22	15294547	15474116	8	1.0592
16b838d7-1f64-4878-bfa6-c6cddfb0e27a	22	15479574	16844258	192	0.0064
16b838d7-1f64-4878-bfa6-c6cddfb0e27a	22	16844823	16849218	9	0.8327
16b838d7-1f64-4878-bfa6-c6cddfb0e27a	22	16857620	18547989	924	0.0053
16b838d7-1f64-4878-bfa6-c6cddfb0e27a	22	18620743	18822581	7	1.2037
16b838d7-1f64-4878-bfa6-c6cddfb0e27a	22	18822597	19546112	379	-0.012
16b838d7-1f64-4878-bfa6-c6cddfb0e27a	22	19547459	19551004	7	-1.1811
16b838d7-1f64-4878-bfa6-c6cddfb0e27a	22	19553642	19794300	136	0.04
16b838d7-1f64-4878-bfa6-c6cddfb0e27a	22	19795992	19796446	3	-1.756
16b838d7-1f64-4878-bfa6-c6cddfb0e27a	22	19796491	22092333	1422	0.0424
16b838d7-1f64-4878-bfa6-c6cddfb0e27a	22	22092466	22093125	13	-0.7676
16b838d7-1f64-4878-bfa6-c6cddfb0e27a	22	22099274	23232307	838	0.0512
16b838d7-1f64-4878-bfa6-c6cddfb0e27a	22	23234925	23235402	2	-3.3042
16b838d7-1f64-4878-bfa6-c6cddfb0e27a	22	23239115	23987520	456	0.0442
16b838d7-1f64-4878-bfa6-c6cddfb0e27a	22	23988078	23990431	3	-2.5263
16b838d7-1f64-4878-bfa6-c6cddfb0e27a	22	23990739	24686567	356	0.0241
16b838d7-1f64-4878-bfa6-c6cddfb0e27a	22	24691707	24691839	3	-1.2118
16b838d7-1f64-4878-bfa6-c6cddfb0e27a	22	24692042	25340378	507	0.0127
16b838d7-1f64-4878-bfa6-c6cddfb0e27a	22	25340705	25349934	7	0.9491
16b838d7-1f64-4878-bfa6-c6cddfb0e27a	22	25349949	30025311	3755	-0.0161
16b838d7-1f64-4878-bfa6-c6cddfb0e27a	22	30026091	35625767	4276	0.0106
16b838d7-1f64-4878-bfa6-c6cddfb0e27a	22	35626299	35639542	6	-0.8544
16b838d7-1f64-4878-bfa6-c6cddfb0e27a	22	35642029	39376910	2132	0.0209
16b838d7-1f64-4878-bfa6-c6cddfb0e27a	22	39378118	49024157	6741	-0.0244
16b838d7-1f64-4878-bfa6-c6cddfb0e27a	22	49024350	50796027	1106	0.1222
16b838d7-1f64-4878-bfa6-c6cddfb0e27a	X	251810	57345784	33003	0.0113
16b838d7-1f64-4878-bfa6-c6cddfb0e27a	X	57346486	57346498	2	-4.0234
16b838d7-1f64-4878-bfa6-c6cddfb0e27a	X	57346972	155952689	50680	0.0133
16b838d7-1f64-4878-bfa6-c6cddfb0e27a	Y	2782397	6799592	874	-1.0712
16b838d7-1f64-4878-bfa6-c6cddfb0e27a	Y	6801471	56872112	5766	-0.9481
