GDC_Aliquot	Chromosome	Start	End	Num_Probes	Segment_Mean
d3337c40-877f-4afa-ba99-4b2f8aa56103	1	62920	668210	21	0.3956
d3337c40-877f-4afa-ba99-4b2f8aa56103	1	771719	12832455	6491	-0.0043
d3337c40-877f-4afa-ba99-4b2f8aa56103	1	12850124	12867264	6	-1.2887
d3337c40-877f-4afa-ba99-4b2f8aa56103	1	12868035	15157969	1384	-0.0139
d3337c40-877f-4afa-ba99-4b2f8aa56103	1	15158643	15163790	16	-0.6002
d3337c40-877f-4afa-ba99-4b2f8aa56103	1	15167414	15822793	414	-0.011
d3337c40-877f-4afa-ba99-4b2f8aa56103	1	15822848	15827430	8	-0.5367
d3337c40-877f-4afa-ba99-4b2f8aa56103	1	15827706	16767520	346	-0.0136
d3337c40-877f-4afa-ba99-4b2f8aa56103	1	16767532	16935737	65	0.2637
d3337c40-877f-4afa-ba99-4b2f8aa56103	1	16935752	25256800	5262	-0.0059
d3337c40-877f-4afa-ba99-4b2f8aa56103	1	25256850	25320455	25	-0.5617
d3337c40-877f-4afa-ba99-4b2f8aa56103	1	25336819	30265687	2391	-0.0114
d3337c40-877f-4afa-ba99-4b2f8aa56103	1	30266452	30266949	3	-1.2823
d3337c40-877f-4afa-ba99-4b2f8aa56103	1	30268649	34637053	2558	-0.0055
d3337c40-877f-4afa-ba99-4b2f8aa56103	1	34637069	34638890	19	-0.8146
d3337c40-877f-4afa-ba99-4b2f8aa56103	1	34648667	72302815	23767	-0.0107
d3337c40-877f-4afa-ba99-4b2f8aa56103	1	72303233	72345465	46	-1.6319
d3337c40-877f-4afa-ba99-4b2f8aa56103	1	72346221	76661137	2760	-0.0056
d3337c40-877f-4afa-ba99-4b2f8aa56103	1	76662744	76665935	5	-0.8024
d3337c40-877f-4afa-ba99-4b2f8aa56103	1	76666906	103620877	17260	-0.0145
d3337c40-877f-4afa-ba99-4b2f8aa56103	1	103621165	103760781	6	1.2111
d3337c40-877f-4afa-ba99-4b2f8aa56103	1	103760879	108187137	2870	-0.0083
d3337c40-877f-4afa-ba99-4b2f8aa56103	1	108191613	108192255	2	-3.7495
d3337c40-877f-4afa-ba99-4b2f8aa56103	1	108194874	108223733	18	-0.1108
d3337c40-877f-4afa-ba99-4b2f8aa56103	1	108226680	108274557	2	-2.5315
d3337c40-877f-4afa-ba99-4b2f8aa56103	1	108310648	109684893	675	-0.0179
d3337c40-877f-4afa-ba99-4b2f8aa56103	1	109690352	109702376	14	1.9992
d3337c40-877f-4afa-ba99-4b2f8aa56103	1	109703504	110834746	836	-0.0115
d3337c40-877f-4afa-ba99-4b2f8aa56103	1	110834943	110845604	38	-0.8714
d3337c40-877f-4afa-ba99-4b2f8aa56103	1	110849445	146062439	6566	-0.0111
d3337c40-877f-4afa-ba99-4b2f8aa56103	1	146150530	146250588	4	1.1263
d3337c40-877f-4afa-ba99-4b2f8aa56103	1	146716041	152583051	2129	-0.0126
d3337c40-877f-4afa-ba99-4b2f8aa56103	1	152583230	152613762	31	-1.833
d3337c40-877f-4afa-ba99-4b2f8aa56103	1	152613802	152787202	171	-0.0248
d3337c40-877f-4afa-ba99-4b2f8aa56103	1	152789447	152796224	37	-2.1527
d3337c40-877f-4afa-ba99-4b2f8aa56103	1	152801429	193757206	27525	-0.0099
d3337c40-877f-4afa-ba99-4b2f8aa56103	1	193765066	193766389	2	-1.3208
d3337c40-877f-4afa-ba99-4b2f8aa56103	1	193768328	196745743	1941	-0.009
d3337c40-877f-4afa-ba99-4b2f8aa56103	1	196758720	196829435	49	0.321
d3337c40-877f-4afa-ba99-4b2f8aa56103	1	196829513	215682652	12686	-0.0124
d3337c40-877f-4afa-ba99-4b2f8aa56103	1	215684851	215688763	14	-1.2388
d3337c40-877f-4afa-ba99-4b2f8aa56103	1	215692667	248585893	22950	-0.0162
d3337c40-877f-4afa-ba99-4b2f8aa56103	1	248585918	248633912	31	-0.7239
d3337c40-877f-4afa-ba99-4b2f8aa56103	1	248645563	248930189	140	-0.0642
d3337c40-877f-4afa-ba99-4b2f8aa56103	2	12784	4155990	2987	-0.0179
d3337c40-877f-4afa-ba99-4b2f8aa56103	2	4158097	4175922	38	-0.6227
d3337c40-877f-4afa-ba99-4b2f8aa56103	2	4175977	34466002	21057	-0.0132
d3337c40-877f-4afa-ba99-4b2f8aa56103	2	34474248	34511990	46	-0.5829
d3337c40-877f-4afa-ba99-4b2f8aa56103	2	34512096	35750907	872	0.0094
d3337c40-877f-4afa-ba99-4b2f8aa56103	2	35752724	35762850	6	-2.336
d3337c40-877f-4afa-ba99-4b2f8aa56103	2	35762881	38075651	1837	0.0135
d3337c40-877f-4afa-ba99-4b2f8aa56103	2	38079138	38095414	21	-1.0741
d3337c40-877f-4afa-ba99-4b2f8aa56103	2	38098118	52512079	10270	-0.0032
d3337c40-877f-4afa-ba99-4b2f8aa56103	2	52514599	52554404	42	0.3798
d3337c40-877f-4afa-ba99-4b2f8aa56103	2	52560811	87211079	22022	-0.0041
d3337c40-877f-4afa-ba99-4b2f8aa56103	2	87218694	87218834	2	-1.5318
d3337c40-877f-4afa-ba99-4b2f8aa56103	2	87221597	87489240	55	0.0968
d3337c40-877f-4afa-ba99-4b2f8aa56103	2	87489506	87586208	20	-0.4542
d3337c40-877f-4afa-ba99-4b2f8aa56103	2	87586565	97184260	1715	0.0024
d3337c40-877f-4afa-ba99-4b2f8aa56103	2	97188422	97211436	16	0.5697
d3337c40-877f-4afa-ba99-4b2f8aa56103	2	97310327	97359885	13	0.0884
d3337c40-877f-4afa-ba99-4b2f8aa56103	2	97524284	97545726	9	-1.1947
d3337c40-877f-4afa-ba99-4b2f8aa56103	2	97550415	146106861	29398	-0.0068
d3337c40-877f-4afa-ba99-4b2f8aa56103	2	146106875	146120238	23	0.9258
d3337c40-877f-4afa-ba99-4b2f8aa56103	2	146120827	150172420	2264	-0.0067
d3337c40-877f-4afa-ba99-4b2f8aa56103	2	150174288	150181218	6	-0.9479
d3337c40-877f-4afa-ba99-4b2f8aa56103	2	150182694	183929124	21013	-0.0111
d3337c40-877f-4afa-ba99-4b2f8aa56103	2	183929673	183937714	17	-0.6623
d3337c40-877f-4afa-ba99-4b2f8aa56103	2	183943862	228892290	27548	-0.0106
d3337c40-877f-4afa-ba99-4b2f8aa56103	2	228894763	228895120	7	-1.2542
d3337c40-877f-4afa-ba99-4b2f8aa56103	2	228895197	242147305	8200	-0.0073
d3337c40-877f-4afa-ba99-4b2f8aa56103	3	20930	16197556	12893	-0.0069
d3337c40-877f-4afa-ba99-4b2f8aa56103	3	16199049	16199672	6	-0.9089
d3337c40-877f-4afa-ba99-4b2f8aa56103	3	16199818	20271633	2356	-0.0047
d3337c40-877f-4afa-ba99-4b2f8aa56103	3	20273630	20274591	2	-3.0009
d3337c40-877f-4afa-ba99-4b2f8aa56103	3	20286589	162795304	87492	-0.0104
d3337c40-877f-4afa-ba99-4b2f8aa56103	3	162795361	162908207	66	0.959
d3337c40-877f-4afa-ba99-4b2f8aa56103	3	162908784	162996729	72	0.0041
d3337c40-877f-4afa-ba99-4b2f8aa56103	3	162999939	163001774	2	1.1776
d3337c40-877f-4afa-ba99-4b2f8aa56103	3	163008371	173519113	6285	-0.008
d3337c40-877f-4afa-ba99-4b2f8aa56103	3	173522845	173571890	24	0.7323
d3337c40-877f-4afa-ba99-4b2f8aa56103	3	173582403	193156018	12785	-0.0172
d3337c40-877f-4afa-ba99-4b2f8aa56103	3	193156958	193165114	21	-0.6992
d3337c40-877f-4afa-ba99-4b2f8aa56103	3	193168646	197613975	2448	-0.0254
d3337c40-877f-4afa-ba99-4b2f8aa56103	3	197621717	197627117	2	-1.1702
d3337c40-877f-4afa-ba99-4b2f8aa56103	3	197671345	198111566	224	-0.082
d3337c40-877f-4afa-ba99-4b2f8aa56103	3	198118345	198169247	17	-0.5104
d3337c40-877f-4afa-ba99-4b2f8aa56103	4	68929	5308576	2525	-0.0035
d3337c40-877f-4afa-ba99-4b2f8aa56103	4	5308694	5319207	6	-0.7434
d3337c40-877f-4afa-ba99-4b2f8aa56103	4	5321568	9455251	2627	-0.0028
d3337c40-877f-4afa-ba99-4b2f8aa56103	4	9459504	9477699	6	-1.2417
d3337c40-877f-4afa-ba99-4b2f8aa56103	4	9484440	10190726	499	0.008
d3337c40-877f-4afa-ba99-4b2f8aa56103	4	10191803	10203397	27	-0.9933
d3337c40-877f-4afa-ba99-4b2f8aa56103	4	10207101	10208670	12	0.1652
d3337c40-877f-4afa-ba99-4b2f8aa56103	4	10208766	10229874	30	0.5812
d3337c40-877f-4afa-ba99-4b2f8aa56103	4	10232590	25554958	11206	-0.0117
d3337c40-877f-4afa-ba99-4b2f8aa56103	4	25555425	25576647	17	0.9153
d3337c40-877f-4afa-ba99-4b2f8aa56103	4	25583761	68478894	25246	-0.0142
d3337c40-877f-4afa-ba99-4b2f8aa56103	4	68494770	68620261	68	0.6613
d3337c40-877f-4afa-ba99-4b2f8aa56103	4	68623617	111291050	25760	-0.0137
d3337c40-877f-4afa-ba99-4b2f8aa56103	4	111291686	111295645	2	-1.8671
d3337c40-877f-4afa-ba99-4b2f8aa56103	4	111296654	114252500	1927	-0.0176
d3337c40-877f-4afa-ba99-4b2f8aa56103	4	114252544	114263096	26	0.71
d3337c40-877f-4afa-ba99-4b2f8aa56103	4	114263110	115244948	609	-0.0023
d3337c40-877f-4afa-ba99-4b2f8aa56103	4	115251455	115254969	22	-0.82
d3337c40-877f-4afa-ba99-4b2f8aa56103	4	115259026	156035480	24249	-0.0182
d3337c40-877f-4afa-ba99-4b2f8aa56103	4	156046823	156052053	16	-0.9702
d3337c40-877f-4afa-ba99-4b2f8aa56103	4	156053545	160958989	3065	-0.0241
d3337c40-877f-4afa-ba99-4b2f8aa56103	4	160959045	160963756	18	0.5833
d3337c40-877f-4afa-ba99-4b2f8aa56103	4	160963767	171448195	6670	-0.0181
d3337c40-877f-4afa-ba99-4b2f8aa56103	4	171453733	171456559	10	-1.0592
d3337c40-877f-4afa-ba99-4b2f8aa56103	4	171456573	172066777	399	-0.0156
d3337c40-877f-4afa-ba99-4b2f8aa56103	4	172067997	172068382	12	0.9135
d3337c40-877f-4afa-ba99-4b2f8aa56103	4	172074828	188300104	10935	-0.0226
d3337c40-877f-4afa-ba99-4b2f8aa56103	4	188300206	188300221	2	-2.0345
d3337c40-877f-4afa-ba99-4b2f8aa56103	4	188300270	190106768	1144	-0.0329
d3337c40-877f-4afa-ba99-4b2f8aa56103	5	15532	896700	371	-0.0655
d3337c40-877f-4afa-ba99-4b2f8aa56103	5	905586	908425	3	-1.2493
d3337c40-877f-4afa-ba99-4b2f8aa56103	5	913276	8702128	6568	-0.02
d3337c40-877f-4afa-ba99-4b2f8aa56103	5	8702410	8747030	47	-1.0589
d3337c40-877f-4afa-ba99-4b2f8aa56103	5	8749619	12824299	3214	-0.0133
d3337c40-877f-4afa-ba99-4b2f8aa56103	5	12826538	12838421	4	1.1931
d3337c40-877f-4afa-ba99-4b2f8aa56103	5	12849089	44706316	19896	-0.0165
d3337c40-877f-4afa-ba99-4b2f8aa56103	5	44708776	44714228	4	-1.122
d3337c40-877f-4afa-ba99-4b2f8aa56103	5	44715272	51528836	1253	-0.0042
d3337c40-877f-4afa-ba99-4b2f8aa56103	5	51529062	51548270	15	0.3849
d3337c40-877f-4afa-ba99-4b2f8aa56103	5	51553367	58025819	4374	-0.0113
d3337c40-877f-4afa-ba99-4b2f8aa56103	5	58030200	58037706	32	1.6162
d3337c40-877f-4afa-ba99-4b2f8aa56103	5	58042530	59007731	738	-0.0115
d3337c40-877f-4afa-ba99-4b2f8aa56103	5	59007799	59008743	4	-0.876
d3337c40-877f-4afa-ba99-4b2f8aa56103	5	59008878	62277545	2092	-0.0097
d3337c40-877f-4afa-ba99-4b2f8aa56103	5	62279164	62280446	3	-1.3172
d3337c40-877f-4afa-ba99-4b2f8aa56103	5	62286365	70959071	4469	-0.0114
d3337c40-877f-4afa-ba99-4b2f8aa56103	5	70959073	70959079	5	-1.0551
d3337c40-877f-4afa-ba99-4b2f8aa56103	5	71010832	96160927	14635	-0.0135
d3337c40-877f-4afa-ba99-4b2f8aa56103	5	96163286	96163634	2	-1.4484
d3337c40-877f-4afa-ba99-4b2f8aa56103	5	96173022	97575366	879	-0.0176
d3337c40-877f-4afa-ba99-4b2f8aa56103	5	97575825	97582130	3	-0.9466
d3337c40-877f-4afa-ba99-4b2f8aa56103	5	97582143	97709417	82	0.0322
d3337c40-877f-4afa-ba99-4b2f8aa56103	5	97712762	97763616	42	-1.107
d3337c40-877f-4afa-ba99-4b2f8aa56103	5	97763980	97780983	7	0.0915
d3337c40-877f-4afa-ba99-4b2f8aa56103	5	97781157	97789963	5	-0.8147
d3337c40-877f-4afa-ba99-4b2f8aa56103	5	97790259	102141424	2553	0.0051
d3337c40-877f-4afa-ba99-4b2f8aa56103	5	102145792	102148124	2	-1.3282
d3337c40-877f-4afa-ba99-4b2f8aa56103	5	102149877	104524672	1314	-0.0219
d3337c40-877f-4afa-ba99-4b2f8aa56103	5	104524780	104524903	3	-1.1001
d3337c40-877f-4afa-ba99-4b2f8aa56103	5	104525348	138469431	22146	-0.0088
d3337c40-877f-4afa-ba99-4b2f8aa56103	5	138472272	138480022	17	-0.9087
d3337c40-877f-4afa-ba99-4b2f8aa56103	5	138480779	138773206	164	-0.015
d3337c40-877f-4afa-ba99-4b2f8aa56103	5	138787595	138796702	6	-1.1362
d3337c40-877f-4afa-ba99-4b2f8aa56103	5	138800896	152134610	8428	-0.012
d3337c40-877f-4afa-ba99-4b2f8aa56103	5	152135825	152138790	14	-0.6528
d3337c40-877f-4afa-ba99-4b2f8aa56103	5	152140710	177771448	17471	-0.0172
d3337c40-877f-4afa-ba99-4b2f8aa56103	5	177800550	177801578	2	1.8271
d3337c40-877f-4afa-ba99-4b2f8aa56103	5	177805604	180953203	1799	-0.0156
d3337c40-877f-4afa-ba99-4b2f8aa56103	5	180960138	181006225	17	-0.8939
d3337c40-877f-4afa-ba99-4b2f8aa56103	5	181006264	181363319	169	-0.0559
d3337c40-877f-4afa-ba99-4b2f8aa56103	6	149661	29869295	21647	-0.0166
d3337c40-877f-4afa-ba99-4b2f8aa56103	6	29869410	29881490	16	0.8615
d3337c40-877f-4afa-ba99-4b2f8aa56103	6	29882419	31318528	666	0.0024
d3337c40-877f-4afa-ba99-4b2f8aa56103	6	31318754	31328674	9	-1.2928
d3337c40-877f-4afa-ba99-4b2f8aa56103	6	31342147	32614112	541	-0.0388
d3337c40-877f-4afa-ba99-4b2f8aa56103	6	32614426	32633540	8	-1.1923
d3337c40-877f-4afa-ba99-4b2f8aa56103	6	32634330	32658841	13	0.6393
d3337c40-877f-4afa-ba99-4b2f8aa56103	6	32682835	76726815	25866	-0.0089
d3337c40-877f-4afa-ba99-4b2f8aa56103	6	76730151	76742956	19	-3.893
d3337c40-877f-4afa-ba99-4b2f8aa56103	6	76742972	76743040	2	-1.4313
d3337c40-877f-4afa-ba99-4b2f8aa56103	6	76751356	78253172	976	-0.0113
d3337c40-877f-4afa-ba99-4b2f8aa56103	6	78259348	78325468	112	-2.8256
d3337c40-877f-4afa-ba99-4b2f8aa56103	6	78329517	93781590	9917	-0.007
d3337c40-877f-4afa-ba99-4b2f8aa56103	6	93787331	94417554	420	0.0777
d3337c40-877f-4afa-ba99-4b2f8aa56103	6	94417795	95847934	602	0.0062
d3337c40-877f-4afa-ba99-4b2f8aa56103	6	95858801	95859750	3	-0.9531
d3337c40-877f-4afa-ba99-4b2f8aa56103	6	95860355	99623782	2345	-0.025
d3337c40-877f-4afa-ba99-4b2f8aa56103	6	99623921	99624922	2	-1.2399
d3337c40-877f-4afa-ba99-4b2f8aa56103	6	99627876	103286954	2184	-0.004
d3337c40-877f-4afa-ba99-4b2f8aa56103	6	103290101	103314186	46	-1.5587
d3337c40-877f-4afa-ba99-4b2f8aa56103	6	103317795	114874292	7248	-0.0165
d3337c40-877f-4afa-ba99-4b2f8aa56103	6	114881368	114881442	3	-1.3072
d3337c40-877f-4afa-ba99-4b2f8aa56103	6	114881626	133945130	11821	-0.0176
d3337c40-877f-4afa-ba99-4b2f8aa56103	6	133947933	133948494	2	-2.2381
d3337c40-877f-4afa-ba99-4b2f8aa56103	6	133950934	170741917	25088	-0.0187
d3337c40-877f-4afa-ba99-4b2f8aa56103	7	43355	17055903	11740	-0.008
d3337c40-877f-4afa-ba99-4b2f8aa56103	7	17056208	17620405	438	0.0628
d3337c40-877f-4afa-ba99-4b2f8aa56103	7	17620481	17659174	26	-0.2838
d3337c40-877f-4afa-ba99-4b2f8aa56103	7	17659219	19664515	1785	0.0255
d3337c40-877f-4afa-ba99-4b2f8aa56103	7	19664840	26092670	4830	-0.0102
d3337c40-877f-4afa-ba99-4b2f8aa56103	7	26102772	26105793	4	-0.8689
d3337c40-877f-4afa-ba99-4b2f8aa56103	7	26107599	38254500	8534	-0.0104
d3337c40-877f-4afa-ba99-4b2f8aa56103	7	38255395	38345240	116	-0.9074
d3337c40-877f-4afa-ba99-4b2f8aa56103	7	38347190	70955452	17116	-0.0136
d3337c40-877f-4afa-ba99-4b2f8aa56103	7	70958264	70961155	2	-2.561
d3337c40-877f-4afa-ba99-4b2f8aa56103	7	70963257	87311487	9091	-0.014
d3337c40-877f-4afa-ba99-4b2f8aa56103	7	87312353	87318911	3	-1.0329
d3337c40-877f-4afa-ba99-4b2f8aa56103	7	87322493	88542064	663	-0.0249
d3337c40-877f-4afa-ba99-4b2f8aa56103	7	88542217	90077844	1038	0.0567
d3337c40-877f-4afa-ba99-4b2f8aa56103	7	90080569	97777749	4937	-0.0131
d3337c40-877f-4afa-ba99-4b2f8aa56103	7	97788295	97788298	2	-1.9659
d3337c40-877f-4afa-ba99-4b2f8aa56103	7	97791337	105946407	4077	-0.0195
d3337c40-877f-4afa-ba99-4b2f8aa56103	7	105946471	105946995	5	-0.9138
d3337c40-877f-4afa-ba99-4b2f8aa56103	7	105947907	109789870	2492	0
d3337c40-877f-4afa-ba99-4b2f8aa56103	7	109789993	109813853	40	-0.4431
d3337c40-877f-4afa-ba99-4b2f8aa56103	7	109813925	140495201	18874	-0.0114
d3337c40-877f-4afa-ba99-4b2f8aa56103	7	140497291	140497457	2	1.3157
d3337c40-877f-4afa-ba99-4b2f8aa56103	7	140498096	142063324	1081	-0.0009
d3337c40-877f-4afa-ba99-4b2f8aa56103	7	142069843	142099190	34	-0.644
d3337c40-877f-4afa-ba99-4b2f8aa56103	7	142099360	142513468	334	-0.0482
d3337c40-877f-4afa-ba99-4b2f8aa56103	7	142513915	142785841	111	-0.5623
d3337c40-877f-4afa-ba99-4b2f8aa56103	7	142801993	159334314	10421	-0.0113
d3337c40-877f-4afa-ba99-4b2f8aa56103	8	81254	643041	322	0.2259
d3337c40-877f-4afa-ba99-4b2f8aa56103	8	644944	645908	10	-0.5012
d3337c40-877f-4afa-ba99-4b2f8aa56103	8	656117	6968330	7292	0.2533
d3337c40-877f-4afa-ba99-4b2f8aa56103	8	6968741	6969677	12	-0.626
d3337c40-877f-4afa-ba99-4b2f8aa56103	8	6975846	8528174	449	0.2758
d3337c40-877f-4afa-ba99-4b2f8aa56103	8	8528287	8528932	5	-0.3795
d3337c40-877f-4afa-ba99-4b2f8aa56103	8	8530797	9196404	596	0.2694
d3337c40-877f-4afa-ba99-4b2f8aa56103	8	9198857	9204950	25	-0.5291
d3337c40-877f-4afa-ba99-4b2f8aa56103	8	9204965	9205016	3	-1.2201
d3337c40-877f-4afa-ba99-4b2f8aa56103	8	9205517	14720147	4392	0.2536
d3337c40-877f-4afa-ba99-4b2f8aa56103	8	14720153	14720161	3	-1.1674
d3337c40-877f-4afa-ba99-4b2f8aa56103	8	14720897	14730727	39	0.1836
d3337c40-877f-4afa-ba99-4b2f8aa56103	8	14730741	14730842	3	-0.8705
d3337c40-877f-4afa-ba99-4b2f8aa56103	8	14731570	25117007	8330	0.2587
d3337c40-877f-4afa-ba99-4b2f8aa56103	8	25117062	25126818	24	0.7206
d3337c40-877f-4afa-ba99-4b2f8aa56103	8	25133589	39378084	9017	0.2558
d3337c40-877f-4afa-ba99-4b2f8aa56103	8	39389156	39529446	58	0.6359
d3337c40-877f-4afa-ba99-4b2f8aa56103	8	39530780	40324598	589	0.2498
d3337c40-877f-4afa-ba99-4b2f8aa56103	8	40326278	40331992	34	-1.0604
d3337c40-877f-4afa-ba99-4b2f8aa56103	8	40335391	49966087	3851	0.2421
d3337c40-877f-4afa-ba99-4b2f8aa56103	8	49967674	50023128	40	0.4884
d3337c40-877f-4afa-ba99-4b2f8aa56103	8	50023614	50118212	67	0.2461
d3337c40-877f-4afa-ba99-4b2f8aa56103	8	50119451	50120863	9	-0.5096
d3337c40-877f-4afa-ba99-4b2f8aa56103	8	50126018	111282065	37423	0.2555
d3337c40-877f-4afa-ba99-4b2f8aa56103	8	111282237	111283031	8	-0.5834
d3337c40-877f-4afa-ba99-4b2f8aa56103	8	111288052	114619814	1821	0.2544
d3337c40-877f-4afa-ba99-4b2f8aa56103	8	114622258	114629502	35	-0.6176
d3337c40-877f-4afa-ba99-4b2f8aa56103	8	114638468	115071993	292	0.2895
d3337c40-877f-4afa-ba99-4b2f8aa56103	8	115072708	141371192	19208	0.2512
d3337c40-877f-4afa-ba99-4b2f8aa56103	8	141382867	143616987	1043	0.2944
d3337c40-877f-4afa-ba99-4b2f8aa56103	8	143622987	143625638	9	-1.4295
d3337c40-877f-4afa-ba99-4b2f8aa56103	8	143636819	145072769	504	0.2284
d3337c40-877f-4afa-ba99-4b2f8aa56103	9	46587	5078443	5240	-0.0081
d3337c40-877f-4afa-ba99-4b2f8aa56103	9	5079156	5082995	12	0.5075
d3337c40-877f-4afa-ba99-4b2f8aa56103	9	5083003	5147539	67	-0.0636
d3337c40-877f-4afa-ba99-4b2f8aa56103	9	5147817	5262567	80	0.1372
d3337c40-877f-4afa-ba99-4b2f8aa56103	9	5262607	6684955	966	-0.032
d3337c40-877f-4afa-ba99-4b2f8aa56103	9	6685029	6687217	2	-1.3971
d3337c40-877f-4afa-ba99-4b2f8aa56103	9	6689722	25953112	15903	-0.0107
d3337c40-877f-4afa-ba99-4b2f8aa56103	9	25953801	25953817	2	-1.4182
d3337c40-877f-4afa-ba99-4b2f8aa56103	9	25954055	39588611	8901	-0.0121
d3337c40-877f-4afa-ba99-4b2f8aa56103	9	39747848	40099921	8	1.0401
d3337c40-877f-4afa-ba99-4b2f8aa56103	9	40189830	42014203	98	-0.0037
d3337c40-877f-4afa-ba99-4b2f8aa56103	9	42037471	42574420	37	-1.8562
d3337c40-877f-4afa-ba99-4b2f8aa56103	9	42585140	64467459	176	0.0281
d3337c40-877f-4afa-ba99-4b2f8aa56103	9	64480563	64510407	12	-1.0089
d3337c40-877f-4afa-ba99-4b2f8aa56103	9	64520620	66018944	30	0.0728
d3337c40-877f-4afa-ba99-4b2f8aa56103	9	66084268	68351648	38	-0.3534
d3337c40-877f-4afa-ba99-4b2f8aa56103	9	68367083	138200944	47913	-0.0104
d3337c40-877f-4afa-ba99-4b2f8aa56103	10	45792	30957581	24216	-0.0159
d3337c40-877f-4afa-ba99-4b2f8aa56103	10	30962405	30962850	11	-0.8547
d3337c40-877f-4afa-ba99-4b2f8aa56103	10	30962893	46792344	7488	-0.0172
d3337c40-877f-4afa-ba99-4b2f8aa56103	10	46804606	46810571	2	-2.2314
d3337c40-877f-4afa-ba99-4b2f8aa56103	10	46836986	49995238	1656	-0.0134
d3337c40-877f-4afa-ba99-4b2f8aa56103	10	50014239	50019987	3	-1.0274
d3337c40-877f-4afa-ba99-4b2f8aa56103	10	50020287	50070600	22	0.0688
d3337c40-877f-4afa-ba99-4b2f8aa56103	10	50081224	50132160	4	1.2321
d3337c40-877f-4afa-ba99-4b2f8aa56103	10	50144008	56753095	4852	-0.0108
d3337c40-877f-4afa-ba99-4b2f8aa56103	10	56756615	56767077	41	-0.8793
d3337c40-877f-4afa-ba99-4b2f8aa56103	10	56772992	65546518	6113	-0.0181
d3337c40-877f-4afa-ba99-4b2f8aa56103	10	65548165	65554688	28	-2.2103
d3337c40-877f-4afa-ba99-4b2f8aa56103	10	65563037	122574497	38315	-0.0145
d3337c40-877f-4afa-ba99-4b2f8aa56103	10	122584593	122591497	6	-1.1574
d3337c40-877f-4afa-ba99-4b2f8aa56103	10	122597296	133654968	7896	-0.0134
d3337c40-877f-4afa-ba99-4b2f8aa56103	11	198510	4946021	2416	-0.0094
d3337c40-877f-4afa-ba99-4b2f8aa56103	11	4946166	4954445	29	0.4342
d3337c40-877f-4afa-ba99-4b2f8aa56103	11	4954475	5768371	790	-0.0091
d3337c40-877f-4afa-ba99-4b2f8aa56103	11	5768495	5787909	29	-0.5198
d3337c40-877f-4afa-ba99-4b2f8aa56103	11	5788108	21825348	12049	-0.0156
d3337c40-877f-4afa-ba99-4b2f8aa56103	11	21825960	21827206	5	-0.9951
d3337c40-877f-4afa-ba99-4b2f8aa56103	11	21829111	22322609	291	-0.0107
d3337c40-877f-4afa-ba99-4b2f8aa56103	11	22329922	22330059	2	-1.3391
d3337c40-877f-4afa-ba99-4b2f8aa56103	11	22333699	25633389	2397	-0.0049
d3337c40-877f-4afa-ba99-4b2f8aa56103	11	25633667	25639130	2	-4.2064
d3337c40-877f-4afa-ba99-4b2f8aa56103	11	25641188	55595864	16470	-0.011
d3337c40-877f-4afa-ba99-4b2f8aa56103	11	55606556	55685533	59	0.3441
d3337c40-877f-4afa-ba99-4b2f8aa56103	11	55686100	74313212	9542	-0.0109
d3337c40-877f-4afa-ba99-4b2f8aa56103	11	74314244	74315183	2	-1.7134
d3337c40-877f-4afa-ba99-4b2f8aa56103	11	74318485	135074876	42741	-0.0163
d3337c40-877f-4afa-ba99-4b2f8aa56103	12	51460	9477960	6176	-0.014
d3337c40-877f-4afa-ba99-4b2f8aa56103	12	9481274	9575696	24	0.9024
d3337c40-877f-4afa-ba99-4b2f8aa56103	12	9582373	11078856	1040	-0.0177
d3337c40-877f-4afa-ba99-4b2f8aa56103	12	11080319	11088933	5	-1.7626
d3337c40-877f-4afa-ba99-4b2f8aa56103	12	11099275	30082648	13261	-0.015
d3337c40-877f-4afa-ba99-4b2f8aa56103	12	30086334	30091000	26	-0.5555
d3337c40-877f-4afa-ba99-4b2f8aa56103	12	30091017	32177481	1573	-0.0183
d3337c40-877f-4afa-ba99-4b2f8aa56103	12	32178261	32181558	3	-0.9977
d3337c40-877f-4afa-ba99-4b2f8aa56103	12	32183952	37593924	1534	-0.0063
d3337c40-877f-4afa-ba99-4b2f8aa56103	12	37618765	37620216	2	-2.316
d3337c40-877f-4afa-ba99-4b2f8aa56103	12	37640556	45506042	4755	-0.0107
d3337c40-877f-4afa-ba99-4b2f8aa56103	12	45510655	45515754	4	-1.7791
d3337c40-877f-4afa-ba99-4b2f8aa56103	12	45519509	48331259	1718	-0.0128
d3337c40-877f-4afa-ba99-4b2f8aa56103	12	48331456	48331632	3	-2.035
d3337c40-877f-4afa-ba99-4b2f8aa56103	12	48336253	60184877	6793	-0.0101
d3337c40-877f-4afa-ba99-4b2f8aa56103	12	60188212	60190272	2	-1.4484
d3337c40-877f-4afa-ba99-4b2f8aa56103	12	60190582	69153341	5773	-0.0142
d3337c40-877f-4afa-ba99-4b2f8aa56103	12	69153862	69154016	2	1.3883
d3337c40-877f-4afa-ba99-4b2f8aa56103	12	69154695	87369661	11349	-0.0164
d3337c40-877f-4afa-ba99-4b2f8aa56103	12	87369716	87369847	5	-1.0468
d3337c40-877f-4afa-ba99-4b2f8aa56103	12	87370018	118214077	20800	-0.0124
d3337c40-877f-4afa-ba99-4b2f8aa56103	12	118216338	118222125	3	-1.547
d3337c40-877f-4afa-ba99-4b2f8aa56103	12	118228452	119790988	1106	-0.0257
d3337c40-877f-4afa-ba99-4b2f8aa56103	12	119791867	119791877	2	-1.5852
d3337c40-877f-4afa-ba99-4b2f8aa56103	12	119792138	127949500	5065	-0.008
d3337c40-877f-4afa-ba99-4b2f8aa56103	12	127949763	127949777	2	-1.2291
d3337c40-877f-4afa-ba99-4b2f8aa56103	12	127950198	131613371	3227	-0.0228
d3337c40-877f-4afa-ba99-4b2f8aa56103	12	131613387	131613508	2	1.3105
d3337c40-877f-4afa-ba99-4b2f8aa56103	12	131614448	133201603	588	-0.0157
d3337c40-877f-4afa-ba99-4b2f8aa56103	13	18452809	23055071	2855	-0.0251
d3337c40-877f-4afa-ba99-4b2f8aa56103	13	23058539	23059376	12	-0.7302
d3337c40-877f-4afa-ba99-4b2f8aa56103	13	23064056	37496998	10610	-0.02
d3337c40-877f-4afa-ba99-4b2f8aa56103	13	37497899	37510620	16	-0.634
d3337c40-877f-4afa-ba99-4b2f8aa56103	13	37514193	48957415	8026	-0.0104
d3337c40-877f-4afa-ba99-4b2f8aa56103	13	48959579	48962368	2	-3.118
d3337c40-877f-4afa-ba99-4b2f8aa56103	13	48963569	71902850	13521	-0.0082
d3337c40-877f-4afa-ba99-4b2f8aa56103	13	71903417	71906418	4	-2.5765
d3337c40-877f-4afa-ba99-4b2f8aa56103	13	71906467	72317872	353	-0.0133
d3337c40-877f-4afa-ba99-4b2f8aa56103	13	72320699	72329817	6	-0.606
d3337c40-877f-4afa-ba99-4b2f8aa56103	13	72331198	72635843	223	-0.002
d3337c40-877f-4afa-ba99-4b2f8aa56103	13	72637700	72664586	23	-0.5532
d3337c40-877f-4afa-ba99-4b2f8aa56103	13	72667046	99731790	17631	-0.0178
d3337c40-877f-4afa-ba99-4b2f8aa56103	13	99731849	99732899	3	-1.2074
d3337c40-877f-4afa-ba99-4b2f8aa56103	13	99733106	105128737	4263	-0.0245
d3337c40-877f-4afa-ba99-4b2f8aa56103	13	105129375	105770148	511	0.0507
d3337c40-877f-4afa-ba99-4b2f8aa56103	13	105772143	109395141	2943	-0.0284
d3337c40-877f-4afa-ba99-4b2f8aa56103	13	109395238	109396395	5	0.7261
d3337c40-877f-4afa-ba99-4b2f8aa56103	13	109398272	114342922	3120	-0.0137
d3337c40-877f-4afa-ba99-4b2f8aa56103	14	18239283	19957701	170	-0.2926
d3337c40-877f-4afa-ba99-4b2f8aa56103	14	19957752	21872691	1277	-0.0137
d3337c40-877f-4afa-ba99-4b2f8aa56103	14	21874234	21993192	127	-0.2468
d3337c40-877f-4afa-ba99-4b2f8aa56103	14	21993537	22139542	125	-0.6607
d3337c40-877f-4afa-ba99-4b2f8aa56103	14	22143351	22144291	8	-1.2986
d3337c40-877f-4afa-ba99-4b2f8aa56103	14	22144334	22148431	6	-0.577
d3337c40-877f-4afa-ba99-4b2f8aa56103	14	22148880	22149479	3	-2.1512
d3337c40-877f-4afa-ba99-4b2f8aa56103	14	22151835	22486728	263	-0.8621
d3337c40-877f-4afa-ba99-4b2f8aa56103	14	22490304	22509533	51	-0.2547
d3337c40-877f-4afa-ba99-4b2f8aa56103	14	22509594	40139724	11004	-0.0166
d3337c40-877f-4afa-ba99-4b2f8aa56103	14	40144718	40147715	2	1.274
d3337c40-877f-4afa-ba99-4b2f8aa56103	14	40148961	41139155	721	-0.0029
d3337c40-877f-4afa-ba99-4b2f8aa56103	14	41141293	41188146	15	-0.6965
d3337c40-877f-4afa-ba99-4b2f8aa56103	14	41200899	44350506	1925	-0.0049
d3337c40-877f-4afa-ba99-4b2f8aa56103	14	44350987	44465304	67	0.564
d3337c40-877f-4afa-ba99-4b2f8aa56103	14	44465399	73529070	18467	-0.0133
d3337c40-877f-4afa-ba99-4b2f8aa56103	14	73534419	73563196	10	1.513
d3337c40-877f-4afa-ba99-4b2f8aa56103	14	73563211	83575497	6630	-0.0144
d3337c40-877f-4afa-ba99-4b2f8aa56103	14	83578381	83583871	4	-1.0581
d3337c40-877f-4afa-ba99-4b2f8aa56103	14	83585844	106877229	14522	-0.0076
d3337c40-877f-4afa-ba99-4b2f8aa56103	15	19811075	20364698	77	0.0344
d3337c40-877f-4afa-ba99-4b2f8aa56103	15	20367363	20372242	5	0.58
d3337c40-877f-4afa-ba99-4b2f8aa56103	15	20372259	20376311	13	0.0729
d3337c40-877f-4afa-ba99-4b2f8aa56103	15	20380735	20422239	35	0.3343
d3337c40-877f-4afa-ba99-4b2f8aa56103	15	20441322	24429604	1070	-0.035
d3337c40-877f-4afa-ba99-4b2f8aa56103	15	24429740	24473026	32	-0.6539
d3337c40-877f-4afa-ba99-4b2f8aa56103	15	24473449	25174845	460	-0.0181
d3337c40-877f-4afa-ba99-4b2f8aa56103	15	25176460	25185081	6	-1.2282
d3337c40-877f-4afa-ba99-4b2f8aa56103	15	25185096	26575603	1064	-0.0283
d3337c40-877f-4afa-ba99-4b2f8aa56103	15	26579015	26580217	2	-1.4298
d3337c40-877f-4afa-ba99-4b2f8aa56103	15	26582007	34421922	4662	-0.0211
d3337c40-877f-4afa-ba99-4b2f8aa56103	15	34430601	34526116	65	-0.7419
d3337c40-877f-4afa-ba99-4b2f8aa56103	15	34570058	57789074	14495	-0.0113
d3337c40-877f-4afa-ba99-4b2f8aa56103	15	57789648	57791230	3	-1.7052
d3337c40-877f-4afa-ba99-4b2f8aa56103	15	57796193	76599170	11915	-0.0061
d3337c40-877f-4afa-ba99-4b2f8aa56103	15	76599286	76610415	31	-0.3112
d3337c40-877f-4afa-ba99-4b2f8aa56103	15	76610855	83871965	4403	-0.0097
d3337c40-877f-4afa-ba99-4b2f8aa56103	15	83871986	83874798	6	-1.2701
d3337c40-877f-4afa-ba99-4b2f8aa56103	15	83878525	85964486	1101	-0.0259
d3337c40-877f-4afa-ba99-4b2f8aa56103	15	85965728	85977902	8	-1.0423
d3337c40-877f-4afa-ba99-4b2f8aa56103	15	85978606	101888922	12082	-0.011
d3337c40-877f-4afa-ba99-4b2f8aa56103	15	101894806	101928837	5	-1.3791
d3337c40-877f-4afa-ba99-4b2f8aa56103	16	10777	21368130	14389	-0.0151
d3337c40-877f-4afa-ba99-4b2f8aa56103	16	21401082	21580019	20	-0.9909
d3337c40-877f-4afa-ba99-4b2f8aa56103	16	21582134	22546611	362	-0.0489
d3337c40-877f-4afa-ba99-4b2f8aa56103	16	22546990	22699421	68	-1.016
d3337c40-877f-4afa-ba99-4b2f8aa56103	16	22701658	55762477	12084	-0.0121
d3337c40-877f-4afa-ba99-4b2f8aa56103	16	55762598	55788532	21	-0.8416
d3337c40-877f-4afa-ba99-4b2f8aa56103	16	55808442	55824881	13	0.4444
d3337c40-877f-4afa-ba99-4b2f8aa56103	16	55834527	71320340	9131	-0.0114
d3337c40-877f-4afa-ba99-4b2f8aa56103	16	71321332	71321410	2	0.4962
d3337c40-877f-4afa-ba99-4b2f8aa56103	16	71322232	71325697	4	-0.9087
d3337c40-877f-4afa-ba99-4b2f8aa56103	16	71327558	75054541	2306	-0.016
d3337c40-877f-4afa-ba99-4b2f8aa56103	16	75057069	75080260	12	0.548
d3337c40-877f-4afa-ba99-4b2f8aa56103	16	75082368	76828911	1228	-0.0117
d3337c40-877f-4afa-ba99-4b2f8aa56103	16	76831003	76831225	2	-1.3268
d3337c40-877f-4afa-ba99-4b2f8aa56103	16	76831383	78337711	1581	-0.0226
d3337c40-877f-4afa-ba99-4b2f8aa56103	16	78338543	78350841	16	-2.5359
d3337c40-877f-4afa-ba99-4b2f8aa56103	16	78350868	90096867	10621	-0.015
d3337c40-877f-4afa-ba99-4b2f8aa56103	17	150733	601987	237	-0.0305
d3337c40-877f-4afa-ba99-4b2f8aa56103	17	606752	1236662	316	-0.1182
d3337c40-877f-4afa-ba99-4b2f8aa56103	17	1237871	6197464	2807	-0.0163
d3337c40-877f-4afa-ba99-4b2f8aa56103	17	6197476	6197491	2	-2.2504
d3337c40-877f-4afa-ba99-4b2f8aa56103	17	6197723	18414080	8033	-0.0134
d3337c40-877f-4afa-ba99-4b2f8aa56103	17	18452078	18509244	17	-0.4752
d3337c40-877f-4afa-ba99-4b2f8aa56103	17	18523147	36103057	6842	-0.0041
d3337c40-877f-4afa-ba99-4b2f8aa56103	17	36108119	36208249	40	-0.419
d3337c40-877f-4afa-ba99-4b2f8aa56103	17	36460442	41266838	2528	-0.0143
d3337c40-877f-4afa-ba99-4b2f8aa56103	17	41266851	41267053	5	-0.925
d3337c40-877f-4afa-ba99-4b2f8aa56103	17	41267068	46089055	2511	-0.0173
d3337c40-877f-4afa-ba99-4b2f8aa56103	17	46089089	46707286	131	-0.3444
d3337c40-877f-4afa-ba99-4b2f8aa56103	17	46707312	83091923	21554	-0.0102
d3337c40-877f-4afa-ba99-4b2f8aa56103	18	48133	66095064	40353	-0.015
d3337c40-877f-4afa-ba99-4b2f8aa56103	18	66099904	66100686	3	-2.9191
d3337c40-877f-4afa-ba99-4b2f8aa56103	18	66108359	80257174	10374	-0.0081
d3337c40-877f-4afa-ba99-4b2f8aa56103	19	90910	35358420	16704	-0.0089
d3337c40-877f-4afa-ba99-4b2f8aa56103	19	35364451	35370946	21	-1.9895
d3337c40-877f-4afa-ba99-4b2f8aa56103	19	35375842	43139226	3842	-0.008
d3337c40-877f-4afa-ba99-4b2f8aa56103	19	43142696	43236813	44	-0.8358
d3337c40-877f-4afa-ba99-4b2f8aa56103	19	43249149	58586487	8496	-0.0081
d3337c40-877f-4afa-ba99-4b2f8aa56103	20	80664	1601446	1239	-0.0205
d3337c40-877f-4afa-ba99-4b2f8aa56103	20	1601561	1613203	5	-1.0749
d3337c40-877f-4afa-ba99-4b2f8aa56103	20	1613247	14812166	9925	-0.0057
d3337c40-877f-4afa-ba99-4b2f8aa56103	20	14812188	14812192	2	-2.3694
d3337c40-877f-4afa-ba99-4b2f8aa56103	20	14812769	54065071	23788	-0.0114
d3337c40-877f-4afa-ba99-4b2f8aa56103	20	54065291	54065389	5	-1.8908
d3337c40-877f-4afa-ba99-4b2f8aa56103	20	54065719	64324800	7412	-0.0048
d3337c40-877f-4afa-ba99-4b2f8aa56103	21	10354168	10569525	55	0.0716
d3337c40-877f-4afa-ba99-4b2f8aa56103	21	10571815	10756733	31	0.3511
d3337c40-877f-4afa-ba99-4b2f8aa56103	21	10775586	46677045	23780	-0.0131
d3337c40-877f-4afa-ba99-4b2f8aa56103	22	15294547	15570064	12	-0.0424
d3337c40-877f-4afa-ba99-4b2f8aa56103	22	15583346	15825678	21	-0.6248
d3337c40-877f-4afa-ba99-4b2f8aa56103	22	15825902	18620743	1099	-0.0095
d3337c40-877f-4afa-ba99-4b2f8aa56103	22	18649244	18818348	5	1.417
d3337c40-877f-4afa-ba99-4b2f8aa56103	22	18822581	22398127	2317	-0.0281
d3337c40-877f-4afa-ba99-4b2f8aa56103	22	22398345	22398545	4	-1.0662
d3337c40-877f-4afa-ba99-4b2f8aa56103	22	22402989	22545961	66	-0.1137
d3337c40-877f-4afa-ba99-4b2f8aa56103	22	22547242	49146410	18782	-0.0082
d3337c40-877f-4afa-ba99-4b2f8aa56103	22	49146485	50796027	955	-0.059
d3337c40-877f-4afa-ba99-4b2f8aa56103	X	251810	155952689	82896	0.0003
d3337c40-877f-4afa-ba99-4b2f8aa56103	Y	2782397	19339136	5456	-0.8552
d3337c40-877f-4afa-ba99-4b2f8aa56103	Y	19339888	19344589	2	-2.231
d3337c40-877f-4afa-ba99-4b2f8aa56103	Y	19345120	56872112	1181	-0.8392
