GDC_Aliquot	Chromosome	Start	End	Num_Probes	Segment_Mean
15cf2546-8b35-4ae7-84ad-6139fdb3f744	1	62920	3118555	658	0.0199
15cf2546-8b35-4ae7-84ad-6139fdb3f744	1	3127617	61971271	35033	-0.062
15cf2546-8b35-4ae7-84ad-6139fdb3f744	1	61973559	61984863	37	-0.8576
15cf2546-8b35-4ae7-84ad-6139fdb3f744	1	61989000	72302735	7004	-0.0493
15cf2546-8b35-4ae7-84ad-6139fdb3f744	1	72302815	72345450	46	1.6884
15cf2546-8b35-4ae7-84ad-6139fdb3f744	1	72345465	103586648	19975	-0.0481
15cf2546-8b35-4ae7-84ad-6139fdb3f744	1	103589737	103761017	19	0.5345
15cf2546-8b35-4ae7-84ad-6139fdb3f744	1	103764621	109684695	3560	-0.0481
15cf2546-8b35-4ae7-84ad-6139fdb3f744	1	109684893	109697556	14	1.7218
15cf2546-8b35-4ae7-84ad-6139fdb3f744	1	109702376	109707968	8	0.4406
15cf2546-8b35-4ae7-84ad-6139fdb3f744	1	109708520	109865619	99	-0.0144
15cf2546-8b35-4ae7-84ad-6139fdb3f744	1	109866473	109866873	2	0.9484
15cf2546-8b35-4ae7-84ad-6139fdb3f744	1	109869470	110833459	726	-0.0575
15cf2546-8b35-4ae7-84ad-6139fdb3f744	1	110833598	110837143	20	-0.9441
15cf2546-8b35-4ae7-84ad-6139fdb3f744	1	110837198	110839857	3	0.3187
15cf2546-8b35-4ae7-84ad-6139fdb3f744	1	110839907	110845604	17	-0.765
15cf2546-8b35-4ae7-84ad-6139fdb3f744	1	110849445	111285776	327	-0.0645
15cf2546-8b35-4ae7-84ad-6139fdb3f744	1	111285842	111286182	9	0.4832
15cf2546-8b35-4ae7-84ad-6139fdb3f744	1	111286379	112147704	739	-0.0523
15cf2546-8b35-4ae7-84ad-6139fdb3f744	1	112153343	112154390	18	-2.1569
15cf2546-8b35-4ae7-84ad-6139fdb3f744	1	112154552	112154768	7	-0.9769
15cf2546-8b35-4ae7-84ad-6139fdb3f744	1	112163334	119848520	4947	-0.0449
15cf2546-8b35-4ae7-84ad-6139fdb3f744	1	119849224	147411652	786	0.0467
15cf2546-8b35-4ae7-84ad-6139fdb3f744	1	147411857	152583051	1852	-0.0399
15cf2546-8b35-4ae7-84ad-6139fdb3f744	1	152583230	152588065	9	-0.7808
15cf2546-8b35-4ae7-84ad-6139fdb3f744	1	152588392	152613762	22	-1.8567
15cf2546-8b35-4ae7-84ad-6139fdb3f744	1	152613802	152787202	170	-0.0362
15cf2546-8b35-4ae7-84ad-6139fdb3f744	1	152789447	152805967	40	0.515
15cf2546-8b35-4ae7-84ad-6139fdb3f744	1	152806050	167795598	10149	-0.0526
15cf2546-8b35-4ae7-84ad-6139fdb3f744	1	167796946	167797682	4	-1.225
15cf2546-8b35-4ae7-84ad-6139fdb3f744	1	167799276	169246873	1109	-0.0592
15cf2546-8b35-4ae7-84ad-6139fdb3f744	1	169247699	169273163	9	0.6033
15cf2546-8b35-4ae7-84ad-6139fdb3f744	1	169285639	174828195	3519	-0.0523
15cf2546-8b35-4ae7-84ad-6139fdb3f744	1	174828247	174832716	10	0.7064
15cf2546-8b35-4ae7-84ad-6139fdb3f744	1	174832734	174834468	10	0.0032
15cf2546-8b35-4ae7-84ad-6139fdb3f744	1	174834534	174834556	2	2.2458
15cf2546-8b35-4ae7-84ad-6139fdb3f744	1	174834573	179151398	2833	-0.0524
15cf2546-8b35-4ae7-84ad-6139fdb3f744	1	179151520	179151541	2	-1.6782
15cf2546-8b35-4ae7-84ad-6139fdb3f744	1	179151608	179361393	220	-0.0703
15cf2546-8b35-4ae7-84ad-6139fdb3f744	1	179362247	179364180	3	-1.3094
15cf2546-8b35-4ae7-84ad-6139fdb3f744	1	179370071	188144454	5840	-0.0503
15cf2546-8b35-4ae7-84ad-6139fdb3f744	1	188145614	188148396	2	-1.6594
15cf2546-8b35-4ae7-84ad-6139fdb3f744	1	188148443	193186662	3308	-0.0432
15cf2546-8b35-4ae7-84ad-6139fdb3f744	1	193187149	193187218	4	2.0178
15cf2546-8b35-4ae7-84ad-6139fdb3f744	1	193190593	196772186	2405	-0.0512
15cf2546-8b35-4ae7-84ad-6139fdb3f744	1	196772237	196788990	20	-0.6526
15cf2546-8b35-4ae7-84ad-6139fdb3f744	1	196789019	232752027	24165	-0.0549
15cf2546-8b35-4ae7-84ad-6139fdb3f744	1	232752579	232771803	11	-0.9706
15cf2546-8b35-4ae7-84ad-6139fdb3f744	1	232772723	242896472	7838	-0.0573
15cf2546-8b35-4ae7-84ad-6139fdb3f744	1	242899299	242922358	12	0.5064
15cf2546-8b35-4ae7-84ad-6139fdb3f744	1	242922374	243163650	57	0.0234
15cf2546-8b35-4ae7-84ad-6139fdb3f744	1	243164636	243173458	2	1.9455
15cf2546-8b35-4ae7-84ad-6139fdb3f744	1	243174914	248574146	3526	-0.026
15cf2546-8b35-4ae7-84ad-6139fdb3f744	1	248585893	248646068	35	-0.7062
15cf2546-8b35-4ae7-84ad-6139fdb3f744	1	248661836	248930189	137	0.0302
15cf2546-8b35-4ae7-84ad-6139fdb3f744	2	12784	3197646	2246	-0.0449
15cf2546-8b35-4ae7-84ad-6139fdb3f744	2	3199226	3199974	2	-1.8771
15cf2546-8b35-4ae7-84ad-6139fdb3f744	2	3200081	7499242	3674	-0.0418
15cf2546-8b35-4ae7-84ad-6139fdb3f744	2	7502934	7506841	2	2.1613
15cf2546-8b35-4ae7-84ad-6139fdb3f744	2	7506876	34486407	18146	-0.0447
15cf2546-8b35-4ae7-84ad-6139fdb3f744	2	34491703	34492416	9	0.9202
15cf2546-8b35-4ae7-84ad-6139fdb3f744	2	34492601	41011095	4812	-0.0467
15cf2546-8b35-4ae7-84ad-6139fdb3f744	2	41011303	41015703	16	-0.7212
15cf2546-8b35-4ae7-84ad-6139fdb3f744	2	41015728	75650686	23084	-0.046
15cf2546-8b35-4ae7-84ad-6139fdb3f744	2	75654013	75654032	2	2.4202
15cf2546-8b35-4ae7-84ad-6139fdb3f744	2	75654151	88847124	7699	-0.0448
15cf2546-8b35-4ae7-84ad-6139fdb3f744	2	88847392	94685288	364	0.099
15cf2546-8b35-4ae7-84ad-6139fdb3f744	2	94693073	130037806	20712	-0.0424
15cf2546-8b35-4ae7-84ad-6139fdb3f744	2	130059766	130116915	11	0.6965
15cf2546-8b35-4ae7-84ad-6139fdb3f744	2	130117303	137700765	4341	-0.0433
15cf2546-8b35-4ae7-84ad-6139fdb3f744	2	137701069	137912626	134	0.1528
15cf2546-8b35-4ae7-84ad-6139fdb3f744	2	137912651	179553661	25518	-0.0496
15cf2546-8b35-4ae7-84ad-6139fdb3f744	2	179553763	179557161	24	-0.6445
15cf2546-8b35-4ae7-84ad-6139fdb3f744	2	179557179	242147305	38471	-0.0455
15cf2546-8b35-4ae7-84ad-6139fdb3f744	3	20930	6604856	5806	-0.037
15cf2546-8b35-4ae7-84ad-6139fdb3f744	3	6609441	6610989	17	-2.8141
15cf2546-8b35-4ae7-84ad-6139fdb3f744	3	6611381	6611645	6	-1.3128
15cf2546-8b35-4ae7-84ad-6139fdb3f744	3	6613391	68697013	41893	-0.0487
15cf2546-8b35-4ae7-84ad-6139fdb3f744	3	68697108	68698262	14	-1.402
15cf2546-8b35-4ae7-84ad-6139fdb3f744	3	68699607	75331295	4839	-0.0513
15cf2546-8b35-4ae7-84ad-6139fdb3f744	3	75332618	75853758	152	0.1738
15cf2546-8b35-4ae7-84ad-6139fdb3f744	3	75863200	95737262	9030	-0.0506
15cf2546-8b35-4ae7-84ad-6139fdb3f744	3	95748036	95749266	2	-2.9401
15cf2546-8b35-4ae7-84ad-6139fdb3f744	3	95749836	98190281	1252	-0.0469
15cf2546-8b35-4ae7-84ad-6139fdb3f744	3	98194581	98195973	2	1.532
15cf2546-8b35-4ae7-84ad-6139fdb3f744	3	98197104	99218940	591	-0.0443
15cf2546-8b35-4ae7-84ad-6139fdb3f744	3	99225614	99230457	35	-0.5556
15cf2546-8b35-4ae7-84ad-6139fdb3f744	3	99230464	187877506	54330	-0.0487
15cf2546-8b35-4ae7-84ad-6139fdb3f744	3	187877590	187877925	2	2.4016
15cf2546-8b35-4ae7-84ad-6139fdb3f744	3	187877952	193155915	3812	-0.0413
15cf2546-8b35-4ae7-84ad-6139fdb3f744	3	193156018	193165114	22	1.1881
15cf2546-8b35-4ae7-84ad-6139fdb3f744	3	193168646	195673928	1485	-0.0603
15cf2546-8b35-4ae7-84ad-6139fdb3f744	3	195683075	195728637	23	-1.0428
15cf2546-8b35-4ae7-84ad-6139fdb3f744	3	195728990	198169247	1184	-0.0441
15cf2546-8b35-4ae7-84ad-6139fdb3f744	4	68929	905355	317	0.018
15cf2546-8b35-4ae7-84ad-6139fdb3f744	4	916158	3843754	1235	-0.0889
15cf2546-8b35-4ae7-84ad-6139fdb3f744	4	3844300	4180275	92	0.1622
15cf2546-8b35-4ae7-84ad-6139fdb3f744	4	4182970	8714304	3444	-0.0717
15cf2546-8b35-4ae7-84ad-6139fdb3f744	4	8714811	9648974	116	0.1263
15cf2546-8b35-4ae7-84ad-6139fdb3f744	4	9652366	10197004	460	-0.0533
15cf2546-8b35-4ae7-84ad-6139fdb3f744	4	10197200	10229874	63	0.1556
15cf2546-8b35-4ae7-84ad-6139fdb3f744	4	10232590	10232984	3	1.4972
15cf2546-8b35-4ae7-84ad-6139fdb3f744	4	10233383	34800585	16964	-0.0547
15cf2546-8b35-4ae7-84ad-6139fdb3f744	4	34801128	34812668	11	0.5554
15cf2546-8b35-4ae7-84ad-6139fdb3f744	4	34813937	49087357	8958	-0.0558
15cf2546-8b35-4ae7-84ad-6139fdb3f744	4	49091769	49656595	33	0.6046
15cf2546-8b35-4ae7-84ad-6139fdb3f744	4	51819533	63831751	7551	-0.0599
15cf2546-8b35-4ae7-84ad-6139fdb3f744	4	63831799	63852325	30	0.4044
15cf2546-8b35-4ae7-84ad-6139fdb3f744	4	63856498	68354665	2837	-0.0604
15cf2546-8b35-4ae7-84ad-6139fdb3f744	4	68361130	68418873	9	0.8797
15cf2546-8b35-4ae7-84ad-6139fdb3f744	4	68422420	68422424	3	-2.3043
15cf2546-8b35-4ae7-84ad-6139fdb3f744	4	68429081	68506285	12	0.1221
15cf2546-8b35-4ae7-84ad-6139fdb3f744	4	68509223	68686026	73	0.6188
15cf2546-8b35-4ae7-84ad-6139fdb3f744	4	68726064	69261926	306	-0.0425
15cf2546-8b35-4ae7-84ad-6139fdb3f744	4	69261934	69363634	51	0.3655
15cf2546-8b35-4ae7-84ad-6139fdb3f744	4	69363716	79437964	6346	-0.0492
15cf2546-8b35-4ae7-84ad-6139fdb3f744	4	79438264	79438809	2	-1.7359
15cf2546-8b35-4ae7-84ad-6139fdb3f744	4	79441647	103824414	14633	-0.0519
15cf2546-8b35-4ae7-84ad-6139fdb3f744	4	103830473	103830480	5	1.3975
15cf2546-8b35-4ae7-84ad-6139fdb3f744	4	103830487	107147256	1872	-0.0477
15cf2546-8b35-4ae7-84ad-6139fdb3f744	4	107150362	107150471	3	1.402
15cf2546-8b35-4ae7-84ad-6139fdb3f744	4	107150731	172066777	39423	-0.0483
15cf2546-8b35-4ae7-84ad-6139fdb3f744	4	172067997	172079670	16	0.8416
15cf2546-8b35-4ae7-84ad-6139fdb3f744	4	172080680	188463309	11053	-0.0452
15cf2546-8b35-4ae7-84ad-6139fdb3f744	4	188463625	188468920	2	1.7386
15cf2546-8b35-4ae7-84ad-6139fdb3f744	4	188469197	188502834	31	-0.0026
15cf2546-8b35-4ae7-84ad-6139fdb3f744	4	188510603	188511407	10	0.6636
15cf2546-8b35-4ae7-84ad-6139fdb3f744	4	188511431	190106768	955	-0.0335
15cf2546-8b35-4ae7-84ad-6139fdb3f744	5	15532	717264	310	-0.0245
15cf2546-8b35-4ae7-84ad-6139fdb3f744	5	717410	742574	14	0.8248
15cf2546-8b35-4ae7-84ad-6139fdb3f744	5	760901	12785150	9836	-0.054
15cf2546-8b35-4ae7-84ad-6139fdb3f744	5	12790757	12819201	7	0.723
15cf2546-8b35-4ae7-84ad-6139fdb3f744	5	12819263	12826538	8	-1.7558
15cf2546-8b35-4ae7-84ad-6139fdb3f744	5	12833745	46271006	20443	-0.0542
15cf2546-8b35-4ae7-84ad-6139fdb3f744	5	46271828	46273400	6	-2.4047
15cf2546-8b35-4ae7-84ad-6139fdb3f744	5	46278110	58025819	5065	-0.0538
15cf2546-8b35-4ae7-84ad-6139fdb3f744	5	58030200	58037706	32	1.4706
15cf2546-8b35-4ae7-84ad-6139fdb3f744	5	58042530	69550476	7276	-0.0474
15cf2546-8b35-4ae7-84ad-6139fdb3f744	5	69571467	69822308	5	-1.227
15cf2546-8b35-4ae7-84ad-6139fdb3f744	5	69937600	104515520	19491	-0.0556
15cf2546-8b35-4ae7-84ad-6139fdb3f744	5	104524672	104524903	4	1.1951
15cf2546-8b35-4ae7-84ad-6139fdb3f744	5	104525348	152134610	30731	-0.0562
15cf2546-8b35-4ae7-84ad-6139fdb3f744	5	152135825	152138790	14	-0.6906
15cf2546-8b35-4ae7-84ad-6139fdb3f744	5	152140710	156049910	2656	-0.0466
15cf2546-8b35-4ae7-84ad-6139fdb3f744	5	156049988	156055705	11	-0.7381
15cf2546-8b35-4ae7-84ad-6139fdb3f744	5	156055719	159548202	2378	-0.0559
15cf2546-8b35-4ae7-84ad-6139fdb3f744	5	159548492	159557837	13	-0.7114
15cf2546-8b35-4ae7-84ad-6139fdb3f744	5	159560514	174876594	10875	-0.0569
15cf2546-8b35-4ae7-84ad-6139fdb3f744	5	174877398	174880056	2	1.5101
15cf2546-8b35-4ae7-84ad-6139fdb3f744	5	174882040	179677132	2596	-0.062
15cf2546-8b35-4ae7-84ad-6139fdb3f744	5	179677599	179678151	5	0.965
15cf2546-8b35-4ae7-84ad-6139fdb3f744	5	179678266	180951888	721	-0.0439
15cf2546-8b35-4ae7-84ad-6139fdb3f744	5	180953203	181028411	33	0.4173
15cf2546-8b35-4ae7-84ad-6139fdb3f744	5	181030846	181363319	154	0.004
15cf2546-8b35-4ae7-84ad-6139fdb3f744	6	149661	257353	102	-0.0182
15cf2546-8b35-4ae7-84ad-6139fdb3f744	6	258265	303121	25	0.3579
15cf2546-8b35-4ae7-84ad-6139fdb3f744	6	314962	26747504	20089	-0.0571
15cf2546-8b35-4ae7-84ad-6139fdb3f744	6	26749330	26855781	10	0.7778
15cf2546-8b35-4ae7-84ad-6139fdb3f744	6	26859166	29861630	1387	-0.0426
15cf2546-8b35-4ae7-84ad-6139fdb3f744	6	29861635	29980974	82	0.3087
15cf2546-8b35-4ae7-84ad-6139fdb3f744	6	29983234	53230063	14226	-0.0592
15cf2546-8b35-4ae7-84ad-6139fdb3f744	6	53230642	53230765	2	-2.392
15cf2546-8b35-4ae7-84ad-6139fdb3f744	6	53231008	54066353	640	-0.0534
15cf2546-8b35-4ae7-84ad-6139fdb3f744	6	54066432	54067057	6	-2.0024
15cf2546-8b35-4ae7-84ad-6139fdb3f744	6	54070550	65001506	4464	-0.0495
15cf2546-8b35-4ae7-84ad-6139fdb3f744	6	65003844	65003899	2	-1.9106
15cf2546-8b35-4ae7-84ad-6139fdb3f744	6	65007491	76318064	7419	-0.0527
15cf2546-8b35-4ae7-84ad-6139fdb3f744	6	76323236	76323472	2	2.2713
15cf2546-8b35-4ae7-84ad-6139fdb3f744	6	76323492	76730151	263	-0.0496
15cf2546-8b35-4ae7-84ad-6139fdb3f744	6	76730331	76743040	20	-0.5536
15cf2546-8b35-4ae7-84ad-6139fdb3f744	6	76751356	78253172	973	-0.0658
15cf2546-8b35-4ae7-84ad-6139fdb3f744	6	78259348	78329517	112	-0.4841
15cf2546-8b35-4ae7-84ad-6139fdb3f744	6	78331916	154550946	48384	-0.0546
15cf2546-8b35-4ae7-84ad-6139fdb3f744	6	154553352	154556401	2	-2.0403
15cf2546-8b35-4ae7-84ad-6139fdb3f744	6	154557246	170741917	11205	-0.0537
15cf2546-8b35-4ae7-84ad-6139fdb3f744	7	43355	9065141	5338	0.7765
15cf2546-8b35-4ae7-84ad-6139fdb3f744	7	9065396	9074768	7	-0.1259
15cf2546-8b35-4ae7-84ad-6139fdb3f744	7	9077787	26092670	13441	0.7888
15cf2546-8b35-4ae7-84ad-6139fdb3f744	7	26102772	26105793	4	-1.2608
15cf2546-8b35-4ae7-84ad-6139fdb3f744	7	26107599	38263833	8527	0.7638
15cf2546-8b35-4ae7-84ad-6139fdb3f744	7	38271122	38375102	130	0.9655
15cf2546-8b35-4ae7-84ad-6139fdb3f744	7	38375461	45437588	4492	0.7736
15cf2546-8b35-4ae7-84ad-6139fdb3f744	7	45445978	45446625	2	-1.2159
15cf2546-8b35-4ae7-84ad-6139fdb3f744	7	45453212	70955452	12595	0.7694
15cf2546-8b35-4ae7-84ad-6139fdb3f744	7	70958264	70961155	2	-2.5821
15cf2546-8b35-4ae7-84ad-6139fdb3f744	7	70963257	72803584	1153	0.7673
15cf2546-8b35-4ae7-84ad-6139fdb3f744	7	72804899	75936497	768	0.6855
15cf2546-8b35-4ae7-84ad-6139fdb3f744	7	75938276	97756423	13745	0.7936
15cf2546-8b35-4ae7-84ad-6139fdb3f744	7	97756621	101409205	1561	0.7191
15cf2546-8b35-4ae7-84ad-6139fdb3f744	7	101416451	101416668	2	-1.0429
15cf2546-8b35-4ae7-84ad-6139fdb3f744	7	101419630	102889150	590	0.7081
15cf2546-8b35-4ae7-84ad-6139fdb3f744	7	102889324	109801187	4478	0.7659
15cf2546-8b35-4ae7-84ad-6139fdb3f744	7	109801572	109813705	6	1.6696
15cf2546-8b35-4ae7-84ad-6139fdb3f744	7	109813746	126404869	10015	0.7907
15cf2546-8b35-4ae7-84ad-6139fdb3f744	7	126404920	126406823	15	1.9766
15cf2546-8b35-4ae7-84ad-6139fdb3f744	7	126406824	142122749	9965	0.7691
15cf2546-8b35-4ae7-84ad-6139fdb3f744	7	142122764	142805092	436	0.8683
15cf2546-8b35-4ae7-84ad-6139fdb3f744	7	142805387	143125117	216	0.7734
15cf2546-8b35-4ae7-84ad-6139fdb3f744	7	143130861	143194628	33	0.3516
15cf2546-8b35-4ae7-84ad-6139fdb3f744	7	143200677	147314296	2361	0.7928
15cf2546-8b35-4ae7-84ad-6139fdb3f744	7	147314595	147314989	2	-0.9418
15cf2546-8b35-4ae7-84ad-6139fdb3f744	7	147317906	159334314	7787	0.7582
15cf2546-8b35-4ae7-84ad-6139fdb3f744	8	81254	111279265	72465	-0.0522
15cf2546-8b35-4ae7-84ad-6139fdb3f744	8	111282050	111283031	9	1.1015
15cf2546-8b35-4ae7-84ad-6139fdb3f744	8	111288052	143227769	22253	-0.0501
15cf2546-8b35-4ae7-84ad-6139fdb3f744	8	143227828	143228267	4	1.2373
15cf2546-8b35-4ae7-84ad-6139fdb3f744	8	143228432	145072769	632	-0.0262
15cf2546-8b35-4ae7-84ad-6139fdb3f744	9	46587	602903	508	-0.0163
15cf2546-8b35-4ae7-84ad-6139fdb3f744	9	606699	607307	5	1.5862
15cf2546-8b35-4ae7-84ad-6139fdb3f744	9	607519	24500842	20685	-0.038
15cf2546-8b35-4ae7-84ad-6139fdb3f744	9	24503818	24517684	20	-2.9439
15cf2546-8b35-4ae7-84ad-6139fdb3f744	9	24519686	39588611	9917	-0.0493
15cf2546-8b35-4ae7-84ad-6139fdb3f744	9	39747848	39833357	4	-1.5413
15cf2546-8b35-4ae7-84ad-6139fdb3f744	9	39840169	42014203	102	0.0869
15cf2546-8b35-4ae7-84ad-6139fdb3f744	9	42037471	42211663	22	-1.667
15cf2546-8b35-4ae7-84ad-6139fdb3f744	9	42230926	63580418	138	0.1045
15cf2546-8b35-4ae7-84ad-6139fdb3f744	9	63590317	63592813	7	1.3559
15cf2546-8b35-4ae7-84ad-6139fdb3f744	9	63614182	63632493	9	0.0454
15cf2546-8b35-4ae7-84ad-6139fdb3f744	9	63657717	63692647	8	0.7554
15cf2546-8b35-4ae7-84ad-6139fdb3f744	9	63692872	69476351	1034	-0.0434
15cf2546-8b35-4ae7-84ad-6139fdb3f744	9	69482739	69505204	64	-0.9458
15cf2546-8b35-4ae7-84ad-6139fdb3f744	9	69505231	93707815	17092	-0.0533
15cf2546-8b35-4ae7-84ad-6139fdb3f744	9	93708429	93710664	3	-2.3264
15cf2546-8b35-4ae7-84ad-6139fdb3f744	9	93711682	129844727	25142	-0.0509
15cf2546-8b35-4ae7-84ad-6139fdb3f744	9	129844762	129852133	12	0.5931
15cf2546-8b35-4ae7-84ad-6139fdb3f744	9	129852157	138200944	4614	-0.0726
15cf2546-8b35-4ae7-84ad-6139fdb3f744	10	45792	24088746	19161	-0.0518
15cf2546-8b35-4ae7-84ad-6139fdb3f744	10	24088747	24089125	9	-2.2346
15cf2546-8b35-4ae7-84ad-6139fdb3f744	10	24089979	27308509	2190	-0.0489
15cf2546-8b35-4ae7-84ad-6139fdb3f744	10	27318256	27412991	83	-0.9385
15cf2546-8b35-4ae7-84ad-6139fdb3f744	10	27413580	30957581	2735	-0.0618
15cf2546-8b35-4ae7-84ad-6139fdb3f744	10	30962405	30962850	11	-2.2079
15cf2546-8b35-4ae7-84ad-6139fdb3f744	10	30962893	45817039	7199	-0.0563
15cf2546-8b35-4ae7-84ad-6139fdb3f744	10	45936113	45998155	2	1.6885
15cf2546-8b35-4ae7-84ad-6139fdb3f744	10	45999975	46792344	286	-0.0321
15cf2546-8b35-4ae7-84ad-6139fdb3f744	10	46804606	46898735	4	1.2635
15cf2546-8b35-4ae7-84ad-6139fdb3f744	10	46901552	79737848	21922	-0.0534
15cf2546-8b35-4ae7-84ad-6139fdb3f744	10	79747269	79836564	17	-0.6082
15cf2546-8b35-4ae7-84ad-6139fdb3f744	10	79837113	87278584	5176	-0.0579
15cf2546-8b35-4ae7-84ad-6139fdb3f744	10	87286741	87310039	2	2.1763
15cf2546-8b35-4ae7-84ad-6139fdb3f744	10	87310988	130690776	29916	-0.0552
15cf2546-8b35-4ae7-84ad-6139fdb3f744	10	130692570	130694571	3	1.6376
15cf2546-8b35-4ae7-84ad-6139fdb3f744	10	130694656	133654968	1811	-0.0509
15cf2546-8b35-4ae7-84ad-6139fdb3f744	11	198510	436461	95	0.1191
15cf2546-8b35-4ae7-84ad-6139fdb3f744	11	437668	50189869	33804	-0.0499
15cf2546-8b35-4ae7-84ad-6139fdb3f744	11	50194558	55608804	537	0.0744
15cf2546-8b35-4ae7-84ad-6139fdb3f744	11	55609022	55674842	40	-0.633
15cf2546-8b35-4ae7-84ad-6139fdb3f744	11	55676735	65031323	5189	-0.062
15cf2546-8b35-4ae7-84ad-6139fdb3f744	11	65031576	65693584	237	0.0928
15cf2546-8b35-4ae7-84ad-6139fdb3f744	11	65695372	67654761	773	-0.0848
15cf2546-8b35-4ae7-84ad-6139fdb3f744	11	67655887	68002801	103	0.1562
15cf2546-8b35-4ae7-84ad-6139fdb3f744	11	68003122	133947577	45083	-0.0522
15cf2546-8b35-4ae7-84ad-6139fdb3f744	11	133947761	133955026	10	0.6278
15cf2546-8b35-4ae7-84ad-6139fdb3f744	11	133959691	135074876	829	-0.01
15cf2546-8b35-4ae7-84ad-6139fdb3f744	12	51460	34308836	23456	-0.0446
15cf2546-8b35-4ae7-84ad-6139fdb3f744	12	34309460	37659489	143	0.2105
15cf2546-8b35-4ae7-84ad-6139fdb3f744	12	37659504	72848336	21418	-0.0495
15cf2546-8b35-4ae7-84ad-6139fdb3f744	12	72851624	72851625	2	2.1624
15cf2546-8b35-4ae7-84ad-6139fdb3f744	12	72859412	95847679	14493	-0.0526
15cf2546-8b35-4ae7-84ad-6139fdb3f744	12	95849282	95850205	2	-1.8324
15cf2546-8b35-4ae7-84ad-6139fdb3f744	12	95856811	116972886	14290	-0.0526
15cf2546-8b35-4ae7-84ad-6139fdb3f744	12	116973275	116977882	3	1.2964
15cf2546-8b35-4ae7-84ad-6139fdb3f744	12	116980222	126640834	5968	-0.0648
15cf2546-8b35-4ae7-84ad-6139fdb3f744	12	126641198	126645946	2	2.0782
15cf2546-8b35-4ae7-84ad-6139fdb3f744	12	126646494	133201603	4942	-0.0381
15cf2546-8b35-4ae7-84ad-6139fdb3f744	13	18452809	24461469	3991	-0.0422
15cf2546-8b35-4ae7-84ad-6139fdb3f744	13	24465452	24465540	4	-1.4067
15cf2546-8b35-4ae7-84ad-6139fdb3f744	13	24465893	30207584	4258	-0.0557
15cf2546-8b35-4ae7-84ad-6139fdb3f744	13	30207962	30209634	4	-1.3909
15cf2546-8b35-4ae7-84ad-6139fdb3f744	13	30215542	31958485	1291	-0.0532
15cf2546-8b35-4ae7-84ad-6139fdb3f744	13	31958590	31964286	17	-0.8093
15cf2546-8b35-4ae7-84ad-6139fdb3f744	13	31965910	50970918	13001	-0.0526
15cf2546-8b35-4ae7-84ad-6139fdb3f744	13	50972775	50975062	2	1.9775
15cf2546-8b35-4ae7-84ad-6139fdb3f744	13	50975421	68668123	10307	-0.0424
15cf2546-8b35-4ae7-84ad-6139fdb3f744	13	68674167	68675349	7	-1.3478
15cf2546-8b35-4ae7-84ad-6139fdb3f744	13	68676647	68686602	21	-0.3415
15cf2546-8b35-4ae7-84ad-6139fdb3f744	13	68687021	68694110	9	-1.0895
15cf2546-8b35-4ae7-84ad-6139fdb3f744	13	68694987	71902850	2051	-0.0401
15cf2546-8b35-4ae7-84ad-6139fdb3f744	13	71903417	71906467	5	1.6032
15cf2546-8b35-4ae7-84ad-6139fdb3f744	13	71912345	114342922	29035	-0.0479
15cf2546-8b35-4ae7-84ad-6139fdb3f744	14	18239283	19732024	65	-0.0783
15cf2546-8b35-4ae7-84ad-6139fdb3f744	14	19732222	19954424	100	-0.4842
15cf2546-8b35-4ae7-84ad-6139fdb3f744	14	19955213	21942304	1374	-0.0534
15cf2546-8b35-4ae7-84ad-6139fdb3f744	14	21942429	22497974	460	0.1796
15cf2546-8b35-4ae7-84ad-6139fdb3f744	14	22499871	52025303	18286	-0.0413
15cf2546-8b35-4ae7-84ad-6139fdb3f744	14	52027680	52027989	2	-2.0969
15cf2546-8b35-4ae7-84ad-6139fdb3f744	14	52028657	85099082	21478	-0.0522
15cf2546-8b35-4ae7-84ad-6139fdb3f744	14	85099129	85099456	3	1.9675
15cf2546-8b35-4ae7-84ad-6139fdb3f744	14	85099620	88094954	2045	-0.0531
15cf2546-8b35-4ae7-84ad-6139fdb3f744	14	88101573	88101807	2	-2.6932
15cf2546-8b35-4ae7-84ad-6139fdb3f744	14	88104895	105803660	11032	-0.0573
15cf2546-8b35-4ae7-84ad-6139fdb3f744	14	105803674	106454694	249	0.1644
15cf2546-8b35-4ae7-84ad-6139fdb3f744	14	106454986	106877229	216	-0.0475
15cf2546-8b35-4ae7-84ad-6139fdb3f744	15	19811075	20345433	75	0.066
15cf2546-8b35-4ae7-84ad-6139fdb3f744	15	20364698	22294951	127	-0.5969
15cf2546-8b35-4ae7-84ad-6139fdb3f744	15	22296480	24429740	996	-0.039
15cf2546-8b35-4ae7-84ad-6139fdb3f744	15	24429986	24488093	37	0.3741
15cf2546-8b35-4ae7-84ad-6139fdb3f744	15	24492131	30077711	3585	-0.0331
15cf2546-8b35-4ae7-84ad-6139fdb3f744	15	30077828	30812612	103	0.2708
15cf2546-8b35-4ae7-84ad-6139fdb3f744	15	30814639	101928837	46543	-0.0492
15cf2546-8b35-4ae7-84ad-6139fdb3f744	16	10777	5540624	2577	-0.0543
15cf2546-8b35-4ae7-84ad-6139fdb3f744	16	5540730	5541258	2	2.4412
15cf2546-8b35-4ae7-84ad-6139fdb3f744	16	5548347	35214946	17569	-0.0386
15cf2546-8b35-4ae7-84ad-6139fdb3f744	16	35215237	35522700	173	0.7655
15cf2546-8b35-4ae7-84ad-6139fdb3f744	16	35526596	78337711	20874	-0.0549
15cf2546-8b35-4ae7-84ad-6139fdb3f744	16	78338543	78347366	14	-2.9032
15cf2546-8b35-4ae7-84ad-6139fdb3f744	16	78349243	90096867	10601	-0.0475
15cf2546-8b35-4ae7-84ad-6139fdb3f744	17	150733	761804	337	0.4784
15cf2546-8b35-4ae7-84ad-6139fdb3f744	17	764003	764137	2	1.9184
15cf2546-8b35-4ae7-84ad-6139fdb3f744	17	775251	2408335	816	0.4292
15cf2546-8b35-4ae7-84ad-6139fdb3f744	17	2409060	2409080	4	1.3621
15cf2546-8b35-4ae7-84ad-6139fdb3f744	17	2413234	3595117	693	0.4254
15cf2546-8b35-4ae7-84ad-6139fdb3f744	17	3602274	3654159	35	-0.1404
15cf2546-8b35-4ae7-84ad-6139fdb3f744	17	3665125	14030001	6877	0.4192
15cf2546-8b35-4ae7-84ad-6139fdb3f744	17	14033343	15870594	1300	0.4768
15cf2546-8b35-4ae7-84ad-6139fdb3f744	17	15870840	21507153	2558	0.4153
15cf2546-8b35-4ae7-84ad-6139fdb3f744	17	21510252	22690829	246	0.5501
15cf2546-8b35-4ae7-84ad-6139fdb3f744	17	22693422	33999558	3875	0.4075
15cf2546-8b35-4ae7-84ad-6139fdb3f744	17	33999944	34002674	2	2.215
15cf2546-8b35-4ae7-84ad-6139fdb3f744	17	34005667	36157718	1534	0.4342
15cf2546-8b35-4ae7-84ad-6139fdb3f744	17	36200725	36208249	2	2.4387
15cf2546-8b35-4ae7-84ad-6139fdb3f744	17	36460442	41085237	2421	0.4036
15cf2546-8b35-4ae7-84ad-6139fdb3f744	17	41088020	41089704	2	-1.5472
15cf2546-8b35-4ae7-84ad-6139fdb3f744	17	41090139	46085732	2617	0.4101
15cf2546-8b35-4ae7-84ad-6139fdb3f744	17	46088437	46284997	122	0.8811
15cf2546-8b35-4ae7-84ad-6139fdb3f744	17	46286804	47258823	306	0.4057
15cf2546-8b35-4ae7-84ad-6139fdb3f744	17	47260051	47260583	4	-0.5529
15cf2546-8b35-4ae7-84ad-6139fdb3f744	17	47262991	48399158	583	0.3906
15cf2546-8b35-4ae7-84ad-6139fdb3f744	17	48399987	48408080	3	1.6538
15cf2546-8b35-4ae7-84ad-6139fdb3f744	17	48408241	48791969	181	0.4431
15cf2546-8b35-4ae7-84ad-6139fdb3f744	17	48794984	50819776	1079	0.3686
15cf2546-8b35-4ae7-84ad-6139fdb3f744	17	50823514	76786609	16182	0.4268
15cf2546-8b35-4ae7-84ad-6139fdb3f744	17	76789516	76792055	2	-1.1499
15cf2546-8b35-4ae7-84ad-6139fdb3f744	17	76792592	83091923	3211	0.4155
15cf2546-8b35-4ae7-84ad-6139fdb3f744	18	48133	80257174	50642	-0.0429
15cf2546-8b35-4ae7-84ad-6139fdb3f744	19	90910	20049358	8706	-0.0766
15cf2546-8b35-4ae7-84ad-6139fdb3f744	19	20051243	21002501	537	0.0882
15cf2546-8b35-4ae7-84ad-6139fdb3f744	19	21005566	24068026	1775	-0.0453
15cf2546-8b35-4ae7-84ad-6139fdb3f744	19	24068296	27707365	200	0.1702
15cf2546-8b35-4ae7-84ad-6139fdb3f744	19	27707531	33156473	3995	-0.0639
15cf2546-8b35-4ae7-84ad-6139fdb3f744	19	33158009	33160549	2	1.5992
15cf2546-8b35-4ae7-84ad-6139fdb3f744	19	33161341	35365801	1488	-0.0798
15cf2546-8b35-4ae7-84ad-6139fdb3f744	19	35366205	35366964	6	0.9039
15cf2546-8b35-4ae7-84ad-6139fdb3f744	19	35370268	42711176	3666	-0.077
15cf2546-8b35-4ae7-84ad-6139fdb3f744	19	42712819	43004881	120	0.1882
15cf2546-8b35-4ae7-84ad-6139fdb3f744	19	43005501	43142696	58	-0.054
15cf2546-8b35-4ae7-84ad-6139fdb3f744	19	43143826	43193181	24	-0.6242
15cf2546-8b35-4ae7-84ad-6139fdb3f744	19	43198881	43211877	8	0.3496
15cf2546-8b35-4ae7-84ad-6139fdb3f744	19	43212089	43236813	11	-0.7209
15cf2546-8b35-4ae7-84ad-6139fdb3f744	19	43249149	52813087	4946	-0.061
15cf2546-8b35-4ae7-84ad-6139fdb3f744	19	52815851	52859452	50	0.5582
15cf2546-8b35-4ae7-84ad-6139fdb3f744	19	52860885	58586487	3492	-0.0391
15cf2546-8b35-4ae7-84ad-6139fdb3f744	20	80664	1571811	1182	-0.0191
15cf2546-8b35-4ae7-84ad-6139fdb3f744	20	1576544	1590717	38	-0.5627
15cf2546-8b35-4ae7-84ad-6139fdb3f744	20	1590732	7412092	4351	-0.0478
15cf2546-8b35-4ae7-84ad-6139fdb3f744	20	7420339	7426090	2	-2.7785
15cf2546-8b35-4ae7-84ad-6139fdb3f744	20	7426261	23502643	12699	-0.0476
15cf2546-8b35-4ae7-84ad-6139fdb3f744	20	23503043	23575578	63	0.2506
15cf2546-8b35-4ae7-84ad-6139fdb3f744	20	23575861	26215232	1606	-0.0421
15cf2546-8b35-4ae7-84ad-6139fdb3f744	20	26215250	31247246	93	0.1766
15cf2546-8b35-4ae7-84ad-6139fdb3f744	20	31247668	60987482	20509	-0.0584
15cf2546-8b35-4ae7-84ad-6139fdb3f744	20	60989035	61015145	53	0.492
15cf2546-8b35-4ae7-84ad-6139fdb3f744	20	61015428	64324800	1739	-0.0513
15cf2546-8b35-4ae7-84ad-6139fdb3f744	21	10354168	14000188	324	0.1002
15cf2546-8b35-4ae7-84ad-6139fdb3f744	21	14005515	45591428	22845	-0.0491
15cf2546-8b35-4ae7-84ad-6139fdb3f744	21	45592695	45593962	2	1.9193
15cf2546-8b35-4ae7-84ad-6139fdb3f744	21	45594225	46275866	384	-0.0599
15cf2546-8b35-4ae7-84ad-6139fdb3f744	21	46278190	46677045	267	0.0448
15cf2546-8b35-4ae7-84ad-6139fdb3f744	22	15294547	25265731	5210	-0.0265
15cf2546-8b35-4ae7-84ad-6139fdb3f744	22	25268018	25526375	286	0.569
15cf2546-8b35-4ae7-84ad-6139fdb3f744	22	25526380	25742085	134	-0.0323
15cf2546-8b35-4ae7-84ad-6139fdb3f744	22	25742100	25742863	4	1.3803
15cf2546-8b35-4ae7-84ad-6139fdb3f744	22	25743126	42496433	11507	-0.0671
15cf2546-8b35-4ae7-84ad-6139fdb3f744	22	42496576	42577696	35	0.5025
15cf2546-8b35-4ae7-84ad-6139fdb3f744	22	42579096	48929714	4887	-0.0748
15cf2546-8b35-4ae7-84ad-6139fdb3f744	22	48933821	50796027	1196	0.0146
15cf2546-8b35-4ae7-84ad-6139fdb3f744	X	251810	2858112	150	-0.0624
15cf2546-8b35-4ae7-84ad-6139fdb3f744	X	2858331	2859314	2	-6.3219
15cf2546-8b35-4ae7-84ad-6139fdb3f744	X	2859805	44032134	26580	-0.0153
15cf2546-8b35-4ae7-84ad-6139fdb3f744	X	44032147	44040458	6	-2.5308
15cf2546-8b35-4ae7-84ad-6139fdb3f744	X	44041172	109441534	29393	0.0208
15cf2546-8b35-4ae7-84ad-6139fdb3f744	X	109445192	109454853	10	-1.5363
15cf2546-8b35-4ae7-84ad-6139fdb3f744	X	109455123	111053972	950	0.0159
15cf2546-8b35-4ae7-84ad-6139fdb3f744	X	111054045	111054082	2	-2.9241
15cf2546-8b35-4ae7-84ad-6139fdb3f744	X	111054598	117409773	3516	-0.0009
15cf2546-8b35-4ae7-84ad-6139fdb3f744	X	117410017	117413962	4	-2.9924
15cf2546-8b35-4ae7-84ad-6139fdb3f744	X	117414599	155952689	22440	-0.0061
15cf2546-8b35-4ae7-84ad-6139fdb3f744	Y	2782397	6249869	785	-2.4824
15cf2546-8b35-4ae7-84ad-6139fdb3f744	Y	6252391	23586854	5662	-2.7856
15cf2546-8b35-4ae7-84ad-6139fdb3f744	Y	23784615	56872112	191	-2.3931
