GDC_Aliquot	Chromosome	Start	End	Num_Probes	Segment_Mean
b50f194e-0108-4b7a-95a0-99a2ba588930	1	62920	98588	12	0.7893
b50f194e-0108-4b7a-95a0-99a2ba588930	1	98602	15822848	8300	-0.0276
b50f194e-0108-4b7a-95a0-99a2ba588930	1	15823420	15827430	7	-2.3087
b50f194e-0108-4b7a-95a0-99a2ba588930	1	15827706	15828515	4	-0.9822
b50f194e-0108-4b7a-95a0-99a2ba588930	1	15839166	16679483	331	-0.0196
b50f194e-0108-4b7a-95a0-99a2ba588930	1	16685961	16721984	9	0.5006
b50f194e-0108-4b7a-95a0-99a2ba588930	1	16766762	16863509	15	-0.1352
b50f194e-0108-4b7a-95a0-99a2ba588930	1	16864367	16934716	47	0.4553
b50f194e-0108-4b7a-95a0-99a2ba588930	1	16934753	72297687	33966	-0.0259
b50f194e-0108-4b7a-95a0-99a2ba588930	1	72302735	72345465	48	-1.8721
b50f194e-0108-4b7a-95a0-99a2ba588930	1	72346221	109684695	23526	-0.0256
b50f194e-0108-4b7a-95a0-99a2ba588930	1	109684893	109697556	14	-0.8269
b50f194e-0108-4b7a-95a0-99a2ba588930	1	109702376	112153465	1948	-0.0328
b50f194e-0108-4b7a-95a0-99a2ba588930	1	112153571	112154768	23	-0.7225
b50f194e-0108-4b7a-95a0-99a2ba588930	1	112163334	121593055	5138	-0.0232
b50f194e-0108-4b7a-95a0-99a2ba588930	1	121593930	143748012	103	0.1445
b50f194e-0108-4b7a-95a0-99a2ba588930	1	143748074	143751380	8	0.6945
b50f194e-0108-4b7a-95a0-99a2ba588930	1	143751625	143928045	21	0.1919
b50f194e-0108-4b7a-95a0-99a2ba588930	1	143942271	152583230	2309	-0.0106
b50f194e-0108-4b7a-95a0-99a2ba588930	1	152583291	152613762	30	-2.3813
b50f194e-0108-4b7a-95a0-99a2ba588930	1	152613802	152614118	4	-0.9778
b50f194e-0108-4b7a-95a0-99a2ba588930	1	152618018	152789447	168	-0.0183
b50f194e-0108-4b7a-95a0-99a2ba588930	1	152789463	152796224	36	0.2924
b50f194e-0108-4b7a-95a0-99a2ba588930	1	152801429	158896783	3607	-0.0223
b50f194e-0108-4b7a-95a0-99a2ba588930	1	158898711	158899969	2	-1.5466
b50f194e-0108-4b7a-95a0-99a2ba588930	1	158905028	165866127	5076	-0.0157
b50f194e-0108-4b7a-95a0-99a2ba588930	1	165866311	165866358	2	-1.3399
b50f194e-0108-4b7a-95a0-99a2ba588930	1	165866453	166215770	270	-0.0298
b50f194e-0108-4b7a-95a0-99a2ba588930	1	166215800	166217119	2	-1.3757
b50f194e-0108-4b7a-95a0-99a2ba588930	1	166217516	175506933	6307	-0.0313
b50f194e-0108-4b7a-95a0-99a2ba588930	1	175507061	175650032	133	0.1124
b50f194e-0108-4b7a-95a0-99a2ba588930	1	175653356	182113837	4321	-0.0216
b50f194e-0108-4b7a-95a0-99a2ba588930	1	182115841	182118201	6	-0.9134
b50f194e-0108-4b7a-95a0-99a2ba588930	1	182118842	187746723	3721	-0.0285
b50f194e-0108-4b7a-95a0-99a2ba588930	1	187748429	187752238	2	-2.5407
b50f194e-0108-4b7a-95a0-99a2ba588930	1	187755479	246425116	40271	-0.0264
b50f194e-0108-4b7a-95a0-99a2ba588930	1	246425245	246425320	2	-1.6435
b50f194e-0108-4b7a-95a0-99a2ba588930	1	246425428	248930189	1463	-0.0071
b50f194e-0108-4b7a-95a0-99a2ba588930	2	12784	4158097	2976	-0.0225
b50f194e-0108-4b7a-95a0-99a2ba588930	2	4166274	4176429	42	-0.7594
b50f194e-0108-4b7a-95a0-99a2ba588930	2	4182472	34492921	21037	-0.0203
b50f194e-0108-4b7a-95a0-99a2ba588930	2	34496492	34512489	16	0.5473
b50f194e-0108-4b7a-95a0-99a2ba588930	2	34512965	35750907	864	-0.0031
b50f194e-0108-4b7a-95a0-99a2ba588930	2	35752724	35762881	7	0.7864
b50f194e-0108-4b7a-95a0-99a2ba588930	2	35772407	37450437	1323	-0.0073
b50f194e-0108-4b7a-95a0-99a2ba588930	2	37451302	37510924	49	0.2535
b50f194e-0108-4b7a-95a0-99a2ba588930	2	37512369	41011095	2547	-0.0107
b50f194e-0108-4b7a-95a0-99a2ba588930	2	41011303	41018747	22	-0.7291
b50f194e-0108-4b7a-95a0-99a2ba588930	2	41024093	52527423	8164	-0.0161
b50f194e-0108-4b7a-95a0-99a2ba588930	2	52527590	52527743	3	-1.6553
b50f194e-0108-4b7a-95a0-99a2ba588930	2	52531615	54152430	1230	0.0008
b50f194e-0108-4b7a-95a0-99a2ba588930	2	54152511	54578272	361	0.0763
b50f194e-0108-4b7a-95a0-99a2ba588930	2	54581708	77005507	14251	-0.0199
b50f194e-0108-4b7a-95a0-99a2ba588930	2	77006300	77007624	5	-1.3363
b50f194e-0108-4b7a-95a0-99a2ba588930	2	77007727	78803929	1072	-0.025
b50f194e-0108-4b7a-95a0-99a2ba588930	2	78804684	79462794	543	0.057
b50f194e-0108-4b7a-95a0-99a2ba588930	2	79470645	86878530	4489	-0.0286
b50f194e-0108-4b7a-95a0-99a2ba588930	2	86878753	87225631	56	-0.2665
b50f194e-0108-4b7a-95a0-99a2ba588930	2	87228594	127085066	19731	-0.0164
b50f194e-0108-4b7a-95a0-99a2ba588930	2	127085617	127100187	7	-0.946
b50f194e-0108-4b7a-95a0-99a2ba588930	2	127100370	228892290	62194	-0.0252
b50f194e-0108-4b7a-95a0-99a2ba588930	2	228894763	228895197	8	-1.2027
b50f194e-0108-4b7a-95a0-99a2ba588930	2	228895367	240583763	7542	-0.0257
b50f194e-0108-4b7a-95a0-99a2ba588930	2	240584791	240591757	3	-1.2736
b50f194e-0108-4b7a-95a0-99a2ba588930	2	240593416	242147305	642	-0.0359
b50f194e-0108-4b7a-95a0-99a2ba588930	3	20930	46297	22	-0.1284
b50f194e-0108-4b7a-95a0-99a2ba588930	3	52486	6183359	5394	0.026
b50f194e-0108-4b7a-95a0-99a2ba588930	3	6183654	10611460	3555	-0.0198
b50f194e-0108-4b7a-95a0-99a2ba588930	3	10612741	10615785	4	-1.3954
b50f194e-0108-4b7a-95a0-99a2ba588930	3	10616329	21823202	7360	-0.0285
b50f194e-0108-4b7a-95a0-99a2ba588930	3	21826136	22112744	303	0.1001
b50f194e-0108-4b7a-95a0-99a2ba588930	3	22112909	25696742	2742	-0.0171
b50f194e-0108-4b7a-95a0-99a2ba588930	3	25702977	25703869	2	-2.0105
b50f194e-0108-4b7a-95a0-99a2ba588930	3	25704534	59740125	20817	-0.0271
b50f194e-0108-4b7a-95a0-99a2ba588930	3	59740869	61018527	1443	0.0568
b50f194e-0108-4b7a-95a0-99a2ba588930	3	61018974	68697013	6021	-0.0229
b50f194e-0108-4b7a-95a0-99a2ba588930	3	68697108	68698262	14	-2.1397
b50f194e-0108-4b7a-95a0-99a2ba588930	3	68699607	75519398	4913	-0.0237
b50f194e-0108-4b7a-95a0-99a2ba588930	3	75523398	75537654	6	-1.8703
b50f194e-0108-4b7a-95a0-99a2ba588930	3	75546030	90375879	8099	-0.0219
b50f194e-0108-4b7a-95a0-99a2ba588930	3	90376841	98190281	2260	0.1594
b50f194e-0108-4b7a-95a0-99a2ba588930	3	98194581	98204260	9	-0.0428
b50f194e-0108-4b7a-95a0-99a2ba588930	3	98206898	98207276	2	-1.3411
b50f194e-0108-4b7a-95a0-99a2ba588930	3	98211020	99218940	582	0.1502
b50f194e-0108-4b7a-95a0-99a2ba588930	3	99225614	99230470	37	-0.5831
b50f194e-0108-4b7a-95a0-99a2ba588930	3	99230577	130044016	18671	0.1595
b50f194e-0108-4b7a-95a0-99a2ba588930	3	130044855	130087393	38	-0.2174
b50f194e-0108-4b7a-95a0-99a2ba588930	3	130088081	143566923	8343	0.168
b50f194e-0108-4b7a-95a0-99a2ba588930	3	143566958	143567132	4	1.1818
b50f194e-0108-4b7a-95a0-99a2ba588930	3	143567959	162795361	11875	0.1659
b50f194e-0108-4b7a-95a0-99a2ba588930	3	162795671	162908815	68	0.7327
b50f194e-0108-4b7a-95a0-99a2ba588930	3	162910826	163941155	575	0.169
b50f194e-0108-4b7a-95a0-99a2ba588930	3	163941157	163941170	4	-0.8984
b50f194e-0108-4b7a-95a0-99a2ba588930	3	163941173	166797236	1652	0.1563
b50f194e-0108-4b7a-95a0-99a2ba588930	3	166805059	166813155	7	0.6784
b50f194e-0108-4b7a-95a0-99a2ba588930	3	166816643	169012392	1196	0.1702
b50f194e-0108-4b7a-95a0-99a2ba588930	3	169015614	169020840	2	-2.9381
b50f194e-0108-4b7a-95a0-99a2ba588930	3	169022039	186980310	11195	0.1673
b50f194e-0108-4b7a-95a0-99a2ba588930	3	186983049	186983135	2	-1.3035
b50f194e-0108-4b7a-95a0-99a2ba588930	3	186991016	193160113	4483	0.1589
b50f194e-0108-4b7a-95a0-99a2ba588930	3	193160173	193162684	7	1.4266
b50f194e-0108-4b7a-95a0-99a2ba588930	3	193162798	198063321	2631	0.1766
b50f194e-0108-4b7a-95a0-99a2ba588930	3	198065918	198169247	66	-0.0654
b50f194e-0108-4b7a-95a0-99a2ba588930	4	68929	9455251	5148	-0.0278
b50f194e-0108-4b7a-95a0-99a2ba588930	4	9459504	9477560	5	-1.0676
b50f194e-0108-4b7a-95a0-99a2ba588930	4	9477699	10208766	540	0.0021
b50f194e-0108-4b7a-95a0-99a2ba588930	4	10212536	10232642	31	-2.267
b50f194e-0108-4b7a-95a0-99a2ba588930	4	10232984	34777432	16941	-0.0205
b50f194e-0108-4b7a-95a0-99a2ba588930	4	34784878	34823103	38	-0.5674
b50f194e-0108-4b7a-95a0-99a2ba588930	4	34828250	49214614	8956	-0.0213
b50f194e-0108-4b7a-95a0-99a2ba588930	4	49289175	49289338	2	-2.345
b50f194e-0108-4b7a-95a0-99a2ba588930	4	49295203	61071220	6065	-0.0192
b50f194e-0108-4b7a-95a0-99a2ba588930	4	61075217	61076234	2	-1.783
b50f194e-0108-4b7a-95a0-99a2ba588930	4	61079968	68472846	4387	-0.0206
b50f194e-0108-4b7a-95a0-99a2ba588930	4	68478894	68663241	74	-0.2749
b50f194e-0108-4b7a-95a0-99a2ba588930	4	68671434	69257792	309	0.0279
b50f194e-0108-4b7a-95a0-99a2ba588930	4	69261926	69366406	56	-0.5622
b50f194e-0108-4b7a-95a0-99a2ba588930	4	69370433	114252544	27249	-0.0261
b50f194e-0108-4b7a-95a0-99a2ba588930	4	114254167	114261019	23	0.96
b50f194e-0108-4b7a-95a0-99a2ba588930	4	114263073	115254152	621	-0.0287
b50f194e-0108-4b7a-95a0-99a2ba588930	4	115254166	115254969	10	-0.6039
b50f194e-0108-4b7a-95a0-99a2ba588930	4	115259026	133961822	10813	-0.0232
b50f194e-0108-4b7a-95a0-99a2ba588930	4	133963083	134150838	91	0.1582
b50f194e-0108-4b7a-95a0-99a2ba588930	4	134150991	152069134	10688	-0.0223
b50f194e-0108-4b7a-95a0-99a2ba588930	4	152069741	152072978	5	-1.0587
b50f194e-0108-4b7a-95a0-99a2ba588930	4	152073038	154881396	1754	-0.0255
b50f194e-0108-4b7a-95a0-99a2ba588930	4	154881853	154881926	3	-2.5537
b50f194e-0108-4b7a-95a0-99a2ba588930	4	154882047	160041837	3224	-0.0226
b50f194e-0108-4b7a-95a0-99a2ba588930	4	160045000	160055139	8	-0.9117
b50f194e-0108-4b7a-95a0-99a2ba588930	4	160057744	160952848	678	-0.0258
b50f194e-0108-4b7a-95a0-99a2ba588930	4	160958866	160963448	20	-0.5489
b50f194e-0108-4b7a-95a0-99a2ba588930	4	160963756	170333970	5959	-0.0232
b50f194e-0108-4b7a-95a0-99a2ba588930	4	170335152	170352007	12	-0.5401
b50f194e-0108-4b7a-95a0-99a2ba588930	4	170352863	171448195	683	-0.0146
b50f194e-0108-4b7a-95a0-99a2ba588930	4	171453733	171456573	11	0.897
b50f194e-0108-4b7a-95a0-99a2ba588930	4	171456625	172066676	395	-0.0394
b50f194e-0108-4b7a-95a0-99a2ba588930	4	172066706	172068382	14	0.7801
b50f194e-0108-4b7a-95a0-99a2ba588930	4	172074828	178420469	3847	-0.0197
b50f194e-0108-4b7a-95a0-99a2ba588930	4	178421722	178643202	168	0.1124
b50f194e-0108-4b7a-95a0-99a2ba588930	4	178643455	180688733	1508	-0.0115
b50f194e-0108-4b7a-95a0-99a2ba588930	4	180692598	180693075	2	-1.3822
b50f194e-0108-4b7a-95a0-99a2ba588930	4	180693215	189267889	6177	-0.0098
b50f194e-0108-4b7a-95a0-99a2ba588930	4	189273964	189278110	4	-2.7289
b50f194e-0108-4b7a-95a0-99a2ba588930	4	189278617	190106768	349	0.0189
b50f194e-0108-4b7a-95a0-99a2ba588930	5	15532	698390	309	-0.0486
b50f194e-0108-4b7a-95a0-99a2ba588930	5	717264	773432	23	0.3343
b50f194e-0108-4b7a-95a0-99a2ba588930	5	773453	15400648	11622	-0.0178
b50f194e-0108-4b7a-95a0-99a2ba588930	5	15405345	16307790	584	0.0665
b50f194e-0108-4b7a-95a0-99a2ba588930	5	16309150	46271006	18049	-0.0236
b50f194e-0108-4b7a-95a0-99a2ba588930	5	46271828	46273400	6	-3.0657
b50f194e-0108-4b7a-95a0-99a2ba588930	5	46278110	58030453	5064	-0.0221
b50f194e-0108-4b7a-95a0-99a2ba588930	5	58033288	58037706	29	-0.5243
b50f194e-0108-4b7a-95a0-99a2ba588930	5	58042530	63347164	3468	-0.0226
b50f194e-0108-4b7a-95a0-99a2ba588930	5	63347926	63818580	286	0.1195
b50f194e-0108-4b7a-95a0-99a2ba588930	5	63819051	69550476	3521	-0.0203
b50f194e-0108-4b7a-95a0-99a2ba588930	5	69571467	69822308	5	1.5978
b50f194e-0108-4b7a-95a0-99a2ba588930	5	69937600	104515520	19479	-0.0215
b50f194e-0108-4b7a-95a0-99a2ba588930	5	104524672	104524903	4	1.4228
b50f194e-0108-4b7a-95a0-99a2ba588930	5	104525348	140839137	23169	-0.0224
b50f194e-0108-4b7a-95a0-99a2ba588930	5	140844251	140852254	10	-1.1509
b50f194e-0108-4b7a-95a0-99a2ba588930	5	140861442	152134610	7527	-0.0229
b50f194e-0108-4b7a-95a0-99a2ba588930	5	152135825	152138502	10	-1.1677
b50f194e-0108-4b7a-95a0-99a2ba588930	5	152138527	156049762	2655	-0.0222
b50f194e-0108-4b7a-95a0-99a2ba588930	5	156049910	156068249	16	-0.6821
b50f194e-0108-4b7a-95a0-99a2ba588930	5	156073982	177740962	14770	-0.0233
b50f194e-0108-4b7a-95a0-99a2ba588930	5	177770954	177771448	2	-1.5565
b50f194e-0108-4b7a-95a0-99a2ba588930	5	177800550	180947523	1796	-0.0308
b50f194e-0108-4b7a-95a0-99a2ba588930	5	180951710	180990207	15	-0.5414
b50f194e-0108-4b7a-95a0-99a2ba588930	5	180990614	181363319	174	0.001
b50f194e-0108-4b7a-95a0-99a2ba588930	6	149661	17404947	13508	-0.0182
b50f194e-0108-4b7a-95a0-99a2ba588930	6	17405051	17415286	7	-1.0648
b50f194e-0108-4b7a-95a0-99a2ba588930	6	17416471	29882497	8102	-0.0247
b50f194e-0108-4b7a-95a0-99a2ba588930	6	29882589	29933799	17	-0.7194
b50f194e-0108-4b7a-95a0-99a2ba588930	6	29940692	31318528	639	-0.0113
b50f194e-0108-4b7a-95a0-99a2ba588930	6	31318754	31328674	9	-1.7179
b50f194e-0108-4b7a-95a0-99a2ba588930	6	31342147	32507164	505	0.0111
b50f194e-0108-4b7a-95a0-99a2ba588930	6	32510338	32658841	55	-0.804
b50f194e-0108-4b7a-95a0-99a2ba588930	6	32682835	48963228	10365	-0.0279
b50f194e-0108-4b7a-95a0-99a2ba588930	6	48964092	48967563	4	-2.5498
b50f194e-0108-4b7a-95a0-99a2ba588930	6	48978926	54066269	3291	-0.0268
b50f194e-0108-4b7a-95a0-99a2ba588930	6	54066286	54067057	8	-1.5223
b50f194e-0108-4b7a-95a0-99a2ba588930	6	54070550	54980887	603	-0.0131
b50f194e-0108-4b7a-95a0-99a2ba588930	6	54983657	54985341	4	-0.93
b50f194e-0108-4b7a-95a0-99a2ba588930	6	54987314	64627049	3608	-0.0155
b50f194e-0108-4b7a-95a0-99a2ba588930	6	64637651	64639099	2	1.3135
b50f194e-0108-4b7a-95a0-99a2ba588930	6	64640883	70890861	4180	-0.0237
b50f194e-0108-4b7a-95a0-99a2ba588930	6	70891220	71115460	155	0.1188
b50f194e-0108-4b7a-95a0-99a2ba588930	6	71115964	73882509	1806	-0.0283
b50f194e-0108-4b7a-95a0-99a2ba588930	6	73882741	73891694	9	-0.7191
b50f194e-0108-4b7a-95a0-99a2ba588930	6	73893839	76305231	1468	-0.0315
b50f194e-0108-4b7a-95a0-99a2ba588930	6	76307183	76307194	2	-1.8805
b50f194e-0108-4b7a-95a0-99a2ba588930	6	76307209	76726442	295	-0.0304
b50f194e-0108-4b7a-95a0-99a2ba588930	6	76726815	76759379	29	0.3624
b50f194e-0108-4b7a-95a0-99a2ba588930	6	76760534	76772597	25	-0.0592
b50f194e-0108-4b7a-95a0-99a2ba588930	6	76773045	76791863	20	0.2557
b50f194e-0108-4b7a-95a0-99a2ba588930	6	76794748	78259348	925	-0.0188
b50f194e-0108-4b7a-95a0-99a2ba588930	6	78259388	78322875	107	-0.6381
b50f194e-0108-4b7a-95a0-99a2ba588930	6	78325223	103303463	15470	-0.0225
b50f194e-0108-4b7a-95a0-99a2ba588930	6	103303689	103314186	27	0.5529
b50f194e-0108-4b7a-95a0-99a2ba588930	6	103317795	125861617	13863	-0.0262
b50f194e-0108-4b7a-95a0-99a2ba588930	6	125862546	125865630	3	-3.0604
b50f194e-0108-4b7a-95a0-99a2ba588930	6	125867747	150907756	16261	-0.0272
b50f194e-0108-4b7a-95a0-99a2ba588930	6	150907871	150907887	3	-1.4359
b50f194e-0108-4b7a-95a0-99a2ba588930	6	150910731	157317226	4551	-0.0218
b50f194e-0108-4b7a-95a0-99a2ba588930	6	157319521	157319625	2	-1.9366
b50f194e-0108-4b7a-95a0-99a2ba588930	6	157325326	170741917	9381	-0.0156
b50f194e-0108-4b7a-95a0-99a2ba588930	7	43355	38228329	27280	-0.0126
b50f194e-0108-4b7a-95a0-99a2ba588930	7	38228794	38271765	26	0.182
b50f194e-0108-4b7a-95a0-99a2ba588930	7	38277969	38289296	26	0.5215
b50f194e-0108-4b7a-95a0-99a2ba588930	7	38289379	38352435	86	0.2242
b50f194e-0108-4b7a-95a0-99a2ba588930	7	38356373	88539385	26830	-0.0161
b50f194e-0108-4b7a-95a0-99a2ba588930	7	88542064	90581666	1352	0.0409
b50f194e-0108-4b7a-95a0-99a2ba588930	7	90583401	124323555	19895	-0.0244
b50f194e-0108-4b7a-95a0-99a2ba588930	7	124327357	124327652	2	-1.7137
b50f194e-0108-4b7a-95a0-99a2ba588930	7	124327936	126405597	1306	-0.0173
b50f194e-0108-4b7a-95a0-99a2ba588930	7	126405632	126406822	10	-1.2451
b50f194e-0108-4b7a-95a0-99a2ba588930	7	126406823	134086361	4683	-0.0159
b50f194e-0108-4b7a-95a0-99a2ba588930	7	134089416	134121491	50	0.366
b50f194e-0108-4b7a-95a0-99a2ba588930	7	134124039	142069880	5181	-0.0268
b50f194e-0108-4b7a-95a0-99a2ba588930	7	142069891	142092307	31	-0.6802
b50f194e-0108-4b7a-95a0-99a2ba588930	7	142099190	142378079	224	0.0007
b50f194e-0108-4b7a-95a0-99a2ba588930	7	142378284	142785841	220	0.1738
b50f194e-0108-4b7a-95a0-99a2ba588930	7	142801993	159334314	10394	-0.0223
b50f194e-0108-4b7a-95a0-99a2ba588930	8	81254	2846043	2037	-0.0023
b50f194e-0108-4b7a-95a0-99a2ba588930	8	2846101	2846377	5	-1.0862
b50f194e-0108-4b7a-95a0-99a2ba588930	8	2849649	7167045	5663	0.0083
b50f194e-0108-4b7a-95a0-99a2ba588930	8	7172468	7890177	55	-0.3708
b50f194e-0108-4b7a-95a0-99a2ba588930	8	7919608	14718551	5314	0.0049
b50f194e-0108-4b7a-95a0-99a2ba588930	8	14720091	14720102	2	-1.8323
b50f194e-0108-4b7a-95a0-99a2ba588930	8	14720144	50118212	22002	-0.0202
b50f194e-0108-4b7a-95a0-99a2ba588930	8	50119451	50119827	8	-1.9705
b50f194e-0108-4b7a-95a0-99a2ba588930	8	50126018	102040655	31814	-0.0242
b50f194e-0108-4b7a-95a0-99a2ba588930	8	102040695	102040911	3	-2.0971
b50f194e-0108-4b7a-95a0-99a2ba588930	8	102041063	105931666	2284	-0.0265
b50f194e-0108-4b7a-95a0-99a2ba588930	8	105931948	106416250	314	0.0782
b50f194e-0108-4b7a-95a0-99a2ba588930	8	106418984	130197076	15471	-0.0267
b50f194e-0108-4b7a-95a0-99a2ba588930	8	130201324	130204114	2	-1.7506
b50f194e-0108-4b7a-95a0-99a2ba588930	8	130204922	142047413	9191	-0.0247
b50f194e-0108-4b7a-95a0-99a2ba588930	8	142047414	142049377	3	-1.3129
b50f194e-0108-4b7a-95a0-99a2ba588930	8	142055279	144675159	930	-0.0248
b50f194e-0108-4b7a-95a0-99a2ba588930	8	144678705	144693741	2	-1.698
b50f194e-0108-4b7a-95a0-99a2ba588930	8	144694333	145072769	188	0.0111
b50f194e-0108-4b7a-95a0-99a2ba588930	9	46587	277989	130	0.02
b50f194e-0108-4b7a-95a0-99a2ba588930	9	278018	518705	265	0.1186
b50f194e-0108-4b7a-95a0-99a2ba588930	9	519268	6566622	5846	-0.0069
b50f194e-0108-4b7a-95a0-99a2ba588930	9	6567219	6568116	2	-1.4055
b50f194e-0108-4b7a-95a0-99a2ba588930	9	6569771	23361807	14129	-0.0141
b50f194e-0108-4b7a-95a0-99a2ba588930	9	23363117	23373486	8	-2.2214
b50f194e-0108-4b7a-95a0-99a2ba588930	9	23378490	42014203	10827	-0.0138
b50f194e-0108-4b7a-95a0-99a2ba588930	9	42037471	42230926	23	-2.2062
b50f194e-0108-4b7a-95a0-99a2ba588930	9	42259927	42715632	24	-0.6972
b50f194e-0108-4b7a-95a0-99a2ba588930	9	42719891	61405110	45	-0.0091
b50f194e-0108-4b7a-95a0-99a2ba588930	9	61520021	61629689	28	0.7281
b50f194e-0108-4b7a-95a0-99a2ba588930	9	61633080	138200944	47977	-0.0248
b50f194e-0108-4b7a-95a0-99a2ba588930	10	45792	26934974	21129	-0.024
b50f194e-0108-4b7a-95a0-99a2ba588930	10	26936975	26939523	12	-1.0997
b50f194e-0108-4b7a-95a0-99a2ba588930	10	26939544	30957581	3011	-0.0216
b50f194e-0108-4b7a-95a0-99a2ba588930	10	30962405	30962956	13	-0.6315
b50f194e-0108-4b7a-95a0-99a2ba588930	10	30963480	45817039	7190	-0.018
b50f194e-0108-4b7a-95a0-99a2ba588930	10	45936113	45998155	2	1.8851
b50f194e-0108-4b7a-95a0-99a2ba588930	10	45999975	46559733	266	-0.0512
b50f194e-0108-4b7a-95a0-99a2ba588930	10	46559870	47016654	29	-0.6465
b50f194e-0108-4b7a-95a0-99a2ba588930	10	47024340	65546400	12643	-0.0207
b50f194e-0108-4b7a-95a0-99a2ba588930	10	65546518	65565695	32	0.4261
b50f194e-0108-4b7a-95a0-99a2ba588930	10	65566308	69515737	2533	-0.0155
b50f194e-0108-4b7a-95a0-99a2ba588930	10	69522716	69523086	5	-0.9214
b50f194e-0108-4b7a-95a0-99a2ba588930	10	69531858	74987484	3219	-0.0364
b50f194e-0108-4b7a-95a0-99a2ba588930	10	74994884	75081593	65	0.4346
b50f194e-0108-4b7a-95a0-99a2ba588930	10	75083725	75219460	70	0.0159
b50f194e-0108-4b7a-95a0-99a2ba588930	10	75223392	75323503	50	0.4249
b50f194e-0108-4b7a-95a0-99a2ba588930	10	75325182	76493093	823	-0.022
b50f194e-0108-4b7a-95a0-99a2ba588930	10	76497303	76497852	2	1.2802
b50f194e-0108-4b7a-95a0-99a2ba588930	10	76501509	81118403	3322	-0.0211
b50f194e-0108-4b7a-95a0-99a2ba588930	10	81121574	81130027	10	-1.1147
b50f194e-0108-4b7a-95a0-99a2ba588930	10	81134713	87269486	4314	-0.0279
b50f194e-0108-4b7a-95a0-99a2ba588930	10	87278584	87310039	3	-1.43
b50f194e-0108-4b7a-95a0-99a2ba588930	10	87310988	133654968	31700	-0.0262
b50f194e-0108-4b7a-95a0-99a2ba588930	11	198510	31371747	21756	-0.0228
b50f194e-0108-4b7a-95a0-99a2ba588930	11	31372721	31375533	2	-2.4788
b50f194e-0108-4b7a-95a0-99a2ba588930	11	31376660	37164901	4416	-0.0214
b50f194e-0108-4b7a-95a0-99a2ba588930	11	37165086	37168181	2	-1.7867
b50f194e-0108-4b7a-95a0-99a2ba588930	11	37170300	48576870	7050	-0.0189
b50f194e-0108-4b7a-95a0-99a2ba588930	11	48579882	48581124	2	-2.2263
b50f194e-0108-4b7a-95a0-99a2ba588930	11	48584766	50471785	754	-0.021
b50f194e-0108-4b7a-95a0-99a2ba588930	11	50475455	55685501	478	0.0793
b50f194e-0108-4b7a-95a0-99a2ba588930	11	55685533	116810292	38697	-0.022
b50f194e-0108-4b7a-95a0-99a2ba588930	11	116812778	116814051	4	-1.1777
b50f194e-0108-4b7a-95a0-99a2ba588930	11	116819862	135074876	13457	-0.0218
b50f194e-0108-4b7a-95a0-99a2ba588930	12	51460	6131193	4538	0.369
b50f194e-0108-4b7a-95a0-99a2ba588930	12	6136399	6136426	2	-0.9087
b50f194e-0108-4b7a-95a0-99a2ba588930	12	6139799	8406040	1057	0.3645
b50f194e-0108-4b7a-95a0-99a2ba588930	12	8406196	8422738	12	-0.3604
b50f194e-0108-4b7a-95a0-99a2ba588930	12	8423870	9477960	561	0.3824
b50f194e-0108-4b7a-95a0-99a2ba588930	12	9481274	9575696	24	1.6508
b50f194e-0108-4b7a-95a0-99a2ba588930	12	9582373	11062773	1035	0.3676
b50f194e-0108-4b7a-95a0-99a2ba588930	12	11064250	11114232	17	0.8163
b50f194e-0108-4b7a-95a0-99a2ba588930	12	11115108	27493053	11322	0.36
b50f194e-0108-4b7a-95a0-99a2ba588930	12	27493059	27498429	29	-0.1815
b50f194e-0108-4b7a-95a0-99a2ba588930	12	27504228	33148472	4149	0.3681
b50f194e-0108-4b7a-95a0-99a2ba588930	12	33148492	33155453	28	-0.0668
b50f194e-0108-4b7a-95a0-99a2ba588930	12	33155525	80446147	27068	0.3619
b50f194e-0108-4b7a-95a0-99a2ba588930	12	80446276	80456533	2	-1.3637
b50f194e-0108-4b7a-95a0-99a2ba588930	12	80458189	99401515	12150	0.3559
b50f194e-0108-4b7a-95a0-99a2ba588930	12	99401690	99403311	19	-0.1681
b50f194e-0108-4b7a-95a0-99a2ba588930	12	99404031	101706402	1447	0.3657
b50f194e-0108-4b7a-95a0-99a2ba588930	12	101706486	101712540	2	-1.0904
b50f194e-0108-4b7a-95a0-99a2ba588930	12	101715263	114037803	7968	0.3623
b50f194e-0108-4b7a-95a0-99a2ba588930	12	114038912	114112923	65	0.559
b50f194e-0108-4b7a-95a0-99a2ba588930	12	114113005	127711586	9230	0.3685
b50f194e-0108-4b7a-95a0-99a2ba588930	12	127712365	129960308	2015	0.4121
b50f194e-0108-4b7a-95a0-99a2ba588930	12	129962919	133201603	1973	0.3675
b50f194e-0108-4b7a-95a0-99a2ba588930	13	18452809	23058539	2848	-0.0112
b50f194e-0108-4b7a-95a0-99a2ba588930	13	23058721	23059376	11	-2.5038
b50f194e-0108-4b7a-95a0-99a2ba588930	13	23064056	27164368	3107	-0.0077
b50f194e-0108-4b7a-95a0-99a2ba588930	13	27166804	27167066	5	-0.9867
b50f194e-0108-4b7a-95a0-99a2ba588930	13	27168716	29455681	1697	-0.0223
b50f194e-0108-4b7a-95a0-99a2ba588930	13	29457425	29459091	2	-1.6135
b50f194e-0108-4b7a-95a0-99a2ba588930	13	29462056	48957415	13796	-0.0249
b50f194e-0108-4b7a-95a0-99a2ba588930	13	48959579	48962368	2	-4.1187
b50f194e-0108-4b7a-95a0-99a2ba588930	13	48963569	68668123	11390	-0.0204
b50f194e-0108-4b7a-95a0-99a2ba588930	13	68674201	68676647	7	-0.9228
b50f194e-0108-4b7a-95a0-99a2ba588930	13	68676727	68684883	9	-0.1292
b50f194e-0108-4b7a-95a0-99a2ba588930	13	68685082	68694110	21	-0.9048
b50f194e-0108-4b7a-95a0-99a2ba588930	13	68694987	105016520	24429	-0.0263
b50f194e-0108-4b7a-95a0-99a2ba588930	13	105016579	105554770	441	0.0582
b50f194e-0108-4b7a-95a0-99a2ba588930	13	105554992	114342922	6217	-0.0169
b50f194e-0108-4b7a-95a0-99a2ba588930	14	18239283	18662134	20	-0.1051
b50f194e-0108-4b7a-95a0-99a2ba588930	14	18674599	18693043	5	1.0658
b50f194e-0108-4b7a-95a0-99a2ba588930	14	18950560	21913250	1461	-0.0048
b50f194e-0108-4b7a-95a0-99a2ba588930	14	21913580	22490580	493	0.2703
b50f194e-0108-4b7a-95a0-99a2ba588930	14	22490838	41138431	11741	-0.0236
b50f194e-0108-4b7a-95a0-99a2ba588930	14	41139155	41220038	27	-0.5049
b50f194e-0108-4b7a-95a0-99a2ba588930	14	41222247	73540003	20385	-0.0211
b50f194e-0108-4b7a-95a0-99a2ba588930	14	73540147	73563196	8	-1.8817
b50f194e-0108-4b7a-95a0-99a2ba588930	14	73563211	85098551	7573	-0.0206
b50f194e-0108-4b7a-95a0-99a2ba588930	14	85098682	85099620	11	-0.6514
b50f194e-0108-4b7a-95a0-99a2ba588930	14	85100404	105659061	13034	-0.0213
b50f194e-0108-4b7a-95a0-99a2ba588930	14	105688531	105962324	84	-0.2092
b50f194e-0108-4b7a-95a0-99a2ba588930	14	105963902	106340102	131	-0.0704
b50f194e-0108-4b7a-95a0-99a2ba588930	14	106340305	106360014	7	0.58
b50f194e-0108-4b7a-95a0-99a2ba588930	14	106362628	106423925	31	-0.0604
b50f194e-0108-4b7a-95a0-99a2ba588930	14	106425447	106462169	46	-2.6294
b50f194e-0108-4b7a-95a0-99a2ba588930	14	106462183	106475361	3	-1.1098
b50f194e-0108-4b7a-95a0-99a2ba588930	14	106487515	106877229	193	-0.0278
b50f194e-0108-4b7a-95a0-99a2ba588930	15	19811075	20011702	46	0.043
b50f194e-0108-4b7a-95a0-99a2ba588930	15	20026653	20373168	42	-0.5544
b50f194e-0108-4b7a-95a0-99a2ba588930	15	20376198	20376202	5	0.6792
b50f194e-0108-4b7a-95a0-99a2ba588930	15	20376309	20381704	12	-1.5283
b50f194e-0108-4b7a-95a0-99a2ba588930	15	20384774	22299523	101	-0.8443
b50f194e-0108-4b7a-95a0-99a2ba588930	15	22385639	23813652	626	-0.0182
b50f194e-0108-4b7a-95a0-99a2ba588930	15	23813673	23813702	2	-3.6922
b50f194e-0108-4b7a-95a0-99a2ba588930	15	23813848	24247869	295	0.0075
b50f194e-0108-4b7a-95a0-99a2ba588930	15	24248497	24266888	8	-0.9129
b50f194e-0108-4b7a-95a0-99a2ba588930	15	24269473	30215235	3695	-0.0078
b50f194e-0108-4b7a-95a0-99a2ba588930	15	30230885	30281121	9	0.7208
b50f194e-0108-4b7a-95a0-99a2ba588930	15	30284526	70169671	25525	-0.0198
b50f194e-0108-4b7a-95a0-99a2ba588930	15	70170326	70170613	2	-2.1874
b50f194e-0108-4b7a-95a0-99a2ba588930	15	70178924	76586021	3460	-0.0264
b50f194e-0108-4b7a-95a0-99a2ba588930	15	76598900	76603434	22	0.8342
b50f194e-0108-4b7a-95a0-99a2ba588930	15	76609838	101928837	17574	-0.0178
b50f194e-0108-4b7a-95a0-99a2ba588930	16	10777	16539715	11744	-0.0064
b50f194e-0108-4b7a-95a0-99a2ba588930	16	16541191	16563603	6	-1.0523
b50f194e-0108-4b7a-95a0-99a2ba588930	16	16569719	19933041	1693	0.0201
b50f194e-0108-4b7a-95a0-99a2ba588930	16	19934328	19956040	29	-3.8716
b50f194e-0108-4b7a-95a0-99a2ba588930	16	19958932	20477047	397	-0.0112
b50f194e-0108-4b7a-95a0-99a2ba588930	16	20488266	20489224	3	0.8262
b50f194e-0108-4b7a-95a0-99a2ba588930	16	20501459	20534515	25	-0.0296
b50f194e-0108-4b7a-95a0-99a2ba588930	16	20534530	20537012	5	-1.3093
b50f194e-0108-4b7a-95a0-99a2ba588930	16	20539966	21731617	580	-0.0086
b50f194e-0108-4b7a-95a0-99a2ba588930	16	21731811	21776197	9	0.5147
b50f194e-0108-4b7a-95a0-99a2ba588930	16	21806139	22576729	264	0.009
b50f194e-0108-4b7a-95a0-99a2ba588930	16	22579557	22604483	5	-0.8551
b50f194e-0108-4b7a-95a0-99a2ba588930	16	22614263	32861972	5199	-0.0174
b50f194e-0108-4b7a-95a0-99a2ba588930	16	32867008	32904192	11	-0.8036
b50f194e-0108-4b7a-95a0-99a2ba588930	16	32904231	68762156	15041	-0.0245
b50f194e-0108-4b7a-95a0-99a2ba588930	16	68768311	68769319	5	-0.9901
b50f194e-0108-4b7a-95a0-99a2ba588930	16	68771881	90096867	16744	-0.0164
b50f194e-0108-4b7a-95a0-99a2ba588930	17	150733	6197464	3355	-0.0353
b50f194e-0108-4b7a-95a0-99a2ba588930	17	6197476	6197491	2	-2.2312
b50f194e-0108-4b7a-95a0-99a2ba588930	17	6197723	8339592	1174	-0.0358
b50f194e-0108-4b7a-95a0-99a2ba588930	17	8344229	8344415	2	-2.6187
b50f194e-0108-4b7a-95a0-99a2ba588930	17	8346140	36109139	13703	-0.0137
b50f194e-0108-4b7a-95a0-99a2ba588930	17	36109315	36208249	38	0.4903
b50f194e-0108-4b7a-95a0-99a2ba588930	17	36460442	41053891	2387	-0.0174
b50f194e-0108-4b7a-95a0-99a2ba588930	17	41055656	41065355	12	-6.4204
b50f194e-0108-4b7a-95a0-99a2ba588930	17	41066554	41266838	121	0.0256
b50f194e-0108-4b7a-95a0-99a2ba588930	17	41266851	41274279	19	1.1802
b50f194e-0108-4b7a-95a0-99a2ba588930	17	41276472	46351954	2622	-0.0255
b50f194e-0108-4b7a-95a0-99a2ba588930	17	46446345	46446360	2	1.8064
b50f194e-0108-4b7a-95a0-99a2ba588930	17	46569894	51030202	2256	-0.0255
b50f194e-0108-4b7a-95a0-99a2ba588930	17	51030753	51462832	229	0.0664
b50f194e-0108-4b7a-95a0-99a2ba588930	17	51464816	51464858	2	1.2395
b50f194e-0108-4b7a-95a0-99a2ba588930	17	51465357	67171096	9576	0.0266
b50f194e-0108-4b7a-95a0-99a2ba588930	17	67173368	68108598	457	-0.0085
b50f194e-0108-4b7a-95a0-99a2ba588930	17	68112848	83091923	9002	0.127
b50f194e-0108-4b7a-95a0-99a2ba588930	18	48133	53740491	31692	-0.0221
b50f194e-0108-4b7a-95a0-99a2ba588930	18	53740727	53741022	6	1.4496
b50f194e-0108-4b7a-95a0-99a2ba588930	18	53741814	66050285	8494	-0.0203
b50f194e-0108-4b7a-95a0-99a2ba588930	18	66050517	66061104	14	0.6671
b50f194e-0108-4b7a-95a0-99a2ba588930	18	66065502	80257174	10393	-0.0128
b50f194e-0108-4b7a-95a0-99a2ba588930	19	90910	24192647	11087	-0.0259
b50f194e-0108-4b7a-95a0-99a2ba588930	19	24196300	24202622	9	-0.8392
b50f194e-0108-4b7a-95a0-99a2ba588930	19	24236573	24274155	15	-0.1063
b50f194e-0108-4b7a-95a0-99a2ba588930	19	24278016	24282155	10	-0.8047
b50f194e-0108-4b7a-95a0-99a2ba588930	19	24304880	35358420	5556	-0.0205
b50f194e-0108-4b7a-95a0-99a2ba588930	19	35364451	35370946	21	-0.5615
b50f194e-0108-4b7a-95a0-99a2ba588930	19	35375842	58586487	12361	-0.0225
b50f194e-0108-4b7a-95a0-99a2ba588930	20	80664	1580353	1201	-0.016
b50f194e-0108-4b7a-95a0-99a2ba588930	20	1580934	1601446	35	1.7952
b50f194e-0108-4b7a-95a0-99a2ba588930	20	1601561	5750553	2996	-0.0206
b50f194e-0108-4b7a-95a0-99a2ba588930	20	5752029	5756393	3	-1.5124
b50f194e-0108-4b7a-95a0-99a2ba588930	20	5762636	61083358	36395	-0.0177
b50f194e-0108-4b7a-95a0-99a2ba588930	20	61084217	61084232	2	-1.9673
b50f194e-0108-4b7a-95a0-99a2ba588930	20	61085348	64324800	1655	-0.0302
b50f194e-0108-4b7a-95a0-99a2ba588930	21	10354168	46677045	23810	-0.0286
b50f194e-0108-4b7a-95a0-99a2ba588930	22	15294547	23988078	4388	-0.0189
b50f194e-0108-4b7a-95a0-99a2ba588930	22	23989773	23990739	3	-1.6374
b50f194e-0108-4b7a-95a0-99a2ba588930	22	23995113	50528603	18689	-0.0224
b50f194e-0108-4b7a-95a0-99a2ba588930	22	50534679	50534687	5	-1.2823
b50f194e-0108-4b7a-95a0-99a2ba588930	22	50535325	50796027	143	-0.0311
b50f194e-0108-4b7a-95a0-99a2ba588930	X	251810	2748312	94	0.459
b50f194e-0108-4b7a-95a0-99a2ba588930	X	2785350	11725318	6497	-0.064
b50f194e-0108-4b7a-95a0-99a2ba588930	X	11725434	11725686	2	-3.7448
b50f194e-0108-4b7a-95a0-99a2ba588930	X	11726595	38976153	17257	-0.0588
b50f194e-0108-4b7a-95a0-99a2ba588930	X	38976196	38976730	2	-3.6977
b50f194e-0108-4b7a-95a0-99a2ba588930	X	38977346	102589232	28636	-0.0398
b50f194e-0108-4b7a-95a0-99a2ba588930	X	102590241	138490569	19712	0.0988
b50f194e-0108-4b7a-95a0-99a2ba588930	X	138490686	138491705	5	-2.6674
b50f194e-0108-4b7a-95a0-99a2ba588930	X	138491915	153558270	9720	0.08
b50f194e-0108-4b7a-95a0-99a2ba588930	X	153559975	153563127	3	-2.6904
b50f194e-0108-4b7a-95a0-99a2ba588930	X	153563628	155952689	864	0.0884
b50f194e-0108-4b7a-95a0-99a2ba588930	Y	2782397	19564439	5547	-2.2005
b50f194e-0108-4b7a-95a0-99a2ba588930	Y	19564502	19568371	2	-6.1403
b50f194e-0108-4b7a-95a0-99a2ba588930	Y	19568701	56872112	1089	-2.1615
