GDC_Aliquot	Chromosome	Start	End	Num_Probes	Segment_Mean
a28c2e97-79d6-4e2e-a879-85a521ae89b6	1	62920	8823459	4403	-0.555
a28c2e97-79d6-4e2e-a879-85a521ae89b6	1	8830735	12822696	2114	0.086
a28c2e97-79d6-4e2e-a879-85a521ae89b6	1	12823233	13110913	12	0.7232
a28c2e97-79d6-4e2e-a879-85a521ae89b6	1	13114062	15822848	1814	0.1038
a28c2e97-79d6-4e2e-a879-85a521ae89b6	1	15823420	15828515	11	0.6802
a28c2e97-79d6-4e2e-a879-85a521ae89b6	1	15839166	15910290	31	0.0717
a28c2e97-79d6-4e2e-a879-85a521ae89b6	1	15911167	16909357	343	-0.5291
a28c2e97-79d6-4e2e-a879-85a521ae89b6	1	16909373	16934716	28	-1.1479
a28c2e97-79d6-4e2e-a879-85a521ae89b6	1	16934753	25219106	5257	-0.5437
a28c2e97-79d6-4e2e-a879-85a521ae89b6	1	25223246	25256800	15	-1.043
a28c2e97-79d6-4e2e-a879-85a521ae89b6	1	25256850	25354292	33	0.0679
a28c2e97-79d6-4e2e-a879-85a521ae89b6	1	25359224	30957585	2912	-0.5604
a28c2e97-79d6-4e2e-a879-85a521ae89b6	1	30958329	34626073	2033	0.0976
a28c2e97-79d6-4e2e-a879-85a521ae89b6	1	34637053	34638890	20	-0.7081
a28c2e97-79d6-4e2e-a879-85a521ae89b6	1	34648667	72297687	23778	0.0824
a28c2e97-79d6-4e2e-a879-85a521ae89b6	1	72302735	72345465	48	1.2727
a28c2e97-79d6-4e2e-a879-85a521ae89b6	1	72346221	110792420	24440	0.0683
a28c2e97-79d6-4e2e-a879-85a521ae89b6	1	110796338	110860873	92	0.2923
a28c2e97-79d6-4e2e-a879-85a521ae89b6	1	110860935	112153571	1056	0.0821
a28c2e97-79d6-4e2e-a879-85a521ae89b6	1	112153651	112154619	20	0.9785
a28c2e97-79d6-4e2e-a879-85a521ae89b6	1	112154754	119744791	4873	0.0862
a28c2e97-79d6-4e2e-a879-85a521ae89b6	1	119745840	119752645	12	-0.4991
a28c2e97-79d6-4e2e-a879-85a521ae89b6	1	119754672	152583051	2725	0.0723
a28c2e97-79d6-4e2e-a879-85a521ae89b6	1	152583230	152613762	31	4.5544
a28c2e97-79d6-4e2e-a879-85a521ae89b6	1	152613802	189114902	24573	0.0717
a28c2e97-79d6-4e2e-a879-85a521ae89b6	1	189115234	189116241	5	-1.9499
a28c2e97-79d6-4e2e-a879-85a521ae89b6	1	189116278	189117869	7	-0.6504
a28c2e97-79d6-4e2e-a879-85a521ae89b6	1	189120286	189128018	16	-0.0074
a28c2e97-79d6-4e2e-a879-85a521ae89b6	1	189128037	189129685	9	-0.9743
a28c2e97-79d6-4e2e-a879-85a521ae89b6	1	189129888	189300100	89	0.0788
a28c2e97-79d6-4e2e-a879-85a521ae89b6	1	189301309	189307859	5	-0.6415
a28c2e97-79d6-4e2e-a879-85a521ae89b6	1	189308148	189447191	85	0.1654
a28c2e97-79d6-4e2e-a879-85a521ae89b6	1	189448449	189463694	11	-0.8113
a28c2e97-79d6-4e2e-a879-85a521ae89b6	1	189468293	193186662	2492	0.0687
a28c2e97-79d6-4e2e-a879-85a521ae89b6	1	193187149	193187218	4	1.8752
a28c2e97-79d6-4e2e-a879-85a521ae89b6	1	193190593	194479104	943	0.0627
a28c2e97-79d6-4e2e-a879-85a521ae89b6	1	194482281	194485888	2	2.0371
a28c2e97-79d6-4e2e-a879-85a521ae89b6	1	194487886	196745743	1452	0.0682
a28c2e97-79d6-4e2e-a879-85a521ae89b6	1	196758720	196843377	59	-0.6364
a28c2e97-79d6-4e2e-a879-85a521ae89b6	1	196843400	246204669	34237	0.0702
a28c2e97-79d6-4e2e-a879-85a521ae89b6	1	246206297	246219668	14	-1.0624
a28c2e97-79d6-4e2e-a879-85a521ae89b6	1	246221612	248546369	1411	0.0548
a28c2e97-79d6-4e2e-a879-85a521ae89b6	1	248550567	248645808	37	-0.7924
a28c2e97-79d6-4e2e-a879-85a521ae89b6	1	248646068	248930189	139	0.0472
a28c2e97-79d6-4e2e-a879-85a521ae89b6	2	12784	29418334	20662	0.0747
a28c2e97-79d6-4e2e-a879-85a521ae89b6	2	29419008	29423558	12	-0.6751
a28c2e97-79d6-4e2e-a879-85a521ae89b6	2	29425689	34474248	3431	0.0798
a28c2e97-79d6-4e2e-a879-85a521ae89b6	2	34476327	34502547	40	0.683
a28c2e97-79d6-4e2e-a879-85a521ae89b6	2	34502718	35750907	877	0.0721
a28c2e97-79d6-4e2e-a879-85a521ae89b6	2	35752724	35762850	6	1.2137
a28c2e97-79d6-4e2e-a879-85a521ae89b6	2	35762881	41011095	3929	0.0568
a28c2e97-79d6-4e2e-a879-85a521ae89b6	2	41011303	41018747	22	-2.6575
a28c2e97-79d6-4e2e-a879-85a521ae89b6	2	41024093	52509476	8170	0.0683
a28c2e97-79d6-4e2e-a879-85a521ae89b6	2	52509498	52554404	52	0.4905
a28c2e97-79d6-4e2e-a879-85a521ae89b6	2	52560811	86710564	21933	0.0718
a28c2e97-79d6-4e2e-a879-85a521ae89b6	2	86725947	86726731	2	-2.6797
a28c2e97-79d6-4e2e-a879-85a521ae89b6	2	86743283	87211079	106	0.0009
a28c2e97-79d6-4e2e-a879-85a521ae89b6	2	87218694	87218834	2	-3.0478
a28c2e97-79d6-4e2e-a879-85a521ae89b6	2	87221597	97181113	1791	0.0721
a28c2e97-79d6-4e2e-a879-85a521ae89b6	2	97181150	97211436	18	-0.9644
a28c2e97-79d6-4e2e-a879-85a521ae89b6	2	97310327	97359885	13	0.1513
a28c2e97-79d6-4e2e-a879-85a521ae89b6	2	97524284	97545247	8	1.065
a28c2e97-79d6-4e2e-a879-85a521ae89b6	2	97545726	106263639	5572	0.0746
a28c2e97-79d6-4e2e-a879-85a521ae89b6	2	106264257	106268901	11	-2.5774
a28c2e97-79d6-4e2e-a879-85a521ae89b6	2	106270799	107817583	988	0.0836
a28c2e97-79d6-4e2e-a879-85a521ae89b6	2	107819855	107903920	13	0.7247
a28c2e97-79d6-4e2e-a879-85a521ae89b6	2	107909583	108156111	209	0.0819
a28c2e97-79d6-4e2e-a879-85a521ae89b6	2	108161015	108161117	2	-2.5694
a28c2e97-79d6-4e2e-a879-85a521ae89b6	2	108163275	113604438	2575	0.0688
a28c2e97-79d6-4e2e-a879-85a521ae89b6	2	113604837	113604839	2	-2.3012
a28c2e97-79d6-4e2e-a879-85a521ae89b6	2	113623244	117019180	2074	0.0664
a28c2e97-79d6-4e2e-a879-85a521ae89b6	2	117021263	117021749	2	-1.4285
a28c2e97-79d6-4e2e-a879-85a521ae89b6	2	117028005	128880504	7533	0.0685
a28c2e97-79d6-4e2e-a879-85a521ae89b6	2	128880904	128882741	15	0.6065
a28c2e97-79d6-4e2e-a879-85a521ae89b6	2	128882755	130036283	876	0.094
a28c2e97-79d6-4e2e-a879-85a521ae89b6	2	130036310	130116915	13	-0.6066
a28c2e97-79d6-4e2e-a879-85a521ae89b6	2	130117303	131974077	617	0.0666
a28c2e97-79d6-4e2e-a879-85a521ae89b6	2	131985208	132051740	26	-0.4491
a28c2e97-79d6-4e2e-a879-85a521ae89b6	2	132055162	146104517	8890	0.0587
a28c2e97-79d6-4e2e-a879-85a521ae89b6	2	146106836	146109366	24	0.7763
a28c2e97-79d6-4e2e-a879-85a521ae89b6	2	146120238	188703060	25930	0.0607
a28c2e97-79d6-4e2e-a879-85a521ae89b6	2	188703229	188715812	26	-0.5686
a28c2e97-79d6-4e2e-a879-85a521ae89b6	2	188715816	202428368	7860	0.0525
a28c2e97-79d6-4e2e-a879-85a521ae89b6	2	202431052	202448774	43	-0.6605
a28c2e97-79d6-4e2e-a879-85a521ae89b6	2	202448792	232862772	19309	0.0601
a28c2e97-79d6-4e2e-a879-85a521ae89b6	2	232865754	232866343	2	-2.0319
a28c2e97-79d6-4e2e-a879-85a521ae89b6	2	232866534	242147305	5931	0.0837
a28c2e97-79d6-4e2e-a879-85a521ae89b6	3	20930	182919	154	-0.0053
a28c2e97-79d6-4e2e-a879-85a521ae89b6	3	188339	190956	3	-3.9253
a28c2e97-79d6-4e2e-a879-85a521ae89b6	3	191117	46751887	33049	0.0605
a28c2e97-79d6-4e2e-a879-85a521ae89b6	3	46760327	46808099	41	-3.2705
a28c2e97-79d6-4e2e-a879-85a521ae89b6	3	46817989	68682877	14572	0.0694
a28c2e97-79d6-4e2e-a879-85a521ae89b6	3	68697013	68698262	15	-1.7085
a28c2e97-79d6-4e2e-a879-85a521ae89b6	3	68699607	78423988	6565	0.0633
a28c2e97-79d6-4e2e-a879-85a521ae89b6	3	78424174	78424795	2	-1.669
a28c2e97-79d6-4e2e-a879-85a521ae89b6	3	78424803	89345576	6074	0.0639
a28c2e97-79d6-4e2e-a879-85a521ae89b6	3	89345592	89355952	3	1.5098
a28c2e97-79d6-4e2e-a879-85a521ae89b6	3	89355954	89360696	17	0.4055
a28c2e97-79d6-4e2e-a879-85a521ae89b6	3	89360887	89965955	284	0.0505
a28c2e97-79d6-4e2e-a879-85a521ae89b6	3	89966343	125650989	19226	0.1248
a28c2e97-79d6-4e2e-a879-85a521ae89b6	3	125656751	125662452	7	-1.0342
a28c2e97-79d6-4e2e-a879-85a521ae89b6	3	125666096	125993370	136	0.0811
a28c2e97-79d6-4e2e-a879-85a521ae89b6	3	125993427	126003019	28	-0.8294
a28c2e97-79d6-4e2e-a879-85a521ae89b6	3	126003489	162794869	22648	0.1264
a28c2e97-79d6-4e2e-a879-85a521ae89b6	3	162794951	162908207	69	1.0489
a28c2e97-79d6-4e2e-a879-85a521ae89b6	3	162908784	193162684	19187	0.1293
a28c2e97-79d6-4e2e-a879-85a521ae89b6	3	193162798	193165114	12	1.2219
a28c2e97-79d6-4e2e-a879-85a521ae89b6	3	193168646	198169247	2694	0.1323
a28c2e97-79d6-4e2e-a879-85a521ae89b6	4	68929	9430125	5147	0.0836
a28c2e97-79d6-4e2e-a879-85a521ae89b6	4	9430168	9435283	8	-0.7539
a28c2e97-79d6-4e2e-a879-85a521ae89b6	4	9435284	10208766	553	0.0727
a28c2e97-79d6-4e2e-a879-85a521ae89b6	4	10212536	10232642	31	1.7674
a28c2e97-79d6-4e2e-a879-85a521ae89b6	4	10232984	12377262	1802	0.0788
a28c2e97-79d6-4e2e-a879-85a521ae89b6	4	12377308	12385300	34	0.39
a28c2e97-79d6-4e2e-a879-85a521ae89b6	4	12389386	12545737	81	0.071
a28c2e97-79d6-4e2e-a879-85a521ae89b6	4	12546091	12546292	2	-1.9144
a28c2e97-79d6-4e2e-a879-85a521ae89b6	4	12547178	23278352	7592	0.0567
a28c2e97-79d6-4e2e-a879-85a521ae89b6	4	23278490	23278497	2	-3.0437
a28c2e97-79d6-4e2e-a879-85a521ae89b6	4	23278812	34777418	7474	0.0664
a28c2e97-79d6-4e2e-a879-85a521ae89b6	4	34777432	34828306	42	0.6244
a28c2e97-79d6-4e2e-a879-85a521ae89b6	4	34828327	44972931	6607	0.0604
a28c2e97-79d6-4e2e-a879-85a521ae89b6	4	44973521	44974118	2	-2.0083
a28c2e97-79d6-4e2e-a879-85a521ae89b6	4	44974278	49204422	2366	0.0626
a28c2e97-79d6-4e2e-a879-85a521ae89b6	4	49214614	49289338	3	-1.8699
a28c2e97-79d6-4e2e-a879-85a521ae89b6	4	49295203	57925016	4174	0.0662
a28c2e97-79d6-4e2e-a879-85a521ae89b6	4	57928022	57929666	3	-2.6483
a28c2e97-79d6-4e2e-a879-85a521ae89b6	4	57929865	63827261	3410	0.0513
a28c2e97-79d6-4e2e-a879-85a521ae89b6	4	63828222	63856822	34	0.5183
a28c2e97-79d6-4e2e-a879-85a521ae89b6	4	63857475	64954011	654	0.0394
a28c2e97-79d6-4e2e-a879-85a521ae89b6	4	64954249	64958619	14	-0.9334
a28c2e97-79d6-4e2e-a879-85a521ae89b6	4	64965013	64974300	24	-0.397
a28c2e97-79d6-4e2e-a879-85a521ae89b6	4	64978333	69255545	2557	0.0535
a28c2e97-79d6-4e2e-a879-85a521ae89b6	4	69257792	69363634	53	0.5197
a28c2e97-79d6-4e2e-a879-85a521ae89b6	4	69363716	69523998	112	0.06
a28c2e97-79d6-4e2e-a879-85a521ae89b6	4	69524143	69525061	2	-3.0387
a28c2e97-79d6-4e2e-a879-85a521ae89b6	4	69526170	90999127	13377	0.0494
a28c2e97-79d6-4e2e-a879-85a521ae89b6	4	90999133	90999142	3	-2.3737
a28c2e97-79d6-4e2e-a879-85a521ae89b6	4	91002994	94333579	1799	0.0363
a28c2e97-79d6-4e2e-a879-85a521ae89b6	4	94334061	94334986	4	-1.7957
a28c2e97-79d6-4e2e-a879-85a521ae89b6	4	94343229	108464432	8454	0.0433
a28c2e97-79d6-4e2e-a879-85a521ae89b6	4	108466650	108467479	2	-2.482
a28c2e97-79d6-4e2e-a879-85a521ae89b6	4	108482941	114252544	3591	0.0519
a28c2e97-79d6-4e2e-a879-85a521ae89b6	4	114254167	114261019	23	-1.1535
a28c2e97-79d6-4e2e-a879-85a521ae89b6	4	114263073	121724593	4590	0.0514
a28c2e97-79d6-4e2e-a879-85a521ae89b6	4	121725825	121726970	2	-2.3135
a28c2e97-79d6-4e2e-a879-85a521ae89b6	4	121729807	124538250	1509	0.0554
a28c2e97-79d6-4e2e-a879-85a521ae89b6	4	124539196	124541780	3	-1.2878
a28c2e97-79d6-4e2e-a879-85a521ae89b6	4	124541870	137171085	7143	0.0626
a28c2e97-79d6-4e2e-a879-85a521ae89b6	4	137171266	137171910	12	-0.7404
a28c2e97-79d6-4e2e-a879-85a521ae89b6	4	137172260	139677899	1733	0.0449
a28c2e97-79d6-4e2e-a879-85a521ae89b6	4	139679153	139679283	3	-1.2871
a28c2e97-79d6-4e2e-a879-85a521ae89b6	4	139680637	160958989	12987	0.0516
a28c2e97-79d6-4e2e-a879-85a521ae89b6	4	160959045	160963432	16	-0.575
a28c2e97-79d6-4e2e-a879-85a521ae89b6	4	160963448	170346943	5983	0.0463
a28c2e97-79d6-4e2e-a879-85a521ae89b6	4	170346954	170352007	5	-3.1889
a28c2e97-79d6-4e2e-a879-85a521ae89b6	4	170352863	170355685	6	-1.1553
a28c2e97-79d6-4e2e-a879-85a521ae89b6	4	170365943	171448195	678	0.0219
a28c2e97-79d6-4e2e-a879-85a521ae89b6	4	171453733	171456625	12	1.1594
a28c2e97-79d6-4e2e-a879-85a521ae89b6	4	171459220	172501371	640	0.0724
a28c2e97-79d6-4e2e-a879-85a521ae89b6	4	172503796	172507492	7	2.1044
a28c2e97-79d6-4e2e-a879-85a521ae89b6	4	172519981	188300104	10705	0.0635
a28c2e97-79d6-4e2e-a879-85a521ae89b6	4	188300206	188300285	4	1.8756
a28c2e97-79d6-4e2e-a879-85a521ae89b6	4	188301659	190106768	1142	0.0665
a28c2e97-79d6-4e2e-a879-85a521ae89b6	5	15532	698390	309	0.0151
a28c2e97-79d6-4e2e-a879-85a521ae89b6	5	717264	773075	22	0.7244
a28c2e97-79d6-4e2e-a879-85a521ae89b6	5	773432	11694831	9214	0.0788
a28c2e97-79d6-4e2e-a879-85a521ae89b6	5	11695675	11696242	2	-1.6269
a28c2e97-79d6-4e2e-a879-85a521ae89b6	5	11696650	21376735	6129	0.0695
a28c2e97-79d6-4e2e-a879-85a521ae89b6	5	21377730	21377744	2	-2.328
a28c2e97-79d6-4e2e-a879-85a521ae89b6	5	21385957	59458563	21273	0.0667
a28c2e97-79d6-4e2e-a879-85a521ae89b6	5	59458684	59459394	2	-6.6483
a28c2e97-79d6-4e2e-a879-85a521ae89b6	5	59459754	118050922	35097	0.0566
a28c2e97-79d6-4e2e-a879-85a521ae89b6	5	118052727	118053390	11	-0.7455
a28c2e97-79d6-4e2e-a879-85a521ae89b6	5	118068645	169396273	33276	0.0626
a28c2e97-79d6-4e2e-a879-85a521ae89b6	5	169399499	169400564	2	-1.4843
a28c2e97-79d6-4e2e-a879-85a521ae89b6	5	169401240	173774914	3201	0.0659
a28c2e97-79d6-4e2e-a879-85a521ae89b6	5	173775504	173778604	6	-0.805
a28c2e97-79d6-4e2e-a879-85a521ae89b6	5	173778869	175945408	1660	0.0941
a28c2e97-79d6-4e2e-a879-85a521ae89b6	5	175946505	176042504	16	0.8138
a28c2e97-79d6-4e2e-a879-85a521ae89b6	5	176043321	181363319	2712	0.0629
a28c2e97-79d6-4e2e-a879-85a521ae89b6	6	149661	6025978	4849	0.061
a28c2e97-79d6-4e2e-a879-85a521ae89b6	6	6033698	6034203	3	-4.0803
a28c2e97-79d6-4e2e-a879-85a521ae89b6	6	6036812	8932138	2357	0.069
a28c2e97-79d6-4e2e-a879-85a521ae89b6	6	8932222	8932228	2	-2.0454
a28c2e97-79d6-4e2e-a879-85a521ae89b6	6	8932657	15424513	4809	0.0684
a28c2e97-79d6-4e2e-a879-85a521ae89b6	6	15425085	15426411	3	-1.3273
a28c2e97-79d6-4e2e-a879-85a521ae89b6	6	15427579	26743855	8223	0.0706
a28c2e97-79d6-4e2e-a879-85a521ae89b6	6	26747492	26759781	5	1.0478
a28c2e97-79d6-4e2e-a879-85a521ae89b6	6	26831719	29869295	1416	0.0751
a28c2e97-79d6-4e2e-a879-85a521ae89b6	6	29869410	29906865	22	1.0469
a28c2e97-79d6-4e2e-a879-85a521ae89b6	6	29906932	29931900	10	-0.4927
a28c2e97-79d6-4e2e-a879-85a521ae89b6	6	29933787	29933799	4	1.1566
a28c2e97-79d6-4e2e-a879-85a521ae89b6	6	29940692	29949369	11	0.0574
a28c2e97-79d6-4e2e-a879-85a521ae89b6	6	29950659	29969534	12	0.4806
a28c2e97-79d6-4e2e-a879-85a521ae89b6	6	29971000	31319445	626	0.0457
a28c2e97-79d6-4e2e-a879-85a521ae89b6	6	31319724	31327629	2	3.7044
a28c2e97-79d6-4e2e-a879-85a521ae89b6	6	31328176	32656527	562	0.0395
a28c2e97-79d6-4e2e-a879-85a521ae89b6	6	32656814	32658841	5	-1.7395
a28c2e97-79d6-4e2e-a879-85a521ae89b6	6	32682835	33970222	801	0.0584
a28c2e97-79d6-4e2e-a879-85a521ae89b6	6	33970966	33974928	7	-1.1692
a28c2e97-79d6-4e2e-a879-85a521ae89b6	6	33976809	62213920	15880	0.069
a28c2e97-79d6-4e2e-a879-85a521ae89b6	6	62215737	62217987	3	-1.5553
a28c2e97-79d6-4e2e-a879-85a521ae89b6	6	62218399	73882142	7417	0.0586
a28c2e97-79d6-4e2e-a879-85a521ae89b6	6	73882509	73885018	6	1.0036
a28c2e97-79d6-4e2e-a879-85a521ae89b6	6	73885038	76739852	1788	0.0609
a28c2e97-79d6-4e2e-a879-85a521ae89b6	6	76742553	76742972	7	0.8789
a28c2e97-79d6-4e2e-a879-85a521ae89b6	6	76743040	78252909	976	0.055
a28c2e97-79d6-4e2e-a879-85a521ae89b6	6	78253157	78316984	102	0.7241
a28c2e97-79d6-4e2e-a879-85a521ae89b6	6	78317255	86046956	4850	0.052
a28c2e97-79d6-4e2e-a879-85a521ae89b6	6	86048998	86051402	4	-1.2288
a28c2e97-79d6-4e2e-a879-85a521ae89b6	6	86067234	92864624	4397	0.0482
a28c2e97-79d6-4e2e-a879-85a521ae89b6	6	92866148	92868912	31	-0.7642
a28c2e97-79d6-4e2e-a879-85a521ae89b6	6	92873205	103286954	6214	0.0523
a28c2e97-79d6-4e2e-a879-85a521ae89b6	6	103290101	103314186	46	0.9014
a28c2e97-79d6-4e2e-a879-85a521ae89b6	6	103317795	125861617	13898	0.0498
a28c2e97-79d6-4e2e-a879-85a521ae89b6	6	125862546	125865048	2	-2.3985
a28c2e97-79d6-4e2e-a879-85a521ae89b6	6	125865630	133945130	5187	0.0469
a28c2e97-79d6-4e2e-a879-85a521ae89b6	6	133947933	133948494	2	1.7259
a28c2e97-79d6-4e2e-a879-85a521ae89b6	6	133950934	170741917	25107	0.0611
a28c2e97-79d6-4e2e-a879-85a521ae89b6	7	43355	54305455	38503	0.0618
a28c2e97-79d6-4e2e-a879-85a521ae89b6	7	54318812	54318824	6	1.361
a28c2e97-79d6-4e2e-a879-85a521ae89b6	7	54325795	56740039	1578	0.0551
a28c2e97-79d6-4e2e-a879-85a521ae89b6	7	56740072	57016425	41	-0.82
a28c2e97-79d6-4e2e-a879-85a521ae89b6	7	57048761	63070955	622	0.0238
a28c2e97-79d6-4e2e-a879-85a521ae89b6	7	63070976	63071154	2	-2.4714
a28c2e97-79d6-4e2e-a879-85a521ae89b6	7	63084179	63579159	103	0.0357
a28c2e97-79d6-4e2e-a879-85a521ae89b6	7	63582683	63851264	35	0.4955
a28c2e97-79d6-4e2e-a879-85a521ae89b6	7	63854094	86130569	12162	0.063
a28c2e97-79d6-4e2e-a879-85a521ae89b6	7	86136826	86501788	193	1.804
a28c2e97-79d6-4e2e-a879-85a521ae89b6	7	86505628	86522709	19	0.2222
a28c2e97-79d6-4e2e-a879-85a521ae89b6	7	86527304	86568546	19	1.8978
a28c2e97-79d6-4e2e-a879-85a521ae89b6	7	86572765	86615738	30	0.1006
a28c2e97-79d6-4e2e-a879-85a521ae89b6	7	86622960	86763441	98	1.7488
a28c2e97-79d6-4e2e-a879-85a521ae89b6	7	86771941	87773993	573	0.045
a28c2e97-79d6-4e2e-a879-85a521ae89b6	7	87776035	88042451	111	1.7658
a28c2e97-79d6-4e2e-a879-85a521ae89b6	7	88042727	88043077	5	2.7917
a28c2e97-79d6-4e2e-a879-85a521ae89b6	7	88043631	88335974	154	1.6458
a28c2e97-79d6-4e2e-a879-85a521ae89b6	7	88337254	88743131	290	1.464
a28c2e97-79d6-4e2e-a879-85a521ae89b6	7	88743311	89159948	311	1.6069
a28c2e97-79d6-4e2e-a879-85a521ae89b6	7	89164379	89335707	113	0.0872
a28c2e97-79d6-4e2e-a879-85a521ae89b6	7	89337142	89337280	2	-1.1486
a28c2e97-79d6-4e2e-a879-85a521ae89b6	7	89338483	89537784	118	0.0538
a28c2e97-79d6-4e2e-a879-85a521ae89b6	7	89540369	89657545	62	1.859
a28c2e97-79d6-4e2e-a879-85a521ae89b6	7	89657606	91402775	1200	1.4932
a28c2e97-79d6-4e2e-a879-85a521ae89b6	7	91402990	91589569	140	2.0073
a28c2e97-79d6-4e2e-a879-85a521ae89b6	7	91589648	91589817	2	-1.1618
a28c2e97-79d6-4e2e-a879-85a521ae89b6	7	91595717	91954775	230	2.1392
a28c2e97-79d6-4e2e-a879-85a521ae89b6	7	91955042	92617898	318	1.8115
a28c2e97-79d6-4e2e-a879-85a521ae89b6	7	92621401	93351659	546	0.0364
a28c2e97-79d6-4e2e-a879-85a521ae89b6	7	93358133	95828660	1540	1.5678
a28c2e97-79d6-4e2e-a879-85a521ae89b6	7	95831956	97265138	885	0.7994
a28c2e97-79d6-4e2e-a879-85a521ae89b6	7	97268226	97730545	292	0.4421
a28c2e97-79d6-4e2e-a879-85a521ae89b6	7	97740146	98853735	579	0.7755
a28c2e97-79d6-4e2e-a879-85a521ae89b6	7	98858491	99203067	204	0.4921
a28c2e97-79d6-4e2e-a879-85a521ae89b6	7	99203538	99896607	307	0.7835
a28c2e97-79d6-4e2e-a879-85a521ae89b6	7	99899727	100075193	79	1.4465
a28c2e97-79d6-4e2e-a879-85a521ae89b6	7	100080868	100601246	132	0.399
a28c2e97-79d6-4e2e-a879-85a521ae89b6	7	100616864	100767786	49	0.8155
a28c2e97-79d6-4e2e-a879-85a521ae89b6	7	100769950	100825743	26	0.4526
a28c2e97-79d6-4e2e-a879-85a521ae89b6	7	100842497	101012747	56	1.3571
a28c2e97-79d6-4e2e-a879-85a521ae89b6	7	101012817	101147163	74	1.9671
a28c2e97-79d6-4e2e-a879-85a521ae89b6	7	101150861	102753624	621	1.4287
a28c2e97-79d6-4e2e-a879-85a521ae89b6	7	102754481	103197500	193	1.9397
a28c2e97-79d6-4e2e-a879-85a521ae89b6	7	103203015	104215454	663	1.3699
a28c2e97-79d6-4e2e-a879-85a521ae89b6	7	104221416	104366545	95	-0.6137
a28c2e97-79d6-4e2e-a879-85a521ae89b6	7	104367009	104367022	2	-2.3451
a28c2e97-79d6-4e2e-a879-85a521ae89b6	7	104367438	106745567	1671	-0.5988
a28c2e97-79d6-4e2e-a879-85a521ae89b6	7	106749814	106897333	107	1.3542
a28c2e97-79d6-4e2e-a879-85a521ae89b6	7	106897840	106979027	41	-0.5849
a28c2e97-79d6-4e2e-a879-85a521ae89b6	7	106982184	107018654	23	1.4057
a28c2e97-79d6-4e2e-a879-85a521ae89b6	7	107025379	107569545	247	-0.6175
a28c2e97-79d6-4e2e-a879-85a521ae89b6	7	107576293	107732304	89	1.3854
a28c2e97-79d6-4e2e-a879-85a521ae89b6	7	107737711	108073607	239	0.4704
a28c2e97-79d6-4e2e-a879-85a521ae89b6	7	108076945	109077049	709	1.3585
a28c2e97-79d6-4e2e-a879-85a521ae89b6	7	109078108	109793720	451	-0.6199
a28c2e97-79d6-4e2e-a879-85a521ae89b6	7	109793728	109814172	39	0.1907
a28c2e97-79d6-4e2e-a879-85a521ae89b6	7	109814214	109953301	83	-0.5228
a28c2e97-79d6-4e2e-a879-85a521ae89b6	7	109954956	109963460	9	1.5335
a28c2e97-79d6-4e2e-a879-85a521ae89b6	7	109966443	109967063	7	-0.6438
a28c2e97-79d6-4e2e-a879-85a521ae89b6	7	109967293	110089259	68	1.4808
a28c2e97-79d6-4e2e-a879-85a521ae89b6	7	110095227	110211299	83	-0.6599
a28c2e97-79d6-4e2e-a879-85a521ae89b6	7	110213397	110217714	5	1.5809
a28c2e97-79d6-4e2e-a879-85a521ae89b6	7	110221135	110321216	72	-0.5439
a28c2e97-79d6-4e2e-a879-85a521ae89b6	7	110325580	110343134	14	1.2858
a28c2e97-79d6-4e2e-a879-85a521ae89b6	7	110343947	110392869	37	-0.5737
a28c2e97-79d6-4e2e-a879-85a521ae89b6	7	110396296	110720492	247	1.3886
a28c2e97-79d6-4e2e-a879-85a521ae89b6	7	110723153	110788876	46	-0.6128
a28c2e97-79d6-4e2e-a879-85a521ae89b6	7	110788955	110792438	6	-2.5667
a28c2e97-79d6-4e2e-a879-85a521ae89b6	7	110792471	112010780	748	-0.6095
a28c2e97-79d6-4e2e-a879-85a521ae89b6	7	112013114	112323774	243	1.4011
a28c2e97-79d6-4e2e-a879-85a521ae89b6	7	112327656	112334461	6	-0.4964
a28c2e97-79d6-4e2e-a879-85a521ae89b6	7	112343223	112565634	145	1.3546
a28c2e97-79d6-4e2e-a879-85a521ae89b6	7	112571688	112576299	9	-0.9693
a28c2e97-79d6-4e2e-a879-85a521ae89b6	7	112578335	113042460	264	-0.6288
a28c2e97-79d6-4e2e-a879-85a521ae89b6	7	113046949	113054315	6	-1.3429
a28c2e97-79d6-4e2e-a879-85a521ae89b6	7	113054875	113884485	444	-0.6136
a28c2e97-79d6-4e2e-a879-85a521ae89b6	7	113885084	116620327	1557	1.4172
a28c2e97-79d6-4e2e-a879-85a521ae89b6	7	116622957	116643247	9	1.8828
a28c2e97-79d6-4e2e-a879-85a521ae89b6	7	116646980	116693943	60	1.4674
a28c2e97-79d6-4e2e-a879-85a521ae89b6	7	116693990	116698604	15	1.759
a28c2e97-79d6-4e2e-a879-85a521ae89b6	7	116699054	116701239	9	2.4248
a28c2e97-79d6-4e2e-a879-85a521ae89b6	7	116705490	117249092	400	1.5768
a28c2e97-79d6-4e2e-a879-85a521ae89b6	7	117249360	117252488	5	0.7579
a28c2e97-79d6-4e2e-a879-85a521ae89b6	7	117253324	117404588	98	1.5739
a28c2e97-79d6-4e2e-a879-85a521ae89b6	7	117404628	118828557	820	1.4094
a28c2e97-79d6-4e2e-a879-85a521ae89b6	7	118829010	119507968	348	1.5416
a28c2e97-79d6-4e2e-a879-85a521ae89b6	7	119508031	119509749	2	-0.1381
a28c2e97-79d6-4e2e-a879-85a521ae89b6	7	119509763	119936691	239	1.5605
a28c2e97-79d6-4e2e-a879-85a521ae89b6	7	119937094	120015449	37	1.2726
a28c2e97-79d6-4e2e-a879-85a521ae89b6	7	120017693	120018937	4	-0.8405
a28c2e97-79d6-4e2e-a879-85a521ae89b6	7	120019553	122544248	1481	1.5308
a28c2e97-79d6-4e2e-a879-85a521ae89b6	7	122545108	122754095	134	1.8285
a28c2e97-79d6-4e2e-a879-85a521ae89b6	7	122761382	123024665	182	1.5316
a28c2e97-79d6-4e2e-a879-85a521ae89b6	7	123031162	123034772	8	-0.6844
a28c2e97-79d6-4e2e-a879-85a521ae89b6	7	123035382	123048859	5	-2.3317
a28c2e97-79d6-4e2e-a879-85a521ae89b6	7	123049497	124197321	675	-0.6089
a28c2e97-79d6-4e2e-a879-85a521ae89b6	7	124201812	124834951	404	1.5495
a28c2e97-79d6-4e2e-a879-85a521ae89b6	7	124836658	127721763	1938	-0.5982
a28c2e97-79d6-4e2e-a879-85a521ae89b6	7	127724291	128902012	638	1.5159
a28c2e97-79d6-4e2e-a879-85a521ae89b6	7	128902658	129072814	75	1.8456
a28c2e97-79d6-4e2e-a879-85a521ae89b6	7	129073397	130044167	475	1.575
a28c2e97-79d6-4e2e-a879-85a521ae89b6	7	130046677	130914775	395	1.8057
a28c2e97-79d6-4e2e-a879-85a521ae89b6	7	130915105	130939025	20	-0.6871
a28c2e97-79d6-4e2e-a879-85a521ae89b6	7	130942255	130965010	8	0.5623
a28c2e97-79d6-4e2e-a879-85a521ae89b6	7	130965559	131292932	257	-0.6177
a28c2e97-79d6-4e2e-a879-85a521ae89b6	7	131298882	131357209	34	1.6501
a28c2e97-79d6-4e2e-a879-85a521ae89b6	7	131360560	131392558	18	-0.6795
a28c2e97-79d6-4e2e-a879-85a521ae89b6	7	131401705	131559075	85	1.7221
a28c2e97-79d6-4e2e-a879-85a521ae89b6	7	131559927	131572192	9	0.1025
a28c2e97-79d6-4e2e-a879-85a521ae89b6	7	131576000	131607712	27	1.5832
a28c2e97-79d6-4e2e-a879-85a521ae89b6	7	131607863	134100587	1737	0.0587
a28c2e97-79d6-4e2e-a879-85a521ae89b6	7	134100624	134113356	27	0.4501
a28c2e97-79d6-4e2e-a879-85a521ae89b6	7	134113790	137158671	2116	0.0461
a28c2e97-79d6-4e2e-a879-85a521ae89b6	7	137163776	139088310	1249	1.249
a28c2e97-79d6-4e2e-a879-85a521ae89b6	7	139095946	159334314	12738	0.0663
a28c2e97-79d6-4e2e-a879-85a521ae89b6	8	81254	643041	322	0.0073
a28c2e97-79d6-4e2e-a879-85a521ae89b6	8	644944	645875	8	2.2648
a28c2e97-79d6-4e2e-a879-85a521ae89b6	8	645892	645908	2	7.2209
a28c2e97-79d6-4e2e-a879-85a521ae89b6	8	656117	1418902	565	0.0755
a28c2e97-79d6-4e2e-a879-85a521ae89b6	8	1419196	1419850	5	-1.2562
a28c2e97-79d6-4e2e-a879-85a521ae89b6	8	1421470	2132302	574	0.0504
a28c2e97-79d6-4e2e-a879-85a521ae89b6	8	2132407	2144783	22	-0.4715
a28c2e97-79d6-4e2e-a879-85a521ae89b6	8	2145213	3926665	1857	0.0528
a28c2e97-79d6-4e2e-a879-85a521ae89b6	8	3929538	3932584	24	-0.5369
a28c2e97-79d6-4e2e-a879-85a521ae89b6	8	3933696	6335204	3488	0.051
a28c2e97-79d6-4e2e-a879-85a521ae89b6	8	6335310	6339060	5	-1.1443
a28c2e97-79d6-4e2e-a879-85a521ae89b6	8	6339150	7312952	861	0.0521
a28c2e97-79d6-4e2e-a879-85a521ae89b6	8	7329110	7329124	2	3.4968
a28c2e97-79d6-4e2e-a879-85a521ae89b6	8	7336299	25122039	13768	0.0633
a28c2e97-79d6-4e2e-a879-85a521ae89b6	8	25122389	25122472	7	-1.5844
a28c2e97-79d6-4e2e-a879-85a521ae89b6	8	25126554	39373140	9029	0.0747
a28c2e97-79d6-4e2e-a879-85a521ae89b6	8	39378084	39475629	37	0.6481
a28c2e97-79d6-4e2e-a879-85a521ae89b6	8	39482001	39512955	14	-0.1292
a28c2e97-79d6-4e2e-a879-85a521ae89b6	8	39517213	39526605	4	1.174
a28c2e97-79d6-4e2e-a879-85a521ae89b6	8	39527181	53908298	7061	0.0684
a28c2e97-79d6-4e2e-a879-85a521ae89b6	8	53909033	53910526	2	-1.9866
a28c2e97-79d6-4e2e-a879-85a521ae89b6	8	53911449	54296370	200	0.0444
a28c2e97-79d6-4e2e-a879-85a521ae89b6	8	54296488	54298558	7	-0.799
a28c2e97-79d6-4e2e-a879-85a521ae89b6	8	54298653	57442880	2098	0.0648
a28c2e97-79d6-4e2e-a879-85a521ae89b6	8	57445766	57457382	9	-0.9664
a28c2e97-79d6-4e2e-a879-85a521ae89b6	8	57457560	111279265	32652	0.0548
a28c2e97-79d6-4e2e-a879-85a521ae89b6	8	111282050	111283031	10	1.3751
a28c2e97-79d6-4e2e-a879-85a521ae89b6	8	111288052	122048607	6874	0.0539
a28c2e97-79d6-4e2e-a879-85a521ae89b6	8	122048823	122049128	4	-1.2288
a28c2e97-79d6-4e2e-a879-85a521ae89b6	8	122049229	142047413	14920	0.0714
a28c2e97-79d6-4e2e-a879-85a521ae89b6	8	142047414	142056317	5	-1.1931
a28c2e97-79d6-4e2e-a879-85a521ae89b6	8	142057348	142384318	166	0.0445
a28c2e97-79d6-4e2e-a879-85a521ae89b6	8	142384519	142384532	2	-2.0191
a28c2e97-79d6-4e2e-a879-85a521ae89b6	8	142392565	145072769	960	0.0637
a28c2e97-79d6-4e2e-a879-85a521ae89b6	9	46587	410370	284	-0.6049
a28c2e97-79d6-4e2e-a879-85a521ae89b6	9	417448	465721	59	-0.9881
a28c2e97-79d6-4e2e-a879-85a521ae89b6	9	466148	4509672	4302	-0.5817
a28c2e97-79d6-4e2e-a879-85a521ae89b6	9	4513839	4523382	10	-2.255
a28c2e97-79d6-4e2e-a879-85a521ae89b6	9	4523668	19848469	13191	-0.5676
a28c2e97-79d6-4e2e-a879-85a521ae89b6	9	19849405	19849717	2	-6.4691
a28c2e97-79d6-4e2e-a879-85a521ae89b6	9	19849731	19850540	2	-2.3926
a28c2e97-79d6-4e2e-a879-85a521ae89b6	9	19858975	23361807	2588	-0.5782
a28c2e97-79d6-4e2e-a879-85a521ae89b6	9	23363117	23373486	8	0.5078
a28c2e97-79d6-4e2e-a879-85a521ae89b6	9	23378490	39135456	10711	-0.5667
a28c2e97-79d6-4e2e-a879-85a521ae89b6	9	39138018	41646527	140	-0.1097
a28c2e97-79d6-4e2e-a879-85a521ae89b6	9	41646850	42585140	47	-1.0126
a28c2e97-79d6-4e2e-a879-85a521ae89b6	9	42697878	42719891	10	1.7602
a28c2e97-79d6-4e2e-a879-85a521ae89b6	9	42720266	63580418	112	0.1492
a28c2e97-79d6-4e2e-a879-85a521ae89b6	9	63590317	63590325	5	2.0625
a28c2e97-79d6-4e2e-a879-85a521ae89b6	9	63592670	64493528	52	0.102
a28c2e97-79d6-4e2e-a879-85a521ae89b6	9	64495298	64510407	8	-2.141
a28c2e97-79d6-4e2e-a879-85a521ae89b6	9	64520620	67099935	46	-0.1882
a28c2e97-79d6-4e2e-a879-85a521ae89b6	9	67103069	69413646	890	0.0899
a28c2e97-79d6-4e2e-a879-85a521ae89b6	9	69413658	69433561	16	0.6322
a28c2e97-79d6-4e2e-a879-85a521ae89b6	9	69434112	76941965	5436	0.086
a28c2e97-79d6-4e2e-a879-85a521ae89b6	9	76942357	76944420	3	-2.0138
a28c2e97-79d6-4e2e-a879-85a521ae89b6	9	76951948	138200944	41625	0.0872
a28c2e97-79d6-4e2e-a879-85a521ae89b6	10	45792	3151100	2597	0.0794
a28c2e97-79d6-4e2e-a879-85a521ae89b6	10	3152570	4244878	981	-0.5863
a28c2e97-79d6-4e2e-a879-85a521ae89b6	10	4248622	4248732	3	1.3915
a28c2e97-79d6-4e2e-a879-85a521ae89b6	10	4248824	24086334	15626	-0.5716
a28c2e97-79d6-4e2e-a879-85a521ae89b6	10	24088745	24088753	7	0.6397
a28c2e97-79d6-4e2e-a879-85a521ae89b6	10	24088989	25615935	1065	-0.571
a28c2e97-79d6-4e2e-a879-85a521ae89b6	10	25617635	25625978	4	0.3293
a28c2e97-79d6-4e2e-a879-85a521ae89b6	10	25627733	26390852	559	-0.576
a28c2e97-79d6-4e2e-a879-85a521ae89b6	10	26397226	26400319	5	-3.2077
a28c2e97-79d6-4e2e-a879-85a521ae89b6	10	26400838	38783075	8234	-0.5706
a28c2e97-79d6-4e2e-a879-85a521ae89b6	10	38783090	45817039	2378	0.0753
a28c2e97-79d6-4e2e-a879-85a521ae89b6	10	45936113	45998155	2	1.923
a28c2e97-79d6-4e2e-a879-85a521ae89b6	10	45999975	46522571	235	0.0168
a28c2e97-79d6-4e2e-a879-85a521ae89b6	10	46525652	46526248	12	0.6951
a28c2e97-79d6-4e2e-a879-85a521ae89b6	10	46526265	46792344	39	-0.0305
a28c2e97-79d6-4e2e-a879-85a521ae89b6	10	46804606	46810571	2	-1.8861
a28c2e97-79d6-4e2e-a879-85a521ae89b6	10	46836986	53369073	4138	0.0694
a28c2e97-79d6-4e2e-a879-85a521ae89b6	10	53369138	53369244	3	-1.8012
a28c2e97-79d6-4e2e-a879-85a521ae89b6	10	53371726	57336216	2904	0.0763
a28c2e97-79d6-4e2e-a879-85a521ae89b6	10	57336302	57336356	2	-1.5229
a28c2e97-79d6-4e2e-a879-85a521ae89b6	10	57336432	69515737	8224	0.0663
a28c2e97-79d6-4e2e-a879-85a521ae89b6	10	69522716	69523086	5	-0.9242
a28c2e97-79d6-4e2e-a879-85a521ae89b6	10	69531858	79625693	6687	0.076
a28c2e97-79d6-4e2e-a879-85a521ae89b6	10	79649470	79737848	9	-0.9093
a28c2e97-79d6-4e2e-a879-85a521ae89b6	10	79747269	90697489	7683	0.067
a28c2e97-79d6-4e2e-a879-85a521ae89b6	10	90699854	90703534	6	-0.7711
a28c2e97-79d6-4e2e-a879-85a521ae89b6	10	90711823	126201754	23908	0.0808
a28c2e97-79d6-4e2e-a879-85a521ae89b6	10	126206011	126206650	3	-1.1543
a28c2e97-79d6-4e2e-a879-85a521ae89b6	10	126211731	133415637	5256	0.0795
a28c2e97-79d6-4e2e-a879-85a521ae89b6	10	133416215	133420688	6	-0.9608
a28c2e97-79d6-4e2e-a879-85a521ae89b6	10	133429369	133563774	109	0.9318
a28c2e97-79d6-4e2e-a879-85a521ae89b6	10	133573736	133654968	35	0.0273
a28c2e97-79d6-4e2e-a879-85a521ae89b6	11	198510	3457005	1295	0.055
a28c2e97-79d6-4e2e-a879-85a521ae89b6	11	3457151	3485296	6	-0.8514
a28c2e97-79d6-4e2e-a879-85a521ae89b6	11	3487241	4946420	1119	0.0656
a28c2e97-79d6-4e2e-a879-85a521ae89b6	11	4947280	4955042	30	0.7966
a28c2e97-79d6-4e2e-a879-85a521ae89b6	11	4955781	5761746	779	0.0889
a28c2e97-79d6-4e2e-a879-85a521ae89b6	11	5761822	5788108	39	0.6039
a28c2e97-79d6-4e2e-a879-85a521ae89b6	11	5788231	25584298	14717	0.0737
a28c2e97-79d6-4e2e-a879-85a521ae89b6	11	25587000	25612037	24	-0.8993
a28c2e97-79d6-4e2e-a879-85a521ae89b6	11	25615879	42791601	11908	0.0704
a28c2e97-79d6-4e2e-a879-85a521ae89b6	11	42794936	42796489	2	-2.6901
a28c2e97-79d6-4e2e-a879-85a521ae89b6	11	42799053	46609618	2557	0.0838
a28c2e97-79d6-4e2e-a879-85a521ae89b6	11	46612485	46618886	3	-1.1065
a28c2e97-79d6-4e2e-a879-85a521ae89b6	11	46620802	48688176	888	0.0646
a28c2e97-79d6-4e2e-a879-85a521ae89b6	11	48688191	48700215	9	0.7067
a28c2e97-79d6-4e2e-a879-85a521ae89b6	11	48702884	49737435	400	0.0825
a28c2e97-79d6-4e2e-a879-85a521ae89b6	11	49738003	49739136	6	-1.0318
a28c2e97-79d6-4e2e-a879-85a521ae89b6	11	49744609	50408188	281	0.0797
a28c2e97-79d6-4e2e-a879-85a521ae89b6	11	50408366	50444004	16	-0.9136
a28c2e97-79d6-4e2e-a879-85a521ae89b6	11	50458378	55593934	424	0.0391
a28c2e97-79d6-4e2e-a879-85a521ae89b6	11	55593955	55695678	66	0.3639
a28c2e97-79d6-4e2e-a879-85a521ae89b6	11	55701048	89741663	19862	0.0701
a28c2e97-79d6-4e2e-a879-85a521ae89b6	11	89754781	89768798	4	-1.7462
a28c2e97-79d6-4e2e-a879-85a521ae89b6	11	89796439	101723653	8706	0.0566
a28c2e97-79d6-4e2e-a879-85a521ae89b6	11	101727129	101727233	4	1.7532
a28c2e97-79d6-4e2e-a879-85a521ae89b6	11	101727481	134287218	23119	0.0662
a28c2e97-79d6-4e2e-a879-85a521ae89b6	11	134288564	135074876	625	-0.0162
a28c2e97-79d6-4e2e-a879-85a521ae89b6	12	51460	9477960	6178	0.0786
a28c2e97-79d6-4e2e-a879-85a521ae89b6	12	9481274	9575696	24	-1.8821
a28c2e97-79d6-4e2e-a879-85a521ae89b6	12	9582373	11068125	1038	0.0808
a28c2e97-79d6-4e2e-a879-85a521ae89b6	12	11070111	11088933	9	0.9715
a28c2e97-79d6-4e2e-a879-85a521ae89b6	12	11099275	11358644	133	0.0981
a28c2e97-79d6-4e2e-a879-85a521ae89b6	12	11359558	11390452	28	-0.9256
a28c2e97-79d6-4e2e-a879-85a521ae89b6	12	11390472	22086364	7270	0.07
a28c2e97-79d6-4e2e-a879-85a521ae89b6	12	22090581	22090627	2	-1.8508
a28c2e97-79d6-4e2e-a879-85a521ae89b6	12	22090727	133201603	70212	0.0661
a28c2e97-79d6-4e2e-a879-85a521ae89b6	13	18452809	18549355	9	0.9195
a28c2e97-79d6-4e2e-a879-85a521ae89b6	13	18561151	19891257	674	0.0998
a28c2e97-79d6-4e2e-a879-85a521ae89b6	13	19891306	19891502	7	-0.9079
a28c2e97-79d6-4e2e-a879-85a521ae89b6	13	19891660	37496998	12802	0.0719
a28c2e97-79d6-4e2e-a879-85a521ae89b6	13	37497899	37510595	15	0.7871
a28c2e97-79d6-4e2e-a879-85a521ae89b6	13	37510620	38478674	702	0.0584
a28c2e97-79d6-4e2e-a879-85a521ae89b6	13	38483435	38483919	2	1.6175
a28c2e97-79d6-4e2e-a879-85a521ae89b6	13	38490920	42596056	2848	0.0669
a28c2e97-79d6-4e2e-a879-85a521ae89b6	13	42597432	42597530	2	-1.535
a28c2e97-79d6-4e2e-a879-85a521ae89b6	13	42598151	57176962	8980	0.0626
a28c2e97-79d6-4e2e-a879-85a521ae89b6	13	57184136	57204246	34	-2.4347
a28c2e97-79d6-4e2e-a879-85a521ae89b6	13	57215580	67747290	6378	0.0643
a28c2e97-79d6-4e2e-a879-85a521ae89b6	13	67747821	67754477	7	-1.0176
a28c2e97-79d6-4e2e-a879-85a521ae89b6	13	67761438	114342922	31729	0.0614
a28c2e97-79d6-4e2e-a879-85a521ae89b6	14	18239283	19326853	49	-0.456
a28c2e97-79d6-4e2e-a879-85a521ae89b6	14	19367655	19650668	11	0.7105
a28c2e97-79d6-4e2e-a879-85a521ae89b6	14	19667065	20082381	199	-0.6977
a28c2e97-79d6-4e2e-a879-85a521ae89b6	14	20085125	20087037	2	2.6214
a28c2e97-79d6-4e2e-a879-85a521ae89b6	14	20089108	21832224	1151	-0.5815
a28c2e97-79d6-4e2e-a879-85a521ae89b6	14	21832682	22139542	290	-0.4521
a28c2e97-79d6-4e2e-a879-85a521ae89b6	14	22143351	22145736	11	-1.1274
a28c2e97-79d6-4e2e-a879-85a521ae89b6	14	22147511	22537282	345	-0.4323
a28c2e97-79d6-4e2e-a879-85a521ae89b6	14	22541501	24811129	1346	-0.5749
a28c2e97-79d6-4e2e-a879-85a521ae89b6	14	24813134	24813528	3	-2.2126
a28c2e97-79d6-4e2e-a879-85a521ae89b6	14	24814799	26310436	1102	-0.5823
a28c2e97-79d6-4e2e-a879-85a521ae89b6	14	26314697	26314712	7	0.691
a28c2e97-79d6-4e2e-a879-85a521ae89b6	14	26315707	53341126	16650	-0.5666
a28c2e97-79d6-4e2e-a879-85a521ae89b6	14	53344322	53345341	5	-2.1284
a28c2e97-79d6-4e2e-a879-85a521ae89b6	14	53345534	91216861	24703	-0.5678
a28c2e97-79d6-4e2e-a879-85a521ae89b6	14	91218265	91218346	3	-2.9574
a28c2e97-79d6-4e2e-a879-85a521ae89b6	14	91220947	106321086	9286	-0.5626
a28c2e97-79d6-4e2e-a879-85a521ae89b6	14	106340102	106365807	11	-2.6017
a28c2e97-79d6-4e2e-a879-85a521ae89b6	14	106369985	106487515	78	-0.2825
a28c2e97-79d6-4e2e-a879-85a521ae89b6	14	106487827	106865837	182	-0.6434
a28c2e97-79d6-4e2e-a879-85a521ae89b6	14	106868556	106877229	10	-0.1968
a28c2e97-79d6-4e2e-a879-85a521ae89b6	15	19811075	20981071	152	0.0898
a28c2e97-79d6-4e2e-a879-85a521ae89b6	15	20982677	21067891	10	-1.0431
a28c2e97-79d6-4e2e-a879-85a521ae89b6	15	21070355	76586021	33773	0.0879
a28c2e97-79d6-4e2e-a879-85a521ae89b6	15	76598900	76603433	21	0.9793
a28c2e97-79d6-4e2e-a879-85a521ae89b6	15	76603434	97005991	14010	0.0863
a28c2e97-79d6-4e2e-a879-85a521ae89b6	15	97006387	97009030	2	-1.7792
a28c2e97-79d6-4e2e-a879-85a521ae89b6	15	97009227	100280224	2402	0.0773
a28c2e97-79d6-4e2e-a879-85a521ae89b6	15	100281900	100282623	4	-1.0379
a28c2e97-79d6-4e2e-a879-85a521ae89b6	15	100283565	101425268	887	0.0763
a28c2e97-79d6-4e2e-a879-85a521ae89b6	15	101425587	101429067	3	-1.6458
a28c2e97-79d6-4e2e-a879-85a521ae89b6	15	101429334	101928837	317	0.0483
a28c2e97-79d6-4e2e-a879-85a521ae89b6	16	10777	6825403	4190	0.0686
a28c2e97-79d6-4e2e-a879-85a521ae89b6	16	6826240	6846341	20	-1.0003
a28c2e97-79d6-4e2e-a879-85a521ae89b6	16	6847112	7559761	897	0.0631
a28c2e97-79d6-4e2e-a879-85a521ae89b6	16	7559910	7561154	3	-1.3316
a28c2e97-79d6-4e2e-a879-85a521ae89b6	16	7561376	8385948	904	0.1021
a28c2e97-79d6-4e2e-a879-85a521ae89b6	16	8388859	8390148	5	-0.757
a28c2e97-79d6-4e2e-a879-85a521ae89b6	16	8390821	8846565	397	0.1018
a28c2e97-79d6-4e2e-a879-85a521ae89b6	16	8848385	9162580	191	-0.0418
a28c2e97-79d6-4e2e-a879-85a521ae89b6	16	9164567	14887120	4515	0.105
a28c2e97-79d6-4e2e-a879-85a521ae89b6	16	14895982	15022400	53	-0.8367
a28c2e97-79d6-4e2e-a879-85a521ae89b6	16	15031584	90096867	40726	0.0875
a28c2e97-79d6-4e2e-a879-85a521ae89b6	17	150733	41266838	20832	0.088
a28c2e97-79d6-4e2e-a879-85a521ae89b6	17	41266851	41274279	19	-0.9271
a28c2e97-79d6-4e2e-a879-85a521ae89b6	17	41276472	43354897	1105	0.104
a28c2e97-79d6-4e2e-a879-85a521ae89b6	17	43361222	43362553	3	-1.0805
a28c2e97-79d6-4e2e-a879-85a521ae89b6	17	43366336	45577724	1049	0.1001
a28c2e97-79d6-4e2e-a879-85a521ae89b6	17	45579014	45587327	7	-0.8114
a28c2e97-79d6-4e2e-a879-85a521ae89b6	17	45597863	46084918	333	0.0924
a28c2e97-79d6-4e2e-a879-85a521ae89b6	17	46084941	46144772	45	-0.2246
a28c2e97-79d6-4e2e-a879-85a521ae89b6	17	46147179	46147957	3	-1.1782
a28c2e97-79d6-4e2e-a879-85a521ae89b6	17	46148399	46286804	79	-0.2436
a28c2e97-79d6-4e2e-a879-85a521ae89b6	17	46323701	73742947	16756	0.092
a28c2e97-79d6-4e2e-a879-85a521ae89b6	17	73745262	73751886	20	-0.8689
a28c2e97-79d6-4e2e-a879-85a521ae89b6	17	73755406	83091923	4810	0.0682
a28c2e97-79d6-4e2e-a879-85a521ae89b6	18	48133	11301579	8322	-0.5615
a28c2e97-79d6-4e2e-a879-85a521ae89b6	18	11305226	11305241	2	-2.6422
a28c2e97-79d6-4e2e-a879-85a521ae89b6	18	11306075	11860617	340	-0.5816
a28c2e97-79d6-4e2e-a879-85a521ae89b6	18	11865893	11866642	2	-2.8799
a28c2e97-79d6-4e2e-a879-85a521ae89b6	18	11867298	40678519	14132	-0.5688
a28c2e97-79d6-4e2e-a879-85a521ae89b6	18	40678618	40685425	24	0.0059
a28c2e97-79d6-4e2e-a879-85a521ae89b6	18	40688060	60488441	13628	-0.5653
a28c2e97-79d6-4e2e-a879-85a521ae89b6	18	60492950	60493666	2	-3.5012
a28c2e97-79d6-4e2e-a879-85a521ae89b6	18	60494452	66054343	3874	-0.5754
a28c2e97-79d6-4e2e-a879-85a521ae89b6	18	66060256	66065571	15	0.0808
a28c2e97-79d6-4e2e-a879-85a521ae89b6	18	66065592	72100190	4369	-0.5657
a28c2e97-79d6-4e2e-a879-85a521ae89b6	18	72103766	72113208	7	-2.3857
a28c2e97-79d6-4e2e-a879-85a521ae89b6	18	72117643	80257174	6055	-0.5801
a28c2e97-79d6-4e2e-a879-85a521ae89b6	19	90910	23462392	10638	0.0812
a28c2e97-79d6-4e2e-a879-85a521ae89b6	19	23463331	23473092	2	-2.1748
a28c2e97-79d6-4e2e-a879-85a521ae89b6	19	23473618	43190778	9966	0.0865
a28c2e97-79d6-4e2e-a879-85a521ae89b6	19	43193181	43252085	23	-0.7292
a28c2e97-79d6-4e2e-a879-85a521ae89b6	19	43262507	50049637	3283	0.0811
a28c2e97-79d6-4e2e-a879-85a521ae89b6	19	50055282	50055302	2	-3.2131
a28c2e97-79d6-4e2e-a879-85a521ae89b6	19	50055880	54215099	2607	0.0816
a28c2e97-79d6-4e2e-a879-85a521ae89b6	19	54215136	54237443	17	-1.0936
a28c2e97-79d6-4e2e-a879-85a521ae89b6	19	54249482	55608619	658	0.0753
a28c2e97-79d6-4e2e-a879-85a521ae89b6	19	55612683	55640058	14	-0.6187
a28c2e97-79d6-4e2e-a879-85a521ae89b6	19	55645081	56201725	400	0.0901
a28c2e97-79d6-4e2e-a879-85a521ae89b6	19	56202579	56211390	10	-0.9853
a28c2e97-79d6-4e2e-a879-85a521ae89b6	19	56212254	58586487	1506	0.0865
a28c2e97-79d6-4e2e-a879-85a521ae89b6	20	80664	1579916	1199	0.0612
a28c2e97-79d6-4e2e-a879-85a521ae89b6	20	1580141	1613247	46	-0.5204
a28c2e97-79d6-4e2e-a879-85a521ae89b6	20	1617300	1708624	114	0.1498
a28c2e97-79d6-4e2e-a879-85a521ae89b6	20	1708815	1714023	3	-1.3989
a28c2e97-79d6-4e2e-a879-85a521ae89b6	20	1717183	50779344	31141	0.0784
a28c2e97-79d6-4e2e-a879-85a521ae89b6	20	50783384	54065056	2481	0.1017
a28c2e97-79d6-4e2e-a879-85a521ae89b6	20	54065071	54065374	5	-0.7308
a28c2e97-79d6-4e2e-a879-85a521ae89b6	20	54065389	62018340	6459	0.1068
a28c2e97-79d6-4e2e-a879-85a521ae89b6	20	62019830	64324800	957	0.0759
a28c2e97-79d6-4e2e-a879-85a521ae89b6	21	10354168	13028693	97	-0.1129
a28c2e97-79d6-4e2e-a879-85a521ae89b6	21	13080541	13189617	17	-1.9785
a28c2e97-79d6-4e2e-a879-85a521ae89b6	21	13197963	13582956	154	0.0919
a28c2e97-79d6-4e2e-a879-85a521ae89b6	21	13583316	13837028	16	-0.5653
a28c2e97-79d6-4e2e-a879-85a521ae89b6	21	13837084	18263926	2970	0.077
a28c2e97-79d6-4e2e-a879-85a521ae89b6	21	18263989	18264661	2	-3.2927
a28c2e97-79d6-4e2e-a879-85a521ae89b6	21	18266147	46677045	20622	0.0834
a28c2e97-79d6-4e2e-a879-85a521ae89b6	22	15294547	22102756	3111	0.0534
a28c2e97-79d6-4e2e-a879-85a521ae89b6	22	22106357	22106365	2	-2.1124
a28c2e97-79d6-4e2e-a879-85a521ae89b6	22	22108569	38955461	12132	0.0914
a28c2e97-79d6-4e2e-a879-85a521ae89b6	22	38967614	38979302	24	-0.8723
a28c2e97-79d6-4e2e-a879-85a521ae89b6	22	38993700	49026364	6916	0.096
a28c2e97-79d6-4e2e-a879-85a521ae89b6	22	49028611	49029253	2	-2.3695
a28c2e97-79d6-4e2e-a879-85a521ae89b6	22	49029793	50796027	1101	0.0243
a28c2e97-79d6-4e2e-a879-85a521ae89b6	X	251810	32952823	20478	-0.2074
a28c2e97-79d6-4e2e-a879-85a521ae89b6	X	32953709	34360590	999	-0.1268
a28c2e97-79d6-4e2e-a879-85a521ae89b6	X	34361125	38437904	2262	-0.2289
a28c2e97-79d6-4e2e-a879-85a521ae89b6	X	38438304	38438583	3	-1.539
a28c2e97-79d6-4e2e-a879-85a521ae89b6	X	38438756	48121492	5330	-0.2083
a28c2e97-79d6-4e2e-a879-85a521ae89b6	X	48128795	48144497	3	-2.7135
a28c2e97-79d6-4e2e-a879-85a521ae89b6	X	48144628	56630035	3519	-0.2043
a28c2e97-79d6-4e2e-a879-85a521ae89b6	X	56635479	56646272	3	-2.2032
a28c2e97-79d6-4e2e-a879-85a521ae89b6	X	56652478	78845678	7706	-0.1975
a28c2e97-79d6-4e2e-a879-85a521ae89b6	X	78846044	90346624	6465	0.2259
a28c2e97-79d6-4e2e-a879-85a521ae89b6	X	90352072	91560273	473	0.3543
a28c2e97-79d6-4e2e-a879-85a521ae89b6	X	91561634	155952689	36444	0.2348
a28c2e97-79d6-4e2e-a879-85a521ae89b6	Y	2782397	3326047	192	-3.3624
a28c2e97-79d6-4e2e-a879-85a521ae89b6	Y	3327226	6249869	593	-2.83
a28c2e97-79d6-4e2e-a879-85a521ae89b6	Y	6252391	56872112	5855	-3.4251
