GDC_Aliquot	Chromosome	Start	End	Num_Probes	Segment_Mean
49db3d60-9404-492e-b874-3655988ced15	1	62920	16518437	8630	0.005
49db3d60-9404-492e-b874-3655988ced15	1	16525019	16617327	13	-0.8111
49db3d60-9404-492e-b874-3655988ced15	1	16627347	16773735	37	-0.0208
49db3d60-9404-492e-b874-3655988ced15	1	16774382	16898730	22	-0.673
49db3d60-9404-492e-b874-3655988ced15	1	16898872	16909203	5	0.4119
49db3d60-9404-492e-b874-3655988ced15	1	16909357	16935752	36	-0.7916
49db3d60-9404-492e-b874-3655988ced15	1	16949746	72297687	33985	0.0001
49db3d60-9404-492e-b874-3655988ced15	1	72302735	72345465	48	-1.1232
49db3d60-9404-492e-b874-3655988ced15	1	72346221	89009572	10927	0.0056
49db3d60-9404-492e-b874-3655988ced15	1	89012275	89012522	2	-2.6461
49db3d60-9404-492e-b874-3655988ced15	1	89015841	109690415	12666	0.0041
49db3d60-9404-492e-b874-3655988ced15	1	109690431	109696900	9	-0.8859
49db3d60-9404-492e-b874-3655988ced15	1	109697533	112154576	1972	-0.0037
49db3d60-9404-492e-b874-3655988ced15	1	112154591	112163518	11	0.6087
49db3d60-9404-492e-b874-3655988ced15	1	112163527	121593930	5144	-0.001
49db3d60-9404-492e-b874-3655988ced15	1	121597150	143547139	12	-0.7588
49db3d60-9404-492e-b874-3655988ced15	1	143547196	152583291	2431	0.0194
49db3d60-9404-492e-b874-3655988ced15	1	152583319	152618018	34	-0.988
49db3d60-9404-492e-b874-3655988ced15	1	152618089	158911534	3823	0.007
49db3d60-9404-492e-b874-3655988ced15	1	158914729	158916988	3	1.45
49db3d60-9404-492e-b874-3655988ced15	1	158917418	169247699	7641	0.0035
49db3d60-9404-492e-b874-3655988ced15	1	169264736	169272528	7	-2.0357
49db3d60-9404-492e-b874-3655988ced15	1	169273163	196729169	18143	0.0017
49db3d60-9404-492e-b874-3655988ced15	1	196729184	196788772	50	0.3589
49db3d60-9404-492e-b874-3655988ced15	1	196788979	248930189	35793	0.0012
49db3d60-9404-492e-b874-3655988ced15	2	12784	4158097	2982	0.0153
49db3d60-9404-492e-b874-3655988ced15	2	4166274	4176429	42	-0.4583
49db3d60-9404-492e-b874-3655988ced15	2	4182472	52531803	34086	0.0129
49db3d60-9404-492e-b874-3655988ced15	2	52531878	52554404	28	-0.4921
49db3d60-9404-492e-b874-3655988ced15	2	52560811	78836417	16931	0.0161
49db3d60-9404-492e-b874-3655988ced15	2	78836662	79407783	481	0.139
49db3d60-9404-492e-b874-3655988ced15	2	79407845	242147305	94798	0.0092
49db3d60-9404-492e-b874-3655988ced15	3	20930	1286777	1074	0.0206
49db3d60-9404-492e-b874-3655988ced15	3	1286790	2036815	740	0.1128
49db3d60-9404-492e-b874-3655988ced15	3	2038022	23937812	16029	0.007
49db3d60-9404-492e-b874-3655988ced15	3	23939938	23940837	2	-3.2329
49db3d60-9404-492e-b874-3655988ced15	3	23940839	99218940	45795	0.0084
49db3d60-9404-492e-b874-3655988ced15	3	99225614	99230457	35	-1.8122
49db3d60-9404-492e-b874-3655988ced15	3	99230464	198169247	60901	0.0064
49db3d60-9404-492e-b874-3655988ced15	4	68929	3884081	1568	-0.0102
49db3d60-9404-492e-b874-3655988ced15	4	3896017	4174887	73	-0.376
49db3d60-9404-492e-b874-3655988ced15	4	4174902	9404392	3474	0.0032
49db3d60-9404-492e-b874-3655988ced15	4	9404397	9617513	74	-0.327
49db3d60-9404-492e-b874-3655988ced15	4	9624789	10208766	499	-0.0118
49db3d60-9404-492e-b874-3655988ced15	4	10212536	10229874	29	-1.7096
49db3d60-9404-492e-b874-3655988ced15	4	10232590	25554550	11191	0.0052
49db3d60-9404-492e-b874-3655988ced15	4	25554958	25583761	20	0.4747
49db3d60-9404-492e-b874-3655988ced15	4	25584584	34777432	5751	0.0085
49db3d60-9404-492e-b874-3655988ced15	4	34784878	34819718	36	-0.44
49db3d60-9404-492e-b874-3655988ced15	4	34822561	49214614	8967	0.0098
49db3d60-9404-492e-b874-3655988ced15	4	49289175	49289338	2	-2.0292
49db3d60-9404-492e-b874-3655988ced15	4	49295203	57193186	3558	0.0007
49db3d60-9404-492e-b874-3655988ced15	4	57196159	57200907	3	-1.2482
49db3d60-9404-492e-b874-3655988ced15	4	57201894	68395346	6894	0.0055
49db3d60-9404-492e-b874-3655988ced15	4	68416487	68422422	4	-1.5896
49db3d60-9404-492e-b874-3655988ced15	4	68422424	68725894	87	0.2889
49db3d60-9404-492e-b874-3655988ced15	4	68726064	69261934	307	0.016
49db3d60-9404-492e-b874-3655988ced15	4	69262694	69421960	79	-0.3657
49db3d60-9404-492e-b874-3655988ced15	4	69422116	71200570	1056	0.007
49db3d60-9404-492e-b874-3655988ced15	4	71201152	71201234	2	-2.0698
49db3d60-9404-492e-b874-3655988ced15	4	71203796	76871964	3528	-0.0011
49db3d60-9404-492e-b874-3655988ced15	4	76872059	76872235	6	-0.9864
49db3d60-9404-492e-b874-3655988ced15	4	76872625	82343607	3463	-0.0215
49db3d60-9404-492e-b874-3655988ced15	4	82356608	82358250	3	-1.4151
49db3d60-9404-492e-b874-3655988ced15	4	82363007	82712673	214	-0.0079
49db3d60-9404-492e-b874-3655988ced15	4	82716215	82723539	13	-1.0703
49db3d60-9404-492e-b874-3655988ced15	4	82723573	105470145	13619	-0.0001
49db3d60-9404-492e-b874-3655988ced15	4	105470723	105470929	2	-2.2119
49db3d60-9404-492e-b874-3655988ced15	4	105472390	115244651	5991	-0.0021
49db3d60-9404-492e-b874-3655988ced15	4	115244712	115254680	19	0.5699
49db3d60-9404-492e-b874-3655988ced15	4	115254708	137168393	12595	0.014
49db3d60-9404-492e-b874-3655988ced15	4	137170949	137173804	17	-0.6008
49db3d60-9404-492e-b874-3655988ced15	4	137173818	155542771	11207	0.0056
49db3d60-9404-492e-b874-3655988ced15	4	155544251	155544482	3	1.3367
49db3d60-9404-492e-b874-3655988ced15	4	155544897	172068222	10579	0.0001
49db3d60-9404-492e-b874-3655988ced15	4	172068257	172068368	6	-1.4392
49db3d60-9404-492e-b874-3655988ced15	4	172068382	190106768	12069	0.0068
49db3d60-9404-492e-b874-3655988ced15	5	15532	722090	314	-0.0108
49db3d60-9404-492e-b874-3655988ced15	5	722281	825538	38	-0.4357
49db3d60-9404-492e-b874-3655988ced15	5	833513	12815668	9812	0.0046
49db3d60-9404-492e-b874-3655988ced15	5	12815753	12819964	8	-1.5639
49db3d60-9404-492e-b874-3655988ced15	5	12824299	32102625	12063	0.0074
49db3d60-9404-492e-b874-3655988ced15	5	32106978	32152987	35	0.6543
49db3d60-9404-492e-b874-3655988ced15	5	32155447	46271006	8352	0.0028
49db3d60-9404-492e-b874-3655988ced15	5	46271828	46273400	6	-2.2547
49db3d60-9404-492e-b874-3655988ced15	5	46278110	46383233	17	-0.1476
49db3d60-9404-492e-b874-3655988ced15	5	46386290	50159802	5	-1.0384
49db3d60-9404-492e-b874-3655988ced15	5	50163220	69550476	12373	0.0014
49db3d60-9404-492e-b874-3655988ced15	5	69571467	69822308	5	-1.6803
49db3d60-9404-492e-b874-3655988ced15	5	69937600	181363319	69700	0.0035
49db3d60-9404-492e-b874-3655988ced15	6	149661	277360	111	-0.051
49db3d60-9404-492e-b874-3655988ced15	6	278146	381149	90	-0.5336
49db3d60-9404-492e-b874-3655988ced15	6	382559	26743855	20015	-0.0012
49db3d60-9404-492e-b874-3655988ced15	6	26747492	26759781	5	-1.2991
49db3d60-9404-492e-b874-3655988ced15	6	26831719	29869411	1411	0.0088
49db3d60-9404-492e-b874-3655988ced15	6	29869537	29882419	15	-0.9573
49db3d60-9404-492e-b874-3655988ced15	6	29882497	31313046	661	-0.0168
49db3d60-9404-492e-b874-3655988ced15	6	31318499	31342147	12	-0.9161
49db3d60-9404-492e-b874-3655988ced15	6	31349570	34170525	1495	-0.0094
49db3d60-9404-492e-b874-3655988ced15	6	34174729	34174978	2	-1.7913
49db3d60-9404-492e-b874-3655988ced15	6	34176296	65000836	17220	0.002
49db3d60-9404-492e-b874-3655988ced15	6	65001506	65022239	6	-0.9642
49db3d60-9404-492e-b874-3655988ced15	6	65022522	78261995	8689	0.0063
49db3d60-9404-492e-b874-3655988ced15	6	78262064	78332056	113	-0.299
49db3d60-9404-492e-b874-3655988ced15	6	78332092	93760584	9880	-0.0019
49db3d60-9404-492e-b874-3655988ced15	6	93760711	94551265	521	0.107
49db3d60-9404-492e-b874-3655988ced15	6	94556105	103286941	5045	0.0037
49db3d60-9404-492e-b874-3655988ced15	6	103286950	103314186	48	0.7502
49db3d60-9404-492e-b874-3655988ced15	6	103317795	170741917	44112	0.0027
49db3d60-9404-492e-b874-3655988ced15	7	43355	6713974	3390	0.0187
49db3d60-9404-492e-b874-3655988ced15	7	6713986	7023272	103	-0.2483
49db3d60-9404-492e-b874-3655988ced15	7	7023356	18975220	9728	0.0242
49db3d60-9404-492e-b874-3655988ced15	7	18975259	18975496	2	-1.9588
49db3d60-9404-492e-b874-3655988ced15	7	18975640	54305455	25205	0.0162
49db3d60-9404-492e-b874-3655988ced15	7	54318812	54318824	6	-2.2183
49db3d60-9404-492e-b874-3655988ced15	7	54325795	57622983	1945	0.009
49db3d60-9404-492e-b874-3655988ced15	7	57638229	63059994	285	-0.1712
49db3d60-9404-492e-b874-3655988ced15	7	63060541	109801187	26195	0.0068
49db3d60-9404-492e-b874-3655988ced15	7	109801572	109813853	10	-1.6541
49db3d60-9404-492e-b874-3655988ced15	7	109813925	142450035	20262	0.0116
49db3d60-9404-492e-b874-3655988ced15	7	142451149	142470387	16	-0.5562
49db3d60-9404-492e-b874-3655988ced15	7	142471173	154601461	7316	0.004
49db3d60-9404-492e-b874-3655988ced15	7	154604397	154607903	3	-1.7529
49db3d60-9404-492e-b874-3655988ced15	7	154609120	159334314	3228	0.0043
49db3d60-9404-492e-b874-3655988ced15	8	81254	7063882	7684	0.0184
49db3d60-9404-492e-b874-3655988ced15	8	7064168	7336299	41	-0.4643
49db3d60-9404-492e-b874-3655988ced15	8	7357089	7974123	50	0.1368
49db3d60-9404-492e-b874-3655988ced15	8	7981252	8007744	3	1.4317
49db3d60-9404-492e-b874-3655988ced15	8	8078333	12376131	3243	0.0023
49db3d60-9404-492e-b874-3655988ced15	8	12376245	12496221	28	-0.7404
49db3d60-9404-492e-b874-3655988ced15	8	12496252	46033291	22092	0.0012
49db3d60-9404-492e-b874-3655988ced15	8	46033949	46504606	110	-0.2346
49db3d60-9404-492e-b874-3655988ced15	8	46517387	145072769	62153	-0.0008
49db3d60-9404-492e-b874-3655988ced15	9	46587	40746210	31159	0.0192
49db3d60-9404-492e-b874-3655988ced15	9	40753470	61405110	183	-0.2955
49db3d60-9404-492e-b874-3655988ced15	9	61520021	61629689	28	-1.0274
49db3d60-9404-492e-b874-3655988ced15	9	61633080	66883464	143	-0.2527
49db3d60-9404-492e-b874-3655988ced15	9	66901326	77155482	6524	0.0016
49db3d60-9404-492e-b874-3655988ced15	9	77155594	77162205	27	0.6124
49db3d60-9404-492e-b874-3655988ced15	9	77162488	103804216	18247	0.0002
49db3d60-9404-492e-b874-3655988ced15	9	103806415	103807009	2	-3.1883
49db3d60-9404-492e-b874-3655988ced15	9	103808421	112811301	6924	0.0034
49db3d60-9404-492e-b874-3655988ced15	9	112811738	112822829	7	-0.8935
49db3d60-9404-492e-b874-3655988ced15	9	112827165	138200944	16156	0.0013
49db3d60-9404-492e-b874-3655988ced15	10	45792	41806394	29038	0.0389
49db3d60-9404-492e-b874-3655988ced15	10	41806457	42264605	27	-0.5074
49db3d60-9404-492e-b874-3655988ced15	10	42267782	46248612	2440	0.0199
49db3d60-9404-492e-b874-3655988ced15	10	46248776	46328845	105	-0.2032
49db3d60-9404-492e-b874-3655988ced15	10	46329069	65548272	12754	0.0459
49db3d60-9404-492e-b874-3655988ced15	10	65548833	65554672	22	-0.5089
49db3d60-9404-492e-b874-3655988ced15	10	65554688	66092292	467	0.0484
49db3d60-9404-492e-b874-3655988ced15	10	66092724	66093316	2	-1.7119
49db3d60-9404-492e-b874-3655988ced15	10	66094462	80226035	8992	0.0362
49db3d60-9404-492e-b874-3655988ced15	10	80234421	80237322	3	-2.1692
49db3d60-9404-492e-b874-3655988ced15	10	80237692	130472507	34714	0.0379
49db3d60-9404-492e-b874-3655988ced15	10	130472578	130472631	2	1.7244
49db3d60-9404-492e-b874-3655988ced15	10	130472877	133654968	1993	0.0497
49db3d60-9404-492e-b874-3655988ced15	11	198510	4946420	2414	-0.0011
49db3d60-9404-492e-b874-3655988ced15	11	4947280	4952503	19	0.6147
49db3d60-9404-492e-b874-3655988ced15	11	4952518	36758924	23421	0.0088
49db3d60-9404-492e-b874-3655988ced15	11	36759611	36760584	3	-2.126
49db3d60-9404-492e-b874-3655988ced15	11	36762152	36940588	124	-0.0282
49db3d60-9404-492e-b874-3655988ced15	11	36940941	37631345	470	0.1179
49db3d60-9404-492e-b874-3655988ced15	11	37631894	55618192	7995	-0.0045
49db3d60-9404-492e-b874-3655988ced15	11	55618921	55711401	57	0.3956
49db3d60-9404-492e-b874-3655988ced15	11	55711419	67748383	6201	-0.0063
49db3d60-9404-492e-b874-3655988ced15	11	67749366	67981851	61	-0.3078
49db3d60-9404-492e-b874-3655988ced15	11	67996609	98270908	19488	0.0066
49db3d60-9404-492e-b874-3655988ced15	11	98270972	98341966	46	0.4959
49db3d60-9404-492e-b874-3655988ced15	11	98342068	135074876	26402	0.0075
49db3d60-9404-492e-b874-3655988ced15	12	51460	8405892	5590	0.0073
49db3d60-9404-492e-b874-3655988ced15	12	8406040	8432076	17	-0.6923
49db3d60-9404-492e-b874-3655988ced15	12	8442298	133201603	79122	0.0082
49db3d60-9404-492e-b874-3655988ced15	13	18452809	18833025	88	-0.2444
49db3d60-9404-492e-b874-3655988ced15	13	18833965	23051898	2754	0.0067
49db3d60-9404-492e-b874-3655988ced15	13	23052383	23059376	20	-0.5058
49db3d60-9404-492e-b874-3655988ced15	13	23064056	37496998	10606	-0.0013
49db3d60-9404-492e-b874-3655988ced15	13	37497899	37514193	17	0.795
49db3d60-9404-492e-b874-3655988ced15	13	37514237	76038259	24583	0.0103
49db3d60-9404-492e-b874-3655988ced15	13	76038298	76038516	2	1.8899
49db3d60-9404-492e-b874-3655988ced15	13	76038552	105038334	19353	0.001
49db3d60-9404-492e-b874-3655988ced15	13	105040898	105756209	572	0.1056
49db3d60-9404-492e-b874-3655988ced15	13	105758919	114342922	6076	0.0096
49db3d60-9404-492e-b874-3655988ced15	14	18239283	18662134	20	0.0469
49db3d60-9404-492e-b874-3655988ced15	14	18674599	19897722	114	-0.3508
49db3d60-9404-492e-b874-3655988ced15	14	19899249	21956321	1421	0.0141
49db3d60-9404-492e-b874-3655988ced15	14	21959698	22448466	389	0.1379
49db3d60-9404-492e-b874-3655988ced15	14	22448641	22490304	38	0.5098
49db3d60-9404-492e-b874-3655988ced15	14	22490342	22501252	26	0.1043
49db3d60-9404-492e-b874-3655988ced15	14	22501272	22751549	198	0.0429
49db3d60-9404-492e-b874-3655988ced15	14	22752107	22758550	4	-1.122
49db3d60-9404-492e-b874-3655988ced15	14	22760551	22903537	68	0.0304
49db3d60-9404-492e-b874-3655988ced15	14	22903728	22903855	2	-1.8405
49db3d60-9404-492e-b874-3655988ced15	14	22904297	41280427	11541	0.0144
49db3d60-9404-492e-b874-3655988ced15	14	41282974	41286163	10	0.6525
49db3d60-9404-492e-b874-3655988ced15	14	41286210	68792160	17265	0.0115
49db3d60-9404-492e-b874-3655988ced15	14	68796624	68820874	14	-0.5762
49db3d60-9404-492e-b874-3655988ced15	14	68821715	82021119	8644	0.0074
49db3d60-9404-492e-b874-3655988ced15	14	82024115	82043446	11	0.5826
49db3d60-9404-492e-b874-3655988ced15	14	82043733	82835658	529	-0.0134
49db3d60-9404-492e-b874-3655988ced15	14	82837989	82838328	2	-1.9185
49db3d60-9404-492e-b874-3655988ced15	14	82838459	106294689	14726	0.0078
49db3d60-9404-492e-b874-3655988ced15	14	106297265	106297273	3	1.8747
49db3d60-9404-492e-b874-3655988ced15	14	106297409	106877229	294	-0.0095
49db3d60-9404-492e-b874-3655988ced15	15	19811075	21067891	161	-0.3939
49db3d60-9404-492e-b874-3655988ced15	15	21070355	30215235	4671	-0.0012
49db3d60-9404-492e-b874-3655988ced15	15	30230885	30259942	6	-1.3983
49db3d60-9404-492e-b874-3655988ced15	15	30269364	76598900	29032	0.0051
49db3d60-9404-492e-b874-3655988ced15	15	76599170	76603434	21	-1.8423
49db3d60-9404-492e-b874-3655988ced15	15	76609838	101928837	17589	-0.0002
49db3d60-9404-492e-b874-3655988ced15	16	10777	6041708	3176	-0.0109
49db3d60-9404-492e-b874-3655988ced15	16	6042692	7990319	2442	0.0483
49db3d60-9404-492e-b874-3655988ced15	16	7990632	15176361	5570	-0.0039
49db3d60-9404-492e-b874-3655988ced15	16	15184961	15402301	20	-0.6335
49db3d60-9404-492e-b874-3655988ced15	16	15404950	55762682	15694	0.0021
49db3d60-9404-492e-b874-3655988ced15	16	55764310	55771496	5	0.8441
49db3d60-9404-492e-b874-3655988ced15	16	55771643	55774509	2	-2.1395
49db3d60-9404-492e-b874-3655988ced15	16	55774768	55776109	4	1.0516
49db3d60-9404-492e-b874-3655988ced15	16	55776295	70164493	8769	0.0046
49db3d60-9404-492e-b874-3655988ced15	16	70177541	70212022	4	-1.1655
49db3d60-9404-492e-b874-3655988ced15	16	70212430	78337711	5504	0.0096
49db3d60-9404-492e-b874-3655988ced15	16	78338543	78350841	15	1.3564
49db3d60-9404-492e-b874-3655988ced15	16	78350868	90096867	10604	0.0075
49db3d60-9404-492e-b874-3655988ced15	17	150733	36109315	18238	0.0071
49db3d60-9404-492e-b874-3655988ced15	17	36109735	36150221	34	0.6041
49db3d60-9404-492e-b874-3655988ced15	17	36157718	36497935	49	-0.0476
49db3d60-9404-492e-b874-3655988ced15	17	36497950	36506040	14	-0.6094
49db3d60-9404-492e-b874-3655988ced15	17	36508913	39692350	1555	0.0022
49db3d60-9404-492e-b874-3655988ced15	17	39694457	39694692	2	-1.411
49db3d60-9404-492e-b874-3655988ced15	17	39694753	41266762	902	0.0186
49db3d60-9404-492e-b874-3655988ced15	17	41266774	41274198	22	0.6868
49db3d60-9404-492e-b874-3655988ced15	17	41274279	46085732	2496	-0.0004
49db3d60-9404-492e-b874-3655988ced15	17	46088437	46571001	130	0.3111
49db3d60-9404-492e-b874-3655988ced15	17	46664059	53126477	3733	0.0035
49db3d60-9404-492e-b874-3655988ced15	17	53131257	53232210	59	0.2832
49db3d60-9404-492e-b874-3655988ced15	17	53234551	83091923	17758	0.0009
49db3d60-9404-492e-b874-3655988ced15	18	48133	12192232	8860	-0.0159
49db3d60-9404-492e-b874-3655988ced15	18	12192656	12226369	10	-0.8681
49db3d60-9404-492e-b874-3655988ced15	18	12228773	42471713	15112	-0.0233
49db3d60-9404-492e-b874-3655988ced15	18	42476604	42480972	27	-1.2623
49db3d60-9404-492e-b874-3655988ced15	18	42481030	46645009	2673	-0.0307
49db3d60-9404-492e-b874-3655988ced15	18	46649522	46649618	2	-1.6349
49db3d60-9404-492e-b874-3655988ced15	18	46650255	64556688	12517	-0.0262
49db3d60-9404-492e-b874-3655988ced15	18	64559560	64563461	8	0.7282
49db3d60-9404-492e-b874-3655988ced15	18	64569414	64950570	277	0.0072
49db3d60-9404-492e-b874-3655988ced15	18	64954393	64954436	2	1.7177
49db3d60-9404-492e-b874-3655988ced15	18	64954810	71387796	4577	-0.0094
49db3d60-9404-492e-b874-3655988ced15	18	71388121	73936092	2058	0.0662
49db3d60-9404-492e-b874-3655988ced15	18	73940557	80257174	4533	-0.026
49db3d60-9404-492e-b874-3655988ced15	19	90910	5506648	1589	0.0118
49db3d60-9404-492e-b874-3655988ced15	19	5510228	5510642	3	-1.6208
49db3d60-9404-492e-b874-3655988ced15	19	5510689	15709528	5021	0.0033
49db3d60-9404-492e-b874-3655988ced15	19	15712794	15714133	4	1.2179
49db3d60-9404-492e-b874-3655988ced15	19	15714788	20415964	2297	-0.0104
49db3d60-9404-492e-b874-3655988ced15	19	20420524	20533583	63	-0.7486
49db3d60-9404-492e-b874-3655988ced15	19	20538075	42796054	11415	-0.0076
49db3d60-9404-492e-b874-3655988ced15	19	42798357	43026206	99	-0.8294
49db3d60-9404-492e-b874-3655988ced15	19	43029275	51628494	4239	-0.0018
49db3d60-9404-492e-b874-3655988ced15	19	51628545	51644944	13	-0.6651
49db3d60-9404-492e-b874-3655988ced15	19	51651652	53353300	1191	0.0011
49db3d60-9404-492e-b874-3655988ced15	19	53361177	53763518	311	-0.1409
49db3d60-9404-492e-b874-3655988ced15	19	53764022	58586487	2828	-0.0043
49db3d60-9404-492e-b874-3655988ced15	20	80664	891866	632	0.0148
49db3d60-9404-492e-b874-3655988ced15	20	891959	893857	2	-2.2061
49db3d60-9404-492e-b874-3655988ced15	20	895270	64284715	41674	0.0049
49db3d60-9404-492e-b874-3655988ced15	20	64323342	64324800	5	-2.0217
49db3d60-9404-492e-b874-3655988ced15	21	10354168	13101978	105	-0.2414
49db3d60-9404-492e-b874-3655988ced15	21	13111368	27079051	9903	0.0131
49db3d60-9404-492e-b874-3655988ced15	21	27079090	27085616	9	-1.1646
49db3d60-9404-492e-b874-3655988ced15	21	27087592	28372220	943	0.0046
49db3d60-9404-492e-b874-3655988ced15	21	28374194	28375803	2	-1.699
49db3d60-9404-492e-b874-3655988ced15	21	28376361	38433567	7134	0.0039
49db3d60-9404-492e-b874-3655988ced15	21	38433590	38433625	2	-2.0601
49db3d60-9404-492e-b874-3655988ced15	21	38433731	44603656	4522	0.0085
49db3d60-9404-492e-b874-3655988ced15	21	44603732	44603751	2	-2.8713
49db3d60-9404-492e-b874-3655988ced15	21	44603796	46677045	1217	0.0105
49db3d60-9404-492e-b874-3655988ced15	22	15294547	23981995	4388	-0.028
49db3d60-9404-492e-b874-3655988ced15	22	23987520	23989773	3	-3.1226
49db3d60-9404-492e-b874-3655988ced15	22	23990431	25340707	866	-0.024
49db3d60-9404-492e-b874-3655988ced15	22	25340708	25340710	3	-1.4528
49db3d60-9404-492e-b874-3655988ced15	22	25340711	36374612	8474	-0.0092
49db3d60-9404-492e-b874-3655988ced15	22	36374829	36374873	2	-1.8259
49db3d60-9404-492e-b874-3655988ced15	22	36375187	42511497	3389	-0.0056
49db3d60-9404-492e-b874-3655988ced15	22	42514763	42528516	10	-0.7592
49db3d60-9404-492e-b874-3655988ced15	22	42529027	50796027	6101	0.0001
49db3d60-9404-492e-b874-3655988ced15	X	251810	155952689	83185	0.0058
49db3d60-9404-492e-b874-3655988ced15	Y	2782397	56872112	6639	-0.9406
