GDC_Aliquot	Chromosome	Start	End	Num_Probes	Segment_Mean
5b7b1706-a60a-40f8-bb45-812b98a6c4f3	1	62920	462894	19	-0.3259
5b7b1706-a60a-40f8-bb45-812b98a6c4f3	1	599171	668210	2	-2.4672
5b7b1706-a60a-40f8-bb45-812b98a6c4f3	1	771719	16785682	8659	-0.0854
5b7b1706-a60a-40f8-bb45-812b98a6c4f3	1	16787932	16935393	56	0.1947
5b7b1706-a60a-40f8-bb45-812b98a6c4f3	1	16935737	30264526	7663	-0.0918
5b7b1706-a60a-40f8-bb45-812b98a6c4f3	1	30265508	30269103	10	-0.7173
5b7b1706-a60a-40f8-bb45-812b98a6c4f3	1	30272363	34626037	2546	-0.0861
5b7b1706-a60a-40f8-bb45-812b98a6c4f3	1	34626073	34648667	22	-0.6573
5b7b1706-a60a-40f8-bb45-812b98a6c4f3	1	34649941	53124958	10064	-0.0865
5b7b1706-a60a-40f8-bb45-812b98a6c4f3	1	53127345	53128141	2	-1.6843
5b7b1706-a60a-40f8-bb45-812b98a6c4f3	1	53128843	72302735	13667	-0.0768
5b7b1706-a60a-40f8-bb45-812b98a6c4f3	1	72302815	72345450	46	-1.2146
5b7b1706-a60a-40f8-bb45-812b98a6c4f3	1	72345465	102182342	19236	-0.0751
5b7b1706-a60a-40f8-bb45-812b98a6c4f3	1	102182382	102399643	175	0.0552
5b7b1706-a60a-40f8-bb45-812b98a6c4f3	1	102399862	103560166	560	-0.0767
5b7b1706-a60a-40f8-bb45-812b98a6c4f3	1	103560435	103616762	29	0.3629
5b7b1706-a60a-40f8-bb45-812b98a6c4f3	1	103620877	103697067	3	-1.1035
5b7b1706-a60a-40f8-bb45-812b98a6c4f3	1	103697364	105479005	930	-0.0611
5b7b1706-a60a-40f8-bb45-812b98a6c4f3	1	105479101	105479753	8	0.7224
5b7b1706-a60a-40f8-bb45-812b98a6c4f3	1	105481433	107769889	1629	-0.0719
5b7b1706-a60a-40f8-bb45-812b98a6c4f3	1	107770034	108274557	330	0.3663
5b7b1706-a60a-40f8-bb45-812b98a6c4f3	1	108310648	110827908	1518	-0.0974
5b7b1706-a60a-40f8-bb45-812b98a6c4f3	1	110828100	110845604	45	0.1859
5b7b1706-a60a-40f8-bb45-812b98a6c4f3	1	110849445	121705338	6254	-0.0725
5b7b1706-a60a-40f8-bb45-812b98a6c4f3	1	143459641	143927887	126	-0.8423
5b7b1706-a60a-40f8-bb45-812b98a6c4f3	1	143928045	152583051	2310	-0.0715
5b7b1706-a60a-40f8-bb45-812b98a6c4f3	1	152583230	152614064	33	0.6585
5b7b1706-a60a-40f8-bb45-812b98a6c4f3	1	152614100	196762480	29632	-0.0768
5b7b1706-a60a-40f8-bb45-812b98a6c4f3	1	196762956	196847600	59	-0.5009
5b7b1706-a60a-40f8-bb45-812b98a6c4f3	1	196854187	248930189	35744	-0.0833
5b7b1706-a60a-40f8-bb45-812b98a6c4f3	2	12784	4158097	2981	-0.0773
5b7b1706-a60a-40f8-bb45-812b98a6c4f3	2	4166274	4176429	42	-1.6369
5b7b1706-a60a-40f8-bb45-812b98a6c4f3	2	4182472	34466002	21027	-0.066
5b7b1706-a60a-40f8-bb45-812b98a6c4f3	2	34474248	34511990	46	0.5408
5b7b1706-a60a-40f8-bb45-812b98a6c4f3	2	34512096	45103904	7750	-0.0634
5b7b1706-a60a-40f8-bb45-812b98a6c4f3	2	45104765	45124910	32	0.4478
5b7b1706-a60a-40f8-bb45-812b98a6c4f3	2	45125369	50853699	4076	-0.0699
5b7b1706-a60a-40f8-bb45-812b98a6c4f3	2	50855616	51162105	210	0.0676
5b7b1706-a60a-40f8-bb45-812b98a6c4f3	2	51162120	52531615	931	-0.0497
5b7b1706-a60a-40f8-bb45-812b98a6c4f3	2	52531630	52554404	32	0.2621
5b7b1706-a60a-40f8-bb45-812b98a6c4f3	2	52560811	76324723	15301	-0.0653
5b7b1706-a60a-40f8-bb45-812b98a6c4f3	2	76325151	76339004	16	0.386
5b7b1706-a60a-40f8-bb45-812b98a6c4f3	2	76339771	97359885	8504	-0.0665
5b7b1706-a60a-40f8-bb45-812b98a6c4f3	2	97524284	97545726	9	-0.8888
5b7b1706-a60a-40f8-bb45-812b98a6c4f3	2	97550415	106263639	5562	-0.0715
5b7b1706-a60a-40f8-bb45-812b98a6c4f3	2	106264257	106268901	11	0.5292
5b7b1706-a60a-40f8-bb45-812b98a6c4f3	2	106270799	183704342	46901	-0.0647
5b7b1706-a60a-40f8-bb45-812b98a6c4f3	2	183706582	188253872	2584	-0.0252
5b7b1706-a60a-40f8-bb45-812b98a6c4f3	2	188254196	207490231	11235	-0.0598
5b7b1706-a60a-40f8-bb45-812b98a6c4f3	2	207490454	207494612	16	-0.9612
5b7b1706-a60a-40f8-bb45-812b98a6c4f3	2	207494752	232370621	15841	-0.0659
5b7b1706-a60a-40f8-bb45-812b98a6c4f3	2	232370659	232438125	62	0.432
5b7b1706-a60a-40f8-bb45-812b98a6c4f3	2	232438231	242147305	6148	-0.0677
5b7b1706-a60a-40f8-bb45-812b98a6c4f3	3	20930	431583	400	0.3187
5b7b1706-a60a-40f8-bb45-812b98a6c4f3	3	433256	2763245	1999	0.3658
5b7b1706-a60a-40f8-bb45-812b98a6c4f3	3	2764603	5493206	2434	0.3084
5b7b1706-a60a-40f8-bb45-812b98a6c4f3	3	5493895	5497427	2	-1.0319
5b7b1706-a60a-40f8-bb45-812b98a6c4f3	3	5497901	7063688	1367	0.3336
5b7b1706-a60a-40f8-bb45-812b98a6c4f3	3	7063876	21054464	9553	0.2904
5b7b1706-a60a-40f8-bb45-812b98a6c4f3	3	21055621	21758681	551	0.3361
5b7b1706-a60a-40f8-bb45-812b98a6c4f3	3	21761781	22299847	520	0.4089
5b7b1706-a60a-40f8-bb45-812b98a6c4f3	3	22300548	25354586	2196	0.2986
5b7b1706-a60a-40f8-bb45-812b98a6c4f3	3	25355269	25360553	6	-0.4301
5b7b1706-a60a-40f8-bb45-812b98a6c4f3	3	25363794	26015836	610	0.2982
5b7b1706-a60a-40f8-bb45-812b98a6c4f3	3	26015985	26016308	2	-1.4993
5b7b1706-a60a-40f8-bb45-812b98a6c4f3	3	26018803	36242067	6841	0.2918
5b7b1706-a60a-40f8-bb45-812b98a6c4f3	3	36242239	36243538	4	-0.5954
5b7b1706-a60a-40f8-bb45-812b98a6c4f3	3	36243787	59750573	13801	0.2855
5b7b1706-a60a-40f8-bb45-812b98a6c4f3	3	59750788	61009928	1429	0.3715
5b7b1706-a60a-40f8-bb45-812b98a6c4f3	3	61010124	68697013	6040	0.2952
5b7b1706-a60a-40f8-bb45-812b98a6c4f3	3	68697108	68699607	15	0.8033
5b7b1706-a60a-40f8-bb45-812b98a6c4f3	3	68699635	75366712	4863	0.2943
5b7b1706-a60a-40f8-bb45-812b98a6c4f3	3	75372019	75590356	74	-0.3058
5b7b1706-a60a-40f8-bb45-812b98a6c4f3	3	75596233	78415557	1598	0.3048
5b7b1706-a60a-40f8-bb45-812b98a6c4f3	3	78415662	78424174	18	0.6948
5b7b1706-a60a-40f8-bb45-812b98a6c4f3	3	78424795	98172340	8733	0.2998
5b7b1706-a60a-40f8-bb45-812b98a6c4f3	3	98172728	98195973	7	-0.5783
5b7b1706-a60a-40f8-bb45-812b98a6c4f3	3	98197104	108883653	6444	0.3017
5b7b1706-a60a-40f8-bb45-812b98a6c4f3	3	108887896	109032423	117	0.4517
5b7b1706-a60a-40f8-bb45-812b98a6c4f3	3	109036896	125724765	10298	0.2906
5b7b1706-a60a-40f8-bb45-812b98a6c4f3	3	125727821	125957120	84	0.0971
5b7b1706-a60a-40f8-bb45-812b98a6c4f3	3	125961657	130031363	2372	0.2976
5b7b1706-a60a-40f8-bb45-812b98a6c4f3	3	130035092	130212605	82	0.044
5b7b1706-a60a-40f8-bb45-812b98a6c4f3	3	130212780	143566923	8320	0.2934
5b7b1706-a60a-40f8-bb45-812b98a6c4f3	3	143566958	143567132	4	1.6738
5b7b1706-a60a-40f8-bb45-812b98a6c4f3	3	143567959	162790480	11894	0.3039
5b7b1706-a60a-40f8-bb45-812b98a6c4f3	3	162794869	162908207	70	-0.3548
5b7b1706-a60a-40f8-bb45-812b98a6c4f3	3	162908784	162996729	72	0.3878
5b7b1706-a60a-40f8-bb45-812b98a6c4f3	3	162999939	163001774	2	-2.2329
5b7b1706-a60a-40f8-bb45-812b98a6c4f3	3	163008371	175360729	7578	0.3063
5b7b1706-a60a-40f8-bb45-812b98a6c4f3	3	175362803	175363536	7	-0.9273
5b7b1706-a60a-40f8-bb45-812b98a6c4f3	3	175368999	175419251	55	0.2908
5b7b1706-a60a-40f8-bb45-812b98a6c4f3	3	175423252	175799637	241	0.455
5b7b1706-a60a-40f8-bb45-812b98a6c4f3	3	175805213	186669028	6444	0.2937
5b7b1706-a60a-40f8-bb45-812b98a6c4f3	3	186669510	186678845	15	-0.1491
5b7b1706-a60a-40f8-bb45-812b98a6c4f3	3	186678856	195691392	6254	0.3007
5b7b1706-a60a-40f8-bb45-812b98a6c4f3	3	195695418	195737995	35	-0.0262
5b7b1706-a60a-40f8-bb45-812b98a6c4f3	3	195746925	195747892	3	-0.996
5b7b1706-a60a-40f8-bb45-812b98a6c4f3	3	195751823	198169247	1164	0.3103
5b7b1706-a60a-40f8-bb45-812b98a6c4f3	4	68929	4133219	1624	-0.0914
5b7b1706-a60a-40f8-bb45-812b98a6c4f3	4	4133273	4151033	4	-1.1749
5b7b1706-a60a-40f8-bb45-812b98a6c4f3	4	4158336	10208766	4055	-0.0861
5b7b1706-a60a-40f8-bb45-812b98a6c4f3	4	10212536	10229874	29	-1.7063
5b7b1706-a60a-40f8-bb45-812b98a6c4f3	4	10232590	25008057	10789	-0.08
5b7b1706-a60a-40f8-bb45-812b98a6c4f3	4	25008165	25008917	2	-1.9062
5b7b1706-a60a-40f8-bb45-812b98a6c4f3	4	25010052	34768684	6151	-0.0715
5b7b1706-a60a-40f8-bb45-812b98a6c4f3	4	34771893	34841809	62	0.3153
5b7b1706-a60a-40f8-bb45-812b98a6c4f3	4	34841876	48089751	8303	-0.0785
5b7b1706-a60a-40f8-bb45-812b98a6c4f3	4	48091182	48744734	494	0.0098
5b7b1706-a60a-40f8-bb45-812b98a6c4f3	4	48750860	55740603	2817	-0.0892
5b7b1706-a60a-40f8-bb45-812b98a6c4f3	4	55741308	55742213	2	-2.0489
5b7b1706-a60a-40f8-bb45-812b98a6c4f3	4	55743359	68509237	7804	-0.0796
5b7b1706-a60a-40f8-bb45-812b98a6c4f3	4	68509442	68623617	64	-1.5417
5b7b1706-a60a-40f8-bb45-812b98a6c4f3	4	68639397	114252544	27651	-0.0774
5b7b1706-a60a-40f8-bb45-812b98a6c4f3	4	114254167	114261019	23	-1.3422
5b7b1706-a60a-40f8-bb45-812b98a6c4f3	4	114263073	137017547	13097	-0.0687
5b7b1706-a60a-40f8-bb45-812b98a6c4f3	4	137017561	137025215	23	0.3744
5b7b1706-a60a-40f8-bb45-812b98a6c4f3	4	137027745	160958972	14808	-0.0755
5b7b1706-a60a-40f8-bb45-812b98a6c4f3	4	160958989	160963815	22	0.3723
5b7b1706-a60a-40f8-bb45-812b98a6c4f3	4	160963825	184129247	15106	-0.0649
5b7b1706-a60a-40f8-bb45-812b98a6c4f3	4	184129268	184143870	10	-0.7524
5b7b1706-a60a-40f8-bb45-812b98a6c4f3	4	184144609	190106768	4011	-0.0565
5b7b1706-a60a-40f8-bb45-812b98a6c4f3	5	15532	733497	322	-0.0749
5b7b1706-a60a-40f8-bb45-812b98a6c4f3	5	741924	833513	31	-0.5701
5b7b1706-a60a-40f8-bb45-812b98a6c4f3	5	852451	21449167	15330	-0.0676
5b7b1706-a60a-40f8-bb45-812b98a6c4f3	5	21451091	21452329	5	0.9203
5b7b1706-a60a-40f8-bb45-812b98a6c4f3	5	21452387	46271006	14930	-0.0775
5b7b1706-a60a-40f8-bb45-812b98a6c4f3	5	46271828	46273400	6	-1.9741
5b7b1706-a60a-40f8-bb45-812b98a6c4f3	5	46278110	58025819	5069	-0.0794
5b7b1706-a60a-40f8-bb45-812b98a6c4f3	5	58030200	58037706	32	1.0786
5b7b1706-a60a-40f8-bb45-812b98a6c4f3	5	58042530	97714396	22894	-0.0789
5b7b1706-a60a-40f8-bb45-812b98a6c4f3	5	97714657	97763980	41	-0.8287
5b7b1706-a60a-40f8-bb45-812b98a6c4f3	5	97777698	121736084	15652	-0.0623
5b7b1706-a60a-40f8-bb45-812b98a6c4f3	5	121739001	121739004	2	-1.8494
5b7b1706-a60a-40f8-bb45-812b98a6c4f3	5	121741787	181363319	38410	-0.0818
5b7b1706-a60a-40f8-bb45-812b98a6c4f3	6	149661	252772	96	-0.0903
5b7b1706-a60a-40f8-bb45-812b98a6c4f3	6	253272	375277	99	0.2485
5b7b1706-a60a-40f8-bb45-812b98a6c4f3	6	375759	19039888	14552	-0.0849
5b7b1706-a60a-40f8-bb45-812b98a6c4f3	6	19041950	19042587	3	-3.2711
5b7b1706-a60a-40f8-bb45-812b98a6c4f3	6	19044471	31313046	7550	-0.0822
5b7b1706-a60a-40f8-bb45-812b98a6c4f3	6	31318499	31342147	12	-1.3648
5b7b1706-a60a-40f8-bb45-812b98a6c4f3	6	31349570	31383665	53	-0.0544
5b7b1706-a60a-40f8-bb45-812b98a6c4f3	6	31384110	31385862	8	-0.8567
5b7b1706-a60a-40f8-bb45-812b98a6c4f3	6	31385912	32533522	452	-0.07
5b7b1706-a60a-40f8-bb45-812b98a6c4f3	6	32540699	32572834	11	0.5724
5b7b1706-a60a-40f8-bb45-812b98a6c4f3	6	32576532	58096364	15798	-0.083
5b7b1706-a60a-40f8-bb45-812b98a6c4f3	6	58099774	58100791	4	-1.1688
5b7b1706-a60a-40f8-bb45-812b98a6c4f3	6	58106296	66292554	3248	-0.0652
5b7b1706-a60a-40f8-bb45-812b98a6c4f3	6	66295032	66331558	40	0.1583
5b7b1706-a60a-40f8-bb45-812b98a6c4f3	6	66332822	66333299	5	0.9028
5b7b1706-a60a-40f8-bb45-812b98a6c4f3	6	66333342	66348306	25	0.1349
5b7b1706-a60a-40f8-bb45-812b98a6c4f3	6	66350250	72153222	3891	-0.0705
5b7b1706-a60a-40f8-bb45-812b98a6c4f3	6	72156821	72157169	2	-2.3776
5b7b1706-a60a-40f8-bb45-812b98a6c4f3	6	72158860	74197873	1279	-0.0781
5b7b1706-a60a-40f8-bb45-812b98a6c4f3	6	74198086	74210666	11	-0.5795
5b7b1706-a60a-40f8-bb45-812b98a6c4f3	6	74210844	76718872	1567	-0.0693
5b7b1706-a60a-40f8-bb45-812b98a6c4f3	6	76719482	76743040	27	0.254
5b7b1706-a60a-40f8-bb45-812b98a6c4f3	6	76751356	78253172	976	-0.0794
5b7b1706-a60a-40f8-bb45-812b98a6c4f3	6	78259348	78332002	116	-0.4132
5b7b1706-a60a-40f8-bb45-812b98a6c4f3	6	78332056	93781590	9898	-0.0773
5b7b1706-a60a-40f8-bb45-812b98a6c4f3	6	93787331	94876263	717	0.031
5b7b1706-a60a-40f8-bb45-812b98a6c4f3	6	94876336	124110629	17546	-0.0761
5b7b1706-a60a-40f8-bb45-812b98a6c4f3	6	124114796	124140544	19	0.5227
5b7b1706-a60a-40f8-bb45-812b98a6c4f3	6	124149220	135256105	7310	-0.0792
5b7b1706-a60a-40f8-bb45-812b98a6c4f3	6	135258627	135262925	3	-1.5512
5b7b1706-a60a-40f8-bb45-812b98a6c4f3	6	135263160	170741917	24100	-0.081
5b7b1706-a60a-40f8-bb45-812b98a6c4f3	7	43355	83823	35	0.7846
5b7b1706-a60a-40f8-bb45-812b98a6c4f3	7	85111	6799093	3378	0.2859
5b7b1706-a60a-40f8-bb45-812b98a6c4f3	7	6814479	6827447	6	-0.8441
5b7b1706-a60a-40f8-bb45-812b98a6c4f3	7	6828011	8200807	1133	0.2807
5b7b1706-a60a-40f8-bb45-812b98a6c4f3	7	8200899	10048030	1559	0.3653
5b7b1706-a60a-40f8-bb45-812b98a6c4f3	7	10048424	17021063	5569	0.31
5b7b1706-a60a-40f8-bb45-812b98a6c4f3	7	17022160	17195776	166	0.4604
5b7b1706-a60a-40f8-bb45-812b98a6c4f3	7	17196176	17386271	98	0.325
5b7b1706-a60a-40f8-bb45-812b98a6c4f3	7	17386476	17420495	21	-0.2827
5b7b1706-a60a-40f8-bb45-812b98a6c4f3	7	17421479	19741573	2046	0.3457
5b7b1706-a60a-40f8-bb45-812b98a6c4f3	7	19748494	54305455	24439	0.2999
5b7b1706-a60a-40f8-bb45-812b98a6c4f3	7	54318812	54318824	6	-2.1459
5b7b1706-a60a-40f8-bb45-812b98a6c4f3	7	54325795	70955452	6118	0.2778
5b7b1706-a60a-40f8-bb45-812b98a6c4f3	7	70958264	70961155	2	-1.6347
5b7b1706-a60a-40f8-bb45-812b98a6c4f3	7	70963257	72346893	932	0.2876
5b7b1706-a60a-40f8-bb45-812b98a6c4f3	7	72347168	76589838	1227	0.2342
5b7b1706-a60a-40f8-bb45-812b98a6c4f3	7	76592782	83384937	4482	0.3061
5b7b1706-a60a-40f8-bb45-812b98a6c4f3	7	83389531	83395254	5	-0.7164
5b7b1706-a60a-40f8-bb45-812b98a6c4f3	7	83395269	88569943	3108	0.2986
5b7b1706-a60a-40f8-bb45-812b98a6c4f3	7	88570013	90242436	1130	0.3777
5b7b1706-a60a-40f8-bb45-812b98a6c4f3	7	90243683	92904710	1836	0.2939
5b7b1706-a60a-40f8-bb45-812b98a6c4f3	7	92904788	92909458	2	-0.917
5b7b1706-a60a-40f8-bb45-812b98a6c4f3	7	92909733	97788295	2991	0.2991
5b7b1706-a60a-40f8-bb45-812b98a6c4f3	7	97788298	97791808	7	-0.3804
5b7b1706-a60a-40f8-bb45-812b98a6c4f3	7	97792357	105453311	3714	0.2766
5b7b1706-a60a-40f8-bb45-812b98a6c4f3	7	105454181	105520752	39	0.5624
5b7b1706-a60a-40f8-bb45-812b98a6c4f3	7	105526073	109793741	2817	0.2955
5b7b1706-a60a-40f8-bb45-812b98a6c4f3	7	109797035	109801187	25	-0.4973
5b7b1706-a60a-40f8-bb45-812b98a6c4f3	7	109801572	109813853	10	-1.85
5b7b1706-a60a-40f8-bb45-812b98a6c4f3	7	109813925	109882737	55	0.4047
5b7b1706-a60a-40f8-bb45-812b98a6c4f3	7	109882778	109882822	2	-0.7724
5b7b1706-a60a-40f8-bb45-812b98a6c4f3	7	109886519	111177625	844	0.2874
5b7b1706-a60a-40f8-bb45-812b98a6c4f3	7	111178402	111179506	2	-1.4968
5b7b1706-a60a-40f8-bb45-812b98a6c4f3	7	111179821	134100556	13829	0.3034
5b7b1706-a60a-40f8-bb45-812b98a6c4f3	7	134100587	134102334	11	0.8228
5b7b1706-a60a-40f8-bb45-812b98a6c4f3	7	134104128	144199159	6441	0.2935
5b7b1706-a60a-40f8-bb45-812b98a6c4f3	7	144207186	144264193	8	-0.443
5b7b1706-a60a-40f8-bb45-812b98a6c4f3	7	144295437	144312471	3	1.3729
5b7b1706-a60a-40f8-bb45-812b98a6c4f3	7	144326306	153450553	5557	0.2955
5b7b1706-a60a-40f8-bb45-812b98a6c4f3	7	153450560	153450627	2	-2.1258
5b7b1706-a60a-40f8-bb45-812b98a6c4f3	7	153450630	159334314	4083	0.3
5b7b1706-a60a-40f8-bb45-812b98a6c4f3	8	81254	1566583	1034	-0.0876
5b7b1706-a60a-40f8-bb45-812b98a6c4f3	8	1566649	5741274	4961	-0.0397
5b7b1706-a60a-40f8-bb45-812b98a6c4f3	8	5741633	5746430	16	-0.6462
5b7b1706-a60a-40f8-bb45-812b98a6c4f3	8	5746464	6247583	718	-0.0091
5b7b1706-a60a-40f8-bb45-812b98a6c4f3	8	6249906	13797247	5437	-0.0872
5b7b1706-a60a-40f8-bb45-812b98a6c4f3	8	13797893	13798083	2	-2.4493
5b7b1706-a60a-40f8-bb45-812b98a6c4f3	8	13798184	18407644	4191	-0.0696
5b7b1706-a60a-40f8-bb45-812b98a6c4f3	8	18408647	18413675	4	-1.8222
5b7b1706-a60a-40f8-bb45-812b98a6c4f3	8	18413877	18617967	207	-0.0986
5b7b1706-a60a-40f8-bb45-812b98a6c4f3	8	18618031	18618205	2	-1.2724
5b7b1706-a60a-40f8-bb45-812b98a6c4f3	8	18618233	18989133	306	-0.0789
5b7b1706-a60a-40f8-bb45-812b98a6c4f3	8	18989170	18989293	2	-1.4171
5b7b1706-a60a-40f8-bb45-812b98a6c4f3	8	18989313	25114437	4555	-0.08
5b7b1706-a60a-40f8-bb45-812b98a6c4f3	8	25114672	25126735	27	0.3232
5b7b1706-a60a-40f8-bb45-812b98a6c4f3	8	25126818	39373140	9002	-0.0795
5b7b1706-a60a-40f8-bb45-812b98a6c4f3	8	39378084	39530780	60	0.7744
5b7b1706-a60a-40f8-bb45-812b98a6c4f3	8	39531260	40324598	585	-0.1031
5b7b1706-a60a-40f8-bb45-812b98a6c4f3	8	40326278	40331992	34	-0.8753
5b7b1706-a60a-40f8-bb45-812b98a6c4f3	8	40335391	49963707	3843	-0.0812
5b7b1706-a60a-40f8-bb45-812b98a6c4f3	8	49963963	50126859	126	0.0871
5b7b1706-a60a-40f8-bb45-812b98a6c4f3	8	50127063	57012100	4462	-0.0679
5b7b1706-a60a-40f8-bb45-812b98a6c4f3	8	57013271	57014167	2	-2.0005
5b7b1706-a60a-40f8-bb45-812b98a6c4f3	8	57016644	71300130	8822	-0.077
5b7b1706-a60a-40f8-bb45-812b98a6c4f3	8	71303076	71304199	6	-0.882
5b7b1706-a60a-40f8-bb45-812b98a6c4f3	8	71304266	111279265	24070	-0.0751
5b7b1706-a60a-40f8-bb45-812b98a6c4f3	8	111282050	111283031	10	-1.1716
5b7b1706-a60a-40f8-bb45-812b98a6c4f3	8	111288052	114412772	1693	-0.0689
5b7b1706-a60a-40f8-bb45-812b98a6c4f3	8	114417824	114421044	2	1.2419
5b7b1706-a60a-40f8-bb45-812b98a6c4f3	8	114422482	114539278	74	-0.0903
5b7b1706-a60a-40f8-bb45-812b98a6c4f3	8	114539586	114856928	226	0.0343
5b7b1706-a60a-40f8-bb45-812b98a6c4f3	8	114859222	128735944	9645	-0.0806
5b7b1706-a60a-40f8-bb45-812b98a6c4f3	8	128739928	128751839	6	-1.5242
5b7b1706-a60a-40f8-bb45-812b98a6c4f3	8	128765208	139141133	8144	-0.0767
5b7b1706-a60a-40f8-bb45-812b98a6c4f3	8	139141600	139143199	3	-1.6683
5b7b1706-a60a-40f8-bb45-812b98a6c4f3	8	139144082	145072769	3084	-0.0678
5b7b1706-a60a-40f8-bb45-812b98a6c4f3	9	46587	924525	902	-0.0439
5b7b1706-a60a-40f8-bb45-812b98a6c4f3	9	925271	933882	10	-1.0056
5b7b1706-a60a-40f8-bb45-812b98a6c4f3	9	934290	11360225	9825	-0.0558
5b7b1706-a60a-40f8-bb45-812b98a6c4f3	9	11360784	11366549	2	-1.8458
5b7b1706-a60a-40f8-bb45-812b98a6c4f3	9	11366606	11435037	61	-0.0121
5b7b1706-a60a-40f8-bb45-812b98a6c4f3	9	11435129	11439075	4	-0.9707
5b7b1706-a60a-40f8-bb45-812b98a6c4f3	9	11441541	11505789	59	-0.0798
5b7b1706-a60a-40f8-bb45-812b98a6c4f3	9	11505878	12309627	638	0.0366
5b7b1706-a60a-40f8-bb45-812b98a6c4f3	9	12309937	32116507	15346	-0.0656
5b7b1706-a60a-40f8-bb45-812b98a6c4f3	9	32116522	41644133	4366	-0.0945
5b7b1706-a60a-40f8-bb45-812b98a6c4f3	9	41644133	41741113	12	-0.8314
5b7b1706-a60a-40f8-bb45-812b98a6c4f3	9	42014203	42501791	34	-0.0262
5b7b1706-a60a-40f8-bb45-812b98a6c4f3	9	42524983	42825767	44	-0.388
5b7b1706-a60a-40f8-bb45-812b98a6c4f3	9	42834329	77154478	6714	-0.0842
5b7b1706-a60a-40f8-bb45-812b98a6c4f3	9	77155482	77162152	26	0.5275
5b7b1706-a60a-40f8-bb45-812b98a6c4f3	9	77162169	119860781	30847	-0.0748
5b7b1706-a60a-40f8-bb45-812b98a6c4f3	9	119862397	119862479	2	-1.7168
5b7b1706-a60a-40f8-bb45-812b98a6c4f3	9	119866985	138200944	10473	-0.0919
5b7b1706-a60a-40f8-bb45-812b98a6c4f3	10	45792	54685856	36820	-0.0833
5b7b1706-a60a-40f8-bb45-812b98a6c4f3	10	54693189	54712504	14	0.741
5b7b1706-a60a-40f8-bb45-812b98a6c4f3	10	54712675	105296521	33150	-0.0852
5b7b1706-a60a-40f8-bb45-812b98a6c4f3	10	105297280	105299412	3	-1.9993
5b7b1706-a60a-40f8-bb45-812b98a6c4f3	10	105302718	133654968	20520	-0.0818
5b7b1706-a60a-40f8-bb45-812b98a6c4f3	11	198510	31371747	21766	-0.075
5b7b1706-a60a-40f8-bb45-812b98a6c4f3	11	31372721	31375533	2	-1.9466
5b7b1706-a60a-40f8-bb45-812b98a6c4f3	11	31376660	55606572	12665	-0.0745
5b7b1706-a60a-40f8-bb45-812b98a6c4f3	11	55606712	55674842	46	-1.7315
5b7b1706-a60a-40f8-bb45-812b98a6c4f3	11	55676735	55677818	4	0.4076
5b7b1706-a60a-40f8-bb45-812b98a6c4f3	11	55678469	55685533	7	-1.4506
5b7b1706-a60a-40f8-bb45-812b98a6c4f3	11	55686100	135074876	52198	-0.0764
5b7b1706-a60a-40f8-bb45-812b98a6c4f3	12	51460	760032	418	0.3166
5b7b1706-a60a-40f8-bb45-812b98a6c4f3	12	760097	764863	16	-2.9406
5b7b1706-a60a-40f8-bb45-812b98a6c4f3	12	766188	8241781	5108	0.295
5b7b1706-a60a-40f8-bb45-812b98a6c4f3	12	8249238	8432076	67	-0.0812
5b7b1706-a60a-40f8-bb45-812b98a6c4f3	12	8442298	9481274	560	0.277
5b7b1706-a60a-40f8-bb45-812b98a6c4f3	12	9485313	9545123	18	0.9269
5b7b1706-a60a-40f8-bb45-812b98a6c4f3	12	9552530	11062773	1040	0.2937
5b7b1706-a60a-40f8-bb45-812b98a6c4f3	12	11064250	11099275	13	-0.1953
5b7b1706-a60a-40f8-bb45-812b98a6c4f3	12	11104230	37593924	16373	0.293
5b7b1706-a60a-40f8-bb45-812b98a6c4f3	12	37618765	37659337	4	-1.0715
5b7b1706-a60a-40f8-bb45-812b98a6c4f3	12	37659435	133201603	61144	0.2871
5b7b1706-a60a-40f8-bb45-812b98a6c4f3	13	18452809	37496998	13454	-0.0793
5b7b1706-a60a-40f8-bb45-812b98a6c4f3	13	37497899	37514193	17	0.5311
5b7b1706-a60a-40f8-bb45-812b98a6c4f3	13	37514237	57102230	12476	-0.0696
5b7b1706-a60a-40f8-bb45-812b98a6c4f3	13	57103487	57352749	163	0.1194
5b7b1706-a60a-40f8-bb45-812b98a6c4f3	13	57354234	71902850	8885	-0.0506
5b7b1706-a60a-40f8-bb45-812b98a6c4f3	13	71903417	71906418	4	-1.4965
5b7b1706-a60a-40f8-bb45-812b98a6c4f3	13	71906467	74447760	1915	-0.0805
5b7b1706-a60a-40f8-bb45-812b98a6c4f3	13	74447866	74448524	2	-1.5377
5b7b1706-a60a-40f8-bb45-812b98a6c4f3	13	74450476	82864035	5526	-0.0684
5b7b1706-a60a-40f8-bb45-812b98a6c4f3	13	82864768	82867401	2	-1.4208
5b7b1706-a60a-40f8-bb45-812b98a6c4f3	13	82867419	88503306	3370	-0.045
5b7b1706-a60a-40f8-bb45-812b98a6c4f3	13	88509206	103558782	10342	-0.0783
5b7b1706-a60a-40f8-bb45-812b98a6c4f3	13	103558945	105058403	1248	-0.0541
5b7b1706-a60a-40f8-bb45-812b98a6c4f3	13	105058800	105534128	397	0.0483
5b7b1706-a60a-40f8-bb45-812b98a6c4f3	13	105534422	114342922	6244	-0.0779
5b7b1706-a60a-40f8-bb45-812b98a6c4f3	14	18239283	19380699	51	0.0333
5b7b1706-a60a-40f8-bb45-812b98a6c4f3	14	19383592	19957350	118	-0.4169
5b7b1706-a60a-40f8-bb45-812b98a6c4f3	14	19957701	40490865	13094	-0.0716
5b7b1706-a60a-40f8-bb45-812b98a6c4f3	14	40491181	40496150	12	-0.8229
5b7b1706-a60a-40f8-bb45-812b98a6c4f3	14	40499642	48186243	4648	-0.0483
5b7b1706-a60a-40f8-bb45-812b98a6c4f3	14	48193254	48312575	72	-0.7937
5b7b1706-a60a-40f8-bb45-812b98a6c4f3	14	48315569	106127730	36952	-0.0774
5b7b1706-a60a-40f8-bb45-812b98a6c4f3	14	106131664	106340774	92	0.4475
5b7b1706-a60a-40f8-bb45-812b98a6c4f3	14	106345431	106365807	8	0.9069
5b7b1706-a60a-40f8-bb45-812b98a6c4f3	14	106369985	106407612	23	-0.1795
5b7b1706-a60a-40f8-bb45-812b98a6c4f3	14	106407614	106509297	65	0.1342
5b7b1706-a60a-40f8-bb45-812b98a6c4f3	14	106513845	106877229	181	-0.1037
5b7b1706-a60a-40f8-bb45-812b98a6c4f3	15	19811075	20670989	150	-0.1749
5b7b1706-a60a-40f8-bb45-812b98a6c4f3	15	20981071	21975606	25	0.3318
5b7b1706-a60a-40f8-bb45-812b98a6c4f3	15	21997003	21999319	2	-2.2963
5b7b1706-a60a-40f8-bb45-812b98a6c4f3	15	22003073	24424598	1018	-0.0691
5b7b1706-a60a-40f8-bb45-812b98a6c4f3	15	24429604	24473026	33	-0.654
5b7b1706-a60a-40f8-bb45-812b98a6c4f3	15	24473449	25174845	460	-0.0597
5b7b1706-a60a-40f8-bb45-812b98a6c4f3	15	25176460	25185096	7	-0.9034
5b7b1706-a60a-40f8-bb45-812b98a6c4f3	15	25188158	34386576	5718	-0.0744
5b7b1706-a60a-40f8-bb45-812b98a6c4f3	15	34421922	34526116	66	-0.8389
5b7b1706-a60a-40f8-bb45-812b98a6c4f3	15	34570058	76599170	26374	-0.0787
5b7b1706-a60a-40f8-bb45-812b98a6c4f3	15	76599286	76603434	20	-1.8063
5b7b1706-a60a-40f8-bb45-812b98a6c4f3	15	76609838	85407622	5060	-0.0859
5b7b1706-a60a-40f8-bb45-812b98a6c4f3	15	85408215	85483246	47	0.192
5b7b1706-a60a-40f8-bb45-812b98a6c4f3	15	85485748	98263607	9806	-0.0722
5b7b1706-a60a-40f8-bb45-812b98a6c4f3	15	98268012	98273825	3	-1.2926
5b7b1706-a60a-40f8-bb45-812b98a6c4f3	15	98274476	100043477	1225	-0.0851
5b7b1706-a60a-40f8-bb45-812b98a6c4f3	15	100043512	100043957	2	-2.047
5b7b1706-a60a-40f8-bb45-812b98a6c4f3	15	100044445	101112866	862	-0.0655
5b7b1706-a60a-40f8-bb45-812b98a6c4f3	15	101113610	101150086	30	-0.384
5b7b1706-a60a-40f8-bb45-812b98a6c4f3	15	101150114	101928837	552	-0.0374
5b7b1706-a60a-40f8-bb45-812b98a6c4f3	16	10777	21368130	14379	0.285
5b7b1706-a60a-40f8-bb45-812b98a6c4f3	16	21401082	21580019	23	-0.2361
5b7b1706-a60a-40f8-bb45-812b98a6c4f3	16	21582134	22430699	362	0.2834
5b7b1706-a60a-40f8-bb45-812b98a6c4f3	16	22546611	22699421	73	-0.0622
5b7b1706-a60a-40f8-bb45-812b98a6c4f3	16	22701658	70018481	20827	0.2845
5b7b1706-a60a-40f8-bb45-812b98a6c4f3	16	70018522	70177541	43	0.6191
5b7b1706-a60a-40f8-bb45-812b98a6c4f3	16	70179141	78337711	5508	0.2899
5b7b1706-a60a-40f8-bb45-812b98a6c4f3	16	78338543	78350841	14	-1.4579
5b7b1706-a60a-40f8-bb45-812b98a6c4f3	16	78350868	90096867	10609	0.3
5b7b1706-a60a-40f8-bb45-812b98a6c4f3	17	150733	41273905	20822	0.2867
5b7b1706-a60a-40f8-bb45-812b98a6c4f3	17	41273921	41274198	3	1.9958
5b7b1706-a60a-40f8-bb45-812b98a6c4f3	17	41274279	43354897	1106	0.26
5b7b1706-a60a-40f8-bb45-812b98a6c4f3	17	43361222	43362553	3	-0.6861
5b7b1706-a60a-40f8-bb45-812b98a6c4f3	17	43366336	46120280	1412	0.263
5b7b1706-a60a-40f8-bb45-812b98a6c4f3	17	46120732	46687628	109	0.0437
5b7b1706-a60a-40f8-bb45-812b98a6c4f3	17	46707286	83091923	21555	0.2824
5b7b1706-a60a-40f8-bb45-812b98a6c4f3	18	48133	71425059	44081	-0.0655
5b7b1706-a60a-40f8-bb45-812b98a6c4f3	18	71425397	73587678	1710	0.029
5b7b1706-a60a-40f8-bb45-812b98a6c4f3	18	73591637	78900693	4143	-0.062
5b7b1706-a60a-40f8-bb45-812b98a6c4f3	18	78902714	78904863	5	-1.441
5b7b1706-a60a-40f8-bb45-812b98a6c4f3	18	78906449	80257174	704	-0.0474
5b7b1706-a60a-40f8-bb45-812b98a6c4f3	19	90910	51628560	24725	-0.0985
5b7b1706-a60a-40f8-bb45-812b98a6c4f3	19	51639099	51644944	11	-1.9543
5b7b1706-a60a-40f8-bb45-812b98a6c4f3	19	51651652	51796039	121	-0.1199
5b7b1706-a60a-40f8-bb45-812b98a6c4f3	19	51796100	51796174	2	-1.6759
5b7b1706-a60a-40f8-bb45-812b98a6c4f3	19	51796246	54726927	1887	-0.0781
5b7b1706-a60a-40f8-bb45-812b98a6c4f3	19	54736440	54819199	26	-0.5669
5b7b1706-a60a-40f8-bb45-812b98a6c4f3	19	54822372	58586487	2295	-0.0963
5b7b1706-a60a-40f8-bb45-812b98a6c4f3	20	80664	1601446	1235	-0.0752
5b7b1706-a60a-40f8-bb45-812b98a6c4f3	20	1601561	1617300	7	-0.9195
5b7b1706-a60a-40f8-bb45-812b98a6c4f3	20	1617460	8079460	4806	-0.068
5b7b1706-a60a-40f8-bb45-812b98a6c4f3	20	8080207	8517824	331	0.0299
5b7b1706-a60a-40f8-bb45-812b98a6c4f3	20	8517872	64324800	35922	-0.0807
5b7b1706-a60a-40f8-bb45-812b98a6c4f3	21	10354168	13408015	205	-0.2279
5b7b1706-a60a-40f8-bb45-812b98a6c4f3	21	13413061	22283580	6086	-0.0663
5b7b1706-a60a-40f8-bb45-812b98a6c4f3	21	22285238	22292338	8	-0.8888
5b7b1706-a60a-40f8-bb45-812b98a6c4f3	21	22294679	23492839	936	-0.0101
5b7b1706-a60a-40f8-bb45-812b98a6c4f3	21	23496272	46677045	16593	-0.0808
5b7b1706-a60a-40f8-bb45-812b98a6c4f3	22	15294547	23987520	4389	-0.0807
5b7b1706-a60a-40f8-bb45-812b98a6c4f3	22	23988078	23990431	3	-2.32
5b7b1706-a60a-40f8-bb45-812b98a6c4f3	22	23990739	33777419	7222	-0.0938
5b7b1706-a60a-40f8-bb45-812b98a6c4f3	22	33778960	33778998	4	-2.4774
5b7b1706-a60a-40f8-bb45-812b98a6c4f3	22	33785435	50796027	11602	-0.0927
5b7b1706-a60a-40f8-bb45-812b98a6c4f3	X	251810	2624297	91	-0.4948
5b7b1706-a60a-40f8-bb45-812b98a6c4f3	X	2671323	3396097	479	0.0015
5b7b1706-a60a-40f8-bb45-812b98a6c4f3	X	3396423	3403387	5	-2.9544
5b7b1706-a60a-40f8-bb45-812b98a6c4f3	X	3403427	30967821	18295	0.0093
5b7b1706-a60a-40f8-bb45-812b98a6c4f3	X	30967843	30971316	5	-2.9616
5b7b1706-a60a-40f8-bb45-812b98a6c4f3	X	30971961	33819200	2088	0.0115
5b7b1706-a60a-40f8-bb45-812b98a6c4f3	X	33822214	33823073	3	-2.8601
5b7b1706-a60a-40f8-bb45-812b98a6c4f3	X	33831168	38142741	2442	0.0227
5b7b1706-a60a-40f8-bb45-812b98a6c4f3	X	38149474	38152583	2	-5.5184
5b7b1706-a60a-40f8-bb45-812b98a6c4f3	X	38153075	48001197	5448	-0.001
5b7b1706-a60a-40f8-bb45-812b98a6c4f3	X	48020763	48128795	77	0.9546
5b7b1706-a60a-40f8-bb45-812b98a6c4f3	X	48141867	70040280	7634	-0.003
5b7b1706-a60a-40f8-bb45-812b98a6c4f3	X	70041086	70047685	4	2.9301
5b7b1706-a60a-40f8-bb45-812b98a6c4f3	X	70047762	79510655	3943	0.0085
5b7b1706-a60a-40f8-bb45-812b98a6c4f3	X	79514209	79516329	7	-2.1095
5b7b1706-a60a-40f8-bb45-812b98a6c4f3	X	79516362	93985864	7573	0.0155
5b7b1706-a60a-40f8-bb45-812b98a6c4f3	X	93986466	93986593	2	-3.502
5b7b1706-a60a-40f8-bb45-812b98a6c4f3	X	93988132	103999203	5450	0.0316
5b7b1706-a60a-40f8-bb45-812b98a6c4f3	X	104003417	104050792	58	0.8832
5b7b1706-a60a-40f8-bb45-812b98a6c4f3	X	104083894	155952689	29659	0.0141
5b7b1706-a60a-40f8-bb45-812b98a6c4f3	Y	2782397	6807231	877	-1.8483
5b7b1706-a60a-40f8-bb45-812b98a6c4f3	Y	6809578	6813438	5	-4.563
5b7b1706-a60a-40f8-bb45-812b98a6c4f3	Y	6815306	7124607	158	-1.8839
5b7b1706-a60a-40f8-bb45-812b98a6c4f3	Y	7126364	7127482	2	-4.0842
5b7b1706-a60a-40f8-bb45-812b98a6c4f3	Y	7128090	19828181	4612	-1.8873
5b7b1706-a60a-40f8-bb45-812b98a6c4f3	Y	19828371	19841884	6	-4.0481
5b7b1706-a60a-40f8-bb45-812b98a6c4f3	Y	19852959	56872112	976	-1.871
