GDC_Aliquot	Chromosome	Start	End	Num_Probes	Segment_Mean
09c0be5a-e070-4561-b32e-828146c4d5aa	1	62920	462894	19	0.4897
09c0be5a-e070-4561-b32e-828146c4d5aa	1	599171	3291811	712	-0.2174
09c0be5a-e070-4561-b32e-828146c4d5aa	1	3296382	16525019	7904	-0.07
09c0be5a-e070-4561-b32e-828146c4d5aa	1	16542868	16956580	116	0.1425
09c0be5a-e070-4561-b32e-828146c4d5aa	1	16958425	36983030	11440	-0.0751
09c0be5a-e070-4561-b32e-828146c4d5aa	1	36983994	36984642	2	-1.6907
09c0be5a-e070-4561-b32e-828146c4d5aa	1	36984730	45169109	4736	-0.0794
09c0be5a-e070-4561-b32e-828146c4d5aa	1	45169625	45175895	5	-1.4263
09c0be5a-e070-4561-b32e-828146c4d5aa	1	45176116	72295173	17819	-0.0734
09c0be5a-e070-4561-b32e-828146c4d5aa	1	72296993	72318265	18	0.4625
09c0be5a-e070-4561-b32e-828146c4d5aa	1	72318471	81422771	5805	-0.0785
09c0be5a-e070-4561-b32e-828146c4d5aa	1	81422917	81422920	2	1.381
09c0be5a-e070-4561-b32e-828146c4d5aa	1	81422982	91246495	6574	-0.0763
09c0be5a-e070-4561-b32e-828146c4d5aa	1	91247454	91255782	3	-1.6472
09c0be5a-e070-4561-b32e-828146c4d5aa	1	91256118	105457248	8580	-0.08
09c0be5a-e070-4561-b32e-828146c4d5aa	1	105457777	105476583	10	-0.3296
09c0be5a-e070-4561-b32e-828146c4d5aa	1	105476614	105479753	16	-1.9669
09c0be5a-e070-4561-b32e-828146c4d5aa	1	105481433	109640399	2617	-0.0836
09c0be5a-e070-4561-b32e-828146c4d5aa	1	109642611	109684695	14	-0.3964
09c0be5a-e070-4561-b32e-828146c4d5aa	1	109684893	109697556	14	1.352
09c0be5a-e070-4561-b32e-828146c4d5aa	1	109702376	112147704	1950	-0.0776
09c0be5a-e070-4561-b32e-828146c4d5aa	1	112153343	112154754	24	0.5771
09c0be5a-e070-4561-b32e-828146c4d5aa	1	112154768	143494500	5163	-0.0744
09c0be5a-e070-4561-b32e-828146c4d5aa	1	143541857	143748012	96	0.3468
09c0be5a-e070-4561-b32e-828146c4d5aa	1	143748074	143754798	18	1.2749
09c0be5a-e070-4561-b32e-828146c4d5aa	1	143759680	152583051	2323	0.2396
09c0be5a-e070-4561-b32e-828146c4d5aa	1	152583230	152614064	33	1.4526
09c0be5a-e070-4561-b32e-828146c4d5aa	1	152614100	161973412	5705	0.2414
09c0be5a-e070-4561-b32e-828146c4d5aa	1	161974963	166191869	3455	0.2786
09c0be5a-e070-4561-b32e-828146c4d5aa	1	166194204	169247699	2327	0.2477
09c0be5a-e070-4561-b32e-828146c4d5aa	1	169264736	169272528	7	-1.0532
09c0be5a-e070-4561-b32e-828146c4d5aa	1	169273163	196745743	18177	0.2542
09c0be5a-e070-4561-b32e-828146c4d5aa	1	196758720	196832720	58	0.8002
09c0be5a-e070-4561-b32e-828146c4d5aa	1	196843377	209897717	8790	0.2549
09c0be5a-e070-4561-b32e-828146c4d5aa	1	209908268	209910639	3	1.5633
09c0be5a-e070-4561-b32e-828146c4d5aa	1	209913207	215318153	3730	0.2681
09c0be5a-e070-4561-b32e-828146c4d5aa	1	215320126	215325761	7	-1.0017
09c0be5a-e070-4561-b32e-828146c4d5aa	1	215327688	222804641	5181	0.2688
09c0be5a-e070-4561-b32e-828146c4d5aa	1	222807250	222811969	3	-1.0649
09c0be5a-e070-4561-b32e-828146c4d5aa	1	222812239	222847162	22	0.1669
09c0be5a-e070-4561-b32e-828146c4d5aa	1	222849581	222850262	2	-1.1854
09c0be5a-e070-4561-b32e-828146c4d5aa	1	222850427	240228440	12208	0.2609
09c0be5a-e070-4561-b32e-828146c4d5aa	1	240230715	240230839	6	-1.8489
09c0be5a-e070-4561-b32e-828146c4d5aa	1	240232805	245473108	3660	0.2616
09c0be5a-e070-4561-b32e-828146c4d5aa	1	245473737	245483602	11	-0.989
09c0be5a-e070-4561-b32e-828146c4d5aa	1	245486349	247777890	1565	0.2621
09c0be5a-e070-4561-b32e-828146c4d5aa	1	247779802	247781066	6	-0.7188
09c0be5a-e070-4561-b32e-828146c4d5aa	1	247783081	248930189	616	0.2394
09c0be5a-e070-4561-b32e-828146c4d5aa	2	12784	249092	147	-0.0814
09c0be5a-e070-4561-b32e-828146c4d5aa	2	249468	1913832	1091	-0.1887
09c0be5a-e070-4561-b32e-828146c4d5aa	2	1913944	3184340	984	-0.0538
09c0be5a-e070-4561-b32e-828146c4d5aa	2	3184533	3191657	4	-0.9984
09c0be5a-e070-4561-b32e-828146c4d5aa	2	3192955	4172349	787	-0.0521
09c0be5a-e070-4561-b32e-828146c4d5aa	2	4172353	4175059	8	0.667
09c0be5a-e070-4561-b32e-828146c4d5aa	2	4175113	7096502	2536	-0.0615
09c0be5a-e070-4561-b32e-828146c4d5aa	2	7096984	7098092	9	-0.7732
09c0be5a-e070-4561-b32e-828146c4d5aa	2	7098153	13997169	4994	-0.0702
09c0be5a-e070-4561-b32e-828146c4d5aa	2	13999079	14480454	372	0.5582
09c0be5a-e070-4561-b32e-828146c4d5aa	2	14481206	21018633	4890	-0.0564
09c0be5a-e070-4561-b32e-828146c4d5aa	2	21018872	21037212	14	-0.5583
09c0be5a-e070-4561-b32e-828146c4d5aa	2	21037264	33187980	7243	-0.0664
09c0be5a-e070-4561-b32e-828146c4d5aa	2	33188126	33193515	2	-1.5925
09c0be5a-e070-4561-b32e-828146c4d5aa	2	33194902	34466002	995	-0.0624
09c0be5a-e070-4561-b32e-828146c4d5aa	2	34474248	34502784	43	0.3993
09c0be5a-e070-4561-b32e-828146c4d5aa	2	34502800	52527330	13009	-0.0743
09c0be5a-e070-4561-b32e-828146c4d5aa	2	52527342	52565690	44	-0.793
09c0be5a-e070-4561-b32e-828146c4d5aa	2	52565799	97359885	23835	-0.0696
09c0be5a-e070-4561-b32e-828146c4d5aa	2	97524284	97545247	8	-1.1983
09c0be5a-e070-4561-b32e-828146c4d5aa	2	97545726	134293956	22069	-0.0696
09c0be5a-e070-4561-b32e-828146c4d5aa	2	134298913	134299299	3	1.6338
09c0be5a-e070-4561-b32e-828146c4d5aa	2	134300686	146106875	7321	-0.0745
09c0be5a-e070-4561-b32e-828146c4d5aa	2	146106889	146109366	21	-1.8778
09c0be5a-e070-4561-b32e-828146c4d5aa	2	146120238	183220725	22839	-0.0816
09c0be5a-e070-4561-b32e-828146c4d5aa	2	183221060	183229270	10	-0.8142
09c0be5a-e070-4561-b32e-828146c4d5aa	2	183229534	207490231	14111	-0.0733
09c0be5a-e070-4561-b32e-828146c4d5aa	2	207490454	207494836	19	-0.8576
09c0be5a-e070-4561-b32e-828146c4d5aa	2	207495072	241841244	21941	-0.0738
09c0be5a-e070-4561-b32e-828146c4d5aa	2	241973315	242084107	96	-1.1619
09c0be5a-e070-4561-b32e-828146c4d5aa	2	242087337	242147305	29	-0.061
09c0be5a-e070-4561-b32e-828146c4d5aa	3	20930	24349	2	-0.7998
09c0be5a-e070-4561-b32e-828146c4d5aa	3	26924	23937812	17865	-0.0793
09c0be5a-e070-4561-b32e-828146c4d5aa	3	23939938	23940839	3	-1.9249
09c0be5a-e070-4561-b32e-828146c4d5aa	3	23941849	26535989	2119	-0.0718
09c0be5a-e070-4561-b32e-828146c4d5aa	3	26536035	26570619	27	-0.4199
09c0be5a-e070-4561-b32e-828146c4d5aa	3	26570673	36629012	6771	-0.0806
09c0be5a-e070-4561-b32e-828146c4d5aa	3	36629822	36630287	3	-1.5423
09c0be5a-e070-4561-b32e-828146c4d5aa	3	36630614	36695993	46	-0.0895
09c0be5a-e070-4561-b32e-828146c4d5aa	3	36698356	36707369	4	-1.1625
09c0be5a-e070-4561-b32e-828146c4d5aa	3	36707384	52315396	8548	-0.0804
09c0be5a-e070-4561-b32e-828146c4d5aa	3	52320231	68015120	11880	-0.7297
09c0be5a-e070-4561-b32e-828146c4d5aa	3	68016057	68697013	478	0.3739
09c0be5a-e070-4561-b32e-828146c4d5aa	3	68697108	68698262	14	2.4275
09c0be5a-e070-4561-b32e-828146c4d5aa	3	68699607	89620865	12794	0.3658
09c0be5a-e070-4561-b32e-828146c4d5aa	3	89622183	89624990	8	-0.4465
09c0be5a-e070-4561-b32e-828146c4d5aa	3	89629449	95737262	1256	0.3554
09c0be5a-e070-4561-b32e-828146c4d5aa	3	95748036	95755829	5	-0.4216
09c0be5a-e070-4561-b32e-828146c4d5aa	3	95758747	99218940	1845	0.3578
09c0be5a-e070-4561-b32e-828146c4d5aa	3	99225614	99230464	36	-0.4276
09c0be5a-e070-4561-b32e-828146c4d5aa	3	99230470	128661409	18071	0.3543
09c0be5a-e070-4561-b32e-828146c4d5aa	3	128662406	128693488	16	0.8572
09c0be5a-e070-4561-b32e-828146c4d5aa	3	128695318	129585463	402	0.3289
09c0be5a-e070-4561-b32e-828146c4d5aa	3	129585954	129587076	2	-0.9311
09c0be5a-e070-4561-b32e-828146c4d5aa	3	129590420	130068356	230	0.3634
09c0be5a-e070-4561-b32e-828146c4d5aa	3	130070627	130075961	18	0.9051
09c0be5a-e070-4561-b32e-828146c4d5aa	3	130079892	139615646	5739	0.3534
09c0be5a-e070-4561-b32e-828146c4d5aa	3	139620760	139621184	2	-1.121
09c0be5a-e070-4561-b32e-828146c4d5aa	3	139623274	140539030	792	0.3787
09c0be5a-e070-4561-b32e-828146c4d5aa	3	140539678	140542299	6	-0.2107
09c0be5a-e070-4561-b32e-828146c4d5aa	3	140542345	143566276	1832	0.3467
09c0be5a-e070-4561-b32e-828146c4d5aa	3	143566923	143567132	5	1.1274
09c0be5a-e070-4561-b32e-828146c4d5aa	3	143567959	144886530	853	0.3632
09c0be5a-e070-4561-b32e-828146c4d5aa	3	144887288	144891971	2	-2.0205
09c0be5a-e070-4561-b32e-828146c4d5aa	3	144892714	146661402	1169	0.3511
09c0be5a-e070-4561-b32e-828146c4d5aa	3	146665207	146668345	4	1.6531
09c0be5a-e070-4561-b32e-828146c4d5aa	3	146674197	149245189	1509	0.3725
09c0be5a-e070-4561-b32e-828146c4d5aa	3	149245608	149250334	25	-0.688
09c0be5a-e070-4561-b32e-828146c4d5aa	3	149253293	162794951	8335	0.3553
09c0be5a-e070-4561-b32e-828146c4d5aa	3	162795304	162807070	10	-2.4171
09c0be5a-e070-4561-b32e-828146c4d5aa	3	162810842	162908207	58	-0.855
09c0be5a-e070-4561-b32e-828146c4d5aa	3	162908784	186755522	14499	0.3502
09c0be5a-e070-4561-b32e-828146c4d5aa	3	186758056	186758510	2	-1.202
09c0be5a-e070-4561-b32e-828146c4d5aa	3	186759698	193160173	4672	0.3562
09c0be5a-e070-4561-b32e-828146c4d5aa	3	193160256	193165114	18	2.3571
09c0be5a-e070-4561-b32e-828146c4d5aa	3	193168646	195685341	1489	0.3569
09c0be5a-e070-4561-b32e-828146c4d5aa	3	195691392	195752877	42	-0.5723
09c0be5a-e070-4561-b32e-828146c4d5aa	3	195754940	197613975	918	0.314
09c0be5a-e070-4561-b32e-828146c4d5aa	3	197621717	197627117	2	-1.2675
09c0be5a-e070-4561-b32e-828146c4d5aa	3	197671345	198124354	234	0.301
09c0be5a-e070-4561-b32e-828146c4d5aa	3	198124600	198169247	7	-0.4192
09c0be5a-e070-4561-b32e-828146c4d5aa	4	68929	273074	98	-0.0935
09c0be5a-e070-4561-b32e-828146c4d5aa	4	274639	1417771	429	-0.2115
09c0be5a-e070-4561-b32e-828146c4d5aa	4	1418224	9450197	4630	-0.0737
09c0be5a-e070-4561-b32e-828146c4d5aa	4	9455251	9477560	6	-1.2679
09c0be5a-e070-4561-b32e-828146c4d5aa	4	9477699	10222004	542	-0.05
09c0be5a-e070-4561-b32e-828146c4d5aa	4	10222224	10229874	26	-1.4312
09c0be5a-e070-4561-b32e-828146c4d5aa	4	10232590	48436508	25713	-0.0797
09c0be5a-e070-4561-b32e-828146c4d5aa	4	48446169	48449020	2	2.0682
09c0be5a-e070-4561-b32e-828146c4d5aa	4	48451438	60054675	5708	-0.0769
09c0be5a-e070-4561-b32e-828146c4d5aa	4	60055274	60060327	2	-1.8041
09c0be5a-e070-4561-b32e-828146c4d5aa	4	60062488	62802116	1582	-0.0881
09c0be5a-e070-4561-b32e-828146c4d5aa	4	62804218	62813912	9	0.724
09c0be5a-e070-4561-b32e-828146c4d5aa	4	62818784	63827261	554	-0.0862
09c0be5a-e070-4561-b32e-828146c4d5aa	4	63828222	63850713	30	0.3547
09c0be5a-e070-4561-b32e-828146c4d5aa	4	63851308	68354665	2848	-0.0944
09c0be5a-e070-4561-b32e-828146c4d5aa	4	68361130	68395346	7	1.4322
09c0be5a-e070-4561-b32e-828146c4d5aa	4	68416487	68478894	14	-0.5487
09c0be5a-e070-4561-b32e-828146c4d5aa	4	68494770	68663241	73	0.6634
09c0be5a-e070-4561-b32e-828146c4d5aa	4	68671434	69165940	271	-0.1011
09c0be5a-e070-4561-b32e-828146c4d5aa	4	69166653	69383212	103	0.1282
09c0be5a-e070-4561-b32e-828146c4d5aa	4	69385210	103824414	21010	-0.0852
09c0be5a-e070-4561-b32e-828146c4d5aa	4	103830473	103830480	5	1.1191
09c0be5a-e070-4561-b32e-828146c4d5aa	4	103830487	154881396	30362	-0.0843
09c0be5a-e070-4561-b32e-828146c4d5aa	4	154881853	154881926	3	-2.9563
09c0be5a-e070-4561-b32e-828146c4d5aa	4	154882047	155485501	383	-0.0891
09c0be5a-e070-4561-b32e-828146c4d5aa	4	155487521	155487837	2	-1.3665
09c0be5a-e070-4561-b32e-828146c4d5aa	4	155487935	160952773	3530	-0.0869
09c0be5a-e070-4561-b32e-828146c4d5aa	4	160952788	160966965	38	0.3124
09c0be5a-e070-4561-b32e-828146c4d5aa	4	160971716	171448195	6654	-0.0839
09c0be5a-e070-4561-b32e-828146c4d5aa	4	171453733	171456625	12	0.9207
09c0be5a-e070-4561-b32e-828146c4d5aa	4	171459220	184611350	8834	-0.0912
09c0be5a-e070-4561-b32e-828146c4d5aa	4	184613571	184617305	2	1.5926
09c0be5a-e070-4561-b32e-828146c4d5aa	4	184618080	190106768	3651	-0.1031
09c0be5a-e070-4561-b32e-828146c4d5aa	5	15532	825192	350	-0.282
09c0be5a-e070-4561-b32e-828146c4d5aa	5	825538	1299910	229	0.1444
09c0be5a-e070-4561-b32e-828146c4d5aa	5	1300469	1436293	70	-0.2235
09c0be5a-e070-4561-b32e-828146c4d5aa	5	1437305	1971538	339	-0.38
09c0be5a-e070-4561-b32e-828146c4d5aa	5	1975347	4226600	2107	-0.2044
09c0be5a-e070-4561-b32e-828146c4d5aa	5	4226700	4263420	26	-0.6008
09c0be5a-e070-4561-b32e-828146c4d5aa	5	4263649	7449267	2788	-0.2012
09c0be5a-e070-4561-b32e-828146c4d5aa	5	7450229	7479265	26	-0.6288
09c0be5a-e070-4561-b32e-828146c4d5aa	5	7479840	10767164	2774	-0.2078
09c0be5a-e070-4561-b32e-828146c4d5aa	5	10768657	10779740	15	-0.8047
09c0be5a-e070-4561-b32e-828146c4d5aa	5	10780716	11304201	499	-0.2137
09c0be5a-e070-4561-b32e-828146c4d5aa	5	11304779	12333631	720	-0.0785
09c0be5a-e070-4561-b32e-828146c4d5aa	5	12337180	12785150	235	-0.2487
09c0be5a-e070-4561-b32e-828146c4d5aa	5	12790757	12838421	18	0.3166
09c0be5a-e070-4561-b32e-828146c4d5aa	5	12849089	19006508	4074	-0.2077
09c0be5a-e070-4561-b32e-828146c4d5aa	5	19007521	22036142	1759	-0.1044
09c0be5a-e070-4561-b32e-828146c4d5aa	5	22036240	27525283	3207	-0.2166
09c0be5a-e070-4561-b32e-828146c4d5aa	5	27525407	27527372	10	-1.0559
09c0be5a-e070-4561-b32e-828146c4d5aa	5	27528377	31809538	2793	-0.218
09c0be5a-e070-4561-b32e-828146c4d5aa	5	31810111	34157173	1574	-0.0814
09c0be5a-e070-4561-b32e-828146c4d5aa	5	34159857	34223277	15	0.4323
09c0be5a-e070-4561-b32e-828146c4d5aa	5	34229101	44206403	6208	-0.0854
09c0be5a-e070-4561-b32e-828146c4d5aa	5	44206672	44207624	2	-1.4667
09c0be5a-e070-4561-b32e-828146c4d5aa	5	44208307	46251204	818	-0.0617
09c0be5a-e070-4561-b32e-828146c4d5aa	5	46270906	46273400	8	-1.6648
09c0be5a-e070-4561-b32e-828146c4d5aa	5	46278110	58034020	5083	-0.0829
09c0be5a-e070-4561-b32e-828146c4d5aa	5	58034072	58036248	11	0.7256
09c0be5a-e070-4561-b32e-828146c4d5aa	5	58036448	69550476	7303	-0.0796
09c0be5a-e070-4561-b32e-828146c4d5aa	5	69571467	69822308	5	0.9429
09c0be5a-e070-4561-b32e-828146c4d5aa	5	69937600	76154242	3147	-0.0793
09c0be5a-e070-4561-b32e-828146c4d5aa	5	76154302	76154319	2	1.5196
09c0be5a-e070-4561-b32e-828146c4d5aa	5	76154351	92655921	9593	-0.087
09c0be5a-e070-4561-b32e-828146c4d5aa	5	92655970	92660344	2	1.3726
09c0be5a-e070-4561-b32e-828146c4d5aa	5	92664159	99500868	3879	-0.0907
09c0be5a-e070-4561-b32e-828146c4d5aa	5	99504170	99504922	2	-1.9135
09c0be5a-e070-4561-b32e-828146c4d5aa	5	99508633	112924706	8508	-0.0853
09c0be5a-e070-4561-b32e-828146c4d5aa	5	112928842	112940950	9	-1.1331
09c0be5a-e070-4561-b32e-828146c4d5aa	5	112948526	116199251	2327	-0.0688
09c0be5a-e070-4561-b32e-828146c4d5aa	5	116201698	116201705	2	-1.5127
09c0be5a-e070-4561-b32e-828146c4d5aa	5	116201735	139785686	14786	-0.0832
09c0be5a-e070-4561-b32e-828146c4d5aa	5	139789292	139803311	5	-1.0865
09c0be5a-e070-4561-b32e-828146c4d5aa	5	139804359	140838209	481	-0.0916
09c0be5a-e070-4561-b32e-828146c4d5aa	5	140838745	140872578	16	-0.8536
09c0be5a-e070-4561-b32e-828146c4d5aa	5	140874202	152134272	7527	-0.0823
09c0be5a-e070-4561-b32e-828146c4d5aa	5	152134366	152137227	15	-0.6426
09c0be5a-e070-4561-b32e-828146c4d5aa	5	152138502	177771448	17470	-0.0797
09c0be5a-e070-4561-b32e-828146c4d5aa	5	177800550	177805604	3	1.4024
09c0be5a-e070-4561-b32e-828146c4d5aa	5	177827964	181363319	1981	-0.0972
09c0be5a-e070-4561-b32e-828146c4d5aa	6	149661	254283	101	-0.1657
09c0be5a-e070-4561-b32e-828146c4d5aa	6	257353	303121	26	-0.9949
09c0be5a-e070-4561-b32e-828146c4d5aa	6	314962	2602123	1888	-0.1086
09c0be5a-e070-4561-b32e-828146c4d5aa	6	2603943	2604964	4	-1.4857
09c0be5a-e070-4561-b32e-828146c4d5aa	6	2608562	19039888	12744	-0.0848
09c0be5a-e070-4561-b32e-828146c4d5aa	6	19041950	19042587	3	-1.2678
09c0be5a-e070-4561-b32e-828146c4d5aa	6	19044471	22563659	2554	-0.0712
09c0be5a-e070-4561-b32e-828146c4d5aa	6	22564861	22564923	3	-1.2864
09c0be5a-e070-4561-b32e-828146c4d5aa	6	22567834	23742789	875	-0.0814
09c0be5a-e070-4561-b32e-828146c4d5aa	6	23744444	23745202	2	-2.7603
09c0be5a-e070-4561-b32e-828146c4d5aa	6	23747504	29875657	3451	-0.0913
09c0be5a-e070-4561-b32e-828146c4d5aa	6	29876257	29881490	7	1.1043
09c0be5a-e070-4561-b32e-828146c4d5aa	6	29882419	31313046	662	-0.0874
09c0be5a-e070-4561-b32e-828146c4d5aa	6	31318499	31327629	7	-1.6184
09c0be5a-e070-4561-b32e-828146c4d5aa	6	31328176	32132313	315	-0.1971
09c0be5a-e070-4561-b32e-828146c4d5aa	6	32132404	32320685	77	0.0837
09c0be5a-e070-4561-b32e-828146c4d5aa	6	32321581	32541699	130	-0.1828
09c0be5a-e070-4561-b32e-828146c4d5aa	6	32549151	32614112	23	0.3471
09c0be5a-e070-4561-b32e-828146c4d5aa	6	32614426	32634330	9	-0.9912
09c0be5a-e070-4561-b32e-828146c4d5aa	6	32634492	33970966	814	-0.099
09c0be5a-e070-4561-b32e-828146c4d5aa	6	33974234	33974794	4	-1.2426
09c0be5a-e070-4561-b32e-828146c4d5aa	6	33974834	54066286	12891	-0.0828
09c0be5a-e070-4561-b32e-828146c4d5aa	6	54066353	54067057	7	-1.4592
09c0be5a-e070-4561-b32e-828146c4d5aa	6	54070550	62213920	2971	-0.0809
09c0be5a-e070-4561-b32e-828146c4d5aa	6	62215737	62217987	3	-1.8107
09c0be5a-e070-4561-b32e-828146c4d5aa	6	62218399	64625816	1250	-0.0913
09c0be5a-e070-4561-b32e-828146c4d5aa	6	64626338	64640920	6	-0.8537
09c0be5a-e070-4561-b32e-828146c4d5aa	6	64642128	65683455	695	-0.0766
09c0be5a-e070-4561-b32e-828146c4d5aa	6	65684197	65693364	18	0.4358
09c0be5a-e070-4561-b32e-828146c4d5aa	6	65693521	66298393	389	-0.0808
09c0be5a-e070-4561-b32e-828146c4d5aa	6	66299130	66334250	48	0.1992
09c0be5a-e070-4561-b32e-828146c4d5aa	6	66334366	73885018	5009	-0.0912
09c0be5a-e070-4561-b32e-828146c4d5aa	6	73885038	73887625	3	0.9636
09c0be5a-e070-4561-b32e-828146c4d5aa	6	73891694	76305231	1472	-0.0905
09c0be5a-e070-4561-b32e-828146c4d5aa	6	76307183	76307209	3	-1.6352
09c0be5a-e070-4561-b32e-828146c4d5aa	6	76307276	78261980	1294	-0.0753
09c0be5a-e070-4561-b32e-828146c4d5aa	6	78261995	78311382	73	0.1379
09c0be5a-e070-4561-b32e-828146c4d5aa	6	78311436	103286954	15507	-0.0871
09c0be5a-e070-4561-b32e-828146c4d5aa	6	103290101	103314186	46	0.7387
09c0be5a-e070-4561-b32e-828146c4d5aa	6	103317795	123913061	12499	-0.0849
09c0be5a-e070-4561-b32e-828146c4d5aa	6	123913214	123915173	7	-0.9602
09c0be5a-e070-4561-b32e-828146c4d5aa	6	123915590	132385122	5427	-0.092
09c0be5a-e070-4561-b32e-828146c4d5aa	6	132388218	132391287	3	-1.2307
09c0be5a-e070-4561-b32e-828146c4d5aa	6	132391786	142917637	6834	-0.0911
09c0be5a-e070-4561-b32e-828146c4d5aa	6	142918425	142918733	2	-1.5323
09c0be5a-e070-4561-b32e-828146c4d5aa	6	142920178	147681822	3094	-0.0828
09c0be5a-e070-4561-b32e-828146c4d5aa	6	147681849	147682477	3	-1.3495
09c0be5a-e070-4561-b32e-828146c4d5aa	6	147686008	162319408	10428	-0.0825
09c0be5a-e070-4561-b32e-828146c4d5aa	6	162324548	162335973	13	0.5752
09c0be5a-e070-4561-b32e-828146c4d5aa	6	162344145	166880997	3519	-0.0817
09c0be5a-e070-4561-b32e-828146c4d5aa	6	166882878	166914460	22	-0.4912
09c0be5a-e070-4561-b32e-828146c4d5aa	6	166914545	167110751	139	-0.0628
09c0be5a-e070-4561-b32e-828146c4d5aa	6	167110901	169071612	1160	-0.212
09c0be5a-e070-4561-b32e-828146c4d5aa	6	169071661	169708703	543	-0.0638
09c0be5a-e070-4561-b32e-828146c4d5aa	6	169708840	170200899	197	-0.2511
09c0be5a-e070-4561-b32e-828146c4d5aa	6	170202682	170741917	257	-0.0742
09c0be5a-e070-4561-b32e-828146c4d5aa	7	43355	1213138	361	-0.2036
09c0be5a-e070-4561-b32e-828146c4d5aa	7	1215257	18996088	12915	-0.0873
09c0be5a-e070-4561-b32e-828146c4d5aa	7	18996100	19003126	16	-0.2821
09c0be5a-e070-4561-b32e-828146c4d5aa	7	19003737	19240590	340	0.0419
09c0be5a-e070-4561-b32e-828146c4d5aa	7	19241170	22395161	2423	-0.0773
09c0be5a-e070-4561-b32e-828146c4d5aa	7	22395853	22396868	2	-2.5947
09c0be5a-e070-4561-b32e-828146c4d5aa	7	22399135	27848395	3874	-0.0819
09c0be5a-e070-4561-b32e-828146c4d5aa	7	27848512	28299691	342	0.037
09c0be5a-e070-4561-b32e-828146c4d5aa	7	28300326	38248326	7077	-0.0779
09c0be5a-e070-4561-b32e-828146c4d5aa	7	38251092	38347190	121	0.1078
09c0be5a-e070-4561-b32e-828146c4d5aa	7	38347211	56997653	12609	-0.0715
09c0be5a-e070-4561-b32e-828146c4d5aa	7	56999885	57016425	3	1.2366
09c0be5a-e070-4561-b32e-828146c4d5aa	7	57048761	70955452	4506	-0.0645
09c0be5a-e070-4561-b32e-828146c4d5aa	7	70958264	70961155	2	-2.3755
09c0be5a-e070-4561-b32e-828146c4d5aa	7	70963257	109793741	22308	-0.0853
09c0be5a-e070-4561-b32e-828146c4d5aa	7	109797035	109797044	8	-1.4242
09c0be5a-e070-4561-b32e-828146c4d5aa	7	109797612	109801187	17	-0.2203
09c0be5a-e070-4561-b32e-828146c4d5aa	7	109801572	109813853	10	-1.9147
09c0be5a-e070-4561-b32e-828146c4d5aa	7	109813925	159334314	30848	-0.0864
09c0be5a-e070-4561-b32e-828146c4d5aa	8	81254	645220	325	0.2122
09c0be5a-e070-4561-b32e-828146c4d5aa	8	645443	645908	7	1.2166
09c0be5a-e070-4561-b32e-828146c4d5aa	8	656117	1281248	443	0.2506
09c0be5a-e070-4561-b32e-828146c4d5aa	8	1281561	1911771	504	0.3359
09c0be5a-e070-4561-b32e-828146c4d5aa	8	1912009	1912034	2	2.605
09c0be5a-e070-4561-b32e-828146c4d5aa	8	1914179	36211336	27532	0.3299
09c0be5a-e070-4561-b32e-828146c4d5aa	8	36215045	36219621	5	-1.4412
09c0be5a-e070-4561-b32e-828146c4d5aa	8	36220823	39389592	1703	0.3273
09c0be5a-e070-4561-b32e-828146c4d5aa	8	39391223	39530780	57	0.7157
09c0be5a-e070-4561-b32e-828146c4d5aa	8	39531260	40914477	1073	0.3284
09c0be5a-e070-4561-b32e-828146c4d5aa	8	40920333	40920952	2	-1.3333
09c0be5a-e070-4561-b32e-828146c4d5aa	8	40926161	49961962	3394	0.3243
09c0be5a-e070-4561-b32e-828146c4d5aa	8	49963707	50025346	46	0.5731
09c0be5a-e070-4561-b32e-828146c4d5aa	8	50025643	81076786	19473	0.3224
09c0be5a-e070-4561-b32e-828146c4d5aa	8	81079463	81080874	3	-1.9607
09c0be5a-e070-4561-b32e-828146c4d5aa	8	81081456	141028500	39176	0.3211
09c0be5a-e070-4561-b32e-828146c4d5aa	8	141028679	145072769	1763	0.2381
09c0be5a-e070-4561-b32e-828146c4d5aa	9	46587	23361807	20415	-0.0764
09c0be5a-e070-4561-b32e-828146c4d5aa	9	23363117	23373486	8	0.9103
09c0be5a-e070-4561-b32e-828146c4d5aa	9	23378490	39249784	10714	-0.0797
09c0be5a-e070-4561-b32e-828146c4d5aa	9	39272359	39455364	6	0.8268
09c0be5a-e070-4561-b32e-828146c4d5aa	9	39455596	41291455	85	-0.103
09c0be5a-e070-4561-b32e-828146c4d5aa	9	41297007	61544101	149	0.1134
09c0be5a-e070-4561-b32e-828146c4d5aa	9	61550646	61647899	19	0.7534
09c0be5a-e070-4561-b32e-828146c4d5aa	9	61665362	68318441	167	0.1107
09c0be5a-e070-4561-b32e-828146c4d5aa	9	68325679	87907679	14213	-0.073
09c0be5a-e070-4561-b32e-828146c4d5aa	9	87939236	87939304	2	-2.5883
09c0be5a-e070-4561-b32e-828146c4d5aa	9	87943042	90840877	2020	-0.0647
09c0be5a-e070-4561-b32e-828146c4d5aa	9	90841309	90923175	97	-0.2451
09c0be5a-e070-4561-b32e-828146c4d5aa	9	90923447	93710664	1783	-0.0684
09c0be5a-e070-4561-b32e-828146c4d5aa	9	93711682	93714940	2	1.1542
09c0be5a-e070-4561-b32e-828146c4d5aa	9	93715291	96018897	1590	-0.0575
09c0be5a-e070-4561-b32e-828146c4d5aa	9	96023186	96037766	5	-1.1258
09c0be5a-e070-4561-b32e-828146c4d5aa	9	96044233	103804216	5089	-0.0696
09c0be5a-e070-4561-b32e-828146c4d5aa	9	103806415	103807009	2	-3.1387
09c0be5a-e070-4561-b32e-828146c4d5aa	9	103808421	135276268	21971	-0.0679
09c0be5a-e070-4561-b32e-828146c4d5aa	9	135279515	135328279	42	-0.4512
09c0be5a-e070-4561-b32e-828146c4d5aa	9	135328288	138200944	1094	-0.099
09c0be5a-e070-4561-b32e-828146c4d5aa	10	45792	24088745	19182	-0.0845
09c0be5a-e070-4561-b32e-828146c4d5aa	10	24088746	24089125	10	-2.8249
09c0be5a-e070-4561-b32e-828146c4d5aa	10	24089979	26926912	1977	-0.0644
09c0be5a-e070-4561-b32e-828146c4d5aa	10	26929446	26941746	23	0.3826
09c0be5a-e070-4561-b32e-828146c4d5aa	10	26941808	46195690	10301	-0.0772
09c0be5a-e070-4561-b32e-828146c4d5aa	10	46196488	47084999	239	-0.2318
09c0be5a-e070-4561-b32e-828146c4d5aa	10	47085457	47954600	276	-0.0565
09c0be5a-e070-4561-b32e-828146c4d5aa	10	48079548	48173568	10	0.57
09c0be5a-e070-4561-b32e-828146c4d5aa	10	48179571	50081224	1372	-0.0743
09c0be5a-e070-4561-b32e-828146c4d5aa	10	50097459	50132160	3	-2.4131
09c0be5a-e070-4561-b32e-828146c4d5aa	10	50144008	56756761	4855	-0.0814
09c0be5a-e070-4561-b32e-828146c4d5aa	10	56756779	56767077	38	-0.8957
09c0be5a-e070-4561-b32e-828146c4d5aa	10	56772992	65540316	6106	-0.0793
09c0be5a-e070-4561-b32e-828146c4d5aa	10	65545311	65554484	31	0.3085
09c0be5a-e070-4561-b32e-828146c4d5aa	10	65554643	65598235	48	-0.0766
09c0be5a-e070-4561-b32e-828146c4d5aa	10	65598983	65602156	3	1.0234
09c0be5a-e070-4561-b32e-828146c4d5aa	10	65602423	70681594	3429	-0.0781
09c0be5a-e070-4561-b32e-828146c4d5aa	10	70682286	70767138	85	-0.2873
09c0be5a-e070-4561-b32e-828146c4d5aa	10	70767697	95109306	15918	-0.0774
09c0be5a-e070-4561-b32e-828146c4d5aa	10	95109317	95109320	2	-2.7252
09c0be5a-e070-4561-b32e-828146c4d5aa	10	95109346	95115957	4	-0.5142
09c0be5a-e070-4561-b32e-828146c4d5aa	10	95116202	122584593	18824	-0.0738
09c0be5a-e070-4561-b32e-828146c4d5aa	10	122584707	122587398	3	-1.5287
09c0be5a-e070-4561-b32e-828146c4d5aa	10	122587462	130401306	5851	-0.0677
09c0be5a-e070-4561-b32e-828146c4d5aa	10	130401926	133654968	2046	-0.1495
09c0be5a-e070-4561-b32e-828146c4d5aa	11	198510	4947280	2417	-0.0924
09c0be5a-e070-4561-b32e-828146c4d5aa	11	4949013	4955042	29	-1.9653
09c0be5a-e070-4561-b32e-828146c4d5aa	11	4955781	5768371	787	-0.0713
09c0be5a-e070-4561-b32e-828146c4d5aa	11	5768495	5788108	30	0.5755
09c0be5a-e070-4561-b32e-828146c4d5aa	11	5788231	18919323	9409	-0.0779
09c0be5a-e070-4561-b32e-828146c4d5aa	11	18927525	18940441	45	0.7213
09c0be5a-e070-4561-b32e-828146c4d5aa	11	18940469	36758924	13176	-0.0755
09c0be5a-e070-4561-b32e-828146c4d5aa	11	36759611	36760584	3	-2.0999
09c0be5a-e070-4561-b32e-828146c4d5aa	11	36762152	38090038	880	-0.0342
09c0be5a-e070-4561-b32e-828146c4d5aa	11	38095668	39117515	589	-0.1897
09c0be5a-e070-4561-b32e-828146c4d5aa	11	39118331	55608804	7121	-0.0773
09c0be5a-e070-4561-b32e-828146c4d5aa	11	55609022	55685533	51	-0.5322
09c0be5a-e070-4561-b32e-828146c4d5aa	11	55686100	132956189	50679	-0.0767
09c0be5a-e070-4561-b32e-828146c4d5aa	11	132958100	133389435	347	-0.1874
09c0be5a-e070-4561-b32e-828146c4d5aa	11	133389850	134355703	660	-0.073
09c0be5a-e070-4561-b32e-828146c4d5aa	11	134355798	134711009	286	-0.2492
09c0be5a-e070-4561-b32e-828146c4d5aa	11	134711026	135074876	298	-0.1353
09c0be5a-e070-4561-b32e-828146c4d5aa	12	51460	2126723	1264	0.3033
09c0be5a-e070-4561-b32e-828146c4d5aa	12	2136696	2148754	41	-0.8036
09c0be5a-e070-4561-b32e-828146c4d5aa	12	2148857	9481274	4869	0.3436
09c0be5a-e070-4561-b32e-828146c4d5aa	12	9485313	9575696	23	-1.4684
09c0be5a-e070-4561-b32e-828146c4d5aa	12	9582373	11351157	1177	0.3394
09c0be5a-e070-4561-b32e-828146c4d5aa	12	11358643	11390472	31	-0.8363
09c0be5a-e070-4561-b32e-828146c4d5aa	12	11399258	31753738	14363	0.3526
09c0be5a-e070-4561-b32e-828146c4d5aa	12	31754340	31756974	4	-1.8233
09c0be5a-e070-4561-b32e-828146c4d5aa	12	31764286	33148472	1014	0.3379
09c0be5a-e070-4561-b32e-828146c4d5aa	12	33148492	33155563	30	0.7711
09c0be5a-e070-4561-b32e-828146c4d5aa	12	33155608	45506042	5584	0.3482
09c0be5a-e070-4561-b32e-828146c4d5aa	12	45510655	45515754	4	-1.3887
09c0be5a-e070-4561-b32e-828146c4d5aa	12	45519509	131636170	55870	0.3417
09c0be5a-e070-4561-b32e-828146c4d5aa	12	131648039	131648790	13	-1.866
09c0be5a-e070-4561-b32e-828146c4d5aa	12	131657925	133201603	559	0.2884
09c0be5a-e070-4561-b32e-828146c4d5aa	13	18452809	24056692	3629	-0.102
09c0be5a-e070-4561-b32e-828146c4d5aa	13	24056776	24058911	5	-2.0434
09c0be5a-e070-4561-b32e-828146c4d5aa	13	24061115	24190737	163	-0.0906
09c0be5a-e070-4561-b32e-828146c4d5aa	13	24192963	24224427	47	-0.341
09c0be5a-e070-4561-b32e-828146c4d5aa	13	24225031	37497899	9630	-0.0755
09c0be5a-e070-4561-b32e-828146c4d5aa	13	37498087	37514237	17	0.4161
09c0be5a-e070-4561-b32e-828146c4d5aa	13	37514250	38478674	699	-0.0662
09c0be5a-e070-4561-b32e-828146c4d5aa	13	38483435	38483919	2	-2.2367
09c0be5a-e070-4561-b32e-828146c4d5aa	13	38490920	48957415	7318	-0.0795
09c0be5a-e070-4561-b32e-828146c4d5aa	13	48959579	48962368	2	-2.5425
09c0be5a-e070-4561-b32e-828146c4d5aa	13	48963569	71902850	13520	-0.076
09c0be5a-e070-4561-b32e-828146c4d5aa	13	71903417	71906418	4	-2.5652
09c0be5a-e070-4561-b32e-828146c4d5aa	13	71906467	112897209	28439	-0.0832
09c0be5a-e070-4561-b32e-828146c4d5aa	13	112900477	113081740	107	-0.3297
09c0be5a-e070-4561-b32e-828146c4d5aa	13	113081812	114342922	533	-0.1205
09c0be5a-e070-4561-b32e-828146c4d5aa	14	18239283	19824032	97	-0.1674
09c0be5a-e070-4561-b32e-828146c4d5aa	14	19824246	19952080	68	-0.4742
09c0be5a-e070-4561-b32e-828146c4d5aa	14	19954424	21580443	1074	-0.0826
09c0be5a-e070-4561-b32e-828146c4d5aa	14	21582009	21604196	12	0.9672
09c0be5a-e070-4561-b32e-828146c4d5aa	14	21606808	21874394	198	-0.0935
09c0be5a-e070-4561-b32e-828146c4d5aa	14	21874948	22501252	558	0.1009
09c0be5a-e070-4561-b32e-828146c4d5aa	14	22501272	40139724	11027	-0.0808
09c0be5a-e070-4561-b32e-828146c4d5aa	14	40144718	40147715	2	-2.4619
09c0be5a-e070-4561-b32e-828146c4d5aa	14	40148961	47238133	4263	-0.0708
09c0be5a-e070-4561-b32e-828146c4d5aa	14	47239083	47248244	7	-1.2587
09c0be5a-e070-4561-b32e-828146c4d5aa	14	47252721	73529070	16920	-0.0768
09c0be5a-e070-4561-b32e-828146c4d5aa	14	73534419	73563196	10	0.6664
09c0be5a-e070-4561-b32e-828146c4d5aa	14	73563211	87937851	9525	-0.0715
09c0be5a-e070-4561-b32e-828146c4d5aa	14	87937897	87938445	5	1.0773
09c0be5a-e070-4561-b32e-828146c4d5aa	14	87939588	106294285	11322	-0.0777
09c0be5a-e070-4561-b32e-828146c4d5aa	14	106294689	106297273	4	1.117
09c0be5a-e070-4561-b32e-828146c4d5aa	14	106297409	106877229	295	-0.1663
09c0be5a-e070-4561-b32e-828146c4d5aa	15	19811075	20538669	134	-0.2125
09c0be5a-e070-4561-b32e-828146c4d5aa	15	20614765	22272411	64	-0.669
09c0be5a-e070-4561-b32e-828146c4d5aa	15	22278707	22813674	77	-0.1673
09c0be5a-e070-4561-b32e-828146c4d5aa	15	22813706	22978785	141	-0.3534
09c0be5a-e070-4561-b32e-828146c4d5aa	15	22979151	26978664	2594	-0.1617
09c0be5a-e070-4561-b32e-828146c4d5aa	15	26979174	34032695	4202	-0.0805
09c0be5a-e070-4561-b32e-828146c4d5aa	15	34044681	34431231	210	-0.1913
09c0be5a-e070-4561-b32e-828146c4d5aa	15	34431375	34434988	3	-1.3522
09c0be5a-e070-4561-b32e-828146c4d5aa	15	34435421	39021759	3210	-0.174
09c0be5a-e070-4561-b32e-828146c4d5aa	15	39021953	76599170	23261	-0.0745
09c0be5a-e070-4561-b32e-828146c4d5aa	15	76599286	76609838	21	-0.4859
09c0be5a-e070-4561-b32e-828146c4d5aa	15	76609853	81696198	3258	-0.0706
09c0be5a-e070-4561-b32e-828146c4d5aa	15	81703527	81736363	20	-0.461
09c0be5a-e070-4561-b32e-828146c4d5aa	15	81736424	83871965	1134	-0.0589
09c0be5a-e070-4561-b32e-828146c4d5aa	15	83871986	83878795	8	-1.0955
09c0be5a-e070-4561-b32e-828146c4d5aa	15	83879115	88216607	2992	-0.0648
09c0be5a-e070-4561-b32e-828146c4d5aa	15	88216968	88217085	2	-1.6458
09c0be5a-e070-4561-b32e-828146c4d5aa	15	88218563	92609907	3192	-0.0719
09c0be5a-e070-4561-b32e-828146c4d5aa	15	92613160	92613580	2	-1.6836
09c0be5a-e070-4561-b32e-828146c4d5aa	15	92613629	93619013	827	-0.109
09c0be5a-e070-4561-b32e-828146c4d5aa	15	93620120	93620144	2	1.4615
09c0be5a-e070-4561-b32e-828146c4d5aa	15	93620471	99845641	4577	-0.063
09c0be5a-e070-4561-b32e-828146c4d5aa	15	99845669	101928837	1595	-0.1213
09c0be5a-e070-4561-b32e-828146c4d5aa	16	10777	1510885	482	-0.196
09c0be5a-e070-4561-b32e-828146c4d5aa	16	1510999	19934328	12980	-0.0807
09c0be5a-e070-4561-b32e-828146c4d5aa	16	19934486	19956040	28	-0.9253
09c0be5a-e070-4561-b32e-828146c4d5aa	16	19958932	35225230	6667	-0.0699
09c0be5a-e070-4561-b32e-828146c4d5aa	16	35225338	35522700	169	-0.2293
09c0be5a-e070-4561-b32e-828146c4d5aa	16	35526596	78337711	20898	-0.0675
09c0be5a-e070-4561-b32e-828146c4d5aa	16	78338543	78347366	14	-2.088
09c0be5a-e070-4561-b32e-828146c4d5aa	16	78349243	81152300	3223	-0.0717
09c0be5a-e070-4561-b32e-828146c4d5aa	16	81153284	81222257	88	-0.3257
09c0be5a-e070-4561-b32e-828146c4d5aa	16	81223032	83995248	3018	-0.0717
09c0be5a-e070-4561-b32e-828146c4d5aa	16	83995534	84879273	807	-0.195
09c0be5a-e070-4561-b32e-828146c4d5aa	16	84882897	88592025	2830	-0.0821
09c0be5a-e070-4561-b32e-828146c4d5aa	16	88594110	89581045	415	-0.2412
09c0be5a-e070-4561-b32e-828146c4d5aa	16	89581197	89581504	3	-1.445
09c0be5a-e070-4561-b32e-828146c4d5aa	16	89582172	89945653	135	-0.2238
09c0be5a-e070-4561-b32e-828146c4d5aa	16	89946519	90096867	96	-0.1056
09c0be5a-e070-4561-b32e-828146c4d5aa	17	150733	1200915	537	-0.0996
09c0be5a-e070-4561-b32e-828146c4d5aa	17	1205481	10408709	5506	0.0264
09c0be5a-e070-4561-b32e-828146c4d5aa	17	10409163	10410374	2	-2.1503
09c0be5a-e070-4561-b32e-828146c4d5aa	17	10412155	18452078	5344	0.0374
09c0be5a-e070-4561-b32e-828146c4d5aa	17	18455632	18561907	26	0.4628
09c0be5a-e070-4561-b32e-828146c4d5aa	17	18565883	22181596	1261	0.0334
09c0be5a-e070-4561-b32e-828146c4d5aa	17	22182627	41265456	8135	0.3346
09c0be5a-e070-4561-b32e-828146c4d5aa	17	41266762	41266838	5	0.7385
09c0be5a-e070-4561-b32e-828146c4d5aa	17	41266851	41267234	8	1.4543
09c0be5a-e070-4561-b32e-828146c4d5aa	17	41271598	41273905	7	0.5485
09c0be5a-e070-4561-b32e-828146c4d5aa	17	41273921	41274198	3	3.2466
09c0be5a-e070-4561-b32e-828146c4d5aa	17	41274279	45920074	2358	0.3072
09c0be5a-e070-4561-b32e-828146c4d5aa	17	45920154	45920962	3	-0.594
09c0be5a-e070-4561-b32e-828146c4d5aa	17	45921837	46085732	137	0.2626
09c0be5a-e070-4561-b32e-828146c4d5aa	17	46088437	46275506	120	0.6011
09c0be5a-e070-4561-b32e-828146c4d5aa	17	46276519	73839356	16826	0.3525
09c0be5a-e070-4561-b32e-828146c4d5aa	17	73840135	83091923	4749	0.3138
09c0be5a-e070-4561-b32e-828146c4d5aa	18	48133	85614	5	0.383
09c0be5a-e070-4561-b32e-828146c4d5aa	18	86591	752436	529	-0.1603
09c0be5a-e070-4561-b32e-828146c4d5aa	18	754581	2641810	1355	-0.0607
09c0be5a-e070-4561-b32e-828146c4d5aa	18	2641859	2748325	49	-0.3262
09c0be5a-e070-4561-b32e-828146c4d5aa	18	2748820	44394853	23221	-0.0708
09c0be5a-e070-4561-b32e-828146c4d5aa	18	44396921	44398660	6	-0.9512
09c0be5a-e070-4561-b32e-828146c4d5aa	18	44402706	53677765	6538	-0.0672
09c0be5a-e070-4561-b32e-828146c4d5aa	18	53680839	53684270	4	-1.5118
09c0be5a-e070-4561-b32e-828146c4d5aa	18	53685778	66239629	8734	-0.0762
09c0be5a-e070-4561-b32e-828146c4d5aa	18	66240197	66244352	10	-0.9312
09c0be5a-e070-4561-b32e-828146c4d5aa	18	66244639	74472427	6189	-0.0853
09c0be5a-e070-4561-b32e-828146c4d5aa	18	74472872	74474561	4	-2.7854
09c0be5a-e070-4561-b32e-828146c4d5aa	18	74474777	76580167	1637	-0.0621
09c0be5a-e070-4561-b32e-828146c4d5aa	18	76580564	76580918	2	-3.8094
09c0be5a-e070-4561-b32e-828146c4d5aa	18	76581125	78605014	1545	-0.0865
09c0be5a-e070-4561-b32e-828146c4d5aa	18	78607500	78610497	5	-1.2144
09c0be5a-e070-4561-b32e-828146c4d5aa	18	78611007	79365547	464	-0.0741
09c0be5a-e070-4561-b32e-828146c4d5aa	18	79365698	80257174	419	-0.2384
09c0be5a-e070-4561-b32e-828146c4d5aa	19	90910	5506648	1588	-0.1102
09c0be5a-e070-4561-b32e-828146c4d5aa	19	5510228	5510642	3	-1.6665
09c0be5a-e070-4561-b32e-828146c4d5aa	19	5510689	24278016	9530	-0.0849
09c0be5a-e070-4561-b32e-828146c4d5aa	19	24278618	24282042	7	-1.0557
09c0be5a-e070-4561-b32e-828146c4d5aa	19	24282151	35358420	5565	-0.0604
09c0be5a-e070-4561-b32e-828146c4d5aa	19	35364451	35370747	18	-0.6416
09c0be5a-e070-4561-b32e-828146c4d5aa	19	35370767	43056224	3805	-0.0791
09c0be5a-e070-4561-b32e-828146c4d5aa	19	43057570	43092819	14	-1.2501
09c0be5a-e070-4561-b32e-828146c4d5aa	19	43099219	43154674	30	-0.1875
09c0be5a-e070-4561-b32e-828146c4d5aa	19	43156587	43348555	86	-0.8582
09c0be5a-e070-4561-b32e-828146c4d5aa	19	43352480	44403018	704	-0.0902
09c0be5a-e070-4561-b32e-828146c4d5aa	19	44403646	44426631	19	0.464
09c0be5a-e070-4561-b32e-828146c4d5aa	19	44432925	58586487	7719	-0.1008
09c0be5a-e070-4561-b32e-828146c4d5aa	20	80664	1580353	1204	-0.0803
09c0be5a-e070-4561-b32e-828146c4d5aa	20	1580934	1613247	41	2.7278
09c0be5a-e070-4561-b32e-828146c4d5aa	20	1617300	63595400	40811	-0.0689
09c0be5a-e070-4561-b32e-828146c4d5aa	20	63598636	64324800	306	-0.2095
09c0be5a-e070-4561-b32e-828146c4d5aa	21	10354168	14998554	983	-0.0821
09c0be5a-e070-4561-b32e-828146c4d5aa	21	14999659	19796585	3438	-0.2175
09c0be5a-e070-4561-b32e-828146c4d5aa	21	19800416	45247943	18627	-0.0758
09c0be5a-e070-4561-b32e-828146c4d5aa	21	45249302	45621894	190	-0.3036
09c0be5a-e070-4561-b32e-828146c4d5aa	21	45624835	46677045	621	-0.121
09c0be5a-e070-4561-b32e-828146c4d5aa	22	15294547	18649244	1135	-0.074
09c0be5a-e070-4561-b32e-828146c4d5aa	22	18760927	18760941	2	-1.8815
09c0be5a-e070-4561-b32e-828146c4d5aa	22	18783014	19360635	270	-0.1306
09c0be5a-e070-4561-b32e-828146c4d5aa	22	19360676	20749005	880	-0.2272
09c0be5a-e070-4561-b32e-828146c4d5aa	22	20749118	25254681	2917	-0.1175
09c0be5a-e070-4561-b32e-828146c4d5aa	22	25256216	25522742	292	0.4072
09c0be5a-e070-4561-b32e-828146c4d5aa	22	25526375	36043461	8000	-0.0647
09c0be5a-e070-4561-b32e-828146c4d5aa	22	36044754	36065944	18	-0.4833
09c0be5a-e070-4561-b32e-828146c4d5aa	22	36071454	36276230	148	-0.0816
09c0be5a-e070-4561-b32e-828146c4d5aa	22	36276530	36310834	30	-0.4738
09c0be5a-e070-4561-b32e-828146c4d5aa	22	36310960	42501276	3440	-0.0937
09c0be5a-e070-4561-b32e-828146c4d5aa	22	42503434	42577195	31	0.4404
09c0be5a-e070-4561-b32e-828146c4d5aa	22	42577696	48872888	4853	-0.0724
09c0be5a-e070-4561-b32e-828146c4d5aa	22	48874111	48874730	2	-1.5618
09c0be5a-e070-4561-b32e-828146c4d5aa	22	48877479	49001662	96	-0.0752
09c0be5a-e070-4561-b32e-828146c4d5aa	22	49002195	49692757	653	-0.2272
09c0be5a-e070-4561-b32e-828146c4d5aa	22	49693160	49694314	3	-1.726
09c0be5a-e070-4561-b32e-828146c4d5aa	22	49697404	50796027	479	-0.2088
09c0be5a-e070-4561-b32e-828146c4d5aa	X	251810	2748312	94	-1.1255
09c0be5a-e070-4561-b32e-828146c4d5aa	X	2785350	65401807	34037	-0.3399
09c0be5a-e070-4561-b32e-828146c4d5aa	X	65415917	88583130	11525	0.242
09c0be5a-e070-4561-b32e-828146c4d5aa	X	88585766	93021966	1698	0.1885
09c0be5a-e070-4561-b32e-828146c4d5aa	X	93024074	95116652	1259	0.2622
09c0be5a-e070-4561-b32e-828146c4d5aa	X	95117489	96373704	704	0.3319
09c0be5a-e070-4561-b32e-828146c4d5aa	X	96374195	134211258	20746	0.2491
09c0be5a-e070-4561-b32e-828146c4d5aa	X	134213450	134214222	3	-1.3103
09c0be5a-e070-4561-b32e-828146c4d5aa	X	134221718	152337437	11412	0.2628
09c0be5a-e070-4561-b32e-828146c4d5aa	X	152342526	152348153	3	-1.0963
09c0be5a-e070-4561-b32e-828146c4d5aa	X	152348845	155699837	1496	0.275
09c0be5a-e070-4561-b32e-828146c4d5aa	X	155734393	155952689	18	-0.4763
09c0be5a-e070-4561-b32e-828146c4d5aa	Y	2782397	6167430	748	-2.3961
09c0be5a-e070-4561-b32e-828146c4d5aa	Y	6171310	6171622	2	-7.3231
09c0be5a-e070-4561-b32e-828146c4d5aa	Y	6180233	6249869	34	-2.1712
09c0be5a-e070-4561-b32e-828146c4d5aa	Y	6252391	20752415	5118	-2.7581
09c0be5a-e070-4561-b32e-828146c4d5aa	Y	20752492	20756691	2	-7.7199
09c0be5a-e070-4561-b32e-828146c4d5aa	Y	20757006	23586854	541	-2.7564
09c0be5a-e070-4561-b32e-828146c4d5aa	Y	23784615	56872112	191	-2.349
