GDC_Aliquot	Chromosome	Start	End	Num_Probes	Segment_Mean
e6622add-cc8b-4c1f-a191-5139cd8905fe	1	62920	259422	15	0.6058
e6622add-cc8b-4c1f-a191-5139cd8905fe	1	259926	877652	35	0.0021
e6622add-cc8b-4c1f-a191-5139cd8905fe	1	877938	3302046	682	-0.1288
e6622add-cc8b-4c1f-a191-5139cd8905fe	1	3302359	12779433	5688	-0.0083
e6622add-cc8b-4c1f-a191-5139cd8905fe	1	12792599	12868035	31	-0.84
e6622add-cc8b-4c1f-a191-5139cd8905fe	1	12922922	72302815	35901	-0.0035
e6622add-cc8b-4c1f-a191-5139cd8905fe	1	72303233	72345465	46	-1.5766
e6622add-cc8b-4c1f-a191-5139cd8905fe	1	72346221	152582700	32880	0.0045
e6622add-cc8b-4c1f-a191-5139cd8905fe	1	152583051	152614100	35	-1.7564
e6622add-cc8b-4c1f-a191-5139cd8905fe	1	152614118	152787202	164	0.027
e6622add-cc8b-4c1f-a191-5139cd8905fe	1	152789447	152801429	38	-0.4002
e6622add-cc8b-4c1f-a191-5139cd8905fe	1	152804279	196745743	29145	0.0039
e6622add-cc8b-4c1f-a191-5139cd8905fe	1	196758720	196832720	58	0.6161
e6622add-cc8b-4c1f-a191-5139cd8905fe	1	196843377	248930189	35418	0.0062
e6622add-cc8b-4c1f-a191-5139cd8905fe	2	12784	3144361	2164	0.0057
e6622add-cc8b-4c1f-a191-5139cd8905fe	2	3147886	3205391	75	-0.2897
e6622add-cc8b-4c1f-a191-5139cd8905fe	2	3205827	4155990	725	-0.0112
e6622add-cc8b-4c1f-a191-5139cd8905fe	2	4158097	4175577	37	-0.4227
e6622add-cc8b-4c1f-a191-5139cd8905fe	2	4175922	34466002	20849	0.0102
e6622add-cc8b-4c1f-a191-5139cd8905fe	2	34474248	34483583	8	-2.6025
e6622add-cc8b-4c1f-a191-5139cd8905fe	2	34485661	34492841	21	-1.436
e6622add-cc8b-4c1f-a191-5139cd8905fe	2	34492907	34511990	17	-2.8938
e6622add-cc8b-4c1f-a191-5139cd8905fe	2	34512096	35740049	855	0.0547
e6622add-cc8b-4c1f-a191-5139cd8905fe	2	35742057	35772438	13	0.7916
e6622add-cc8b-4c1f-a191-5139cd8905fe	2	35775353	52527330	11973	0.0128
e6622add-cc8b-4c1f-a191-5139cd8905fe	2	52527342	52554404	39	-2.4381
e6622add-cc8b-4c1f-a191-5139cd8905fe	2	52560811	128880504	42384	0.0136
e6622add-cc8b-4c1f-a191-5139cd8905fe	2	128880904	128882741	15	-2.7108
e6622add-cc8b-4c1f-a191-5139cd8905fe	2	128882755	159102108	18047	0.0073
e6622add-cc8b-4c1f-a191-5139cd8905fe	2	159103831	159104461	2	-2.6779
e6622add-cc8b-4c1f-a191-5139cd8905fe	2	159106775	236862262	47675	0.0081
e6622add-cc8b-4c1f-a191-5139cd8905fe	2	236862369	236862391	2	-2.144
e6622add-cc8b-4c1f-a191-5139cd8905fe	2	236864097	242147305	3116	0.0042
e6622add-cc8b-4c1f-a191-5139cd8905fe	3	20930	2790446	2393	0.1216
e6622add-cc8b-4c1f-a191-5139cd8905fe	3	2791640	21711474	13688	0.0097
e6622add-cc8b-4c1f-a191-5139cd8905fe	3	21713236	22275790	539	0.1144
e6622add-cc8b-4c1f-a191-5139cd8905fe	3	22276782	25939090	2767	0.0025
e6622add-cc8b-4c1f-a191-5139cd8905fe	3	25945663	27045144	751	0.0965
e6622add-cc8b-4c1f-a191-5139cd8905fe	3	27045905	28917964	1204	-0.0039
e6622add-cc8b-4c1f-a191-5139cd8905fe	3	28922085	28973275	33	-0.8125
e6622add-cc8b-4c1f-a191-5139cd8905fe	3	28976705	59811858	18628	-0.0019
e6622add-cc8b-4c1f-a191-5139cd8905fe	3	59813225	61027814	1333	0.0983
e6622add-cc8b-4c1f-a191-5139cd8905fe	3	61029462	75519398	10846	-0.0015
e6622add-cc8b-4c1f-a191-5139cd8905fe	3	75523398	75528153	3	-2.4744
e6622add-cc8b-4c1f-a191-5139cd8905fe	3	75529707	81497265	3336	0.0148
e6622add-cc8b-4c1f-a191-5139cd8905fe	3	81497971	81498113	2	-3.346
e6622add-cc8b-4c1f-a191-5139cd8905fe	3	81500925	136300257	30110	0.0054
e6622add-cc8b-4c1f-a191-5139cd8905fe	3	136304109	136306584	2	-2.2836
e6622add-cc8b-4c1f-a191-5139cd8905fe	3	136319699	143566923	4303	0.007
e6622add-cc8b-4c1f-a191-5139cd8905fe	3	143566958	143567132	4	1.6321
e6622add-cc8b-4c1f-a191-5139cd8905fe	3	143567959	146668345	2002	0.0034
e6622add-cc8b-4c1f-a191-5139cd8905fe	3	146674197	147763705	577	0.1169
e6622add-cc8b-4c1f-a191-5139cd8905fe	3	147765764	162810842	9206	0.0092
e6622add-cc8b-4c1f-a191-5139cd8905fe	3	162812527	162906109	55	-0.5045
e6622add-cc8b-4c1f-a191-5139cd8905fe	3	162908192	173462823	6248	0.0149
e6622add-cc8b-4c1f-a191-5139cd8905fe	3	173462843	173912890	312	0.1572
e6622add-cc8b-4c1f-a191-5139cd8905fe	3	173914127	175368999	1024	0.0042
e6622add-cc8b-4c1f-a191-5139cd8905fe	3	175369016	176032059	411	0.1421
e6622add-cc8b-4c1f-a191-5139cd8905fe	3	176038415	193160113	10978	0.005
e6622add-cc8b-4c1f-a191-5139cd8905fe	3	193160173	193165114	19	-1.4701
e6622add-cc8b-4c1f-a191-5139cd8905fe	3	193168646	198169247	2670	0.0073
e6622add-cc8b-4c1f-a191-5139cd8905fe	4	68929	10227303	5642	-0.0067
e6622add-cc8b-4c1f-a191-5139cd8905fe	4	10227493	10227684	6	2.2202
e6622add-cc8b-4c1f-a191-5139cd8905fe	4	10228006	10228994	6	0.8953
e6622add-cc8b-4c1f-a191-5139cd8905fe	4	10229120	10389091	183	0.0268
e6622add-cc8b-4c1f-a191-5139cd8905fe	4	10390730	10401094	17	-0.6429
e6622add-cc8b-4c1f-a191-5139cd8905fe	4	10401122	15983430	4311	0.0009
e6622add-cc8b-4c1f-a191-5139cd8905fe	4	15983831	15985025	2	-2.0762
e6622add-cc8b-4c1f-a191-5139cd8905fe	4	15986874	34777418	12313	0.001
e6622add-cc8b-4c1f-a191-5139cd8905fe	4	34777432	34823103	39	0.5616
e6622add-cc8b-4c1f-a191-5139cd8905fe	4	34828250	48187693	8395	0.0145
e6622add-cc8b-4c1f-a191-5139cd8905fe	4	48188348	48192033	24	-0.4466
e6622add-cc8b-4c1f-a191-5139cd8905fe	4	48192066	68506285	10856	0.0142
e6622add-cc8b-4c1f-a191-5139cd8905fe	4	68509223	68639397	67	-1.6066
e6622add-cc8b-4c1f-a191-5139cd8905fe	4	68640616	115244712	28054	0.0035
e6622add-cc8b-4c1f-a191-5139cd8905fe	4	115244948	115252113	11	-0.9237
e6622add-cc8b-4c1f-a191-5139cd8905fe	4	115254098	115254776	9	-0.2485
e6622add-cc8b-4c1f-a191-5139cd8905fe	4	115254789	115254969	3	-0.844
e6622add-cc8b-4c1f-a191-5139cd8905fe	4	115259026	172066706	34086	0.0097
e6622add-cc8b-4c1f-a191-5139cd8905fe	4	172066777	172068382	13	1.0081
e6622add-cc8b-4c1f-a191-5139cd8905fe	4	172074828	176384223	2454	0.0172
e6622add-cc8b-4c1f-a191-5139cd8905fe	4	176387516	176387700	2	2.7745
e6622add-cc8b-4c1f-a191-5139cd8905fe	4	176387772	178298249	1269	0.0153
e6622add-cc8b-4c1f-a191-5139cd8905fe	4	178306202	178820448	378	0.1685
e6622add-cc8b-4c1f-a191-5139cd8905fe	4	178820994	190106768	7837	0.0329
e6622add-cc8b-4c1f-a191-5139cd8905fe	5	15532	1830863	887	-0.0354
e6622add-cc8b-4c1f-a191-5139cd8905fe	5	1833513	1838269	4	-1.683
e6622add-cc8b-4c1f-a191-5139cd8905fe	5	1838367	21376735	14606	0.0172
e6622add-cc8b-4c1f-a191-5139cd8905fe	5	21377730	21377744	2	-1.8893
e6622add-cc8b-4c1f-a191-5139cd8905fe	5	21385957	21449167	44	0.0973
e6622add-cc8b-4c1f-a191-5139cd8905fe	5	21451091	21452329	5	-2.0779
e6622add-cc8b-4c1f-a191-5139cd8905fe	5	21452387	27524345	3481	0.0168
e6622add-cc8b-4c1f-a191-5139cd8905fe	5	27525283	27528377	12	-0.7123
e6622add-cc8b-4c1f-a191-5139cd8905fe	5	27528507	46271006	11306	0.0077
e6622add-cc8b-4c1f-a191-5139cd8905fe	5	46271828	46273400	6	-2.5835
e6622add-cc8b-4c1f-a191-5139cd8905fe	5	46278110	58025759	5021	0.0085
e6622add-cc8b-4c1f-a191-5139cd8905fe	5	58025819	58036689	26	-0.6134
e6622add-cc8b-4c1f-a191-5139cd8905fe	5	58036727	63296119	3428	-0.0059
e6622add-cc8b-4c1f-a191-5139cd8905fe	5	63296924	63851195	317	0.1717
e6622add-cc8b-4c1f-a191-5139cd8905fe	5	63851801	99135668	19734	0
e6622add-cc8b-4c1f-a191-5139cd8905fe	5	99136916	100327928	695	0.1205
e6622add-cc8b-4c1f-a191-5139cd8905fe	5	100328823	111080988	6499	0.014
e6622add-cc8b-4c1f-a191-5139cd8905fe	5	111081162	111107216	29	0.7565
e6622add-cc8b-4c1f-a191-5139cd8905fe	5	111107582	116026451	3559	-0.0011
e6622add-cc8b-4c1f-a191-5139cd8905fe	5	116027908	116032337	4	-1.3741
e6622add-cc8b-4c1f-a191-5139cd8905fe	5	116034614	135692985	12500	0.0067
e6622add-cc8b-4c1f-a191-5139cd8905fe	5	135694015	135694462	2	-2.3141
e6622add-cc8b-4c1f-a191-5139cd8905fe	5	135695442	156049988	12875	-0.0039
e6622add-cc8b-4c1f-a191-5139cd8905fe	5	156051752	156068249	14	-0.8513
e6622add-cc8b-4c1f-a191-5139cd8905fe	5	156073982	169168751	8917	0.0068
e6622add-cc8b-4c1f-a191-5139cd8905fe	5	169168947	169183346	14	-0.6481
e6622add-cc8b-4c1f-a191-5139cd8905fe	5	169183375	176033084	5005	-0.003
e6622add-cc8b-4c1f-a191-5139cd8905fe	5	176038686	176042504	2	-3.028
e6622add-cc8b-4c1f-a191-5139cd8905fe	5	176043321	177800550	718	-0.0272
e6622add-cc8b-4c1f-a191-5139cd8905fe	5	177801578	177805604	2	3.6071
e6622add-cc8b-4c1f-a191-5139cd8905fe	5	177827964	179498842	948	-0.002
e6622add-cc8b-4c1f-a191-5139cd8905fe	5	179501760	179509721	6	-1.7535
e6622add-cc8b-4c1f-a191-5139cd8905fe	5	179510391	180947523	824	-0.0251
e6622add-cc8b-4c1f-a191-5139cd8905fe	5	180951710	180991103	19	-2.0859
e6622add-cc8b-4c1f-a191-5139cd8905fe	5	181006225	181363319	169	0.02
e6622add-cc8b-4c1f-a191-5139cd8905fe	6	149661	245247	85	-0.0293
e6622add-cc8b-4c1f-a191-5139cd8905fe	6	245798	378703	113	0.2888
e6622add-cc8b-4c1f-a191-5139cd8905fe	6	379015	29868462	21231	0.0028
e6622add-cc8b-4c1f-a191-5139cd8905fe	6	29868698	29869411	8	-1.0752
e6622add-cc8b-4c1f-a191-5139cd8905fe	6	29869537	29881490	14	1.6295
e6622add-cc8b-4c1f-a191-5139cd8905fe	6	29882419	29907031	7	-0.6418
e6622add-cc8b-4c1f-a191-5139cd8905fe	6	29909182	29931120	7	-6.3466
e6622add-cc8b-4c1f-a191-5139cd8905fe	6	29931900	29948709	12	-1.0527
e6622add-cc8b-4c1f-a191-5139cd8905fe	6	29948728	31313046	625	-0.0378
e6622add-cc8b-4c1f-a191-5139cd8905fe	6	31318499	31342147	11	1.1219
e6622add-cc8b-4c1f-a191-5139cd8905fe	6	31349570	32529429	502	0.0115
e6622add-cc8b-4c1f-a191-5139cd8905fe	6	32533522	32658841	48	-0.7162
e6622add-cc8b-4c1f-a191-5139cd8905fe	6	32682835	33970222	789	0.0051
e6622add-cc8b-4c1f-a191-5139cd8905fe	6	33970966	33974834	6	-1.2926
e6622add-cc8b-4c1f-a191-5139cd8905fe	6	33974928	35041241	562	0.0143
e6622add-cc8b-4c1f-a191-5139cd8905fe	6	35041261	35041376	2	-2.7362
e6622add-cc8b-4c1f-a191-5139cd8905fe	6	35041419	41462691	4350	-0.0065
e6622add-cc8b-4c1f-a191-5139cd8905fe	6	41462757	41462812	2	-1.9201
e6622add-cc8b-4c1f-a191-5139cd8905fe	6	41462834	46008061	2654	0.0027
e6622add-cc8b-4c1f-a191-5139cd8905fe	6	46010406	46010499	3	-1.7959
e6622add-cc8b-4c1f-a191-5139cd8905fe	6	46012820	51526816	3347	0.0085
e6622add-cc8b-4c1f-a191-5139cd8905fe	6	51527266	51527659	2	-1.83
e6622add-cc8b-4c1f-a191-5139cd8905fe	6	51527696	54066353	1828	0.0135
e6622add-cc8b-4c1f-a191-5139cd8905fe	6	54066432	54066621	4	1.2505
e6622add-cc8b-4c1f-a191-5139cd8905fe	6	54067005	57872553	1995	0.0132
e6622add-cc8b-4c1f-a191-5139cd8905fe	6	57874363	61563276	576	0.1214
e6622add-cc8b-4c1f-a191-5139cd8905fe	6	61563793	76726815	9487	0.0187
e6622add-cc8b-4c1f-a191-5139cd8905fe	6	76730151	76751356	22	0.5412
e6622add-cc8b-4c1f-a191-5139cd8905fe	6	76758214	78259388	968	0.029
e6622add-cc8b-4c1f-a191-5139cd8905fe	6	78261980	78325457	107	-0.5318
e6622add-cc8b-4c1f-a191-5139cd8905fe	6	78325468	82240418	2556	0.01
e6622add-cc8b-4c1f-a191-5139cd8905fe	6	82256502	82257458	2	-1.8289
e6622add-cc8b-4c1f-a191-5139cd8905fe	6	82257885	93759175	7247	0.0099
e6622add-cc8b-4c1f-a191-5139cd8905fe	6	93759318	94875932	732	0.1272
e6622add-cc8b-4c1f-a191-5139cd8905fe	6	94876263	170741917	48558	0.0045
e6622add-cc8b-4c1f-a191-5139cd8905fe	7	43355	63745	21	0.7102
e6622add-cc8b-4c1f-a191-5139cd8905fe	7	63762	65325	5	0.0205
e6622add-cc8b-4c1f-a191-5139cd8905fe	7	65503	68659	4	0.7992
e6622add-cc8b-4c1f-a191-5139cd8905fe	7	79263	896168	190	-0.0132
e6622add-cc8b-4c1f-a191-5139cd8905fe	7	902112	1124056	93	-0.2979
e6622add-cc8b-4c1f-a191-5139cd8905fe	7	1126510	8621395	4569	0.0029
e6622add-cc8b-4c1f-a191-5139cd8905fe	7	8621980	8626997	2	-2.4822
e6622add-cc8b-4c1f-a191-5139cd8905fe	7	8627460	8752365	94	-0.0207
e6622add-cc8b-4c1f-a191-5139cd8905fe	7	8756025	10595621	1452	0.0964
e6622add-cc8b-4c1f-a191-5139cd8905fe	7	10595698	16998364	5142	0.0177
e6622add-cc8b-4c1f-a191-5139cd8905fe	7	16999434	17748192	620	0.1239
e6622add-cc8b-4c1f-a191-5139cd8905fe	7	17754106	18915529	850	-0.0186
e6622add-cc8b-4c1f-a191-5139cd8905fe	7	18918058	19641896	800	0.1267
e6622add-cc8b-4c1f-a191-5139cd8905fe	7	19642525	31306668	8439	0.0026
e6622add-cc8b-4c1f-a191-5139cd8905fe	7	31306765	31306989	2	-2.2663
e6622add-cc8b-4c1f-a191-5139cd8905fe	7	31307122	38258721	4822	0.0007
e6622add-cc8b-4c1f-a191-5139cd8905fe	7	38263519	38347211	115	-0.4501
e6622add-cc8b-4c1f-a191-5139cd8905fe	7	38347842	49883761	7609	0.0065
e6622add-cc8b-4c1f-a191-5139cd8905fe	7	49883911	49884724	2	-2.097
e6622add-cc8b-4c1f-a191-5139cd8905fe	7	49889323	54318812	3275	0.0169
e6622add-cc8b-4c1f-a191-5139cd8905fe	7	54318816	54318824	5	1.7819
e6622add-cc8b-4c1f-a191-5139cd8905fe	7	54325795	88517017	15745	0.0164
e6622add-cc8b-4c1f-a191-5139cd8905fe	7	88521483	90223857	1128	0.1389
e6622add-cc8b-4c1f-a191-5139cd8905fe	7	90224640	101513729	6385	-0.0001
e6622add-cc8b-4c1f-a191-5139cd8905fe	7	101517777	101532539	10	-0.7885
e6622add-cc8b-4c1f-a191-5139cd8905fe	7	101532759	109793741	4932	0.0007
e6622add-cc8b-4c1f-a191-5139cd8905fe	7	109797035	109797717	16	-1.0605
e6622add-cc8b-4c1f-a191-5139cd8905fe	7	109800860	109801155	8	0.2116
e6622add-cc8b-4c1f-a191-5139cd8905fe	7	109801187	109813853	10	-2.3489
e6622add-cc8b-4c1f-a191-5139cd8905fe	7	109813925	142063324	19793	0.0069
e6622add-cc8b-4c1f-a191-5139cd8905fe	7	142069843	142092307	34	-0.7986
e6622add-cc8b-4c1f-a191-5139cd8905fe	7	142099190	142413505	256	-0.0015
e6622add-cc8b-4c1f-a191-5139cd8905fe	7	142414176	142415520	2	-1.9828
e6622add-cc8b-4c1f-a191-5139cd8905fe	7	142418298	159334314	10506	0.0106
e6622add-cc8b-4c1f-a191-5139cd8905fe	8	81254	643041	318	0.0096
e6622add-cc8b-4c1f-a191-5139cd8905fe	8	644944	645908	10	-1.3136
e6622add-cc8b-4c1f-a191-5139cd8905fe	8	656117	3954184	3033	0.0206
e6622add-cc8b-4c1f-a191-5139cd8905fe	8	3954290	3956868	5	-1.5876
e6622add-cc8b-4c1f-a191-5139cd8905fe	8	3956971	4145783	297	0.0069
e6622add-cc8b-4c1f-a191-5139cd8905fe	8	4145941	4145956	2	-3.3184
e6622add-cc8b-4c1f-a191-5139cd8905fe	8	4146039	6254088	2996	0.0679
e6622add-cc8b-4c1f-a191-5139cd8905fe	8	6254168	25114672	14583	0.0059
e6622add-cc8b-4c1f-a191-5139cd8905fe	8	25116928	25126818	27	-0.6714
e6622add-cc8b-4c1f-a191-5139cd8905fe	8	25133589	57204927	18098	0.0065
e6622add-cc8b-4c1f-a191-5139cd8905fe	8	57205493	57217466	3	-2.8902
e6622add-cc8b-4c1f-a191-5139cd8905fe	8	57220239	111269714	32493	0.0034
e6622add-cc8b-4c1f-a191-5139cd8905fe	8	111273113	111283031	15	0.6605
e6622add-cc8b-4c1f-a191-5139cd8905fe	8	111288052	114619814	1805	0.0033
e6622add-cc8b-4c1f-a191-5139cd8905fe	8	114622258	114626121	14	-0.8107
e6622add-cc8b-4c1f-a191-5139cd8905fe	8	114626166	114628679	9	0.0364
e6622add-cc8b-4c1f-a191-5139cd8905fe	8	114628759	114629502	12	-0.6321
e6622add-cc8b-4c1f-a191-5139cd8905fe	8	114638468	141291925	19267	-0.0031
e6622add-cc8b-4c1f-a191-5139cd8905fe	8	141292161	142423108	646	-0.1556
e6622add-cc8b-4c1f-a191-5139cd8905fe	8	142423309	144211103	605	0.0116
e6622add-cc8b-4c1f-a191-5139cd8905fe	8	144214680	144543846	96	-0.2326
e6622add-cc8b-4c1f-a191-5139cd8905fe	8	144544639	145072769	238	0.0172
e6622add-cc8b-4c1f-a191-5139cd8905fe	9	46587	602903	505	0.0616
e6622add-cc8b-4c1f-a191-5139cd8905fe	9	606699	606961	4	-1.5815
e6622add-cc8b-4c1f-a191-5139cd8905fe	9	607307	8001166	7127	0.0113
e6622add-cc8b-4c1f-a191-5139cd8905fe	9	8009205	8017065	11	-0.889
e6622add-cc8b-4c1f-a191-5139cd8905fe	9	8020572	10217683	2045	0.0196
e6622add-cc8b-4c1f-a191-5139cd8905fe	9	10223924	12617397	1912	0.1147
e6622add-cc8b-4c1f-a191-5139cd8905fe	9	12617803	23361807	8564	0.0017
e6622add-cc8b-4c1f-a191-5139cd8905fe	9	23363117	23372401	7	1.2104
e6622add-cc8b-4c1f-a191-5139cd8905fe	9	23373486	24285935	646	-0.0139
e6622add-cc8b-4c1f-a191-5139cd8905fe	9	24289046	31492913	5288	0.0367
e6622add-cc8b-4c1f-a191-5139cd8905fe	9	31492929	39342578	4680	-0.0107
e6622add-cc8b-4c1f-a191-5139cd8905fe	9	39342828	66146735	390	0.1521
e6622add-cc8b-4c1f-a191-5139cd8905fe	9	66170759	75921461	5388	0.0017
e6622add-cc8b-4c1f-a191-5139cd8905fe	9	75927578	75929231	3	1.3994
e6622add-cc8b-4c1f-a191-5139cd8905fe	9	75931495	77153394	1074	0.0142
e6622add-cc8b-4c1f-a191-5139cd8905fe	9	77153789	77162488	31	0.5078
e6622add-cc8b-4c1f-a191-5139cd8905fe	9	77171212	91639924	10258	-0.0001
e6622add-cc8b-4c1f-a191-5139cd8905fe	9	91639986	91641263	16	-0.9373
e6622add-cc8b-4c1f-a191-5139cd8905fe	9	91641428	102633811	6992	0.007
e6622add-cc8b-4c1f-a191-5139cd8905fe	9	102634262	103107547	348	0.1322
e6622add-cc8b-4c1f-a191-5139cd8905fe	9	103107902	124327496	15806	0.0023
e6622add-cc8b-4c1f-a191-5139cd8905fe	9	124327843	124335697	3	-1.7934
e6622add-cc8b-4c1f-a191-5139cd8905fe	9	124339534	131383392	3916	-0.013
e6622add-cc8b-4c1f-a191-5139cd8905fe	9	131385539	131390317	5	-1.3783
e6622add-cc8b-4c1f-a191-5139cd8905fe	9	131396628	138200944	3595	-0.009
e6622add-cc8b-4c1f-a191-5139cd8905fe	10	45792	20561184	16793	0.004
e6622add-cc8b-4c1f-a191-5139cd8905fe	10	20564272	20564574	3	-2.0805
e6622add-cc8b-4c1f-a191-5139cd8905fe	10	20564605	24086334	2171	-0.0009
e6622add-cc8b-4c1f-a191-5139cd8905fe	10	24088745	24089125	11	-1.7907
e6622add-cc8b-4c1f-a191-5139cd8905fe	10	24089979	26932703	1957	-0.0016
e6622add-cc8b-4c1f-a191-5139cd8905fe	10	26933028	26941064	17	-0.8052
e6622add-cc8b-4c1f-a191-5139cd8905fe	10	26941746	46257314	10274	0.0051
e6622add-cc8b-4c1f-a191-5139cd8905fe	10	46257331	46632302	153	-0.2113
e6622add-cc8b-4c1f-a191-5139cd8905fe	10	46657149	47460004	296	0.0449
e6622add-cc8b-4c1f-a191-5139cd8905fe	10	47559592	48079548	13	-0.853
e6622add-cc8b-4c1f-a191-5139cd8905fe	10	48079560	54850955	4914	0.0055
e6622add-cc8b-4c1f-a191-5139cd8905fe	10	54854572	56236076	924	0.093
e6622add-cc8b-4c1f-a191-5139cd8905fe	10	56236623	65546518	6406	0.0002
e6622add-cc8b-4c1f-a191-5139cd8905fe	10	65548165	65554688	27	-2.0697
e6622add-cc8b-4c1f-a191-5139cd8905fe	10	65563037	66289254	588	0.0281
e6622add-cc8b-4c1f-a191-5139cd8905fe	10	66289713	67189707	639	0.0957
e6622add-cc8b-4c1f-a191-5139cd8905fe	10	67193100	131348731	43336	0.0011
e6622add-cc8b-4c1f-a191-5139cd8905fe	10	131348922	131352375	2	-2.1074
e6622add-cc8b-4c1f-a191-5139cd8905fe	10	131354790	133654968	1188	-0.0172
e6622add-cc8b-4c1f-a191-5139cd8905fe	11	198510	4946021	2380	0.0024
e6622add-cc8b-4c1f-a191-5139cd8905fe	11	4946166	4955042	31	0.7785
e6622add-cc8b-4c1f-a191-5139cd8905fe	11	4955781	5499745	530	0.0319
e6622add-cc8b-4c1f-a191-5139cd8905fe	11	5500921	5502363	7	-0.9285
e6622add-cc8b-4c1f-a191-5139cd8905fe	11	5503234	6096746	509	0.0323
e6622add-cc8b-4c1f-a191-5139cd8905fe	11	6099417	6100864	2	2.0571
e6622add-cc8b-4c1f-a191-5139cd8905fe	11	6101273	6980149	618	0.0183
e6622add-cc8b-4c1f-a191-5139cd8905fe	11	6986493	6987232	2	-2.4187
e6622add-cc8b-4c1f-a191-5139cd8905fe	11	6987245	18929590	8430	-0.0038
e6622add-cc8b-4c1f-a191-5139cd8905fe	11	18929959	18937343	19	-0.5274
e6622add-cc8b-4c1f-a191-5139cd8905fe	11	18938477	37121591	13331	0.006
e6622add-cc8b-4c1f-a191-5139cd8905fe	11	37121609	37837408	442	0.1345
e6622add-cc8b-4c1f-a191-5139cd8905fe	11	37837839	49816812	7112	0.0047
e6622add-cc8b-4c1f-a191-5139cd8905fe	11	49818589	56298558	1151	0.121
e6622add-cc8b-4c1f-a191-5139cd8905fe	11	56302253	135074876	51301	0
e6622add-cc8b-4c1f-a191-5139cd8905fe	12	51460	228278	101	-0.1654
e6622add-cc8b-4c1f-a191-5139cd8905fe	12	229307	9290254	5925	-0.0014
e6622add-cc8b-4c1f-a191-5139cd8905fe	12	9301952	9481274	82	-0.2092
e6622add-cc8b-4c1f-a191-5139cd8905fe	12	9485313	9575696	22	-1.8747
e6622add-cc8b-4c1f-a191-5139cd8905fe	12	9582373	11351157	1166	-0.0057
e6622add-cc8b-4c1f-a191-5139cd8905fe	12	11358643	11411194	41	0.5583
e6622add-cc8b-4c1f-a191-5139cd8905fe	12	11411577	33141726	15198	0.006
e6622add-cc8b-4c1f-a191-5139cd8905fe	12	33148472	33227031	70	0.4059
e6622add-cc8b-4c1f-a191-5139cd8905fe	12	33232895	37946621	829	0.0468
e6622add-cc8b-4c1f-a191-5139cd8905fe	12	37953126	37999454	10	-0.7688
e6622add-cc8b-4c1f-a191-5139cd8905fe	12	37999507	45506042	4651	0.0189
e6622add-cc8b-4c1f-a191-5139cd8905fe	12	45510655	45515754	4	-2.3012
e6622add-cc8b-4c1f-a191-5139cd8905fe	12	45519509	131636170	55278	0.0014
e6622add-cc8b-4c1f-a191-5139cd8905fe	12	131648039	131648790	13	-0.9051
e6622add-cc8b-4c1f-a191-5139cd8905fe	12	131657925	133201603	553	-0.0153
e6622add-cc8b-4c1f-a191-5139cd8905fe	13	18452809	18744226	69	0.1039
e6622add-cc8b-4c1f-a191-5139cd8905fe	13	18744498	18795296	7	-0.8653
e6622add-cc8b-4c1f-a191-5139cd8905fe	13	18821498	19547319	450	0.0364
e6622add-cc8b-4c1f-a191-5139cd8905fe	13	19549755	19549770	2	3.5625
e6622add-cc8b-4c1f-a191-5139cd8905fe	13	19550361	31957984	8918	0.01
e6622add-cc8b-4c1f-a191-5139cd8905fe	13	31958485	31964286	18	-1.0997
e6622add-cc8b-4c1f-a191-5139cd8905fe	13	31965910	37496998	3848	-0.0044
e6622add-cc8b-4c1f-a191-5139cd8905fe	13	37497899	37510620	16	0.8433
e6622add-cc8b-4c1f-a191-5139cd8905fe	13	37514193	42975885	3833	0.003
e6622add-cc8b-4c1f-a191-5139cd8905fe	13	42976107	42980804	3	-1.9137
e6622add-cc8b-4c1f-a191-5139cd8905fe	13	42984536	49618746	4412	-0.0024
e6622add-cc8b-4c1f-a191-5139cd8905fe	13	49620708	49621746	2	-1.8131
e6622add-cc8b-4c1f-a191-5139cd8905fe	13	49622696	63419745	7783	0.0165
e6622add-cc8b-4c1f-a191-5139cd8905fe	13	63419990	64350886	540	0.1373
e6622add-cc8b-4c1f-a191-5139cd8905fe	13	64351333	114342922	33503	0.0081
e6622add-cc8b-4c1f-a191-5139cd8905fe	14	18239283	18625765	13	0.105
e6622add-cc8b-4c1f-a191-5139cd8905fe	14	18639714	19956767	154	0.8038
e6622add-cc8b-4c1f-a191-5139cd8905fe	14	19957350	21965209	1382	0.01
e6622add-cc8b-4c1f-a191-5139cd8905fe	14	21965637	22530451	474	-0.284
e6622add-cc8b-4c1f-a191-5139cd8905fe	14	22530591	42582200	12470	0.01
e6622add-cc8b-4c1f-a191-5139cd8905fe	14	42582297	45966844	1863	0.075
e6622add-cc8b-4c1f-a191-5139cd8905fe	14	45966998	106418444	38205	-0.0012
e6622add-cc8b-4c1f-a191-5139cd8905fe	14	106423925	106475361	50	-0.4386
e6622add-cc8b-4c1f-a191-5139cd8905fe	14	106487515	106877229	191	0.0305
e6622add-cc8b-4c1f-a191-5139cd8905fe	15	19811075	61392006	24538	0.0044
e6622add-cc8b-4c1f-a191-5139cd8905fe	15	61395970	61405782	17	-1.2534
e6622add-cc8b-4c1f-a191-5139cd8905fe	15	61408185	76599170	9012	-0.0053
e6622add-cc8b-4c1f-a191-5139cd8905fe	15	76599286	76603434	20	0.7721
e6622add-cc8b-4c1f-a191-5139cd8905fe	15	76609838	101928837	17421	-0.0001
e6622add-cc8b-4c1f-a191-5139cd8905fe	16	10777	6060250	3162	-0.0297
e6622add-cc8b-4c1f-a191-5139cd8905fe	16	6060690	7950602	2367	0.0472
e6622add-cc8b-4c1f-a191-5139cd8905fe	16	7951776	35225156	14420	-0.0107
e6622add-cc8b-4c1f-a191-5139cd8905fe	16	35225230	35522700	170	0.5915
e6622add-cc8b-4c1f-a191-5139cd8905fe	16	35526596	55762682	6530	0.0041
e6622add-cc8b-4c1f-a191-5139cd8905fe	16	55764310	55764867	3	2.6137
e6622add-cc8b-4c1f-a191-5139cd8905fe	16	55770436	67455724	7479	-0.0062
e6622add-cc8b-4c1f-a191-5139cd8905fe	16	67455954	67461832	4	-1.9222
e6622add-cc8b-4c1f-a191-5139cd8905fe	16	67463671	84187619	13072	-0.0015
e6622add-cc8b-4c1f-a191-5139cd8905fe	16	84189232	84646470	446	-0.1373
e6622add-cc8b-4c1f-a191-5139cd8905fe	16	84652807	88066715	2813	-0.0277
e6622add-cc8b-4c1f-a191-5139cd8905fe	16	88070485	90036627	784	-0.1304
e6622add-cc8b-4c1f-a191-5139cd8905fe	16	90036709	90096867	45	0.0755
e6622add-cc8b-4c1f-a191-5139cd8905fe	17	150733	18452078	11274	-0.0016
e6622add-cc8b-4c1f-a191-5139cd8905fe	17	18455632	18561272	25	-1.6263
e6622add-cc8b-4c1f-a191-5139cd8905fe	17	18561907	28452035	2239	0.0021
e6622add-cc8b-4c1f-a191-5139cd8905fe	17	28454323	28455301	2	-2.281
e6622add-cc8b-4c1f-a191-5139cd8905fe	17	28462253	41251729	7051	-0.0064
e6622add-cc8b-4c1f-a191-5139cd8905fe	17	41257158	41273934	27	-0.5979
e6622add-cc8b-4c1f-a191-5139cd8905fe	17	41274279	46085231	2474	-0.0123
e6622add-cc8b-4c1f-a191-5139cd8905fe	17	46085732	46571001	131	0.6992
e6622add-cc8b-4c1f-a191-5139cd8905fe	17	46664059	52889536	3553	-0.0037
e6622add-cc8b-4c1f-a191-5139cd8905fe	17	52889852	53262017	233	0.1695
e6622add-cc8b-4c1f-a191-5139cd8905fe	17	53264781	83091923	17567	-0.0112
e6622add-cc8b-4c1f-a191-5139cd8905fe	18	48133	31753223	16887	0.013
e6622add-cc8b-4c1f-a191-5139cd8905fe	18	31755224	31944286	93	0.6121
e6622add-cc8b-4c1f-a191-5139cd8905fe	18	31945063	32126915	147	-0.0229
e6622add-cc8b-4c1f-a191-5139cd8905fe	18	32132023	32318058	119	0.6168
e6622add-cc8b-4c1f-a191-5139cd8905fe	18	32318949	40680516	5324	0.0137
e6622add-cc8b-4c1f-a191-5139cd8905fe	18	40680526	40685425	14	-1.9177
e6622add-cc8b-4c1f-a191-5139cd8905fe	18	40689534	65532801	16942	0.0038
e6622add-cc8b-4c1f-a191-5139cd8905fe	18	65532809	66251182	557	0.1323
e6622add-cc8b-4c1f-a191-5139cd8905fe	18	66251274	70934416	3306	0.032
e6622add-cc8b-4c1f-a191-5139cd8905fe	18	70935546	73714097	2141	0.1199
e6622add-cc8b-4c1f-a191-5139cd8905fe	18	73714184	80257174	4673	-0.0046
e6622add-cc8b-4c1f-a191-5139cd8905fe	19	90910	58586487	28880	0.0041
e6622add-cc8b-4c1f-a191-5139cd8905fe	20	80664	1580353	1189	-0.0065
e6622add-cc8b-4c1f-a191-5139cd8905fe	20	1580934	1581021	2	-2.3314
e6622add-cc8b-4c1f-a191-5139cd8905fe	20	1586808	1643412	68	-0.2647
e6622add-cc8b-4c1f-a191-5139cd8905fe	20	1646146	30193847	18525	0.0089
e6622add-cc8b-4c1f-a191-5139cd8905fe	20	30206919	30258062	12	-0.7236
e6622add-cc8b-4c1f-a191-5139cd8905fe	20	30259177	63556063	21788	-0.0042
e6622add-cc8b-4c1f-a191-5139cd8905fe	20	63556289	63751033	96	-0.1388
e6622add-cc8b-4c1f-a191-5139cd8905fe	20	63754093	63754597	3	-1.1599
e6622add-cc8b-4c1f-a191-5139cd8905fe	20	63756064	64324800	227	-0.0867
e6622add-cc8b-4c1f-a191-5139cd8905fe	21	10354168	10558331	52	0.2619
e6622add-cc8b-4c1f-a191-5139cd8905fe	21	10559033	13227761	69	-0.2263
e6622add-cc8b-4c1f-a191-5139cd8905fe	21	13231256	13418276	86	0.091
e6622add-cc8b-4c1f-a191-5139cd8905fe	21	13418412	13966152	109	0.2387
e6622add-cc8b-4c1f-a191-5139cd8905fe	21	13968218	22371115	5991	0.0123
e6622add-cc8b-4c1f-a191-5139cd8905fe	21	22371767	23270950	687	0.1357
e6622add-cc8b-4c1f-a191-5139cd8905fe	21	23271314	46677045	16613	-0.0015
e6622add-cc8b-4c1f-a191-5139cd8905fe	22	15294547	50796027	23069	-0.0202
e6622add-cc8b-4c1f-a191-5139cd8905fe	X	251810	9655799	5231	0.0125
e6622add-cc8b-4c1f-a191-5139cd8905fe	X	9656912	9657887	2	-4.2059
e6622add-cc8b-4c1f-a191-5139cd8905fe	X	9657918	34491088	16001	-0.007
e6622add-cc8b-4c1f-a191-5139cd8905fe	X	34491428	34494528	2	-5.2548
e6622add-cc8b-4c1f-a191-5139cd8905fe	X	34494606	39236706	2716	-0.0112
e6622add-cc8b-4c1f-a191-5139cd8905fe	X	39237403	39238844	2	-4.5591
e6622add-cc8b-4c1f-a191-5139cd8905fe	X	39240300	155952689	58512	0.0013
e6622add-cc8b-4c1f-a191-5139cd8905fe	Y	2782397	24320966	6425	-0.8906
e6622add-cc8b-4c1f-a191-5139cd8905fe	Y	24452555	24467119	2	1.1722
e6622add-cc8b-4c1f-a191-5139cd8905fe	Y	24472988	56872112	185	-0.7835
