GDC_Aliquot	Chromosome	Start	End	Num_Probes	Segment_Mean
7b73c688-7bac-4933-aa15-430f125973fa	1	62920	26518812	14537	-0.2071
7b73c688-7bac-4933-aa15-430f125973fa	1	26520279	26522133	4	-2.561
7b73c688-7bac-4933-aa15-430f125973fa	1	26523804	30445720	1968	-0.1924
7b73c688-7bac-4933-aa15-430f125973fa	1	30448028	30450576	4	-1.7406
7b73c688-7bac-4933-aa15-430f125973fa	1	30450939	53554517	12787	-0.2004
7b73c688-7bac-4933-aa15-430f125973fa	1	53554869	53560571	2	-2.1333
7b73c688-7bac-4933-aa15-430f125973fa	1	53561879	57187484	2702	-0.2032
7b73c688-7bac-4933-aa15-430f125973fa	1	57188224	57188987	3	-1.8226
7b73c688-7bac-4933-aa15-430f125973fa	1	57192363	72303233	10626	-0.2017
7b73c688-7bac-4933-aa15-430f125973fa	1	72303253	72346221	46	-1.2851
7b73c688-7bac-4933-aa15-430f125973fa	1	72346757	109690352	23565	-0.1938
7b73c688-7bac-4933-aa15-430f125973fa	1	109690415	109697556	12	-1.3281
7b73c688-7bac-4933-aa15-430f125973fa	1	109702376	110834746	834	-0.1951
7b73c688-7bac-4933-aa15-430f125973fa	1	110834943	110834953	4	-2.2269
7b73c688-7bac-4933-aa15-430f125973fa	1	110836273	110836933	11	-3.6908
7b73c688-7bac-4933-aa15-430f125973fa	1	110836951	110845604	23	-2.2102
7b73c688-7bac-4933-aa15-430f125973fa	1	110849445	112147704	1069	-0.2011
7b73c688-7bac-4933-aa15-430f125973fa	1	112153343	112163583	36	0.4467
7b73c688-7bac-4933-aa15-430f125973fa	1	112163591	143494500	5144	-0.2024
7b73c688-7bac-4933-aa15-430f125973fa	1	143541857	143928045	125	-0.8794
7b73c688-7bac-4933-aa15-430f125973fa	1	143942271	152583230	2311	-0.1682
7b73c688-7bac-4933-aa15-430f125973fa	1	152583291	152614118	34	-2.2633
7b73c688-7bac-4933-aa15-430f125973fa	1	152618018	160176383	4650	-0.199
7b73c688-7bac-4933-aa15-430f125973fa	1	160176704	160177153	3	-2.0651
7b73c688-7bac-4933-aa15-430f125973fa	1	160178881	169247699	6800	-0.1977
7b73c688-7bac-4933-aa15-430f125973fa	1	169264736	169272528	7	-2.4218
7b73c688-7bac-4933-aa15-430f125973fa	1	169273163	174827267	3512	-0.2009
7b73c688-7bac-4933-aa15-430f125973fa	1	174827418	174832734	18	-0.7441
7b73c688-7bac-4933-aa15-430f125973fa	1	174832782	188574691	9191	-0.2032
7b73c688-7bac-4933-aa15-430f125973fa	1	188575056	197157898	5653	-0.1541
7b73c688-7bac-4933-aa15-430f125973fa	1	197158448	206603613	6030	-0.2137
7b73c688-7bac-4933-aa15-430f125973fa	1	206605975	206610114	4	-1.7717
7b73c688-7bac-4933-aa15-430f125973fa	1	206611170	223470919	11865	-0.1997
7b73c688-7bac-4933-aa15-430f125973fa	1	223471064	223471914	4	-1.9484
7b73c688-7bac-4933-aa15-430f125973fa	1	223472019	248930189	17612	-0.1994
7b73c688-7bac-4933-aa15-430f125973fa	2	12784	4158097	2985	0.3267
7b73c688-7bac-4933-aa15-430f125973fa	2	4166274	4176429	42	-0.7721
7b73c688-7bac-4933-aa15-430f125973fa	2	4182472	35357402	21626	0.3253
7b73c688-7bac-4933-aa15-430f125973fa	2	35358251	35795251	358	0.4551
7b73c688-7bac-4933-aa15-430f125973fa	2	35795412	37750977	1528	0.328
7b73c688-7bac-4933-aa15-430f125973fa	2	37751065	37771545	15	0.8741
7b73c688-7bac-4933-aa15-430f125973fa	2	37771787	50710390	9301	0.3158
7b73c688-7bac-4933-aa15-430f125973fa	2	50710995	51088880	248	0.539
7b73c688-7bac-4933-aa15-430f125973fa	2	51088922	52035575	663	0.3494
7b73c688-7bac-4933-aa15-430f125973fa	2	52035794	52324899	175	0.5137
7b73c688-7bac-4933-aa15-430f125973fa	2	52325159	52527743	154	0.3551
7b73c688-7bac-4933-aa15-430f125973fa	2	52531615	52554404	33	0.9904
7b73c688-7bac-4933-aa15-430f125973fa	2	52560811	54255416	1277	0.3477
7b73c688-7bac-4933-aa15-430f125973fa	2	54255805	54259004	3	-1.1712
7b73c688-7bac-4933-aa15-430f125973fa	2	54259514	57179732	2082	0.3247
7b73c688-7bac-4933-aa15-430f125973fa	2	57180143	57200818	39	0.745
7b73c688-7bac-4933-aa15-430f125973fa	2	57202788	76947719	12354	0.3254
7b73c688-7bac-4933-aa15-430f125973fa	2	76947861	76975053	42	0.6689
7b73c688-7bac-4933-aa15-430f125973fa	2	76975243	77746919	483	0.3485
7b73c688-7bac-4933-aa15-430f125973fa	2	77749572	77774293	49	0.7153
7b73c688-7bac-4933-aa15-430f125973fa	2	77774440	79357930	1039	0.3904
7b73c688-7bac-4933-aa15-430f125973fa	2	79361063	79362794	4	-0.9462
7b73c688-7bac-4933-aa15-430f125973fa	2	79364151	79444098	75	0.4919
7b73c688-7bac-4933-aa15-430f125973fa	2	79444726	88848016	5150	0.327
7b73c688-7bac-4933-aa15-430f125973fa	2	88848037	90203210	267	0.5057
7b73c688-7bac-4933-aa15-430f125973fa	2	90203402	106258266	6535	0.3142
7b73c688-7bac-4933-aa15-430f125973fa	2	106263639	106270799	13	-2.4119
7b73c688-7bac-4933-aa15-430f125973fa	2	106270952	110179524	2152	0.3245
7b73c688-7bac-4933-aa15-430f125973fa	2	110184573	110191375	4	-0.8291
7b73c688-7bac-4933-aa15-430f125973fa	2	110197225	111311200	430	0.3231
7b73c688-7bac-4933-aa15-430f125973fa	2	111312123	111331380	2	1.5024
7b73c688-7bac-4933-aa15-430f125973fa	2	111341356	113604438	1191	0.3086
7b73c688-7bac-4933-aa15-430f125973fa	2	113604837	113623244	3	1.6234
7b73c688-7bac-4933-aa15-430f125973fa	2	113625975	114642607	622	0.3215
7b73c688-7bac-4933-aa15-430f125973fa	2	114642705	114645637	11	0.9832
7b73c688-7bac-4933-aa15-430f125973fa	2	114645655	115621166	592	0.3305
7b73c688-7bac-4933-aa15-430f125973fa	2	115625354	117440455	1099	0.3943
7b73c688-7bac-4933-aa15-430f125973fa	2	117440626	123170916	3730	0.3138
7b73c688-7bac-4933-aa15-430f125973fa	2	123172159	123589745	295	0.4619
7b73c688-7bac-4933-aa15-430f125973fa	2	123596850	124584499	653	0.3322
7b73c688-7bac-4933-aa15-430f125973fa	2	124585060	125313688	426	0.4433
7b73c688-7bac-4933-aa15-430f125973fa	2	125319206	128881337	2170	0.3187
7b73c688-7bac-4933-aa15-430f125973fa	2	128881387	128882723	9	-0.6904
7b73c688-7bac-4933-aa15-430f125973fa	2	128882741	137707521	5252	0.3227
7b73c688-7bac-4933-aa15-430f125973fa	2	137708915	137868524	90	0.5853
7b73c688-7bac-4933-aa15-430f125973fa	2	137868548	138033119	115	0.3061
7b73c688-7bac-4933-aa15-430f125973fa	2	138034591	138297141	145	0.5357
7b73c688-7bac-4933-aa15-430f125973fa	2	138299535	150174288	7098	0.3274
7b73c688-7bac-4933-aa15-430f125973fa	2	150174937	150179238	4	-1.0967
7b73c688-7bac-4933-aa15-430f125973fa	2	150181218	183181607	20536	0.3193
7b73c688-7bac-4933-aa15-430f125973fa	2	183181920	188719237	3122	0.3671
7b73c688-7bac-4933-aa15-430f125973fa	2	188719298	192226117	2131	0.3217
7b73c688-7bac-4933-aa15-430f125973fa	2	192228956	195584739	1777	0.4007
7b73c688-7bac-4933-aa15-430f125973fa	2	195584753	212297443	10121	0.3204
7b73c688-7bac-4933-aa15-430f125973fa	2	212297575	212333723	70	0.5847
7b73c688-7bac-4933-aa15-430f125973fa	2	212334262	241829234	18841	0.3159
7b73c688-7bac-4933-aa15-430f125973fa	2	241830518	241832881	4	1.5713
7b73c688-7bac-4933-aa15-430f125973fa	2	241840119	242147305	131	0.3913
7b73c688-7bac-4933-aa15-430f125973fa	3	20930	6604856	5810	0.3662
7b73c688-7bac-4933-aa15-430f125973fa	3	6609441	6611645	23	-0.6703
7b73c688-7bac-4933-aa15-430f125973fa	3	6613391	13579496	5310	0.3403
7b73c688-7bac-4933-aa15-430f125973fa	3	13579820	13583399	6	-0.5778
7b73c688-7bac-4933-aa15-430f125973fa	3	13584264	16195240	1731	0.3469
7b73c688-7bac-4933-aa15-430f125973fa	3	16195501	16202089	11	-0.3836
7b73c688-7bac-4933-aa15-430f125973fa	3	16202845	46750055	20261	0.3485
7b73c688-7bac-4933-aa15-430f125973fa	3	46751887	46771582	21	0.8743
7b73c688-7bac-4933-aa15-430f125973fa	3	46776750	47519373	308	0.3922
7b73c688-7bac-4933-aa15-430f125973fa	3	47519421	59921871	6998	0.3275
7b73c688-7bac-4933-aa15-430f125973fa	3	59923589	59960658	43	0.0555
7b73c688-7bac-4933-aa15-430f125973fa	3	59960743	59985271	45	0.6418
7b73c688-7bac-4933-aa15-430f125973fa	3	59986051	60052906	116	0.2164
7b73c688-7bac-4933-aa15-430f125973fa	3	60053285	60719457	740	0.4283
7b73c688-7bac-4933-aa15-430f125973fa	3	60723255	75951982	11385	0.3323
7b73c688-7bac-4933-aa15-430f125973fa	3	75953057	81546941	3278	0.36
7b73c688-7bac-4933-aa15-430f125973fa	3	81546953	81548156	2	-1.0629
7b73c688-7bac-4933-aa15-430f125973fa	3	81551646	87784025	3346	0.3749
7b73c688-7bac-4933-aa15-430f125973fa	3	87785260	87805127	9	-0.2578
7b73c688-7bac-4933-aa15-430f125973fa	3	87805891	89337324	926	0.3488
7b73c688-7bac-4933-aa15-430f125973fa	3	89337641	89368137	53	0.6363
7b73c688-7bac-4933-aa15-430f125973fa	3	89370214	95737262	1383	0.362
7b73c688-7bac-4933-aa15-430f125973fa	3	95748036	95749266	2	1.899
7b73c688-7bac-4933-aa15-430f125973fa	3	95749836	98942426	1665	0.3582
7b73c688-7bac-4933-aa15-430f125973fa	3	98944952	98945155	2	-0.9006
7b73c688-7bac-4933-aa15-430f125973fa	3	98945207	99218940	178	0.3516
7b73c688-7bac-4933-aa15-430f125973fa	3	99225614	99230577	38	0.9112
7b73c688-7bac-4933-aa15-430f125973fa	3	99232120	108877854	5813	0.3385
7b73c688-7bac-4933-aa15-430f125973fa	3	108878889	109131278	179	0.5333
7b73c688-7bac-4933-aa15-430f125973fa	3	109132353	142100042	20165	0.3366
7b73c688-7bac-4933-aa15-430f125973fa	3	142102103	142202635	52	0.6122
7b73c688-7bac-4933-aa15-430f125973fa	3	142206061	146674197	2902	0.3575
7b73c688-7bac-4933-aa15-430f125973fa	3	146675288	147970210	695	0.4871
7b73c688-7bac-4933-aa15-430f125973fa	3	147972924	154600033	4217	0.3525
7b73c688-7bac-4933-aa15-430f125973fa	3	154600661	154642579	21	0.7802
7b73c688-7bac-4933-aa15-430f125973fa	3	154643302	162420211	4659	0.3459
7b73c688-7bac-4933-aa15-430f125973fa	3	162420319	162426600	9	1.0488
7b73c688-7bac-4933-aa15-430f125973fa	3	162426617	162794951	258	0.3716
7b73c688-7bac-4933-aa15-430f125973fa	3	162795304	162807070	10	1.2666
7b73c688-7bac-4933-aa15-430f125973fa	3	162810842	162815162	4	-0.4856
7b73c688-7bac-4933-aa15-430f125973fa	3	162816942	162822685	5	-1.9722
7b73c688-7bac-4933-aa15-430f125973fa	3	162822702	162906109	47	1.0228
7b73c688-7bac-4933-aa15-430f125973fa	3	162908192	162908815	4	-1.7139
7b73c688-7bac-4933-aa15-430f125973fa	3	162910826	162996729	70	0.5094
7b73c688-7bac-4933-aa15-430f125973fa	3	162999939	163001774	2	-3.385
7b73c688-7bac-4933-aa15-430f125973fa	3	163008371	164985104	1079	0.3706
7b73c688-7bac-4933-aa15-430f125973fa	3	164985165	165158715	77	0.6318
7b73c688-7bac-4933-aa15-430f125973fa	3	165159216	165563104	266	0.4024
7b73c688-7bac-4933-aa15-430f125973fa	3	165564575	165579837	21	0.8736
7b73c688-7bac-4933-aa15-430f125973fa	3	165579861	165788098	135	0.3068
7b73c688-7bac-4933-aa15-430f125973fa	3	165788201	166123145	187	0.5243
7b73c688-7bac-4933-aa15-430f125973fa	3	166130045	166362635	162	0.3633
7b73c688-7bac-4933-aa15-430f125973fa	3	166364813	166414600	34	0.6165
7b73c688-7bac-4933-aa15-430f125973fa	3	166417480	168191515	914	0.3647
7b73c688-7bac-4933-aa15-430f125973fa	3	168191794	168210319	9	1.0502
7b73c688-7bac-4933-aa15-430f125973fa	3	168214145	171803823	2271	0.3452
7b73c688-7bac-4933-aa15-430f125973fa	3	171807918	171945697	90	0.5443
7b73c688-7bac-4933-aa15-430f125973fa	3	171951739	173436026	963	0.3282
7b73c688-7bac-4933-aa15-430f125973fa	3	173436069	173935237	354	0.4731
7b73c688-7bac-4933-aa15-430f125973fa	3	173936145	175362822	1017	0.3389
7b73c688-7bac-4933-aa15-430f125973fa	3	175362958	175363437	4	-3.4795
7b73c688-7bac-4933-aa15-430f125973fa	3	175363536	179169801	2374	0.3742
7b73c688-7bac-4933-aa15-430f125973fa	3	179169846	179170377	8	1.1259
7b73c688-7bac-4933-aa15-430f125973fa	3	179174436	183486320	2452	0.3416
7b73c688-7bac-4933-aa15-430f125973fa	3	183487373	183488149	2	-1.4279
7b73c688-7bac-4933-aa15-430f125973fa	3	183488603	193160113	6659	0.3396
7b73c688-7bac-4933-aa15-430f125973fa	3	193160173	193165114	19	1.8312
7b73c688-7bac-4933-aa15-430f125973fa	3	193168646	193416596	177	0.3655
7b73c688-7bac-4933-aa15-430f125973fa	3	193425505	193426083	7	1.143
7b73c688-7bac-4933-aa15-430f125973fa	3	193426315	194879838	958	0.34
7b73c688-7bac-4933-aa15-430f125973fa	3	194883193	194883325	2	-1.0895
7b73c688-7bac-4933-aa15-430f125973fa	3	194885923	194913859	16	0.5873
7b73c688-7bac-4933-aa15-430f125973fa	3	194920587	194921116	5	-0.9965
7b73c688-7bac-4933-aa15-430f125973fa	3	194921751	196534306	707	0.3171
7b73c688-7bac-4933-aa15-430f125973fa	3	196535323	196537842	2	-1.9364
7b73c688-7bac-4933-aa15-430f125973fa	3	196538022	198111566	803	0.418
7b73c688-7bac-4933-aa15-430f125973fa	3	198118345	198169247	17	-0.3428
7b73c688-7bac-4933-aa15-430f125973fa	4	68929	34784878	22657	-0.2
7b73c688-7bac-4933-aa15-430f125973fa	4	34785333	34823103	37	-2.5918
7b73c688-7bac-4933-aa15-430f125973fa	4	34828250	43145497	5524	-0.2044
7b73c688-7bac-4933-aa15-430f125973fa	4	43146144	43148055	4	-1.4985
7b73c688-7bac-4933-aa15-430f125973fa	4	43154418	46194361	1749	-0.1642
7b73c688-7bac-4933-aa15-430f125973fa	4	46202166	46203069	2	1.2287
7b73c688-7bac-4933-aa15-430f125973fa	4	46204657	48093249	1042	-0.1893
7b73c688-7bac-4933-aa15-430f125973fa	4	48094764	51819878	659	-0.0419
7b73c688-7bac-4933-aa15-430f125973fa	4	51820017	57732389	4016	-0.2139
7b73c688-7bac-4933-aa15-430f125973fa	4	57733549	66167787	5087	-0.1688
7b73c688-7bac-4933-aa15-430f125973fa	4	66168016	66168257	2	-1.7412
7b73c688-7bac-4933-aa15-430f125973fa	4	66168654	66895918	426	-0.1607
7b73c688-7bac-4933-aa15-430f125973fa	4	66896307	68352434	892	-0.207
7b73c688-7bac-4933-aa15-430f125973fa	4	68354665	68422424	13	-0.8406
7b73c688-7bac-4933-aa15-430f125973fa	4	68429081	68501424	11	-0.1058
7b73c688-7bac-4933-aa15-430f125973fa	4	68506285	68726064	76	0.3777
7b73c688-7bac-4933-aa15-430f125973fa	4	68729873	105303103	22170	-0.1987
7b73c688-7bac-4933-aa15-430f125973fa	4	105305492	105305590	2	-3.56
7b73c688-7bac-4933-aa15-430f125973fa	4	105306855	114252500	5464	-0.2081
7b73c688-7bac-4933-aa15-430f125973fa	4	114252544	114261019	24	0.8113
7b73c688-7bac-4933-aa15-430f125973fa	4	114263073	115243304	604	-0.1969
7b73c688-7bac-4933-aa15-430f125973fa	4	115244564	115259214	31	0.166
7b73c688-7bac-4933-aa15-430f125973fa	4	115259399	115761439	280	-0.1642
7b73c688-7bac-4933-aa15-430f125973fa	4	115763683	115844321	45	0.1985
7b73c688-7bac-4933-aa15-430f125973fa	4	115846229	131025220	8951	-0.1929
7b73c688-7bac-4933-aa15-430f125973fa	4	131026655	131430500	200	0.0157
7b73c688-7bac-4933-aa15-430f125973fa	4	131433180	137319903	3283	-0.1646
7b73c688-7bac-4933-aa15-430f125973fa	4	137321319	143908648	4245	-0.2044
7b73c688-7bac-4933-aa15-430f125973fa	4	143909639	144111743	99	-0.0023
7b73c688-7bac-4933-aa15-430f125973fa	4	144121880	155955970	6989	-0.2074
7b73c688-7bac-4933-aa15-430f125973fa	4	155956021	155958987	19	0.2806
7b73c688-7bac-4933-aa15-430f125973fa	4	155959196	159537428	2186	-0.1948
7b73c688-7bac-4933-aa15-430f125973fa	4	159539775	160119586	332	-0.1784
7b73c688-7bac-4933-aa15-430f125973fa	4	160120116	160149615	40	0.1112
7b73c688-7bac-4933-aa15-430f125973fa	4	160149637	160952773	590	-0.174
7b73c688-7bac-4933-aa15-430f125973fa	4	160952788	160963756	23	0.5897
7b73c688-7bac-4933-aa15-430f125973fa	4	160963767	164767905	2493	-0.1717
7b73c688-7bac-4933-aa15-430f125973fa	4	164770175	164778572	14	0.383
7b73c688-7bac-4933-aa15-430f125973fa	4	164779137	166239308	917	-0.1836
7b73c688-7bac-4933-aa15-430f125973fa	4	166239831	166250893	9	0.4236
7b73c688-7bac-4933-aa15-430f125973fa	4	166253724	167874528	907	-0.1744
7b73c688-7bac-4933-aa15-430f125973fa	4	167874742	167907824	46	0.1633
7b73c688-7bac-4933-aa15-430f125973fa	4	167907838	167930470	22	-0.4742
7b73c688-7bac-4933-aa15-430f125973fa	4	167931715	168070637	97	0.0462
7b73c688-7bac-4933-aa15-430f125973fa	4	168071290	171448195	2145	-0.2114
7b73c688-7bac-4933-aa15-430f125973fa	4	171453733	171456307	9	0.7842
7b73c688-7bac-4933-aa15-430f125973fa	4	171456559	172068149	400	-0.1595
7b73c688-7bac-4933-aa15-430f125973fa	4	172068222	172068382	8	-1.837
7b73c688-7bac-4933-aa15-430f125973fa	4	172074828	188300104	10907	-0.1858
7b73c688-7bac-4933-aa15-430f125973fa	4	188300206	188300270	3	2.3694
7b73c688-7bac-4933-aa15-430f125973fa	4	188300285	190106768	1141	-0.1265
7b73c688-7bac-4933-aa15-430f125973fa	5	15532	18419731	13882	-0.2129
7b73c688-7bac-4933-aa15-430f125973fa	5	18421042	18431216	7	0.4256
7b73c688-7bac-4933-aa15-430f125973fa	5	18431855	18866890	265	-0.1757
7b73c688-7bac-4933-aa15-430f125973fa	5	18867043	18927924	36	0.1137
7b73c688-7bac-4933-aa15-430f125973fa	5	18931546	19006508	50	-0.1984
7b73c688-7bac-4933-aa15-430f125973fa	5	19007521	19025653	14	0.2503
7b73c688-7bac-4933-aa15-430f125973fa	5	19027885	20401177	801	-0.1641
7b73c688-7bac-4933-aa15-430f125973fa	5	20401435	20439686	25	0.2188
7b73c688-7bac-4933-aa15-430f125973fa	5	20439782	20458544	38	-0.0851
7b73c688-7bac-4933-aa15-430f125973fa	5	20458689	20464869	17	0.3394
7b73c688-7bac-4933-aa15-430f125973fa	5	20465016	21440955	528	-0.1364
7b73c688-7bac-4933-aa15-430f125973fa	5	21445849	21452329	9	0.7282
7b73c688-7bac-4933-aa15-430f125973fa	5	21452387	25046598	2068	-0.1807
7b73c688-7bac-4933-aa15-430f125973fa	5	25053311	25428516	214	-0.0446
7b73c688-7bac-4933-aa15-430f125973fa	5	25428607	26789387	844	-0.1758
7b73c688-7bac-4933-aa15-430f125973fa	5	26797651	26797735	2	-2.0902
7b73c688-7bac-4933-aa15-430f125973fa	5	26803775	27525838	399	-0.1844
7b73c688-7bac-4933-aa15-430f125973fa	5	27525848	27525913	4	0.6933
7b73c688-7bac-4933-aa15-430f125973fa	5	27527372	28633770	613	-0.1746
7b73c688-7bac-4933-aa15-430f125973fa	5	28634684	28704654	50	0.1567
7b73c688-7bac-4933-aa15-430f125973fa	5	28706639	30114921	902	-0.1817
7b73c688-7bac-4933-aa15-430f125973fa	5	30121299	34563918	2980	-0.2181
7b73c688-7bac-4933-aa15-430f125973fa	5	34564730	34566383	3	-1.7999
7b73c688-7bac-4933-aa15-430f125973fa	5	34566681	45305513	6536	-0.2125
7b73c688-7bac-4933-aa15-430f125973fa	5	45306120	46062027	267	-0.0538
7b73c688-7bac-4933-aa15-430f125973fa	5	46096785	46099678	7	-1.076
7b73c688-7bac-4933-aa15-430f125973fa	5	46101755	50603013	230	0.0293
7b73c688-7bac-4933-aa15-430f125973fa	5	50603263	50608982	3	-2.0697
7b73c688-7bac-4933-aa15-430f125973fa	5	50609430	58014553	4865	-0.2055
7b73c688-7bac-4933-aa15-430f125973fa	5	58017408	58037466	35	-0.8121
7b73c688-7bac-4933-aa15-430f125973fa	5	58037688	59668568	1302	-0.208
7b73c688-7bac-4933-aa15-430f125973fa	5	59669596	59670320	3	-1.5454
7b73c688-7bac-4933-aa15-430f125973fa	5	59672028	63354649	2172	-0.2024
7b73c688-7bac-4933-aa15-430f125973fa	5	63355744	63856956	303	-0.0623
7b73c688-7bac-4933-aa15-430f125973fa	5	63857796	69550476	3497	-0.2205
7b73c688-7bac-4933-aa15-430f125973fa	5	69571467	69822308	5	-1.4308
7b73c688-7bac-4933-aa15-430f125973fa	5	69937600	76541904	3472	-0.2211
7b73c688-7bac-4933-aa15-430f125973fa	5	76542009	76543525	5	-1.3873
7b73c688-7bac-4933-aa15-430f125973fa	5	76543544	84773706	5019	-0.2191
7b73c688-7bac-4933-aa15-430f125973fa	5	84774726	84797632	11	0.3949
7b73c688-7bac-4933-aa15-430f125973fa	5	84803584	91939545	3853	-0.1975
7b73c688-7bac-4933-aa15-430f125973fa	5	91939631	91977466	26	0.1808
7b73c688-7bac-4933-aa15-430f125973fa	5	91977693	99164961	4028	-0.204
7b73c688-7bac-4933-aa15-430f125973fa	5	99165649	99500868	178	-0.094
7b73c688-7bac-4933-aa15-430f125973fa	5	99504170	99508633	3	-1.9697
7b73c688-7bac-4933-aa15-430f125973fa	5	99508807	99899290	220	-0.0243
7b73c688-7bac-4933-aa15-430f125973fa	5	99899823	99955440	54	-0.346
7b73c688-7bac-4933-aa15-430f125973fa	5	99958837	100732771	430	-0.025
7b73c688-7bac-4933-aa15-430f125973fa	5	100733170	101689406	557	-0.1938
7b73c688-7bac-4933-aa15-430f125973fa	5	101691668	101773220	52	-0.004
7b73c688-7bac-4933-aa15-430f125973fa	5	101773397	101781146	6	-0.9664
7b73c688-7bac-4933-aa15-430f125973fa	5	101781646	101944463	149	0.0725
7b73c688-7bac-4933-aa15-430f125973fa	5	101945488	103780098	986	-0.2132
7b73c688-7bac-4933-aa15-430f125973fa	5	103780538	107199433	2075	-0.1455
7b73c688-7bac-4933-aa15-430f125973fa	5	107199548	113782372	4595	-0.2168
7b73c688-7bac-4933-aa15-430f125973fa	5	113782820	113803583	5	-1.4531
7b73c688-7bac-4933-aa15-430f125973fa	5	113809097	147400241	21219	-0.2105
7b73c688-7bac-4933-aa15-430f125973fa	5	147400710	147400958	2	-4.0396
7b73c688-7bac-4933-aa15-430f125973fa	5	147403025	171767234	16829	-0.207
7b73c688-7bac-4933-aa15-430f125973fa	5	171767566	171767886	2	-2.5607
7b73c688-7bac-4933-aa15-430f125973fa	5	171768123	173775504	1462	-0.2255
7b73c688-7bac-4933-aa15-430f125973fa	5	173778055	173779213	7	-1.7194
7b73c688-7bac-4933-aa15-430f125973fa	5	173779368	174661120	727	-0.1988
7b73c688-7bac-4933-aa15-430f125973fa	5	174661291	174664918	3	-1.9992
7b73c688-7bac-4933-aa15-430f125973fa	5	174664928	176033084	936	-0.1929
7b73c688-7bac-4933-aa15-430f125973fa	5	176038686	176149650	25	0.2835
7b73c688-7bac-4933-aa15-430f125973fa	5	176152913	181363319	2677	-0.2208
7b73c688-7bac-4933-aa15-430f125973fa	6	149661	254283	101	-0.1082
7b73c688-7bac-4933-aa15-430f125973fa	6	257353	382897	98	-1.0374
7b73c688-7bac-4933-aa15-430f125973fa	6	384109	6025978	4628	-0.2218
7b73c688-7bac-4933-aa15-430f125973fa	6	6033698	6034203	3	-3.3831
7b73c688-7bac-4933-aa15-430f125973fa	6	6036812	29869295	16770	-0.2124
7b73c688-7bac-4933-aa15-430f125973fa	6	29869410	29882603	20	1.0318
7b73c688-7bac-4933-aa15-430f125973fa	6	29903859	29931900	12	-0.0414
7b73c688-7bac-4933-aa15-430f125973fa	6	29933787	29933799	4	1.1397
7b73c688-7bac-4933-aa15-430f125973fa	6	29940692	32606394	1184	-0.2516
7b73c688-7bac-4933-aa15-430f125973fa	6	32606604	32614112	7	-1.6283
7b73c688-7bac-4933-aa15-430f125973fa	6	32614426	36750804	2344	-0.2139
7b73c688-7bac-4933-aa15-430f125973fa	6	36751876	36752698	2	-1.9519
7b73c688-7bac-4933-aa15-430f125973fa	6	36753851	46007617	6099	-0.2069
7b73c688-7bac-4933-aa15-430f125973fa	6	46008061	46010499	4	-1.6731
7b73c688-7bac-4933-aa15-430f125973fa	6	46012820	54066269	5222	-0.2062
7b73c688-7bac-4933-aa15-430f125973fa	6	54066286	54067057	8	0.6566
7b73c688-7bac-4933-aa15-430f125973fa	6	54070550	57294155	1940	-0.2057
7b73c688-7bac-4933-aa15-430f125973fa	6	57295386	61823514	812	-0.0645
7b73c688-7bac-4933-aa15-430f125973fa	6	61823563	64071900	1167	-0.2033
7b73c688-7bac-4933-aa15-430f125973fa	6	64077437	69578557	3660	-0.1599
7b73c688-7bac-4933-aa15-430f125973fa	6	69580456	76730331	4566	-0.2098
7b73c688-7bac-4933-aa15-430f125973fa	6	76730377	76743040	19	0.5397
7b73c688-7bac-4933-aa15-430f125973fa	6	76751356	78171734	913	-0.1685
7b73c688-7bac-4933-aa15-430f125973fa	6	78173363	78178745	2	1.0013
7b73c688-7bac-4933-aa15-430f125973fa	6	78178938	78202129	11	-0.4454
7b73c688-7bac-4933-aa15-430f125973fa	6	78202545	78253172	48	-0.0259
7b73c688-7bac-4933-aa15-430f125973fa	6	78259348	78325468	113	-2.4351
7b73c688-7bac-4933-aa15-430f125973fa	6	78329517	80574999	1434	-0.2026
7b73c688-7bac-4933-aa15-430f125973fa	6	80575042	80579817	28	-0.9552
7b73c688-7bac-4933-aa15-430f125973fa	6	80584624	93795530	8448	-0.1981
7b73c688-7bac-4933-aa15-430f125973fa	6	93797690	95432135	800	-0.0792
7b73c688-7bac-4933-aa15-430f125973fa	6	95433859	100673373	3204	-0.1993
7b73c688-7bac-4933-aa15-430f125973fa	6	100679395	100776849	54	0.0856
7b73c688-7bac-4933-aa15-430f125973fa	6	100777415	102131579	809	-0.1851
7b73c688-7bac-4933-aa15-430f125973fa	6	102141029	102141383	2	-1.9928
7b73c688-7bac-4933-aa15-430f125973fa	6	102146295	103286954	672	-0.1527
7b73c688-7bac-4933-aa15-430f125973fa	6	103290101	103314186	46	0.8456
7b73c688-7bac-4933-aa15-430f125973fa	6	103317795	118288968	9168	-0.2143
7b73c688-7bac-4933-aa15-430f125973fa	6	118289204	118544088	141	0.0259
7b73c688-7bac-4933-aa15-430f125973fa	6	118546537	134383057	10016	-0.198
7b73c688-7bac-4933-aa15-430f125973fa	6	134384966	134385262	2	-2.4667
7b73c688-7bac-4933-aa15-430f125973fa	6	134387460	167212790	22664	-0.2066
7b73c688-7bac-4933-aa15-430f125973fa	6	167216173	168233395	444	-0.3438
7b73c688-7bac-4933-aa15-430f125973fa	6	168233697	170741917	1644	-0.2196
7b73c688-7bac-4933-aa15-430f125973fa	7	43355	8786255	5057	0.3282
7b73c688-7bac-4933-aa15-430f125973fa	7	8787540	8974884	193	0.521
7b73c688-7bac-4933-aa15-430f125973fa	7	8975978	9175917	183	0.3541
7b73c688-7bac-4933-aa15-430f125973fa	7	9183039	9187340	7	-0.3814
7b73c688-7bac-4933-aa15-430f125973fa	7	9188222	9869406	537	0.4009
7b73c688-7bac-4933-aa15-430f125973fa	7	9874504	9996166	94	0.595
7b73c688-7bac-4933-aa15-430f125973fa	7	10010274	11276305	905	0.3679
7b73c688-7bac-4933-aa15-430f125973fa	7	11276368	11302364	44	0.6885
7b73c688-7bac-4933-aa15-430f125973fa	7	11303447	11726985	402	0.3627
7b73c688-7bac-4933-aa15-430f125973fa	7	11733156	11733890	4	-0.6154
7b73c688-7bac-4933-aa15-430f125973fa	7	11734614	15014253	2633	0.3607
7b73c688-7bac-4933-aa15-430f125973fa	7	15014565	15016319	5	-0.6001
7b73c688-7bac-4933-aa15-430f125973fa	7	15022334	17095920	1707	0.3717
7b73c688-7bac-4933-aa15-430f125973fa	7	17100895	17450836	228	0.515
7b73c688-7bac-4933-aa15-430f125973fa	7	17451102	17460971	11	-0.2954
7b73c688-7bac-4933-aa15-430f125973fa	7	17461008	17696950	238	0.3983
7b73c688-7bac-4933-aa15-430f125973fa	7	17697339	17698407	2	-1.4728
7b73c688-7bac-4933-aa15-430f125973fa	7	17700592	18940225	928	0.3262
7b73c688-7bac-4933-aa15-430f125973fa	7	18940644	19732218	829	0.4713
7b73c688-7bac-4933-aa15-430f125973fa	7	19738449	21925455	1631	0.3317
7b73c688-7bac-4933-aa15-430f125973fa	7	21926012	21933589	3	1.6833
7b73c688-7bac-4933-aa15-430f125973fa	7	21934114	38338955	11807	0.331
7b73c688-7bac-4933-aa15-430f125973fa	7	38339129	38368593	16	0.8353
7b73c688-7bac-4933-aa15-430f125973fa	7	38368878	42794678	2999	0.3387
7b73c688-7bac-4933-aa15-430f125973fa	7	42796206	43123257	193	0.4775
7b73c688-7bac-4933-aa15-430f125973fa	7	43123370	54305455	7781	0.3396
7b73c688-7bac-4933-aa15-430f125973fa	7	54318812	54318824	6	-1.5471
7b73c688-7bac-4933-aa15-430f125973fa	7	54325795	88686845	15972	0.3465
7b73c688-7bac-4933-aa15-430f125973fa	7	88689643	89122322	331	0.5222
7b73c688-7bac-4933-aa15-430f125973fa	7	89122583	89124943	3	-0.9445
7b73c688-7bac-4933-aa15-430f125973fa	7	89125263	89210466	50	0.4413
7b73c688-7bac-4933-aa15-430f125973fa	7	89214447	89226834	13	-0.0963
7b73c688-7bac-4933-aa15-430f125973fa	7	89229780	89941528	417	0.4901
7b73c688-7bac-4933-aa15-430f125973fa	7	89941921	90139872	157	0.3174
7b73c688-7bac-4933-aa15-430f125973fa	7	90146435	90147096	2	-1.1868
7b73c688-7bac-4933-aa15-430f125973fa	7	90147103	97766148	4861	0.333
7b73c688-7bac-4933-aa15-430f125973fa	7	97766150	97773163	15	-2.1459
7b73c688-7bac-4933-aa15-430f125973fa	7	97774928	109800866	6621	0.3312
7b73c688-7bac-4933-aa15-430f125973fa	7	109801155	109813801	11	-0.558
7b73c688-7bac-4933-aa15-430f125973fa	7	109813853	111179821	904	0.3459
7b73c688-7bac-4933-aa15-430f125973fa	7	111179908	111472797	216	0.5593
7b73c688-7bac-4933-aa15-430f125973fa	7	111473243	111882461	224	0.3702
7b73c688-7bac-4933-aa15-430f125973fa	7	111884903	111889754	5	-0.8599
7b73c688-7bac-4933-aa15-430f125973fa	7	111891431	123171273	6687	0.3458
7b73c688-7bac-4933-aa15-430f125973fa	7	123174957	123244178	53	0.6935
7b73c688-7bac-4933-aa15-430f125973fa	7	123246005	126607677	2090	0.3582
7b73c688-7bac-4933-aa15-430f125973fa	7	126620696	126621795	2	-2.0398
7b73c688-7bac-4933-aa15-430f125973fa	7	126622802	142063324	9774	0.3279
7b73c688-7bac-4933-aa15-430f125973fa	7	142069843	142092307	34	-0.6853
7b73c688-7bac-4933-aa15-430f125973fa	7	142099190	144199159	1201	0.3555
7b73c688-7bac-4933-aa15-430f125973fa	7	144207186	144264193	8	1.4835
7b73c688-7bac-4933-aa15-430f125973fa	7	144295437	153450553	5554	0.3409
7b73c688-7bac-4933-aa15-430f125973fa	7	153450560	153450627	2	-2.4722
7b73c688-7bac-4933-aa15-430f125973fa	7	153450630	154598185	850	0.3837
7b73c688-7bac-4933-aa15-430f125973fa	7	154601461	154607903	4	-2.3223
7b73c688-7bac-4933-aa15-430f125973fa	7	154609120	159334314	3232	0.3292
7b73c688-7bac-4933-aa15-430f125973fa	8	81254	643041	322	0.2777
7b73c688-7bac-4933-aa15-430f125973fa	8	644944	645908	10	-0.6533
7b73c688-7bac-4933-aa15-430f125973fa	8	656117	2171065	1213	0.3335
7b73c688-7bac-4933-aa15-430f125973fa	8	2172168	2176628	9	-0.6131
7b73c688-7bac-4933-aa15-430f125973fa	8	2177376	3726655	1509	0.3745
7b73c688-7bac-4933-aa15-430f125973fa	8	3726748	3730578	13	-0.3691
7b73c688-7bac-4933-aa15-430f125973fa	8	3730666	4048687	475	0.3144
7b73c688-7bac-4933-aa15-430f125973fa	8	4050795	4050928	3	-1.2697
7b73c688-7bac-4933-aa15-430f125973fa	8	4052574	4381190	691	0.3594
7b73c688-7bac-4933-aa15-430f125973fa	8	4382307	4383629	6	-0.6174
7b73c688-7bac-4933-aa15-430f125973fa	8	4385668	5667553	1639	0.3894
7b73c688-7bac-4933-aa15-430f125973fa	8	5668141	5673036	6	-0.6292
7b73c688-7bac-4933-aa15-430f125973fa	8	5676083	5736745	93	0.3569
7b73c688-7bac-4933-aa15-430f125973fa	8	5741204	5746973	27	-0.8484
7b73c688-7bac-4933-aa15-430f125973fa	8	5749566	6012895	345	0.4575
7b73c688-7bac-4933-aa15-430f125973fa	8	6013116	6015571	5	-0.9671
7b73c688-7bac-4933-aa15-430f125973fa	8	6017786	7167045	1338	0.3395
7b73c688-7bac-4933-aa15-430f125973fa	8	7172468	7329110	8	-0.7289
7b73c688-7bac-4933-aa15-430f125973fa	8	7329124	7513956	34	0.3243
7b73c688-7bac-4933-aa15-430f125973fa	8	7514723	7537162	3	2.0941
7b73c688-7bac-4933-aa15-430f125973fa	8	7598502	13720063	4306	0.3326
7b73c688-7bac-4933-aa15-430f125973fa	8	13722552	13752897	55	0.7123
7b73c688-7bac-4933-aa15-430f125973fa	8	13752985	13753377	4	-0.3297
7b73c688-7bac-4933-aa15-430f125973fa	8	13754536	13791984	46	0.6648
7b73c688-7bac-4933-aa15-430f125973fa	8	13794163	14427181	613	0.3721
7b73c688-7bac-4933-aa15-430f125973fa	8	14427702	14428811	4	-1.0183
7b73c688-7bac-4933-aa15-430f125973fa	8	14429043	16687039	2030	0.389
7b73c688-7bac-4933-aa15-430f125973fa	8	16687299	36168992	13945	0.342
7b73c688-7bac-4933-aa15-430f125973fa	8	36173737	36566762	211	0.4758
7b73c688-7bac-4933-aa15-430f125973fa	8	36569589	36569801	2	-0.2589
7b73c688-7bac-4933-aa15-430f125973fa	8	36574457	38455399	1025	0.3245
7b73c688-7bac-4933-aa15-430f125973fa	8	38455633	38460400	24	0.7012
7b73c688-7bac-4933-aa15-430f125973fa	8	38460483	38461831	11	0.1013
7b73c688-7bac-4933-aa15-430f125973fa	8	38463653	38464003	14	0.8006
7b73c688-7bac-4933-aa15-430f125973fa	8	38464828	39352527	428	0.3209
7b73c688-7bac-4933-aa15-430f125973fa	8	39354980	39373140	12	0.8034
7b73c688-7bac-4933-aa15-430f125973fa	8	39378084	39529446	59	-2.4133
7b73c688-7bac-4933-aa15-430f125973fa	8	39530780	40326286	591	0.3499
7b73c688-7bac-4933-aa15-430f125973fa	8	40326425	40335391	32	-0.3428
7b73c688-7bac-4933-aa15-430f125973fa	8	40336910	43085341	1723	0.3144
7b73c688-7bac-4933-aa15-430f125973fa	8	43096841	46361979	339	0.4453
7b73c688-7bac-4933-aa15-430f125973fa	8	46362963	49525747	1536	0.3428
7b73c688-7bac-4933-aa15-430f125973fa	8	49528487	49632606	60	0.6189
7b73c688-7bac-4933-aa15-430f125973fa	8	49633199	50184729	368	0.3928
7b73c688-7bac-4933-aa15-430f125973fa	8	50186260	50191490	5	-1.2061
7b73c688-7bac-4933-aa15-430f125973fa	8	50201723	58487026	5494	0.3504
7b73c688-7bac-4933-aa15-430f125973fa	8	58489176	58514206	18	-1.0324
7b73c688-7bac-4933-aa15-430f125973fa	8	58516006	60090635	969	0.3541
7b73c688-7bac-4933-aa15-430f125973fa	8	60090800	60091785	11	1.0095
7b73c688-7bac-4933-aa15-430f125973fa	8	60094589	70042119	6034	0.3391
7b73c688-7bac-4933-aa15-430f125973fa	8	70042441	70042599	4	-0.9486
7b73c688-7bac-4933-aa15-430f125973fa	8	70048926	72681875	1658	0.3354
7b73c688-7bac-4933-aa15-430f125973fa	8	72681937	72723666	62	1.0688
7b73c688-7bac-4933-aa15-430f125973fa	8	72723959	108780542	21712	0.344
7b73c688-7bac-4933-aa15-430f125973fa	8	108786491	108941271	71	0.5988
7b73c688-7bac-4933-aa15-430f125973fa	8	108944839	110305803	766	0.3394
7b73c688-7bac-4933-aa15-430f125973fa	8	110308713	111279265	515	0.3881
7b73c688-7bac-4933-aa15-430f125973fa	8	111282050	111283031	10	1.1376
7b73c688-7bac-4933-aa15-430f125973fa	8	111288052	113027662	934	0.4008
7b73c688-7bac-4933-aa15-430f125973fa	8	113028312	113032421	3	-0.7232
7b73c688-7bac-4933-aa15-430f125973fa	8	113036167	114539278	833	0.3814
7b73c688-7bac-4933-aa15-430f125973fa	8	114539586	114667021	95	0.5967
7b73c688-7bac-4933-aa15-430f125973fa	8	114670014	114809549	95	0.3851
7b73c688-7bac-4933-aa15-430f125973fa	8	114809628	114832868	19	0.8249
7b73c688-7bac-4933-aa15-430f125973fa	8	114833045	115204637	253	0.3744
7b73c688-7bac-4933-aa15-430f125973fa	8	115205371	136825896	15629	0.3409
7b73c688-7bac-4933-aa15-430f125973fa	8	136825992	136851637	44	0.7438
7b73c688-7bac-4933-aa15-430f125973fa	8	136851683	140632456	3007	0.3486
7b73c688-7bac-4933-aa15-430f125973fa	8	140632832	140991267	174	0.5612
7b73c688-7bac-4933-aa15-430f125973fa	8	140991348	145072769	1811	0.3457
7b73c688-7bac-4933-aa15-430f125973fa	9	46587	602903	508	-0.2265
7b73c688-7bac-4933-aa15-430f125973fa	9	606699	606961	4	-1.7824
7b73c688-7bac-4933-aa15-430f125973fa	9	607307	9308230	8343	-0.2024
7b73c688-7bac-4933-aa15-430f125973fa	9	9308675	9331009	23	0.141
7b73c688-7bac-4933-aa15-430f125973fa	9	9331447	9335455	4	-0.4857
7b73c688-7bac-4933-aa15-430f125973fa	9	9336182	9342908	16	0.0741
7b73c688-7bac-4933-aa15-430f125973fa	9	9343804	9348397	4	-0.7852
7b73c688-7bac-4933-aa15-430f125973fa	9	9348853	9407232	68	0.1101
7b73c688-7bac-4933-aa15-430f125973fa	9	9410073	11012115	1502	-0.1437
7b73c688-7bac-4933-aa15-430f125973fa	9	11012667	11016456	3	-2.1925
7b73c688-7bac-4933-aa15-430f125973fa	9	11020591	11992604	749	-0.0872
7b73c688-7bac-4933-aa15-430f125973fa	9	11995297	11996759	5	-1.3673
7b73c688-7bac-4933-aa15-430f125973fa	9	11996831	12547685	438	-0.0605
7b73c688-7bac-4933-aa15-430f125973fa	9	12547987	23361807	8709	-0.201
7b73c688-7bac-4933-aa15-430f125973fa	9	23363117	23373486	8	0.973
7b73c688-7bac-4933-aa15-430f125973fa	9	23378490	24478579	764	-0.1869
7b73c688-7bac-4933-aa15-430f125973fa	9	24478608	24520086	56	0.1198
7b73c688-7bac-4933-aa15-430f125973fa	9	24520196	28073102	2750	-0.1839
7b73c688-7bac-4933-aa15-430f125973fa	9	28074512	31388735	2340	-0.1278
7b73c688-7bac-4933-aa15-430f125973fa	9	31389173	41703482	4925	-0.2084
7b73c688-7bac-4933-aa15-430f125973fa	9	41714376	61405110	96	0.2409
7b73c688-7bac-4933-aa15-430f125973fa	9	61520021	61665362	31	-1.5806
7b73c688-7bac-4933-aa15-430f125973fa	9	61668104	77155482	6659	-0.1992
7b73c688-7bac-4933-aa15-430f125973fa	9	77155594	77161448	24	0.4874
7b73c688-7bac-4933-aa15-430f125973fa	9	77162152	87852845	7623	-0.2008
7b73c688-7bac-4933-aa15-430f125973fa	9	87853204	87853473	2	-2.8671
7b73c688-7bac-4933-aa15-430f125973fa	9	87854166	104042528	10754	-0.1908
7b73c688-7bac-4933-aa15-430f125973fa	9	104042599	104072159	44	0.2761
7b73c688-7bac-4933-aa15-430f125973fa	9	104074409	138200944	22830	-0.1962
7b73c688-7bac-4933-aa15-430f125973fa	10	45792	6369109	5372	-0.217
7b73c688-7bac-4933-aa15-430f125973fa	10	6369253	6369519	6	0.9634
7b73c688-7bac-4933-aa15-430f125973fa	10	6376792	8816003	2248	-0.2085
7b73c688-7bac-4933-aa15-430f125973fa	10	8819176	10192819	1002	-0.1462
7b73c688-7bac-4933-aa15-430f125973fa	10	10195596	24086334	10502	-0.2228
7b73c688-7bac-4933-aa15-430f125973fa	10	24088745	24089125	11	-2.1082
7b73c688-7bac-4933-aa15-430f125973fa	10	24089979	54862926	17778	-0.2048
7b73c688-7bac-4933-aa15-430f125973fa	10	54866793	57335528	1734	-0.1121
7b73c688-7bac-4933-aa15-430f125973fa	10	57335571	65546518	5640	-0.2149
7b73c688-7bac-4933-aa15-430f125973fa	10	65548165	65554688	28	0.4462
7b73c688-7bac-4933-aa15-430f125973fa	10	65563037	66515209	744	-0.1599
7b73c688-7bac-4933-aa15-430f125973fa	10	66515319	66786425	210	-0.0127
7b73c688-7bac-4933-aa15-430f125973fa	10	66786490	79491575	8226	-0.2157
7b73c688-7bac-4933-aa15-430f125973fa	10	79523511	79799558	28	0.3083
7b73c688-7bac-4933-aa15-430f125973fa	10	79802431	133654968	36853	-0.2156
7b73c688-7bac-4933-aa15-430f125973fa	11	198510	4946021	2412	-0.2137
7b73c688-7bac-4933-aa15-430f125973fa	11	4946166	4955027	31	0.8279
7b73c688-7bac-4933-aa15-430f125973fa	11	4955042	5451759	460	-0.1521
7b73c688-7bac-4933-aa15-430f125973fa	11	5452584	5456160	8	-0.9528
7b73c688-7bac-4933-aa15-430f125973fa	11	5458893	5460343	6	0.0795
7b73c688-7bac-4933-aa15-430f125973fa	11	5460863	5500921	65	-0.2653
7b73c688-7bac-4933-aa15-430f125973fa	11	5500945	5502363	6	-1.1893
7b73c688-7bac-4933-aa15-430f125973fa	11	5503234	5756780	227	-0.1436
7b73c688-7bac-4933-aa15-430f125973fa	11	5757241	5787110	40	0.238
7b73c688-7bac-4933-aa15-430f125973fa	11	5787146	6077163	231	-0.1473
7b73c688-7bac-4933-aa15-430f125973fa	11	6079396	6110060	25	0.4197
7b73c688-7bac-4933-aa15-430f125973fa	11	6111528	48441842	29643	-0.2063
7b73c688-7bac-4933-aa15-430f125973fa	11	48445395	48871638	159	-0.0003
7b73c688-7bac-4933-aa15-430f125973fa	11	48871667	54555644	711	-0.1533
7b73c688-7bac-4933-aa15-430f125973fa	11	54555961	54891768	118	0.0233
7b73c688-7bac-4933-aa15-430f125973fa	11	54897678	54940988	14	-0.7728
7b73c688-7bac-4933-aa15-430f125973fa	11	54941157	55608804	245	-0.0883
7b73c688-7bac-4933-aa15-430f125973fa	11	55609022	55685533	51	0.532
7b73c688-7bac-4933-aa15-430f125973fa	11	55686100	56387856	475	-0.0488
7b73c688-7bac-4933-aa15-430f125973fa	11	56388404	134428746	51151	-0.2093
7b73c688-7bac-4933-aa15-430f125973fa	11	134429436	134439731	10	-1.1162
7b73c688-7bac-4933-aa15-430f125973fa	11	134440907	135074876	516	-0.2728
7b73c688-7bac-4933-aa15-430f125973fa	12	51460	756804	415	0.2772
7b73c688-7bac-4933-aa15-430f125973fa	12	759943	764863	18	-0.8177
7b73c688-7bac-4933-aa15-430f125973fa	12	766188	9481274	5732	0.3428
7b73c688-7bac-4933-aa15-430f125973fa	12	9485313	9562969	22	-1.8895
7b73c688-7bac-4933-aa15-430f125973fa	12	9575696	11358644	1180	0.3584
7b73c688-7bac-4933-aa15-430f125973fa	12	11359558	11386321	25	-0.2289
7b73c688-7bac-4933-aa15-430f125973fa	12	11388012	13178404	1384	0.3285
7b73c688-7bac-4933-aa15-430f125973fa	12	13181725	13182206	3	-1.4503
7b73c688-7bac-4933-aa15-430f125973fa	12	13183433	31220407	12647	0.3393
7b73c688-7bac-4933-aa15-430f125973fa	12	31220460	31221595	4	-0.8857
7b73c688-7bac-4933-aa15-430f125973fa	12	31223274	33148472	1338	0.3129
7b73c688-7bac-4933-aa15-430f125973fa	12	33148492	33154440	26	-0.5256
7b73c688-7bac-4933-aa15-430f125973fa	12	33155426	38733128	1300	0.4392
7b73c688-7bac-4933-aa15-430f125973fa	12	38733730	45512057	4284	0.3352
7b73c688-7bac-4933-aa15-430f125973fa	12	45514957	45515754	2	-2.7001
7b73c688-7bac-4933-aa15-430f125973fa	12	45519509	47132947	942	0.3475
7b73c688-7bac-4933-aa15-430f125973fa	12	47133816	47134025	2	1.6234
7b73c688-7bac-4933-aa15-430f125973fa	12	47134590	48331037	770	0.337
7b73c688-7bac-4933-aa15-430f125973fa	12	48331236	48331632	5	-1.7904
7b73c688-7bac-4933-aa15-430f125973fa	12	48336253	72804967	14928	0.3303
7b73c688-7bac-4933-aa15-430f125973fa	12	72806145	72977309	109	0.5793
7b73c688-7bac-4933-aa15-430f125973fa	12	72978336	73915767	539	0.3459
7b73c688-7bac-4933-aa15-430f125973fa	12	73915969	74013969	38	0.7265
7b73c688-7bac-4933-aa15-430f125973fa	12	74015354	128014354	35288	0.3345
7b73c688-7bac-4933-aa15-430f125973fa	12	128014632	128028177	11	-0.4049
7b73c688-7bac-4933-aa15-430f125973fa	12	128029583	131636170	3178	0.3333
7b73c688-7bac-4933-aa15-430f125973fa	12	131648039	131648790	13	-2.2301
7b73c688-7bac-4933-aa15-430f125973fa	12	131657925	133201603	559	0.3257
7b73c688-7bac-4933-aa15-430f125973fa	13	18452809	37496998	13438	-0.2083
7b73c688-7bac-4933-aa15-430f125973fa	13	37497899	37510620	16	-2.5203
7b73c688-7bac-4933-aa15-430f125973fa	13	37514193	57093519	12454	-0.2001
7b73c688-7bac-4933-aa15-430f125973fa	13	57093573	57348731	163	0.0628
7b73c688-7bac-4933-aa15-430f125973fa	13	57348746	63106567	3373	-0.2057
7b73c688-7bac-4933-aa15-430f125973fa	13	63106817	66598647	2131	-0.1341
7b73c688-7bac-4933-aa15-430f125973fa	13	66602087	66603651	2	-1.9942
7b73c688-7bac-4933-aa15-430f125973fa	13	66604212	66715713	87	-0.1951
7b73c688-7bac-4933-aa15-430f125973fa	13	66716496	66781907	72	0.0899
7b73c688-7bac-4933-aa15-430f125973fa	13	66782452	68697269	1163	-0.145
7b73c688-7bac-4933-aa15-430f125973fa	13	68697360	114342922	31088	-0.1992
7b73c688-7bac-4933-aa15-430f125973fa	14	18239283	19256296	43	-0.2474
7b73c688-7bac-4933-aa15-430f125973fa	14	19280948	20009389	157	0.1299
7b73c688-7bac-4933-aa15-430f125973fa	14	20012817	22139542	1499	-0.1739
7b73c688-7bac-4933-aa15-430f125973fa	14	22143351	22145507	10	-0.9403
7b73c688-7bac-4933-aa15-430f125973fa	14	22145736	39943520	11200	-0.197
7b73c688-7bac-4933-aa15-430f125973fa	14	39943591	48348747	5094	-0.1372
7b73c688-7bac-4933-aa15-430f125973fa	14	48349484	56137946	5076	-0.2145
7b73c688-7bac-4933-aa15-430f125973fa	14	56138047	56138122	2	-1.9801
7b73c688-7bac-4933-aa15-430f125973fa	14	56138237	68397594	7653	-0.2118
7b73c688-7bac-4933-aa15-430f125973fa	14	68397740	68398310	2	-2.5331
7b73c688-7bac-4933-aa15-430f125973fa	14	68401078	105994511	24122	-0.2072
7b73c688-7bac-4933-aa15-430f125973fa	14	105994805	106487515	204	0.076
7b73c688-7bac-4933-aa15-430f125973fa	14	106487827	106877229	192	-0.18
7b73c688-7bac-4933-aa15-430f125973fa	15	19811075	19970611	33	-0.1448
7b73c688-7bac-4933-aa15-430f125973fa	15	19971258	22265258	161	0.2923
7b73c688-7bac-4933-aa15-430f125973fa	15	22266759	32147110	5697	-0.1891
7b73c688-7bac-4933-aa15-430f125973fa	15	32149432	32484010	28	-0.7121
7b73c688-7bac-4933-aa15-430f125973fa	15	32491973	32520328	5	-0.3244
7b73c688-7bac-4933-aa15-430f125973fa	15	32565281	32612475	7	0.2705
7b73c688-7bac-4933-aa15-430f125973fa	15	32617778	32766103	106	-0.2257
7b73c688-7bac-4933-aa15-430f125973fa	15	32768949	32772096	7	-1.4436
7b73c688-7bac-4933-aa15-430f125973fa	15	32772590	34368215	1348	-0.1988
7b73c688-7bac-4933-aa15-430f125973fa	15	34371906	34652036	139	0.0616
7b73c688-7bac-4933-aa15-430f125973fa	15	34652182	56497277	13538	-0.2017
7b73c688-7bac-4933-aa15-430f125973fa	15	56497331	56508779	27	-0.6147
7b73c688-7bac-4933-aa15-430f125973fa	15	56509425	61391762	3618	-0.2061
7b73c688-7bac-4933-aa15-430f125973fa	15	61392006	61397901	4	-1.8608
7b73c688-7bac-4933-aa15-430f125973fa	15	61399454	76598900	9098	-0.2012
7b73c688-7bac-4933-aa15-430f125973fa	15	76599170	76603434	21	0.8779
7b73c688-7bac-4933-aa15-430f125973fa	15	76609838	91943196	9818	-0.1942
7b73c688-7bac-4933-aa15-430f125973fa	15	91943920	91945362	3	-2.4419
7b73c688-7bac-4933-aa15-430f125973fa	15	91945538	101928837	7739	-0.2074
7b73c688-7bac-4933-aa15-430f125973fa	16	10777	592152	243	0.3363
7b73c688-7bac-4933-aa15-430f125973fa	16	592208	592632	6	-0.9226
7b73c688-7bac-4933-aa15-430f125973fa	16	592743	6052911	2936	0.3369
7b73c688-7bac-4933-aa15-430f125973fa	16	6054117	6057553	8	-0.737
7b73c688-7bac-4933-aa15-430f125973fa	16	6058982	18104860	9556	0.3405
7b73c688-7bac-4933-aa15-430f125973fa	16	18134261	18144432	2	2.5856
7b73c688-7bac-4933-aa15-430f125973fa	16	18148869	32944749	7241	0.3402
7b73c688-7bac-4933-aa15-430f125973fa	16	32945966	46604997	514	0.4793
7b73c688-7bac-4933-aa15-430f125973fa	16	46606783	49487397	1623	0.351
7b73c688-7bac-4933-aa15-430f125973fa	16	49488523	49491299	2	-1.2632
7b73c688-7bac-4933-aa15-430f125973fa	16	49501745	54335546	3527	0.3463
7b73c688-7bac-4933-aa15-430f125973fa	16	54335598	54335611	2	-1.1974
7b73c688-7bac-4933-aa15-430f125973fa	16	54338951	55762682	1253	0.3544
7b73c688-7bac-4933-aa15-430f125973fa	16	55764310	55775554	10	1.322
7b73c688-7bac-4933-aa15-430f125973fa	16	55776109	58922230	1897	0.3421
7b73c688-7bac-4933-aa15-430f125973fa	16	58927676	64041842	3334	0.3801
7b73c688-7bac-4933-aa15-430f125973fa	16	64044728	64086868	33	0.7544
7b73c688-7bac-4933-aa15-430f125973fa	16	64087022	64183199	76	0.4267
7b73c688-7bac-4933-aa15-430f125973fa	16	64183276	66125395	1540	0.3426
7b73c688-7bac-4933-aa15-430f125973fa	16	66128326	66129164	4	-0.6639
7b73c688-7bac-4933-aa15-430f125973fa	16	66133829	77986647	7070	0.3391
7b73c688-7bac-4933-aa15-430f125973fa	16	77988026	78007372	27	-0.0329
7b73c688-7bac-4933-aa15-430f125973fa	16	78011228	78337711	290	0.3323
7b73c688-7bac-4933-aa15-430f125973fa	16	78338543	78338949	3	1.5453
7b73c688-7bac-4933-aa15-430f125973fa	16	78339440	78342480	4	-1.5336
7b73c688-7bac-4933-aa15-430f125973fa	16	78342814	90096867	10615	0.3256
7b73c688-7bac-4933-aa15-430f125973fa	17	150733	18529764	11406	0.3513
7b73c688-7bac-4933-aa15-430f125973fa	17	18537646	18561907	8	-1.2749
7b73c688-7bac-4933-aa15-430f125973fa	17	18565883	28452035	2253	0.3605
7b73c688-7bac-4933-aa15-430f125973fa	17	28454323	28455301	2	-1.6203
7b73c688-7bac-4933-aa15-430f125973fa	17	28462253	41041508	7001	0.3337
7b73c688-7bac-4933-aa15-430f125973fa	17	41047461	41053891	3	-1.5199
7b73c688-7bac-4933-aa15-430f125973fa	17	41055656	50787326	4918	0.3486
7b73c688-7bac-4933-aa15-430f125973fa	17	50792397	50792426	2	-1.4317
7b73c688-7bac-4933-aa15-430f125973fa	17	50793141	52946742	1479	0.3451
7b73c688-7bac-4933-aa15-430f125973fa	17	52949712	53217893	170	0.5102
7b73c688-7bac-4933-aa15-430f125973fa	17	53222535	72776268	12234	0.3459
7b73c688-7bac-4933-aa15-430f125973fa	17	72776654	72781873	4	-0.7926
7b73c688-7bac-4933-aa15-430f125973fa	17	72783626	73980547	884	0.3384
7b73c688-7bac-4933-aa15-430f125973fa	17	73980815	73983940	3	-1.2122
7b73c688-7bac-4933-aa15-430f125973fa	17	73988393	74538828	332	0.3523
7b73c688-7bac-4933-aa15-430f125973fa	17	74539182	74539870	2	-2.0431
7b73c688-7bac-4933-aa15-430f125973fa	17	74540762	74653324	95	0.1014
7b73c688-7bac-4933-aa15-430f125973fa	17	74655597	83091923	4207	0.3365
7b73c688-7bac-4933-aa15-430f125973fa	18	48133	65532203	39803	-0.1879
7b73c688-7bac-4933-aa15-430f125973fa	18	65532245	66026173	364	-0.0074
7b73c688-7bac-4933-aa15-430f125973fa	18	66027160	69071802	2236	-0.1475
7b73c688-7bac-4933-aa15-430f125973fa	18	69071897	69086089	44	0.2592
7b73c688-7bac-4933-aa15-430f125973fa	18	69090459	71677225	1805	-0.1796
7b73c688-7bac-4933-aa15-430f125973fa	18	71677275	71823054	125	-0.0438
7b73c688-7bac-4933-aa15-430f125973fa	18	71829290	71829516	2	-2.1454
7b73c688-7bac-4933-aa15-430f125973fa	18	71829975	73043955	944	-0.0357
7b73c688-7bac-4933-aa15-430f125973fa	18	73044329	80257174	5269	-0.1996
7b73c688-7bac-4933-aa15-430f125973fa	19	90910	20411869	8897	-0.1992
7b73c688-7bac-4933-aa15-430f125973fa	19	20413400	20561181	83	-0.734
7b73c688-7bac-4933-aa15-430f125973fa	19	20562776	20963790	219	-0.046
7b73c688-7bac-4933-aa15-430f125973fa	19	20965506	23888352	1692	-0.183
7b73c688-7bac-4933-aa15-430f125973fa	19	23899210	27581134	283	-0.0403
7b73c688-7bac-4933-aa15-430f125973fa	19	27581903	43198881	9362	-0.2004
7b73c688-7bac-4933-aa15-430f125973fa	19	43199352	43230258	14	-0.8929
7b73c688-7bac-4933-aa15-430f125973fa	19	43231593	51628383	4134	-0.2088
7b73c688-7bac-4933-aa15-430f125973fa	19	51628480	51644944	15	0.5079
7b73c688-7bac-4933-aa15-430f125973fa	19	51651652	58586487	4327	-0.1937
7b73c688-7bac-4933-aa15-430f125973fa	20	80664	1579916	1199	0.3309
7b73c688-7bac-4933-aa15-430f125973fa	20	1580141	1601561	41	-0.5094
7b73c688-7bac-4933-aa15-430f125973fa	20	1609611	4056881	1692	0.3382
7b73c688-7bac-4933-aa15-430f125973fa	20	4056980	4058019	4	-1.8162
7b73c688-7bac-4933-aa15-430f125973fa	20	4058537	5030165	818	0.3289
7b73c688-7bac-4933-aa15-430f125973fa	20	5036280	5036285	2	-1.4132
7b73c688-7bac-4933-aa15-430f125973fa	20	5040498	12193372	5562	0.3513
7b73c688-7bac-4933-aa15-430f125973fa	20	12194830	12198388	5	-0.7556
7b73c688-7bac-4933-aa15-430f125973fa	20	12205108	57001898	28012	0.3398
7b73c688-7bac-4933-aa15-430f125973fa	20	57002289	57002574	2	-2.8337
7b73c688-7bac-4933-aa15-430f125973fa	20	57002587	64239879	4958	0.3424
7b73c688-7bac-4933-aa15-430f125973fa	20	64240305	64240906	3	-0.9216
7b73c688-7bac-4933-aa15-430f125973fa	20	64242906	64324800	36	0.3911
7b73c688-7bac-4933-aa15-430f125973fa	21	10354168	22199992	6247	-0.1869
7b73c688-7bac-4933-aa15-430f125973fa	21	22200256	23557354	1030	-0.0777
7b73c688-7bac-4933-aa15-430f125973fa	21	23559822	46677045	16529	-0.2141
7b73c688-7bac-4933-aa15-430f125973fa	22	15294547	15473671	7	1.0997
7b73c688-7bac-4933-aa15-430f125973fa	22	15474116	49180743	22260	-0.2042
7b73c688-7bac-4933-aa15-430f125973fa	22	49181380	49694314	453	-0.3897
7b73c688-7bac-4933-aa15-430f125973fa	22	49697404	50796027	478	-0.2353
7b73c688-7bac-4933-aa15-430f125973fa	X	251810	2854543	142	0.0952
7b73c688-7bac-4933-aa15-430f125973fa	X	2856437	2858331	7	-3.891
7b73c688-7bac-4933-aa15-430f125973fa	X	2859314	2904065	32	-0.326
7b73c688-7bac-4933-aa15-430f125973fa	X	2904212	2905617	3	-5.043
7b73c688-7bac-4933-aa15-430f125973fa	X	2905642	4125343	715	-0.0332
7b73c688-7bac-4933-aa15-430f125973fa	X	4125937	4128902	4	-5.0737
7b73c688-7bac-4933-aa15-430f125973fa	X	4130583	6438161	1939	0.0301
7b73c688-7bac-4933-aa15-430f125973fa	X	6438695	6470514	22	-1.0321
7b73c688-7bac-4933-aa15-430f125973fa	X	6470640	7641953	835	-0.0104
7b73c688-7bac-4933-aa15-430f125973fa	X	7643017	7643064	2	-5.7909
7b73c688-7bac-4933-aa15-430f125973fa	X	7643136	9918154	1738	-0.0295
7b73c688-7bac-4933-aa15-430f125973fa	X	9920139	9920202	2	-4.211
7b73c688-7bac-4933-aa15-430f125973fa	X	9920343	10036861	82	-0.1479
7b73c688-7bac-4933-aa15-430f125973fa	X	10038412	10040110	3	-5.2376
7b73c688-7bac-4933-aa15-430f125973fa	X	10040963	10201648	138	-0.3003
7b73c688-7bac-4933-aa15-430f125973fa	X	10201664	10202922	3	-5.0895
7b73c688-7bac-4933-aa15-430f125973fa	X	10203025	12931441	1971	-0.0541
7b73c688-7bac-4933-aa15-430f125973fa	X	12931549	12931785	2	-6.1594
7b73c688-7bac-4933-aa15-430f125973fa	X	12931864	19169468	3737	-0.0374
7b73c688-7bac-4933-aa15-430f125973fa	X	19169931	19169952	2	-6.6511
7b73c688-7bac-4933-aa15-430f125973fa	X	19170299	22837852	2128	-0.0214
7b73c688-7bac-4933-aa15-430f125973fa	X	22837945	22838419	4	-4.1432
7b73c688-7bac-4933-aa15-430f125973fa	X	22838619	26158760	2168	-0.0208
7b73c688-7bac-4933-aa15-430f125973fa	X	26159240	26160077	3	-3.3507
7b73c688-7bac-4933-aa15-430f125973fa	X	26160451	30740598	2883	0.0193
7b73c688-7bac-4933-aa15-430f125973fa	X	30740755	30759795	14	-1.3123
7b73c688-7bac-4933-aa15-430f125973fa	X	30761470	33141146	1756	-0.0225
7b73c688-7bac-4933-aa15-430f125973fa	X	33141160	34303834	795	0.1697
7b73c688-7bac-4933-aa15-430f125973fa	X	34306254	37843069	1862	0.0286
7b73c688-7bac-4933-aa15-430f125973fa	X	37844617	37855604	11	-1.8979
7b73c688-7bac-4933-aa15-430f125973fa	X	37855706	38437904	407	-0.0794
7b73c688-7bac-4933-aa15-430f125973fa	X	38438304	38438756	4	-5.6789
7b73c688-7bac-4933-aa15-430f125973fa	X	38438789	76620568	15486	0.0079
7b73c688-7bac-4933-aa15-430f125973fa	X	76623347	76623977	2	-5.7006
7b73c688-7bac-4933-aa15-430f125973fa	X	76624985	155952689	43473	0.0113
7b73c688-7bac-4933-aa15-430f125973fa	Y	2782397	56872112	6637	-2.8456
