GDC_Aliquot	Chromosome	Start	End	Num_Probes	Segment_Mean
58fedb39-a3b9-4c7a-b07e-9bb4cc536b46	1	62920	85998	9	-0.2878
58fedb39-a3b9-4c7a-b07e-9bb4cc536b46	1	86324	259422	6	-1.2121
58fedb39-a3b9-4c7a-b07e-9bb4cc536b46	1	259926	16883108	8693	0.0129
58fedb39-a3b9-4c7a-b07e-9bb4cc536b46	1	16884157	16934753	44	0.4786
58fedb39-a3b9-4c7a-b07e-9bb4cc536b46	1	16934768	25256850	5268	0.0021
58fedb39-a3b9-4c7a-b07e-9bb4cc536b46	1	25266637	25320455	24	-1.6771
58fedb39-a3b9-4c7a-b07e-9bb4cc536b46	1	25336819	30264526	2387	-0.0006
58fedb39-a3b9-4c7a-b07e-9bb4cc536b46	1	30265508	30268649	8	-0.7071
58fedb39-a3b9-4c7a-b07e-9bb4cc536b46	1	30268809	72284670	26334	0.0005
58fedb39-a3b9-4c7a-b07e-9bb4cc536b46	1	72290430	72297687	9	-1.1302
58fedb39-a3b9-4c7a-b07e-9bb4cc536b46	1	72302735	72345393	46	0.6588
58fedb39-a3b9-4c7a-b07e-9bb4cc536b46	1	72345450	103566616	20011	0.0022
58fedb39-a3b9-4c7a-b07e-9bb4cc536b46	1	103566732	103616762	26	0.5182
58fedb39-a3b9-4c7a-b07e-9bb4cc536b46	1	103620877	112147626	5540	-0.0037
58fedb39-a3b9-4c7a-b07e-9bb4cc536b46	1	112147704	112154619	24	0.4113
58fedb39-a3b9-4c7a-b07e-9bb4cc536b46	1	112154754	143494500	5166	-0.0069
58fedb39-a3b9-4c7a-b07e-9bb4cc536b46	1	143541857	143754062	111	-0.7421
58fedb39-a3b9-4c7a-b07e-9bb4cc536b46	1	143754077	146150530	195	-0.0109
58fedb39-a3b9-4c7a-b07e-9bb4cc536b46	1	146161924	146250588	3	-1.4713
58fedb39-a3b9-4c7a-b07e-9bb4cc536b46	1	146716041	152789447	2334	0.0126
58fedb39-a3b9-4c7a-b07e-9bb4cc536b46	1	152789463	152795487	30	-0.427
58fedb39-a3b9-4c7a-b07e-9bb4cc536b46	1	152795783	164159269	7221	0.0084
58fedb39-a3b9-4c7a-b07e-9bb4cc536b46	1	164159970	164161691	2	-1.4805
58fedb39-a3b9-4c7a-b07e-9bb4cc536b46	1	164161693	174827267	7595	0.004
58fedb39-a3b9-4c7a-b07e-9bb4cc536b46	1	174827418	174828472	13	-0.7406
58fedb39-a3b9-4c7a-b07e-9bb4cc536b46	1	174828549	196761905	14650	-0.001
58fedb39-a3b9-4c7a-b07e-9bb4cc536b46	1	196762480	196846661	59	-0.456
58fedb39-a3b9-4c7a-b07e-9bb4cc536b46	1	196847600	229675422	21836	-0.0004
58fedb39-a3b9-4c7a-b07e-9bb4cc536b46	1	229681109	229684449	3	-3.7512
58fedb39-a3b9-4c7a-b07e-9bb4cc536b46	1	229684709	248546369	13805	0.0018
58fedb39-a3b9-4c7a-b07e-9bb4cc536b46	1	248550567	248633912	35	-0.7154
58fedb39-a3b9-4c7a-b07e-9bb4cc536b46	1	248645563	248930189	141	0.0198
58fedb39-a3b9-4c7a-b07e-9bb4cc536b46	2	12784	34466002	24094	0.0078
58fedb39-a3b9-4c7a-b07e-9bb4cc536b46	2	34474248	34486407	16	-0.7903
58fedb39-a3b9-4c7a-b07e-9bb4cc536b46	2	34491703	34492416	9	0.1443
58fedb39-a3b9-4c7a-b07e-9bb4cc536b46	2	34492601	34511990	21	-0.5572
58fedb39-a3b9-4c7a-b07e-9bb4cc536b46	2	34512096	49305903	10732	-0.0043
58fedb39-a3b9-4c7a-b07e-9bb4cc536b46	2	49308629	49314051	4	-2.6039
58fedb39-a3b9-4c7a-b07e-9bb4cc536b46	2	49317902	97211436	26149	0.0051
58fedb39-a3b9-4c7a-b07e-9bb4cc536b46	2	97310327	97638277	41	-0.3299
58fedb39-a3b9-4c7a-b07e-9bb4cc536b46	2	97638482	106258266	5548	0.0026
58fedb39-a3b9-4c7a-b07e-9bb4cc536b46	2	106263639	106270799	13	0.6555
58fedb39-a3b9-4c7a-b07e-9bb4cc536b46	2	106270952	129026586	13513	0.0095
58fedb39-a3b9-4c7a-b07e-9bb4cc536b46	2	129027150	129031535	4	-1.2004
58fedb39-a3b9-4c7a-b07e-9bb4cc536b46	2	129031762	242147305	69396	0.0028
58fedb39-a3b9-4c7a-b07e-9bb4cc536b46	3	20930	6604856	5818	0.0005
58fedb39-a3b9-4c7a-b07e-9bb4cc536b46	3	6609441	6611645	23	-0.7249
58fedb39-a3b9-4c7a-b07e-9bb4cc536b46	3	6613391	21246112	10064	0.0065
58fedb39-a3b9-4c7a-b07e-9bb4cc536b46	3	21250027	21257148	4	-1.0628
58fedb39-a3b9-4c7a-b07e-9bb4cc536b46	3	21257267	35762283	10199	0.0014
58fedb39-a3b9-4c7a-b07e-9bb4cc536b46	3	35762590	35763779	2	-1.5611
58fedb39-a3b9-4c7a-b07e-9bb4cc536b46	3	35765257	36608437	670	0.0104
58fedb39-a3b9-4c7a-b07e-9bb4cc536b46	3	36608548	36635655	22	0.3573
58fedb39-a3b9-4c7a-b07e-9bb4cc536b46	3	36635994	46760515	6397	0.0015
58fedb39-a3b9-4c7a-b07e-9bb4cc536b46	3	46760755	46790521	21	0.3601
58fedb39-a3b9-4c7a-b07e-9bb4cc536b46	3	46790560	47358421	255	-0.02
58fedb39-a3b9-4c7a-b07e-9bb4cc536b46	3	47358841	47363961	3	0.9031
58fedb39-a3b9-4c7a-b07e-9bb4cc536b46	3	47367722	52998022	2264	-0.0072
58fedb39-a3b9-4c7a-b07e-9bb4cc536b46	3	52999132	53003069	12	0.4721
58fedb39-a3b9-4c7a-b07e-9bb4cc536b46	3	53003224	68697013	12044	0.0004
58fedb39-a3b9-4c7a-b07e-9bb4cc536b46	3	68697108	68698262	14	2.4533
58fedb39-a3b9-4c7a-b07e-9bb4cc536b46	3	68699607	73738723	3803	0.0074
58fedb39-a3b9-4c7a-b07e-9bb4cc536b46	3	73738853	73738873	2	-2.038
58fedb39-a3b9-4c7a-b07e-9bb4cc536b46	3	73739033	75314423	1031	-0.0093
58fedb39-a3b9-4c7a-b07e-9bb4cc536b46	3	75315279	75845381	162	0.1814
58fedb39-a3b9-4c7a-b07e-9bb4cc536b46	3	75852300	84650607	4915	-0.0004
58fedb39-a3b9-4c7a-b07e-9bb4cc536b46	3	84650642	84652985	12	-0.5708
58fedb39-a3b9-4c7a-b07e-9bb4cc536b46	3	84653010	99218940	5983	-0.0016
58fedb39-a3b9-4c7a-b07e-9bb4cc536b46	3	99225614	99230457	35	-0.6632
58fedb39-a3b9-4c7a-b07e-9bb4cc536b46	3	99230464	119631498	12624	0.0019
58fedb39-a3b9-4c7a-b07e-9bb4cc536b46	3	119632551	119635091	5	-1.4833
58fedb39-a3b9-4c7a-b07e-9bb4cc536b46	3	119636564	125950205	3696	-0.0005
58fedb39-a3b9-4c7a-b07e-9bb4cc536b46	3	125954540	125957120	3	-1.1193
58fedb39-a3b9-4c7a-b07e-9bb4cc536b46	3	125961657	145761336	12176	0.0055
58fedb39-a3b9-4c7a-b07e-9bb4cc536b46	3	145761448	145761775	2	-1.3201
58fedb39-a3b9-4c7a-b07e-9bb4cc536b46	3	145762978	162790404	10513	-0.0021
58fedb39-a3b9-4c7a-b07e-9bb4cc536b46	3	162790480	162807070	13	0.4933
58fedb39-a3b9-4c7a-b07e-9bb4cc536b46	3	162810842	162822702	10	-0.3486
58fedb39-a3b9-4c7a-b07e-9bb4cc536b46	3	162827928	162908207	48	0.4353
58fedb39-a3b9-4c7a-b07e-9bb4cc536b46	3	162908784	173813439	6565	-0.0066
58fedb39-a3b9-4c7a-b07e-9bb4cc536b46	3	173815767	173825619	7	-0.6873
58fedb39-a3b9-4c7a-b07e-9bb4cc536b46	3	173825661	193155915	12600	-0.0024
58fedb39-a3b9-4c7a-b07e-9bb4cc536b46	3	193156018	193161217	9	0.7742
58fedb39-a3b9-4c7a-b07e-9bb4cc536b46	3	193162684	193425625	194	0.014
58fedb39-a3b9-4c7a-b07e-9bb4cc536b46	3	193425699	193425759	2	-1.2561
58fedb39-a3b9-4c7a-b07e-9bb4cc536b46	3	193426083	198169247	2510	0.0082
58fedb39-a3b9-4c7a-b07e-9bb4cc536b46	4	68929	9455251	5161	0.0093
58fedb39-a3b9-4c7a-b07e-9bb4cc536b46	4	9459504	9477699	6	-0.8862
58fedb39-a3b9-4c7a-b07e-9bb4cc536b46	4	9484440	10227193	547	0.0331
58fedb39-a3b9-4c7a-b07e-9bb4cc536b46	4	10227256	10233644	29	0.4835
58fedb39-a3b9-4c7a-b07e-9bb4cc536b46	4	10234518	30061416	14163	0.004
58fedb39-a3b9-4c7a-b07e-9bb4cc536b46	4	30061711	30074609	10	-0.6938
58fedb39-a3b9-4c7a-b07e-9bb4cc536b46	4	30074650	34777353	2793	-0.0038
58fedb39-a3b9-4c7a-b07e-9bb4cc536b46	4	34777382	34777432	4	-0.9921
58fedb39-a3b9-4c7a-b07e-9bb4cc536b46	4	34784878	34823103	38	-2.6467
58fedb39-a3b9-4c7a-b07e-9bb4cc536b46	4	34828250	63828222	16563	0.002
58fedb39-a3b9-4c7a-b07e-9bb4cc536b46	4	63831751	63842540	27	-1.3798
58fedb39-a3b9-4c7a-b07e-9bb4cc536b46	4	63850713	68378716	2851	-0.0111
58fedb39-a3b9-4c7a-b07e-9bb4cc536b46	4	68389352	68391041	2	-2.1077
58fedb39-a3b9-4c7a-b07e-9bb4cc536b46	4	68394355	68478894	17	-0.0025
58fedb39-a3b9-4c7a-b07e-9bb4cc536b46	4	68494770	68655691	71	0.7428
58fedb39-a3b9-4c7a-b07e-9bb4cc536b46	4	68663241	121353499	32053	-0.0002
58fedb39-a3b9-4c7a-b07e-9bb4cc536b46	4	121360818	121363827	28	-0.7878
58fedb39-a3b9-4c7a-b07e-9bb4cc536b46	4	121363980	123998584	1425	0.0081
58fedb39-a3b9-4c7a-b07e-9bb4cc536b46	4	123998688	124003041	3	-0.8681
58fedb39-a3b9-4c7a-b07e-9bb4cc536b46	4	124003737	126459182	1534	-0.0071
58fedb39-a3b9-4c7a-b07e-9bb4cc536b46	4	126462231	126467900	2	-1.6937
58fedb39-a3b9-4c7a-b07e-9bb4cc536b46	4	126468395	137018350	5800	-0.0151
58fedb39-a3b9-4c7a-b07e-9bb4cc536b46	4	137018622	137025215	13	-0.6208
58fedb39-a3b9-4c7a-b07e-9bb4cc536b46	4	137027745	161025607	14902	-0.0016
58fedb39-a3b9-4c7a-b07e-9bb4cc536b46	4	161031076	161081425	41	0.5159
58fedb39-a3b9-4c7a-b07e-9bb4cc536b46	4	161082067	171447380	6570	-0.0015
58fedb39-a3b9-4c7a-b07e-9bb4cc536b46	4	171448195	171456573	12	0.5624
58fedb39-a3b9-4c7a-b07e-9bb4cc536b46	4	171456625	186699490	10307	-0.0023
58fedb39-a3b9-4c7a-b07e-9bb4cc536b46	4	186700127	186700414	2	-1.5256
58fedb39-a3b9-4c7a-b07e-9bb4cc536b46	4	186700996	188300104	1039	0.0075
58fedb39-a3b9-4c7a-b07e-9bb4cc536b46	4	188300206	188300221	2	-2.0967
58fedb39-a3b9-4c7a-b07e-9bb4cc536b46	4	188300270	190106768	1143	-0.0112
58fedb39-a3b9-4c7a-b07e-9bb4cc536b46	5	15532	12791608	10193	0.0067
58fedb39-a3b9-4c7a-b07e-9bb4cc536b46	5	12800777	12838421	15	0.618
58fedb39-a3b9-4c7a-b07e-9bb4cc536b46	5	12849089	21376735	5462	-0.0057
58fedb39-a3b9-4c7a-b07e-9bb4cc536b46	5	21377730	21377744	2	1.8545
58fedb39-a3b9-4c7a-b07e-9bb4cc536b46	5	21385957	26789387	3184	-0.0103
58fedb39-a3b9-4c7a-b07e-9bb4cc536b46	5	26797651	26797735	2	-2.0395
58fedb39-a3b9-4c7a-b07e-9bb4cc536b46	5	26803775	104515520	43771	-0.0036
58fedb39-a3b9-4c7a-b07e-9bb4cc536b46	5	104524672	104524903	4	-1.3033
58fedb39-a3b9-4c7a-b07e-9bb4cc536b46	5	104525348	152134610	30776	0.0002
58fedb39-a3b9-4c7a-b07e-9bb4cc536b46	5	152135825	152138790	14	-0.6789
58fedb39-a3b9-4c7a-b07e-9bb4cc536b46	5	152140710	156054939	2664	0.0042
58fedb39-a3b9-4c7a-b07e-9bb4cc536b46	5	156055000	156055524	4	-1.0528
58fedb39-a3b9-4c7a-b07e-9bb4cc536b46	5	156055539	168738006	8592	-0.0022
58fedb39-a3b9-4c7a-b07e-9bb4cc536b46	5	168738300	168738394	2	-1.5786
58fedb39-a3b9-4c7a-b07e-9bb4cc536b46	5	168743570	177771448	6215	0.009
58fedb39-a3b9-4c7a-b07e-9bb4cc536b46	5	177800550	177801578	2	-1.3992
58fedb39-a3b9-4c7a-b07e-9bb4cc536b46	5	177805604	180750342	1686	-0.0035
58fedb39-a3b9-4c7a-b07e-9bb4cc536b46	5	180754412	180766199	7	0.7398
58fedb39-a3b9-4c7a-b07e-9bb4cc536b46	5	180766779	181363319	293	0.0422
58fedb39-a3b9-4c7a-b07e-9bb4cc536b46	6	149661	252772	97	0.0158
58fedb39-a3b9-4c7a-b07e-9bb4cc536b46	6	253272	366333	97	0.2027
58fedb39-a3b9-4c7a-b07e-9bb4cc536b46	6	373453	23060763	17518	-0.0011
58fedb39-a3b9-4c7a-b07e-9bb4cc536b46	6	23060767	23064026	3	-1.2559
58fedb39-a3b9-4c7a-b07e-9bb4cc536b46	6	23067417	26747492	2522	-0.014
58fedb39-a3b9-4c7a-b07e-9bb4cc536b46	6	26747504	26855781	11	0.7131
58fedb39-a3b9-4c7a-b07e-9bb4cc536b46	6	26859166	29882603	1428	0.0048
58fedb39-a3b9-4c7a-b07e-9bb4cc536b46	6	29903859	29933799	16	-0.8035
58fedb39-a3b9-4c7a-b07e-9bb4cc536b46	6	29940692	31313046	642	0.0129
58fedb39-a3b9-4c7a-b07e-9bb4cc536b46	6	31318499	31319724	6	-1.004
58fedb39-a3b9-4c7a-b07e-9bb4cc536b46	6	31327629	32463515	502	0.0178
58fedb39-a3b9-4c7a-b07e-9bb4cc536b46	6	32463775	32605994	35	1.0558
58fedb39-a3b9-4c7a-b07e-9bb4cc536b46	6	32606237	33970966	833	0.0228
58fedb39-a3b9-4c7a-b07e-9bb4cc536b46	6	33974234	33974928	6	-1.0263
58fedb39-a3b9-4c7a-b07e-9bb4cc536b46	6	33976809	54066286	12892	0.003
58fedb39-a3b9-4c7a-b07e-9bb4cc536b46	6	54066353	54067057	7	-1.3894
58fedb39-a3b9-4c7a-b07e-9bb4cc536b46	6	54070550	78259388	13164	-0.0029
58fedb39-a3b9-4c7a-b07e-9bb4cc536b46	6	78261980	78325310	109	0.1901
58fedb39-a3b9-4c7a-b07e-9bb4cc536b46	6	78325457	93858713	9958	-0.0007
58fedb39-a3b9-4c7a-b07e-9bb4cc536b46	6	93859703	94471163	410	-0.0938
58fedb39-a3b9-4c7a-b07e-9bb4cc536b46	6	94471284	103290101	5108	-0.0004
58fedb39-a3b9-4c7a-b07e-9bb4cc536b46	6	103290164	103314186	45	0.7513
58fedb39-a3b9-4c7a-b07e-9bb4cc536b46	6	103317795	115057911	7315	-0.0007
58fedb39-a3b9-4c7a-b07e-9bb4cc536b46	6	115057996	115086809	3	-1.1754
58fedb39-a3b9-4c7a-b07e-9bb4cc536b46	6	115087407	131960658	10336	-0.0003
58fedb39-a3b9-4c7a-b07e-9bb4cc536b46	6	131961171	131962343	2	-1.7966
58fedb39-a3b9-4c7a-b07e-9bb4cc536b46	6	131962725	154639748	15342	-0.0032
58fedb39-a3b9-4c7a-b07e-9bb4cc536b46	6	154642532	154644703	3	-1.1713
58fedb39-a3b9-4c7a-b07e-9bb4cc536b46	6	154645133	170741917	11177	0.0031
58fedb39-a3b9-4c7a-b07e-9bb4cc536b46	7	43355	109801155	66951	0.0004
58fedb39-a3b9-4c7a-b07e-9bb4cc536b46	7	109801187	109813853	11	-0.8604
58fedb39-a3b9-4c7a-b07e-9bb4cc536b46	7	109813925	126405502	10031	-0.0006
58fedb39-a3b9-4c7a-b07e-9bb4cc536b46	7	126405597	126406822	11	-1.1188
58fedb39-a3b9-4c7a-b07e-9bb4cc536b46	7	126406823	134100424	4700	-0.0044
58fedb39-a3b9-4c7a-b07e-9bb4cc536b46	7	134100442	134110881	25	0.4112
58fedb39-a3b9-4c7a-b07e-9bb4cc536b46	7	134110912	142010924	5159	-0.0027
58fedb39-a3b9-4c7a-b07e-9bb4cc536b46	7	142011099	142063324	44	0.1173
58fedb39-a3b9-4c7a-b07e-9bb4cc536b46	7	142069843	142092108	33	0.5316
58fedb39-a3b9-4c7a-b07e-9bb4cc536b46	7	142092307	142709987	400	0.1116
58fedb39-a3b9-4c7a-b07e-9bb4cc536b46	7	142710446	159334314	10466	0.0031
58fedb39-a3b9-4c7a-b07e-9bb4cc536b46	8	81254	2679484	1855	0.0285
58fedb39-a3b9-4c7a-b07e-9bb4cc536b46	8	2682544	2700967	21	0.5572
58fedb39-a3b9-4c7a-b07e-9bb4cc536b46	8	2701532	2844412	164	0.0283
58fedb39-a3b9-4c7a-b07e-9bb4cc536b46	8	2846011	2846377	7	0.746
58fedb39-a3b9-4c7a-b07e-9bb4cc536b46	8	2849649	4046818	1499	-0.008
58fedb39-a3b9-4c7a-b07e-9bb4cc536b46	8	4046934	4047149	2	-1.5079
58fedb39-a3b9-4c7a-b07e-9bb4cc536b46	8	4047195	7397588	4205	0.0051
58fedb39-a3b9-4c7a-b07e-9bb4cc536b46	8	7414835	7941868	28	-0.6773
58fedb39-a3b9-4c7a-b07e-9bb4cc536b46	8	7974123	12385031	3267	0.017
58fedb39-a3b9-4c7a-b07e-9bb4cc536b46	8	12387683	12387748	2	-1.4851
58fedb39-a3b9-4c7a-b07e-9bb4cc536b46	8	12389679	15424900	2662	-0.0039
58fedb39-a3b9-4c7a-b07e-9bb4cc536b46	8	15425239	15437936	7	-0.8004
58fedb39-a3b9-4c7a-b07e-9bb4cc536b46	8	15439194	39389156	16804	-0.0008
58fedb39-a3b9-4c7a-b07e-9bb4cc536b46	8	39389592	39529446	57	-0.2565
58fedb39-a3b9-4c7a-b07e-9bb4cc536b46	8	39530780	50119451	4583	-0.0015
58fedb39-a3b9-4c7a-b07e-9bb4cc536b46	8	50119464	50119479	2	-1.4305
58fedb39-a3b9-4c7a-b07e-9bb4cc536b46	8	50119511	63936079	9067	0.0009
58fedb39-a3b9-4c7a-b07e-9bb4cc536b46	8	63936340	63936561	6	1.2794
58fedb39-a3b9-4c7a-b07e-9bb4cc536b46	8	63936953	111282065	28358	-0.0034
58fedb39-a3b9-4c7a-b07e-9bb4cc536b46	8	111282237	111283031	8	-1.4253
58fedb39-a3b9-4c7a-b07e-9bb4cc536b46	8	111288052	142662564	22048	0.0019
58fedb39-a3b9-4c7a-b07e-9bb4cc536b46	8	142668300	142668654	3	-1.3277
58fedb39-a3b9-4c7a-b07e-9bb4cc536b46	8	142670817	145072769	863	0.0153
58fedb39-a3b9-4c7a-b07e-9bb4cc536b46	9	46587	5079156	5243	0.0087
58fedb39-a3b9-4c7a-b07e-9bb4cc536b46	9	5081416	5081766	8	-0.961
58fedb39-a3b9-4c7a-b07e-9bb4cc536b46	9	5081852	39807498	25934	-0.0011
58fedb39-a3b9-4c7a-b07e-9bb4cc536b46	9	39827488	39833357	2	-1.8903
58fedb39-a3b9-4c7a-b07e-9bb4cc536b46	9	39840169	61374282	192	0.0366
58fedb39-a3b9-4c7a-b07e-9bb4cc536b46	9	61378951	61647899	32	0.8886
58fedb39-a3b9-4c7a-b07e-9bb4cc536b46	9	61665362	77154478	6675	0.0049
58fedb39-a3b9-4c7a-b07e-9bb4cc536b46	9	77155482	77162488	29	0.5288
58fedb39-a3b9-4c7a-b07e-9bb4cc536b46	9	77171212	138200944	41394	0.0023
58fedb39-a3b9-4c7a-b07e-9bb4cc536b46	10	45792	19123802	15796	0.003
58fedb39-a3b9-4c7a-b07e-9bb4cc536b46	10	19124439	19786491	536	-0.8215
58fedb39-a3b9-4c7a-b07e-9bb4cc536b46	10	19787685	24086334	2864	-0.0063
58fedb39-a3b9-4c7a-b07e-9bb4cc536b46	10	24088745	24089125	11	-2.1622
58fedb39-a3b9-4c7a-b07e-9bb4cc536b46	10	24089979	46522514	12471	-0.0048
58fedb39-a3b9-4c7a-b07e-9bb4cc536b46	10	46522571	46526248	13	0.6279
58fedb39-a3b9-4c7a-b07e-9bb4cc536b46	10	46526265	46836986	42	-0.0113
58fedb39-a3b9-4c7a-b07e-9bb4cc536b46	10	46898735	46901552	2	2.3717
58fedb39-a3b9-4c7a-b07e-9bb4cc536b46	10	46967412	50081224	1679	0.0042
58fedb39-a3b9-4c7a-b07e-9bb4cc536b46	10	50097459	50144008	4	-0.9911
58fedb39-a3b9-4c7a-b07e-9bb4cc536b46	10	50150838	69515737	13577	-0.0011
58fedb39-a3b9-4c7a-b07e-9bb4cc536b46	10	69522716	69523086	5	-1.8782
58fedb39-a3b9-4c7a-b07e-9bb4cc536b46	10	69531858	79624118	6683	0.0037
58fedb39-a3b9-4c7a-b07e-9bb4cc536b46	10	79624128	79737715	12	-0.5917
58fedb39-a3b9-4c7a-b07e-9bb4cc536b46	10	79737848	133654968	36993	0.0059
58fedb39-a3b9-4c7a-b07e-9bb4cc536b46	11	198510	18909781	12661	0.0024
58fedb39-a3b9-4c7a-b07e-9bb4cc536b46	11	18911502	18949866	63	0.2975
58fedb39-a3b9-4c7a-b07e-9bb4cc536b46	11	18950075	37472628	13683	-0.0027
58fedb39-a3b9-4c7a-b07e-9bb4cc536b46	11	37475966	37482914	3	-1.0145
58fedb39-a3b9-4c7a-b07e-9bb4cc536b46	11	37484015	42791601	3491	-0.0049
58fedb39-a3b9-4c7a-b07e-9bb4cc536b46	11	42794936	42796489	2	-3.2406
58fedb39-a3b9-4c7a-b07e-9bb4cc536b46	11	42799053	55595864	4585	0.006
58fedb39-a3b9-4c7a-b07e-9bb4cc536b46	11	55606556	55672514	47	0.3121
58fedb39-a3b9-4c7a-b07e-9bb4cc536b46	11	55674842	81792426	14588	-0.0017
58fedb39-a3b9-4c7a-b07e-9bb4cc536b46	11	81792950	81806116	10	-0.9564
58fedb39-a3b9-4c7a-b07e-9bb4cc536b46	11	81811590	135074876	37717	0.001
58fedb39-a3b9-4c7a-b07e-9bb4cc536b46	12	51460	11061546	7232	0.0058
58fedb39-a3b9-4c7a-b07e-9bb4cc536b46	12	11062773	11099275	14	0.5331
58fedb39-a3b9-4c7a-b07e-9bb4cc536b46	12	11104230	11350939	127	-0.0301
58fedb39-a3b9-4c7a-b07e-9bb4cc536b46	12	11351008	11388095	32	0.3213
58fedb39-a3b9-4c7a-b07e-9bb4cc536b46	12	11390452	27493059	11200	0.0041
58fedb39-a3b9-4c7a-b07e-9bb4cc536b46	12	27494808	27498429	28	-0.7349
58fedb39-a3b9-4c7a-b07e-9bb4cc536b46	12	27504228	27944039	325	-0.0258
58fedb39-a3b9-4c7a-b07e-9bb4cc536b46	12	27944175	27944711	8	-0.9485
58fedb39-a3b9-4c7a-b07e-9bb4cc536b46	12	27950527	33141726	3822	0.0052
58fedb39-a3b9-4c7a-b07e-9bb4cc536b46	12	33148472	33150932	20	0.4541
58fedb39-a3b9-4c7a-b07e-9bb4cc536b46	12	33151649	99401959	39297	0.0035
58fedb39-a3b9-4c7a-b07e-9bb4cc536b46	12	99401995	99404956	27	-0.5019
58fedb39-a3b9-4c7a-b07e-9bb4cc536b46	12	99409315	130077460	20849	0.0059
58fedb39-a3b9-4c7a-b07e-9bb4cc536b46	12	130079062	130154789	72	0.2287
58fedb39-a3b9-4c7a-b07e-9bb4cc536b46	12	130154918	130377429	208	0.0062
58fedb39-a3b9-4c7a-b07e-9bb4cc536b46	12	130377845	130378633	5	-0.8982
58fedb39-a3b9-4c7a-b07e-9bb4cc536b46	12	130378750	133201603	1579	0.0301
58fedb39-a3b9-4c7a-b07e-9bb4cc536b46	13	18452809	28087511	6686	0.0039
58fedb39-a3b9-4c7a-b07e-9bb4cc536b46	13	28087561	28088974	10	-0.5962
58fedb39-a3b9-4c7a-b07e-9bb4cc536b46	13	28089063	31957984	2871	-0.0013
58fedb39-a3b9-4c7a-b07e-9bb4cc536b46	13	31958485	31964286	18	-0.7363
58fedb39-a3b9-4c7a-b07e-9bb4cc536b46	13	31965910	34066991	1575	0.0059
58fedb39-a3b9-4c7a-b07e-9bb4cc536b46	13	34067830	34071004	5	0.8545
58fedb39-a3b9-4c7a-b07e-9bb4cc536b46	13	34071193	37501828	2323	-0.0077
58fedb39-a3b9-4c7a-b07e-9bb4cc536b46	13	37502130	37510620	12	0.6052
58fedb39-a3b9-4c7a-b07e-9bb4cc536b46	13	37514193	52250145	9825	-0.0002
58fedb39-a3b9-4c7a-b07e-9bb4cc536b46	13	52265369	52314782	10	0.5352
58fedb39-a3b9-4c7a-b07e-9bb4cc536b46	13	52315875	52502570	60	-0.0392
58fedb39-a3b9-4c7a-b07e-9bb4cc536b46	13	52505209	52520664	4	-1.8843
58fedb39-a3b9-4c7a-b07e-9bb4cc536b46	13	52523849	64777999	7139	-0.0065
58fedb39-a3b9-4c7a-b07e-9bb4cc536b46	13	64778119	64779363	2	-3.0228
58fedb39-a3b9-4c7a-b07e-9bb4cc536b46	13	64782151	114342922	33608	-0.0029
58fedb39-a3b9-4c7a-b07e-9bb4cc536b46	14	18239283	19078442	32	-0.0007
58fedb39-a3b9-4c7a-b07e-9bb4cc536b46	14	19110634	19134873	2	-1.3658
58fedb39-a3b9-4c7a-b07e-9bb4cc536b46	14	19138115	20881358	845	0.0084
58fedb39-a3b9-4c7a-b07e-9bb4cc536b46	14	20884940	20940797	22	0.6597
58fedb39-a3b9-4c7a-b07e-9bb4cc536b46	14	20941822	22131197	788	-0.0042
58fedb39-a3b9-4c7a-b07e-9bb4cc536b46	14	22131407	22788851	546	0.107
58fedb39-a3b9-4c7a-b07e-9bb4cc536b46	14	22794929	23957515	641	-0.0052
58fedb39-a3b9-4c7a-b07e-9bb4cc536b46	14	23975620	23977508	6	0.5524
58fedb39-a3b9-4c7a-b07e-9bb4cc536b46	14	23982222	24020067	27	-0.5921
58fedb39-a3b9-4c7a-b07e-9bb4cc536b46	14	24024866	26314707	1599	0.0148
58fedb39-a3b9-4c7a-b07e-9bb4cc536b46	14	26314708	26315707	6	0.722
58fedb39-a3b9-4c7a-b07e-9bb4cc536b46	14	26325898	41141293	9253	0.0007
58fedb39-a3b9-4c7a-b07e-9bb4cc536b46	14	41141487	41184774	12	-0.6616
58fedb39-a3b9-4c7a-b07e-9bb4cc536b46	14	41188046	73540003	20467	0.0023
58fedb39-a3b9-4c7a-b07e-9bb4cc536b46	14	73540147	73550817	5	-1.682
58fedb39-a3b9-4c7a-b07e-9bb4cc536b46	14	73550834	73563211	4	-0.7041
58fedb39-a3b9-4c7a-b07e-9bb4cc536b46	14	73564027	106297265	20863	0.0016
58fedb39-a3b9-4c7a-b07e-9bb4cc536b46	14	106297268	106297273	2	1.5271
58fedb39-a3b9-4c7a-b07e-9bb4cc536b46	14	106297409	106872075	289	0.0316
58fedb39-a3b9-4c7a-b07e-9bb4cc536b46	14	106873771	106877229	6	-0.7362
58fedb39-a3b9-4c7a-b07e-9bb4cc536b46	15	19811075	19998708	44	0.0117
58fedb39-a3b9-4c7a-b07e-9bb4cc536b46	15	20001686	20381108	55	0.3337
58fedb39-a3b9-4c7a-b07e-9bb4cc536b46	15	20381230	30077828	4728	0.0154
58fedb39-a3b9-4c7a-b07e-9bb4cc536b46	15	30094208	30715942	64	0.2564
58fedb39-a3b9-4c7a-b07e-9bb4cc536b46	15	30716220	61392006	19901	-0.0022
58fedb39-a3b9-4c7a-b07e-9bb4cc536b46	15	61395970	61405509	13	-1.1793
58fedb39-a3b9-4c7a-b07e-9bb4cc536b46	15	61405729	76598900	9115	-0.0037
58fedb39-a3b9-4c7a-b07e-9bb4cc536b46	15	76599170	76614006	34	0.4927
58fedb39-a3b9-4c7a-b07e-9bb4cc536b46	15	76614053	101928837	17609	0.0023
58fedb39-a3b9-4c7a-b07e-9bb4cc536b46	16	10777	22401034	14764	0.0127
58fedb39-a3b9-4c7a-b07e-9bb4cc536b46	16	22406996	22693199	83	-0.376
58fedb39-a3b9-4c7a-b07e-9bb4cc536b46	16	22699421	70091271	20866	0.003
58fedb39-a3b9-4c7a-b07e-9bb4cc536b46	16	70105639	70200633	19	-0.489
58fedb39-a3b9-4c7a-b07e-9bb4cc536b46	16	70212022	74363160	2296	0.0092
58fedb39-a3b9-4c7a-b07e-9bb4cc536b46	16	74364089	74373481	6	-0.7271
58fedb39-a3b9-4c7a-b07e-9bb4cc536b46	16	74418138	78337711	3207	0.0088
58fedb39-a3b9-4c7a-b07e-9bb4cc536b46	16	78338543	78349243	15	0.9429
58fedb39-a3b9-4c7a-b07e-9bb4cc536b46	16	78350841	90096867	10621	0.015
58fedb39-a3b9-4c7a-b07e-9bb4cc536b46	17	150733	36109315	18258	0.0048
58fedb39-a3b9-4c7a-b07e-9bb4cc536b46	17	36109735	36200725	35	0.4632
58fedb39-a3b9-4c7a-b07e-9bb4cc536b46	17	36208249	41265433	2524	-0.0028
58fedb39-a3b9-4c7a-b07e-9bb4cc536b46	17	41265456	41273905	21	-0.7024
58fedb39-a3b9-4c7a-b07e-9bb4cc536b46	17	41273921	41274198	3	-2.7437
58fedb39-a3b9-4c7a-b07e-9bb4cc536b46	17	41274279	46085732	2501	-0.0025
58fedb39-a3b9-4c7a-b07e-9bb4cc536b46	17	46088437	46120791	26	-0.3684
58fedb39-a3b9-4c7a-b07e-9bb4cc536b46	17	46124022	57610128	7108	-0.0029
58fedb39-a3b9-4c7a-b07e-9bb4cc536b46	17	57610972	57611632	2	1.4793
58fedb39-a3b9-4c7a-b07e-9bb4cc536b46	17	57614632	73814867	9803	-0.0014
58fedb39-a3b9-4c7a-b07e-9bb4cc536b46	17	73817489	74684398	565	0.0781
58fedb39-a3b9-4c7a-b07e-9bb4cc536b46	17	74684915	83091923	4198	0.0046
58fedb39-a3b9-4c7a-b07e-9bb4cc536b46	18	48133	40004506	22317	-0.0049
58fedb39-a3b9-4c7a-b07e-9bb4cc536b46	18	40005074	40005776	2	-1.9513
58fedb39-a3b9-4c7a-b07e-9bb4cc536b46	18	40006452	40680506	478	-0.0301
58fedb39-a3b9-4c7a-b07e-9bb4cc536b46	18	40680516	40685399	13	-1.1175
58fedb39-a3b9-4c7a-b07e-9bb4cc536b46	18	40685413	64556688	16478	-0.0046
58fedb39-a3b9-4c7a-b07e-9bb4cc536b46	18	64559560	64574658	11	0.4959
58fedb39-a3b9-4c7a-b07e-9bb4cc536b46	18	64575157	67938472	2338	-0.0144
58fedb39-a3b9-4c7a-b07e-9bb4cc536b46	18	67941368	68116276	148	-1.0673
58fedb39-a3b9-4c7a-b07e-9bb4cc536b46	18	68116392	68179088	39	-0.005
58fedb39-a3b9-4c7a-b07e-9bb4cc536b46	18	68182141	68216106	32	-1.1319
58fedb39-a3b9-4c7a-b07e-9bb4cc536b46	18	68228789	73463268	3936	-0.0225
58fedb39-a3b9-4c7a-b07e-9bb4cc536b46	18	73464226	73491547	24	-1.1846
58fedb39-a3b9-4c7a-b07e-9bb4cc536b46	18	73491891	80257174	4934	0.0001
58fedb39-a3b9-4c7a-b07e-9bb4cc536b46	19	90910	35364547	16714	0.0069
58fedb39-a3b9-4c7a-b07e-9bb4cc536b46	19	35365141	35370946	19	-0.4476
58fedb39-a3b9-4c7a-b07e-9bb4cc536b46	19	35375842	58586487	12382	0.0069
58fedb39-a3b9-4c7a-b07e-9bb4cc536b46	20	80664	1601561	1240	0.012
58fedb39-a3b9-4c7a-b07e-9bb4cc536b46	20	1609611	1613247	5	-1.756
58fedb39-a3b9-4c7a-b07e-9bb4cc536b46	20	1617300	24066363	17474	0.001
58fedb39-a3b9-4c7a-b07e-9bb4cc536b46	20	24066517	24066686	2	1.3499
58fedb39-a3b9-4c7a-b07e-9bb4cc536b46	20	24067444	44892677	9700	0.0039
58fedb39-a3b9-4c7a-b07e-9bb4cc536b46	20	44895251	44942455	36	0.379
58fedb39-a3b9-4c7a-b07e-9bb4cc536b46	20	44943605	64324800	13933	0.0028
58fedb39-a3b9-4c7a-b07e-9bb4cc536b46	21	10354168	26908194	9858	-0.0065
58fedb39-a3b9-4c7a-b07e-9bb4cc536b46	21	26910341	26910533	3	-1.8357
58fedb39-a3b9-4c7a-b07e-9bb4cc536b46	21	26911285	46677045	14003	0.0017
58fedb39-a3b9-4c7a-b07e-9bb4cc536b46	22	15294547	21943287	2903	0.0229
58fedb39-a3b9-4c7a-b07e-9bb4cc536b46	22	21943356	21943562	2	1.5884
58fedb39-a3b9-4c7a-b07e-9bb4cc536b46	22	21944006	23981995	1489	0.0304
58fedb39-a3b9-4c7a-b07e-9bb4cc536b46	22	23987520	23990739	5	-1.0596
58fedb39-a3b9-4c7a-b07e-9bb4cc536b46	22	23995113	50796027	18881	0.0017
58fedb39-a3b9-4c7a-b07e-9bb4cc536b46	X	251810	6543409	2982	-0.0017
58fedb39-a3b9-4c7a-b07e-9bb4cc536b46	X	6549873	6729070	119	0.5088
58fedb39-a3b9-4c7a-b07e-9bb4cc536b46	X	6734117	151124426	78185	-0.0006
58fedb39-a3b9-4c7a-b07e-9bb4cc536b46	X	151125462	151126987	2	-2.1184
58fedb39-a3b9-4c7a-b07e-9bb4cc536b46	X	151128083	152918876	1123	-0.0037
58fedb39-a3b9-4c7a-b07e-9bb4cc536b46	X	152919708	153037475	108	0.1772
58fedb39-a3b9-4c7a-b07e-9bb4cc536b46	X	153042014	155952689	1133	-0.0002
58fedb39-a3b9-4c7a-b07e-9bb4cc536b46	Y	2782397	6249869	784	-2.5806
58fedb39-a3b9-4c7a-b07e-9bb4cc536b46	Y	6252391	17056790	4237	-3.0822
58fedb39-a3b9-4c7a-b07e-9bb4cc536b46	Y	17058562	17067660	4	-6.9705
58fedb39-a3b9-4c7a-b07e-9bb4cc536b46	Y	17070391	23586854	1422	-3.1163
58fedb39-a3b9-4c7a-b07e-9bb4cc536b46	Y	23784615	56872112	192	-2.702
