GDC_Aliquot	Chromosome	Start	End	Num_Probes	Segment_Mean
69a5067b-b30a-41f4-b170-c7a28c5d483a	1	62920	22167179	12181	0.0013
69a5067b-b30a-41f4-b170-c7a28c5d483a	1	22167484	22182713	13	-1.0737
69a5067b-b30a-41f4-b170-c7a28c5d483a	1	22187743	53968937	17426	-0.003
69a5067b-b30a-41f4-b170-c7a28c5d483a	1	53969370	53974555	3	-1.5946
69a5067b-b30a-41f4-b170-c7a28c5d483a	1	53982416	61971271	6042	0.0022
69a5067b-b30a-41f4-b170-c7a28c5d483a	1	61973559	61989000	38	-0.7523
69a5067b-b30a-41f4-b170-c7a28c5d483a	1	61989112	72305460	7013	0.0004
69a5067b-b30a-41f4-b170-c7a28c5d483a	1	72305684	72332911	24	-0.507
69a5067b-b30a-41f4-b170-c7a28c5d483a	1	72332927	77308743	3209	-0.0001
69a5067b-b30a-41f4-b170-c7a28c5d483a	1	77309187	77314151	22	-0.8184
69a5067b-b30a-41f4-b170-c7a28c5d483a	1	77315985	105058551	17472	0.0007
69a5067b-b30a-41f4-b170-c7a28c5d483a	1	105061228	105061946	2	-2.5275
69a5067b-b30a-41f4-b170-c7a28c5d483a	1	105063458	105470754	226	-0.068
69a5067b-b30a-41f4-b170-c7a28c5d483a	1	105476583	105479753	17	1.1186
69a5067b-b30a-41f4-b170-c7a28c5d483a	1	105481433	106676768	773	-0.0086
69a5067b-b30a-41f4-b170-c7a28c5d483a	1	106679096	106680658	5	-1.3039
69a5067b-b30a-41f4-b170-c7a28c5d483a	1	106682554	109684893	1851	-0.0034
69a5067b-b30a-41f4-b170-c7a28c5d483a	1	109690352	109697556	13	1.2233
69a5067b-b30a-41f4-b170-c7a28c5d483a	1	109702376	110834948	838	-0.0084
69a5067b-b30a-41f4-b170-c7a28c5d483a	1	110834953	110849445	36	-0.7101
69a5067b-b30a-41f4-b170-c7a28c5d483a	1	110850675	111769532	706	0.0016
69a5067b-b30a-41f4-b170-c7a28c5d483a	1	111769589	111769929	3	1.1293
69a5067b-b30a-41f4-b170-c7a28c5d483a	1	111770456	112153343	362	-0.0186
69a5067b-b30a-41f4-b170-c7a28c5d483a	1	112153465	112163518	31	0.494
69a5067b-b30a-41f4-b170-c7a28c5d483a	1	112163527	114289343	1317	-0.0044
69a5067b-b30a-41f4-b170-c7a28c5d483a	1	114291004	114291088	2	-1.8639
69a5067b-b30a-41f4-b170-c7a28c5d483a	1	114291180	152789463	6466	0.0121
69a5067b-b30a-41f4-b170-c7a28c5d483a	1	152789479	152796094	34	0.5207
69a5067b-b30a-41f4-b170-c7a28c5d483a	1	152796224	154713065	1081	-0.0095
69a5067b-b30a-41f4-b170-c7a28c5d483a	1	154713131	154714693	2	-1.3686
69a5067b-b30a-41f4-b170-c7a28c5d483a	1	154714997	155687178	467	0.0072
69a5067b-b30a-41f4-b170-c7a28c5d483a	1	155691436	155693566	3	-3.463
69a5067b-b30a-41f4-b170-c7a28c5d483a	1	155697170	161648901	3699	-0.0015
69a5067b-b30a-41f4-b170-c7a28c5d483a	1	161649069	161649268	6	0.8758
69a5067b-b30a-41f4-b170-c7a28c5d483a	1	161678447	169247699	5998	0.0015
69a5067b-b30a-41f4-b170-c7a28c5d483a	1	169264736	169269320	4	-0.9912
69a5067b-b30a-41f4-b170-c7a28c5d483a	1	169269493	194479104	16700	0.005
69a5067b-b30a-41f4-b170-c7a28c5d483a	1	194482281	194485888	2	1.66
69a5067b-b30a-41f4-b170-c7a28c5d483a	1	194487886	196745743	1450	0.007
69a5067b-b30a-41f4-b170-c7a28c5d483a	1	196758720	196846661	61	-0.6649
69a5067b-b30a-41f4-b170-c7a28c5d483a	1	196847600	248546369	35566	-0.0018
69a5067b-b30a-41f4-b170-c7a28c5d483a	1	248550567	248633912	35	-0.6118
69a5067b-b30a-41f4-b170-c7a28c5d483a	1	248645563	248930189	141	0.0659
69a5067b-b30a-41f4-b170-c7a28c5d483a	2	12784	34476516	24062	0.0051
69a5067b-b30a-41f4-b170-c7a28c5d483a	2	34476558	34502547	38	0.4402
69a5067b-b30a-41f4-b170-c7a28c5d483a	2	34502718	34776488	193	0.0491
69a5067b-b30a-41f4-b170-c7a28c5d483a	2	34776574	34784153	10	-0.6514
69a5067b-b30a-41f4-b170-c7a28c5d483a	2	34784812	51424829	12025	0.0063
69a5067b-b30a-41f4-b170-c7a28c5d483a	2	51424887	51424987	5	-0.9341
69a5067b-b30a-41f4-b170-c7a28c5d483a	2	51426992	52527743	748	0.0033
69a5067b-b30a-41f4-b170-c7a28c5d483a	2	52531615	52554404	33	0.7041
69a5067b-b30a-41f4-b170-c7a28c5d483a	2	52560811	86710564	21889	0.0046
69a5067b-b30a-41f4-b170-c7a28c5d483a	2	86725947	86726731	2	-2.0236
69a5067b-b30a-41f4-b170-c7a28c5d483a	2	86743283	89981062	866	-0.0031
69a5067b-b30a-41f4-b170-c7a28c5d483a	2	89981175	90309328	123	0.1796
69a5067b-b30a-41f4-b170-c7a28c5d483a	2	91670923	146104517	30313	0.0055
69a5067b-b30a-41f4-b170-c7a28c5d483a	2	146106836	146109366	24	0.7269
69a5067b-b30a-41f4-b170-c7a28c5d483a	2	146120238	188254196	25692	0.0071
69a5067b-b30a-41f4-b170-c7a28c5d483a	2	188255201	188262203	4	-2.3293
69a5067b-b30a-41f4-b170-c7a28c5d483a	2	188264331	188703060	187	0.0352
69a5067b-b30a-41f4-b170-c7a28c5d483a	2	188703229	188714602	25	-0.7668
69a5067b-b30a-41f4-b170-c7a28c5d483a	2	188715812	202428289	7846	0.0118
69a5067b-b30a-41f4-b170-c7a28c5d483a	2	202428368	202448915	46	-0.5848
69a5067b-b30a-41f4-b170-c7a28c5d483a	2	202450169	232372816	18980	0.005
69a5067b-b30a-41f4-b170-c7a28c5d483a	2	232372917	232385973	25	0.3894
69a5067b-b30a-41f4-b170-c7a28c5d483a	2	232392286	242147305	6185	0.0014
69a5067b-b30a-41f4-b170-c7a28c5d483a	3	20930	46008216	32651	0.0045
69a5067b-b30a-41f4-b170-c7a28c5d483a	3	46008344	46010221	2	-2.3994
69a5067b-b30a-41f4-b170-c7a28c5d483a	3	46010251	68697133	15058	0.007
69a5067b-b30a-41f4-b170-c7a28c5d483a	3	68697295	68698262	12	1.1357
69a5067b-b30a-41f4-b170-c7a28c5d483a	3	68699607	75519398	4922	0.0098
69a5067b-b30a-41f4-b170-c7a28c5d483a	3	75523398	75537654	6	-1.967
69a5067b-b30a-41f4-b170-c7a28c5d483a	3	75546030	103780034	13560	-0.0021
69a5067b-b30a-41f4-b170-c7a28c5d483a	3	103785576	103787658	2	-2.1334
69a5067b-b30a-41f4-b170-c7a28c5d483a	3	103788065	104415493	351	0.0012
69a5067b-b30a-41f4-b170-c7a28c5d483a	3	104415596	104417687	6	0.7191
69a5067b-b30a-41f4-b170-c7a28c5d483a	3	104417702	107324463	1849	0.0123
69a5067b-b30a-41f4-b170-c7a28c5d483a	3	107327535	107327539	2	-1.7168
69a5067b-b30a-41f4-b170-c7a28c5d483a	3	107328314	125993370	11562	0.0043
69a5067b-b30a-41f4-b170-c7a28c5d483a	3	125993427	126003019	28	-0.8295
69a5067b-b30a-41f4-b170-c7a28c5d483a	3	126003489	162794951	22598	0.0034
69a5067b-b30a-41f4-b170-c7a28c5d483a	3	162795304	162898127	62	-1.3353
69a5067b-b30a-41f4-b170-c7a28c5d483a	3	162906054	173486475	6330	-0.0066
69a5067b-b30a-41f4-b170-c7a28c5d483a	3	173491902	173497944	11	-1.0991
69a5067b-b30a-41f4-b170-c7a28c5d483a	3	173501002	180753918	4650	0.017
69a5067b-b30a-41f4-b170-c7a28c5d483a	3	180755037	180759507	3	-1.4145
69a5067b-b30a-41f4-b170-c7a28c5d483a	3	180759715	193160113	8143	0.0043
69a5067b-b30a-41f4-b170-c7a28c5d483a	3	193160173	193168646	20	1.1647
69a5067b-b30a-41f4-b170-c7a28c5d483a	3	193168669	198169247	2683	0.0166
69a5067b-b30a-41f4-b170-c7a28c5d483a	4	68929	9455251	5147	0.0024
69a5067b-b30a-41f4-b170-c7a28c5d483a	4	9459504	9477699	5	1.7111
69a5067b-b30a-41f4-b170-c7a28c5d483a	4	9484440	10221792	540	0.0148
69a5067b-b30a-41f4-b170-c7a28c5d483a	4	10222004	10233383	31	-1.6817
69a5067b-b30a-41f4-b170-c7a28c5d483a	4	10233542	21370380	8197	-0.003
69a5067b-b30a-41f4-b170-c7a28c5d483a	4	21370416	21375228	14	-2.0913
69a5067b-b30a-41f4-b170-c7a28c5d483a	4	21382117	26287196	3508	0.0038
69a5067b-b30a-41f4-b170-c7a28c5d483a	4	26290363	26293154	3	-1.2219
69a5067b-b30a-41f4-b170-c7a28c5d483a	4	26293552	34777432	5239	0.0043
69a5067b-b30a-41f4-b170-c7a28c5d483a	4	34784878	34819718	36	-0.7045
69a5067b-b30a-41f4-b170-c7a28c5d483a	4	34822561	44015124	6041	0.0035
69a5067b-b30a-41f4-b170-c7a28c5d483a	4	44019868	44023729	4	-0.9911
69a5067b-b30a-41f4-b170-c7a28c5d483a	4	44024387	48651535	2741	0.0205
69a5067b-b30a-41f4-b170-c7a28c5d483a	4	48653930	48670352	6	0.8358
69a5067b-b30a-41f4-b170-c7a28c5d483a	4	48671346	61071220	6246	0.0058
69a5067b-b30a-41f4-b170-c7a28c5d483a	4	61075217	61076234	2	1.4818
69a5067b-b30a-41f4-b170-c7a28c5d483a	4	61079968	63828222	1498	0.0072
69a5067b-b30a-41f4-b170-c7a28c5d483a	4	63831751	63842540	28	-0.3952
69a5067b-b30a-41f4-b170-c7a28c5d483a	4	63850713	68354665	2848	-0.0039
69a5067b-b30a-41f4-b170-c7a28c5d483a	4	68361130	68620261	88	0.7275
69a5067b-b30a-41f4-b170-c7a28c5d483a	4	68623617	69257792	315	0.0139
69a5067b-b30a-41f4-b170-c7a28c5d483a	4	69261926	69366081	54	-2.1699
69a5067b-b30a-41f4-b170-c7a28c5d483a	4	69366304	114252544	27284	0.0065
69a5067b-b30a-41f4-b170-c7a28c5d483a	4	114254167	114261019	23	0.6922
69a5067b-b30a-41f4-b170-c7a28c5d483a	4	114263073	118702312	2604	0.0067
69a5067b-b30a-41f4-b170-c7a28c5d483a	4	118702755	118703590	2	-1.7881
69a5067b-b30a-41f4-b170-c7a28c5d483a	4	118707106	143911133	15069	0.01
69a5067b-b30a-41f4-b170-c7a28c5d483a	4	143920939	144022456	55	-0.7107
69a5067b-b30a-41f4-b170-c7a28c5d483a	4	144031375	150955199	3858	0.001
69a5067b-b30a-41f4-b170-c7a28c5d483a	4	150955254	150963154	23	-0.6475
69a5067b-b30a-41f4-b170-c7a28c5d483a	4	150963158	160952848	6328	0.0016
69a5067b-b30a-41f4-b170-c7a28c5d483a	4	160958866	160963881	27	0.4563
69a5067b-b30a-41f4-b170-c7a28c5d483a	4	160963971	171448195	6648	0.0079
69a5067b-b30a-41f4-b170-c7a28c5d483a	4	171453733	171456625	12	1.2921
69a5067b-b30a-41f4-b170-c7a28c5d483a	4	171459220	172066706	396	0.0284
69a5067b-b30a-41f4-b170-c7a28c5d483a	4	172066777	172068382	13	0.8806
69a5067b-b30a-41f4-b170-c7a28c5d483a	4	172074828	190106768	12070	-0.0008
69a5067b-b30a-41f4-b170-c7a28c5d483a	5	15532	742574	323	0.0507
69a5067b-b30a-41f4-b170-c7a28c5d483a	5	760901	833513	29	0.7258
69a5067b-b30a-41f4-b170-c7a28c5d483a	5	852451	17462856	12981	-0.006
69a5067b-b30a-41f4-b170-c7a28c5d483a	5	17469581	17470007	4	-1.4475
69a5067b-b30a-41f4-b170-c7a28c5d483a	5	17472794	18604158	672	-0.0001
69a5067b-b30a-41f4-b170-c7a28c5d483a	5	18607208	18664987	34	0.3919
69a5067b-b30a-41f4-b170-c7a28c5d483a	5	18666713	22176096	2042	0.006
69a5067b-b30a-41f4-b170-c7a28c5d483a	5	22179605	22181121	3	-1.4687
69a5067b-b30a-41f4-b170-c7a28c5d483a	5	22184537	34700599	7810	0.0027
69a5067b-b30a-41f4-b170-c7a28c5d483a	5	34700960	34701084	2	-1.5472
69a5067b-b30a-41f4-b170-c7a28c5d483a	5	34703258	41559902	4614	0.0011
69a5067b-b30a-41f4-b170-c7a28c5d483a	5	41564024	41564460	3	-1.1238
69a5067b-b30a-41f4-b170-c7a28c5d483a	5	41571207	46191296	2098	0.0193
69a5067b-b30a-41f4-b170-c7a28c5d483a	5	46191782	46199333	5	-0.8077
69a5067b-b30a-41f4-b170-c7a28c5d483a	5	46209197	46251204	13	0.0852
69a5067b-b30a-41f4-b170-c7a28c5d483a	5	46270906	46273400	8	1.0541
69a5067b-b30a-41f4-b170-c7a28c5d483a	5	46278110	58025819	5073	0.0017
69a5067b-b30a-41f4-b170-c7a28c5d483a	5	58030200	58037706	32	2.1646
69a5067b-b30a-41f4-b170-c7a28c5d483a	5	58042530	58660999	441	-0.0082
69a5067b-b30a-41f4-b170-c7a28c5d483a	5	58661016	58663305	23	-0.7623
69a5067b-b30a-41f4-b170-c7a28c5d483a	5	58663865	62277545	2363	0.0101
69a5067b-b30a-41f4-b170-c7a28c5d483a	5	62279164	62286365	4	-0.8507
69a5067b-b30a-41f4-b170-c7a28c5d483a	5	62286902	70959069	4463	0.0119
69a5067b-b30a-41f4-b170-c7a28c5d483a	5	70959071	71384301	24	0.4324
69a5067b-b30a-41f4-b170-c7a28c5d483a	5	71384705	85090370	8651	0.0032
69a5067b-b30a-41f4-b170-c7a28c5d483a	5	85098424	85113413	19	-0.8199
69a5067b-b30a-41f4-b170-c7a28c5d483a	5	85122632	101531880	9068	0.0043
69a5067b-b30a-41f4-b170-c7a28c5d483a	5	101532494	101537794	7	-0.8618
69a5067b-b30a-41f4-b170-c7a28c5d483a	5	101544508	118050922	11101	0.0012
69a5067b-b30a-41f4-b170-c7a28c5d483a	5	118052727	118068645	12	-0.6171
69a5067b-b30a-41f4-b170-c7a28c5d483a	5	118071110	141916896	14341	0.0038
69a5067b-b30a-41f4-b170-c7a28c5d483a	5	141916911	141917613	4	-1.4643
69a5067b-b30a-41f4-b170-c7a28c5d483a	5	141917820	156150331	9735	-0.0007
69a5067b-b30a-41f4-b170-c7a28c5d483a	5	156153433	156163274	8	-1.1615
69a5067b-b30a-41f4-b170-c7a28c5d483a	5	156170444	177800550	14718	-0.003
69a5067b-b30a-41f4-b170-c7a28c5d483a	5	177801578	177805604	2	3.3274
69a5067b-b30a-41f4-b170-c7a28c5d483a	5	177827964	181363319	1982	-0.0024
69a5067b-b30a-41f4-b170-c7a28c5d483a	6	149661	294837	124	0.0539
69a5067b-b30a-41f4-b170-c7a28c5d483a	6	302306	385784	86	-0.2502
69a5067b-b30a-41f4-b170-c7a28c5d483a	6	387532	26342741	19771	0.0021
69a5067b-b30a-41f4-b170-c7a28c5d483a	6	26344913	26348804	3	-1.3117
69a5067b-b30a-41f4-b170-c7a28c5d483a	6	26352835	26743855	216	-0.003
69a5067b-b30a-41f4-b170-c7a28c5d483a	6	26747492	26759781	5	1.1899
69a5067b-b30a-41f4-b170-c7a28c5d483a	6	26831719	32529429	2615	-0.0096
69a5067b-b30a-41f4-b170-c7a28c5d483a	6	32533522	32570802	11	0.8933
69a5067b-b30a-41f4-b170-c7a28c5d483a	6	32572834	32656527	32	-0.1851
69a5067b-b30a-41f4-b170-c7a28c5d483a	6	32656814	32658841	5	1.1482
69a5067b-b30a-41f4-b170-c7a28c5d483a	6	32682835	52922647	12811	-0.0009
69a5067b-b30a-41f4-b170-c7a28c5d483a	6	52925030	52929066	7	-1.0275
69a5067b-b30a-41f4-b170-c7a28c5d483a	6	52933264	73882142	11234	0.008
69a5067b-b30a-41f4-b170-c7a28c5d483a	6	73882509	73887625	9	0.809
69a5067b-b30a-41f4-b170-c7a28c5d483a	6	73891694	76307209	1474	0.016
69a5067b-b30a-41f4-b170-c7a28c5d483a	6	76307276	76317890	30	-0.8524
69a5067b-b30a-41f4-b170-c7a28c5d483a	6	76318064	76726442	265	0.008
69a5067b-b30a-41f4-b170-c7a28c5d483a	6	76726815	76742972	21	-0.6617
69a5067b-b30a-41f4-b170-c7a28c5d483a	6	76743040	170741917	60682	0.0001
69a5067b-b30a-41f4-b170-c7a28c5d483a	7	43355	13053591	8452	0.002
69a5067b-b30a-41f4-b170-c7a28c5d483a	7	13054326	13090444	25	-0.8418
69a5067b-b30a-41f4-b170-c7a28c5d483a	7	13091032	38251092	18854	0.006
69a5067b-b30a-41f4-b170-c7a28c5d483a	7	38251113	38317722	104	0.2647
69a5067b-b30a-41f4-b170-c7a28c5d483a	7	38318626	43185917	3278	0.0028
69a5067b-b30a-41f4-b170-c7a28c5d483a	7	43186088	43193686	11	-1.1715
69a5067b-b30a-41f4-b170-c7a28c5d483a	7	43199184	54118569	7554	0.0062
69a5067b-b30a-41f4-b170-c7a28c5d483a	7	54118781	54123527	20	-0.899
69a5067b-b30a-41f4-b170-c7a28c5d483a	7	54129863	54305455	129	0.0103
69a5067b-b30a-41f4-b170-c7a28c5d483a	7	54318812	54318824	6	-2.2802
69a5067b-b30a-41f4-b170-c7a28c5d483a	7	54325795	66630751	3549	0.0122
69a5067b-b30a-41f4-b170-c7a28c5d483a	7	66636188	66673298	15	0.6088
69a5067b-b30a-41f4-b170-c7a28c5d483a	7	66680876	70955452	2556	0.0025
69a5067b-b30a-41f4-b170-c7a28c5d483a	7	70958264	70961155	2	1.49
69a5067b-b30a-41f4-b170-c7a28c5d483a	7	70963257	75808367	1863	0.0148
69a5067b-b30a-41f4-b170-c7a28c5d483a	7	75809445	75809462	2	-1.5278
69a5067b-b30a-41f4-b170-c7a28c5d483a	7	75810378	91578827	9961	0.0119
69a5067b-b30a-41f4-b170-c7a28c5d483a	7	91589569	91589817	3	-1.3308
69a5067b-b30a-41f4-b170-c7a28c5d483a	7	91595717	105472042	7605	0.0154
69a5067b-b30a-41f4-b170-c7a28c5d483a	7	105475995	105480299	2	1.4762
69a5067b-b30a-41f4-b170-c7a28c5d483a	7	105481251	107925543	1570	-0.0051
69a5067b-b30a-41f4-b170-c7a28c5d483a	7	107926043	107926324	2	-1.4299
69a5067b-b30a-41f4-b170-c7a28c5d483a	7	107932809	108097023	132	-0.0111
69a5067b-b30a-41f4-b170-c7a28c5d483a	7	108099040	108102964	4	-1.1835
69a5067b-b30a-41f4-b170-c7a28c5d483a	7	108103345	109793741	1136	0.0046
69a5067b-b30a-41f4-b170-c7a28c5d483a	7	109797035	109814172	37	0.4541
69a5067b-b30a-41f4-b170-c7a28c5d483a	7	109814214	110788876	668	-0.0013
69a5067b-b30a-41f4-b170-c7a28c5d483a	7	110788955	110792438	5	-1.7454
69a5067b-b30a-41f4-b170-c7a28c5d483a	7	110792471	134100424	14045	0.0061
69a5067b-b30a-41f4-b170-c7a28c5d483a	7	134100442	134102334	15	-0.5303
69a5067b-b30a-41f4-b170-c7a28c5d483a	7	134104128	142489044	5547	0.0029
69a5067b-b30a-41f4-b170-c7a28c5d483a	7	142489750	142785841	136	0.1989
69a5067b-b30a-41f4-b170-c7a28c5d483a	7	142801993	144255817	762	0.028
69a5067b-b30a-41f4-b170-c7a28c5d483a	7	144264193	144306653	3	-1.2047
69a5067b-b30a-41f4-b170-c7a28c5d483a	7	144312471	152876850	5084	-0.0057
69a5067b-b30a-41f4-b170-c7a28c5d483a	7	152881778	152882902	2	-2.1868
69a5067b-b30a-41f4-b170-c7a28c5d483a	7	152889438	159334314	4551	0.0046
69a5067b-b30a-41f4-b170-c7a28c5d483a	8	81254	645220	324	-0.0059
69a5067b-b30a-41f4-b170-c7a28c5d483a	8	645443	645875	5	-1.011
69a5067b-b30a-41f4-b170-c7a28c5d483a	8	645892	645908	2	-3.0876
69a5067b-b30a-41f4-b170-c7a28c5d483a	8	656117	6136888	6183	0.0017
69a5067b-b30a-41f4-b170-c7a28c5d483a	8	6137076	6137761	6	-0.981
69a5067b-b30a-41f4-b170-c7a28c5d483a	8	6137787	7185818	1196	0.0046
69a5067b-b30a-41f4-b170-c7a28c5d483a	8	7296545	7396819	25	-0.7713
69a5067b-b30a-41f4-b170-c7a28c5d483a	8	7397588	9538675	1312	0.0236
69a5067b-b30a-41f4-b170-c7a28c5d483a	8	9538949	9539139	2	-2.8906
69a5067b-b30a-41f4-b170-c7a28c5d483a	8	9539828	32821348	17826	-0.0005
69a5067b-b30a-41f4-b170-c7a28c5d483a	8	32825580	32830895	8	1.7518
69a5067b-b30a-41f4-b170-c7a28c5d483a	8	32834588	63936079	17259	0.0003
69a5067b-b30a-41f4-b170-c7a28c5d483a	8	63936340	63936561	6	1.0997
69a5067b-b30a-41f4-b170-c7a28c5d483a	8	63936953	64330191	211	0.011
69a5067b-b30a-41f4-b170-c7a28c5d483a	8	64334427	64342279	10	-1.0888
69a5067b-b30a-41f4-b170-c7a28c5d483a	8	64344946	111279265	28100	0.0009
69a5067b-b30a-41f4-b170-c7a28c5d483a	8	111282050	111283031	10	0.9459
69a5067b-b30a-41f4-b170-c7a28c5d483a	8	111288052	114619207	1817	0.002
69a5067b-b30a-41f4-b170-c7a28c5d483a	8	114619814	114629340	33	0.3645
69a5067b-b30a-41f4-b170-c7a28c5d483a	8	114629356	145072769	21032	-0.0039
69a5067b-b30a-41f4-b170-c7a28c5d483a	9	46587	1326014	1320	-0.0056
69a5067b-b30a-41f4-b170-c7a28c5d483a	9	1330599	1330872	3	-1.1436
69a5067b-b30a-41f4-b170-c7a28c5d483a	9	1331350	4605023	3433	-0.0009
69a5067b-b30a-41f4-b170-c7a28c5d483a	9	4611875	4611901	2	-2.1439
69a5067b-b30a-41f4-b170-c7a28c5d483a	9	4613940	6657192	1570	-0.0011
69a5067b-b30a-41f4-b170-c7a28c5d483a	9	6661406	6663786	3	-1.6017
69a5067b-b30a-41f4-b170-c7a28c5d483a	9	6669474	29969971	19029	0.0009
69a5067b-b30a-41f4-b170-c7a28c5d483a	9	29970413	29972113	2	1.6466
69a5067b-b30a-41f4-b170-c7a28c5d483a	9	29972179	39484262	5761	0.0059
69a5067b-b30a-41f4-b170-c7a28c5d483a	9	39484471	40018947	14	0.878
69a5067b-b30a-41f4-b170-c7a28c5d483a	9	40099591	136532614	47637	0.0012
69a5067b-b30a-41f4-b170-c7a28c5d483a	9	136536903	136537300	3	-3.0878
69a5067b-b30a-41f4-b170-c7a28c5d483a	9	136539349	138200944	592	0.0147
69a5067b-b30a-41f4-b170-c7a28c5d483a	10	45792	4197915	3518	-0.0051
69a5067b-b30a-41f4-b170-c7a28c5d483a	10	4198530	4199213	3	-1.9743
69a5067b-b30a-41f4-b170-c7a28c5d483a	10	4199380	4244878	46	-0.0088
69a5067b-b30a-41f4-b170-c7a28c5d483a	10	4248622	4248732	3	1.3885
69a5067b-b30a-41f4-b170-c7a28c5d483a	10	4248824	24088745	15578	0.0068
69a5067b-b30a-41f4-b170-c7a28c5d483a	10	24088746	24089125	10	0.7703
69a5067b-b30a-41f4-b170-c7a28c5d483a	10	24089979	25306444	811	0.0054
69a5067b-b30a-41f4-b170-c7a28c5d483a	10	25308379	25311279	2	-2.3317
69a5067b-b30a-41f4-b170-c7a28c5d483a	10	25312104	50132160	13376	0.0097
69a5067b-b30a-41f4-b170-c7a28c5d483a	10	50144008	50150838	2	3.7199
69a5067b-b30a-41f4-b170-c7a28c5d483a	10	50178219	105296521	36634	0.0122
69a5067b-b30a-41f4-b170-c7a28c5d483a	10	105297280	105299412	3	-1.6979
69a5067b-b30a-41f4-b170-c7a28c5d483a	10	105302718	114098532	6342	0.0118
69a5067b-b30a-41f4-b170-c7a28c5d483a	10	114103981	114121782	6	-1.1081
69a5067b-b30a-41f4-b170-c7a28c5d483a	10	114122689	133654968	14170	0.0064
69a5067b-b30a-41f4-b170-c7a28c5d483a	11	198510	4215479	1733	-0.0179
69a5067b-b30a-41f4-b170-c7a28c5d483a	11	4217176	4325579	29	0.5998
69a5067b-b30a-41f4-b170-c7a28c5d483a	11	4331751	5766175	1467	0.0015
69a5067b-b30a-41f4-b170-c7a28c5d483a	11	5766850	5788231	34	-0.5821
69a5067b-b30a-41f4-b170-c7a28c5d483a	11	5791130	5850293	66	-0.035
69a5067b-b30a-41f4-b170-c7a28c5d483a	11	5851007	5862087	7	-0.8088
69a5067b-b30a-41f4-b170-c7a28c5d483a	11	5864481	25680658	14686	0.0023
69a5067b-b30a-41f4-b170-c7a28c5d483a	11	25680691	25697377	26	-0.645
69a5067b-b30a-41f4-b170-c7a28c5d483a	11	25697434	29527209	2561	0.0079
69a5067b-b30a-41f4-b170-c7a28c5d483a	11	29527456	29527548	3	-1.3194
69a5067b-b30a-41f4-b170-c7a28c5d483a	11	29528271	36049744	4656	0.0014
69a5067b-b30a-41f4-b170-c7a28c5d483a	11	36049922	36050266	2	-1.6264
69a5067b-b30a-41f4-b170-c7a28c5d483a	11	36053123	55202385	8958	0.0016
69a5067b-b30a-41f4-b170-c7a28c5d483a	11	55208728	55214735	4	-1.024
69a5067b-b30a-41f4-b170-c7a28c5d483a	11	55241999	55609022	210	0.0506
69a5067b-b30a-41f4-b170-c7a28c5d483a	11	55609035	55685533	50	0.5243
69a5067b-b30a-41f4-b170-c7a28c5d483a	11	55686100	80260060	13249	0.0017
69a5067b-b30a-41f4-b170-c7a28c5d483a	11	80261889	80272296	22	-0.9878
69a5067b-b30a-41f4-b170-c7a28c5d483a	11	80272554	135074876	38936	-0.0003
69a5067b-b30a-41f4-b170-c7a28c5d483a	12	51460	8404097	5581	-0.0082
69a5067b-b30a-41f4-b170-c7a28c5d483a	12	8405892	8423870	15	1.8957
69a5067b-b30a-41f4-b170-c7a28c5d483a	12	8428232	9477960	560	-0.0027
69a5067b-b30a-41f4-b170-c7a28c5d483a	12	9481274	9575696	24	-1.8048
69a5067b-b30a-41f4-b170-c7a28c5d483a	12	9582373	133201603	78541	-0.0002
69a5067b-b30a-41f4-b170-c7a28c5d483a	13	18452809	31957984	9545	-0.0025
69a5067b-b30a-41f4-b170-c7a28c5d483a	13	31958485	31964286	17	-2.7788
69a5067b-b30a-41f4-b170-c7a28c5d483a	13	31965910	37504302	3904	-0.0009
69a5067b-b30a-41f4-b170-c7a28c5d483a	13	37509968	37540973	57	-0.9009
69a5067b-b30a-41f4-b170-c7a28c5d483a	13	37551050	52314782	9765	0.0075
69a5067b-b30a-41f4-b170-c7a28c5d483a	13	52315875	52358567	14	0.5778
69a5067b-b30a-41f4-b170-c7a28c5d483a	13	52363789	57176962	2672	-0.0043
69a5067b-b30a-41f4-b170-c7a28c5d483a	13	57184136	57189923	15	0.5222
69a5067b-b30a-41f4-b170-c7a28c5d483a	13	57189965	63077603	3470	0.0032
69a5067b-b30a-41f4-b170-c7a28c5d483a	13	63082442	63090453	7	-0.8849
69a5067b-b30a-41f4-b170-c7a28c5d483a	13	63094331	107245262	29685	0.0021
69a5067b-b30a-41f4-b170-c7a28c5d483a	13	107248689	107249633	2	-2.7842
69a5067b-b30a-41f4-b170-c7a28c5d483a	13	107249799	114342922	4892	-0.0051
69a5067b-b30a-41f4-b170-c7a28c5d483a	14	18239283	18646056	16	0.005
69a5067b-b30a-41f4-b170-c7a28c5d483a	14	18656322	18950560	10	-1.2616
69a5067b-b30a-41f4-b170-c7a28c5d483a	14	18976793	19445992	31	0.0423
69a5067b-b30a-41f4-b170-c7a28c5d483a	14	19632043	19650668	3	1.3076
69a5067b-b30a-41f4-b170-c7a28c5d483a	14	19667065	21919594	1438	0.0082
69a5067b-b30a-41f4-b170-c7a28c5d483a	14	21921927	22537282	548	0.1553
69a5067b-b30a-41f4-b170-c7a28c5d483a	14	22541501	106877229	53260	-0.0012
69a5067b-b30a-41f4-b170-c7a28c5d483a	15	19811075	20026653	47	-0.0817
69a5067b-b30a-41f4-b170-c7a28c5d483a	15	20041119	20525226	86	0.3853
69a5067b-b30a-41f4-b170-c7a28c5d483a	15	20538669	21975606	43	-0.0868
69a5067b-b30a-41f4-b170-c7a28c5d483a	15	21997003	22455811	34	0.7063
69a5067b-b30a-41f4-b170-c7a28c5d483a	15	22483983	30284526	4627	0.0054
69a5067b-b30a-41f4-b170-c7a28c5d483a	15	30291233	30297594	2	-1.8132
69a5067b-b30a-41f4-b170-c7a28c5d483a	15	30300815	32179735	1062	-0.0179
69a5067b-b30a-41f4-b170-c7a28c5d483a	15	32212063	32323432	17	0.5453
69a5067b-b30a-41f4-b170-c7a28c5d483a	15	32339520	36536589	2966	0.0021
69a5067b-b30a-41f4-b170-c7a28c5d483a	15	36536729	36547789	16	-0.8777
69a5067b-b30a-41f4-b170-c7a28c5d483a	15	36550640	97265179	39139	0.0002
69a5067b-b30a-41f4-b170-c7a28c5d483a	15	97274562	97288957	11	-0.839
69a5067b-b30a-41f4-b170-c7a28c5d483a	15	97290419	101928837	3419	0.0001
69a5067b-b30a-41f4-b170-c7a28c5d483a	16	10777	14885112	11104	-0.0002
69a5067b-b30a-41f4-b170-c7a28c5d483a	16	14887120	15176361	94	0.2476
69a5067b-b30a-41f4-b170-c7a28c5d483a	16	15184961	32447834	8758	0.0043
69a5067b-b30a-41f4-b170-c7a28c5d483a	16	32451922	33045427	31	0.6408
69a5067b-b30a-41f4-b170-c7a28c5d483a	16	33340712	55762598	6918	0.0029
69a5067b-b30a-41f4-b170-c7a28c5d483a	16	55762663	55782734	16	-0.852
69a5067b-b30a-41f4-b170-c7a28c5d483a	16	55782793	90096867	24873	-0.003
69a5067b-b30a-41f4-b170-c7a28c5d483a	17	150733	41265456	20787	0.0018
69a5067b-b30a-41f4-b170-c7a28c5d483a	17	41266762	41274279	24	1.5425
69a5067b-b30a-41f4-b170-c7a28c5d483a	17	41276472	46351954	2620	-0.0175
69a5067b-b30a-41f4-b170-c7a28c5d483a	17	46446345	46571001	4	1.8951
69a5067b-b30a-41f4-b170-c7a28c5d483a	17	46664059	83091923	21529	-0.0038
69a5067b-b30a-41f4-b170-c7a28c5d483a	18	48133	40680516	22761	0.0027
69a5067b-b30a-41f4-b170-c7a28c5d483a	18	40680526	40690108	18	-0.5505
69a5067b-b30a-41f4-b170-c7a28c5d483a	18	40690234	67292086	18290	-0.0006
69a5067b-b30a-41f4-b170-c7a28c5d483a	18	67292135	67300028	18	-0.7168
69a5067b-b30a-41f4-b170-c7a28c5d483a	18	67300481	80257174	9574	-0.0028
69a5067b-b30a-41f4-b170-c7a28c5d483a	19	90910	43005501	20473	0.0058
69a5067b-b30a-41f4-b170-c7a28c5d483a	19	43010002	43249358	102	-0.8219
69a5067b-b30a-41f4-b170-c7a28c5d483a	19	43252085	44401739	745	0.0292
69a5067b-b30a-41f4-b170-c7a28c5d483a	19	44402359	44402382	2	-1.8293
69a5067b-b30a-41f4-b170-c7a28c5d483a	19	44402845	55771003	5896	-0.0052
69a5067b-b30a-41f4-b170-c7a28c5d483a	19	55771169	55771663	2	-2.912
69a5067b-b30a-41f4-b170-c7a28c5d483a	19	55771701	58586487	1835	-0.0097
69a5067b-b30a-41f4-b170-c7a28c5d483a	20	80664	1580353	1200	-0.0054
69a5067b-b30a-41f4-b170-c7a28c5d483a	20	1580934	1613247	41	2.1808
69a5067b-b30a-41f4-b170-c7a28c5d483a	20	1617300	64324800	41056	-0.0005
69a5067b-b30a-41f4-b170-c7a28c5d483a	21	10354168	13095038	102	0.0309
69a5067b-b30a-41f4-b170-c7a28c5d483a	21	13095458	13197963	13	-0.6129
69a5067b-b30a-41f4-b170-c7a28c5d483a	21	13197978	46677045	23708	0.0029
69a5067b-b30a-41f4-b170-c7a28c5d483a	22	15294547	22685456	3587	0.019
69a5067b-b30a-41f4-b170-c7a28c5d483a	22	22688887	22743135	36	-3.7158
69a5067b-b30a-41f4-b170-c7a28c5d483a	22	22748392	23946180	756	0.017
69a5067b-b30a-41f4-b170-c7a28c5d483a	22	23946247	23951669	3	-1.3913
69a5067b-b30a-41f4-b170-c7a28c5d483a	22	23959448	36048140	9113	0.0015
69a5067b-b30a-41f4-b170-c7a28c5d483a	22	36048271	36049485	3	-1.6036
69a5067b-b30a-41f4-b170-c7a28c5d483a	22	36049544	42496590	3624	-0.0078
69a5067b-b30a-41f4-b170-c7a28c5d483a	22	42501276	42554485	25	0.4823
69a5067b-b30a-41f4-b170-c7a28c5d483a	22	42559425	49484482	5449	-0.0048
69a5067b-b30a-41f4-b170-c7a28c5d483a	22	49484699	49495282	4	-1.1619
69a5067b-b30a-41f4-b170-c7a28c5d483a	22	49495310	50117206	342	0.0045
69a5067b-b30a-41f4-b170-c7a28c5d483a	22	50117396	50117833	2	-1.5473
69a5067b-b30a-41f4-b170-c7a28c5d483a	22	50117902	50796027	288	0.0242
69a5067b-b30a-41f4-b170-c7a28c5d483a	X	251810	2597040	90	0.2728
69a5067b-b30a-41f4-b170-c7a28c5d483a	X	2624297	5003874	1553	-0.0105
69a5067b-b30a-41f4-b170-c7a28c5d483a	X	5004155	5004902	2	-2.0562
69a5067b-b30a-41f4-b170-c7a28c5d483a	X	5008487	7619272	2032	-0.0077
69a5067b-b30a-41f4-b170-c7a28c5d483a	X	7620851	7621114	4	-1.2643
69a5067b-b30a-41f4-b170-c7a28c5d483a	X	7623310	22855798	9880	0.0141
69a5067b-b30a-41f4-b170-c7a28c5d483a	X	22855814	22855828	2	-2.1317
69a5067b-b30a-41f4-b170-c7a28c5d483a	X	22862220	32543293	6299	-0.0107
69a5067b-b30a-41f4-b170-c7a28c5d483a	X	32543394	32543554	5	-1.2766
69a5067b-b30a-41f4-b170-c7a28c5d483a	X	32543651	63193161	13290	0.005
69a5067b-b30a-41f4-b170-c7a28c5d483a	X	63193211	63297592	24	1.1582
69a5067b-b30a-41f4-b170-c7a28c5d483a	X	63302403	155952689	49486	0.0009
69a5067b-b30a-41f4-b170-c7a28c5d483a	Y	2782397	9685653	2305	-0.7752
69a5067b-b30a-41f4-b170-c7a28c5d483a	Y	9759940	9811130	3	-2.8235
69a5067b-b30a-41f4-b170-c7a28c5d483a	Y	9870332	56872112	4329	-0.7622
