GDC_Aliquot	Chromosome	Start	End	Num_Probes	Segment_Mean
5e7614a5-df8c-4cf9-b6cc-6ca43f6da8f6	1	62920	10031603	5012	0.0002
5e7614a5-df8c-4cf9-b6cc-6ca43f6da8f6	1	10036962	10042953	5	-0.9751
5e7614a5-df8c-4cf9-b6cc-6ca43f6da8f6	1	10046717	16487426	3611	0.005
5e7614a5-df8c-4cf9-b6cc-6ca43f6da8f6	1	16488499	16864367	69	0.3737
5e7614a5-df8c-4cf9-b6cc-6ca43f6da8f6	1	16868660	25256850	5316	-0.002
5e7614a5-df8c-4cf9-b6cc-6ca43f6da8f6	1	25266637	25320455	24	0.5621
5e7614a5-df8c-4cf9-b6cc-6ca43f6da8f6	1	25336819	58882369	19467	0.0034
5e7614a5-df8c-4cf9-b6cc-6ca43f6da8f6	1	58882856	58885204	2	-1.2006
5e7614a5-df8c-4cf9-b6cc-6ca43f6da8f6	1	58889578	63003832	2899	0.0012
5e7614a5-df8c-4cf9-b6cc-6ca43f6da8f6	1	63005821	63006432	3	-0.976
5e7614a5-df8c-4cf9-b6cc-6ca43f6da8f6	1	63007197	72284670	6340	0.0026
5e7614a5-df8c-4cf9-b6cc-6ca43f6da8f6	1	72290430	72297687	9	-0.6948
5e7614a5-df8c-4cf9-b6cc-6ca43f6da8f6	1	72302735	103560608	20045	0.0046
5e7614a5-df8c-4cf9-b6cc-6ca43f6da8f6	1	103566616	103764621	37	0.4768
5e7614a5-df8c-4cf9-b6cc-6ca43f6da8f6	1	103764636	105470754	914	0.0054
5e7614a5-df8c-4cf9-b6cc-6ca43f6da8f6	1	105476583	105479753	17	-1.9586
5e7614a5-df8c-4cf9-b6cc-6ca43f6da8f6	1	105481433	108186662	1935	0.001
5e7614a5-df8c-4cf9-b6cc-6ca43f6da8f6	1	108187137	108192255	3	-1.3886
5e7614a5-df8c-4cf9-b6cc-6ca43f6da8f6	1	108194874	109684893	695	0.0003
5e7614a5-df8c-4cf9-b6cc-6ca43f6da8f6	1	109690352	109697556	13	-0.6729
5e7614a5-df8c-4cf9-b6cc-6ca43f6da8f6	1	109702376	114286279	3301	0.0077
5e7614a5-df8c-4cf9-b6cc-6ca43f6da8f6	1	114289343	114291088	3	-1.1503
5e7614a5-df8c-4cf9-b6cc-6ca43f6da8f6	1	114291180	121472255	3778	0.0023
5e7614a5-df8c-4cf9-b6cc-6ca43f6da8f6	1	121483000	147515929	724	0.0893
5e7614a5-df8c-4cf9-b6cc-6ca43f6da8f6	1	147519273	152583230	1772	0.0132
5e7614a5-df8c-4cf9-b6cc-6ca43f6da8f6	1	152583291	152613762	30	0.7092
5e7614a5-df8c-4cf9-b6cc-6ca43f6da8f6	1	152613802	152787202	170	-0.0053
5e7614a5-df8c-4cf9-b6cc-6ca43f6da8f6	1	152789447	152796224	37	0.5662
5e7614a5-df8c-4cf9-b6cc-6ca43f6da8f6	1	152801429	172494793	13515	0.0017
5e7614a5-df8c-4cf9-b6cc-6ca43f6da8f6	1	172495334	172517770	23	-1.1444
5e7614a5-df8c-4cf9-b6cc-6ca43f6da8f6	1	172518370	174827267	1259	0.0068
5e7614a5-df8c-4cf9-b6cc-6ca43f6da8f6	1	174827418	174832702	16	-0.6656
5e7614a5-df8c-4cf9-b6cc-6ca43f6da8f6	1	174832716	196762956	14638	0.0029
5e7614a5-df8c-4cf9-b6cc-6ca43f6da8f6	1	196769493	196847600	58	-0.475
5e7614a5-df8c-4cf9-b6cc-6ca43f6da8f6	1	196854187	198977059	1264	-0.0044
5e7614a5-df8c-4cf9-b6cc-6ca43f6da8f6	1	198979470	198987456	6	-0.763
5e7614a5-df8c-4cf9-b6cc-6ca43f6da8f6	1	198987756	201504519	1781	-0.0022
5e7614a5-df8c-4cf9-b6cc-6ca43f6da8f6	1	201505272	201505416	2	-1.9159
5e7614a5-df8c-4cf9-b6cc-6ca43f6da8f6	1	201506092	234628059	22647	0.0035
5e7614a5-df8c-4cf9-b6cc-6ca43f6da8f6	1	234629510	234630270	3	-1.1462
5e7614a5-df8c-4cf9-b6cc-6ca43f6da8f6	1	234630858	248930189	10078	0.0054
5e7614a5-df8c-4cf9-b6cc-6ca43f6da8f6	2	12784	4158097	2988	0.0075
5e7614a5-df8c-4cf9-b6cc-6ca43f6da8f6	2	4166274	4176429	42	-0.4078
5e7614a5-df8c-4cf9-b6cc-6ca43f6da8f6	2	4182472	9037075	4010	0.0055
5e7614a5-df8c-4cf9-b6cc-6ca43f6da8f6	2	9045183	9045247	2	-1.3326
5e7614a5-df8c-4cf9-b6cc-6ca43f6da8f6	2	9048359	14563570	3995	0.0095
5e7614a5-df8c-4cf9-b6cc-6ca43f6da8f6	2	14564825	14569968	12	-1.1223
5e7614a5-df8c-4cf9-b6cc-6ca43f6da8f6	2	14570240	18924755	3274	0.0115
5e7614a5-df8c-4cf9-b6cc-6ca43f6da8f6	2	18931182	18932783	5	-1.1079
5e7614a5-df8c-4cf9-b6cc-6ca43f6da8f6	2	18941253	24378911	3598	0.0087
5e7614a5-df8c-4cf9-b6cc-6ca43f6da8f6	2	24378937	24388858	18	-0.851
5e7614a5-df8c-4cf9-b6cc-6ca43f6da8f6	2	24390690	34466002	6138	0.0167
5e7614a5-df8c-4cf9-b6cc-6ca43f6da8f6	2	34474248	34511446	45	-0.2524
5e7614a5-df8c-4cf9-b6cc-6ca43f6da8f6	2	34511990	52514599	12997	0.0148
5e7614a5-df8c-4cf9-b6cc-6ca43f6da8f6	2	52516787	52568988	53	0.3637
5e7614a5-df8c-4cf9-b6cc-6ca43f6da8f6	2	52573456	88833611	22564	0.0095
5e7614a5-df8c-4cf9-b6cc-6ca43f6da8f6	2	88834118	94662162	378	0.1382
5e7614a5-df8c-4cf9-b6cc-6ca43f6da8f6	2	94664202	95416225	252	0.0007
5e7614a5-df8c-4cf9-b6cc-6ca43f6da8f6	2	95416301	95486909	9	0.4756
5e7614a5-df8c-4cf9-b6cc-6ca43f6da8f6	2	95493335	97047398	539	0.0216
5e7614a5-df8c-4cf9-b6cc-6ca43f6da8f6	2	97048036	97642429	110	0.2256
5e7614a5-df8c-4cf9-b6cc-6ca43f6da8f6	2	97643270	154033296	34267	0.0111
5e7614a5-df8c-4cf9-b6cc-6ca43f6da8f6	2	154039462	154039969	2	-2.679
5e7614a5-df8c-4cf9-b6cc-6ca43f6da8f6	2	154043710	166429534	7217	-0.0026
5e7614a5-df8c-4cf9-b6cc-6ca43f6da8f6	2	166431662	166642307	122	0.5901
5e7614a5-df8c-4cf9-b6cc-6ca43f6da8f6	2	166645625	173462231	4445	0.0012
5e7614a5-df8c-4cf9-b6cc-6ca43f6da8f6	2	173465255	173465932	2	-1.3398
5e7614a5-df8c-4cf9-b6cc-6ca43f6da8f6	2	173466391	179196928	3592	0.005
5e7614a5-df8c-4cf9-b6cc-6ca43f6da8f6	2	179202465	179211936	2	-1.2269
5e7614a5-df8c-4cf9-b6cc-6ca43f6da8f6	2	179214417	193823021	8590	0.0166
5e7614a5-df8c-4cf9-b6cc-6ca43f6da8f6	2	193825580	193829074	2	1.7413
5e7614a5-df8c-4cf9-b6cc-6ca43f6da8f6	2	193837590	207490188	8092	0.0095
5e7614a5-df8c-4cf9-b6cc-6ca43f6da8f6	2	207490231	207494612	17	-0.8241
5e7614a5-df8c-4cf9-b6cc-6ca43f6da8f6	2	207494752	208105141	335	-0.0044
5e7614a5-df8c-4cf9-b6cc-6ca43f6da8f6	2	208106283	208107729	4	-0.8801
5e7614a5-df8c-4cf9-b6cc-6ca43f6da8f6	2	208108163	212504894	2851	0.0053
5e7614a5-df8c-4cf9-b6cc-6ca43f6da8f6	2	212505638	212505978	2	-2.5296
5e7614a5-df8c-4cf9-b6cc-6ca43f6da8f6	2	212508264	228892290	10671	0.0065
5e7614a5-df8c-4cf9-b6cc-6ca43f6da8f6	2	228894763	228895197	7	-0.8838
5e7614a5-df8c-4cf9-b6cc-6ca43f6da8f6	2	228895367	230323107	944	0.0051
5e7614a5-df8c-4cf9-b6cc-6ca43f6da8f6	2	230324332	230325731	3	-1.2033
5e7614a5-df8c-4cf9-b6cc-6ca43f6da8f6	2	230334760	241739483	7105	0.0075
5e7614a5-df8c-4cf9-b6cc-6ca43f6da8f6	2	241756485	242147305	145	0.1337
5e7614a5-df8c-4cf9-b6cc-6ca43f6da8f6	3	20930	2515100	2161	0.052
5e7614a5-df8c-4cf9-b6cc-6ca43f6da8f6	3	2518400	2535607	12	-0.9996
5e7614a5-df8c-4cf9-b6cc-6ca43f6da8f6	3	2536398	26005045	17457	0.0107
5e7614a5-df8c-4cf9-b6cc-6ca43f6da8f6	3	26005580	26576530	389	0.0873
5e7614a5-df8c-4cf9-b6cc-6ca43f6da8f6	3	26576616	59934983	20483	0.0019
5e7614a5-df8c-4cf9-b6cc-6ca43f6da8f6	3	59935186	61030400	1230	0.0659
5e7614a5-df8c-4cf9-b6cc-6ca43f6da8f6	3	61031750	68697013	6026	0.0096
5e7614a5-df8c-4cf9-b6cc-6ca43f6da8f6	3	68697108	68698262	14	-1.3084
5e7614a5-df8c-4cf9-b6cc-6ca43f6da8f6	3	68699607	75465245	4901	0.0013
5e7614a5-df8c-4cf9-b6cc-6ca43f6da8f6	3	75466940	75519398	21	0.3391
5e7614a5-df8c-4cf9-b6cc-6ca43f6da8f6	3	75523398	75528153	3	-1.9507
5e7614a5-df8c-4cf9-b6cc-6ca43f6da8f6	3	75529707	75641168	23	0.0438
5e7614a5-df8c-4cf9-b6cc-6ca43f6da8f6	3	75650897	75793727	30	0.3487
5e7614a5-df8c-4cf9-b6cc-6ca43f6da8f6	3	75794356	99218940	10914	0.0043
5e7614a5-df8c-4cf9-b6cc-6ca43f6da8f6	3	99225614	99226455	14	-1.4227
5e7614a5-df8c-4cf9-b6cc-6ca43f6da8f6	3	99226551	99230212	13	-3.2732
5e7614a5-df8c-4cf9-b6cc-6ca43f6da8f6	3	99230225	99230464	9	-1.5282
5e7614a5-df8c-4cf9-b6cc-6ca43f6da8f6	3	99230470	109234267	6060	0.0027
5e7614a5-df8c-4cf9-b6cc-6ca43f6da8f6	3	109240968	109244862	7	-0.66
5e7614a5-df8c-4cf9-b6cc-6ca43f6da8f6	3	109248351	130044855	12634	-0.0013
5e7614a5-df8c-4cf9-b6cc-6ca43f6da8f6	3	130047743	130088155	39	0.4863
5e7614a5-df8c-4cf9-b6cc-6ca43f6da8f6	3	130089433	146773699	10448	0.0063
5e7614a5-df8c-4cf9-b6cc-6ca43f6da8f6	3	146774177	147585117	415	0.0937
5e7614a5-df8c-4cf9-b6cc-6ca43f6da8f6	3	147585635	162798471	9400	0.003
5e7614a5-df8c-4cf9-b6cc-6ca43f6da8f6	3	162798525	162898127	57	-0.5162
5e7614a5-df8c-4cf9-b6cc-6ca43f6da8f6	3	162906054	186695072	14434	0.007
5e7614a5-df8c-4cf9-b6cc-6ca43f6da8f6	3	186695108	186698441	9	-1.0196
5e7614a5-df8c-4cf9-b6cc-6ca43f6da8f6	3	186699982	195729085	6255	0.0071
5e7614a5-df8c-4cf9-b6cc-6ca43f6da8f6	3	195729177	195747892	11	-0.7425
5e7614a5-df8c-4cf9-b6cc-6ca43f6da8f6	3	195751823	198169247	1163	0.0336
5e7614a5-df8c-4cf9-b6cc-6ca43f6da8f6	4	68929	3847605	1554	0.0055
5e7614a5-df8c-4cf9-b6cc-6ca43f6da8f6	4	3849457	4175446	88	0.2674
5e7614a5-df8c-4cf9-b6cc-6ca43f6da8f6	4	4176082	10208766	4054	0.0027
5e7614a5-df8c-4cf9-b6cc-6ca43f6da8f6	4	10212536	10229874	29	-1.9173
5e7614a5-df8c-4cf9-b6cc-6ca43f6da8f6	4	10232590	10233644	7	-0.7271
5e7614a5-df8c-4cf9-b6cc-6ca43f6da8f6	4	10234518	10389091	171	-0.0236
5e7614a5-df8c-4cf9-b6cc-6ca43f6da8f6	4	10390730	10399044	16	0.531
5e7614a5-df8c-4cf9-b6cc-6ca43f6da8f6	4	10401094	34785333	16784	0.001
5e7614a5-df8c-4cf9-b6cc-6ca43f6da8f6	4	34785368	34828327	40	-0.4169
5e7614a5-df8c-4cf9-b6cc-6ca43f6da8f6	4	34828382	40698556	3876	0.0075
5e7614a5-df8c-4cf9-b6cc-6ca43f6da8f6	4	40701994	40702175	3	-1.9607
5e7614a5-df8c-4cf9-b6cc-6ca43f6da8f6	4	40702670	49112078	5079	0.015
5e7614a5-df8c-4cf9-b6cc-6ca43f6da8f6	4	49113964	49656595	31	0.3957
5e7614a5-df8c-4cf9-b6cc-6ca43f6da8f6	4	51819533	68506285	10455	0.0051
5e7614a5-df8c-4cf9-b6cc-6ca43f6da8f6	4	68509223	68623617	66	-0.2673
5e7614a5-df8c-4cf9-b6cc-6ca43f6da8f6	4	68639397	69151477	267	0.0349
5e7614a5-df8c-4cf9-b6cc-6ca43f6da8f6	4	69151813	69414814	124	0.1724
5e7614a5-df8c-4cf9-b6cc-6ca43f6da8f6	4	69415349	154881396	51329	0.0035
5e7614a5-df8c-4cf9-b6cc-6ca43f6da8f6	4	154881853	154881926	3	1.0677
5e7614a5-df8c-4cf9-b6cc-6ca43f6da8f6	4	154882047	160959560	3922	0.0029
5e7614a5-df8c-4cf9-b6cc-6ca43f6da8f6	4	160959660	160963448	11	-0.8275
5e7614a5-df8c-4cf9-b6cc-6ca43f6da8f6	4	160963756	171448195	6663	0.0026
5e7614a5-df8c-4cf9-b6cc-6ca43f6da8f6	4	171453733	171456559	10	-0.5453
5e7614a5-df8c-4cf9-b6cc-6ca43f6da8f6	4	171456573	172066777	398	0.0113
5e7614a5-df8c-4cf9-b6cc-6ca43f6da8f6	4	172067997	172074828	13	0.8721
5e7614a5-df8c-4cf9-b6cc-6ca43f6da8f6	4	172075742	182825334	7253	0.0124
5e7614a5-df8c-4cf9-b6cc-6ca43f6da8f6	4	182829397	182837897	2	-1.1988
5e7614a5-df8c-4cf9-b6cc-6ca43f6da8f6	4	182840274	189267889	4459	0.0256
5e7614a5-df8c-4cf9-b6cc-6ca43f6da8f6	4	189273964	189278110	4	-2.0747
5e7614a5-df8c-4cf9-b6cc-6ca43f6da8f6	4	189278617	190106768	349	0.0924
5e7614a5-df8c-4cf9-b6cc-6ca43f6da8f6	5	15532	685389	305	0.0106
5e7614a5-df8c-4cf9-b6cc-6ca43f6da8f6	5	685633	773075	26	-0.2973
5e7614a5-df8c-4cf9-b6cc-6ca43f6da8f6	5	773432	5639017	4015	-0.0002
5e7614a5-df8c-4cf9-b6cc-6ca43f6da8f6	5	5640631	5641732	4	-0.8692
5e7614a5-df8c-4cf9-b6cc-6ca43f6da8f6	5	5646714	12815753	5830	0.0047
5e7614a5-df8c-4cf9-b6cc-6ca43f6da8f6	5	12819201	12826538	9	0.8141
5e7614a5-df8c-4cf9-b6cc-6ca43f6da8f6	5	12833745	21376735	5462	0.0103
5e7614a5-df8c-4cf9-b6cc-6ca43f6da8f6	5	21377730	21377744	2	-1.4283
5e7614a5-df8c-4cf9-b6cc-6ca43f6da8f6	5	21385957	21449167	44	0.0749
5e7614a5-df8c-4cf9-b6cc-6ca43f6da8f6	5	21451091	21451855	3	-1.6566
5e7614a5-df8c-4cf9-b6cc-6ca43f6da8f6	5	21451889	25070595	2088	-0.0083
5e7614a5-df8c-4cf9-b6cc-6ca43f6da8f6	5	25075962	25335379	146	0.1356
5e7614a5-df8c-4cf9-b6cc-6ca43f6da8f6	5	25336673	26789387	899	-0.0008
5e7614a5-df8c-4cf9-b6cc-6ca43f6da8f6	5	26797651	26807690	4	0.7056
5e7614a5-df8c-4cf9-b6cc-6ca43f6da8f6	5	26807795	27524345	392	0.003
5e7614a5-df8c-4cf9-b6cc-6ca43f6da8f6	5	27525283	27525838	6	-0.9246
5e7614a5-df8c-4cf9-b6cc-6ca43f6da8f6	5	27525848	32221100	3084	0.0099
5e7614a5-df8c-4cf9-b6cc-6ca43f6da8f6	5	32226558	32281413	35	0.6057
5e7614a5-df8c-4cf9-b6cc-6ca43f6da8f6	5	32281507	45308261	7983	0.0029
5e7614a5-df8c-4cf9-b6cc-6ca43f6da8f6	5	45310953	46062027	265	0.0769
5e7614a5-df8c-4cf9-b6cc-6ca43f6da8f6	5	46096785	46097545	3	-0.8844
5e7614a5-df8c-4cf9-b6cc-6ca43f6da8f6	5	46097651	50829022	338	0.0999
5e7614a5-df8c-4cf9-b6cc-6ca43f6da8f6	5	50837510	55648434	3120	0
5e7614a5-df8c-4cf9-b6cc-6ca43f6da8f6	5	55648442	55653361	3	-1.0379
5e7614a5-df8c-4cf9-b6cc-6ca43f6da8f6	5	55654016	58025819	1658	0.0025
5e7614a5-df8c-4cf9-b6cc-6ca43f6da8f6	5	58030200	58037089	28	-0.4481
5e7614a5-df8c-4cf9-b6cc-6ca43f6da8f6	5	58037128	140838745	50036	0.0067
5e7614a5-df8c-4cf9-b6cc-6ca43f6da8f6	5	140839137	140864171	14	-0.8371
5e7614a5-df8c-4cf9-b6cc-6ca43f6da8f6	5	140872578	175978747	24279	0.0042
5e7614a5-df8c-4cf9-b6cc-6ca43f6da8f6	5	175989121	176033084	8	0.5152
5e7614a5-df8c-4cf9-b6cc-6ca43f6da8f6	5	176038686	176042504	2	-1.5102
5e7614a5-df8c-4cf9-b6cc-6ca43f6da8f6	5	176043321	178680821	1173	-0.0168
5e7614a5-df8c-4cf9-b6cc-6ca43f6da8f6	5	178682974	178686162	3	-2.1671
5e7614a5-df8c-4cf9-b6cc-6ca43f6da8f6	5	178691854	180951888	1348	-0.0003
5e7614a5-df8c-4cf9-b6cc-6ca43f6da8f6	5	180953203	181006225	18	-0.7082
5e7614a5-df8c-4cf9-b6cc-6ca43f6da8f6	5	181006264	181363319	169	0.0471
5e7614a5-df8c-4cf9-b6cc-6ca43f6da8f6	6	149661	265143	107	0.0243
5e7614a5-df8c-4cf9-b6cc-6ca43f6da8f6	6	267622	380821	94	-0.2536
5e7614a5-df8c-4cf9-b6cc-6ca43f6da8f6	6	381149	12718145	9844	0.0048
5e7614a5-df8c-4cf9-b6cc-6ca43f6da8f6	6	12718269	12718894	2	-1.3071
5e7614a5-df8c-4cf9-b6cc-6ca43f6da8f6	6	12719160	29868462	11588	0.0048
5e7614a5-df8c-4cf9-b6cc-6ca43f6da8f6	6	29868698	29933799	42	0.3453
5e7614a5-df8c-4cf9-b6cc-6ca43f6da8f6	6	29940692	32533522	1171	0.0234
5e7614a5-df8c-4cf9-b6cc-6ca43f6da8f6	6	32540699	32550992	5	-0.9407
5e7614a5-df8c-4cf9-b6cc-6ca43f6da8f6	6	32559507	32612840	19	-0.0513
5e7614a5-df8c-4cf9-b6cc-6ca43f6da8f6	6	32614061	32634330	11	-0.7921
5e7614a5-df8c-4cf9-b6cc-6ca43f6da8f6	6	32634492	33970966	814	0.0205
5e7614a5-df8c-4cf9-b6cc-6ca43f6da8f6	6	33974234	33974928	6	-1.3239
5e7614a5-df8c-4cf9-b6cc-6ca43f6da8f6	6	33976809	54066286	12884	0.001
5e7614a5-df8c-4cf9-b6cc-6ca43f6da8f6	6	54066353	54067057	7	1.0142
5e7614a5-df8c-4cf9-b6cc-6ca43f6da8f6	6	54070550	57321861	1970	-0.0026
5e7614a5-df8c-4cf9-b6cc-6ca43f6da8f6	6	57323404	61531071	583	0.1034
5e7614a5-df8c-4cf9-b6cc-6ca43f6da8f6	6	61531078	64627049	1674	-0.0044
5e7614a5-df8c-4cf9-b6cc-6ca43f6da8f6	6	64637651	64639099	2	1.2021
5e7614a5-df8c-4cf9-b6cc-6ca43f6da8f6	6	64640883	65000836	239	0.0216
5e7614a5-df8c-4cf9-b6cc-6ca43f6da8f6	6	65001506	65003899	3	-1.0483
5e7614a5-df8c-4cf9-b6cc-6ca43f6da8f6	6	65007491	66332822	900	0.0119
5e7614a5-df8c-4cf9-b6cc-6ca43f6da8f6	6	66332853	66333299	4	0.7578
5e7614a5-df8c-4cf9-b6cc-6ca43f6da8f6	6	66333342	66971937	531	-0.0003
5e7614a5-df8c-4cf9-b6cc-6ca43f6da8f6	6	66973914	66974605	6	0.571
5e7614a5-df8c-4cf9-b6cc-6ca43f6da8f6	6	66974638	68428164	986	0.0088
5e7614a5-df8c-4cf9-b6cc-6ca43f6da8f6	6	68428437	68432116	2	-1.4971
5e7614a5-df8c-4cf9-b6cc-6ca43f6da8f6	6	68436135	68850194	261	-0.0014
5e7614a5-df8c-4cf9-b6cc-6ca43f6da8f6	6	68850247	68850412	3	-0.8548
5e7614a5-df8c-4cf9-b6cc-6ca43f6da8f6	6	68850681	68976737	76	0.0141
5e7614a5-df8c-4cf9-b6cc-6ca43f6da8f6	6	68977806	68981476	4	-1.2518
5e7614a5-df8c-4cf9-b6cc-6ca43f6da8f6	6	68987514	73882142	3141	-0.0057
5e7614a5-df8c-4cf9-b6cc-6ca43f6da8f6	6	73882509	73887625	9	-0.8253
5e7614a5-df8c-4cf9-b6cc-6ca43f6da8f6	6	73891694	78253157	2766	0.0094
5e7614a5-df8c-4cf9-b6cc-6ca43f6da8f6	6	78253172	78316969	100	0.323
5e7614a5-df8c-4cf9-b6cc-6ca43f6da8f6	6	78316984	170741917	59645	0.0039
5e7614a5-df8c-4cf9-b6cc-6ca43f6da8f6	7	43355	4478224	2386	0.0059
5e7614a5-df8c-4cf9-b6cc-6ca43f6da8f6	7	4478521	4479226	2	-1.2603
5e7614a5-df8c-4cf9-b6cc-6ca43f6da8f6	7	4479322	6799093	1028	0.0121
5e7614a5-df8c-4cf9-b6cc-6ca43f6da8f6	7	6814479	7011144	66	0.2529
5e7614a5-df8c-4cf9-b6cc-6ca43f6da8f6	7	7012606	18866406	9627	0.0139
5e7614a5-df8c-4cf9-b6cc-6ca43f6da8f6	7	18866444	19738449	908	0.0691
5e7614a5-df8c-4cf9-b6cc-6ca43f6da8f6	7	19738463	57255696	26149	0.0044
5e7614a5-df8c-4cf9-b6cc-6ca43f6da8f6	7	57259468	65108474	1317	0.064
5e7614a5-df8c-4cf9-b6cc-6ca43f6da8f6	7	65133963	65176750	2	-1.3034
5e7614a5-df8c-4cf9-b6cc-6ca43f6da8f6	7	65177779	66284825	421	0.0755
5e7614a5-df8c-4cf9-b6cc-6ca43f6da8f6	7	66284986	88437392	12352	0.0056
5e7614a5-df8c-4cf9-b6cc-6ca43f6da8f6	7	88437542	90379899	1299	0.0747
5e7614a5-df8c-4cf9-b6cc-6ca43f6da8f6	7	90382772	126405502	21389	0.0033
5e7614a5-df8c-4cf9-b6cc-6ca43f6da8f6	7	126405597	126406561	10	-1.1066
5e7614a5-df8c-4cf9-b6cc-6ca43f6da8f6	7	126406822	134100424	4695	0.0001
5e7614a5-df8c-4cf9-b6cc-6ca43f6da8f6	7	134100442	134110881	24	0.6163
5e7614a5-df8c-4cf9-b6cc-6ca43f6da8f6	7	134110912	142032865	5173	0.002
5e7614a5-df8c-4cf9-b6cc-6ca43f6da8f6	7	142032935	142153808	89	0.1717
5e7614a5-df8c-4cf9-b6cc-6ca43f6da8f6	7	142154859	142440316	244	-0.012
5e7614a5-df8c-4cf9-b6cc-6ca43f6da8f6	7	142440552	142802783	170	0.138
5e7614a5-df8c-4cf9-b6cc-6ca43f6da8f6	7	142804120	151003934	4896	0.0076
5e7614a5-df8c-4cf9-b6cc-6ca43f6da8f6	7	151005503	151013304	4	-0.9592
5e7614a5-df8c-4cf9-b6cc-6ca43f6da8f6	7	151020592	153450553	1419	0.0166
5e7614a5-df8c-4cf9-b6cc-6ca43f6da8f6	7	153450560	153450627	2	-2.4305
5e7614a5-df8c-4cf9-b6cc-6ca43f6da8f6	7	153450630	154598185	851	0.0135
5e7614a5-df8c-4cf9-b6cc-6ca43f6da8f6	7	154601461	154607903	4	-2.0713
5e7614a5-df8c-4cf9-b6cc-6ca43f6da8f6	7	154609120	156472592	1512	-0.0038
5e7614a5-df8c-4cf9-b6cc-6ca43f6da8f6	7	156472643	156472881	2	-1.9015
5e7614a5-df8c-4cf9-b6cc-6ca43f6da8f6	7	156474771	159334314	1718	0.0114
5e7614a5-df8c-4cf9-b6cc-6ca43f6da8f6	8	81254	2679484	1853	0.0085
5e7614a5-df8c-4cf9-b6cc-6ca43f6da8f6	8	2682544	2698630	20	0.6712
5e7614a5-df8c-4cf9-b6cc-6ca43f6da8f6	8	2700967	7357323	5857	0.0128
5e7614a5-df8c-4cf9-b6cc-6ca43f6da8f6	8	7357997	7974123	47	0.3774
5e7614a5-df8c-4cf9-b6cc-6ca43f6da8f6	8	7981252	9538675	1283	0.0256
5e7614a5-df8c-4cf9-b6cc-6ca43f6da8f6	8	9538949	9539139	2	-1.2651
5e7614a5-df8c-4cf9-b6cc-6ca43f6da8f6	8	9539828	12035719	1945	0.0106
5e7614a5-df8c-4cf9-b6cc-6ca43f6da8f6	8	12037736	12697234	83	0.3348
5e7614a5-df8c-4cf9-b6cc-6ca43f6da8f6	8	12698533	15341452	2533	0.0054
5e7614a5-df8c-4cf9-b6cc-6ca43f6da8f6	8	15344078	15344430	2	-1.3106
5e7614a5-df8c-4cf9-b6cc-6ca43f6da8f6	8	15344510	15543415	161	0.0371
5e7614a5-df8c-4cf9-b6cc-6ca43f6da8f6	8	15543669	15555938	10	-0.7721
5e7614a5-df8c-4cf9-b6cc-6ca43f6da8f6	8	15565761	16084802	523	0.015
5e7614a5-df8c-4cf9-b6cc-6ca43f6da8f6	8	16085204	16085313	2	-1.4484
5e7614a5-df8c-4cf9-b6cc-6ca43f6da8f6	8	16086132	16339682	203	0.0598
5e7614a5-df8c-4cf9-b6cc-6ca43f6da8f6	8	16349445	16349614	8	-0.6193
5e7614a5-df8c-4cf9-b6cc-6ca43f6da8f6	8	16354575	16402103	47	0.1048
5e7614a5-df8c-4cf9-b6cc-6ca43f6da8f6	8	16404726	16417152	28	-0.6553
5e7614a5-df8c-4cf9-b6cc-6ca43f6da8f6	8	16421186	25116928	6850	-0.005
5e7614a5-df8c-4cf9-b6cc-6ca43f6da8f6	8	25116961	25133612	28	0.5514
5e7614a5-df8c-4cf9-b6cc-6ca43f6da8f6	8	25133720	40326278	9655	-0.0051
5e7614a5-df8c-4cf9-b6cc-6ca43f6da8f6	8	40326280	40331992	33	-0.8025
5e7614a5-df8c-4cf9-b6cc-6ca43f6da8f6	8	40335391	94545084	31096	-0.002
5e7614a5-df8c-4cf9-b6cc-6ca43f6da8f6	8	94545324	94545764	7	0.986
5e7614a5-df8c-4cf9-b6cc-6ca43f6da8f6	8	94545887	114619814	12087	0.0015
5e7614a5-df8c-4cf9-b6cc-6ca43f6da8f6	8	114622258	114626238	16	-0.5872
5e7614a5-df8c-4cf9-b6cc-6ca43f6da8f6	8	114626472	114628588	6	0.2061
5e7614a5-df8c-4cf9-b6cc-6ca43f6da8f6	8	114628679	114629502	13	-0.5152
5e7614a5-df8c-4cf9-b6cc-6ca43f6da8f6	8	114638468	119139771	3106	0.0002
5e7614a5-df8c-4cf9-b6cc-6ca43f6da8f6	8	119142545	119147207	4	-0.7299
5e7614a5-df8c-4cf9-b6cc-6ca43f6da8f6	8	119150615	122050320	1904	-0.0022
5e7614a5-df8c-4cf9-b6cc-6ca43f6da8f6	8	122057264	122057628	5	0.7704
5e7614a5-df8c-4cf9-b6cc-6ca43f6da8f6	8	122057897	128744020	4777	0.001
5e7614a5-df8c-4cf9-b6cc-6ca43f6da8f6	8	128750889	128751839	2	-2.7389
5e7614a5-df8c-4cf9-b6cc-6ca43f6da8f6	8	128765208	136593751	6031	-0.0048
5e7614a5-df8c-4cf9-b6cc-6ca43f6da8f6	8	136594129	136849353	217	0.1039
5e7614a5-df8c-4cf9-b6cc-6ca43f6da8f6	8	136849448	139591259	2339	0.0042
5e7614a5-df8c-4cf9-b6cc-6ca43f6da8f6	8	139592093	139592959	5	0.8077
5e7614a5-df8c-4cf9-b6cc-6ca43f6da8f6	8	139593472	141564139	1200	0.0075
5e7614a5-df8c-4cf9-b6cc-6ca43f6da8f6	8	141564862	141565500	3	-1.575
5e7614a5-df8c-4cf9-b6cc-6ca43f6da8f6	8	141566354	145072769	1448	-0.0056
5e7614a5-df8c-4cf9-b6cc-6ca43f6da8f6	9	46587	602903	508	0.0555
5e7614a5-df8c-4cf9-b6cc-6ca43f6da8f6	9	606699	606961	4	-1.8046
5e7614a5-df8c-4cf9-b6cc-6ca43f6da8f6	9	607307	39588611	30640	0.0118
5e7614a5-df8c-4cf9-b6cc-6ca43f6da8f6	9	39747848	64800092	342	0.2808
5e7614a5-df8c-4cf9-b6cc-6ca43f6da8f6	9	64813222	138200944	47932	0.0018
5e7614a5-df8c-4cf9-b6cc-6ca43f6da8f6	10	45792	30957581	24200	0.015
5e7614a5-df8c-4cf9-b6cc-6ca43f6da8f6	10	30962405	30962850	11	-0.6125
5e7614a5-df8c-4cf9-b6cc-6ca43f6da8f6	10	30962893	41806457	4848	0.02
5e7614a5-df8c-4cf9-b6cc-6ca43f6da8f6	10	41806669	42358241	45	0.4091
5e7614a5-df8c-4cf9-b6cc-6ca43f6da8f6	10	42358254	46154876	2371	0.0251
5e7614a5-df8c-4cf9-b6cc-6ca43f6da8f6	10	46169953	46446814	170	0.5662
5e7614a5-df8c-4cf9-b6cc-6ca43f6da8f6	10	46446817	46693694	51	0.329
5e7614a5-df8c-4cf9-b6cc-6ca43f6da8f6	10	46708121	46836986	8	0.9156
5e7614a5-df8c-4cf9-b6cc-6ca43f6da8f6	10	46898735	47559596	289	0.0121
5e7614a5-df8c-4cf9-b6cc-6ca43f6da8f6	10	47622159	48173568	20	0.4287
5e7614a5-df8c-4cf9-b6cc-6ca43f6da8f6	10	48179571	59598509	8346	0.0207
5e7614a5-df8c-4cf9-b6cc-6ca43f6da8f6	10	59604357	59605316	6	-0.7345
5e7614a5-df8c-4cf9-b6cc-6ca43f6da8f6	10	59605424	65549024	4029	0.0118
5e7614a5-df8c-4cf9-b6cc-6ca43f6da8f6	10	65549079	65554688	19	-0.4325
5e7614a5-df8c-4cf9-b6cc-6ca43f6da8f6	10	65563037	80237692	9471	0.0169
5e7614a5-df8c-4cf9-b6cc-6ca43f6da8f6	10	80248392	80248789	2	-1.2753
5e7614a5-df8c-4cf9-b6cc-6ca43f6da8f6	10	80252343	124456396	30120	0.0147
5e7614a5-df8c-4cf9-b6cc-6ca43f6da8f6	10	124460367	124461579	3	-1.3597
5e7614a5-df8c-4cf9-b6cc-6ca43f6da8f6	10	124466230	133415637	6448	0.0121
5e7614a5-df8c-4cf9-b6cc-6ca43f6da8f6	10	133416215	133416364	2	-2.6027
5e7614a5-df8c-4cf9-b6cc-6ca43f6da8f6	10	133419150	133654968	148	0.0721
5e7614a5-df8c-4cf9-b6cc-6ca43f6da8f6	11	198510	1420044	401	-0.0318
5e7614a5-df8c-4cf9-b6cc-6ca43f6da8f6	11	1420766	1428143	2	-1.6654
5e7614a5-df8c-4cf9-b6cc-6ca43f6da8f6	11	1428269	6086560	3094	0.0023
5e7614a5-df8c-4cf9-b6cc-6ca43f6da8f6	11	6087039	6100864	8	-1.2352
5e7614a5-df8c-4cf9-b6cc-6ca43f6da8f6	11	6101273	21825348	11797	-0.0016
5e7614a5-df8c-4cf9-b6cc-6ca43f6da8f6	11	21825960	21827206	5	-0.8311
5e7614a5-df8c-4cf9-b6cc-6ca43f6da8f6	11	21829111	50293563	18671	0.0063
5e7614a5-df8c-4cf9-b6cc-6ca43f6da8f6	11	50293582	55608760	483	0.1306
5e7614a5-df8c-4cf9-b6cc-6ca43f6da8f6	11	55608785	55685533	53	0.3736
5e7614a5-df8c-4cf9-b6cc-6ca43f6da8f6	11	55686100	56199850	366	0.0759
5e7614a5-df8c-4cf9-b6cc-6ca43f6da8f6	11	56199970	67734155	5856	-0.0048
5e7614a5-df8c-4cf9-b6cc-6ca43f6da8f6	11	67736185	67981851	67	0.2069
5e7614a5-df8c-4cf9-b6cc-6ca43f6da8f6	11	67996609	81786669	8270	0.0062
5e7614a5-df8c-4cf9-b6cc-6ca43f6da8f6	11	81786837	81806116	14	-0.5657
5e7614a5-df8c-4cf9-b6cc-6ca43f6da8f6	11	81811590	86594771	3177	0.0096
5e7614a5-df8c-4cf9-b6cc-6ca43f6da8f6	11	86594775	86595012	4	-0.9841
5e7614a5-df8c-4cf9-b6cc-6ca43f6da8f6	11	86604132	135074876	34494	0.0014
5e7614a5-df8c-4cf9-b6cc-6ca43f6da8f6	12	51460	8249238	5541	0.0028
5e7614a5-df8c-4cf9-b6cc-6ca43f6da8f6	12	8253044	8432076	66	0.2228
5e7614a5-df8c-4cf9-b6cc-6ca43f6da8f6	12	8442298	9481274	560	-0.0048
5e7614a5-df8c-4cf9-b6cc-6ca43f6da8f6	12	9485313	9562969	22	-1.3541
5e7614a5-df8c-4cf9-b6cc-6ca43f6da8f6	12	9575696	11358644	1180	0.014
5e7614a5-df8c-4cf9-b6cc-6ca43f6da8f6	12	11359558	11390472	29	0.6059
5e7614a5-df8c-4cf9-b6cc-6ca43f6da8f6	12	11399258	12881761	1184	-0.0019
5e7614a5-df8c-4cf9-b6cc-6ca43f6da8f6	12	12882744	12882786	2	-1.8687
5e7614a5-df8c-4cf9-b6cc-6ca43f6da8f6	12	12885361	14628569	1318	-0.0049
5e7614a5-df8c-4cf9-b6cc-6ca43f6da8f6	12	14629727	14630864	2	-1.1514
5e7614a5-df8c-4cf9-b6cc-6ca43f6da8f6	12	14631115	30086809	10585	0.0037
5e7614a5-df8c-4cf9-b6cc-6ca43f6da8f6	12	30086978	30090756	19	0.3732
5e7614a5-df8c-4cf9-b6cc-6ca43f6da8f6	12	30090789	33141726	2253	0.0079
5e7614a5-df8c-4cf9-b6cc-6ca43f6da8f6	12	33148472	33154144	26	-0.6066
5e7614a5-df8c-4cf9-b6cc-6ca43f6da8f6	12	33154440	33681608	361	0.0202
5e7614a5-df8c-4cf9-b6cc-6ca43f6da8f6	12	33681815	38651011	868	0.0796
5e7614a5-df8c-4cf9-b6cc-6ca43f6da8f6	12	38651085	39083525	255	-0.0027
5e7614a5-df8c-4cf9-b6cc-6ca43f6da8f6	12	39087759	39089311	5	-1.0115
5e7614a5-df8c-4cf9-b6cc-6ca43f6da8f6	12	39094246	127002679	55858	0.0008
5e7614a5-df8c-4cf9-b6cc-6ca43f6da8f6	12	127006387	127009134	5	-0.9005
5e7614a5-df8c-4cf9-b6cc-6ca43f6da8f6	12	127010817	131289421	3738	0.0083
5e7614a5-df8c-4cf9-b6cc-6ca43f6da8f6	12	131290753	131290763	2	-2.1428
5e7614a5-df8c-4cf9-b6cc-6ca43f6da8f6	12	131291086	131615979	307	0.0127
5e7614a5-df8c-4cf9-b6cc-6ca43f6da8f6	12	131616532	131648790	28	-0.3312
5e7614a5-df8c-4cf9-b6cc-6ca43f6da8f6	12	131657925	133201603	559	0.0158
5e7614a5-df8c-4cf9-b6cc-6ca43f6da8f6	13	18452809	37497899	13477	0.0067
5e7614a5-df8c-4cf9-b6cc-6ca43f6da8f6	13	37498087	37510620	15	0.7578
5e7614a5-df8c-4cf9-b6cc-6ca43f6da8f6	13	37514193	114342922	50623	0.0035
5e7614a5-df8c-4cf9-b6cc-6ca43f6da8f6	14	18239283	19197351	40	0.372
5e7614a5-df8c-4cf9-b6cc-6ca43f6da8f6	14	19203845	19675350	23	0.7
5e7614a5-df8c-4cf9-b6cc-6ca43f6da8f6	14	19689684	19955213	104	0.3022
5e7614a5-df8c-4cf9-b6cc-6ca43f6da8f6	14	19956767	21779465	1202	0.0056
5e7614a5-df8c-4cf9-b6cc-6ca43f6da8f6	14	21782662	22560612	708	0.0968
5e7614a5-df8c-4cf9-b6cc-6ca43f6da8f6	14	22560761	69547262	29512	0.008
5e7614a5-df8c-4cf9-b6cc-6ca43f6da8f6	14	69551330	69555996	10	-0.6045
5e7614a5-df8c-4cf9-b6cc-6ca43f6da8f6	14	69556009	85248535	10340	0.0022
5e7614a5-df8c-4cf9-b6cc-6ca43f6da8f6	14	85252546	85258998	5	-1.07
5e7614a5-df8c-4cf9-b6cc-6ca43f6da8f6	14	85266658	105612353	12918	0.0005
5e7614a5-df8c-4cf9-b6cc-6ca43f6da8f6	14	105612687	105691429	13	-0.9308
5e7614a5-df8c-4cf9-b6cc-6ca43f6da8f6	14	105700900	106258891	178	0.0833
5e7614a5-df8c-4cf9-b6cc-6ca43f6da8f6	14	106260759	106271566	8	-0.6327
5e7614a5-df8c-4cf9-b6cc-6ca43f6da8f6	14	106279645	106340102	27	0.0794
5e7614a5-df8c-4cf9-b6cc-6ca43f6da8f6	14	106340305	106364815	9	-1.1985
5e7614a5-df8c-4cf9-b6cc-6ca43f6da8f6	14	106365807	106877229	270	0.0672
5e7614a5-df8c-4cf9-b6cc-6ca43f6da8f6	15	19811075	20001686	45	0.1868
5e7614a5-df8c-4cf9-b6cc-6ca43f6da8f6	15	20011702	20064520	9	-1.0381
5e7614a5-df8c-4cf9-b6cc-6ca43f6da8f6	15	20187568	20317086	19	-0.3031
5e7614a5-df8c-4cf9-b6cc-6ca43f6da8f6	15	20327364	20345433	3	0.9238
5e7614a5-df8c-4cf9-b6cc-6ca43f6da8f6	15	20364698	20376311	19	-0.2821
5e7614a5-df8c-4cf9-b6cc-6ca43f6da8f6	15	20380735	20404366	27	-0.818
5e7614a5-df8c-4cf9-b6cc-6ca43f6da8f6	15	20406116	22395047	86	-0.165
5e7614a5-df8c-4cf9-b6cc-6ca43f6da8f6	15	22413894	24429740	992	0.0288
5e7614a5-df8c-4cf9-b6cc-6ca43f6da8f6	15	24429986	24462170	22	-0.4556
5e7614a5-df8c-4cf9-b6cc-6ca43f6da8f6	15	24467876	47819263	14343	0.0063
5e7614a5-df8c-4cf9-b6cc-6ca43f6da8f6	15	47821105	47821383	2	-1.4136
5e7614a5-df8c-4cf9-b6cc-6ca43f6da8f6	15	47821746	76599170	18325	0.0025
5e7614a5-df8c-4cf9-b6cc-6ca43f6da8f6	15	76599286	76599700	7	-2.5605
5e7614a5-df8c-4cf9-b6cc-6ca43f6da8f6	15	76599852	76603434	13	-1.0815
5e7614a5-df8c-4cf9-b6cc-6ca43f6da8f6	15	76609838	101880399	17588	0.0107
5e7614a5-df8c-4cf9-b6cc-6ca43f6da8f6	15	101880604	101928837	11	0.6842
5e7614a5-df8c-4cf9-b6cc-6ca43f6da8f6	16	10777	14686797	11097	0.011
5e7614a5-df8c-4cf9-b6cc-6ca43f6da8f6	16	14794738	14993317	62	0.3538
5e7614a5-df8c-4cf9-b6cc-6ca43f6da8f6	16	14993318	22566282	3618	0.0345
5e7614a5-df8c-4cf9-b6cc-6ca43f6da8f6	16	22576144	22699421	67	0.2954
5e7614a5-df8c-4cf9-b6cc-6ca43f6da8f6	16	22701658	31994320	5109	0.0046
5e7614a5-df8c-4cf9-b6cc-6ca43f6da8f6	16	31994695	35155116	160	0.1314
5e7614a5-df8c-4cf9-b6cc-6ca43f6da8f6	16	35155852	54444318	5687	0.0037
5e7614a5-df8c-4cf9-b6cc-6ca43f6da8f6	16	54444471	54444961	2	-1.2276
5e7614a5-df8c-4cf9-b6cc-6ca43f6da8f6	16	54445311	55761136	1125	0.0131
5e7614a5-df8c-4cf9-b6cc-6ca43f6da8f6	16	55762477	55788485	21	-2.2795
5e7614a5-df8c-4cf9-b6cc-6ca43f6da8f6	16	55788532	55808470	3	-0.0742
5e7614a5-df8c-4cf9-b6cc-6ca43f6da8f6	16	55808544	55834527	12	0.8748
5e7614a5-df8c-4cf9-b6cc-6ca43f6da8f6	16	55836505	70105639	8739	0.0007
5e7614a5-df8c-4cf9-b6cc-6ca43f6da8f6	16	70117657	70163864	12	0.9001
5e7614a5-df8c-4cf9-b6cc-6ca43f6da8f6	16	70164427	71965858	721	0.0055
5e7614a5-df8c-4cf9-b6cc-6ca43f6da8f6	16	71966296	72001596	33	0.2237
5e7614a5-df8c-4cf9-b6cc-6ca43f6da8f6	16	72003307	73347807	754	0.0002
5e7614a5-df8c-4cf9-b6cc-6ca43f6da8f6	16	73356385	73357243	5	-0.8407
5e7614a5-df8c-4cf9-b6cc-6ca43f6da8f6	16	73359422	74330951	782	0.0073
5e7614a5-df8c-4cf9-b6cc-6ca43f6da8f6	16	74334793	74418138	12	0.8618
5e7614a5-df8c-4cf9-b6cc-6ca43f6da8f6	16	74422703	78337711	3204	0.0102
5e7614a5-df8c-4cf9-b6cc-6ca43f6da8f6	16	78338543	78350868	16	-1.5123
5e7614a5-df8c-4cf9-b6cc-6ca43f6da8f6	16	78351104	79713988	1703	0.0042
5e7614a5-df8c-4cf9-b6cc-6ca43f6da8f6	16	79714637	79715777	6	-1.051
5e7614a5-df8c-4cf9-b6cc-6ca43f6da8f6	16	79716133	90096867	8902	0.0045
5e7614a5-df8c-4cf9-b6cc-6ca43f6da8f6	17	150733	14229461	8897	-0.0004
5e7614a5-df8c-4cf9-b6cc-6ca43f6da8f6	17	14231324	15729913	1129	0.0694
5e7614a5-df8c-4cf9-b6cc-6ca43f6da8f6	17	15732668	16669462	423	-0.0076
5e7614a5-df8c-4cf9-b6cc-6ca43f6da8f6	17	16672146	16678690	8	-0.6642
5e7614a5-df8c-4cf9-b6cc-6ca43f6da8f6	17	16684748	18455635	934	0.0013
5e7614a5-df8c-4cf9-b6cc-6ca43f6da8f6	17	18458372	18561907	24	0.5741
5e7614a5-df8c-4cf9-b6cc-6ca43f6da8f6	17	18565883	33772726	5117	0.0064
5e7614a5-df8c-4cf9-b6cc-6ca43f6da8f6	17	33772807	33773425	3	-1.0917
5e7614a5-df8c-4cf9-b6cc-6ca43f6da8f6	17	33774486	41266838	4269	0.0114
5e7614a5-df8c-4cf9-b6cc-6ca43f6da8f6	17	41266851	41274198	18	0.8421
5e7614a5-df8c-4cf9-b6cc-6ca43f6da8f6	17	41274279	46135062	2532	-0.0008
5e7614a5-df8c-4cf9-b6cc-6ca43f6da8f6	17	46135838	46710828	103	0.2678
5e7614a5-df8c-4cf9-b6cc-6ca43f6da8f6	17	46711919	80877721	20738	0.0007
5e7614a5-df8c-4cf9-b6cc-6ca43f6da8f6	17	80880339	80880423	2	-1.5474
5e7614a5-df8c-4cf9-b6cc-6ca43f6da8f6	17	80881291	83091923	810	0.002
5e7614a5-df8c-4cf9-b6cc-6ca43f6da8f6	18	48133	1819070	1248	0.0309
5e7614a5-df8c-4cf9-b6cc-6ca43f6da8f6	18	1819678	1959636	129	0.1503
5e7614a5-df8c-4cf9-b6cc-6ca43f6da8f6	18	1960198	8584005	4871	0.0061
5e7614a5-df8c-4cf9-b6cc-6ca43f6da8f6	18	8584974	8585713	4	-1.1665
5e7614a5-df8c-4cf9-b6cc-6ca43f6da8f6	18	8587111	13564387	3426	-0.0014
5e7614a5-df8c-4cf9-b6cc-6ca43f6da8f6	18	13565099	13567392	2	-1.3242
5e7614a5-df8c-4cf9-b6cc-6ca43f6da8f6	18	13567482	15124518	665	0.036
5e7614a5-df8c-4cf9-b6cc-6ca43f6da8f6	18	15127522	15359295	48	0.2795
5e7614a5-df8c-4cf9-b6cc-6ca43f6da8f6	18	15361215	71514049	33832	0.0055
5e7614a5-df8c-4cf9-b6cc-6ca43f6da8f6	18	71522026	73249324	1330	0.0592
5e7614a5-df8c-4cf9-b6cc-6ca43f6da8f6	18	73249421	80257174	5140	0.0035
5e7614a5-df8c-4cf9-b6cc-6ca43f6da8f6	19	90910	5510228	1587	-0.0122
5e7614a5-df8c-4cf9-b6cc-6ca43f6da8f6	19	5510569	5510642	2	-1.9152
5e7614a5-df8c-4cf9-b6cc-6ca43f6da8f6	19	5510689	20411869	7325	0.0042
5e7614a5-df8c-4cf9-b6cc-6ca43f6da8f6	19	20413400	20538428	70	-0.6294
5e7614a5-df8c-4cf9-b6cc-6ca43f6da8f6	19	20538656	20563384	17	0.0288
5e7614a5-df8c-4cf9-b6cc-6ca43f6da8f6	19	20576271	20577052	2	-1.4938
5e7614a5-df8c-4cf9-b6cc-6ca43f6da8f6	19	20582324	35167825	7517	0.0084
5e7614a5-df8c-4cf9-b6cc-6ca43f6da8f6	19	35172871	35173089	5	-0.9844
5e7614a5-df8c-4cf9-b6cc-6ca43f6da8f6	19	35173140	42751065	3861	0.0082
5e7614a5-df8c-4cf9-b6cc-6ca43f6da8f6	19	42758830	43263109	217	0.1533
5e7614a5-df8c-4cf9-b6cc-6ca43f6da8f6	19	43265681	53719929	5618	0.0067
5e7614a5-df8c-4cf9-b6cc-6ca43f6da8f6	19	53722236	53756733	33	0.3306
5e7614a5-df8c-4cf9-b6cc-6ca43f6da8f6	19	53757453	58586487	2836	-0.0024
5e7614a5-df8c-4cf9-b6cc-6ca43f6da8f6	20	80664	80670	6	-0.3814
5e7614a5-df8c-4cf9-b6cc-6ca43f6da8f6	20	80671	1571811	1175	0.0113
5e7614a5-df8c-4cf9-b6cc-6ca43f6da8f6	20	1576544	1580353	21	-0.5199
5e7614a5-df8c-4cf9-b6cc-6ca43f6da8f6	20	1580934	1613247	41	0.9231
5e7614a5-df8c-4cf9-b6cc-6ca43f6da8f6	20	1617300	26242063	18721	0.0063
5e7614a5-df8c-4cf9-b6cc-6ca43f6da8f6	20	26243033	30416535	81	0.2035
5e7614a5-df8c-4cf9-b6cc-6ca43f6da8f6	20	30416693	54028329	14815	0.0017
5e7614a5-df8c-4cf9-b6cc-6ca43f6da8f6	20	54031269	54037898	27	-0.7839
5e7614a5-df8c-4cf9-b6cc-6ca43f6da8f6	20	54038008	54041178	4	-2.6139
5e7614a5-df8c-4cf9-b6cc-6ca43f6da8f6	20	54041534	54042112	6	-0.4138
5e7614a5-df8c-4cf9-b6cc-6ca43f6da8f6	20	54046035	64284715	7440	0.0004
5e7614a5-df8c-4cf9-b6cc-6ca43f6da8f6	20	64323342	64324800	5	-0.5144
5e7614a5-df8c-4cf9-b6cc-6ca43f6da8f6	21	10354168	13974127	323	0.148
5e7614a5-df8c-4cf9-b6cc-6ca43f6da8f6	21	13975300	41894495	20885	-0.0002
5e7614a5-df8c-4cf9-b6cc-6ca43f6da8f6	21	41899425	41899447	2	-1.2167
5e7614a5-df8c-4cf9-b6cc-6ca43f6da8f6	21	41899628	46677045	2640	-0.0069
5e7614a5-df8c-4cf9-b6cc-6ca43f6da8f6	22	15294547	17014661	300	0.1207
5e7614a5-df8c-4cf9-b6cc-6ca43f6da8f6	22	17018144	17018618	2	1.4091
5e7614a5-df8c-4cf9-b6cc-6ca43f6da8f6	22	17019000	17055665	24	0.0889
5e7614a5-df8c-4cf9-b6cc-6ca43f6da8f6	22	17058788	23987520	4065	0.0168
5e7614a5-df8c-4cf9-b6cc-6ca43f6da8f6	22	23988078	23990739	4	1.155
5e7614a5-df8c-4cf9-b6cc-6ca43f6da8f6	22	23995113	50796027	18861	-0.0008
5e7614a5-df8c-4cf9-b6cc-6ca43f6da8f6	X	251810	114998067	59436	0.0076
5e7614a5-df8c-4cf9-b6cc-6ca43f6da8f6	X	114998337	114998484	2	-5.705
5e7614a5-df8c-4cf9-b6cc-6ca43f6da8f6	X	114999609	155952689	23859	0.0063
5e7614a5-df8c-4cf9-b6cc-6ca43f6da8f6	Y	2782397	6233384	783	-0.9923
5e7614a5-df8c-4cf9-b6cc-6ca43f6da8f6	Y	6249869	6267106	6	-0.279
5e7614a5-df8c-4cf9-b6cc-6ca43f6da8f6	Y	6270433	9332936	1439	-1.0014
5e7614a5-df8c-4cf9-b6cc-6ca43f6da8f6	Y	9334069	9549835	19	-0.0068
5e7614a5-df8c-4cf9-b6cc-6ca43f6da8f6	Y	9550385	23013519	4191	-1.0056
5e7614a5-df8c-4cf9-b6cc-6ca43f6da8f6	Y	23014812	24320966	13	-0.5158
5e7614a5-df8c-4cf9-b6cc-6ca43f6da8f6	Y	24452555	56872112	187	-0.9489
