GDC_Aliquot	Chromosome	Start	End	Num_Probes	Segment_Mean
c9a02d4c-0aa4-4f6d-a86a-717f2c1589c7	1	62920	462795	18	-0.3343
c9a02d4c-0aa4-4f6d-a86a-717f2c1589c7	1	462894	16544783	8632	0.0295
c9a02d4c-0aa4-4f6d-a86a-717f2c1589c7	1	16569132	16863509	56	-0.2821
c9a02d4c-0aa4-4f6d-a86a-717f2c1589c7	1	16864367	16935752	54	0.6615
c9a02d4c-0aa4-4f6d-a86a-717f2c1589c7	1	16949746	22170210	3447	0.0146
c9a02d4c-0aa4-4f6d-a86a-717f2c1589c7	1	22175223	22182713	9	-1.1432
c9a02d4c-0aa4-4f6d-a86a-717f2c1589c7	1	22187743	25256850	1807	0.0193
c9a02d4c-0aa4-4f6d-a86a-717f2c1589c7	1	25266637	25320455	24	0.5077
c9a02d4c-0aa4-4f6d-a86a-717f2c1589c7	1	25336819	34625993	4948	0.0134
c9a02d4c-0aa4-4f6d-a86a-717f2c1589c7	1	34626037	34648667	23	-0.6406
c9a02d4c-0aa4-4f6d-a86a-717f2c1589c7	1	34649941	72302815	23763	0.0209
c9a02d4c-0aa4-4f6d-a86a-717f2c1589c7	1	72303233	72345465	46	-1.1271
c9a02d4c-0aa4-4f6d-a86a-717f2c1589c7	1	72346221	82606667	6581	0.0185
c9a02d4c-0aa4-4f6d-a86a-717f2c1589c7	1	82607166	82652573	48	0.5101
c9a02d4c-0aa4-4f6d-a86a-717f2c1589c7	1	82652920	94661145	7762	0.0211
c9a02d4c-0aa4-4f6d-a86a-717f2c1589c7	1	94665122	94687294	59	-0.9106
c9a02d4c-0aa4-4f6d-a86a-717f2c1589c7	1	94689829	105476614	6495	0.0118
c9a02d4c-0aa4-4f6d-a86a-717f2c1589c7	1	105476688	105479753	15	0.6916
c9a02d4c-0aa4-4f6d-a86a-717f2c1589c7	1	105481433	109690352	2638	0.0152
c9a02d4c-0aa4-4f6d-a86a-717f2c1589c7	1	109690415	109697556	12	-0.7283
c9a02d4c-0aa4-4f6d-a86a-717f2c1589c7	1	109702376	116651953	4859	0.0222
c9a02d4c-0aa4-4f6d-a86a-717f2c1589c7	1	116657749	116657782	2	-1.3351
c9a02d4c-0aa4-4f6d-a86a-717f2c1589c7	1	116663714	146150530	2581	0.0168
c9a02d4c-0aa4-4f6d-a86a-717f2c1589c7	1	146161924	146174153	2	-1.6172
c9a02d4c-0aa4-4f6d-a86a-717f2c1589c7	1	146250588	151375049	1397	0.0134
c9a02d4c-0aa4-4f6d-a86a-717f2c1589c7	1	151375224	151375344	2	-1.6017
c9a02d4c-0aa4-4f6d-a86a-717f2c1589c7	1	151375579	152583051	732	0.0277
c9a02d4c-0aa4-4f6d-a86a-717f2c1589c7	1	152583230	152613762	31	-1.5915
c9a02d4c-0aa4-4f6d-a86a-717f2c1589c7	1	152613802	152782154	163	0.0554
c9a02d4c-0aa4-4f6d-a86a-717f2c1589c7	1	152783832	152796224	44	-0.2659
c9a02d4c-0aa4-4f6d-a86a-717f2c1589c7	1	152801429	196745743	29449	0.0153
c9a02d4c-0aa4-4f6d-a86a-717f2c1589c7	1	196758720	196832312	56	-0.8011
c9a02d4c-0aa4-4f6d-a86a-717f2c1589c7	1	196832525	215318153	12524	0.0158
c9a02d4c-0aa4-4f6d-a86a-717f2c1589c7	1	215320126	215325761	7	-0.8941
c9a02d4c-0aa4-4f6d-a86a-717f2c1589c7	1	215327688	220939709	3939	0.0143
c9a02d4c-0aa4-4f6d-a86a-717f2c1589c7	1	220940281	220942053	2	-1.3974
c9a02d4c-0aa4-4f6d-a86a-717f2c1589c7	1	220942259	248477891	19145	0.0167
c9a02d4c-0aa4-4f6d-a86a-717f2c1589c7	1	248520099	248645563	48	0.2916
c9a02d4c-0aa4-4f6d-a86a-717f2c1589c7	1	248645808	248930189	139	-0.0117
c9a02d4c-0aa4-4f6d-a86a-717f2c1589c7	2	12784	34466002	24086	0.0182
c9a02d4c-0aa4-4f6d-a86a-717f2c1589c7	2	34474248	34511990	45	0.7365
c9a02d4c-0aa4-4f6d-a86a-717f2c1589c7	2	34512096	34523818	11	-0.1226
c9a02d4c-0aa4-4f6d-a86a-717f2c1589c7	2	34525478	34647590	76	-0.9251
c9a02d4c-0aa4-4f6d-a86a-717f2c1589c7	2	34656430	41011095	4718	0.015
c9a02d4c-0aa4-4f6d-a86a-717f2c1589c7	2	41011303	41016287	20	-0.507
c9a02d4c-0aa4-4f6d-a86a-717f2c1589c7	2	41018409	42961823	1458	0.0101
c9a02d4c-0aa4-4f6d-a86a-717f2c1589c7	2	42963248	42963320	2	-1.3916
c9a02d4c-0aa4-4f6d-a86a-717f2c1589c7	2	42963852	52527330	6718	0.0139
c9a02d4c-0aa4-4f6d-a86a-717f2c1589c7	2	52527342	52554404	39	-0.6873
c9a02d4c-0aa4-4f6d-a86a-717f2c1589c7	2	52560811	89268711	22756	0.0144
c9a02d4c-0aa4-4f6d-a86a-717f2c1589c7	2	89271229	90230139	133	0.9579
c9a02d4c-0aa4-4f6d-a86a-717f2c1589c7	2	90235899	113604438	10313	0.0179
c9a02d4c-0aa4-4f6d-a86a-717f2c1589c7	2	113604837	113604839	2	-1.8568
c9a02d4c-0aa4-4f6d-a86a-717f2c1589c7	2	113623244	146104517	20029	0.0158
c9a02d4c-0aa4-4f6d-a86a-717f2c1589c7	2	146106836	146109366	24	0.9938
c9a02d4c-0aa4-4f6d-a86a-717f2c1589c7	2	146120238	168407079	13320	0.0174
c9a02d4c-0aa4-4f6d-a86a-717f2c1589c7	2	168414190	168441456	23	-0.9108
c9a02d4c-0aa4-4f6d-a86a-717f2c1589c7	2	168441984	179553484	7140	0.0176
c9a02d4c-0aa4-4f6d-a86a-717f2c1589c7	2	179553606	179557394	28	-0.695
c9a02d4c-0aa4-4f6d-a86a-717f2c1589c7	2	179557410	193823021	8336	0.0253
c9a02d4c-0aa4-4f6d-a86a-717f2c1589c7	2	193825580	193829074	2	1.6328
c9a02d4c-0aa4-4f6d-a86a-717f2c1589c7	2	193837590	194068024	111	0.0397
c9a02d4c-0aa4-4f6d-a86a-717f2c1589c7	2	194068195	194068212	2	-1.5141
c9a02d4c-0aa4-4f6d-a86a-717f2c1589c7	2	194078525	204837287	6203	0.0193
c9a02d4c-0aa4-4f6d-a86a-717f2c1589c7	2	204841478	204845067	3	-1.0622
c9a02d4c-0aa4-4f6d-a86a-717f2c1589c7	2	204850125	207171090	1561	0.0306
c9a02d4c-0aa4-4f6d-a86a-717f2c1589c7	2	207174899	207175780	4	-1.1086
c9a02d4c-0aa4-4f6d-a86a-717f2c1589c7	2	207177544	228892290	14098	0.0192
c9a02d4c-0aa4-4f6d-a86a-717f2c1589c7	2	228894763	228895120	7	-1.0599
c9a02d4c-0aa4-4f6d-a86a-717f2c1589c7	2	228895197	242147305	8203	0.02
c9a02d4c-0aa4-4f6d-a86a-717f2c1589c7	3	20930	177449	152	0.0231
c9a02d4c-0aa4-4f6d-a86a-717f2c1589c7	3	179751	195076	11	-0.5828
c9a02d4c-0aa4-4f6d-a86a-717f2c1589c7	3	195392	6603914	5651	0.0101
c9a02d4c-0aa4-4f6d-a86a-717f2c1589c7	3	6604856	6613561	26	-0.6557
c9a02d4c-0aa4-4f6d-a86a-717f2c1589c7	3	6613684	32346575	18272	0.0093
c9a02d4c-0aa4-4f6d-a86a-717f2c1589c7	3	32350998	32361635	21	0.5339
c9a02d4c-0aa4-4f6d-a86a-717f2c1589c7	3	32363884	75519398	28587	0.0158
c9a02d4c-0aa4-4f6d-a86a-717f2c1589c7	3	75523398	75537654	6	-2.1372
c9a02d4c-0aa4-4f6d-a86a-717f2c1589c7	3	75546030	99225614	10969	0.002
c9a02d4c-0aa4-4f6d-a86a-717f2c1589c7	3	99225632	99230470	36	-0.6202
c9a02d4c-0aa4-4f6d-a86a-717f2c1589c7	3	99230577	130068178	18716	0.011
c9a02d4c-0aa4-4f6d-a86a-717f2c1589c7	3	130068356	130087393	26	0.5992
c9a02d4c-0aa4-4f6d-a86a-717f2c1589c7	3	130088081	162405578	19994	0.0115
c9a02d4c-0aa4-4f6d-a86a-717f2c1589c7	3	162419812	162424917	14	-0.8574
c9a02d4c-0aa4-4f6d-a86a-717f2c1589c7	3	162426460	198169247	22199	0.0132
c9a02d4c-0aa4-4f6d-a86a-717f2c1589c7	4	68929	3597723	1439	0.0271
c9a02d4c-0aa4-4f6d-a86a-717f2c1589c7	4	3598142	3600457	2	-1.668
c9a02d4c-0aa4-4f6d-a86a-717f2c1589c7	4	3607663	9389545	3671	0.0193
c9a02d4c-0aa4-4f6d-a86a-717f2c1589c7	4	9390027	9484440	51	0.6246
c9a02d4c-0aa4-4f6d-a86a-717f2c1589c7	4	9494650	9527502	10	-0.5592
c9a02d4c-0aa4-4f6d-a86a-717f2c1589c7	4	9539086	10208766	529	0.0104
c9a02d4c-0aa4-4f6d-a86a-717f2c1589c7	4	10212536	10233644	36	1.1942
c9a02d4c-0aa4-4f6d-a86a-717f2c1589c7	4	10234518	63828222	33557	0.0141
c9a02d4c-0aa4-4f6d-a86a-717f2c1589c7	4	63831751	63842540	28	-1.2961
c9a02d4c-0aa4-4f6d-a86a-717f2c1589c7	4	63850713	68354665	2849	0.0085
c9a02d4c-0aa4-4f6d-a86a-717f2c1589c7	4	68361130	68639397	91	0.481
c9a02d4c-0aa4-4f6d-a86a-717f2c1589c7	4	68640616	150955199	49306	0.0152
c9a02d4c-0aa4-4f6d-a86a-717f2c1589c7	4	150955254	150963154	23	-2.0375
c9a02d4c-0aa4-4f6d-a86a-717f2c1589c7	4	150963158	155075275	2541	0.0189
c9a02d4c-0aa4-4f6d-a86a-717f2c1589c7	4	155077533	155087791	6	-0.911
c9a02d4c-0aa4-4f6d-a86a-717f2c1589c7	4	155091731	160952848	3785	0.0136
c9a02d4c-0aa4-4f6d-a86a-717f2c1589c7	4	160958866	160963815	24	0.4537
c9a02d4c-0aa4-4f6d-a86a-717f2c1589c7	4	160963825	169922993	5689	0.0151
c9a02d4c-0aa4-4f6d-a86a-717f2c1589c7	4	169923329	169925890	4	-0.9426
c9a02d4c-0aa4-4f6d-a86a-717f2c1589c7	4	169926381	172501371	1620	0.0038
c9a02d4c-0aa4-4f6d-a86a-717f2c1589c7	4	172503796	172507492	7	0.9662
c9a02d4c-0aa4-4f6d-a86a-717f2c1589c7	4	172519981	190106768	11832	0.0106
c9a02d4c-0aa4-4f6d-a86a-717f2c1589c7	5	15532	685389	305	0.0795
c9a02d4c-0aa4-4f6d-a86a-717f2c1589c7	5	685633	817877	35	-0.3369
c9a02d4c-0aa4-4f6d-a86a-717f2c1589c7	5	818426	11521291	9080	0.0168
c9a02d4c-0aa4-4f6d-a86a-717f2c1589c7	5	11526425	11526661	2	-1.4013
c9a02d4c-0aa4-4f6d-a86a-717f2c1589c7	5	11528266	15718383	2747	0.0088
c9a02d4c-0aa4-4f6d-a86a-717f2c1589c7	5	15719113	15720488	11	-0.9832
c9a02d4c-0aa4-4f6d-a86a-717f2c1589c7	5	15723237	21449167	3527	-0.0047
c9a02d4c-0aa4-4f6d-a86a-717f2c1589c7	5	21451091	21452329	5	-2.0883
c9a02d4c-0aa4-4f6d-a86a-717f2c1589c7	5	21452387	58025819	20028	0.0106
c9a02d4c-0aa4-4f6d-a86a-717f2c1589c7	5	58030200	58037706	32	1.8231
c9a02d4c-0aa4-4f6d-a86a-717f2c1589c7	5	58042530	92084209	19769	0.0166
c9a02d4c-0aa4-4f6d-a86a-717f2c1589c7	5	92086250	92089931	2	-1.4591
c9a02d4c-0aa4-4f6d-a86a-717f2c1589c7	5	92092785	114612520	13892	0.0178
c9a02d4c-0aa4-4f6d-a86a-717f2c1589c7	5	114612593	114617044	4	-1.4897
c9a02d4c-0aa4-4f6d-a86a-717f2c1589c7	5	114619666	177800550	41419	0.0144
c9a02d4c-0aa4-4f6d-a86a-717f2c1589c7	5	177801578	177805604	2	1.6869
c9a02d4c-0aa4-4f6d-a86a-717f2c1589c7	5	177827964	181363319	1985	0.0065
c9a02d4c-0aa4-4f6d-a86a-717f2c1589c7	6	149661	32533522	22849	0.0238
c9a02d4c-0aa4-4f6d-a86a-717f2c1589c7	6	32540699	32619680	29	-0.2765
c9a02d4c-0aa4-4f6d-a86a-717f2c1589c7	6	32625244	32658841	18	-0.8804
c9a02d4c-0aa4-4f6d-a86a-717f2c1589c7	6	32682835	33970222	801	0.0326
c9a02d4c-0aa4-4f6d-a86a-717f2c1589c7	6	33970966	33974928	7	-3.0094
c9a02d4c-0aa4-4f6d-a86a-717f2c1589c7	6	33976809	35785015	946	0.0037
c9a02d4c-0aa4-4f6d-a86a-717f2c1589c7	6	35789073	35789522	4	0.9281
c9a02d4c-0aa4-4f6d-a86a-717f2c1589c7	6	35801944	46620312	7099	0.0215
c9a02d4c-0aa4-4f6d-a86a-717f2c1589c7	6	46622471	46622942	3	-1.1698
c9a02d4c-0aa4-4f6d-a86a-717f2c1589c7	6	46624372	65684197	9772	0.0134
c9a02d4c-0aa4-4f6d-a86a-717f2c1589c7	6	65689589	65693959	23	-0.8044
c9a02d4c-0aa4-4f6d-a86a-717f2c1589c7	6	65697234	66298369	382	-0.0045
c9a02d4c-0aa4-4f6d-a86a-717f2c1589c7	6	66298393	66339513	57	-0.6774
c9a02d4c-0aa4-4f6d-a86a-717f2c1589c7	6	66339706	76726442	6775	0.0144
c9a02d4c-0aa4-4f6d-a86a-717f2c1589c7	6	76726815	76743040	22	0.6339
c9a02d4c-0aa4-4f6d-a86a-717f2c1589c7	6	76751356	78261995	979	0.0356
c9a02d4c-0aa4-4f6d-a86a-717f2c1589c7	6	78262064	78325457	108	-0.4651
c9a02d4c-0aa4-4f6d-a86a-717f2c1589c7	6	78325468	170741917	59667	0.0172
c9a02d4c-0aa4-4f6d-a86a-717f2c1589c7	7	43355	4644145	2517	0.0282
c9a02d4c-0aa4-4f6d-a86a-717f2c1589c7	7	4644206	4644243	2	-2.8577
c9a02d4c-0aa4-4f6d-a86a-717f2c1589c7	7	4645497	8786255	2542	0.0145
c9a02d4c-0aa4-4f6d-a86a-717f2c1589c7	7	8787540	8826367	50	-0.9211
c9a02d4c-0aa4-4f6d-a86a-717f2c1589c7	7	8833366	26092670	13710	0.0139
c9a02d4c-0aa4-4f6d-a86a-717f2c1589c7	7	26102772	26105793	4	-1.0713
c9a02d4c-0aa4-4f6d-a86a-717f2c1589c7	7	26107599	38281531	8553	0.0201
c9a02d4c-0aa4-4f6d-a86a-717f2c1589c7	7	38283317	38319127	90	0.2357
c9a02d4c-0aa4-4f6d-a86a-717f2c1589c7	7	38319355	45509655	4554	0.0154
c9a02d4c-0aa4-4f6d-a86a-717f2c1589c7	7	45511363	45513547	4	-1.1626
c9a02d4c-0aa4-4f6d-a86a-717f2c1589c7	7	45514082	54305455	6447	0.011
c9a02d4c-0aa4-4f6d-a86a-717f2c1589c7	7	54318812	54318824	6	3.7082
c9a02d4c-0aa4-4f6d-a86a-717f2c1589c7	7	54325795	57795817	2012	0.012
c9a02d4c-0aa4-4f6d-a86a-717f2c1589c7	7	57799267	62332999	56	-0.3877
c9a02d4c-0aa4-4f6d-a86a-717f2c1589c7	7	62526795	67172252	1667	-0.0096
c9a02d4c-0aa4-4f6d-a86a-717f2c1589c7	7	67176387	67180245	5	-2.1957
c9a02d4c-0aa4-4f6d-a86a-717f2c1589c7	7	67182652	67233947	15	-0.5502
c9a02d4c-0aa4-4f6d-a86a-717f2c1589c7	7	67234797	109793741	24683	0.0147
c9a02d4c-0aa4-4f6d-a86a-717f2c1589c7	7	109797035	109813853	35	0.3956
c9a02d4c-0aa4-4f6d-a86a-717f2c1589c7	7	109813925	111406770	1070	0.0199
c9a02d4c-0aa4-4f6d-a86a-717f2c1589c7	7	111408523	111442785	39	-0.7704
c9a02d4c-0aa4-4f6d-a86a-717f2c1589c7	7	111452408	126404920	8910	0.0199
c9a02d4c-0aa4-4f6d-a86a-717f2c1589c7	7	126405428	126406561	12	-0.9677
c9a02d4c-0aa4-4f6d-a86a-717f2c1589c7	7	126406822	142070260	9928	0.0125
c9a02d4c-0aa4-4f6d-a86a-717f2c1589c7	7	142070569	142090383	27	0.5079
c9a02d4c-0aa4-4f6d-a86a-717f2c1589c7	7	142090403	143521765	900	0.0356
c9a02d4c-0aa4-4f6d-a86a-717f2c1589c7	7	143529806	143530003	2	-1.5248
c9a02d4c-0aa4-4f6d-a86a-717f2c1589c7	7	143549276	153861864	6167	0.0124
c9a02d4c-0aa4-4f6d-a86a-717f2c1589c7	7	153861974	153881061	14	-0.5266
c9a02d4c-0aa4-4f6d-a86a-717f2c1589c7	7	153881331	159334314	3783	0.0203
c9a02d4c-0aa4-4f6d-a86a-717f2c1589c7	8	81254	644973	324	0.0371
c9a02d4c-0aa4-4f6d-a86a-717f2c1589c7	8	645220	645875	6	0.9408
c9a02d4c-0aa4-4f6d-a86a-717f2c1589c7	8	645892	645908	2	4.3433
c9a02d4c-0aa4-4f6d-a86a-717f2c1589c7	8	656117	7336299	7400	0.0207
c9a02d4c-0aa4-4f6d-a86a-717f2c1589c7	8	7357089	7380497	19	0.5754
c9a02d4c-0aa4-4f6d-a86a-717f2c1589c7	8	7396819	7886542	22	-0.3937
c9a02d4c-0aa4-4f6d-a86a-717f2c1589c7	8	7888457	7890177	4	1.3813
c9a02d4c-0aa4-4f6d-a86a-717f2c1589c7	8	7919608	8936471	708	0.0202
c9a02d4c-0aa4-4f6d-a86a-717f2c1589c7	8	8937165	8937291	3	1.4586
c9a02d4c-0aa4-4f6d-a86a-717f2c1589c7	8	8939321	10273731	1135	0.0318
c9a02d4c-0aa4-4f6d-a86a-717f2c1589c7	8	10273949	10274126	3	1.247
c9a02d4c-0aa4-4f6d-a86a-717f2c1589c7	8	10274604	16404726	4963	0.0118
c9a02d4c-0aa4-4f6d-a86a-717f2c1589c7	8	16404738	16416900	24	-0.6662
c9a02d4c-0aa4-4f6d-a86a-717f2c1589c7	8	16416915	25116928	6859	0.0139
c9a02d4c-0aa4-4f6d-a86a-717f2c1589c7	8	25116961	25126735	25	0.6784
c9a02d4c-0aa4-4f6d-a86a-717f2c1589c7	8	25126818	39495103	9048	0.0132
c9a02d4c-0aa4-4f6d-a86a-717f2c1589c7	8	39495168	39498870	2	-1.4858
c9a02d4c-0aa4-4f6d-a86a-717f2c1589c7	8	39499202	111279265	42012	0.0136
c9a02d4c-0aa4-4f6d-a86a-717f2c1589c7	8	111282050	111282973	8	-0.7302
c9a02d4c-0aa4-4f6d-a86a-717f2c1589c7	8	111283016	111283031	2	-2.8913
c9a02d4c-0aa4-4f6d-a86a-717f2c1589c7	8	111288052	145072769	22915	0.0179
c9a02d4c-0aa4-4f6d-a86a-717f2c1589c7	9	46587	5079156	5238	0.0217
c9a02d4c-0aa4-4f6d-a86a-717f2c1589c7	9	5081416	5081852	9	-0.8987
c9a02d4c-0aa4-4f6d-a86a-717f2c1589c7	9	5081953	12554019	6443	0.0112
c9a02d4c-0aa4-4f6d-a86a-717f2c1589c7	9	12554856	12562294	4	-1.0189
c9a02d4c-0aa4-4f6d-a86a-717f2c1589c7	9	12565520	21261447	7263	0.0241
c9a02d4c-0aa4-4f6d-a86a-717f2c1589c7	9	21262506	21280472	12	0.6288
c9a02d4c-0aa4-4f6d-a86a-717f2c1589c7	9	21280981	28044706	4995	0.019
c9a02d4c-0aa4-4f6d-a86a-717f2c1589c7	9	28047590	28049835	4	-1.1855
c9a02d4c-0aa4-4f6d-a86a-717f2c1589c7	9	28050693	39588611	7204	0.0133
c9a02d4c-0aa4-4f6d-a86a-717f2c1589c7	9	39747848	39840169	5	0.9966
c9a02d4c-0aa4-4f6d-a86a-717f2c1589c7	9	40018947	42037471	102	-0.0384
c9a02d4c-0aa4-4f6d-a86a-717f2c1589c7	9	42042339	42501791	32	0.4472
c9a02d4c-0aa4-4f6d-a86a-717f2c1589c7	9	42524983	63632493	143	-0.1666
c9a02d4c-0aa4-4f6d-a86a-717f2c1589c7	9	63657717	76829968	6349	0.0194
c9a02d4c-0aa4-4f6d-a86a-717f2c1589c7	9	76836014	76838119	5	-1.0794
c9a02d4c-0aa4-4f6d-a86a-717f2c1589c7	9	76838864	111677376	24769	0.0199
c9a02d4c-0aa4-4f6d-a86a-717f2c1589c7	9	111685145	111686407	4	-1.2691
c9a02d4c-0aa4-4f6d-a86a-717f2c1589c7	9	111686832	138177075	16895	0.0246
c9a02d4c-0aa4-4f6d-a86a-717f2c1589c7	9	138177488	138200944	6	0.7915
c9a02d4c-0aa4-4f6d-a86a-717f2c1589c7	10	45792	24088745	19192	0.0174
c9a02d4c-0aa4-4f6d-a86a-717f2c1589c7	10	24088746	24089125	10	-1.7664
c9a02d4c-0aa4-4f6d-a86a-717f2c1589c7	10	24089979	64638921	24550	0.0173
c9a02d4c-0aa4-4f6d-a86a-717f2c1589c7	10	64639652	64640112	2	-2.3733
c9a02d4c-0aa4-4f6d-a86a-717f2c1589c7	10	64643074	133654968	46882	0.0177
c9a02d4c-0aa4-4f6d-a86a-717f2c1589c7	11	198510	4274526	1746	0.0269
c9a02d4c-0aa4-4f6d-a86a-717f2c1589c7	11	4280126	4337579	15	-0.5424
c9a02d4c-0aa4-4f6d-a86a-717f2c1589c7	11	4337826	4946166	650	-0.0027
c9a02d4c-0aa4-4f6d-a86a-717f2c1589c7	11	4946420	4949137	8	-0.7068
c9a02d4c-0aa4-4f6d-a86a-717f2c1589c7	11	4950775	4952799	18	-1.6112
c9a02d4c-0aa4-4f6d-a86a-717f2c1589c7	11	4953934	5768495	792	-0.0025
c9a02d4c-0aa4-4f6d-a86a-717f2c1589c7	11	5768511	5791130	31	-0.6618
c9a02d4c-0aa4-4f6d-a86a-717f2c1589c7	11	5794956	6066429	218	0.0262
c9a02d4c-0aa4-4f6d-a86a-717f2c1589c7	11	6066641	6101273	28	-0.3168
c9a02d4c-0aa4-4f6d-a86a-717f2c1589c7	11	6102658	18919323	9157	0.0232
c9a02d4c-0aa4-4f6d-a86a-717f2c1589c7	11	18927525	18940050	38	-0.9806
c9a02d4c-0aa4-4f6d-a86a-717f2c1589c7	11	18940066	31371747	9084	0.0119
c9a02d4c-0aa4-4f6d-a86a-717f2c1589c7	11	31372721	31375533	2	-2.2651
c9a02d4c-0aa4-4f6d-a86a-717f2c1589c7	11	31376660	36758924	4092	0.0182
c9a02d4c-0aa4-4f6d-a86a-717f2c1589c7	11	36759611	36760584	3	-2.4693
c9a02d4c-0aa4-4f6d-a86a-717f2c1589c7	11	36762152	55595864	8580	0.0029
c9a02d4c-0aa4-4f6d-a86a-717f2c1589c7	11	55606556	55685533	59	-1.8076
c9a02d4c-0aa4-4f6d-a86a-717f2c1589c7	11	55686100	59042524	2073	0.0109
c9a02d4c-0aa4-4f6d-a86a-717f2c1589c7	11	59043768	59086292	22	0.5153
c9a02d4c-0aa4-4f6d-a86a-717f2c1589c7	11	59087546	69598492	5066	0.0226
c9a02d4c-0aa4-4f6d-a86a-717f2c1589c7	11	69599509	69611072	17	-0.9036
c9a02d4c-0aa4-4f6d-a86a-717f2c1589c7	11	69613514	81792426	7394	0.0201
c9a02d4c-0aa4-4f6d-a86a-717f2c1589c7	11	81792950	81806116	10	-0.7783
c9a02d4c-0aa4-4f6d-a86a-717f2c1589c7	11	81811590	86594771	3177	0.0235
c9a02d4c-0aa4-4f6d-a86a-717f2c1589c7	11	86594775	86595012	4	-1.4446
c9a02d4c-0aa4-4f6d-a86a-717f2c1589c7	11	86604132	134739499	34236	0.0175
c9a02d4c-0aa4-4f6d-a86a-717f2c1589c7	11	134739663	134739672	2	-1.927
c9a02d4c-0aa4-4f6d-a86a-717f2c1589c7	11	134740048	135074876	276	0.0426
c9a02d4c-0aa4-4f6d-a86a-717f2c1589c7	12	51460	9477960	6171	0.0206
c9a02d4c-0aa4-4f6d-a86a-717f2c1589c7	12	9481274	9582374	26	1.1213
c9a02d4c-0aa4-4f6d-a86a-717f2c1589c7	12	9583090	33565876	16872	0.0228
c9a02d4c-0aa4-4f6d-a86a-717f2c1589c7	12	33569867	33578803	22	-0.8002
c9a02d4c-0aa4-4f6d-a86a-717f2c1589c7	12	33583873	34055421	272	-0.0202
c9a02d4c-0aa4-4f6d-a86a-717f2c1589c7	12	34057235	34063370	5	-0.9188
c9a02d4c-0aa4-4f6d-a86a-717f2c1589c7	12	34064565	99398036	38713	0.0195
c9a02d4c-0aa4-4f6d-a86a-717f2c1589c7	12	99401515	99404031	21	-0.6635
c9a02d4c-0aa4-4f6d-a86a-717f2c1589c7	12	99404140	133201603	22713	0.0133
c9a02d4c-0aa4-4f6d-a86a-717f2c1589c7	13	18452809	43190433	17517	0.0217
c9a02d4c-0aa4-4f6d-a86a-717f2c1589c7	13	43192232	43192713	2	-2.6114
c9a02d4c-0aa4-4f6d-a86a-717f2c1589c7	13	43192968	58010656	8949	0.0209
c9a02d4c-0aa4-4f6d-a86a-717f2c1589c7	13	58016147	58022896	6	-1.1118
c9a02d4c-0aa4-4f6d-a86a-717f2c1589c7	13	58027918	114342922	37644	0.0165
c9a02d4c-0aa4-4f6d-a86a-717f2c1589c7	14	18239283	18394567	5	0.1205
c9a02d4c-0aa4-4f6d-a86a-717f2c1589c7	14	18415241	19012857	24	-0.6939
c9a02d4c-0aa4-4f6d-a86a-717f2c1589c7	14	19019303	21917596	1471	0.0153
c9a02d4c-0aa4-4f6d-a86a-717f2c1589c7	14	21918611	22509533	535	0.1793
c9a02d4c-0aa4-4f6d-a86a-717f2c1589c7	14	22509594	41141293	11730	0.0206
c9a02d4c-0aa4-4f6d-a86a-717f2c1589c7	14	41141487	41184774	12	-0.6117
c9a02d4c-0aa4-4f6d-a86a-717f2c1589c7	14	41188046	93907712	33751	0.0207
c9a02d4c-0aa4-4f6d-a86a-717f2c1589c7	14	93908705	93908850	3	-1.4326
c9a02d4c-0aa4-4f6d-a86a-717f2c1589c7	14	93909399	106877229	7868	0.0201
c9a02d4c-0aa4-4f6d-a86a-717f2c1589c7	15	19811075	20041119	48	-0.0366
c9a02d4c-0aa4-4f6d-a86a-717f2c1589c7	15	20041902	20376309	46	-0.5068
c9a02d4c-0aa4-4f6d-a86a-717f2c1589c7	15	20376311	20381704	11	-1.2198
c9a02d4c-0aa4-4f6d-a86a-717f2c1589c7	15	20384774	21272760	68	-0.6442
c9a02d4c-0aa4-4f6d-a86a-717f2c1589c7	15	21417107	24137883	898	-0.0045
c9a02d4c-0aa4-4f6d-a86a-717f2c1589c7	15	24139418	24189385	29	-0.9969
c9a02d4c-0aa4-4f6d-a86a-717f2c1589c7	15	24197072	34421922	6329	0.0201
c9a02d4c-0aa4-4f6d-a86a-717f2c1589c7	15	34430601	34526116	65	-0.828
c9a02d4c-0aa4-4f6d-a86a-717f2c1589c7	15	34570058	39295103	3400	0.0222
c9a02d4c-0aa4-4f6d-a86a-717f2c1589c7	15	39296025	39299987	5	-0.8668
c9a02d4c-0aa4-4f6d-a86a-717f2c1589c7	15	39305425	44933059	2816	0.0225
c9a02d4c-0aa4-4f6d-a86a-717f2c1589c7	15	44937398	44942249	5	-0.918
c9a02d4c-0aa4-4f6d-a86a-717f2c1589c7	15	44942884	65521764	13643	0.0193
c9a02d4c-0aa4-4f6d-a86a-717f2c1589c7	15	65524604	65526049	3	-2.274
c9a02d4c-0aa4-4f6d-a86a-717f2c1589c7	15	65530196	101928837	24171	0.0211
c9a02d4c-0aa4-4f6d-a86a-717f2c1589c7	16	10777	14965488	11138	0.0181
c9a02d4c-0aa4-4f6d-a86a-717f2c1589c7	16	14965876	14965891	2	-2.4294
c9a02d4c-0aa4-4f6d-a86a-717f2c1589c7	16	14966829	16449962	614	0.0104
c9a02d4c-0aa4-4f6d-a86a-717f2c1589c7	16	16461996	16645581	28	-0.7856
c9a02d4c-0aa4-4f6d-a86a-717f2c1589c7	16	16653072	18583078	994	-0.0193
c9a02d4c-0aa4-4f6d-a86a-717f2c1589c7	16	18595356	18624482	6	-0.8807
c9a02d4c-0aa4-4f6d-a86a-717f2c1589c7	16	18665971	55762682	14151	0.0087
c9a02d4c-0aa4-4f6d-a86a-717f2c1589c7	16	55764310	55764867	3	2.6226
c9a02d4c-0aa4-4f6d-a86a-717f2c1589c7	16	55770436	55775554	7	0.7921
c9a02d4c-0aa4-4f6d-a86a-717f2c1589c7	16	55776109	78337711	14283	0.0119
c9a02d4c-0aa4-4f6d-a86a-717f2c1589c7	16	78338543	78350841	15	-2.2473
c9a02d4c-0aa4-4f6d-a86a-717f2c1589c7	16	78350868	80901763	2992	0.0305
c9a02d4c-0aa4-4f6d-a86a-717f2c1589c7	16	80902494	80904169	4	-1.1159
c9a02d4c-0aa4-4f6d-a86a-717f2c1589c7	16	80904936	90096867	7620	0.035
c9a02d4c-0aa4-4f6d-a86a-717f2c1589c7	17	150733	18414080	11386	0.0168
c9a02d4c-0aa4-4f6d-a86a-717f2c1589c7	17	18452078	18561907	27	0.672
c9a02d4c-0aa4-4f6d-a86a-717f2c1589c7	17	18565883	43354897	10521	0.0156
c9a02d4c-0aa4-4f6d-a86a-717f2c1589c7	17	43361222	43362553	3	1.4045
c9a02d4c-0aa4-4f6d-a86a-717f2c1589c7	17	43366336	46120237	1414	0.0166
c9a02d4c-0aa4-4f6d-a86a-717f2c1589c7	17	46120280	46710828	115	-0.3699
c9a02d4c-0aa4-4f6d-a86a-717f2c1589c7	17	46711919	73585994	16588	0.0169
c9a02d4c-0aa4-4f6d-a86a-717f2c1589c7	17	73586705	73586736	2	-1.5098
c9a02d4c-0aa4-4f6d-a86a-717f2c1589c7	17	73586998	79245867	3224	0.0198
c9a02d4c-0aa4-4f6d-a86a-717f2c1589c7	17	79245925	79250962	10	-0.6242
c9a02d4c-0aa4-4f6d-a86a-717f2c1589c7	17	79251108	83091923	1734	0.015
c9a02d4c-0aa4-4f6d-a86a-717f2c1589c7	18	48133	36831274	20330	0.0081
c9a02d4c-0aa4-4f6d-a86a-717f2c1589c7	18	36831339	36831720	5	-0.9675
c9a02d4c-0aa4-4f6d-a86a-717f2c1589c7	18	36831814	42471713	3679	0.0049
c9a02d4c-0aa4-4f6d-a86a-717f2c1589c7	18	42476604	42477802	25	-1.8862
c9a02d4c-0aa4-4f6d-a86a-717f2c1589c7	18	42478430	66095064	16308	0.0093
c9a02d4c-0aa4-4f6d-a86a-717f2c1589c7	18	66099904	66100686	3	-2.3745
c9a02d4c-0aa4-4f6d-a86a-717f2c1589c7	18	66108359	67286034	769	0.0009
c9a02d4c-0aa4-4f6d-a86a-717f2c1589c7	18	67286412	67300028	22	-0.7134
c9a02d4c-0aa4-4f6d-a86a-717f2c1589c7	18	67300481	80257174	9583	0.0067
c9a02d4c-0aa4-4f6d-a86a-717f2c1589c7	19	90910	5506446	1592	0.0266
c9a02d4c-0aa4-4f6d-a86a-717f2c1589c7	19	5506648	5510642	4	-1.8236
c9a02d4c-0aa4-4f6d-a86a-717f2c1589c7	19	5510689	35364547	15111	0.0094
c9a02d4c-0aa4-4f6d-a86a-717f2c1589c7	19	35365141	35376052	23	-0.3874
c9a02d4c-0aa4-4f6d-a86a-717f2c1589c7	19	35379446	43198881	3859	0.0165
c9a02d4c-0aa4-4f6d-a86a-717f2c1589c7	19	43199352	43252085	21	-0.6149
c9a02d4c-0aa4-4f6d-a86a-717f2c1589c7	19	43262507	54801157	6185	0.0138
c9a02d4c-0aa4-4f6d-a86a-717f2c1589c7	19	54801545	54802362	2	-1.8493
c9a02d4c-0aa4-4f6d-a86a-717f2c1589c7	19	54802832	58586487	2306	0.0194
c9a02d4c-0aa4-4f6d-a86a-717f2c1589c7	20	80664	1571811	1183	0.0056
c9a02d4c-0aa4-4f6d-a86a-717f2c1589c7	20	1576544	1580141	17	-0.7885
c9a02d4c-0aa4-4f6d-a86a-717f2c1589c7	20	1580156	1601561	40	0.0081
c9a02d4c-0aa4-4f6d-a86a-717f2c1589c7	20	1609611	1613247	5	1.769
c9a02d4c-0aa4-4f6d-a86a-717f2c1589c7	20	1617300	5377256	2752	0.0129
c9a02d4c-0aa4-4f6d-a86a-717f2c1589c7	20	5377322	5378314	2	-1.4726
c9a02d4c-0aa4-4f6d-a86a-717f2c1589c7	20	5382828	24801017	15303	0.0182
c9a02d4c-0aa4-4f6d-a86a-717f2c1589c7	20	24803240	24804140	2	-1.6054
c9a02d4c-0aa4-4f6d-a86a-717f2c1589c7	20	24806186	44694228	8990	0.0153
c9a02d4c-0aa4-4f6d-a86a-717f2c1589c7	20	44699932	44700888	2	-1.4507
c9a02d4c-0aa4-4f6d-a86a-717f2c1589c7	20	44706422	49603475	3416	0.0137
c9a02d4c-0aa4-4f6d-a86a-717f2c1589c7	20	49603487	49603618	4	-1
c9a02d4c-0aa4-4f6d-a86a-717f2c1589c7	20	49605142	64323342	10650	0.0109
c9a02d4c-0aa4-4f6d-a86a-717f2c1589c7	20	64323484	64324800	4	-1.0158
c9a02d4c-0aa4-4f6d-a86a-717f2c1589c7	21	10354168	13028693	97	0.0593
c9a02d4c-0aa4-4f6d-a86a-717f2c1589c7	21	13080541	13189617	17	-0.558
c9a02d4c-0aa4-4f6d-a86a-717f2c1589c7	21	13197963	23476669	7129	0.0067
c9a02d4c-0aa4-4f6d-a86a-717f2c1589c7	21	23484178	23512948	17	-0.787
c9a02d4c-0aa4-4f6d-a86a-717f2c1589c7	21	23522455	39575330	11883	0.0153
c9a02d4c-0aa4-4f6d-a86a-717f2c1589c7	21	39575388	39575425	2	-1.9147
c9a02d4c-0aa4-4f6d-a86a-717f2c1589c7	21	39575548	40919752	1231	0.0238
c9a02d4c-0aa4-4f6d-a86a-717f2c1589c7	21	40920287	40921039	2	-1.5152
c9a02d4c-0aa4-4f6d-a86a-717f2c1589c7	21	40921727	46677045	3485	0.0271
c9a02d4c-0aa4-4f6d-a86a-717f2c1589c7	22	15294547	16394084	39	-0.0106
c9a02d4c-0aa4-4f6d-a86a-717f2c1589c7	22	16396408	16626440	53	-0.3217
c9a02d4c-0aa4-4f6d-a86a-717f2c1589c7	22	16630053	38894915	15100	0.0257
c9a02d4c-0aa4-4f6d-a86a-717f2c1589c7	22	38899250	38900899	3	-3.3605
c9a02d4c-0aa4-4f6d-a86a-717f2c1589c7	22	38903109	44737460	3606	0.0115
c9a02d4c-0aa4-4f6d-a86a-717f2c1589c7	22	44739926	44741026	4	-1.0302
c9a02d4c-0aa4-4f6d-a86a-717f2c1589c7	22	44750545	50796027	4463	0.0152
c9a02d4c-0aa4-4f6d-a86a-717f2c1589c7	X	251810	56431373	32466	0.0177
c9a02d4c-0aa4-4f6d-a86a-717f2c1589c7	X	56443062	56476115	20	0.9533
c9a02d4c-0aa4-4f6d-a86a-717f2c1589c7	X	56479478	141475366	42281	0.0171
c9a02d4c-0aa4-4f6d-a86a-717f2c1589c7	X	141475512	141598034	9	-0.6827
c9a02d4c-0aa4-4f6d-a86a-717f2c1589c7	X	141601940	155952689	8837	0.0124
c9a02d4c-0aa4-4f6d-a86a-717f2c1589c7	Y	2782397	6071948	718	-2.4902
c9a02d4c-0aa4-4f6d-a86a-717f2c1589c7	Y	6075631	13478396	2547	-2.8639
c9a02d4c-0aa4-4f6d-a86a-717f2c1589c7	Y	13478462	13482643	3	-7.5064
c9a02d4c-0aa4-4f6d-a86a-717f2c1589c7	Y	13483009	22913244	3171	-2.874
c9a02d4c-0aa4-4f6d-a86a-717f2c1589c7	Y	23013519	56872112	201	-2.6433
