GDC_Aliquot	Chromosome	Start	End	Num_Probes	Segment_Mean
5bdf11f3-5228-4da4-80aa-e6ca9b197b49	1	62920	3031345	622	0.1145
5bdf11f3-5228-4da4-80aa-e6ca9b197b49	1	3031456	16785682	8072	0.0098
5bdf11f3-5228-4da4-80aa-e6ca9b197b49	1	16787932	16935752	58	-0.2344
5bdf11f3-5228-4da4-80aa-e6ca9b197b49	1	16949746	25256800	5257	0.0037
5bdf11f3-5228-4da4-80aa-e6ca9b197b49	1	25256850	25319167	21	0.621
5bdf11f3-5228-4da4-80aa-e6ca9b197b49	1	25319693	75585159	30686	0.0063
5bdf11f3-5228-4da4-80aa-e6ca9b197b49	1	75589078	75589169	2	-2.8478
5bdf11f3-5228-4da4-80aa-e6ca9b197b49	1	75593824	83659601	5330	0.0022
5bdf11f3-5228-4da4-80aa-e6ca9b197b49	1	83660647	83661409	3	-1.2338
5bdf11f3-5228-4da4-80aa-e6ca9b197b49	1	83666331	103560608	12700	-0.0012
5bdf11f3-5228-4da4-80aa-e6ca9b197b49	1	103566616	103760781	33	0.8368
5bdf11f3-5228-4da4-80aa-e6ca9b197b49	1	103760879	105476583	913	0.0012
5bdf11f3-5228-4da4-80aa-e6ca9b197b49	1	105476614	105479753	16	0.5926
5bdf11f3-5228-4da4-80aa-e6ca9b197b49	1	105481433	112147704	4589	0.0011
5bdf11f3-5228-4da4-80aa-e6ca9b197b49	1	112153343	112154768	25	0.549
5bdf11f3-5228-4da4-80aa-e6ca9b197b49	1	112163334	143494500	5153	0.0068
5bdf11f3-5228-4da4-80aa-e6ca9b197b49	1	143541857	144442098	130	0.2259
5bdf11f3-5228-4da4-80aa-e6ca9b197b49	1	144442342	147228001	328	0.0369
5bdf11f3-5228-4da4-80aa-e6ca9b197b49	1	147228484	147240346	12	-0.8608
5bdf11f3-5228-4da4-80aa-e6ca9b197b49	1	147246045	152583230	1966	0.0324
5bdf11f3-5228-4da4-80aa-e6ca9b197b49	1	152583291	152614064	32	-1.7159
5bdf11f3-5228-4da4-80aa-e6ca9b197b49	1	152614100	152787202	169	-0.0049
5bdf11f3-5228-4da4-80aa-e6ca9b197b49	1	152789447	152796224	37	-1.862
5bdf11f3-5228-4da4-80aa-e6ca9b197b49	1	152801429	175422605	15196	0.0038
5bdf11f3-5228-4da4-80aa-e6ca9b197b49	1	175429575	175725225	281	0.1297
5bdf11f3-5228-4da4-80aa-e6ca9b197b49	1	175725368	196769493	13953	-0.0011
5bdf11f3-5228-4da4-80aa-e6ca9b197b49	1	196769506	196846661	56	-0.492
5bdf11f3-5228-4da4-80aa-e6ca9b197b49	1	196847600	199120152	1339	-0.0047
5bdf11f3-5228-4da4-80aa-e6ca9b197b49	1	199120266	199120284	2	-1.3771
5bdf11f3-5228-4da4-80aa-e6ca9b197b49	1	199120294	240228440	28558	0.0016
5bdf11f3-5228-4da4-80aa-e6ca9b197b49	1	240230715	240230839	6	-2.3253
5bdf11f3-5228-4da4-80aa-e6ca9b197b49	1	240232805	248930189	5853	0.0096
5bdf11f3-5228-4da4-80aa-e6ca9b197b49	2	12784	4158097	2984	0.0139
5bdf11f3-5228-4da4-80aa-e6ca9b197b49	2	4166274	4175577	36	-0.7364
5bdf11f3-5228-4da4-80aa-e6ca9b197b49	2	4175922	13190088	7048	0.0025
5bdf11f3-5228-4da4-80aa-e6ca9b197b49	2	13190625	13198041	3	-1.1057
5bdf11f3-5228-4da4-80aa-e6ca9b197b49	2	13198065	34485661	13993	0.0094
5bdf11f3-5228-4da4-80aa-e6ca9b197b49	2	34485743	34515572	41	0.3254
5bdf11f3-5228-4da4-80aa-e6ca9b197b49	2	34515690	52527330	12979	0.0115
5bdf11f3-5228-4da4-80aa-e6ca9b197b49	2	52527342	52554404	39	0.812
5bdf11f3-5228-4da4-80aa-e6ca9b197b49	2	52560811	57176185	3346	0.0184
5bdf11f3-5228-4da4-80aa-e6ca9b197b49	2	57176742	57179330	5	0.9712
5bdf11f3-5228-4da4-80aa-e6ca9b197b49	2	57179424	86901078	18599	0.0098
5bdf11f3-5228-4da4-80aa-e6ca9b197b49	2	86902080	87082140	14	0.667
5bdf11f3-5228-4da4-80aa-e6ca9b197b49	2	87082711	87462096	76	-0.0137
5bdf11f3-5228-4da4-80aa-e6ca9b197b49	2	87463778	87487629	8	-1.1242
5bdf11f3-5228-4da4-80aa-e6ca9b197b49	2	87489160	146104517	31151	0.0096
5bdf11f3-5228-4da4-80aa-e6ca9b197b49	2	146106836	146109366	24	0.8938
5bdf11f3-5228-4da4-80aa-e6ca9b197b49	2	146120238	153950179	4830	-0.0023
5bdf11f3-5228-4da4-80aa-e6ca9b197b49	2	153952033	153952141	3	-1.3921
5bdf11f3-5228-4da4-80aa-e6ca9b197b49	2	153953975	190008620	21842	0.0066
5bdf11f3-5228-4da4-80aa-e6ca9b197b49	2	190009096	190108013	61	0.5043
5bdf11f3-5228-4da4-80aa-e6ca9b197b49	2	190108507	242147305	32252	0.0043
5bdf11f3-5228-4da4-80aa-e6ca9b197b49	3	20930	1775015	1563	-0.0102
5bdf11f3-5228-4da4-80aa-e6ca9b197b49	3	1778550	1780401	6	-0.8729
5bdf11f3-5228-4da4-80aa-e6ca9b197b49	3	1780417	22286251	15227	0.0056
5bdf11f3-5228-4da4-80aa-e6ca9b197b49	3	22287665	22288947	3	-1.2968
5bdf11f3-5228-4da4-80aa-e6ca9b197b49	3	22289510	37935926	10782	0.0041
5bdf11f3-5228-4da4-80aa-e6ca9b197b49	3	37940617	37945437	18	-0.8829
5bdf11f3-5228-4da4-80aa-e6ca9b197b49	3	37945615	68697013	20128	0.0058
5bdf11f3-5228-4da4-80aa-e6ca9b197b49	3	68697108	68698262	14	1.1611
5bdf11f3-5228-4da4-80aa-e6ca9b197b49	3	68699607	75285965	4816	0.005
5bdf11f3-5228-4da4-80aa-e6ca9b197b49	3	75290978	75773308	150	0.1998
5bdf11f3-5228-4da4-80aa-e6ca9b197b49	3	75774420	84650607	4924	-0.0139
5bdf11f3-5228-4da4-80aa-e6ca9b197b49	3	84650642	84653010	13	-0.7329
5bdf11f3-5228-4da4-80aa-e6ca9b197b49	3	84653084	99218940	5974	-0.0043
5bdf11f3-5228-4da4-80aa-e6ca9b197b49	3	99225614	99230457	35	-2.2351
5bdf11f3-5228-4da4-80aa-e6ca9b197b49	3	99230464	99230577	3	-0.8516
5bdf11f3-5228-4da4-80aa-e6ca9b197b49	3	99232120	130044855	18681	0.0011
5bdf11f3-5228-4da4-80aa-e6ca9b197b49	3	130047743	130067366	6	-0.6677
5bdf11f3-5228-4da4-80aa-e6ca9b197b49	3	130067443	130087393	31	-1.5813
5bdf11f3-5228-4da4-80aa-e6ca9b197b49	3	130088081	146756356	10419	0.0032
5bdf11f3-5228-4da4-80aa-e6ca9b197b49	3	146756536	146758696	3	-2.0994
5bdf11f3-5228-4da4-80aa-e6ca9b197b49	3	146759265	162790480	9808	0.0013
5bdf11f3-5228-4da4-80aa-e6ca9b197b49	3	162794869	162803835	11	0.6141
5bdf11f3-5228-4da4-80aa-e6ca9b197b49	3	162807070	162822702	11	-0.36
5bdf11f3-5228-4da4-80aa-e6ca9b197b49	3	162827928	162906093	45	0.5131
5bdf11f3-5228-4da4-80aa-e6ca9b197b49	3	162906109	186688349	14406	-0.0047
5bdf11f3-5228-4da4-80aa-e6ca9b197b49	3	186695072	186699982	11	-0.638
5bdf11f3-5228-4da4-80aa-e6ca9b197b49	3	186704081	187877506	892	0.002
5bdf11f3-5228-4da4-80aa-e6ca9b197b49	3	187877590	187877925	2	1.2306
5bdf11f3-5228-4da4-80aa-e6ca9b197b49	3	187877952	193156958	3818	0.0074
5bdf11f3-5228-4da4-80aa-e6ca9b197b49	3	193160113	193165114	20	1.4593
5bdf11f3-5228-4da4-80aa-e6ca9b197b49	3	193168646	195685341	1485	-0.0032
5bdf11f3-5228-4da4-80aa-e6ca9b197b49	3	195691392	195751990	41	0.4232
5bdf11f3-5228-4da4-80aa-e6ca9b197b49	3	195752877	198169247	1163	0.0151
5bdf11f3-5228-4da4-80aa-e6ca9b197b49	4	68929	4108503	1625	0.0097
5bdf11f3-5228-4da4-80aa-e6ca9b197b49	4	4112194	4133854	8	-0.7745
5bdf11f3-5228-4da4-80aa-e6ca9b197b49	4	4151033	6419679	1886	0.0007
5bdf11f3-5228-4da4-80aa-e6ca9b197b49	4	6420624	6421471	6	-0.819
5bdf11f3-5228-4da4-80aa-e6ca9b197b49	4	6421825	10208766	2178	0.0173
5bdf11f3-5228-4da4-80aa-e6ca9b197b49	4	10212536	10222004	3	2.0684
5bdf11f3-5228-4da4-80aa-e6ca9b197b49	4	10222224	10233644	33	0.5906
5bdf11f3-5228-4da4-80aa-e6ca9b197b49	4	10234518	26406508	11768	0.0019
5bdf11f3-5228-4da4-80aa-e6ca9b197b49	4	26406693	26408620	3	-1.5358
5bdf11f3-5228-4da4-80aa-e6ca9b197b49	4	26413845	34777432	5178	-0.0066
5bdf11f3-5228-4da4-80aa-e6ca9b197b49	4	34784878	34823103	38	-0.6172
5bdf11f3-5228-4da4-80aa-e6ca9b197b49	4	34828250	49214614	8961	0.0005
5bdf11f3-5228-4da4-80aa-e6ca9b197b49	4	49289175	49289338	2	-1.4211
5bdf11f3-5228-4da4-80aa-e6ca9b197b49	4	49295203	68394833	10446	-0.0022
5bdf11f3-5228-4da4-80aa-e6ca9b197b49	4	68395346	68422424	6	-1.5232
5bdf11f3-5228-4da4-80aa-e6ca9b197b49	4	68429081	69254604	387	-0.0034
5bdf11f3-5228-4da4-80aa-e6ca9b197b49	4	69254981	69366406	61	0.3335
5bdf11f3-5228-4da4-80aa-e6ca9b197b49	4	69370433	161025607	55303	-0.0022
5bdf11f3-5228-4da4-80aa-e6ca9b197b49	4	161031076	161082114	42	0.4806
5bdf11f3-5228-4da4-80aa-e6ca9b197b49	4	161085672	172066777	6968	-0.0107
5bdf11f3-5228-4da4-80aa-e6ca9b197b49	4	172067997	172068382	12	0.9147
5bdf11f3-5228-4da4-80aa-e6ca9b197b49	4	172074828	188515761	11132	-0.0006
5bdf11f3-5228-4da4-80aa-e6ca9b197b49	4	188515932	188516256	8	-0.8528
5bdf11f3-5228-4da4-80aa-e6ca9b197b49	4	188518718	190106768	923	-0.0055
5bdf11f3-5228-4da4-80aa-e6ca9b197b49	5	15532	1950653	968	0.0706
5bdf11f3-5228-4da4-80aa-e6ca9b197b49	5	1951812	10704510	7677	-0.0034
5bdf11f3-5228-4da4-80aa-e6ca9b197b49	5	10705490	10958252	260	0.9183
5bdf11f3-5228-4da4-80aa-e6ca9b197b49	5	10958523	12785139	1263	0.0043
5bdf11f3-5228-4da4-80aa-e6ca9b197b49	5	12785150	12838421	19	0.5467
5bdf11f3-5228-4da4-80aa-e6ca9b197b49	5	12849089	16896276	2793	0.0071
5bdf11f3-5228-4da4-80aa-e6ca9b197b49	5	16896909	16903609	5	-1.1931
5bdf11f3-5228-4da4-80aa-e6ca9b197b49	5	16908989	18442123	927	0.018
5bdf11f3-5228-4da4-80aa-e6ca9b197b49	5	18442843	18453901	4	-1.3273
5bdf11f3-5228-4da4-80aa-e6ca9b197b49	5	18458441	39676355	13312	-0.0074
5bdf11f3-5228-4da4-80aa-e6ca9b197b49	5	39677033	39678696	2	-1.3874
5bdf11f3-5228-4da4-80aa-e6ca9b197b49	5	39679312	46191782	3369	0.0045
5bdf11f3-5228-4da4-80aa-e6ca9b197b49	5	46195781	46199333	4	-1.0694
5bdf11f3-5228-4da4-80aa-e6ca9b197b49	5	46209197	46246558	12	0.1227
5bdf11f3-5228-4da4-80aa-e6ca9b197b49	5	46251204	46273400	9	0.9895
5bdf11f3-5228-4da4-80aa-e6ca9b197b49	5	46278110	58025819	5067	0.0029
5bdf11f3-5228-4da4-80aa-e6ca9b197b49	5	58030200	58037688	31	1.9579
5bdf11f3-5228-4da4-80aa-e6ca9b197b49	5	58037706	69571467	7282	0.0034
5bdf11f3-5228-4da4-80aa-e6ca9b197b49	5	69779150	71053366	22	0.4039
5bdf11f3-5228-4da4-80aa-e6ca9b197b49	5	71095358	76147525	3116	0.0039
5bdf11f3-5228-4da4-80aa-e6ca9b197b49	5	76147544	76149696	3	1.052
5bdf11f3-5228-4da4-80aa-e6ca9b197b49	5	76150100	86815939	6500	0.0005
5bdf11f3-5228-4da4-80aa-e6ca9b197b49	5	86819561	86825812	4	-1.111
5bdf11f3-5228-4da4-80aa-e6ca9b197b49	5	86826950	104515520	9860	-0.0034
5bdf11f3-5228-4da4-80aa-e6ca9b197b49	5	104524672	104524903	4	1.8004
5bdf11f3-5228-4da4-80aa-e6ca9b197b49	5	104525348	150825938	29757	0.0008
5bdf11f3-5228-4da4-80aa-e6ca9b197b49	5	150826533	150839042	7	-0.8508
5bdf11f3-5228-4da4-80aa-e6ca9b197b49	5	150843825	177800550	18438	0.0016
5bdf11f3-5228-4da4-80aa-e6ca9b197b49	5	177801578	177805604	2	1.6202
5bdf11f3-5228-4da4-80aa-e6ca9b197b49	5	177827964	178680821	446	0.0321
5bdf11f3-5228-4da4-80aa-e6ca9b197b49	5	178682974	178686162	3	-2.7144
5bdf11f3-5228-4da4-80aa-e6ca9b197b49	5	178691854	180951888	1347	0.0015
5bdf11f3-5228-4da4-80aa-e6ca9b197b49	5	180953203	180991103	17	0.7529
5bdf11f3-5228-4da4-80aa-e6ca9b197b49	5	181006225	181363319	170	0.0928
5bdf11f3-5228-4da4-80aa-e6ca9b197b49	6	149661	29869295	21622	0.0044
5bdf11f3-5228-4da4-80aa-e6ca9b197b49	6	29869410	29882419	17	-0.7826
5bdf11f3-5228-4da4-80aa-e6ca9b197b49	6	29882497	31318528	662	0.0153
5bdf11f3-5228-4da4-80aa-e6ca9b197b49	6	31318754	31327629	5	-1.8549
5bdf11f3-5228-4da4-80aa-e6ca9b197b49	6	31328176	32533522	518	0.0542
5bdf11f3-5228-4da4-80aa-e6ca9b197b49	6	32540699	32593518	13	-0.8732
5bdf11f3-5228-4da4-80aa-e6ca9b197b49	6	32602269	32722250	78	0.0854
5bdf11f3-5228-4da4-80aa-e6ca9b197b49	6	32723020	32723053	3	1.5699
5bdf11f3-5228-4da4-80aa-e6ca9b197b49	6	32732907	54066269	13633	0.0037
5bdf11f3-5228-4da4-80aa-e6ca9b197b49	6	54066286	54067057	8	1.2376
5bdf11f3-5228-4da4-80aa-e6ca9b197b49	6	54070550	76730377	12143	-0.0024
5bdf11f3-5228-4da4-80aa-e6ca9b197b49	6	76731101	76742924	15	-0.5809
5bdf11f3-5228-4da4-80aa-e6ca9b197b49	6	76742956	78253172	979	-0.0178
5bdf11f3-5228-4da4-80aa-e6ca9b197b49	6	78259348	78325468	113	-2.5485
5bdf11f3-5228-4da4-80aa-e6ca9b197b49	6	78329517	90416016	7542	0.0005
5bdf11f3-5228-4da4-80aa-e6ca9b197b49	6	90416570	90416954	6	-0.7828
5bdf11f3-5228-4da4-80aa-e6ca9b197b49	6	90418960	92864624	1675	-0.001
5bdf11f3-5228-4da4-80aa-e6ca9b197b49	6	92866148	92868912	31	-0.8718
5bdf11f3-5228-4da4-80aa-e6ca9b197b49	6	92873205	167058348	48159	-0.0033
5bdf11f3-5228-4da4-80aa-e6ca9b197b49	6	167059518	167793935	278	0.114
5bdf11f3-5228-4da4-80aa-e6ca9b197b49	6	167794176	170741917	1904	0.024
5bdf11f3-5228-4da4-80aa-e6ca9b197b49	7	43355	43420	3	0.0997
5bdf11f3-5228-4da4-80aa-e6ca9b197b49	7	44167	65765	26	0.7454
5bdf11f3-5228-4da4-80aa-e6ca9b197b49	7	68316	155066	62	0.0524
5bdf11f3-5228-4da4-80aa-e6ca9b197b49	7	155090	158626	9	-0.8343
5bdf11f3-5228-4da4-80aa-e6ca9b197b49	7	161442	3769612	1701	0.0414
5bdf11f3-5228-4da4-80aa-e6ca9b197b49	7	3771320	3799212	17	-1.1146
5bdf11f3-5228-4da4-80aa-e6ca9b197b49	7	3800240	5900408	1242	0.0435
5bdf11f3-5228-4da4-80aa-e6ca9b197b49	7	5909197	5964274	10	0.6933
5bdf11f3-5228-4da4-80aa-e6ca9b197b49	7	5986976	6416236	205	0.0037
5bdf11f3-5228-4da4-80aa-e6ca9b197b49	7	6422572	6423015	3	-0.8999
5bdf11f3-5228-4da4-80aa-e6ca9b197b49	7	6423420	6797437	139	-0.0022
5bdf11f3-5228-4da4-80aa-e6ca9b197b49	7	6799093	6823062	4	-1.2105
5bdf11f3-5228-4da4-80aa-e6ca9b197b49	7	6824452	22395161	12602	0.0106
5bdf11f3-5228-4da4-80aa-e6ca9b197b49	7	22395853	22396868	2	-3.3077
5bdf11f3-5228-4da4-80aa-e6ca9b197b49	7	22399135	38263833	11303	0.0183
5bdf11f3-5228-4da4-80aa-e6ca9b197b49	7	38271122	38342370	109	0.3762
5bdf11f3-5228-4da4-80aa-e6ca9b197b49	7	38345240	38356875	8	-0.7163
5bdf11f3-5228-4da4-80aa-e6ca9b197b49	7	38361356	54305455	10970	0.0154
5bdf11f3-5228-4da4-80aa-e6ca9b197b49	7	54318812	54318824	6	3.8826
5bdf11f3-5228-4da4-80aa-e6ca9b197b49	7	54325795	57474821	1875	0.0212
5bdf11f3-5228-4da4-80aa-e6ca9b197b49	7	57476405	57476932	3	-1.8082
5bdf11f3-5228-4da4-80aa-e6ca9b197b49	7	57477003	57554997	50	-0.1852
5bdf11f3-5228-4da4-80aa-e6ca9b197b49	7	57557499	62332999	140	0.0998
5bdf11f3-5228-4da4-80aa-e6ca9b197b49	7	62526795	63255524	253	0.5315
5bdf11f3-5228-4da4-80aa-e6ca9b197b49	7	63255713	109801155	26095	0.0134
5bdf11f3-5228-4da4-80aa-e6ca9b197b49	7	109801187	109813801	10	0.8632
5bdf11f3-5228-4da4-80aa-e6ca9b197b49	7	109813853	134093899	14725	0.0141
5bdf11f3-5228-4da4-80aa-e6ca9b197b49	7	134100424	134114444	37	0.4766
5bdf11f3-5228-4da4-80aa-e6ca9b197b49	7	134121491	142053700	5175	0.0204
5bdf11f3-5228-4da4-80aa-e6ca9b197b49	7	142054206	142090403	41	0.3074
5bdf11f3-5228-4da4-80aa-e6ca9b197b49	7	142092108	142450035	286	0.0743
5bdf11f3-5228-4da4-80aa-e6ca9b197b49	7	142451149	142805092	167	0.2085
5bdf11f3-5228-4da4-80aa-e6ca9b197b49	7	142805387	143521765	445	0.007
5bdf11f3-5228-4da4-80aa-e6ca9b197b49	7	143529806	143603307	5	0.9566
5bdf11f3-5228-4da4-80aa-e6ca9b197b49	7	143728285	144199159	299	-0.0015
5bdf11f3-5228-4da4-80aa-e6ca9b197b49	7	144207186	144352208	15	1.0855
5bdf11f3-5228-4da4-80aa-e6ca9b197b49	7	144377836	155443766	7177	0.0238
5bdf11f3-5228-4da4-80aa-e6ca9b197b49	7	155444395	155446326	2	-1.3309
5bdf11f3-5228-4da4-80aa-e6ca9b197b49	7	155446527	158919530	2167	0.01
5bdf11f3-5228-4da4-80aa-e6ca9b197b49	7	158919634	159179540	185	0.1377
5bdf11f3-5228-4da4-80aa-e6ca9b197b49	7	159179874	159334314	104	0.0391
5bdf11f3-5228-4da4-80aa-e6ca9b197b49	8	81254	3929538	3348	0.0131
5bdf11f3-5228-4da4-80aa-e6ca9b197b49	8	3929561	3932584	23	-0.6909
5bdf11f3-5228-4da4-80aa-e6ca9b197b49	8	3933696	7336299	4350	0.0103
5bdf11f3-5228-4da4-80aa-e6ca9b197b49	8	7357089	7380497	19	0.4949
5bdf11f3-5228-4da4-80aa-e6ca9b197b49	8	7396819	7941868	30	-0.1704
5bdf11f3-5228-4da4-80aa-e6ca9b197b49	8	7974123	8235660	20	0.5141
5bdf11f3-5228-4da4-80aa-e6ca9b197b49	8	8237241	10502003	2045	0.0169
5bdf11f3-5228-4da4-80aa-e6ca9b197b49	8	10502124	10502600	2	1.309
5bdf11f3-5228-4da4-80aa-e6ca9b197b49	8	10504833	12143614	1172	0.0071
5bdf11f3-5228-4da4-80aa-e6ca9b197b49	8	12176798	12376708	10	-0.8354
5bdf11f3-5228-4da4-80aa-e6ca9b197b49	8	12376742	13783368	1136	-0.0023
5bdf11f3-5228-4da4-80aa-e6ca9b197b49	8	13783976	13798200	22	-0.4034
5bdf11f3-5228-4da4-80aa-e6ca9b197b49	8	13799452	14427181	600	0.0158
5bdf11f3-5228-4da4-80aa-e6ca9b197b49	8	14427702	14428811	4	-1.03
5bdf11f3-5228-4da4-80aa-e6ca9b197b49	8	14429043	16625444	1982	-0.0032
5bdf11f3-5228-4da4-80aa-e6ca9b197b49	8	16629022	16631001	2	-1.6102
5bdf11f3-5228-4da4-80aa-e6ca9b197b49	8	16631151	20628117	3607	-0.0055
5bdf11f3-5228-4da4-80aa-e6ca9b197b49	8	20632329	20632360	2	-1.7177
5bdf11f3-5228-4da4-80aa-e6ca9b197b49	8	20633225	21254588	533	0.011
5bdf11f3-5228-4da4-80aa-e6ca9b197b49	8	21255121	21256547	3	-1.0241
5bdf11f3-5228-4da4-80aa-e6ca9b197b49	8	21260713	24330384	1916	-0.0116
5bdf11f3-5228-4da4-80aa-e6ca9b197b49	8	24334405	24335751	4	-1.249
5bdf11f3-5228-4da4-80aa-e6ca9b197b49	8	24343557	25116928	619	-0.0109
5bdf11f3-5228-4da4-80aa-e6ca9b197b49	8	25116961	25126818	26	0.625
5bdf11f3-5228-4da4-80aa-e6ca9b197b49	8	25133589	114622478	52833	0.0006
5bdf11f3-5228-4da4-80aa-e6ca9b197b49	8	114622678	114629340	27	-0.6198
5bdf11f3-5228-4da4-80aa-e6ca9b197b49	8	114629356	119139771	3105	-0.0007
5bdf11f3-5228-4da4-80aa-e6ca9b197b49	8	119142545	119147207	4	-1.1433
5bdf11f3-5228-4da4-80aa-e6ca9b197b49	8	119150615	141332458	16361	0.0051
5bdf11f3-5228-4da4-80aa-e6ca9b197b49	8	141332583	142808848	755	0.1033
5bdf11f3-5228-4da4-80aa-e6ca9b197b49	8	142813340	145072769	816	0.0411
5bdf11f3-5228-4da4-80aa-e6ca9b197b49	9	46587	6553298	6239	0.0227
5bdf11f3-5228-4da4-80aa-e6ca9b197b49	9	6555079	6677167	105	0.2341
5bdf11f3-5228-4da4-80aa-e6ca9b197b49	9	6677384	11995297	4896	-0.0003
5bdf11f3-5228-4da4-80aa-e6ca9b197b49	9	11995307	11996759	4	-2.3241
5bdf11f3-5228-4da4-80aa-e6ca9b197b49	9	11996831	12117485	95	-0.93
5bdf11f3-5228-4da4-80aa-e6ca9b197b49	9	12118581	12120085	2	-2.3783
5bdf11f3-5228-4da4-80aa-e6ca9b197b49	9	12121463	29088731	13380	0.0021
5bdf11f3-5228-4da4-80aa-e6ca9b197b49	9	29089612	29097682	6	0.9113
5bdf11f3-5228-4da4-80aa-e6ca9b197b49	9	29101434	34649053	3746	-0.0003
5bdf11f3-5228-4da4-80aa-e6ca9b197b49	9	34649445	34649458	2	-1.6177
5bdf11f3-5228-4da4-80aa-e6ca9b197b49	9	34652900	41741113	2757	-0.003
5bdf11f3-5228-4da4-80aa-e6ca9b197b49	9	42014203	42574420	38	0.6121
5bdf11f3-5228-4da4-80aa-e6ca9b197b49	9	42585140	61405110	55	-0.1311
5bdf11f3-5228-4da4-80aa-e6ca9b197b49	9	61520021	61574022	20	-1.248
5bdf11f3-5228-4da4-80aa-e6ca9b197b49	9	61580999	63623756	61	0.0167
5bdf11f3-5228-4da4-80aa-e6ca9b197b49	9	63623788	68406745	134	0.185
5bdf11f3-5228-4da4-80aa-e6ca9b197b49	9	68407113	76991054	6345	0.0102
5bdf11f3-5228-4da4-80aa-e6ca9b197b49	9	76992049	76992062	2	-2.1761
5bdf11f3-5228-4da4-80aa-e6ca9b197b49	9	76992368	114320531	26405	0.0035
5bdf11f3-5228-4da4-80aa-e6ca9b197b49	9	114325122	114326042	2	1.8541
5bdf11f3-5228-4da4-80aa-e6ca9b197b49	9	114330749	137361190	14669	0.0063
5bdf11f3-5228-4da4-80aa-e6ca9b197b49	9	137361266	137361381	2	-1.946
5bdf11f3-5228-4da4-80aa-e6ca9b197b49	9	137378551	138200944	406	0.0388
5bdf11f3-5228-4da4-80aa-e6ca9b197b49	10	45792	4244878	3567	0.0271
5bdf11f3-5228-4da4-80aa-e6ca9b197b49	10	4248622	4248824	4	1.0764
5bdf11f3-5228-4da4-80aa-e6ca9b197b49	10	4251879	20495319	13338	0.0156
5bdf11f3-5228-4da4-80aa-e6ca9b197b49	10	20501155	20526776	24	0.6103
5bdf11f3-5228-4da4-80aa-e6ca9b197b49	10	20532967	24086334	2225	0.008
5bdf11f3-5228-4da4-80aa-e6ca9b197b49	10	24088745	24090078	14	0.8185
5bdf11f3-5228-4da4-80aa-e6ca9b197b49	10	24090110	65548165	25176	0.0167
5bdf11f3-5228-4da4-80aa-e6ca9b197b49	10	65548178	65554688	27	-0.4153
5bdf11f3-5228-4da4-80aa-e6ca9b197b49	10	65563037	70661428	3463	0.0176
5bdf11f3-5228-4da4-80aa-e6ca9b197b49	10	70664302	70804082	121	0.1731
5bdf11f3-5228-4da4-80aa-e6ca9b197b49	10	70804124	87216840	10847	0.0166
5bdf11f3-5228-4da4-80aa-e6ca9b197b49	10	87269486	87310039	4	1.3838
5bdf11f3-5228-4da4-80aa-e6ca9b197b49	10	87310988	130429459	29710	0.0159
5bdf11f3-5228-4da4-80aa-e6ca9b197b49	10	130430374	131777247	1147	0.0883
5bdf11f3-5228-4da4-80aa-e6ca9b197b49	10	131777635	133654968	880	0.0296
5bdf11f3-5228-4da4-80aa-e6ca9b197b49	11	198510	4718309	2189	0.0278
5bdf11f3-5228-4da4-80aa-e6ca9b197b49	11	4719435	4719515	2	1.3768
5bdf11f3-5228-4da4-80aa-e6ca9b197b49	11	4720724	4730515	11	0.001
5bdf11f3-5228-4da4-80aa-e6ca9b197b49	11	4730780	4736708	4	0.5846
5bdf11f3-5228-4da4-80aa-e6ca9b197b49	11	4736976	4946420	210	0.0287
5bdf11f3-5228-4da4-80aa-e6ca9b197b49	11	4947280	4954475	28	0.6129
5bdf11f3-5228-4da4-80aa-e6ca9b197b49	11	4955027	5768511	790	-0.0062
5bdf11f3-5228-4da4-80aa-e6ca9b197b49	11	5768639	5787110	24	-0.7341
5bdf11f3-5228-4da4-80aa-e6ca9b197b49	11	5787146	38214376	23535	0.0051
5bdf11f3-5228-4da4-80aa-e6ca9b197b49	11	38216934	38220585	4	-1.2674
5bdf11f3-5228-4da4-80aa-e6ca9b197b49	11	38229372	48445395	6393	-0.0034
5bdf11f3-5228-4da4-80aa-e6ca9b197b49	11	48448176	48945251	169	0.1709
5bdf11f3-5228-4da4-80aa-e6ca9b197b49	11	48946367	50295120	599	-0.0006
5bdf11f3-5228-4da4-80aa-e6ca9b197b49	11	50298593	55674842	521	0.087
5bdf11f3-5228-4da4-80aa-e6ca9b197b49	11	55676735	64858519	5131	0.0052
5bdf11f3-5228-4da4-80aa-e6ca9b197b49	11	64866165	65945545	427	0.1196
5bdf11f3-5228-4da4-80aa-e6ca9b197b49	11	65951146	71832965	2808	-0.0002
5bdf11f3-5228-4da4-80aa-e6ca9b197b49	11	71838957	71839046	2	1.4331
5bdf11f3-5228-4da4-80aa-e6ca9b197b49	11	71840556	80256460	4889	0.0015
5bdf11f3-5228-4da4-80aa-e6ca9b197b49	11	80256469	80256520	3	1.0902
5bdf11f3-5228-4da4-80aa-e6ca9b197b49	11	80256642	81792426	1304	0.0038
5bdf11f3-5228-4da4-80aa-e6ca9b197b49	11	81792950	81806116	10	-0.8708
5bdf11f3-5228-4da4-80aa-e6ca9b197b49	11	81811590	133929673	36809	0.0003
5bdf11f3-5228-4da4-80aa-e6ca9b197b49	11	133933344	135032642	821	0.0898
5bdf11f3-5228-4da4-80aa-e6ca9b197b49	11	135033156	135074876	28	-0.1267
5bdf11f3-5228-4da4-80aa-e6ca9b197b49	12	51460	769835	445	0.1056
5bdf11f3-5228-4da4-80aa-e6ca9b197b49	12	770280	9282978	5643	0.0108
5bdf11f3-5228-4da4-80aa-e6ca9b197b49	12	9283548	9477960	84	0.1177
5bdf11f3-5228-4da4-80aa-e6ca9b197b49	12	9481274	9561078	22	-1.2269
5bdf11f3-5228-4da4-80aa-e6ca9b197b49	12	9562969	22086364	8460	0.0035
5bdf11f3-5228-4da4-80aa-e6ca9b197b49	12	22090581	22090627	2	-1.879
5bdf11f3-5228-4da4-80aa-e6ca9b197b49	12	22090727	24572718	1700	-0.013
5bdf11f3-5228-4da4-80aa-e6ca9b197b49	12	24576201	24576422	3	-1.062
5bdf11f3-5228-4da4-80aa-e6ca9b197b49	12	24576747	27493059	2216	0.0079
5bdf11f3-5228-4da4-80aa-e6ca9b197b49	12	27494808	27498429	28	-0.6744
5bdf11f3-5228-4da4-80aa-e6ca9b197b49	12	27504228	80446147	31250	0.0072
5bdf11f3-5228-4da4-80aa-e6ca9b197b49	12	80446276	80456533	2	-1.912
5bdf11f3-5228-4da4-80aa-e6ca9b197b49	12	80458189	99401959	12158	0.0084
5bdf11f3-5228-4da4-80aa-e6ca9b197b49	12	99401995	99404956	27	-0.4835
5bdf11f3-5228-4da4-80aa-e6ca9b197b49	12	99409315	113804830	9191	-0.0001
5bdf11f3-5228-4da4-80aa-e6ca9b197b49	12	113805923	114120392	299	0.109
5bdf11f3-5228-4da4-80aa-e6ca9b197b49	12	114121479	129306951	10657	0.0087
5bdf11f3-5228-4da4-80aa-e6ca9b197b49	12	129307521	130578355	1122	0.0814
5bdf11f3-5228-4da4-80aa-e6ca9b197b49	12	130578624	131636170	856	0.0069
5bdf11f3-5228-4da4-80aa-e6ca9b197b49	12	131648039	131648790	13	0.7352
5bdf11f3-5228-4da4-80aa-e6ca9b197b49	12	131657925	133201603	559	0.0497
5bdf11f3-5228-4da4-80aa-e6ca9b197b49	13	18452809	30207584	8256	-0.0018
5bdf11f3-5228-4da4-80aa-e6ca9b197b49	13	30207962	30209315	3	-1.8096
5bdf11f3-5228-4da4-80aa-e6ca9b197b49	13	30209634	37496998	5204	0.0013
5bdf11f3-5228-4da4-80aa-e6ca9b197b49	13	37497899	37510620	16	-0.7236
5bdf11f3-5228-4da4-80aa-e6ca9b197b49	13	37514193	42722706	3683	0.0066
5bdf11f3-5228-4da4-80aa-e6ca9b197b49	13	42728151	42728389	2	-1.2881
5bdf11f3-5228-4da4-80aa-e6ca9b197b49	13	42728470	46559512	2538	-0.0036
5bdf11f3-5228-4da4-80aa-e6ca9b197b49	13	46559932	46560171	2	-1.6802
5bdf11f3-5228-4da4-80aa-e6ca9b197b49	13	46565956	57192687	6303	0.0037
5bdf11f3-5228-4da4-80aa-e6ca9b197b49	13	57192705	57204234	11	0.59
5bdf11f3-5228-4da4-80aa-e6ca9b197b49	13	57204246	114342922	38021	-0.0063
5bdf11f3-5228-4da4-80aa-e6ca9b197b49	14	18239283	19203845	41	0.2952
5bdf11f3-5228-4da4-80aa-e6ca9b197b49	14	19215688	19954424	125	-0.4123
5bdf11f3-5228-4da4-80aa-e6ca9b197b49	14	19955213	20075638	87	0.0217
5bdf11f3-5228-4da4-80aa-e6ca9b197b49	14	20079885	20081952	4	-0.9
5bdf11f3-5228-4da4-80aa-e6ca9b197b49	14	20082188	21919236	1242	0.0198
5bdf11f3-5228-4da4-80aa-e6ca9b197b49	14	21919594	22248739	303	0.2285
5bdf11f3-5228-4da4-80aa-e6ca9b197b49	14	22249370	22474658	167	0.429
5bdf11f3-5228-4da4-80aa-e6ca9b197b49	14	22474715	22560422	97	0.204
5bdf11f3-5228-4da4-80aa-e6ca9b197b49	14	22560442	37557550	9474	0.0036
5bdf11f3-5228-4da4-80aa-e6ca9b197b49	14	37558382	37562603	3	-1.3154
5bdf11f3-5228-4da4-80aa-e6ca9b197b49	14	37563308	40139724	1466	0.0009
5bdf11f3-5228-4da4-80aa-e6ca9b197b49	14	40144718	40147715	2	1.4306
5bdf11f3-5228-4da4-80aa-e6ca9b197b49	14	40148961	63383506	14776	-0.0005
5bdf11f3-5228-4da4-80aa-e6ca9b197b49	14	63383800	63385459	2	1.686
5bdf11f3-5228-4da4-80aa-e6ca9b197b49	14	63386472	73540003	6373	0.0013
5bdf11f3-5228-4da4-80aa-e6ca9b197b49	14	73540147	73563196	8	-1.838
5bdf11f3-5228-4da4-80aa-e6ca9b197b49	14	73563211	88094954	9635	-0.001
5bdf11f3-5228-4da4-80aa-e6ca9b197b49	14	88101573	88108760	4	-2.8056
5bdf11f3-5228-4da4-80aa-e6ca9b197b49	14	88109798	99690434	8270	0.0061
5bdf11f3-5228-4da4-80aa-e6ca9b197b49	14	99691454	99694043	2	-1.5174
5bdf11f3-5228-4da4-80aa-e6ca9b197b49	14	99696040	105728140	2737	-0.0014
5bdf11f3-5228-4da4-80aa-e6ca9b197b49	14	105728426	106321086	209	0.123
5bdf11f3-5228-4da4-80aa-e6ca9b197b49	14	106340102	106365807	11	-1.3014
5bdf11f3-5228-4da4-80aa-e6ca9b197b49	14	106369985	106444855	46	0.0052
5bdf11f3-5228-4da4-80aa-e6ca9b197b49	14	106445337	106454986	9	0.6117
5bdf11f3-5228-4da4-80aa-e6ca9b197b49	14	106455391	106719325	143	-0.0046
5bdf11f3-5228-4da4-80aa-e6ca9b197b49	14	106769689	106770361	4	-0.8089
5bdf11f3-5228-4da4-80aa-e6ca9b197b49	14	106775945	106877229	68	0.0333
5bdf11f3-5228-4da4-80aa-e6ca9b197b49	15	19811075	24429604	1200	0.035
5bdf11f3-5228-4da4-80aa-e6ca9b197b49	15	24429740	24516042	52	-0.5076
5bdf11f3-5228-4da4-80aa-e6ca9b197b49	15	24518572	30297594	3593	0.0158
5bdf11f3-5228-4da4-80aa-e6ca9b197b49	15	30300815	30500366	12	-0.6536
5bdf11f3-5228-4da4-80aa-e6ca9b197b49	15	30503586	97265179	43186	0.0034
5bdf11f3-5228-4da4-80aa-e6ca9b197b49	15	97274562	97288957	11	-0.7653
5bdf11f3-5228-4da4-80aa-e6ca9b197b49	15	97290419	101928837	3424	0.0219
5bdf11f3-5228-4da4-80aa-e6ca9b197b49	16	10777	90096867	51810	0.019
5bdf11f3-5228-4da4-80aa-e6ca9b197b49	17	150733	36109315	18246	0.0186
5bdf11f3-5228-4da4-80aa-e6ca9b197b49	17	36109735	36157718	35	0.483
5bdf11f3-5228-4da4-80aa-e6ca9b197b49	17	36200725	41265456	2523	-0.0003
5bdf11f3-5228-4da4-80aa-e6ca9b197b49	17	41266762	41271890	17	0.6626
5bdf11f3-5228-4da4-80aa-e6ca9b197b49	17	41273666	45492860	2154	0.0076
5bdf11f3-5228-4da4-80aa-e6ca9b197b49	17	45497045	46286804	474	0.124
5bdf11f3-5228-4da4-80aa-e6ca9b197b49	17	46323701	69294922	13316	0.0018
5bdf11f3-5228-4da4-80aa-e6ca9b197b49	17	69298377	69299135	2	-1.4282
5bdf11f3-5228-4da4-80aa-e6ca9b197b49	17	69299918	74005936	3596	0.0131
5bdf11f3-5228-4da4-80aa-e6ca9b197b49	17	74006384	74657903	418	0.1547
5bdf11f3-5228-4da4-80aa-e6ca9b197b49	17	74658847	78285287	1893	0.0139
5bdf11f3-5228-4da4-80aa-e6ca9b197b49	17	78286051	78286887	2	1.3551
5bdf11f3-5228-4da4-80aa-e6ca9b197b49	17	78290662	83091923	2317	0.0196
5bdf11f3-5228-4da4-80aa-e6ca9b197b49	18	48133	40680456	22754	-0.0088
5bdf11f3-5228-4da4-80aa-e6ca9b197b49	18	40680470	40685425	18	-0.7407
5bdf11f3-5228-4da4-80aa-e6ca9b197b49	18	40689534	66054343	17466	-0.0042
5bdf11f3-5228-4da4-80aa-e6ca9b197b49	18	66060256	66061104	12	-1.3582
5bdf11f3-5228-4da4-80aa-e6ca9b197b49	18	66065502	80257174	10403	-0.0119
5bdf11f3-5228-4da4-80aa-e6ca9b197b49	19	90910	12581187	5038	0.0061
5bdf11f3-5228-4da4-80aa-e6ca9b197b49	19	12586552	12587288	2	-1.5404
5bdf11f3-5228-4da4-80aa-e6ca9b197b49	19	12589709	23876348	5864	0.0073
5bdf11f3-5228-4da4-80aa-e6ca9b197b49	19	23877761	27707365	316	0.1478
5bdf11f3-5228-4da4-80aa-e6ca9b197b49	19	27707531	35358407	5473	-0.0002
5bdf11f3-5228-4da4-80aa-e6ca9b197b49	19	35358420	35389988	34	0.3098
5bdf11f3-5228-4da4-80aa-e6ca9b197b49	19	35391557	42768594	3664	0.0092
5bdf11f3-5228-4da4-80aa-e6ca9b197b49	19	42776076	43468990	316	0.1215
5bdf11f3-5228-4da4-80aa-e6ca9b197b49	19	43474548	55771169	6541	0.0114
5bdf11f3-5228-4da4-80aa-e6ca9b197b49	19	55771663	55771701	2	-1.2816
5bdf11f3-5228-4da4-80aa-e6ca9b197b49	19	55774927	58586487	1837	0.0161
5bdf11f3-5228-4da4-80aa-e6ca9b197b49	20	80664	1571811	1181	0.0279
5bdf11f3-5228-4da4-80aa-e6ca9b197b49	20	1576544	1598316	51	-0.4225
5bdf11f3-5228-4da4-80aa-e6ca9b197b49	20	1598475	25404755	18409	0.009
5bdf11f3-5228-4da4-80aa-e6ca9b197b49	20	25408207	25453185	21	0.5393
5bdf11f3-5228-4da4-80aa-e6ca9b197b49	20	25461211	39405820	4695	0.0117
5bdf11f3-5228-4da4-80aa-e6ca9b197b49	20	39410348	39413403	3	-1.286
5bdf11f3-5228-4da4-80aa-e6ca9b197b49	20	39417485	63583002	17649	0.0076
5bdf11f3-5228-4da4-80aa-e6ca9b197b49	20	63583186	64240599	283	0.1384
5bdf11f3-5228-4da4-80aa-e6ca9b197b49	20	64240906	64284715	32	-0.0988
5bdf11f3-5228-4da4-80aa-e6ca9b197b49	20	64323342	64324800	5	-2.4321
5bdf11f3-5228-4da4-80aa-e6ca9b197b49	21	10354168	44713094	22695	0.0023
5bdf11f3-5228-4da4-80aa-e6ca9b197b49	21	44713795	44715273	4	-2.1048
5bdf11f3-5228-4da4-80aa-e6ca9b197b49	21	44715290	46677045	1135	0.0425
5bdf11f3-5228-4da4-80aa-e6ca9b197b49	22	15294547	16626217	90	0.0657
5bdf11f3-5228-4da4-80aa-e6ca9b197b49	22	16626376	17012476	210	-0.0355
5bdf11f3-5228-4da4-80aa-e6ca9b197b49	22	17014661	17019146	5	0.6612
5bdf11f3-5228-4da4-80aa-e6ca9b197b49	22	17024055	18760927	831	-0.0067
5bdf11f3-5228-4da4-80aa-e6ca9b197b49	22	18760941	25765422	4549	0.0659
5bdf11f3-5228-4da4-80aa-e6ca9b197b49	22	25766808	38998389	9574	0.0039
5bdf11f3-5228-4da4-80aa-e6ca9b197b49	22	38998468	38999487	6	0.7708
5bdf11f3-5228-4da4-80aa-e6ca9b197b49	22	38999502	49066801	6948	-0.0018
5bdf11f3-5228-4da4-80aa-e6ca9b197b49	22	49066931	50796027	1051	0.082
5bdf11f3-5228-4da4-80aa-e6ca9b197b49	X	251810	155952689	83337	0.0035
5bdf11f3-5228-4da4-80aa-e6ca9b197b49	Y	2782397	56872112	6639	-0.9878
