GDC_Aliquot	Chromosome	Start	End	Num_Probes	Segment_Mean
127d52e4-ae24-4e5b-80c4-8c51bd30e5d1	1	62920	3303596	740	-0.0558
127d52e4-ae24-4e5b-80c4-8c51bd30e5d1	1	3304487	15823420	7590	0.0272
127d52e4-ae24-4e5b-80c4-8c51bd30e5d1	1	15827002	15828515	10	-1.4912
127d52e4-ae24-4e5b-80c4-8c51bd30e5d1	1	15839166	47581592	17806	0.0308
127d52e4-ae24-4e5b-80c4-8c51bd30e5d1	1	47582434	81422771	22402	-0.0073
127d52e4-ae24-4e5b-80c4-8c51bd30e5d1	1	81422917	81422920	2	-2.0076
127d52e4-ae24-4e5b-80c4-8c51bd30e5d1	1	81422982	88806490	5017	-0.0118
127d52e4-ae24-4e5b-80c4-8c51bd30e5d1	1	88807279	88837272	15	0.6892
127d52e4-ae24-4e5b-80c4-8c51bd30e5d1	1	88837543	105602745	10246	-0.0054
127d52e4-ae24-4e5b-80c4-8c51bd30e5d1	1	105602946	105605863	4	-1.0976
127d52e4-ae24-4e5b-80c4-8c51bd30e5d1	1	105606218	109690431	2531	-0.0024
127d52e4-ae24-4e5b-80c4-8c51bd30e5d1	1	109690640	109697556	10	-1.0357
127d52e4-ae24-4e5b-80c4-8c51bd30e5d1	1	109702376	112147704	1946	-0.0002
127d52e4-ae24-4e5b-80c4-8c51bd30e5d1	1	112153343	112154619	23	-2.0453
127d52e4-ae24-4e5b-80c4-8c51bd30e5d1	1	112154754	114289343	1329	0
127d52e4-ae24-4e5b-80c4-8c51bd30e5d1	1	114291004	114291088	2	-1.6756
127d52e4-ae24-4e5b-80c4-8c51bd30e5d1	1	114291180	152583230	6266	0.0029
127d52e4-ae24-4e5b-80c4-8c51bd30e5d1	1	152583291	152613762	30	-2.0566
127d52e4-ae24-4e5b-80c4-8c51bd30e5d1	1	152613802	194479104	28186	-0.001
127d52e4-ae24-4e5b-80c4-8c51bd30e5d1	1	194482281	194485888	2	-2.3401
127d52e4-ae24-4e5b-80c4-8c51bd30e5d1	1	194487886	196788990	1485	-0.0079
127d52e4-ae24-4e5b-80c4-8c51bd30e5d1	1	196789019	196790158	4	-1.5376
127d52e4-ae24-4e5b-80c4-8c51bd30e5d1	1	196792690	215318153	12526	0.0012
127d52e4-ae24-4e5b-80c4-8c51bd30e5d1	1	215320126	215325761	7	-4.5867
127d52e4-ae24-4e5b-80c4-8c51bd30e5d1	1	215327688	217536548	1643	-0.0104
127d52e4-ae24-4e5b-80c4-8c51bd30e5d1	1	217537191	217537218	2	-1.9788
127d52e4-ae24-4e5b-80c4-8c51bd30e5d1	1	217546221	240228440	15754	-0.0064
127d52e4-ae24-4e5b-80c4-8c51bd30e5d1	1	240230715	240230824	5	-2.3912
127d52e4-ae24-4e5b-80c4-8c51bd30e5d1	1	240230839	248446755	5651	-0.0062
127d52e4-ae24-4e5b-80c4-8c51bd30e5d1	1	248447206	248473963	10	-1.1202
127d52e4-ae24-4e5b-80c4-8c51bd30e5d1	1	248475325	248574146	17	-0.1608
127d52e4-ae24-4e5b-80c4-8c51bd30e5d1	1	248585893	248631163	29	0.2764
127d52e4-ae24-4e5b-80c4-8c51bd30e5d1	1	248631988	248930189	144	-0.0497
127d52e4-ae24-4e5b-80c4-8c51bd30e5d1	2	12784	14212200	10715	-0.0095
127d52e4-ae24-4e5b-80c4-8c51bd30e5d1	2	14213786	14229064	59	0.6498
127d52e4-ae24-4e5b-80c4-8c51bd30e5d1	2	14232571	34466002	13296	0.0021
127d52e4-ae24-4e5b-80c4-8c51bd30e5d1	2	34474248	34517843	54	-0.3189
127d52e4-ae24-4e5b-80c4-8c51bd30e5d1	2	34517969	43218965	6451	-0.0001
127d52e4-ae24-4e5b-80c4-8c51bd30e5d1	2	43220214	43220456	2	-1.6556
127d52e4-ae24-4e5b-80c4-8c51bd30e5d1	2	43220627	52527330	6534	0.0029
127d52e4-ae24-4e5b-80c4-8c51bd30e5d1	2	52527342	52527743	6	-1.6947
127d52e4-ae24-4e5b-80c4-8c51bd30e5d1	2	52531615	73919850	13702	0.0051
127d52e4-ae24-4e5b-80c4-8c51bd30e5d1	2	73920500	73920691	2	-1.5536
127d52e4-ae24-4e5b-80c4-8c51bd30e5d1	2	73923129	79523465	3829	-0.0054
127d52e4-ae24-4e5b-80c4-8c51bd30e5d1	2	79529139	79534068	6	-1.0934
127d52e4-ae24-4e5b-80c4-8c51bd30e5d1	2	79536673	146104517	35703	-0.0055
127d52e4-ae24-4e5b-80c4-8c51bd30e5d1	2	146106836	146107675	9	-1.0973
127d52e4-ae24-4e5b-80c4-8c51bd30e5d1	2	146107759	146109366	15	-2.6133
127d52e4-ae24-4e5b-80c4-8c51bd30e5d1	2	146120238	232377647	52827	-0.014
127d52e4-ae24-4e5b-80c4-8c51bd30e5d1	2	232377689	232406171	20	-0.8705
127d52e4-ae24-4e5b-80c4-8c51bd30e5d1	2	232415091	237644804	3675	0.0017
127d52e4-ae24-4e5b-80c4-8c51bd30e5d1	2	237647200	237648125	2	-1.3584
127d52e4-ae24-4e5b-80c4-8c51bd30e5d1	2	237648540	242147305	2497	0.0082
127d52e4-ae24-4e5b-80c4-8c51bd30e5d1	3	20930	75519398	52684	-0.0017
127d52e4-ae24-4e5b-80c4-8c51bd30e5d1	3	75523398	75528153	3	-2.0447
127d52e4-ae24-4e5b-80c4-8c51bd30e5d1	3	75529707	99218119	10971	-0.0149
127d52e4-ae24-4e5b-80c4-8c51bd30e5d1	3	99218940	99230212	28	-0.7612
127d52e4-ae24-4e5b-80c4-8c51bd30e5d1	3	99230225	105109512	3500	-0.0269
127d52e4-ae24-4e5b-80c4-8c51bd30e5d1	3	105114639	105114934	2	-1.7814
127d52e4-ae24-4e5b-80c4-8c51bd30e5d1	3	105115119	128658241	14558	-0.0083
127d52e4-ae24-4e5b-80c4-8c51bd30e5d1	3	128661409	128679860	9	-1.1597
127d52e4-ae24-4e5b-80c4-8c51bd30e5d1	3	128680378	130044016	628	0.0195
127d52e4-ae24-4e5b-80c4-8c51bd30e5d1	3	130044855	130088081	39	0.4261
127d52e4-ae24-4e5b-80c4-8c51bd30e5d1	3	130088155	143566923	8362	-0.0022
127d52e4-ae24-4e5b-80c4-8c51bd30e5d1	3	143566958	143567132	4	1.971
127d52e4-ae24-4e5b-80c4-8c51bd30e5d1	3	143567959	193160173	31099	-0.0078
127d52e4-ae24-4e5b-80c4-8c51bd30e5d1	3	193160256	193165080	16	0.7388
127d52e4-ae24-4e5b-80c4-8c51bd30e5d1	3	193165099	195656271	1483	0.0085
127d52e4-ae24-4e5b-80c4-8c51bd30e5d1	3	195663809	195747892	43	0.3411
127d52e4-ae24-4e5b-80c4-8c51bd30e5d1	3	195751823	198169247	1164	0.0017
127d52e4-ae24-4e5b-80c4-8c51bd30e5d1	4	68929	9455251	5156	0.015
127d52e4-ae24-4e5b-80c4-8c51bd30e5d1	4	9459504	9463248	3	1.4319
127d52e4-ae24-4e5b-80c4-8c51bd30e5d1	4	9469529	10208766	542	-0.0184
127d52e4-ae24-4e5b-80c4-8c51bd30e5d1	4	10221792	10233542	33	-2.0383
127d52e4-ae24-4e5b-80c4-8c51bd30e5d1	4	10233558	10391530	175	-0.0111
127d52e4-ae24-4e5b-80c4-8c51bd30e5d1	4	10396694	10399044	14	0.5437
127d52e4-ae24-4e5b-80c4-8c51bd30e5d1	4	10401094	34777432	16782	-0.0139
127d52e4-ae24-4e5b-80c4-8c51bd30e5d1	4	34784878	34823103	38	-2.698
127d52e4-ae24-4e5b-80c4-8c51bd30e5d1	4	34828250	59454315	14026	-0.0064
127d52e4-ae24-4e5b-80c4-8c51bd30e5d1	4	59459231	59464727	5	1.8828
127d52e4-ae24-4e5b-80c4-8c51bd30e5d1	4	59465817	68478894	5411	-0.0156
127d52e4-ae24-4e5b-80c4-8c51bd30e5d1	4	68494770	68618369	64	0.5068
127d52e4-ae24-4e5b-80c4-8c51bd30e5d1	4	68618391	137171085	40925	-0.0151
127d52e4-ae24-4e5b-80c4-8c51bd30e5d1	4	137171266	137173967	16	-0.7764
127d52e4-ae24-4e5b-80c4-8c51bd30e5d1	4	137187209	154881396	10770	-0.0125
127d52e4-ae24-4e5b-80c4-8c51bd30e5d1	4	154881853	154881926	3	-2.9361
127d52e4-ae24-4e5b-80c4-8c51bd30e5d1	4	154882047	160959045	3915	-0.0213
127d52e4-ae24-4e5b-80c4-8c51bd30e5d1	4	160959151	160963448	16	-0.48
127d52e4-ae24-4e5b-80c4-8c51bd30e5d1	4	160963756	171448195	6659	-0.0112
127d52e4-ae24-4e5b-80c4-8c51bd30e5d1	4	171453733	171456625	12	-1.1852
127d52e4-ae24-4e5b-80c4-8c51bd30e5d1	4	171459220	188300104	11330	-0.0129
127d52e4-ae24-4e5b-80c4-8c51bd30e5d1	4	188300206	188300221	2	-2.0693
127d52e4-ae24-4e5b-80c4-8c51bd30e5d1	4	188300270	190106768	1143	0.0137
127d52e4-ae24-4e5b-80c4-8c51bd30e5d1	5	15532	1913502	937	-0.0042
127d52e4-ae24-4e5b-80c4-8c51bd30e5d1	5	1915336	1920960	2	-1.8736
127d52e4-ae24-4e5b-80c4-8c51bd30e5d1	5	1922644	46271006	29710	-0.0058
127d52e4-ae24-4e5b-80c4-8c51bd30e5d1	5	46271828	46273400	6	-3.0447
127d52e4-ae24-4e5b-80c4-8c51bd30e5d1	5	46278110	121339534	43418	-0.0092
127d52e4-ae24-4e5b-80c4-8c51bd30e5d1	5	121339743	121370546	17	-1.1148
127d52e4-ae24-4e5b-80c4-8c51bd30e5d1	5	121373928	151428994	18676	-0.0048
127d52e4-ae24-4e5b-80c4-8c51bd30e5d1	5	151429109	151429117	2	-2.2195
127d52e4-ae24-4e5b-80c4-8c51bd30e5d1	5	151429881	177771448	18009	-0.0027
127d52e4-ae24-4e5b-80c4-8c51bd30e5d1	5	177800550	177805604	3	2.1137
127d52e4-ae24-4e5b-80c4-8c51bd30e5d1	5	177827964	178177678	96	-0.0077
127d52e4-ae24-4e5b-80c4-8c51bd30e5d1	5	178180810	178181449	6	-1.1233
127d52e4-ae24-4e5b-80c4-8c51bd30e5d1	5	178182539	181363319	1880	0.0141
127d52e4-ae24-4e5b-80c4-8c51bd30e5d1	6	149661	303017	126	0.0061
127d52e4-ae24-4e5b-80c4-8c51bd30e5d1	6	303121	373453	69	-0.4748
127d52e4-ae24-4e5b-80c4-8c51bd30e5d1	6	375277	26743855	20025	-0.0017
127d52e4-ae24-4e5b-80c4-8c51bd30e5d1	6	26747492	26759781	5	-1.2563
127d52e4-ae24-4e5b-80c4-8c51bd30e5d1	6	26831719	29882497	1431	0.0158
127d52e4-ae24-4e5b-80c4-8c51bd30e5d1	6	29882589	29931120	13	-1.0711
127d52e4-ae24-4e5b-80c4-8c51bd30e5d1	6	29931900	29950810	20	-0.0987
127d52e4-ae24-4e5b-80c4-8c51bd30e5d1	6	29953297	29953350	2	-1.5343
127d52e4-ae24-4e5b-80c4-8c51bd30e5d1	6	29953446	31318528	626	0.007
127d52e4-ae24-4e5b-80c4-8c51bd30e5d1	6	31318754	31328176	6	-1.9128
127d52e4-ae24-4e5b-80c4-8c51bd30e5d1	6	31328210	31385912	65	-0.1076
127d52e4-ae24-4e5b-80c4-8c51bd30e5d1	6	31392318	31483699	85	-1.135
127d52e4-ae24-4e5b-80c4-8c51bd30e5d1	6	31488057	32463515	348	-0.0181
127d52e4-ae24-4e5b-80c4-8c51bd30e5d1	6	32463775	32570802	29	-0.7489
127d52e4-ae24-4e5b-80c4-8c51bd30e5d1	6	32572834	32633540	24	-0.0142
127d52e4-ae24-4e5b-80c4-8c51bd30e5d1	6	32634330	32658841	13	-0.8753
127d52e4-ae24-4e5b-80c4-8c51bd30e5d1	6	32682835	54066286	13684	0.0028
127d52e4-ae24-4e5b-80c4-8c51bd30e5d1	6	54066353	54067057	7	1.1019
127d52e4-ae24-4e5b-80c4-8c51bd30e5d1	6	54070550	73882509	10381	-0.0117
127d52e4-ae24-4e5b-80c4-8c51bd30e5d1	6	73882741	73887625	8	-3.0693
127d52e4-ae24-4e5b-80c4-8c51bd30e5d1	6	73891694	76305231	1472	-0.0237
127d52e4-ae24-4e5b-80c4-8c51bd30e5d1	6	76307183	76307194	2	-1.6757
127d52e4-ae24-4e5b-80c4-8c51bd30e5d1	6	76307209	76726815	297	-0.0245
127d52e4-ae24-4e5b-80c4-8c51bd30e5d1	6	76730151	76758871	25	0.2805
127d52e4-ae24-4e5b-80c4-8c51bd30e5d1	6	76758906	78259348	972	-0.0299
127d52e4-ae24-4e5b-80c4-8c51bd30e5d1	6	78259388	78345284	126	0.2639
127d52e4-ae24-4e5b-80c4-8c51bd30e5d1	6	78345474	93415642	9659	-0.0105
127d52e4-ae24-4e5b-80c4-8c51bd30e5d1	6	93420326	93421385	3	-1.6759
127d52e4-ae24-4e5b-80c4-8c51bd30e5d1	6	93421796	102993120	5594	-0.0136
127d52e4-ae24-4e5b-80c4-8c51bd30e5d1	6	102997342	103121878	81	0.5896
127d52e4-ae24-4e5b-80c4-8c51bd30e5d1	6	103129779	103286954	109	-0.0362
127d52e4-ae24-4e5b-80c4-8c51bd30e5d1	6	103290101	103314186	46	-1.7311
127d52e4-ae24-4e5b-80c4-8c51bd30e5d1	6	103317795	113900791	6659	-0.0134
127d52e4-ae24-4e5b-80c4-8c51bd30e5d1	6	113903677	113903852	2	-3.1463
127d52e4-ae24-4e5b-80c4-8c51bd30e5d1	6	113904647	170741917	37463	-0.0132
127d52e4-ae24-4e5b-80c4-8c51bd30e5d1	7	43355	5911197	3062	0.0103
127d52e4-ae24-4e5b-80c4-8c51bd30e5d1	7	5916628	5946829	6	-0.8555
127d52e4-ae24-4e5b-80c4-8c51bd30e5d1	7	5963982	12692472	5133	0.0043
127d52e4-ae24-4e5b-80c4-8c51bd30e5d1	7	12694177	12710011	9	-1.0615
127d52e4-ae24-4e5b-80c4-8c51bd30e5d1	7	12714412	13929496	975	-0.0405
127d52e4-ae24-4e5b-80c4-8c51bd30e5d1	7	13929521	13929717	3	-1.301
127d52e4-ae24-4e5b-80c4-8c51bd30e5d1	7	13929828	17801277	3150	-0.0107
127d52e4-ae24-4e5b-80c4-8c51bd30e5d1	7	17805047	17805198	2	-1.77
127d52e4-ae24-4e5b-80c4-8c51bd30e5d1	7	17805641	22395161	3703	-0.0074
127d52e4-ae24-4e5b-80c4-8c51bd30e5d1	7	22395853	22396868	2	-2.5233
127d52e4-ae24-4e5b-80c4-8c51bd30e5d1	7	22399135	23484218	766	0.0046
127d52e4-ae24-4e5b-80c4-8c51bd30e5d1	7	23484926	23487680	2	-1.7035
127d52e4-ae24-4e5b-80c4-8c51bd30e5d1	7	23495923	38248326	10530	-0.007
127d52e4-ae24-4e5b-80c4-8c51bd30e5d1	7	38251092	38318626	106	0.2967
127d52e4-ae24-4e5b-80c4-8c51bd30e5d1	7	38318811	38347842	17	0.0058
127d52e4-ae24-4e5b-80c4-8c51bd30e5d1	7	38351764	38356373	3	-1.5133
127d52e4-ae24-4e5b-80c4-8c51bd30e5d1	7	38356875	76550397	19265	-0.0026
127d52e4-ae24-4e5b-80c4-8c51bd30e5d1	7	76568113	76936433	154	0.6321
127d52e4-ae24-4e5b-80c4-8c51bd30e5d1	7	76940335	104418569	16459	-0.0083
127d52e4-ae24-4e5b-80c4-8c51bd30e5d1	7	104421629	106318794	1331	-0.7548
127d52e4-ae24-4e5b-80c4-8c51bd30e5d1	7	106327473	106327519	2	-3.8165
127d52e4-ae24-4e5b-80c4-8c51bd30e5d1	7	106327929	107687313	772	-0.7501
127d52e4-ae24-4e5b-80c4-8c51bd30e5d1	7	107687407	107688092	2	-2.4974
127d52e4-ae24-4e5b-80c4-8c51bd30e5d1	7	107689304	107903763	136	-0.7669
127d52e4-ae24-4e5b-80c4-8c51bd30e5d1	7	107905141	108188913	230	-0.0184
127d52e4-ae24-4e5b-80c4-8c51bd30e5d1	7	108189416	109801187	1077	-0.7606
127d52e4-ae24-4e5b-80c4-8c51bd30e5d1	7	109801572	109813853	10	-2.064
127d52e4-ae24-4e5b-80c4-8c51bd30e5d1	7	109813925	116770141	4283	-0.7598
127d52e4-ae24-4e5b-80c4-8c51bd30e5d1	7	116777822	126404869	5722	-0.0154
127d52e4-ae24-4e5b-80c4-8c51bd30e5d1	7	126404920	126406561	13	0.8886
127d52e4-ae24-4e5b-80c4-8c51bd30e5d1	7	126406822	134100624	4701	-0.0038
127d52e4-ae24-4e5b-80c4-8c51bd30e5d1	7	134100664	134105212	15	0.3927
127d52e4-ae24-4e5b-80c4-8c51bd30e5d1	7	134105244	134110881	5	0.8674
127d52e4-ae24-4e5b-80c4-8c51bd30e5d1	7	134110912	142563940	5579	-0.0004
127d52e4-ae24-4e5b-80c4-8c51bd30e5d1	7	142581256	142805592	109	0.2141
127d52e4-ae24-4e5b-80c4-8c51bd30e5d1	7	142807470	144176284	745	-0.0212
127d52e4-ae24-4e5b-80c4-8c51bd30e5d1	7	144176859	144336758	15	-0.7471
127d52e4-ae24-4e5b-80c4-8c51bd30e5d1	7	144343967	154595415	6397	-0.0023
127d52e4-ae24-4e5b-80c4-8c51bd30e5d1	7	154598185	154607903	5	0.9617
127d52e4-ae24-4e5b-80c4-8c51bd30e5d1	7	154609120	159334314	3233	0.0099
127d52e4-ae24-4e5b-80c4-8c51bd30e5d1	8	81254	5736745	5997	0.0112
127d52e4-ae24-4e5b-80c4-8c51bd30e5d1	8	5741204	5746973	27	-0.925
127d52e4-ae24-4e5b-80c4-8c51bd30e5d1	8	5749566	8528287	2057	0.0199
127d52e4-ae24-4e5b-80c4-8c51bd30e5d1	8	8528640	8528847	3	-1.8061
127d52e4-ae24-4e5b-80c4-8c51bd30e5d1	8	8528932	12092042	2923	0.0136
127d52e4-ae24-4e5b-80c4-8c51bd30e5d1	8	12130217	12177488	8	0.7081
127d52e4-ae24-4e5b-80c4-8c51bd30e5d1	8	12323772	12389977	29	-0.3837
127d52e4-ae24-4e5b-80c4-8c51bd30e5d1	8	12418301	13498915	790	-0.0073
127d52e4-ae24-4e5b-80c4-8c51bd30e5d1	8	13499293	13500540	2	-1.6929
127d52e4-ae24-4e5b-80c4-8c51bd30e5d1	8	13500664	40914477	19781	0.0069
127d52e4-ae24-4e5b-80c4-8c51bd30e5d1	8	40920333	40920952	2	-1.9477
127d52e4-ae24-4e5b-80c4-8c51bd30e5d1	8	40926161	49318117	3035	0.0114
127d52e4-ae24-4e5b-80c4-8c51bd30e5d1	8	49319212	122743271	45222	-0.0156
127d52e4-ae24-4e5b-80c4-8c51bd30e5d1	8	122743869	145072769	15543	-0.0014
127d52e4-ae24-4e5b-80c4-8c51bd30e5d1	9	46587	40928205	31183	-0.0023
127d52e4-ae24-4e5b-80c4-8c51bd30e5d1	9	40949640	42574420	120	-0.387
127d52e4-ae24-4e5b-80c4-8c51bd30e5d1	9	42585140	61521913	57	0.071
127d52e4-ae24-4e5b-80c4-8c51bd30e5d1	9	61523548	63580418	66	-0.332
127d52e4-ae24-4e5b-80c4-8c51bd30e5d1	9	63590317	63592813	7	1.645
127d52e4-ae24-4e5b-80c4-8c51bd30e5d1	9	63614182	120777190	38158	-0.0018
127d52e4-ae24-4e5b-80c4-8c51bd30e5d1	9	120779787	136161432	9128	0.0352
127d52e4-ae24-4e5b-80c4-8c51bd30e5d1	9	136161669	138200944	706	-0.0047
127d52e4-ae24-4e5b-80c4-8c51bd30e5d1	10	45792	32649517	25259	0
127d52e4-ae24-4e5b-80c4-8c51bd30e5d1	10	32651464	32652050	2	-1.9457
127d52e4-ae24-4e5b-80c4-8c51bd30e5d1	10	32654381	46657149	6433	-0.0109
127d52e4-ae24-4e5b-80c4-8c51bd30e5d1	10	46693480	46967412	13	-0.8225
127d52e4-ae24-4e5b-80c4-8c51bd30e5d1	10	47002596	65549213	12684	-0.0123
127d52e4-ae24-4e5b-80c4-8c51bd30e5d1	10	65549243	65554688	16	-0.5772
127d52e4-ae24-4e5b-80c4-8c51bd30e5d1	10	65563037	93589252	18610	0.0031
127d52e4-ae24-4e5b-80c4-8c51bd30e5d1	10	93590723	93590901	2	-1.7747
127d52e4-ae24-4e5b-80c4-8c51bd30e5d1	10	93595482	133654968	27554	-0.0011
127d52e4-ae24-4e5b-80c4-8c51bd30e5d1	11	198510	4946021	2414	-0.0069
127d52e4-ae24-4e5b-80c4-8c51bd30e5d1	11	4946166	4955042	32	0.7183
127d52e4-ae24-4e5b-80c4-8c51bd30e5d1	11	4955781	6086560	1054	0.0057
127d52e4-ae24-4e5b-80c4-8c51bd30e5d1	11	6087039	6100864	8	-1.1326
127d52e4-ae24-4e5b-80c4-8c51bd30e5d1	11	6101273	24260982	13474	-0.0065
127d52e4-ae24-4e5b-80c4-8c51bd30e5d1	11	24264675	24264753	2	-3.7374
127d52e4-ae24-4e5b-80c4-8c51bd30e5d1	11	24265953	48576870	16286	-0.0079
127d52e4-ae24-4e5b-80c4-8c51bd30e5d1	11	48579882	48581124	2	-2.1272
127d52e4-ae24-4e5b-80c4-8c51bd30e5d1	11	48584766	55595864	1178	0.0086
127d52e4-ae24-4e5b-80c4-8c51bd30e5d1	11	55606556	55672514	47	0.5978
127d52e4-ae24-4e5b-80c4-8c51bd30e5d1	11	55674842	58748851	1929	-0.0033
127d52e4-ae24-4e5b-80c4-8c51bd30e5d1	11	58751508	64858519	3206	0.023
127d52e4-ae24-4e5b-80c4-8c51bd30e5d1	11	64866165	65801589	346	-0.0773
127d52e4-ae24-4e5b-80c4-8c51bd30e5d1	11	65803046	78840177	6626	0.0212
127d52e4-ae24-4e5b-80c4-8c51bd30e5d1	11	78840203	103294140	17438	-0.0139
127d52e4-ae24-4e5b-80c4-8c51bd30e5d1	11	103296463	103296959	2	-2.7984
127d52e4-ae24-4e5b-80c4-8c51bd30e5d1	11	103297513	105636846	1691	-0.0118
127d52e4-ae24-4e5b-80c4-8c51bd30e5d1	11	105637388	105639410	2	-1.5084
127d52e4-ae24-4e5b-80c4-8c51bd30e5d1	11	105639466	120426481	9944	0.0018
127d52e4-ae24-4e5b-80c4-8c51bd30e5d1	11	120428901	120435828	4	-1.093
127d52e4-ae24-4e5b-80c4-8c51bd30e5d1	11	120436186	135074876	11058	-0.0071
127d52e4-ae24-4e5b-80c4-8c51bd30e5d1	12	51460	30086809	20488	-0.0068
127d52e4-ae24-4e5b-80c4-8c51bd30e5d1	12	30086978	30090698	17	-0.6806
127d52e4-ae24-4e5b-80c4-8c51bd30e5d1	12	30090732	33141726	2257	0.0036
127d52e4-ae24-4e5b-80c4-8c51bd30e5d1	12	33148472	33155426	28	-0.6312
127d52e4-ae24-4e5b-80c4-8c51bd30e5d1	12	33155453	72806577	22246	-0.0004
127d52e4-ae24-4e5b-80c4-8c51bd30e5d1	12	72807819	72812551	2	-2.5163
127d52e4-ae24-4e5b-80c4-8c51bd30e5d1	12	72812626	107457430	22467	-0.0093
127d52e4-ae24-4e5b-80c4-8c51bd30e5d1	12	107463668	125301004	11172	0.0216
127d52e4-ae24-4e5b-80c4-8c51bd30e5d1	12	125304290	131636170	5527	-0.0096
127d52e4-ae24-4e5b-80c4-8c51bd30e5d1	12	131648039	131648790	13	-2.174
127d52e4-ae24-4e5b-80c4-8c51bd30e5d1	12	131657925	133201603	558	-0.0108
127d52e4-ae24-4e5b-80c4-8c51bd30e5d1	13	18452809	37496998	13478	0.4705
127d52e4-ae24-4e5b-80c4-8c51bd30e5d1	13	37497899	37510620	16	1.0931
127d52e4-ae24-4e5b-80c4-8c51bd30e5d1	13	37514193	38478674	701	0.463
127d52e4-ae24-4e5b-80c4-8c51bd30e5d1	13	38483435	38483919	2	-2.3303
127d52e4-ae24-4e5b-80c4-8c51bd30e5d1	13	38490920	52520664	9191	0.4731
127d52e4-ae24-4e5b-80c4-8c51bd30e5d1	13	52523849	52531650	3	-1.7969
127d52e4-ae24-4e5b-80c4-8c51bd30e5d1	13	52543744	57176962	2621	0.4736
127d52e4-ae24-4e5b-80c4-8c51bd30e5d1	13	57184136	57301634	91	0.6549
127d52e4-ae24-4e5b-80c4-8c51bd30e5d1	13	57304318	60702684	2046	0.4618
127d52e4-ae24-4e5b-80c4-8c51bd30e5d1	13	60703863	60704408	2	-2.5225
127d52e4-ae24-4e5b-80c4-8c51bd30e5d1	13	60705495	63327506	1485	0.4689
127d52e4-ae24-4e5b-80c4-8c51bd30e5d1	13	63327655	63331079	3	-0.9494
127d52e4-ae24-4e5b-80c4-8c51bd30e5d1	13	63341211	66958022	2316	0.4884
127d52e4-ae24-4e5b-80c4-8c51bd30e5d1	13	66958105	66958209	3	-1.2744
127d52e4-ae24-4e5b-80c4-8c51bd30e5d1	13	66962270	114342922	32165	0.461
127d52e4-ae24-4e5b-80c4-8c51bd30e5d1	14	18239283	18625765	13	-0.3666
127d52e4-ae24-4e5b-80c4-8c51bd30e5d1	14	18639714	18693043	12	-0.9239
127d52e4-ae24-4e5b-80c4-8c51bd30e5d1	14	18950560	19945699	134	-0.2957
127d52e4-ae24-4e5b-80c4-8c51bd30e5d1	14	19949382	21855405	1261	0.019
127d52e4-ae24-4e5b-80c4-8c51bd30e5d1	14	21856896	21860397	11	-0.6969
127d52e4-ae24-4e5b-80c4-8c51bd30e5d1	14	21860829	22011358	151	0.0832
127d52e4-ae24-4e5b-80c4-8c51bd30e5d1	14	22011573	22509533	449	0.2219
127d52e4-ae24-4e5b-80c4-8c51bd30e5d1	14	22509594	27006209	2878	0.003
127d52e4-ae24-4e5b-80c4-8c51bd30e5d1	14	27011128	27023434	17	-1.2306
127d52e4-ae24-4e5b-80c4-8c51bd30e5d1	14	27024542	41139155	8817	-0.0045
127d52e4-ae24-4e5b-80c4-8c51bd30e5d1	14	41141293	41188146	15	-0.8697
127d52e4-ae24-4e5b-80c4-8c51bd30e5d1	14	41200899	106418444	41347	0.002
127d52e4-ae24-4e5b-80c4-8c51bd30e5d1	14	106423925	106462183	48	-0.6814
127d52e4-ae24-4e5b-80c4-8c51bd30e5d1	14	106462724	106877229	195	0.0241
127d52e4-ae24-4e5b-80c4-8c51bd30e5d1	15	19811075	21417107	175	0.0562
127d52e4-ae24-4e5b-80c4-8c51bd30e5d1	15	21975606	22003073	4	1.8759
127d52e4-ae24-4e5b-80c4-8c51bd30e5d1	15	22005276	24424598	1019	-0.0003
127d52e4-ae24-4e5b-80c4-8c51bd30e5d1	15	24429604	24473449	33	-1.8171
127d52e4-ae24-4e5b-80c4-8c51bd30e5d1	15	24480146	34421922	6187	-0.0011
127d52e4-ae24-4e5b-80c4-8c51bd30e5d1	15	34430601	34526116	64	-0.9042
127d52e4-ae24-4e5b-80c4-8c51bd30e5d1	15	34570058	43592920	5671	0.0067
127d52e4-ae24-4e5b-80c4-8c51bd30e5d1	15	43600643	43646608	21	-1.1585
127d52e4-ae24-4e5b-80c4-8c51bd30e5d1	15	43692744	76599170	20699	0.01
127d52e4-ae24-4e5b-80c4-8c51bd30e5d1	15	76599286	76603434	20	-2.0207
127d52e4-ae24-4e5b-80c4-8c51bd30e5d1	15	76609838	101928837	17591	0.0051
127d52e4-ae24-4e5b-80c4-8c51bd30e5d1	16	10777	5557889	2622	0.0326
127d52e4-ae24-4e5b-80c4-8c51bd30e5d1	16	5558088	5558150	2	-1.7422
127d52e4-ae24-4e5b-80c4-8c51bd30e5d1	16	5558336	5765952	260	0.0142
127d52e4-ae24-4e5b-80c4-8c51bd30e5d1	16	5767371	5782327	13	-0.6865
127d52e4-ae24-4e5b-80c4-8c51bd30e5d1	16	5782945	14887120	8210	0.017
127d52e4-ae24-4e5b-80c4-8c51bd30e5d1	16	14895982	14991827	42	-0.7921
127d52e4-ae24-4e5b-80c4-8c51bd30e5d1	16	14993314	17822334	1391	-0.0405
127d52e4-ae24-4e5b-80c4-8c51bd30e5d1	16	17822553	17826446	4	-1.4386
127d52e4-ae24-4e5b-80c4-8c51bd30e5d1	16	17826646	55762682	14380	0.0133
127d52e4-ae24-4e5b-80c4-8c51bd30e5d1	16	55764310	55764867	3	4.5429
127d52e4-ae24-4e5b-80c4-8c51bd30e5d1	16	55770436	55775312	6	1.4173
127d52e4-ae24-4e5b-80c4-8c51bd30e5d1	16	55775554	90096867	24899	0.0075
127d52e4-ae24-4e5b-80c4-8c51bd30e5d1	17	150733	46085732	23306	0.0194
127d52e4-ae24-4e5b-80c4-8c51bd30e5d1	17	46088437	46234520	110	0.3384
127d52e4-ae24-4e5b-80c4-8c51bd30e5d1	17	46234609	46569894	19	0.7159
127d52e4-ae24-4e5b-80c4-8c51bd30e5d1	17	46571001	51896575	2842	0.019
127d52e4-ae24-4e5b-80c4-8c51bd30e5d1	17	51896656	51899753	2	-1.5573
127d52e4-ae24-4e5b-80c4-8c51bd30e5d1	17	51902005	83091923	18701	0.014
127d52e4-ae24-4e5b-80c4-8c51bd30e5d1	18	48133	40680516	22773	-0.0021
127d52e4-ae24-4e5b-80c4-8c51bd30e5d1	18	40680526	40685425	14	-0.6507
127d52e4-ae24-4e5b-80c4-8c51bd30e5d1	18	40688060	66099904	17527	-0.004
127d52e4-ae24-4e5b-80c4-8c51bd30e5d1	18	66100052	66100686	2	-2.7813
127d52e4-ae24-4e5b-80c4-8c51bd30e5d1	18	66108359	66162387	38	0.005
127d52e4-ae24-4e5b-80c4-8c51bd30e5d1	18	66164146	66164190	2	-2.8292
127d52e4-ae24-4e5b-80c4-8c51bd30e5d1	18	66166555	78900693	9621	0.0029
127d52e4-ae24-4e5b-80c4-8c51bd30e5d1	18	78902714	78904863	5	-0.9687
127d52e4-ae24-4e5b-80c4-8c51bd30e5d1	18	78906449	80257174	702	-0.0074
127d52e4-ae24-4e5b-80c4-8c51bd30e5d1	19	90910	20411869	8913	0.0436
127d52e4-ae24-4e5b-80c4-8c51bd30e5d1	19	20413400	20538428	70	-0.8148
127d52e4-ae24-4e5b-80c4-8c51bd30e5d1	19	20538656	35358420	7704	0.0133
127d52e4-ae24-4e5b-80c4-8c51bd30e5d1	19	35364451	35370946	21	-0.5184
127d52e4-ae24-4e5b-80c4-8c51bd30e5d1	19	35375842	43139226	3837	0.0362
127d52e4-ae24-4e5b-80c4-8c51bd30e5d1	19	43142696	43236813	44	-0.8106
127d52e4-ae24-4e5b-80c4-8c51bd30e5d1	19	43249149	50829011	3591	0.0369
127d52e4-ae24-4e5b-80c4-8c51bd30e5d1	19	50829130	50829982	5	-0.9452
127d52e4-ae24-4e5b-80c4-8c51bd30e5d1	19	50835951	51628560	550	0.0167
127d52e4-ae24-4e5b-80c4-8c51bd30e5d1	19	51639099	51644944	11	-0.8031
127d52e4-ae24-4e5b-80c4-8c51bd30e5d1	19	51651652	54772476	2017	-0.0041
127d52e4-ae24-4e5b-80c4-8c51bd30e5d1	19	54786431	54837236	30	-0.8981
127d52e4-ae24-4e5b-80c4-8c51bd30e5d1	19	54852069	58586487	2283	0.0169
127d52e4-ae24-4e5b-80c4-8c51bd30e5d1	20	80664	1571811	1182	0.0015
127d52e4-ae24-4e5b-80c4-8c51bd30e5d1	20	1576544	1601561	57	-0.49
127d52e4-ae24-4e5b-80c4-8c51bd30e5d1	20	1609611	1613247	5	2.3218
127d52e4-ae24-4e5b-80c4-8c51bd30e5d1	20	1617300	64324800	41079	0.006
127d52e4-ae24-4e5b-80c4-8c51bd30e5d1	21	10354168	13112100	107	0.2888
127d52e4-ae24-4e5b-80c4-8c51bd30e5d1	21	13160062	31864142	13317	-0.0103
127d52e4-ae24-4e5b-80c4-8c51bd30e5d1	21	31865670	31867735	3	-1.7816
127d52e4-ae24-4e5b-80c4-8c51bd30e5d1	21	31879236	46677045	10413	0.0088
127d52e4-ae24-4e5b-80c4-8c51bd30e5d1	22	15294547	46526333	19855	-0.7264
127d52e4-ae24-4e5b-80c4-8c51bd30e5d1	22	46528357	50206229	3043	-0.8024
127d52e4-ae24-4e5b-80c4-8c51bd30e5d1	22	50213410	50796027	249	-0.7222
127d52e4-ae24-4e5b-80c4-8c51bd30e5d1	X	251810	78811020	39620	0.0039
127d52e4-ae24-4e5b-80c4-8c51bd30e5d1	X	78813254	78813407	2	-3.2129
127d52e4-ae24-4e5b-80c4-8c51bd30e5d1	X	78815043	155952689	42696	-0.002
127d52e4-ae24-4e5b-80c4-8c51bd30e5d1	Y	2782397	22427135	6431	-0.8553
127d52e4-ae24-4e5b-80c4-8c51bd30e5d1	Y	22731761	23029591	10	-0.1263
127d52e4-ae24-4e5b-80c4-8c51bd30e5d1	Y	23045484	24320966	11	-0.8881
127d52e4-ae24-4e5b-80c4-8c51bd30e5d1	Y	24452555	25971733	15	-0.1195
127d52e4-ae24-4e5b-80c4-8c51bd30e5d1	Y	26077669	56872112	172	-0.8187
