GDC_Aliquot	Chromosome	Start	End	Num_Probes	Segment_Mean
8b7f742e-c38d-46fd-b6be-047672f04ed6	1	62920	2025885	338	-0.1513
8b7f742e-c38d-46fd-b6be-047672f04ed6	1	2026436	3484643	503	-0.2525
8b7f742e-c38d-46fd-b6be-047672f04ed6	1	3486375	13751668	5892	-0.1216
8b7f742e-c38d-46fd-b6be-047672f04ed6	1	13753497	13765084	4	-1.1597
8b7f742e-c38d-46fd-b6be-047672f04ed6	1	13769573	15827362	1586	-0.1052
8b7f742e-c38d-46fd-b6be-047672f04ed6	1	15827430	15828515	5	0.9031
8b7f742e-c38d-46fd-b6be-047672f04ed6	1	15839166	16504325	294	-0.1375
8b7f742e-c38d-46fd-b6be-047672f04ed6	1	16505368	16689764	40	0.1616
8b7f742e-c38d-46fd-b6be-047672f04ed6	1	16718963	16766762	7	-1.0675
8b7f742e-c38d-46fd-b6be-047672f04ed6	1	16766922	25256850	5316	-0.1153
8b7f742e-c38d-46fd-b6be-047672f04ed6	1	25266637	25320198	22	-2.4027
8b7f742e-c38d-46fd-b6be-047672f04ed6	1	25320253	72284670	28662	-0.1071
8b7f742e-c38d-46fd-b6be-047672f04ed6	1	72290430	72297687	9	-1.2832
8b7f742e-c38d-46fd-b6be-047672f04ed6	1	72302735	72343085	41	0.2693
8b7f742e-c38d-46fd-b6be-047672f04ed6	1	72343689	83269857	7039	-0.1011
8b7f742e-c38d-46fd-b6be-047672f04ed6	1	83274454	83277034	4	0.936
8b7f742e-c38d-46fd-b6be-047672f04ed6	1	83280164	105470754	13864	-0.1005
8b7f742e-c38d-46fd-b6be-047672f04ed6	1	105476583	105479753	17	-1.6323
8b7f742e-c38d-46fd-b6be-047672f04ed6	1	105481433	108187137	1936	-0.092
8b7f742e-c38d-46fd-b6be-047672f04ed6	1	108191613	108192255	2	-3.6821
8b7f742e-c38d-46fd-b6be-047672f04ed6	1	108194874	109684893	694	-0.0936
8b7f742e-c38d-46fd-b6be-047672f04ed6	1	109690352	109697556	13	1.0196
8b7f742e-c38d-46fd-b6be-047672f04ed6	1	109702376	143459641	7112	-0.0991
8b7f742e-c38d-46fd-b6be-047672f04ed6	1	143494500	143927536	124	-0.8248
8b7f742e-c38d-46fd-b6be-047672f04ed6	1	143927887	152583051	2307	-0.1094
8b7f742e-c38d-46fd-b6be-047672f04ed6	1	152583230	152614118	35	1.2512
8b7f742e-c38d-46fd-b6be-047672f04ed6	1	152618018	160963978	5191	-0.1015
8b7f742e-c38d-46fd-b6be-047672f04ed6	1	160967230	160970295	5	-1.1363
8b7f742e-c38d-46fd-b6be-047672f04ed6	1	160972552	161509648	244	-0.104
8b7f742e-c38d-46fd-b6be-047672f04ed6	1	161532067	161649222	15	0.473
8b7f742e-c38d-46fd-b6be-047672f04ed6	1	161649268	190017263	19695	-0.0996
8b7f742e-c38d-46fd-b6be-047672f04ed6	1	190017280	190017296	2	-1.5909
8b7f742e-c38d-46fd-b6be-047672f04ed6	1	190021937	193186662	2030	-0.1004
8b7f742e-c38d-46fd-b6be-047672f04ed6	1	193187149	193187202	3	-1.3032
8b7f742e-c38d-46fd-b6be-047672f04ed6	1	193187218	194479104	939	-0.0981
8b7f742e-c38d-46fd-b6be-047672f04ed6	1	194482281	194485888	2	-1.9759
8b7f742e-c38d-46fd-b6be-047672f04ed6	1	194487886	196762956	1452	-0.0956
8b7f742e-c38d-46fd-b6be-047672f04ed6	1	196769493	196846661	57	0.3424
8b7f742e-c38d-46fd-b6be-047672f04ed6	1	196847600	248477891	35509	-0.0988
8b7f742e-c38d-46fd-b6be-047672f04ed6	1	248520099	248631988	45	0.3142
8b7f742e-c38d-46fd-b6be-047672f04ed6	1	248633821	248930189	143	-0.1082
8b7f742e-c38d-46fd-b6be-047672f04ed6	2	12784	295136	179	-0.0706
8b7f742e-c38d-46fd-b6be-047672f04ed6	2	295255	296852	4	-1.7051
8b7f742e-c38d-46fd-b6be-047672f04ed6	2	300879	14215584	10526	-0.0949
8b7f742e-c38d-46fd-b6be-047672f04ed6	2	14215597	14217565	12	0.4746
8b7f742e-c38d-46fd-b6be-047672f04ed6	2	14217917	14565932	303	-0.0946
8b7f742e-c38d-46fd-b6be-047672f04ed6	2	14566145	14569897	9	-1.5623
8b7f742e-c38d-46fd-b6be-047672f04ed6	2	14570240	34295406	12910	-0.0988
8b7f742e-c38d-46fd-b6be-047672f04ed6	2	34298911	34300513	2	1.6303
8b7f742e-c38d-46fd-b6be-047672f04ed6	2	34300900	34466002	95	-0.1132
8b7f742e-c38d-46fd-b6be-047672f04ed6	2	34474248	34511990	46	-0.7242
8b7f742e-c38d-46fd-b6be-047672f04ed6	2	34512096	35742970	869	-0.0787
8b7f742e-c38d-46fd-b6be-047672f04ed6	2	35750907	35772438	10	0.6633
8b7f742e-c38d-46fd-b6be-047672f04ed6	2	35775353	47119429	8505	-0.1017
8b7f742e-c38d-46fd-b6be-047672f04ed6	2	47123589	47128137	8	-1.5734
8b7f742e-c38d-46fd-b6be-047672f04ed6	2	47132527	52527330	3575	-0.0807
8b7f742e-c38d-46fd-b6be-047672f04ed6	2	52527342	52563002	41	-0.8787
8b7f742e-c38d-46fd-b6be-047672f04ed6	2	52563355	106263639	29344	-0.0925
8b7f742e-c38d-46fd-b6be-047672f04ed6	2	106264257	106270799	12	0.6935
8b7f742e-c38d-46fd-b6be-047672f04ed6	2	106270952	129026586	13477	-0.092
8b7f742e-c38d-46fd-b6be-047672f04ed6	2	129027150	129027826	2	-2.0139
8b7f742e-c38d-46fd-b6be-047672f04ed6	2	129027847	137224578	4823	-0.0964
8b7f742e-c38d-46fd-b6be-047672f04ed6	2	137226077	137226691	5	-1.6162
8b7f742e-c38d-46fd-b6be-047672f04ed6	2	137227715	159102108	13242	-0.0902
8b7f742e-c38d-46fd-b6be-047672f04ed6	2	159103831	159104461	2	-2.3029
8b7f742e-c38d-46fd-b6be-047672f04ed6	2	159106775	242147305	51155	-0.0859
8b7f742e-c38d-46fd-b6be-047672f04ed6	3	20930	22237484	16717	0.3883
8b7f742e-c38d-46fd-b6be-047672f04ed6	3	22238833	22242339	2	-1.3703
8b7f742e-c38d-46fd-b6be-047672f04ed6	3	22245048	36242052	9708	0.3847
8b7f742e-c38d-46fd-b6be-047672f04ed6	3	36242067	36255351	16	0.91
8b7f742e-c38d-46fd-b6be-047672f04ed6	3	36256165	68697013	21215	0.3785
8b7f742e-c38d-46fd-b6be-047672f04ed6	3	68697108	68698262	14	-0.9811
8b7f742e-c38d-46fd-b6be-047672f04ed6	3	68699607	75519398	4918	0.3878
8b7f742e-c38d-46fd-b6be-047672f04ed6	3	75523398	75537654	6	1.5448
8b7f742e-c38d-46fd-b6be-047672f04ed6	3	75546030	162794951	49898	0.398
8b7f742e-c38d-46fd-b6be-047672f04ed6	3	162795304	162807070	10	1.4735
8b7f742e-c38d-46fd-b6be-047672f04ed6	3	162810842	162822702	10	-0.9754
8b7f742e-c38d-46fd-b6be-047672f04ed6	3	162827928	162906093	45	1.3518
8b7f742e-c38d-46fd-b6be-047672f04ed6	3	162906109	162996729	75	0.3943
8b7f742e-c38d-46fd-b6be-047672f04ed6	3	162999939	163001774	2	-2.4151
8b7f742e-c38d-46fd-b6be-047672f04ed6	3	163008371	167395417	2430	0.4233
8b7f742e-c38d-46fd-b6be-047672f04ed6	3	167397011	167397309	3	-1.1456
8b7f742e-c38d-46fd-b6be-047672f04ed6	3	167399355	169012392	931	0.4077
8b7f742e-c38d-46fd-b6be-047672f04ed6	3	169015614	169020840	2	-1.592
8b7f742e-c38d-46fd-b6be-047672f04ed6	3	169022039	195558822	17167	0.3992
8b7f742e-c38d-46fd-b6be-047672f04ed6	3	195559056	195730018	35	-0.2183
8b7f742e-c38d-46fd-b6be-047672f04ed6	3	195733825	195934679	90	0.3554
8b7f742e-c38d-46fd-b6be-047672f04ed6	3	195963975	195982791	6	-0.4541
8b7f742e-c38d-46fd-b6be-047672f04ed6	3	195991894	198169247	1080	0.3755
8b7f742e-c38d-46fd-b6be-047672f04ed6	4	68929	10221792	5693	-0.1263
8b7f742e-c38d-46fd-b6be-047672f04ed6	4	10222004	10229874	27	-2.0111
8b7f742e-c38d-46fd-b6be-047672f04ed6	4	10232590	10233644	7	-0.8978
8b7f742e-c38d-46fd-b6be-047672f04ed6	4	10234518	34777432	16939	-0.1087
8b7f742e-c38d-46fd-b6be-047672f04ed6	4	34784878	34823103	38	-2.421
8b7f742e-c38d-46fd-b6be-047672f04ed6	4	34828250	45003738	6616	-0.1114
8b7f742e-c38d-46fd-b6be-047672f04ed6	4	45003835	45004318	4	-1.5141
8b7f742e-c38d-46fd-b6be-047672f04ed6	4	45008952	48142982	1738	-0.0969
8b7f742e-c38d-46fd-b6be-047672f04ed6	4	48143089	48299674	244	0.0397
8b7f742e-c38d-46fd-b6be-047672f04ed6	4	48303388	48425866	64	-0.2441
8b7f742e-c38d-46fd-b6be-047672f04ed6	4	48426253	49080266	265	-0.0504
8b7f742e-c38d-46fd-b6be-047672f04ed6	4	49083136	49214614	16	-0.346
8b7f742e-c38d-46fd-b6be-047672f04ed6	4	49289175	49289338	2	1.5845
8b7f742e-c38d-46fd-b6be-047672f04ed6	4	49295203	51823373	26	0.0102
8b7f742e-c38d-46fd-b6be-047672f04ed6	4	51830626	51832470	2	-1.3773
8b7f742e-c38d-46fd-b6be-047672f04ed6	4	51832591	57944326	4143	-0.114
8b7f742e-c38d-46fd-b6be-047672f04ed6	4	57946212	57950644	8	-1.065
8b7f742e-c38d-46fd-b6be-047672f04ed6	4	57963380	68472846	6276	-0.1105
8b7f742e-c38d-46fd-b6be-047672f04ed6	4	68478894	68655691	73	0.5421
8b7f742e-c38d-46fd-b6be-047672f04ed6	4	68663241	69261934	311	-0.0891
8b7f742e-c38d-46fd-b6be-047672f04ed6	4	69262694	69366406	54	-0.5244
8b7f742e-c38d-46fd-b6be-047672f04ed6	4	69370433	114252544	27235	-0.106
8b7f742e-c38d-46fd-b6be-047672f04ed6	4	114254167	114261019	23	-1.2088
8b7f742e-c38d-46fd-b6be-047672f04ed6	4	114263073	129141596	8702	-0.1062
8b7f742e-c38d-46fd-b6be-047672f04ed6	4	129146391	129147005	2	1.2997
8b7f742e-c38d-46fd-b6be-047672f04ed6	4	129151408	134010761	2763	-0.0865
8b7f742e-c38d-46fd-b6be-047672f04ed6	4	134022726	134023176	3	0.9289
8b7f742e-c38d-46fd-b6be-047672f04ed6	4	134024700	134205550	89	-0.0032
8b7f742e-c38d-46fd-b6be-047672f04ed6	4	134216144	134216316	2	-1.3725
8b7f742e-c38d-46fd-b6be-047672f04ed6	4	134216353	137171085	1645	-0.0877
8b7f742e-c38d-46fd-b6be-047672f04ed6	4	137171266	137173967	16	0.3824
8b7f742e-c38d-46fd-b6be-047672f04ed6	4	137187209	160950630	14645	-0.1064
8b7f742e-c38d-46fd-b6be-047672f04ed6	4	160950700	160963815	37	0.3111
8b7f742e-c38d-46fd-b6be-047672f04ed6	4	160963825	171448195	6653	-0.101
8b7f742e-c38d-46fd-b6be-047672f04ed6	4	171453733	171456559	10	-1.1431
8b7f742e-c38d-46fd-b6be-047672f04ed6	4	171456573	172066777	398	-0.0938
8b7f742e-c38d-46fd-b6be-047672f04ed6	4	172067997	172074828	13	0.6088
8b7f742e-c38d-46fd-b6be-047672f04ed6	4	172075742	172501371	229	-0.0791
8b7f742e-c38d-46fd-b6be-047672f04ed6	4	172503796	172507492	7	0.997
8b7f742e-c38d-46fd-b6be-047672f04ed6	4	172519981	180635651	5241	-0.0963
8b7f742e-c38d-46fd-b6be-047672f04ed6	4	180639652	180639760	2	-1.7683
8b7f742e-c38d-46fd-b6be-047672f04ed6	4	180640982	188300104	5424	-0.1193
8b7f742e-c38d-46fd-b6be-047672f04ed6	4	188300206	188300221	2	-2.2669
8b7f742e-c38d-46fd-b6be-047672f04ed6	4	188300270	190106768	1143	-0.0889
8b7f742e-c38d-46fd-b6be-047672f04ed6	5	15532	685633	306	-0.2011
8b7f742e-c38d-46fd-b6be-047672f04ed6	5	698256	773075	25	0.3357
8b7f742e-c38d-46fd-b6be-047672f04ed6	5	773432	1156679	133	-0.1146
8b7f742e-c38d-46fd-b6be-047672f04ed6	5	1158094	1967151	521	-0.2326
8b7f742e-c38d-46fd-b6be-047672f04ed6	5	1971538	5640631	3356	-0.1229
8b7f742e-c38d-46fd-b6be-047672f04ed6	5	5641233	5641511	2	-1.5141
8b7f742e-c38d-46fd-b6be-047672f04ed6	5	5641732	7169363	1364	-0.1102
8b7f742e-c38d-46fd-b6be-047672f04ed6	5	7177225	7189812	26	-1.1352
8b7f742e-c38d-46fd-b6be-047672f04ed6	5	7202522	46246469	24873	-0.1034
8b7f742e-c38d-46fd-b6be-047672f04ed6	5	46246478	46273400	12	0.6894
8b7f742e-c38d-46fd-b6be-047672f04ed6	5	46278110	58025819	5059	-0.1063
8b7f742e-c38d-46fd-b6be-047672f04ed6	5	58030200	58037706	32	1.7507
8b7f742e-c38d-46fd-b6be-047672f04ed6	5	58042530	69533520	7266	-0.1115
8b7f742e-c38d-46fd-b6be-047672f04ed6	5	69550476	71095426	26	0.4558
8b7f742e-c38d-46fd-b6be-047672f04ed6	5	71358245	78812085	4920	-0.1092
8b7f742e-c38d-46fd-b6be-047672f04ed6	5	78814168	78815348	3	-1.5682
8b7f742e-c38d-46fd-b6be-047672f04ed6	5	78819688	176033084	61945	-0.1039
8b7f742e-c38d-46fd-b6be-047672f04ed6	5	176038686	176042504	2	-2.1694
8b7f742e-c38d-46fd-b6be-047672f04ed6	5	176043321	180947523	2513	-0.1251
8b7f742e-c38d-46fd-b6be-047672f04ed6	5	180951710	180990660	17	0.451
8b7f742e-c38d-46fd-b6be-047672f04ed6	5	180990911	181363319	171	-0.155
8b7f742e-c38d-46fd-b6be-047672f04ed6	6	149661	254283	101	-0.1307
8b7f742e-c38d-46fd-b6be-047672f04ed6	6	257353	385784	107	-0.3876
8b7f742e-c38d-46fd-b6be-047672f04ed6	6	387532	29869295	21382	-0.1187
8b7f742e-c38d-46fd-b6be-047672f04ed6	6	29869410	29933799	36	0.4203
8b7f742e-c38d-46fd-b6be-047672f04ed6	6	29940692	31313046	639	-0.142
8b7f742e-c38d-46fd-b6be-047672f04ed6	6	31318499	31328674	11	0.7236
8b7f742e-c38d-46fd-b6be-047672f04ed6	6	31342147	32463515	493	-0.1959
8b7f742e-c38d-46fd-b6be-047672f04ed6	6	32463775	32602588	34	0.8961
8b7f742e-c38d-46fd-b6be-047672f04ed6	6	32605994	32722250	76	0.0078
8b7f742e-c38d-46fd-b6be-047672f04ed6	6	32723020	32723053	3	1.8319
8b7f742e-c38d-46fd-b6be-047672f04ed6	6	32732907	33970222	749	-0.1436
8b7f742e-c38d-46fd-b6be-047672f04ed6	6	33970966	33974928	7	-1.1272
8b7f742e-c38d-46fd-b6be-047672f04ed6	6	33976809	53574101	12439	-0.1117
8b7f742e-c38d-46fd-b6be-047672f04ed6	6	53575387	53576158	2	-2.462
8b7f742e-c38d-46fd-b6be-047672f04ed6	6	53579988	57434511	2408	-0.0953
8b7f742e-c38d-46fd-b6be-047672f04ed6	6	57791244	58392744	206	0.0338
8b7f742e-c38d-46fd-b6be-047672f04ed6	6	58398471	65683455	2721	-0.0973
8b7f742e-c38d-46fd-b6be-047672f04ed6	6	65684197	65693959	24	-0.8444
8b7f742e-c38d-46fd-b6be-047672f04ed6	6	65697234	70989162	3521	-0.0922
8b7f742e-c38d-46fd-b6be-047672f04ed6	6	70994070	70994729	2	-1.8103
8b7f742e-c38d-46fd-b6be-047672f04ed6	6	70995205	73882142	1901	-0.1018
8b7f742e-c38d-46fd-b6be-047672f04ed6	6	73882509	73893903	13	-0.6642
8b7f742e-c38d-46fd-b6be-047672f04ed6	6	73894003	74823796	608	-0.0912
8b7f742e-c38d-46fd-b6be-047672f04ed6	6	74824464	74824465	2	1.915
8b7f742e-c38d-46fd-b6be-047672f04ed6	6	74824680	76731220	1159	-0.1075
8b7f742e-c38d-46fd-b6be-047672f04ed6	6	76731658	76758921	22	0.324
8b7f742e-c38d-46fd-b6be-047672f04ed6	6	76759379	78220501	937	-0.1089
8b7f742e-c38d-46fd-b6be-047672f04ed6	6	78222685	78336944	154	0.1455
8b7f742e-c38d-46fd-b6be-047672f04ed6	6	78341897	92864415	9205	-0.1083
8b7f742e-c38d-46fd-b6be-047672f04ed6	6	92864490	92868766	34	0.3311
8b7f742e-c38d-46fd-b6be-047672f04ed6	6	92868861	102906510	5952	-0.0986
8b7f742e-c38d-46fd-b6be-047672f04ed6	6	102906546	102907785	4	-1.3909
8b7f742e-c38d-46fd-b6be-047672f04ed6	6	102909873	103280350	232	-0.1144
8b7f742e-c38d-46fd-b6be-047672f04ed6	6	103282618	103311783	47	0.2057
8b7f742e-c38d-46fd-b6be-047672f04ed6	6	103311850	167194527	41938	-0.1109
8b7f742e-c38d-46fd-b6be-047672f04ed6	6	167199775	168898152	942	-0.1908
8b7f742e-c38d-46fd-b6be-047672f04ed6	6	168898725	170741917	1157	-0.1271
8b7f742e-c38d-46fd-b6be-047672f04ed6	7	43355	43580695	30959	0.7618
8b7f742e-c38d-46fd-b6be-047672f04ed6	7	43588569	43591769	4	-1.6084
8b7f742e-c38d-46fd-b6be-047672f04ed6	7	43596587	54305455	7424	0.7575
8b7f742e-c38d-46fd-b6be-047672f04ed6	7	54318812	54325795	7	1.6163
8b7f742e-c38d-46fd-b6be-047672f04ed6	7	54326708	55608282	1082	0.7613
8b7f742e-c38d-46fd-b6be-047672f04ed6	7	55608493	70955452	5032	0.7269
8b7f742e-c38d-46fd-b6be-047672f04ed6	7	70958264	70961155	2	2.5281
8b7f742e-c38d-46fd-b6be-047672f04ed6	7	70963257	76653459	2175	0.7104
8b7f742e-c38d-46fd-b6be-047672f04ed6	7	76653478	91578827	9646	0.7767
8b7f742e-c38d-46fd-b6be-047672f04ed6	7	91589569	91589817	3	1.9821
8b7f742e-c38d-46fd-b6be-047672f04ed6	7	91595717	97756658	3839	0.7622
8b7f742e-c38d-46fd-b6be-047672f04ed6	7	97766148	97766197	8	-0.1238
8b7f742e-c38d-46fd-b6be-047672f04ed6	7	97772620	97788298	29	0.9459
8b7f742e-c38d-46fd-b6be-047672f04ed6	7	97791337	97791340	3	-0.3824
8b7f742e-c38d-46fd-b6be-047672f04ed6	7	97791778	105946044	4064	0.7395
8b7f742e-c38d-46fd-b6be-047672f04ed6	7	105946407	105946995	6	-0.4774
8b7f742e-c38d-46fd-b6be-047672f04ed6	7	105947907	109793741	2495	0.7621
8b7f742e-c38d-46fd-b6be-047672f04ed6	7	109797035	109797043	7	-0.28
8b7f742e-c38d-46fd-b6be-047672f04ed6	7	109797044	109801155	17	0.3603
8b7f742e-c38d-46fd-b6be-047672f04ed6	7	109801187	109813853	11	-0.7242
8b7f742e-c38d-46fd-b6be-047672f04ed6	7	109813925	111123507	871	0.7758
8b7f742e-c38d-46fd-b6be-047672f04ed6	7	111125633	111425236	218	0.9086
8b7f742e-c38d-46fd-b6be-047672f04ed6	7	111425438	111429358	6	0.175
8b7f742e-c38d-46fd-b6be-047672f04ed6	7	111429478	111670950	116	0.9159
8b7f742e-c38d-46fd-b6be-047672f04ed6	7	111678408	125290579	8038	0.7626
8b7f742e-c38d-46fd-b6be-047672f04ed6	7	125290668	125293169	2	-2.3143
8b7f742e-c38d-46fd-b6be-047672f04ed6	7	125293823	126405632	760	0.7699
8b7f742e-c38d-46fd-b6be-047672f04ed6	7	126405690	126406822	9	-1.1891
8b7f742e-c38d-46fd-b6be-047672f04ed6	7	126406823	134100424	4692	0.7626
8b7f742e-c38d-46fd-b6be-047672f04ed6	7	134100442	134111088	28	-2.0498
8b7f742e-c38d-46fd-b6be-047672f04ed6	7	134113300	134114401	7	-0.1273
8b7f742e-c38d-46fd-b6be-047672f04ed6	7	134114444	142505416	5541	0.7518
8b7f742e-c38d-46fd-b6be-047672f04ed6	7	142505749	142785320	118	0.9706
8b7f742e-c38d-46fd-b6be-047672f04ed6	7	142785841	155671335	8082	0.7568
8b7f742e-c38d-46fd-b6be-047672f04ed6	7	155673169	155674244	2	2.8431
8b7f742e-c38d-46fd-b6be-047672f04ed6	7	155676942	156599096	688	0.7547
8b7f742e-c38d-46fd-b6be-047672f04ed6	7	156600474	156601485	3	-1.6526
8b7f742e-c38d-46fd-b6be-047672f04ed6	7	156602214	159334314	1620	0.7476
8b7f742e-c38d-46fd-b6be-047672f04ed6	8	81254	2088938	1411	-0.1498
8b7f742e-c38d-46fd-b6be-047672f04ed6	8	2088956	2101451	12	-0.8749
8b7f742e-c38d-46fd-b6be-047672f04ed6	8	2101646	6968934	6181	-0.113
8b7f742e-c38d-46fd-b6be-047672f04ed6	8	6968962	6969618	6	-1.7189
8b7f742e-c38d-46fd-b6be-047672f04ed6	8	6969664	15435453	6062	-0.1194
8b7f742e-c38d-46fd-b6be-047672f04ed6	8	15436422	15437936	2	-3.2411
8b7f742e-c38d-46fd-b6be-047672f04ed6	8	15439194	16078315	609	-0.0989
8b7f742e-c38d-46fd-b6be-047672f04ed6	8	16078419	16093632	14	-0.5757
8b7f742e-c38d-46fd-b6be-047672f04ed6	8	16094053	16412448	262	-0.0804
8b7f742e-c38d-46fd-b6be-047672f04ed6	8	16412497	16412958	8	0.5252
8b7f742e-c38d-46fd-b6be-047672f04ed6	8	16416322	17061577	524	-0.0907
8b7f742e-c38d-46fd-b6be-047672f04ed6	8	17061615	17062159	2	-2.5395
8b7f742e-c38d-46fd-b6be-047672f04ed6	8	17067188	25116961	6317	-0.1149
8b7f742e-c38d-46fd-b6be-047672f04ed6	8	25117007	25126818	25	-0.7151
8b7f742e-c38d-46fd-b6be-047672f04ed6	8	25133589	39372664	8973	-0.1073
8b7f742e-c38d-46fd-b6be-047672f04ed6	8	39372806	39505410	50	0.2579
8b7f742e-c38d-46fd-b6be-047672f04ed6	8	39505427	105515385	38432	-0.1032
8b7f742e-c38d-46fd-b6be-047672f04ed6	8	105515747	105515760	2	-1.6993
8b7f742e-c38d-46fd-b6be-047672f04ed6	8	105515802	110136636	2860	-0.1102
8b7f742e-c38d-46fd-b6be-047672f04ed6	8	110137390	110141933	3	-1.117
8b7f742e-c38d-46fd-b6be-047672f04ed6	8	110142146	114622258	2433	-0.0898
8b7f742e-c38d-46fd-b6be-047672f04ed6	8	114622325	114638468	35	0.3132
8b7f742e-c38d-46fd-b6be-047672f04ed6	8	114638558	130835623	11198	-0.1061
8b7f742e-c38d-46fd-b6be-047672f04ed6	8	130839453	130842946	3	-1.4247
8b7f742e-c38d-46fd-b6be-047672f04ed6	8	130843478	141594864	8380	-0.1064
8b7f742e-c38d-46fd-b6be-047672f04ed6	8	141597449	141609806	6	-1.4817
8b7f742e-c38d-46fd-b6be-047672f04ed6	8	141610086	145072769	1415	-0.1642
8b7f742e-c38d-46fd-b6be-047672f04ed6	9	46587	1120089	1086	-0.1425
8b7f742e-c38d-46fd-b6be-047672f04ed6	9	1120602	1120692	2	-2.0303
8b7f742e-c38d-46fd-b6be-047672f04ed6	9	1121085	23361807	19282	-0.093
8b7f742e-c38d-46fd-b6be-047672f04ed6	9	23363117	23373486	8	-1.8175
8b7f742e-c38d-46fd-b6be-047672f04ed6	9	23378490	28044706	3533	-0.0945
8b7f742e-c38d-46fd-b6be-047672f04ed6	9	28047590	28055879	7	-0.9798
8b7f742e-c38d-46fd-b6be-047672f04ed6	9	28055902	39588611	7181	-0.101
8b7f742e-c38d-46fd-b6be-047672f04ed6	9	39747848	40189830	9	0.626
8b7f742e-c38d-46fd-b6be-047672f04ed6	9	40228981	40832327	10	0.0349
8b7f742e-c38d-46fd-b6be-047672f04ed6	9	40887290	42585140	125	-0.3805
8b7f742e-c38d-46fd-b6be-047672f04ed6	9	42697878	83588127	11240	-0.1028
8b7f742e-c38d-46fd-b6be-047672f04ed6	9	83588386	83590889	3	-1.6097
8b7f742e-c38d-46fd-b6be-047672f04ed6	9	83593105	90189999	4726	-0.1082
8b7f742e-c38d-46fd-b6be-047672f04ed6	9	90199276	90200695	2	-1.6529
8b7f742e-c38d-46fd-b6be-047672f04ed6	9	90202765	95487805	3482	-0.1034
8b7f742e-c38d-46fd-b6be-047672f04ed6	9	95487916	95487949	2	1.7067
8b7f742e-c38d-46fd-b6be-047672f04ed6	9	95487988	100542858	3181	-0.1075
8b7f742e-c38d-46fd-b6be-047672f04ed6	9	100546714	104265590	2710	-0.0669
8b7f742e-c38d-46fd-b6be-047672f04ed6	9	104266664	133907134	20744	-0.1071
8b7f742e-c38d-46fd-b6be-047672f04ed6	9	133909095	133914054	4	-1.2883
8b7f742e-c38d-46fd-b6be-047672f04ed6	9	133916369	135273657	787	-0.1446
8b7f742e-c38d-46fd-b6be-047672f04ed6	9	135276268	135281733	6	-0.8986
8b7f742e-c38d-46fd-b6be-047672f04ed6	9	135282721	138200944	1126	-0.1097
8b7f742e-c38d-46fd-b6be-047672f04ed6	10	45792	6369109	5381	-0.1205
8b7f742e-c38d-46fd-b6be-047672f04ed6	10	6369253	6369519	6	0.9356
8b7f742e-c38d-46fd-b6be-047672f04ed6	10	6376792	24088746	13758	-0.1139
8b7f742e-c38d-46fd-b6be-047672f04ed6	10	24088747	24089125	9	-1.9695
8b7f742e-c38d-46fd-b6be-047672f04ed6	10	24089979	24930188	575	-0.1508
8b7f742e-c38d-46fd-b6be-047672f04ed6	10	24930460	26934974	1406	-0.1202
8b7f742e-c38d-46fd-b6be-047672f04ed6	10	26936975	26941064	14	0.5728
8b7f742e-c38d-46fd-b6be-047672f04ed6	10	26941746	55216596	15976	-0.1132
8b7f742e-c38d-46fd-b6be-047672f04ed6	10	55216769	55576667	249	0.0225
8b7f742e-c38d-46fd-b6be-047672f04ed6	10	55576826	65548951	6932	-0.1069
8b7f742e-c38d-46fd-b6be-047672f04ed6	10	65548979	65554672	20	-0.6872
8b7f742e-c38d-46fd-b6be-047672f04ed6	10	65554688	129338137	43231	-0.1141
8b7f742e-c38d-46fd-b6be-047672f04ed6	10	129339843	133654968	2858	-0.1643
8b7f742e-c38d-46fd-b6be-047672f04ed6	11	198510	277099	52	-0.143
8b7f742e-c38d-46fd-b6be-047672f04ed6	11	283928	456012	51	-0.4992
8b7f742e-c38d-46fd-b6be-047672f04ed6	11	456120	4946166	2308	-0.1066
8b7f742e-c38d-46fd-b6be-047672f04ed6	11	4946420	4955027	30	0.4819
8b7f742e-c38d-46fd-b6be-047672f04ed6	11	4955042	5766862	779	-0.1034
8b7f742e-c38d-46fd-b6be-047672f04ed6	11	5768371	5788231	32	-0.7904
8b7f742e-c38d-46fd-b6be-047672f04ed6	11	5791130	18919323	9385	-0.0997
8b7f742e-c38d-46fd-b6be-047672f04ed6	11	18927525	18940441	45	0.5178
8b7f742e-c38d-46fd-b6be-047672f04ed6	11	18940469	55595864	21703	-0.0956
8b7f742e-c38d-46fd-b6be-047672f04ed6	11	55606556	55685533	59	-1.7424
8b7f742e-c38d-46fd-b6be-047672f04ed6	11	55686100	65131951	5207	-0.0974
8b7f742e-c38d-46fd-b6be-047672f04ed6	11	65132799	65136246	2	-1.8283
8b7f742e-c38d-46fd-b6be-047672f04ed6	11	65137419	65794603	246	-0.1951
8b7f742e-c38d-46fd-b6be-047672f04ed6	11	65794786	65796564	2	-1.6075
8b7f742e-c38d-46fd-b6be-047672f04ed6	11	65799005	67853996	788	-0.1406
8b7f742e-c38d-46fd-b6be-047672f04ed6	11	67856981	67865167	2	1.38
8b7f742e-c38d-46fd-b6be-047672f04ed6	11	67871440	92083690	14971	-0.1021
8b7f742e-c38d-46fd-b6be-047672f04ed6	11	92083758	92090920	13	0.4128
8b7f742e-c38d-46fd-b6be-047672f04ed6	11	92091019	101723653	7257	-0.0938
8b7f742e-c38d-46fd-b6be-047672f04ed6	11	101727129	101727233	4	1.7832
8b7f742e-c38d-46fd-b6be-047672f04ed6	11	101727481	128461728	18542	-0.101
8b7f742e-c38d-46fd-b6be-047672f04ed6	11	128463161	128463430	3	-1.3195
8b7f742e-c38d-46fd-b6be-047672f04ed6	11	128463551	134252402	4470	-0.1043
8b7f742e-c38d-46fd-b6be-047672f04ed6	11	134255523	134611509	252	-0.2464
8b7f742e-c38d-46fd-b6be-047672f04ed6	11	134613428	135074876	389	-0.1367
8b7f742e-c38d-46fd-b6be-047672f04ed6	12	51460	9481274	6151	-0.1155
8b7f742e-c38d-46fd-b6be-047672f04ed6	12	9485313	9562969	22	-1.722
8b7f742e-c38d-46fd-b6be-047672f04ed6	12	9575696	11068125	1033	-0.0714
8b7f742e-c38d-46fd-b6be-047672f04ed6	12	11070111	11088933	9	-1.6305
8b7f742e-c38d-46fd-b6be-047672f04ed6	12	11099275	30081111	13220	-0.1001
8b7f742e-c38d-46fd-b6be-047672f04ed6	12	30082346	30090698	25	-0.7447
8b7f742e-c38d-46fd-b6be-047672f04ed6	12	30090732	33099244	2216	-0.114
8b7f742e-c38d-46fd-b6be-047672f04ed6	12	33102734	33137723	28	-0.0474
8b7f742e-c38d-46fd-b6be-047672f04ed6	12	33140973	33154440	35	0.2758
8b7f742e-c38d-46fd-b6be-047672f04ed6	12	33155426	33921922	498	-0.0443
8b7f742e-c38d-46fd-b6be-047672f04ed6	12	33925640	33926681	4	-0.9577
8b7f742e-c38d-46fd-b6be-047672f04ed6	12	33936291	34224408	150	0.0044
8b7f742e-c38d-46fd-b6be-047672f04ed6	12	34227066	34330665	52	-0.3211
8b7f742e-c38d-46fd-b6be-047672f04ed6	12	34339654	38818514	629	-0.0132
8b7f742e-c38d-46fd-b6be-047672f04ed6	12	38821834	90089570	31433	-0.1031
8b7f742e-c38d-46fd-b6be-047672f04ed6	12	90089573	90098282	7	0.8527
8b7f742e-c38d-46fd-b6be-047672f04ed6	12	90098297	99382559	6427	-0.1053
8b7f742e-c38d-46fd-b6be-047672f04ed6	12	99385730	99404577	36	0.2784
8b7f742e-c38d-46fd-b6be-047672f04ed6	12	99404748	129785032	20590	-0.1128
8b7f742e-c38d-46fd-b6be-047672f04ed6	12	129785457	129790046	2	-1.7832
8b7f742e-c38d-46fd-b6be-047672f04ed6	12	129791193	131292887	1185	-0.1519
8b7f742e-c38d-46fd-b6be-047672f04ed6	12	131309623	131311902	5	0.9348
8b7f742e-c38d-46fd-b6be-047672f04ed6	12	131319247	131408881	67	-0.0179
8b7f742e-c38d-46fd-b6be-047672f04ed6	12	131409039	131422427	24	-0.494
8b7f742e-c38d-46fd-b6be-047672f04ed6	12	131422516	131636170	219	-0.1119
8b7f742e-c38d-46fd-b6be-047672f04ed6	12	131648039	131648790	13	-2.4992
8b7f742e-c38d-46fd-b6be-047672f04ed6	12	131657925	133201603	556	-0.1173
8b7f742e-c38d-46fd-b6be-047672f04ed6	13	18452809	37496998	13440	-0.1096
8b7f742e-c38d-46fd-b6be-047672f04ed6	13	37497899	37510406	14	0.5094
8b7f742e-c38d-46fd-b6be-047672f04ed6	13	37510595	38478674	701	-0.1036
8b7f742e-c38d-46fd-b6be-047672f04ed6	13	38483435	38483919	2	-2.1013
8b7f742e-c38d-46fd-b6be-047672f04ed6	13	38490920	57175642	11792	-0.1049
8b7f742e-c38d-46fd-b6be-047672f04ed6	13	57176819	57204246	36	0.4412
8b7f742e-c38d-46fd-b6be-047672f04ed6	13	57215580	70089231	7806	-0.0986
8b7f742e-c38d-46fd-b6be-047672f04ed6	13	70089685	70215859	118	0.0919
8b7f742e-c38d-46fd-b6be-047672f04ed6	13	70220916	110020621	27429	-0.1063
8b7f742e-c38d-46fd-b6be-047672f04ed6	13	110021267	110021301	2	-2.1036
8b7f742e-c38d-46fd-b6be-047672f04ed6	13	110022432	114342922	2621	-0.1316
8b7f742e-c38d-46fd-b6be-047672f04ed6	14	18239283	19298389	48	0.1369
8b7f742e-c38d-46fd-b6be-047672f04ed6	14	19326853	19957350	120	-0.4648
8b7f742e-c38d-46fd-b6be-047672f04ed6	14	19957701	21913250	1322	-0.1062
8b7f742e-c38d-46fd-b6be-047672f04ed6	14	21913580	22474470	478	0.0078
8b7f742e-c38d-46fd-b6be-047672f04ed6	14	22474486	22509405	61	-0.0949
8b7f742e-c38d-46fd-b6be-047672f04ed6	14	22509533	22676588	132	-0.2718
8b7f742e-c38d-46fd-b6be-047672f04ed6	14	22683862	26314697	2333	-0.0993
8b7f742e-c38d-46fd-b6be-047672f04ed6	14	26314707	26314712	6	0.7861
8b7f742e-c38d-46fd-b6be-047672f04ed6	14	26315707	43695667	10746	-0.0992
8b7f742e-c38d-46fd-b6be-047672f04ed6	14	43708337	43708867	2	1.5971
8b7f742e-c38d-46fd-b6be-047672f04ed6	14	43709632	73529070	18877	-0.1053
8b7f742e-c38d-46fd-b6be-047672f04ed6	14	73534419	73563196	10	0.7981
8b7f742e-c38d-46fd-b6be-047672f04ed6	14	73563211	98857675	17222	-0.1088
8b7f742e-c38d-46fd-b6be-047672f04ed6	14	98857846	98912599	48	-0.3976
8b7f742e-c38d-46fd-b6be-047672f04ed6	14	98912731	105537192	3321	-0.1175
8b7f742e-c38d-46fd-b6be-047672f04ed6	14	105541843	105616252	10	0.0634
8b7f742e-c38d-46fd-b6be-047672f04ed6	14	105632009	105733039	18	0.5315
8b7f742e-c38d-46fd-b6be-047672f04ed6	14	105752248	106509297	303	0.0478
8b7f742e-c38d-46fd-b6be-047672f04ed6	14	106513845	106877229	182	-0.0889
8b7f742e-c38d-46fd-b6be-047672f04ed6	15	19811075	20001686	45	0.0239
8b7f742e-c38d-46fd-b6be-047672f04ed6	15	20011702	20056983	5	-1.9473
8b7f742e-c38d-46fd-b6be-047672f04ed6	15	20059033	20538669	84	-0.3248
8b7f742e-c38d-46fd-b6be-047672f04ed6	15	20614765	25174845	1553	-0.0886
8b7f742e-c38d-46fd-b6be-047672f04ed6	15	25176460	25181804	3	-0.9837
8b7f742e-c38d-46fd-b6be-047672f04ed6	15	25182061	25185096	4	-2.2352
8b7f742e-c38d-46fd-b6be-047672f04ed6	15	25188158	32220019	4210	-0.1201
8b7f742e-c38d-46fd-b6be-047672f04ed6	15	32239115	32507144	18	0.3715
8b7f742e-c38d-46fd-b6be-047672f04ed6	15	32519403	34430601	1480	-0.1057
8b7f742e-c38d-46fd-b6be-047672f04ed6	15	34431231	34508087	57	-0.9873
8b7f742e-c38d-46fd-b6be-047672f04ed6	15	34508394	92222475	36521	-0.1097
8b7f742e-c38d-46fd-b6be-047672f04ed6	15	92222525	92223740	12	0.6224
8b7f742e-c38d-46fd-b6be-047672f04ed6	15	92223758	101928837	7397	-0.1208
8b7f742e-c38d-46fd-b6be-047672f04ed6	16	10777	18104860	12738	0.3677
8b7f742e-c38d-46fd-b6be-047672f04ed6	16	18134261	18730788	31	0.9568
8b7f742e-c38d-46fd-b6be-047672f04ed6	16	18731740	22417324	1973	0.3764
8b7f742e-c38d-46fd-b6be-047672f04ed6	16	22420049	22706267	78	0.6241
8b7f742e-c38d-46fd-b6be-047672f04ed6	16	22706983	55762682	12065	0.3791
8b7f742e-c38d-46fd-b6be-047672f04ed6	16	55764310	55775312	9	1.4643
8b7f742e-c38d-46fd-b6be-047672f04ed6	16	55775554	58808347	1819	0.3718
8b7f742e-c38d-46fd-b6be-047672f04ed6	16	58809060	58809200	2	-1.0269
8b7f742e-c38d-46fd-b6be-047672f04ed6	16	58812947	70105639	6928	0.3814
8b7f742e-c38d-46fd-b6be-047672f04ed6	16	70117657	70177541	16	-0.2197
8b7f742e-c38d-46fd-b6be-047672f04ed6	16	70179141	74363160	2296	0.3698
8b7f742e-c38d-46fd-b6be-047672f04ed6	16	74364089	74373225	5	-0.5886
8b7f742e-c38d-46fd-b6be-047672f04ed6	16	74373481	78337711	3196	0.3801
8b7f742e-c38d-46fd-b6be-047672f04ed6	16	78338543	78343631	12	1.2145
8b7f742e-c38d-46fd-b6be-047672f04ed6	16	78345778	78734414	505	0.3663
8b7f742e-c38d-46fd-b6be-047672f04ed6	16	78734611	78742136	7	-0.3748
8b7f742e-c38d-46fd-b6be-047672f04ed6	16	78744964	88341547	9347	0.3761
8b7f742e-c38d-46fd-b6be-047672f04ed6	16	88342835	89012905	203	0.2817
8b7f742e-c38d-46fd-b6be-047672f04ed6	16	89012953	89013365	2	-1.1034
8b7f742e-c38d-46fd-b6be-047672f04ed6	16	89022777	90096867	524	0.3112
8b7f742e-c38d-46fd-b6be-047672f04ed6	17	150733	899530	406	0.3166
8b7f742e-c38d-46fd-b6be-047672f04ed6	17	899590	904265	3	-0.9643
8b7f742e-c38d-46fd-b6be-047672f04ed6	17	904455	4637246	2018	0.3526
8b7f742e-c38d-46fd-b6be-047672f04ed6	17	4641036	4641171	2	-1.1966
8b7f742e-c38d-46fd-b6be-047672f04ed6	17	4643884	15608819	7547	0.3761
8b7f742e-c38d-46fd-b6be-047672f04ed6	17	15609752	15643476	5	-1.1136
8b7f742e-c38d-46fd-b6be-047672f04ed6	17	15650964	18523147	1398	0.3812
8b7f742e-c38d-46fd-b6be-047672f04ed6	17	18529764	18561907	9	1.1672
8b7f742e-c38d-46fd-b6be-047672f04ed6	17	18565883	28452035	2251	0.3707
8b7f742e-c38d-46fd-b6be-047672f04ed6	17	28454323	28455301	2	-2.0619
8b7f742e-c38d-46fd-b6be-047672f04ed6	17	28462253	36109139	4561	0.3809
8b7f742e-c38d-46fd-b6be-047672f04ed6	17	36109735	36208249	37	1.0899
8b7f742e-c38d-46fd-b6be-047672f04ed6	17	36460442	39692292	1618	0.3614
8b7f742e-c38d-46fd-b6be-047672f04ed6	17	39692350	39695391	8	0.9534
8b7f742e-c38d-46fd-b6be-047672f04ed6	17	39695588	41265456	894	0.3728
8b7f742e-c38d-46fd-b6be-047672f04ed6	17	41266762	41274279	24	-0.9736
8b7f742e-c38d-46fd-b6be-047672f04ed6	17	41276472	46099684	2505	0.3509
8b7f742e-c38d-46fd-b6be-047672f04ed6	17	46099741	46185584	70	0.4353
8b7f742e-c38d-46fd-b6be-047672f04ed6	17	46186715	46218468	29	0.7378
8b7f742e-c38d-46fd-b6be-047672f04ed6	17	46234104	73835799	16786	0.3885
8b7f742e-c38d-46fd-b6be-047672f04ed6	17	73837819	83091923	4739	0.3623
8b7f742e-c38d-46fd-b6be-047672f04ed6	18	48133	15182455	10346	-0.0973
8b7f742e-c38d-46fd-b6be-047672f04ed6	18	15182482	21045405	70	0.1414
8b7f742e-c38d-46fd-b6be-047672f04ed6	18	21054058	40678763	12310	-0.0978
8b7f742e-c38d-46fd-b6be-047672f04ed6	18	40680456	40685425	19	0.4053
8b7f742e-c38d-46fd-b6be-047672f04ed6	18	40689534	42476636	1213	-0.0859
8b7f742e-c38d-46fd-b6be-047672f04ed6	18	42476672	42477802	23	0.2938
8b7f742e-c38d-46fd-b6be-047672f04ed6	18	42478430	63302422	14284	-0.0956
8b7f742e-c38d-46fd-b6be-047672f04ed6	18	63302442	63302803	2	-1.8688
8b7f742e-c38d-46fd-b6be-047672f04ed6	18	63303182	65533230	1547	-0.082
8b7f742e-c38d-46fd-b6be-047672f04ed6	18	65533243	65540037	18	0.9744
8b7f742e-c38d-46fd-b6be-047672f04ed6	18	65540145	66054343	357	-0.0717
8b7f742e-c38d-46fd-b6be-047672f04ed6	18	66060256	66061104	12	-1.452
8b7f742e-c38d-46fd-b6be-047672f04ed6	18	66065502	69539991	2607	-0.0816
8b7f742e-c38d-46fd-b6be-047672f04ed6	18	69540616	69550035	8	-1.1986
8b7f742e-c38d-46fd-b6be-047672f04ed6	18	69550306	71872125	1603	-0.0967
8b7f742e-c38d-46fd-b6be-047672f04ed6	18	71875374	72775945	662	-0.0246
8b7f742e-c38d-46fd-b6be-047672f04ed6	18	72776956	76726039	3187	-0.1148
8b7f742e-c38d-46fd-b6be-047672f04ed6	18	76729459	76737927	10	-0.7941
8b7f742e-c38d-46fd-b6be-047672f04ed6	18	76738455	80257174	2324	-0.1238
8b7f742e-c38d-46fd-b6be-047672f04ed6	19	90910	5506648	1591	-0.158
8b7f742e-c38d-46fd-b6be-047672f04ed6	19	5510228	5510642	3	-2.7284
8b7f742e-c38d-46fd-b6be-047672f04ed6	19	5510689	40846832	17867	-0.1209
8b7f742e-c38d-46fd-b6be-047672f04ed6	19	40854267	40870114	20	-1.0257
8b7f742e-c38d-46fd-b6be-047672f04ed6	19	40886250	58586487	9572	-0.1212
8b7f742e-c38d-46fd-b6be-047672f04ed6	20	80664	1580276	1199	-0.113
8b7f742e-c38d-46fd-b6be-047672f04ed6	20	1580305	1617300	44	1.5069
8b7f742e-c38d-46fd-b6be-047672f04ed6	20	1617460	64324800	41028	-0.107
8b7f742e-c38d-46fd-b6be-047672f04ed6	21	10354168	13583316	269	-0.001
8b7f742e-c38d-46fd-b6be-047672f04ed6	21	13612103	13803967	5	1.2654
8b7f742e-c38d-46fd-b6be-047672f04ed6	21	13812646	41918291	20898	-0.0998
8b7f742e-c38d-46fd-b6be-047672f04ed6	21	41920596	41921937	3	-2.2751
8b7f742e-c38d-46fd-b6be-047672f04ed6	21	41922780	46268308	2335	-0.1347
8b7f742e-c38d-46fd-b6be-047672f04ed6	21	46269820	46271080	4	-1.3665
8b7f742e-c38d-46fd-b6be-047672f04ed6	21	46272884	46677045	273	-0.1847
8b7f742e-c38d-46fd-b6be-047672f04ed6	22	15294547	23981995	4383	-0.1286
8b7f742e-c38d-46fd-b6be-047672f04ed6	22	23988078	23989773	2	-2.9804
8b7f742e-c38d-46fd-b6be-047672f04ed6	22	23990431	48872127	17593	-0.1232
8b7f742e-c38d-46fd-b6be-047672f04ed6	22	48872888	49292994	423	-0.2168
8b7f742e-c38d-46fd-b6be-047672f04ed6	22	49293386	49295348	4	-1.7856
8b7f742e-c38d-46fd-b6be-047672f04ed6	22	49300926	50578924	694	-0.2531
8b7f742e-c38d-46fd-b6be-047672f04ed6	22	50586195	50796027	110	-0.118
8b7f742e-c38d-46fd-b6be-047672f04ed6	X	251810	91954079	47225	-0.0027
8b7f742e-c38d-46fd-b6be-047672f04ed6	X	91958023	91977114	8	-0.8976
8b7f742e-c38d-46fd-b6be-047672f04ed6	X	92005804	96208896	2256	0.0161
8b7f742e-c38d-46fd-b6be-047672f04ed6	X	96209736	96211593	2	-1.3928
8b7f742e-c38d-46fd-b6be-047672f04ed6	X	96211835	103553839	3895	0.0008
8b7f742e-c38d-46fd-b6be-047672f04ed6	X	103556728	103566098	8	-0.9601
8b7f742e-c38d-46fd-b6be-047672f04ed6	X	103568703	155952689	30037	0.005
8b7f742e-c38d-46fd-b6be-047672f04ed6	Y	2782397	3326047	192	-2.7857
8b7f742e-c38d-46fd-b6be-047672f04ed6	Y	3327226	6075631	527	-2.4367
8b7f742e-c38d-46fd-b6be-047672f04ed6	Y	6076562	9327138	1507	-3.0277
8b7f742e-c38d-46fd-b6be-047672f04ed6	Y	9329696	9554275	27	-4.6156
8b7f742e-c38d-46fd-b6be-047672f04ed6	Y	9554586	23586854	4194	-2.9294
8b7f742e-c38d-46fd-b6be-047672f04ed6	Y	23784615	56872112	192	-2.6708
