GDC_Aliquot	Chromosome	Start	End	Num_Probes	Segment_Mean
a17b4aa3-daf8-4750-a4e4-148e7e3e5f8e	1	62920	2950583	584	0.1194
a17b4aa3-daf8-4750-a4e4-148e7e3e5f8e	1	2951396	4830065	1268	-0.0089
a17b4aa3-daf8-4750-a4e4-148e7e3e5f8e	1	4831543	4834084	3	-1.3675
a17b4aa3-daf8-4750-a4e4-148e7e3e5f8e	1	4834890	7492401	1800	-0.0114
a17b4aa3-daf8-4750-a4e4-148e7e3e5f8e	1	7492530	7494922	2	-1.5437
a17b4aa3-daf8-4750-a4e4-148e7e3e5f8e	1	7497092	16504325	4985	0.0013
a17b4aa3-daf8-4750-a4e4-148e7e3e5f8e	1	16505368	16935752	115	0.6021
a17b4aa3-daf8-4750-a4e4-148e7e3e5f8e	1	16949746	25256850	5262	0.0015
a17b4aa3-daf8-4750-a4e4-148e7e3e5f8e	1	25266637	25320455	24	-1.6667
a17b4aa3-daf8-4750-a4e4-148e7e3e5f8e	1	25336819	29909160	2091	0.0076
a17b4aa3-daf8-4750-a4e4-148e7e3e5f8e	1	29909710	29911764	2	-1.7355
a17b4aa3-daf8-4750-a4e4-148e7e3e5f8e	1	29911805	72303233	26641	0.0002
a17b4aa3-daf8-4750-a4e4-148e7e3e5f8e	1	72303253	72345465	45	-0.9556
a17b4aa3-daf8-4750-a4e4-148e7e3e5f8e	1	72346221	103560608	19987	-0.0071
a17b4aa3-daf8-4750-a4e4-148e7e3e5f8e	1	103566616	103697364	31	0.5939
a17b4aa3-daf8-4750-a4e4-148e7e3e5f8e	1	103717410	108187137	2875	-0.0015
a17b4aa3-daf8-4750-a4e4-148e7e3e5f8e	1	108191613	108194874	3	-2.9417
a17b4aa3-daf8-4750-a4e4-148e7e3e5f8e	1	108196482	109684893	694	0.0171
a17b4aa3-daf8-4750-a4e4-148e7e3e5f8e	1	109690352	109707968	21	1.0453
a17b4aa3-daf8-4750-a4e4-148e7e3e5f8e	1	109708520	121580531	7119	0.0046
a17b4aa3-daf8-4750-a4e4-148e7e3e5f8e	1	121581632	144487217	147	0.2968
a17b4aa3-daf8-4750-a4e4-148e7e3e5f8e	1	144491166	158896783	6150	0.0125
a17b4aa3-daf8-4750-a4e4-148e7e3e5f8e	1	158898711	158899969	2	1.8237
a17b4aa3-daf8-4750-a4e4-148e7e3e5f8e	1	158905028	174827267	11181	-0.0042
a17b4aa3-daf8-4750-a4e4-148e7e3e5f8e	1	174827418	174832716	17	-1.0135
a17b4aa3-daf8-4750-a4e4-148e7e3e5f8e	1	174832734	196758720	14632	-0.005
a17b4aa3-daf8-4750-a4e4-148e7e3e5f8e	1	196761905	196832720	57	-0.5238
a17b4aa3-daf8-4750-a4e4-148e7e3e5f8e	1	196843377	248930189	35806	-0.0035
a17b4aa3-daf8-4750-a4e4-148e7e3e5f8e	2	12784	4166610	2988	0.0067
a17b4aa3-daf8-4750-a4e4-148e7e3e5f8e	2	4168820	4176105	37	0.4764
a17b4aa3-daf8-4750-a4e4-148e7e3e5f8e	2	4176135	24374359	14899	-0.0061
a17b4aa3-daf8-4750-a4e4-148e7e3e5f8e	2	24376304	24388858	24	0.4831
a17b4aa3-daf8-4750-a4e4-148e7e3e5f8e	2	24390690	52527330	19179	0.0005
a17b4aa3-daf8-4750-a4e4-148e7e3e5f8e	2	52527342	52554384	38	-0.6696
a17b4aa3-daf8-4750-a4e4-148e7e3e5f8e	2	52554404	86710564	21901	0.0023
a17b4aa3-daf8-4750-a4e4-148e7e3e5f8e	2	86725947	86726731	2	1.8389
a17b4aa3-daf8-4750-a4e4-148e7e3e5f8e	2	86743283	87476397	159	-0.0007
a17b4aa3-daf8-4750-a4e4-148e7e3e5f8e	2	87476789	87487629	2	-2.4161
a17b4aa3-daf8-4750-a4e4-148e7e3e5f8e	2	87489160	91776664	846	0.0206
a17b4aa3-daf8-4750-a4e4-148e7e3e5f8e	2	91779160	92003648	37	0.4239
a17b4aa3-daf8-4750-a4e4-148e7e3e5f8e	2	92005257	97115744	828	-0.003
a17b4aa3-daf8-4750-a4e4-148e7e3e5f8e	2	97118174	97673376	104	0.2969
a17b4aa3-daf8-4750-a4e4-148e7e3e5f8e	2	97673534	128880504	18922	0.0016
a17b4aa3-daf8-4750-a4e4-148e7e3e5f8e	2	128880904	128882741	15	-0.6162
a17b4aa3-daf8-4750-a4e4-148e7e3e5f8e	2	128882755	130036283	873	0.0157
a17b4aa3-daf8-4750-a4e4-148e7e3e5f8e	2	130036310	130116915	13	0.9855
a17b4aa3-daf8-4750-a4e4-148e7e3e5f8e	2	130117303	137023627	3909	0.0096
a17b4aa3-daf8-4750-a4e4-148e7e3e5f8e	2	137028213	137028736	2	-1.7139
a17b4aa3-daf8-4750-a4e4-148e7e3e5f8e	2	137028778	146104517	5613	0.0046
a17b4aa3-daf8-4750-a4e4-148e7e3e5f8e	2	146106836	146109366	24	0.8799
a17b4aa3-daf8-4750-a4e4-148e7e3e5f8e	2	146120238	207490614	36950	-0.0025
a17b4aa3-daf8-4750-a4e4-148e7e3e5f8e	2	207490972	207494301	12	-0.8778
a17b4aa3-daf8-4750-a4e4-148e7e3e5f8e	2	207494425	232306777	15823	-0.0034
a17b4aa3-daf8-4750-a4e4-148e7e3e5f8e	2	232307317	232454022	102	0.2291
a17b4aa3-daf8-4750-a4e4-148e7e3e5f8e	2	232455267	241546649	5971	-0.0014
a17b4aa3-daf8-4750-a4e4-148e7e3e5f8e	2	241546809	241547397	5	-1.4746
a17b4aa3-daf8-4750-a4e4-148e7e3e5f8e	2	241555977	242147305	178	0.0875
a17b4aa3-daf8-4750-a4e4-148e7e3e5f8e	3	20930	6604856	5814	0.0236
a17b4aa3-daf8-4750-a4e4-148e7e3e5f8e	3	6609441	6613391	24	-0.7033
a17b4aa3-daf8-4750-a4e4-148e7e3e5f8e	3	6613561	162794951	96895	0.0176
a17b4aa3-daf8-4750-a4e4-148e7e3e5f8e	3	162795304	162898127	62	-1.5284
a17b4aa3-daf8-4750-a4e4-148e7e3e5f8e	3	162906054	162996729	78	-0.1116
a17b4aa3-daf8-4750-a4e4-148e7e3e5f8e	3	162999939	163001774	2	-2.3444
a17b4aa3-daf8-4750-a4e4-148e7e3e5f8e	3	163008371	183626917	12523	0.0188
a17b4aa3-daf8-4750-a4e4-148e7e3e5f8e	3	183629106	184112594	238	0.1805
a17b4aa3-daf8-4750-a4e4-148e7e3e5f8e	3	184112624	193160173	6326	0.017
a17b4aa3-daf8-4750-a4e4-148e7e3e5f8e	3	193160256	193165114	18	-1.0243
a17b4aa3-daf8-4750-a4e4-148e7e3e5f8e	3	193168646	195728637	1508	0.025
a17b4aa3-daf8-4750-a4e4-148e7e3e5f8e	3	195728990	195729005	2	2.0785
a17b4aa3-daf8-4750-a4e4-148e7e3e5f8e	3	195729040	198169247	1181	0.0866
a17b4aa3-daf8-4750-a4e4-148e7e3e5f8e	4	68929	3873169	1565	0.016
a17b4aa3-daf8-4750-a4e4-148e7e3e5f8e	4	3876063	4151033	67	0.427
a17b4aa3-daf8-4750-a4e4-148e7e3e5f8e	4	4158336	9455251	3523	-0.0047
a17b4aa3-daf8-4750-a4e4-148e7e3e5f8e	4	9459504	9484440	7	1.4062
a17b4aa3-daf8-4750-a4e4-148e7e3e5f8e	4	9494650	10208766	539	0.033
a17b4aa3-daf8-4750-a4e4-148e7e3e5f8e	4	10212536	10229874	29	-1.9991
a17b4aa3-daf8-4750-a4e4-148e7e3e5f8e	4	10232590	40698556	20891	-0.003
a17b4aa3-daf8-4750-a4e4-148e7e3e5f8e	4	40701994	40702175	3	-2.033
a17b4aa3-daf8-4750-a4e4-148e7e3e5f8e	4	40702670	43867683	2071	-0.0024
a17b4aa3-daf8-4750-a4e4-148e7e3e5f8e	4	43868215	43868246	2	-1.9466
a17b4aa3-daf8-4750-a4e4-148e7e3e5f8e	4	43868569	68394833	13479	-0.0047
a17b4aa3-daf8-4750-a4e4-148e7e3e5f8e	4	68395346	68620122	82	0.5686
a17b4aa3-daf8-4750-a4e4-148e7e3e5f8e	4	68620261	69257792	316	0.0666
a17b4aa3-daf8-4750-a4e4-148e7e3e5f8e	4	69261926	69366406	56	-0.5638
a17b4aa3-daf8-4750-a4e4-148e7e3e5f8e	4	69370433	114252544	27317	-0.0026
a17b4aa3-daf8-4750-a4e4-148e7e3e5f8e	4	114254167	114261019	23	-1.0985
a17b4aa3-daf8-4750-a4e4-148e7e3e5f8e	4	114263073	137171085	13233	-0.008
a17b4aa3-daf8-4750-a4e4-148e7e3e5f8e	4	137171266	137173818	15	-2.676
a17b4aa3-daf8-4750-a4e4-148e7e3e5f8e	4	137173967	151868241	8821	-0.0027
a17b4aa3-daf8-4750-a4e4-148e7e3e5f8e	4	151868634	151871415	13	-1.1804
a17b4aa3-daf8-4750-a4e4-148e7e3e5f8e	4	151871739	155964036	2733	-0.0042
a17b4aa3-daf8-4750-a4e4-148e7e3e5f8e	4	155966920	155967367	6	-1.2895
a17b4aa3-daf8-4750-a4e4-148e7e3e5f8e	4	155969109	156046823	53	-0.0215
a17b4aa3-daf8-4750-a4e4-148e7e3e5f8e	4	156046936	156053545	16	-0.5206
a17b4aa3-daf8-4750-a4e4-148e7e3e5f8e	4	156056476	160958989	3063	-0.0111
a17b4aa3-daf8-4750-a4e4-148e7e3e5f8e	4	160959045	160963448	17	-0.8039
a17b4aa3-daf8-4750-a4e4-148e7e3e5f8e	4	160963756	190106768	19159	-0.002
a17b4aa3-daf8-4750-a4e4-148e7e3e5f8e	5	15532	698357	308	0.0609
a17b4aa3-daf8-4750-a4e4-148e7e3e5f8e	5	698390	801456	28	1.0822
a17b4aa3-daf8-4750-a4e4-148e7e3e5f8e	5	801650	28927491	19697	-0.0014
a17b4aa3-daf8-4750-a4e4-148e7e3e5f8e	5	28931861	28979556	29	-1.0774
a17b4aa3-daf8-4750-a4e4-148e7e3e5f8e	5	28985964	29305277	222	0.0002
a17b4aa3-daf8-4750-a4e4-148e7e3e5f8e	5	29307024	29311415	4	-1.2258
a17b4aa3-daf8-4750-a4e4-148e7e3e5f8e	5	29313820	46251204	10368	-0.001
a17b4aa3-daf8-4750-a4e4-148e7e3e5f8e	5	46270906	46278110	9	-1.9775
a17b4aa3-daf8-4750-a4e4-148e7e3e5f8e	5	46313245	82765591	19744	0.0001
a17b4aa3-daf8-4750-a4e4-148e7e3e5f8e	5	82768029	82768221	2	-2.409
a17b4aa3-daf8-4750-a4e4-148e7e3e5f8e	5	82771326	104515520	12189	-0.0078
a17b4aa3-daf8-4750-a4e4-148e7e3e5f8e	5	104524672	104524903	4	-1.2182
a17b4aa3-daf8-4750-a4e4-148e7e3e5f8e	5	104525348	115179175	7179	-0.0094
a17b4aa3-daf8-4750-a4e4-148e7e3e5f8e	5	115182247	115186911	8	-1.542
a17b4aa3-daf8-4750-a4e4-148e7e3e5f8e	5	115187363	140838745	16016	-0.0052
a17b4aa3-daf8-4750-a4e4-148e7e3e5f8e	5	140839137	140852254	11	-0.7397
a17b4aa3-daf8-4750-a4e4-148e7e3e5f8e	5	140861442	179641462	26075	-0.0042
a17b4aa3-daf8-4750-a4e4-148e7e3e5f8e	5	179655472	179658562	2	1.8568
a17b4aa3-daf8-4750-a4e4-148e7e3e5f8e	5	179658635	181363319	934	0.0387
a17b4aa3-daf8-4750-a4e4-148e7e3e5f8e	6	149661	344175	150	0.0469
a17b4aa3-daf8-4750-a4e4-148e7e3e5f8e	6	344268	375277	44	-0.3466
a17b4aa3-daf8-4750-a4e4-148e7e3e5f8e	6	375759	19039888	14570	-0.0019
a17b4aa3-daf8-4750-a4e4-148e7e3e5f8e	6	19041950	19042587	3	-3.7162
a17b4aa3-daf8-4750-a4e4-148e7e3e5f8e	6	19044471	29869295	6876	-0.0099
a17b4aa3-daf8-4750-a4e4-148e7e3e5f8e	6	29869410	29881490	16	-0.976
a17b4aa3-daf8-4750-a4e4-148e7e3e5f8e	6	29882419	31318528	663	0.0185
a17b4aa3-daf8-4750-a4e4-148e7e3e5f8e	6	31318754	31328674	9	-1.3301
a17b4aa3-daf8-4750-a4e4-148e7e3e5f8e	6	31342147	32641650	557	0.0403
a17b4aa3-daf8-4750-a4e4-148e7e3e5f8e	6	32656527	32658160	5	1.9557
a17b4aa3-daf8-4750-a4e4-148e7e3e5f8e	6	32658841	32718419	37	0.0653
a17b4aa3-daf8-4750-a4e4-148e7e3e5f8e	6	32720838	32723053	11	1.163
a17b4aa3-daf8-4750-a4e4-148e7e3e5f8e	6	32732907	54066269	13649	-0.0008
a17b4aa3-daf8-4750-a4e4-148e7e3e5f8e	6	54066286	54067057	8	-1.2215
a17b4aa3-daf8-4750-a4e4-148e7e3e5f8e	6	54070550	64627049	4225	0.0112
a17b4aa3-daf8-4750-a4e4-148e7e3e5f8e	6	64637651	64639099	2	-2.1416
a17b4aa3-daf8-4750-a4e4-148e7e3e5f8e	6	64640883	78261995	8936	-0.0087
a17b4aa3-daf8-4750-a4e4-148e7e3e5f8e	6	78262064	78331916	111	0.3276
a17b4aa3-daf8-4750-a4e4-148e7e3e5f8e	6	78332002	167931668	57802	-0.0062
a17b4aa3-daf8-4750-a4e4-148e7e3e5f8e	6	167931773	168195239	179	0.6541
a17b4aa3-daf8-4750-a4e4-148e7e3e5f8e	6	168196562	170741917	1680	0.0259
a17b4aa3-daf8-4750-a4e4-148e7e3e5f8e	7	43355	6799093	3420	0.0348
a17b4aa3-daf8-4750-a4e4-148e7e3e5f8e	7	6814479	7001276	60	0.3987
a17b4aa3-daf8-4750-a4e4-148e7e3e5f8e	7	7002087	39037797	24534	0.019
a17b4aa3-daf8-4750-a4e4-148e7e3e5f8e	7	39037805	39039873	2	-2.1473
a17b4aa3-daf8-4750-a4e4-148e7e3e5f8e	7	39040000	54318812	10454	0.0151
a17b4aa3-daf8-4750-a4e4-148e7e3e5f8e	7	54318816	54318824	5	2.6718
a17b4aa3-daf8-4750-a4e4-148e7e3e5f8e	7	54325795	56718152	1574	0.031
a17b4aa3-daf8-4750-a4e4-148e7e3e5f8e	7	56718707	64311471	1059	0.1462
a17b4aa3-daf8-4750-a4e4-148e7e3e5f8e	7	64312191	75721820	5331	0.0355
a17b4aa3-daf8-4750-a4e4-148e7e3e5f8e	7	75724865	75734920	8	0.8788
a17b4aa3-daf8-4750-a4e4-148e7e3e5f8e	7	75745339	76131273	169	0.0234
a17b4aa3-daf8-4750-a4e4-148e7e3e5f8e	7	76133566	76173526	18	0.7014
a17b4aa3-daf8-4750-a4e4-148e7e3e5f8e	7	76181155	104466718	16783	0.0164
a17b4aa3-daf8-4750-a4e4-148e7e3e5f8e	7	104466988	104467154	2	-2.0006
a17b4aa3-daf8-4750-a4e4-148e7e3e5f8e	7	104467488	105945794	988	0.0085
a17b4aa3-daf8-4750-a4e4-148e7e3e5f8e	7	105945883	105947907	9	-0.8163
a17b4aa3-daf8-4750-a4e4-148e7e3e5f8e	7	105948193	109797036	2499	0.0205
a17b4aa3-daf8-4750-a4e4-148e7e3e5f8e	7	109797037	109797715	13	-0.64
a17b4aa3-daf8-4750-a4e4-148e7e3e5f8e	7	109797717	109801155	9	0.0235
a17b4aa3-daf8-4750-a4e4-148e7e3e5f8e	7	109801187	109813853	11	-1.6047
a17b4aa3-daf8-4750-a4e4-148e7e3e5f8e	7	109813925	116294646	3896	0.0199
a17b4aa3-daf8-4750-a4e4-148e7e3e5f8e	7	116294957	116301003	3	-1.9366
a17b4aa3-daf8-4750-a4e4-148e7e3e5f8e	7	116301498	126404920	6119	0.0162
a17b4aa3-daf8-4750-a4e4-148e7e3e5f8e	7	126405428	126406822	13	-1.079
a17b4aa3-daf8-4750-a4e4-148e7e3e5f8e	7	126406823	141303245	9435	0.0263
a17b4aa3-daf8-4750-a4e4-148e7e3e5f8e	7	141304226	141304510	2	-2.7176
a17b4aa3-daf8-4750-a4e4-148e7e3e5f8e	7	141304666	159334314	11378	0.0324
a17b4aa3-daf8-4750-a4e4-148e7e3e5f8e	8	81254	3926665	3353	0.012
a17b4aa3-daf8-4750-a4e4-148e7e3e5f8e	8	3929538	3932584	24	-0.596
a17b4aa3-daf8-4750-a4e4-148e7e3e5f8e	8	3933696	7078298	4322	0.0076
a17b4aa3-daf8-4750-a4e4-148e7e3e5f8e	8	7078421	8237241	103	0.3683
a17b4aa3-daf8-4750-a4e4-148e7e3e5f8e	8	8245003	12134777	3218	0.0109
a17b4aa3-daf8-4750-a4e4-148e7e3e5f8e	8	12139586	12177488	5	1.413
a17b4aa3-daf8-4750-a4e4-148e7e3e5f8e	8	12323772	12788880	141	0.1144
a17b4aa3-daf8-4750-a4e4-148e7e3e5f8e	8	12791219	12795017	4	-1.4691
a17b4aa3-daf8-4750-a4e4-148e7e3e5f8e	8	12796024	14426755	1625	-0.0023
a17b4aa3-daf8-4750-a4e4-148e7e3e5f8e	8	14427181	14428681	3	-1.5474
a17b4aa3-daf8-4750-a4e4-148e7e3e5f8e	8	14428696	25117007	8674	-0.0035
a17b4aa3-daf8-4750-a4e4-148e7e3e5f8e	8	25117062	25126818	24	0.7668
a17b4aa3-daf8-4750-a4e4-148e7e3e5f8e	8	25133589	43923771	11648	0.0023
a17b4aa3-daf8-4750-a4e4-148e7e3e5f8e	8	43925152	46499689	126	0.2765
a17b4aa3-daf8-4750-a4e4-148e7e3e5f8e	8	46500936	61925502	9701	-0.0034
a17b4aa3-daf8-4750-a4e4-148e7e3e5f8e	8	61925593	61927357	3	-1.7669
a17b4aa3-daf8-4750-a4e4-148e7e3e5f8e	8	61927924	111282852	29588	-0.0057
a17b4aa3-daf8-4750-a4e4-148e7e3e5f8e	8	111282973	111283016	2	-2.1666
a17b4aa3-daf8-4750-a4e4-148e7e3e5f8e	8	111283031	140561960	20902	-0.008
a17b4aa3-daf8-4750-a4e4-148e7e3e5f8e	8	140562068	145072769	2015	0.0669
a17b4aa3-daf8-4750-a4e4-148e7e3e5f8e	9	46587	22492890	19829	0.0034
a17b4aa3-daf8-4750-a4e4-148e7e3e5f8e	9	22501914	22502700	2	-4.2079
a17b4aa3-daf8-4750-a4e4-148e7e3e5f8e	9	22509341	38787496	11266	-0.009
a17b4aa3-daf8-4750-a4e4-148e7e3e5f8e	9	38796110	40018947	75	0.5321
a17b4aa3-daf8-4750-a4e4-148e7e3e5f8e	9	40099591	41324592	60	0.0519
a17b4aa3-daf8-4750-a4e4-148e7e3e5f8e	9	41388367	41639988	26	0.4754
a17b4aa3-daf8-4750-a4e4-148e7e3e5f8e	9	41644133	42501791	47	0.8032
a17b4aa3-daf8-4750-a4e4-148e7e3e5f8e	9	42524983	42585140	5	0.3332
a17b4aa3-daf8-4750-a4e4-148e7e3e5f8e	9	42697878	42720266	11	-0.6118
a17b4aa3-daf8-4750-a4e4-148e7e3e5f8e	9	42726239	68318441	240	0.2957
a17b4aa3-daf8-4750-a4e4-148e7e3e5f8e	9	68325679	135330996	46825	-0.0063
a17b4aa3-daf8-4750-a4e4-148e7e3e5f8e	9	135334696	135507394	105	0.2227
a17b4aa3-daf8-4750-a4e4-148e7e3e5f8e	9	135507503	138200944	985	-0.003
a17b4aa3-daf8-4750-a4e4-148e7e3e5f8e	10	45792	30962419	24221	0.0327
a17b4aa3-daf8-4750-a4e4-148e7e3e5f8e	10	30962594	30962809	8	-1.0434
a17b4aa3-daf8-4750-a4e4-148e7e3e5f8e	10	30962850	46632302	7483	0.0332
a17b4aa3-daf8-4750-a4e4-148e7e3e5f8e	10	46657149	46898735	12	0.7425
a17b4aa3-daf8-4750-a4e4-148e7e3e5f8e	10	46901552	50070600	1679	0.0308
a17b4aa3-daf8-4750-a4e4-148e7e3e5f8e	10	50081224	50132160	4	-2.0477
a17b4aa3-daf8-4750-a4e4-148e7e3e5f8e	10	50144008	92356618	28923	0.0312
a17b4aa3-daf8-4750-a4e4-148e7e3e5f8e	10	92356920	92697907	134	0.259
a17b4aa3-daf8-4750-a4e4-148e7e3e5f8e	10	92702502	93542025	556	0.0309
a17b4aa3-daf8-4750-a4e4-148e7e3e5f8e	10	93543277	93543658	6	-0.8982
a17b4aa3-daf8-4750-a4e4-148e7e3e5f8e	10	93544105	96021025	1458	0.0382
a17b4aa3-daf8-4750-a4e4-148e7e3e5f8e	10	96021148	96021459	3	-1.5297
a17b4aa3-daf8-4750-a4e4-148e7e3e5f8e	10	96023610	133654968	26162	0.0299
a17b4aa3-daf8-4750-a4e4-148e7e3e5f8e	11	198510	21762423	15248	0
a17b4aa3-daf8-4750-a4e4-148e7e3e5f8e	11	21764067	21764322	5	-1.7903
a17b4aa3-daf8-4750-a4e4-148e7e3e5f8e	11	21774303	64981558	24432	0.0021
a17b4aa3-daf8-4750-a4e4-148e7e3e5f8e	11	64985486	65903039	364	0.1689
a17b4aa3-daf8-4750-a4e4-148e7e3e5f8e	11	65906669	67675190	678	0.0155
a17b4aa3-daf8-4750-a4e4-148e7e3e5f8e	11	67687503	67981787	86	0.3168
a17b4aa3-daf8-4750-a4e4-148e7e3e5f8e	11	67981851	81786865	8277	0.0002
a17b4aa3-daf8-4750-a4e4-148e7e3e5f8e	11	81787763	81806116	12	-0.7684
a17b4aa3-daf8-4750-a4e4-148e7e3e5f8e	11	81811590	134731118	37408	-0.0007
a17b4aa3-daf8-4750-a4e4-148e7e3e5f8e	11	134731897	134740846	11	-1.0208
a17b4aa3-daf8-4750-a4e4-148e7e3e5f8e	11	134744086	135074876	274	0.0588
a17b4aa3-daf8-4750-a4e4-148e7e3e5f8e	12	51460	760032	417	0.0765
a17b4aa3-daf8-4750-a4e4-148e7e3e5f8e	12	760097	764863	16	-0.708
a17b4aa3-daf8-4750-a4e4-148e7e3e5f8e	12	766188	8182301	5097	0.0095
a17b4aa3-daf8-4750-a4e4-148e7e3e5f8e	12	8191365	8449386	88	0.3471
a17b4aa3-daf8-4750-a4e4-148e7e3e5f8e	12	8449758	9481274	553	-0.0077
a17b4aa3-daf8-4750-a4e4-148e7e3e5f8e	12	9485313	9562969	22	-1.3483
a17b4aa3-daf8-4750-a4e4-148e7e3e5f8e	12	9575696	11074314	1042	0.0008
a17b4aa3-daf8-4750-a4e4-148e7e3e5f8e	12	11078856	11088933	6	-1.3128
a17b4aa3-daf8-4750-a4e4-148e7e3e5f8e	12	11099275	11351157	131	-0.0486
a17b4aa3-daf8-4750-a4e4-148e7e3e5f8e	12	11358643	11399258	32	0.891
a17b4aa3-daf8-4750-a4e4-148e7e3e5f8e	12	11399668	22086364	7260	0.0021
a17b4aa3-daf8-4750-a4e4-148e7e3e5f8e	12	22090581	22090627	2	-1.8123
a17b4aa3-daf8-4750-a4e4-148e7e3e5f8e	12	22090727	33141688	8105	0.0025
a17b4aa3-daf8-4750-a4e4-148e7e3e5f8e	12	33141710	33154440	29	-0.5774
a17b4aa3-daf8-4750-a4e4-148e7e3e5f8e	12	33155426	34047018	552	0.0064
a17b4aa3-daf8-4750-a4e4-148e7e3e5f8e	12	34047080	38168632	409	0.1805
a17b4aa3-daf8-4750-a4e4-148e7e3e5f8e	12	38170487	39053905	498	-0.0326
a17b4aa3-daf8-4750-a4e4-148e7e3e5f8e	12	39054866	39054870	2	1.989
a17b4aa3-daf8-4750-a4e4-148e7e3e5f8e	12	39056689	90089573	31357	-0.0024
a17b4aa3-daf8-4750-a4e4-148e7e3e5f8e	12	90097892	90098297	7	-1.1711
a17b4aa3-daf8-4750-a4e4-148e7e3e5f8e	12	90099780	128975414	26303	-0.0023
a17b4aa3-daf8-4750-a4e4-148e7e3e5f8e	12	128976792	128977386	2	-1.8274
a17b4aa3-daf8-4750-a4e4-148e7e3e5f8e	12	128978936	133201603	2879	0.0211
a17b4aa3-daf8-4750-a4e4-148e7e3e5f8e	13	18452809	19457013	482	0.0407
a17b4aa3-daf8-4750-a4e4-148e7e3e5f8e	13	19463831	19988980	252	0.1741
a17b4aa3-daf8-4750-a4e4-148e7e3e5f8e	13	19989089	31963188	8833	0.0149
a17b4aa3-daf8-4750-a4e4-148e7e3e5f8e	13	31963471	31964286	10	-1.158
a17b4aa3-daf8-4750-a4e4-148e7e3e5f8e	13	31965910	37502150	3905	-0.0012
a17b4aa3-daf8-4750-a4e4-148e7e3e5f8e	13	37502163	37510595	9	-1.1077
a17b4aa3-daf8-4750-a4e4-148e7e3e5f8e	13	37510620	52520664	9900	0.0139
a17b4aa3-daf8-4750-a4e4-148e7e3e5f8e	13	52523849	52531650	3	-1.6498
a17b4aa3-daf8-4750-a4e4-148e7e3e5f8e	13	52543744	114342922	40717	0.0109
a17b4aa3-daf8-4750-a4e4-148e7e3e5f8e	14	18239283	19732222	66	0.0667
a17b4aa3-daf8-4750-a4e4-148e7e3e5f8e	14	19732250	19954424	98	-0.3985
a17b4aa3-daf8-4750-a4e4-148e7e3e5f8e	14	19955213	69551330	31435	-0.005
a17b4aa3-daf8-4750-a4e4-148e7e3e5f8e	14	69551651	69555582	6	-1.1015
a17b4aa3-daf8-4750-a4e4-148e7e3e5f8e	14	69555597	105731651	23298	-0.0011
a17b4aa3-daf8-4750-a4e4-148e7e3e5f8e	14	105733039	106258891	171	0.0873
a17b4aa3-daf8-4750-a4e4-148e7e3e5f8e	14	106260759	106266923	7	0.8888
a17b4aa3-daf8-4750-a4e4-148e7e3e5f8e	14	106271566	106588166	166	0.1479
a17b4aa3-daf8-4750-a4e4-148e7e3e5f8e	14	106588754	106877229	142	-0.0053
a17b4aa3-daf8-4750-a4e4-148e7e3e5f8e	15	19811075	19998708	44	0.1822
a17b4aa3-daf8-4750-a4e4-148e7e3e5f8e	15	20001686	21975606	132	0.7437
a17b4aa3-daf8-4750-a4e4-148e7e3e5f8e	15	21997003	30252720	4662	0.0206
a17b4aa3-daf8-4750-a4e4-148e7e3e5f8e	15	30253290	30259942	3	-2.3327
a17b4aa3-daf8-4750-a4e4-148e7e3e5f8e	15	30269364	30595753	21	-0.509
a17b4aa3-daf8-4750-a4e4-148e7e3e5f8e	15	30608675	31657666	671	0.0383
a17b4aa3-daf8-4750-a4e4-148e7e3e5f8e	15	31657945	32520328	405	0.1115
a17b4aa3-daf8-4750-a4e4-148e7e3e5f8e	15	32565281	53902792	13477	-0.0015
a17b4aa3-daf8-4750-a4e4-148e7e3e5f8e	15	53908153	53909163	2	-2.0911
a17b4aa3-daf8-4750-a4e4-148e7e3e5f8e	15	53912031	76598900	14483	-0.0025
a17b4aa3-daf8-4750-a4e4-148e7e3e5f8e	15	76599170	76603434	21	-1.5676
a17b4aa3-daf8-4750-a4e4-148e7e3e5f8e	15	76609838	83871965	4413	-0.0059
a17b4aa3-daf8-4750-a4e4-148e7e3e5f8e	15	83871986	83874650	4	-1.3777
a17b4aa3-daf8-4750-a4e4-148e7e3e5f8e	15	83874673	92222525	5770	0.0115
a17b4aa3-daf8-4750-a4e4-148e7e3e5f8e	15	92222644	92223064	3	1.4365
a17b4aa3-daf8-4750-a4e4-148e7e3e5f8e	15	92223528	101928837	7422	0.002
a17b4aa3-daf8-4750-a4e4-148e7e3e5f8e	16	10777	14676775	11092	0.025
a17b4aa3-daf8-4750-a4e4-148e7e3e5f8e	16	14683536	17692760	1381	0.1029
a17b4aa3-daf8-4750-a4e4-148e7e3e5f8e	16	17692793	21352084	1910	0.0221
a17b4aa3-daf8-4750-a4e4-148e7e3e5f8e	16	21352501	22764448	523	0.1523
a17b4aa3-daf8-4750-a4e4-148e7e3e5f8e	16	22765261	27064073	3078	0.0143
a17b4aa3-daf8-4750-a4e4-148e7e3e5f8e	16	27064367	27064609	6	-1.157
a17b4aa3-daf8-4750-a4e4-148e7e3e5f8e	16	27065588	74350360	20031	0.0216
a17b4aa3-daf8-4750-a4e4-148e7e3e5f8e	16	74363160	74431616	11	-0.7041
a17b4aa3-daf8-4750-a4e4-148e7e3e5f8e	16	74432668	82744486	8027	0.0224
a17b4aa3-daf8-4750-a4e4-148e7e3e5f8e	16	82748061	82748594	2	-1.852
a17b4aa3-daf8-4750-a4e4-148e7e3e5f8e	16	82748937	83162346	500	0.0333
a17b4aa3-daf8-4750-a4e4-148e7e3e5f8e	16	83162620	83175693	18	-0.9002
a17b4aa3-daf8-4750-a4e4-148e7e3e5f8e	16	83177351	84023531	1029	0.0141
a17b4aa3-daf8-4750-a4e4-148e7e3e5f8e	16	84023966	84900412	785	0.1274
a17b4aa3-daf8-4750-a4e4-148e7e3e5f8e	16	84903681	88449971	2781	0.024
a17b4aa3-daf8-4750-a4e4-148e7e3e5f8e	16	88450013	90096867	691	0.1393
a17b4aa3-daf8-4750-a4e4-148e7e3e5f8e	17	150733	18452078	11384	0.0277
a17b4aa3-daf8-4750-a4e4-148e7e3e5f8e	17	18455632	18592992	29	0.7487
a17b4aa3-daf8-4750-a4e4-148e7e3e5f8e	17	18593989	22736323	1473	0.048
a17b4aa3-daf8-4750-a4e4-148e7e3e5f8e	17	26943491	27135382	83	-0.8213
a17b4aa3-daf8-4750-a4e4-148e7e3e5f8e	17	27139741	41262120	7829	0.0251
a17b4aa3-daf8-4750-a4e4-148e7e3e5f8e	17	41265433	41271838	18	1.5732
a17b4aa3-daf8-4750-a4e4-148e7e3e5f8e	17	41271890	46136800	2545	0.0342
a17b4aa3-daf8-4750-a4e4-148e7e3e5f8e	17	46137998	46286804	87	-0.322
a17b4aa3-daf8-4750-a4e4-148e7e3e5f8e	17	46323701	53640545	4074	0.0173
a17b4aa3-daf8-4750-a4e4-148e7e3e5f8e	17	53649631	53649820	2	-2.9036
a17b4aa3-daf8-4750-a4e4-148e7e3e5f8e	17	53651183	57610128	2932	0.0159
a17b4aa3-daf8-4750-a4e4-148e7e3e5f8e	17	57610972	57614632	3	-1.8206
a17b4aa3-daf8-4750-a4e4-148e7e3e5f8e	17	57616251	73738183	9721	0.0118
a17b4aa3-daf8-4750-a4e4-148e7e3e5f8e	17	73739165	74608946	585	0.1311
a17b4aa3-daf8-4750-a4e4-148e7e3e5f8e	17	74612533	78285287	1930	0.0195
a17b4aa3-daf8-4750-a4e4-148e7e3e5f8e	17	78286051	78290662	3	1.5685
a17b4aa3-daf8-4750-a4e4-148e7e3e5f8e	17	78291927	83091923	2319	0.0377
a17b4aa3-daf8-4750-a4e4-148e7e3e5f8e	18	48133	2276469	1625	0.0191
a17b4aa3-daf8-4750-a4e4-148e7e3e5f8e	18	2276758	2276913	2	-3.104
a17b4aa3-daf8-4750-a4e4-148e7e3e5f8e	18	2278776	14101472	8410	-0.0224
a17b4aa3-daf8-4750-a4e4-148e7e3e5f8e	18	14104214	20985841	374	0.1289
a17b4aa3-daf8-4750-a4e4-148e7e3e5f8e	18	20986206	42476604	13602	-0.0108
a17b4aa3-daf8-4750-a4e4-148e7e3e5f8e	18	42476636	42477506	23	-0.6158
a17b4aa3-daf8-4750-a4e4-148e7e3e5f8e	18	42477802	50124430	5119	-0.0154
a17b4aa3-daf8-4750-a4e4-148e7e3e5f8e	18	50124476	50158844	25	0.6626
a17b4aa3-daf8-4750-a4e4-148e7e3e5f8e	18	50159145	66239629	11268	-0.0085
a17b4aa3-daf8-4750-a4e4-148e7e3e5f8e	18	66240197	66244124	9	-0.8229
a17b4aa3-daf8-4750-a4e4-148e7e3e5f8e	18	66244352	80257174	10266	-0.0065
a17b4aa3-daf8-4750-a4e4-148e7e3e5f8e	19	90910	5506648	1591	0.0158
a17b4aa3-daf8-4750-a4e4-148e7e3e5f8e	19	5510228	5510642	3	-1.8776
a17b4aa3-daf8-4750-a4e4-148e7e3e5f8e	19	5510689	19672823	6884	-0.0071
a17b4aa3-daf8-4750-a4e4-148e7e3e5f8e	19	19676473	21074007	809	0.1586
a17b4aa3-daf8-4750-a4e4-148e7e3e5f8e	19	21074082	52366799	15980	0.0055
a17b4aa3-daf8-4750-a4e4-148e7e3e5f8e	19	52368412	52982493	413	0.1271
a17b4aa3-daf8-4750-a4e4-148e7e3e5f8e	19	52982662	53552181	448	0.0412
a17b4aa3-daf8-4750-a4e4-148e7e3e5f8e	19	53553817	53871273	198	0.2564
a17b4aa3-daf8-4750-a4e4-148e7e3e5f8e	19	53872572	58586487	2776	0.0137
a17b4aa3-daf8-4750-a4e4-148e7e3e5f8e	20	80664	1580353	1204	0.0396
a17b4aa3-daf8-4750-a4e4-148e7e3e5f8e	20	1580934	1613247	41	1.4717
a17b4aa3-daf8-4750-a4e4-148e7e3e5f8e	20	1617300	63598636	40823	-0.0012
a17b4aa3-daf8-4750-a4e4-148e7e3e5f8e	20	63598754	64324800	305	0.1498
a17b4aa3-daf8-4750-a4e4-148e7e3e5f8e	21	10354168	10427776	12	0.8416
a17b4aa3-daf8-4750-a4e4-148e7e3e5f8e	21	10448914	10568903	42	0.1609
a17b4aa3-daf8-4750-a4e4-148e7e3e5f8e	21	10569525	10638732	25	0.841
a17b4aa3-daf8-4750-a4e4-148e7e3e5f8e	21	10641372	13291782	58	0.31
a17b4aa3-daf8-4750-a4e4-148e7e3e5f8e	21	13292006	46624451	23682	0.0152
a17b4aa3-daf8-4750-a4e4-148e7e3e5f8e	21	46624683	46677045	43	0.2373
a17b4aa3-daf8-4750-a4e4-148e7e3e5f8e	22	15294547	18144230	1115	0.0133
a17b4aa3-daf8-4750-a4e4-148e7e3e5f8e	22	18146179	24475815	3535	0.0812
a17b4aa3-daf8-4750-a4e4-148e7e3e5f8e	22	24480832	25265731	565	-0.0336
a17b4aa3-daf8-4750-a4e4-148e7e3e5f8e	22	25268018	25522742	283	-0.7381
a17b4aa3-daf8-4750-a4e4-148e7e3e5f8e	22	25526375	38894915	9695	-0.0033
a17b4aa3-daf8-4750-a4e4-148e7e3e5f8e	22	38899250	38900899	3	-2.7774
a17b4aa3-daf8-4750-a4e4-148e7e3e5f8e	22	38903109	38904043	2	0.5099
a17b4aa3-daf8-4750-a4e4-148e7e3e5f8e	22	38904200	38967760	40	0.0442
a17b4aa3-daf8-4750-a4e4-148e7e3e5f8e	22	38967967	38979302	20	0.5016
a17b4aa3-daf8-4750-a4e4-148e7e3e5f8e	22	38993700	49292419	7200	-0.0031
a17b4aa3-daf8-4750-a4e4-148e7e3e5f8e	22	49292478	50796027	813	0.1072
a17b4aa3-daf8-4750-a4e4-148e7e3e5f8e	X	251810	8403547	4352	0.0011
a17b4aa3-daf8-4750-a4e4-148e7e3e5f8e	X	8405028	8406681	3	-4.0327
a17b4aa3-daf8-4750-a4e4-148e7e3e5f8e	X	8406894	155952689	79120	0.012
a17b4aa3-daf8-4750-a4e4-148e7e3e5f8e	Y	2782397	56872112	6634	-0.9963
