GDC_Aliquot	Chromosome	Start	End	Num_Probes	Segment_Mean
b259ee63-6c5a-4bb3-bff6-0c56665c3877	1	62920	1027290	75	-0.0402
b259ee63-6c5a-4bb3-bff6-0c56665c3877	1	1027305	1696979	137	0.1096
b259ee63-6c5a-4bb3-bff6-0c56665c3877	1	1710664	1731957	10	0.8892
b259ee63-6c5a-4bb3-bff6-0c56665c3877	1	1732392	3320610	538	0.0647
b259ee63-6c5a-4bb3-bff6-0c56665c3877	1	3320645	15822848	7578	-0.0466
b259ee63-6c5a-4bb3-bff6-0c56665c3877	1	15823420	15828515	11	0.6073
b259ee63-6c5a-4bb3-bff6-0c56665c3877	1	15839166	25256800	5670	-0.0484
b259ee63-6c5a-4bb3-bff6-0c56665c3877	1	25256850	25320198	23	0.4496
b259ee63-6c5a-4bb3-bff6-0c56665c3877	1	25320253	30268649	2398	-0.0478
b259ee63-6c5a-4bb3-bff6-0c56665c3877	1	30268809	30272363	3	1.3265
b259ee63-6c5a-4bb3-bff6-0c56665c3877	1	30274729	72303233	26337	-0.0417
b259ee63-6c5a-4bb3-bff6-0c56665c3877	1	72303253	72345465	45	-0.9529
b259ee63-6c5a-4bb3-bff6-0c56665c3877	1	72346221	75585159	1929	-0.0253
b259ee63-6c5a-4bb3-bff6-0c56665c3877	1	75589078	75589169	2	-2.3409
b259ee63-6c5a-4bb3-bff6-0c56665c3877	1	75593824	107111363	20112	-0.0325
b259ee63-6c5a-4bb3-bff6-0c56665c3877	1	107111598	107120873	12	-0.9448
b259ee63-6c5a-4bb3-bff6-0c56665c3877	1	107122811	108187137	847	-0.033
b259ee63-6c5a-4bb3-bff6-0c56665c3877	1	108191613	108192255	2	-1.1448
b259ee63-6c5a-4bb3-bff6-0c56665c3877	1	108194874	109684893	696	-0.0313
b259ee63-6c5a-4bb3-bff6-0c56665c3877	1	109690352	109690949	6	-0.7628
b259ee63-6c5a-4bb3-bff6-0c56665c3877	1	109691609	112147626	1956	-0.0282
b259ee63-6c5a-4bb3-bff6-0c56665c3877	1	112147704	112163438	28	-0.4694
b259ee63-6c5a-4bb3-bff6-0c56665c3877	1	112163440	143547211	5172	-0.0334
b259ee63-6c5a-4bb3-bff6-0c56665c3877	1	143547226	143748012	88	0.1975
b259ee63-6c5a-4bb3-bff6-0c56665c3877	1	143748074	143760271	20	0.8673
b259ee63-6c5a-4bb3-bff6-0c56665c3877	1	143762042	152583051	2321	-0.0241
b259ee63-6c5a-4bb3-bff6-0c56665c3877	1	152583230	152613242	29	0.5125
b259ee63-6c5a-4bb3-bff6-0c56665c3877	1	152613641	152787202	172	-0.0327
b259ee63-6c5a-4bb3-bff6-0c56665c3877	1	152789447	152806050	41	0.2852
b259ee63-6c5a-4bb3-bff6-0c56665c3877	1	152806082	196742057	29446	-0.0382
b259ee63-6c5a-4bb3-bff6-0c56665c3877	1	196745692	196843400	62	0.3764
b259ee63-6c5a-4bb3-bff6-0c56665c3877	1	196846661	197084264	143	0.0599
b259ee63-6c5a-4bb3-bff6-0c56665c3877	1	197085534	243143622	31953	-0.0397
b259ee63-6c5a-4bb3-bff6-0c56665c3877	1	243144364	243187175	14	0.5742
b259ee63-6c5a-4bb3-bff6-0c56665c3877	1	243189078	247704953	3021	-0.0395
b259ee63-6c5a-4bb3-bff6-0c56665c3877	1	247708106	248574146	506	0.0501
b259ee63-6c5a-4bb3-bff6-0c56665c3877	1	248585893	248631988	30	-0.4947
b259ee63-6c5a-4bb3-bff6-0c56665c3877	1	248633821	248930189	143	0.0103
b259ee63-6c5a-4bb3-bff6-0c56665c3877	2	12784	34466002	24083	-0.0311
b259ee63-6c5a-4bb3-bff6-0c56665c3877	2	34474248	34512096	46	0.7963
b259ee63-6c5a-4bb3-bff6-0c56665c3877	2	34512489	40105711	4031	-0.0312
b259ee63-6c5a-4bb3-bff6-0c56665c3877	2	40108270	40109500	4	-1.9689
b259ee63-6c5a-4bb3-bff6-0c56665c3877	2	40110927	52531652	8979	-0.034
b259ee63-6c5a-4bb3-bff6-0c56665c3877	2	52531677	52563002	32	0.3837
b259ee63-6c5a-4bb3-bff6-0c56665c3877	2	52563355	97359885	23833	-0.0285
b259ee63-6c5a-4bb3-bff6-0c56665c3877	2	97524284	97570839	18	0.488
b259ee63-6c5a-4bb3-bff6-0c56665c3877	2	97573686	127084661	17916	-0.0299
b259ee63-6c5a-4bb3-bff6-0c56665c3877	2	127084748	127100370	12	0.615
b259ee63-6c5a-4bb3-bff6-0c56665c3877	2	127101070	128880504	1028	-0.0482
b259ee63-6c5a-4bb3-bff6-0c56665c3877	2	128880904	128882723	14	-0.5919
b259ee63-6c5a-4bb3-bff6-0c56665c3877	2	128882741	130450544	983	-0.0208
b259ee63-6c5a-4bb3-bff6-0c56665c3877	2	130454138	130539652	7	0.679
b259ee63-6c5a-4bb3-bff6-0c56665c3877	2	130560276	146104517	9424	-0.0279
b259ee63-6c5a-4bb3-bff6-0c56665c3877	2	146106836	146109366	24	-1.3999
b259ee63-6c5a-4bb3-bff6-0c56665c3877	2	146120238	161319533	9233	-0.028
b259ee63-6c5a-4bb3-bff6-0c56665c3877	2	161328018	161334424	3	-1.2329
b259ee63-6c5a-4bb3-bff6-0c56665c3877	2	161335370	163780342	1353	-0.0328
b259ee63-6c5a-4bb3-bff6-0c56665c3877	2	163786978	163788616	5	-1.2783
b259ee63-6c5a-4bb3-bff6-0c56665c3877	2	163790132	179553484	9898	-0.0324
b259ee63-6c5a-4bb3-bff6-0c56665c3877	2	179553606	179557394	28	-0.8475
b259ee63-6c5a-4bb3-bff6-0c56665c3877	2	179557410	241538954	38348	-0.0304
b259ee63-6c5a-4bb3-bff6-0c56665c3877	2	241543138	242065217	141	0.1185
b259ee63-6c5a-4bb3-bff6-0c56665c3877	2	242065243	242147305	44	-0.0586
b259ee63-6c5a-4bb3-bff6-0c56665c3877	3	20930	243604	201	-0.04
b259ee63-6c5a-4bb3-bff6-0c56665c3877	3	243633	244100	4	-1.4973
b259ee63-6c5a-4bb3-bff6-0c56665c3877	3	244187	6604856	5612	-0.0292
b259ee63-6c5a-4bb3-bff6-0c56665c3877	3	6609441	6611427	19	-0.7903
b259ee63-6c5a-4bb3-bff6-0c56665c3877	3	6611461	90329544	55003	-0.0366
b259ee63-6c5a-4bb3-bff6-0c56665c3877	3	90345433	99218940	2857	0.0837
b259ee63-6c5a-4bb3-bff6-0c56665c3877	3	99225614	99230212	27	-0.5163
b259ee63-6c5a-4bb3-bff6-0c56665c3877	3	99230225	132270486	20192	0.0834
b259ee63-6c5a-4bb3-bff6-0c56665c3877	3	132270503	132276840	5	-1.3007
b259ee63-6c5a-4bb3-bff6-0c56665c3877	3	132281633	143566923	6925	0.0782
b259ee63-6c5a-4bb3-bff6-0c56665c3877	3	143566958	143567132	4	1.2443
b259ee63-6c5a-4bb3-bff6-0c56665c3877	3	143567959	149245189	3534	0.0812
b259ee63-6c5a-4bb3-bff6-0c56665c3877	3	149245608	149250334	25	-0.6337
b259ee63-6c5a-4bb3-bff6-0c56665c3877	3	149253293	161797809	7658	0.0834
b259ee63-6c5a-4bb3-bff6-0c56665c3877	3	161797839	161797861	2	1.3707
b259ee63-6c5a-4bb3-bff6-0c56665c3877	3	161798156	162790480	675	0.1001
b259ee63-6c5a-4bb3-bff6-0c56665c3877	3	162794869	162908207	70	-1.4194
b259ee63-6c5a-4bb3-bff6-0c56665c3877	3	162908784	189642965	16668	0.084
b259ee63-6c5a-4bb3-bff6-0c56665c3877	3	189645889	189653199	12	-2.7472
b259ee63-6c5a-4bb3-bff6-0c56665c3877	3	189653225	193156958	2485	0.0769
b259ee63-6c5a-4bb3-bff6-0c56665c3877	3	193160113	193165114	20	0.7819
b259ee63-6c5a-4bb3-bff6-0c56665c3877	3	193168646	195673928	1486	0.0789
b259ee63-6c5a-4bb3-bff6-0c56665c3877	3	195683075	195752877	44	0.4202
b259ee63-6c5a-4bb3-bff6-0c56665c3877	3	195754940	198125948	1157	0.0889
b259ee63-6c5a-4bb3-bff6-0c56665c3877	3	198142659	198169247	5	-0.3716
b259ee63-6c5a-4bb3-bff6-0c56665c3877	4	68929	10208766	5705	-0.0358
b259ee63-6c5a-4bb3-bff6-0c56665c3877	4	10221792	10229874	28	-2.0483
b259ee63-6c5a-4bb3-bff6-0c56665c3877	4	10232590	10233644	7	-0.7392
b259ee63-6c5a-4bb3-bff6-0c56665c3877	4	10234518	34777432	16970	-0.0364
b259ee63-6c5a-4bb3-bff6-0c56665c3877	4	34784878	34817589	35	0.7314
b259ee63-6c5a-4bb3-bff6-0c56665c3877	4	34819718	39707502	3328	-0.0302
b259ee63-6c5a-4bb3-bff6-0c56665c3877	4	39708327	39711713	3	-1.2717
b259ee63-6c5a-4bb3-bff6-0c56665c3877	4	39711868	45003738	3309	-0.0391
b259ee63-6c5a-4bb3-bff6-0c56665c3877	4	45003835	45004318	4	-1.1833
b259ee63-6c5a-4bb3-bff6-0c56665c3877	4	45008952	57944287	6514	-0.036
b259ee63-6c5a-4bb3-bff6-0c56665c3877	4	57944326	57950644	9	-1.1719
b259ee63-6c5a-4bb3-bff6-0c56665c3877	4	57963380	62802116	2827	-0.0368
b259ee63-6c5a-4bb3-bff6-0c56665c3877	4	62804218	62805335	4	-1.0459
b259ee63-6c5a-4bb3-bff6-0c56665c3877	4	62805402	63831751	561	-0.0097
b259ee63-6c5a-4bb3-bff6-0c56665c3877	4	63831799	63842540	27	0.299
b259ee63-6c5a-4bb3-bff6-0c56665c3877	4	63850713	68418873	2856	-0.0284
b259ee63-6c5a-4bb3-bff6-0c56665c3877	4	68422420	68422424	3	-1.31
b259ee63-6c5a-4bb3-bff6-0c56665c3877	4	68429081	68506285	12	0.099
b259ee63-6c5a-4bb3-bff6-0c56665c3877	4	68509223	68509630	4	1.3154
b259ee63-6c5a-4bb3-bff6-0c56665c3877	4	68524574	68655691	65	0.4792
b259ee63-6c5a-4bb3-bff6-0c56665c3877	4	68663241	69261926	312	-0.0086
b259ee63-6c5a-4bb3-bff6-0c56665c3877	4	69261934	69366304	54	-0.5989
b259ee63-6c5a-4bb3-bff6-0c56665c3877	4	69366406	69523998	109	0.0143
b259ee63-6c5a-4bb3-bff6-0c56665c3877	4	69524143	69525061	2	-2.1682
b259ee63-6c5a-4bb3-bff6-0c56665c3877	4	69526170	103824414	20905	-0.0318
b259ee63-6c5a-4bb3-bff6-0c56665c3877	4	103830473	103830480	5	1.0723
b259ee63-6c5a-4bb3-bff6-0c56665c3877	4	103830487	179172552	45752	-0.0328
b259ee63-6c5a-4bb3-bff6-0c56665c3877	4	179176834	179177184	2	-2.1991
b259ee63-6c5a-4bb3-bff6-0c56665c3877	4	179180768	182093342	2307	-0.027
b259ee63-6c5a-4bb3-bff6-0c56665c3877	4	182093725	182095791	2	-1.5556
b259ee63-6c5a-4bb3-bff6-0c56665c3877	4	182099926	190106768	5390	-0.0103
b259ee63-6c5a-4bb3-bff6-0c56665c3877	5	15532	698390	309	0.029
b259ee63-6c5a-4bb3-bff6-0c56665c3877	5	717264	773453	24	0.5264
b259ee63-6c5a-4bb3-bff6-0c56665c3877	5	779766	21376735	15331	-0.0316
b259ee63-6c5a-4bb3-bff6-0c56665c3877	5	21377730	21377744	2	-1.573
b259ee63-6c5a-4bb3-bff6-0c56665c3877	5	21385957	27524345	3577	-0.0247
b259ee63-6c5a-4bb3-bff6-0c56665c3877	5	27525283	27525913	10	-0.5904
b259ee63-6c5a-4bb3-bff6-0c56665c3877	5	27527372	34259309	4389	-0.0386
b259ee63-6c5a-4bb3-bff6-0c56665c3877	5	34264242	34264450	3	-1.5977
b259ee63-6c5a-4bb3-bff6-0c56665c3877	5	34266449	104515520	38968	-0.0354
b259ee63-6c5a-4bb3-bff6-0c56665c3877	5	104524672	104524903	4	1.0329
b259ee63-6c5a-4bb3-bff6-0c56665c3877	5	104525348	113988573	6352	-0.0325
b259ee63-6c5a-4bb3-bff6-0c56665c3877	5	113991308	113999692	11	-0.9549
b259ee63-6c5a-4bb3-bff6-0c56665c3877	5	114001271	138400922	15739	-0.0361
b259ee63-6c5a-4bb3-bff6-0c56665c3877	5	138401366	138404948	5	1
b259ee63-6c5a-4bb3-bff6-0c56665c3877	5	138410188	152136267	8652	-0.039
b259ee63-6c5a-4bb3-bff6-0c56665c3877	5	152136310	152138790	8	-0.7747
b259ee63-6c5a-4bb3-bff6-0c56665c3877	5	152140710	172105593	13837	-0.0356
b259ee63-6c5a-4bb3-bff6-0c56665c3877	5	172105883	172106778	2	1.203
b259ee63-6c5a-4bb3-bff6-0c56665c3877	5	172109669	176711246	3203	-0.0416
b259ee63-6c5a-4bb3-bff6-0c56665c3877	5	176711629	176853277	72	0.1509
b259ee63-6c5a-4bb3-bff6-0c56665c3877	5	176854168	177771448	356	-0.0499
b259ee63-6c5a-4bb3-bff6-0c56665c3877	5	177800550	177805604	3	2.3815
b259ee63-6c5a-4bb3-bff6-0c56665c3877	5	177827964	178676563	444	-0.0184
b259ee63-6c5a-4bb3-bff6-0c56665c3877	5	178676685	178686162	6	-0.7891
b259ee63-6c5a-4bb3-bff6-0c56665c3877	5	178691854	180947523	1346	-0.0388
b259ee63-6c5a-4bb3-bff6-0c56665c3877	5	180951710	180991103	19	0.7719
b259ee63-6c5a-4bb3-bff6-0c56665c3877	5	181006225	181363319	170	0.0231
b259ee63-6c5a-4bb3-bff6-0c56665c3877	6	149661	254283	101	-0.02
b259ee63-6c5a-4bb3-bff6-0c56665c3877	6	257353	385056	106	0.2847
b259ee63-6c5a-4bb3-bff6-0c56665c3877	6	385687	29869295	21439	-0.0413
b259ee63-6c5a-4bb3-bff6-0c56665c3877	6	29869410	29881490	16	-0.898
b259ee63-6c5a-4bb3-bff6-0c56665c3877	6	29882419	66328153	20306	-0.0377
b259ee63-6c5a-4bb3-bff6-0c56665c3877	6	66331020	66333004	6	-1.8576
b259ee63-6c5a-4bb3-bff6-0c56665c3877	6	66333299	73880597	5009	-0.0317
b259ee63-6c5a-4bb3-bff6-0c56665c3877	6	73880782	73885038	11	-0.5804
b259ee63-6c5a-4bb3-bff6-0c56665c3877	6	73887573	76726815	1772	-0.0293
b259ee63-6c5a-4bb3-bff6-0c56665c3877	6	76730151	76743040	21	0.6205
b259ee63-6c5a-4bb3-bff6-0c56665c3877	6	76751356	78253157	973	-0.0333
b259ee63-6c5a-4bb3-bff6-0c56665c3877	6	78253172	78322875	110	0.3765
b259ee63-6c5a-4bb3-bff6-0c56665c3877	6	78325223	103286954	15464	-0.0344
b259ee63-6c5a-4bb3-bff6-0c56665c3877	6	103290101	103314186	46	0.7477
b259ee63-6c5a-4bb3-bff6-0c56665c3877	6	103317795	170741917	44158	-0.036
b259ee63-6c5a-4bb3-bff6-0c56665c3877	7	43355	3570211	1622	0.2362
b259ee63-6c5a-4bb3-bff6-0c56665c3877	7	3570671	3578729	30	-0.497
b259ee63-6c5a-4bb3-bff6-0c56665c3877	7	3585172	9065141	3695	0.2428
b259ee63-6c5a-4bb3-bff6-0c56665c3877	7	9065396	9065942	3	-1.7712
b259ee63-6c5a-4bb3-bff6-0c56665c3877	7	9074105	15392007	5026	0.2475
b259ee63-6c5a-4bb3-bff6-0c56665c3877	7	15392045	15393664	2	1.81
b259ee63-6c5a-4bb3-bff6-0c56665c3877	7	15394440	20228961	4003	0.2511
b259ee63-6c5a-4bb3-bff6-0c56665c3877	7	20232365	20237371	6	-0.9821
b259ee63-6c5a-4bb3-bff6-0c56665c3877	7	20239019	26092670	4433	0.2411
b259ee63-6c5a-4bb3-bff6-0c56665c3877	7	26102772	26105793	4	-0.8975
b259ee63-6c5a-4bb3-bff6-0c56665c3877	7	26107599	54318812	19649	0.24
b259ee63-6c5a-4bb3-bff6-0c56665c3877	7	54318816	54318824	5	2.8234
b259ee63-6c5a-4bb3-bff6-0c56665c3877	7	54325795	159334314	59334	0.2412
b259ee63-6c5a-4bb3-bff6-0c56665c3877	8	81254	643041	322	-0.0268
b259ee63-6c5a-4bb3-bff6-0c56665c3877	8	644944	645908	10	1.1376
b259ee63-6c5a-4bb3-bff6-0c56665c3877	8	656117	6968014	7288	-0.0267
b259ee63-6c5a-4bb3-bff6-0c56665c3877	8	6968154	6969664	14	-0.592
b259ee63-6c5a-4bb3-bff6-0c56665c3877	8	6969677	7598502	133	0.0144
b259ee63-6c5a-4bb3-bff6-0c56665c3877	8	7775900	7873171	4	-1.4848
b259ee63-6c5a-4bb3-bff6-0c56665c3877	8	7886542	12025748	3243	-0.0367
b259ee63-6c5a-4bb3-bff6-0c56665c3877	8	12035719	12177488	11	-0.7194
b259ee63-6c5a-4bb3-bff6-0c56665c3877	8	12323772	14427702	1772	-0.022
b259ee63-6c5a-4bb3-bff6-0c56665c3877	8	14428681	14428811	3	-1.2544
b259ee63-6c5a-4bb3-bff6-0c56665c3877	8	14429043	16339682	1735	-0.0233
b259ee63-6c5a-4bb3-bff6-0c56665c3877	8	16349445	16349558	5	-0.6726
b259ee63-6c5a-4bb3-bff6-0c56665c3877	8	16349572	16404738	52	-0.0258
b259ee63-6c5a-4bb3-bff6-0c56665c3877	8	16404755	16417152	26	-0.5831
b259ee63-6c5a-4bb3-bff6-0c56665c3877	8	16421186	25117062	6858	-0.0421
b259ee63-6c5a-4bb3-bff6-0c56665c3877	8	25117985	25126818	23	-0.7954
b259ee63-6c5a-4bb3-bff6-0c56665c3877	8	25133589	111282852	51074	-0.0357
b259ee63-6c5a-4bb3-bff6-0c56665c3877	8	111282973	111283031	3	-2.5577
b259ee63-6c5a-4bb3-bff6-0c56665c3877	8	111288052	114622678	1828	-0.0325
b259ee63-6c5a-4bb3-bff6-0c56665c3877	8	114622851	114629502	29	0.2829
b259ee63-6c5a-4bb3-bff6-0c56665c3877	8	114638468	140703675	19102	-0.0391
b259ee63-6c5a-4bb3-bff6-0c56665c3877	8	140706733	145072769	1953	0.018
b259ee63-6c5a-4bb3-bff6-0c56665c3877	9	46587	23361807	20423	-0.0265
b259ee63-6c5a-4bb3-bff6-0c56665c3877	9	23363117	23373486	8	-2.0222
b259ee63-6c5a-4bb3-bff6-0c56665c3877	9	23378490	28309880	3772	-0.0239
b259ee63-6c5a-4bb3-bff6-0c56665c3877	9	28310572	28311631	2	1.5614
b259ee63-6c5a-4bb3-bff6-0c56665c3877	9	28312063	29088731	556	-0.023
b259ee63-6c5a-4bb3-bff6-0c56665c3877	9	29089612	29097682	6	0.8647
b259ee63-6c5a-4bb3-bff6-0c56665c3877	9	29101434	29934477	591	-0.0243
b259ee63-6c5a-4bb3-bff6-0c56665c3877	9	29943309	30001058	73	-0.9534
b259ee63-6c5a-4bb3-bff6-0c56665c3877	9	30001540	40991143	5783	-0.0337
b259ee63-6c5a-4bb3-bff6-0c56665c3877	9	40996803	42308537	102	0.233
b259ee63-6c5a-4bb3-bff6-0c56665c3877	9	42501791	60893611	51	-0.1425
b259ee63-6c5a-4bb3-bff6-0c56665c3877	9	60894341	61692082	43	0.6868
b259ee63-6c5a-4bb3-bff6-0c56665c3877	9	61692688	91639924	17060	-0.0339
b259ee63-6c5a-4bb3-bff6-0c56665c3877	9	91639986	91641163	15	-0.7506
b259ee63-6c5a-4bb3-bff6-0c56665c3877	9	91641263	138200944	31005	-0.0383
b259ee63-6c5a-4bb3-bff6-0c56665c3877	10	45792	50070600	33403	-0.0432
b259ee63-6c5a-4bb3-bff6-0c56665c3877	10	50081224	50132160	4	-1.7074
b259ee63-6c5a-4bb3-bff6-0c56665c3877	10	50144008	65546518	11002	-0.0344
b259ee63-6c5a-4bb3-bff6-0c56665c3877	10	65548165	65554688	28	-0.3547
b259ee63-6c5a-4bb3-bff6-0c56665c3877	10	65563037	76493093	6780	-0.0458
b259ee63-6c5a-4bb3-bff6-0c56665c3877	10	76497303	76497852	2	1.7171
b259ee63-6c5a-4bb3-bff6-0c56665c3877	10	76501509	81118403	3324	-0.0356
b259ee63-6c5a-4bb3-bff6-0c56665c3877	10	81121574	81130027	10	-1.0883
b259ee63-6c5a-4bb3-bff6-0c56665c3877	10	81134713	83182468	1557	-0.03
b259ee63-6c5a-4bb3-bff6-0c56665c3877	10	83187390	83187966	4	-1.2279
b259ee63-6c5a-4bb3-bff6-0c56665c3877	10	83188127	122574497	26628	-0.0422
b259ee63-6c5a-4bb3-bff6-0c56665c3877	10	122584593	122591497	6	-0.9446
b259ee63-6c5a-4bb3-bff6-0c56665c3877	10	122597296	130374334	5820	-0.039
b259ee63-6c5a-4bb3-bff6-0c56665c3877	10	130374769	131741430	1181	0.0172
b259ee63-6c5a-4bb3-bff6-0c56665c3877	10	131742238	133654968	901	-0.0268
b259ee63-6c5a-4bb3-bff6-0c56665c3877	11	198510	456012	103	0.1389
b259ee63-6c5a-4bb3-bff6-0c56665c3877	11	456120	1626349	381	-0.0564
b259ee63-6c5a-4bb3-bff6-0c56665c3877	11	1627184	1878795	105	0.156
b259ee63-6c5a-4bb3-bff6-0c56665c3877	11	1883471	5766175	2638	-0.0322
b259ee63-6c5a-4bb3-bff6-0c56665c3877	11	5766850	5788108	33	-0.6571
b259ee63-6c5a-4bb3-bff6-0c56665c3877	11	5788231	18919323	9406	-0.0416
b259ee63-6c5a-4bb3-bff6-0c56665c3877	11	18927525	18939734	36	0.3715
b259ee63-6c5a-4bb3-bff6-0c56665c3877	11	18939749	20582027	1468	-0.0395
b259ee63-6c5a-4bb3-bff6-0c56665c3877	11	20583294	20583697	2	-1.5494
b259ee63-6c5a-4bb3-bff6-0c56665c3877	11	20584119	21188391	604	-0.0314
b259ee63-6c5a-4bb3-bff6-0c56665c3877	11	21189098	21189526	2	-1.5105
b259ee63-6c5a-4bb3-bff6-0c56665c3877	11	21190184	21825348	525	-0.0339
b259ee63-6c5a-4bb3-bff6-0c56665c3877	11	21825960	21827134	4	-1.1212
b259ee63-6c5a-4bb3-bff6-0c56665c3877	11	21827206	49992133	18571	-0.0317
b259ee63-6c5a-4bb3-bff6-0c56665c3877	11	49992218	50172254	43	0.3976
b259ee63-6c5a-4bb3-bff6-0c56665c3877	11	50174223	50513725	135	0.6198
b259ee63-6c5a-4bb3-bff6-0c56665c3877	11	50513731	54555109	37	0.4053
b259ee63-6c5a-4bb3-bff6-0c56665c3877	11	54555644	55608547	376	0.0077
b259ee63-6c5a-4bb3-bff6-0c56665c3877	11	55608760	55674842	43	-0.5664
b259ee63-6c5a-4bb3-bff6-0c56665c3877	11	55676735	64880577	5142	-0.0411
b259ee63-6c5a-4bb3-bff6-0c56665c3877	11	64880896	65935152	416	0.0728
b259ee63-6c5a-4bb3-bff6-0c56665c3877	11	65936447	92097323	15750	-0.0363
b259ee63-6c5a-4bb3-bff6-0c56665c3877	11	92097492	92097877	2	2.4914
b259ee63-6c5a-4bb3-bff6-0c56665c3877	11	92099538	124901635	23213	-0.0368
b259ee63-6c5a-4bb3-bff6-0c56665c3877	11	124906091	124907522	3	-2.3558
b259ee63-6c5a-4bb3-bff6-0c56665c3877	11	124918772	133924593	6906	-0.0389
b259ee63-6c5a-4bb3-bff6-0c56665c3877	11	133925122	135074876	858	0.0303
b259ee63-6c5a-4bb3-bff6-0c56665c3877	12	51460	572388	314	0.2789
b259ee63-6c5a-4bb3-bff6-0c56665c3877	12	572564	767080	121	0.4071
b259ee63-6c5a-4bb3-bff6-0c56665c3877	12	767122	8289689	5123	0.2274
b259ee63-6c5a-4bb3-bff6-0c56665c3877	12	8296516	8296621	2	1.825
b259ee63-6c5a-4bb3-bff6-0c56665c3877	12	8300870	9477960	612	0.2352
b259ee63-6c5a-4bb3-bff6-0c56665c3877	12	9481274	9562969	23	-1.1525
b259ee63-6c5a-4bb3-bff6-0c56665c3877	12	9575696	11068125	1039	0.2492
b259ee63-6c5a-4bb3-bff6-0c56665c3877	12	11070111	11088933	9	-1.2901
b259ee63-6c5a-4bb3-bff6-0c56665c3877	12	11099275	11350335	125	0.2451
b259ee63-6c5a-4bb3-bff6-0c56665c3877	12	11350505	11399818	40	0.584
b259ee63-6c5a-4bb3-bff6-0c56665c3877	12	11399848	27495047	11195	0.2351
b259ee63-6c5a-4bb3-bff6-0c56665c3877	12	27495118	27498429	24	-0.767
b259ee63-6c5a-4bb3-bff6-0c56665c3877	12	27504228	33028292	4066	0.2284
b259ee63-6c5a-4bb3-bff6-0c56665c3877	12	33029205	33785004	540	0.2913
b259ee63-6c5a-4bb3-bff6-0c56665c3877	12	33785125	33785652	3	1.4481
b259ee63-6c5a-4bb3-bff6-0c56665c3877	12	33787888	38650379	784	0.3102
b259ee63-6c5a-4bb3-bff6-0c56665c3877	12	38650451	45506042	4369	0.2385
b259ee63-6c5a-4bb3-bff6-0c56665c3877	12	45510655	45515754	4	-2.0584
b259ee63-6c5a-4bb3-bff6-0c56665c3877	12	45519509	48331259	1718	0.2379
b259ee63-6c5a-4bb3-bff6-0c56665c3877	12	48331456	48331632	3	-1.4035
b259ee63-6c5a-4bb3-bff6-0c56665c3877	12	48336253	57839029	5155	0.2105
b259ee63-6c5a-4bb3-bff6-0c56665c3877	12	57839802	108257843	32867	0.2376
b259ee63-6c5a-4bb3-bff6-0c56665c3877	12	108258108	114741150	3991	0.216
b259ee63-6c5a-4bb3-bff6-0c56665c3877	12	114743315	114743685	2	1.5207
b259ee63-6c5a-4bb3-bff6-0c56665c3877	12	114746460	119552943	3658	0.2301
b259ee63-6c5a-4bb3-bff6-0c56665c3877	12	119552956	121098142	825	0.1984
b259ee63-6c5a-4bb3-bff6-0c56665c3877	12	121099579	121105208	7	-0.3591
b259ee63-6c5a-4bb3-bff6-0c56665c3877	12	121107505	123625735	1025	0.1871
b259ee63-6c5a-4bb3-bff6-0c56665c3877	12	123625808	127101808	2645	0.2318
b259ee63-6c5a-4bb3-bff6-0c56665c3877	12	127104101	127104606	6	0.9098
b259ee63-6c5a-4bb3-bff6-0c56665c3877	12	127106005	129763457	2433	0.247
b259ee63-6c5a-4bb3-bff6-0c56665c3877	12	129763913	130028387	195	0.2923
b259ee63-6c5a-4bb3-bff6-0c56665c3877	12	130034810	130035119	2	1.5892
b259ee63-6c5a-4bb3-bff6-0c56665c3877	12	130035265	130579737	480	0.3252
b259ee63-6c5a-4bb3-bff6-0c56665c3877	12	130582634	131636170	853	0.2428
b259ee63-6c5a-4bb3-bff6-0c56665c3877	12	131648039	131648790	13	0.8268
b259ee63-6c5a-4bb3-bff6-0c56665c3877	12	131657925	133201603	559	0.2714
b259ee63-6c5a-4bb3-bff6-0c56665c3877	13	18452809	19265534	358	-0.0345
b259ee63-6c5a-4bb3-bff6-0c56665c3877	13	19265619	19268392	3	-1.3564
b259ee63-6c5a-4bb3-bff6-0c56665c3877	13	19268392	23058992	2505	-0.0309
b259ee63-6c5a-4bb3-bff6-0c56665c3877	13	23059009	23059376	5	-0.8324
b259ee63-6c5a-4bb3-bff6-0c56665c3877	13	23064056	27600497	3412	-0.0329
b259ee63-6c5a-4bb3-bff6-0c56665c3877	13	27602290	27602488	3	-1.5802
b259ee63-6c5a-4bb3-bff6-0c56665c3877	13	27603729	38478674	7913	-0.0367
b259ee63-6c5a-4bb3-bff6-0c56665c3877	13	38483435	38483919	2	-1.451
b259ee63-6c5a-4bb3-bff6-0c56665c3877	13	38490920	48957415	7323	-0.0341
b259ee63-6c5a-4bb3-bff6-0c56665c3877	13	48959579	48962368	2	-2.1998
b259ee63-6c5a-4bb3-bff6-0c56665c3877	13	48963569	50970918	1086	-0.0204
b259ee63-6c5a-4bb3-bff6-0c56665c3877	13	50972775	50975062	2	1.5125
b259ee63-6c5a-4bb3-bff6-0c56665c3877	13	50975421	52288372	713	-0.0237
b259ee63-6c5a-4bb3-bff6-0c56665c3877	13	52293586	52315875	7	0.6479
b259ee63-6c5a-4bb3-bff6-0c56665c3877	13	52322826	52485081	56	-0.0057
b259ee63-6c5a-4bb3-bff6-0c56665c3877	13	52497017	52520664	7	-0.8966
b259ee63-6c5a-4bb3-bff6-0c56665c3877	13	52523849	57175139	2618	-0.0129
b259ee63-6c5a-4bb3-bff6-0c56665c3877	13	57175549	57200966	35	0.3216
b259ee63-6c5a-4bb3-bff6-0c56665c3877	13	57201082	66208144	5349	-0.0261
b259ee63-6c5a-4bb3-bff6-0c56665c3877	13	66209900	66217592	2	-1.6437
b259ee63-6c5a-4bb3-bff6-0c56665c3877	13	66222851	71902850	3639	-0.0236
b259ee63-6c5a-4bb3-bff6-0c56665c3877	13	71903417	71906418	4	-1.5155
b259ee63-6c5a-4bb3-bff6-0c56665c3877	13	71906467	113934849	28921	-0.0312
b259ee63-6c5a-4bb3-bff6-0c56665c3877	13	113936214	114052113	18	0.43
b259ee63-6c5a-4bb3-bff6-0c56665c3877	13	114055515	114342922	136	-0.0077
b259ee63-6c5a-4bb3-bff6-0c56665c3877	14	18239283	18662134	20	0.2472
b259ee63-6c5a-4bb3-bff6-0c56665c3877	14	18674599	18950560	6	1.248
b259ee63-6c5a-4bb3-bff6-0c56665c3877	14	18976793	19958388	146	0.2688
b259ee63-6c5a-4bb3-bff6-0c56665c3877	14	19958545	26314707	4337	-0.0377
b259ee63-6c5a-4bb3-bff6-0c56665c3877	14	26314708	26314712	5	-1.1616
b259ee63-6c5a-4bb3-bff6-0c56665c3877	14	26315707	39398828	8113	-0.0412
b259ee63-6c5a-4bb3-bff6-0c56665c3877	14	39399541	46899762	4469	-0.0128
b259ee63-6c5a-4bb3-bff6-0c56665c3877	14	46901236	60589222	8933	-0.0415
b259ee63-6c5a-4bb3-bff6-0c56665c3877	14	60591424	60592418	2	-2.4159
b259ee63-6c5a-4bb3-bff6-0c56665c3877	14	60599500	85098551	15800	-0.0413
b259ee63-6c5a-4bb3-bff6-0c56665c3877	14	85098682	85099082	7	-1.0757
b259ee63-6c5a-4bb3-bff6-0c56665c3877	14	85099129	105803660	13093	-0.0389
b259ee63-6c5a-4bb3-bff6-0c56665c3877	14	105803674	105806643	2	1.2996
b259ee63-6c5a-4bb3-bff6-0c56665c3877	14	105806705	106294689	165	0.0293
b259ee63-6c5a-4bb3-bff6-0c56665c3877	14	106297265	106297273	3	1.647
b259ee63-6c5a-4bb3-bff6-0c56665c3877	14	106297409	106340774	17	0.0938
b259ee63-6c5a-4bb3-bff6-0c56665c3877	14	106345431	106365807	8	-0.9986
b259ee63-6c5a-4bb3-bff6-0c56665c3877	14	106369985	106416146	26	-0.1037
b259ee63-6c5a-4bb3-bff6-0c56665c3877	14	106418444	106458421	42	0.2347
b259ee63-6c5a-4bb3-bff6-0c56665c3877	14	106458677	106877229	202	-0.0337
b259ee63-6c5a-4bb3-bff6-0c56665c3877	15	19811075	20064520	54	-0.0188
b259ee63-6c5a-4bb3-bff6-0c56665c3877	15	20187568	20376311	41	0.3477
b259ee63-6c5a-4bb3-bff6-0c56665c3877	15	20380735	20381230	5	0.8779
b259ee63-6c5a-4bb3-bff6-0c56665c3877	15	20381406	20614765	35	0.5147
b259ee63-6c5a-4bb3-bff6-0c56665c3877	15	20625071	20670989	16	0.8987
b259ee63-6c5a-4bb3-bff6-0c56665c3877	15	20981071	20988347	5	-0.1332
b259ee63-6c5a-4bb3-bff6-0c56665c3877	15	21005443	21272760	18	1.0091
b259ee63-6c5a-4bb3-bff6-0c56665c3877	15	21417107	22576496	39	0.6108
b259ee63-6c5a-4bb3-bff6-0c56665c3877	15	22582296	23120548	300	0.0511
b259ee63-6c5a-4bb3-bff6-0c56665c3877	15	23121058	27858471	3212	-0.0358
b259ee63-6c5a-4bb3-bff6-0c56665c3877	15	27859017	30488460	1135	0.0249
b259ee63-6c5a-4bb3-bff6-0c56665c3877	15	30500366	30654466	12	0.7942
b259ee63-6c5a-4bb3-bff6-0c56665c3877	15	30656433	34378326	2552	-0.0348
b259ee63-6c5a-4bb3-bff6-0c56665c3877	15	34378801	34526116	71	0.191
b259ee63-6c5a-4bb3-bff6-0c56665c3877	15	34570058	83245595	30486	-0.0431
b259ee63-6c5a-4bb3-bff6-0c56665c3877	15	83249120	83257038	3	-1.2889
b259ee63-6c5a-4bb3-bff6-0c56665c3877	15	83258351	101376442	13159	-0.0381
b259ee63-6c5a-4bb3-bff6-0c56665c3877	15	101376502	101928837	393	0.0563
b259ee63-6c5a-4bb3-bff6-0c56665c3877	16	10777	15434396	11239	0.234
b259ee63-6c5a-4bb3-bff6-0c56665c3877	16	15437260	16653072	547	0.2999
b259ee63-6c5a-4bb3-bff6-0c56665c3877	16	16666829	16737225	4	-0.6595
b259ee63-6c5a-4bb3-bff6-0c56665c3877	16	16743769	18754907	1007	0.2957
b259ee63-6c5a-4bb3-bff6-0c56665c3877	16	18756796	19933041	670	0.2105
b259ee63-6c5a-4bb3-bff6-0c56665c3877	16	19934328	19964510	40	0.4709
b259ee63-6c5a-4bb3-bff6-0c56665c3877	16	19964971	20617366	455	0.2373
b259ee63-6c5a-4bb3-bff6-0c56665c3877	16	20617756	20622023	4	1.2005
b259ee63-6c5a-4bb3-bff6-0c56665c3877	16	20624663	22576729	817	0.2384
b259ee63-6c5a-4bb3-bff6-0c56665c3877	16	22579557	22691516	60	0.4519
b259ee63-6c5a-4bb3-bff6-0c56665c3877	16	22692430	29427018	4253	0.2249
b259ee63-6c5a-4bb3-bff6-0c56665c3877	16	29506390	30137480	190	0.3594
b259ee63-6c5a-4bb3-bff6-0c56665c3877	16	30137523	55762682	7653	0.2303
b259ee63-6c5a-4bb3-bff6-0c56665c3877	16	55764310	55764867	3	4.4542
b259ee63-6c5a-4bb3-bff6-0c56665c3877	16	55770436	55775312	6	1.4816
b259ee63-6c5a-4bb3-bff6-0c56665c3877	16	55775554	55788532	9	0.677
b259ee63-6c5a-4bb3-bff6-0c56665c3877	16	55808442	78337711	14280	0.2324
b259ee63-6c5a-4bb3-bff6-0c56665c3877	16	78338543	78350868	16	-2.2296
b259ee63-6c5a-4bb3-bff6-0c56665c3877	16	78351104	88541978	9940	0.2431
b259ee63-6c5a-4bb3-bff6-0c56665c3877	16	88542082	90096867	674	0.3263
b259ee63-6c5a-4bb3-bff6-0c56665c3877	17	150733	1226341	550	0.3156
b259ee63-6c5a-4bb3-bff6-0c56665c3877	17	1227176	6197464	2807	0.221
b259ee63-6c5a-4bb3-bff6-0c56665c3877	17	6197476	6197491	2	-1.974
b259ee63-6c5a-4bb3-bff6-0c56665c3877	17	6197723	18414080	8027	0.2269
b259ee63-6c5a-4bb3-bff6-0c56665c3877	17	18452078	18509244	17	0.8087
b259ee63-6c5a-4bb3-bff6-0c56665c3877	17	18523147	41266838	9407	0.2255
b259ee63-6c5a-4bb3-bff6-0c56665c3877	17	41266851	41274279	19	1.3905
b259ee63-6c5a-4bb3-bff6-0c56665c3877	17	41276472	43354897	1105	0.2003
b259ee63-6c5a-4bb3-bff6-0c56665c3877	17	43361222	43362553	3	-3.2794
b259ee63-6c5a-4bb3-bff6-0c56665c3877	17	43366336	45685856	1102	0.2004
b259ee63-6c5a-4bb3-bff6-0c56665c3877	17	45685875	46008813	230	0.3548
b259ee63-6c5a-4bb3-bff6-0c56665c3877	17	46008829	46351954	186	0.2283
b259ee63-6c5a-4bb3-bff6-0c56665c3877	17	46446345	46707286	7	1.1498
b259ee63-6c5a-4bb3-bff6-0c56665c3877	17	46707312	51243269	2335	0.2073
b259ee63-6c5a-4bb3-bff6-0c56665c3877	17	51251245	56975809	4170	0.2503
b259ee63-6c5a-4bb3-bff6-0c56665c3877	17	56976738	73738183	10219	0.223
b259ee63-6c5a-4bb3-bff6-0c56665c3877	17	73739165	74666932	634	0.3345
b259ee63-6c5a-4bb3-bff6-0c56665c3877	17	74667428	79245867	2460	0.2272
b259ee63-6c5a-4bb3-bff6-0c56665c3877	17	79245925	79251117	12	0.7055
b259ee63-6c5a-4bb3-bff6-0c56665c3877	17	79251130	80655063	781	0.2273
b259ee63-6c5a-4bb3-bff6-0c56665c3877	17	80655993	80660379	2	1.696
b259ee63-6c5a-4bb3-bff6-0c56665c3877	17	80660500	83091923	950	0.2255
b259ee63-6c5a-4bb3-bff6-0c56665c3877	18	48133	1723387	1173	-0.0305
b259ee63-6c5a-4bb3-bff6-0c56665c3877	18	1725757	1838111	91	-0.9867
b259ee63-6c5a-4bb3-bff6-0c56665c3877	18	1841468	2023812	170	0.0453
b259ee63-6c5a-4bb3-bff6-0c56665c3877	18	2027952	2029279	5	0.8954
b259ee63-6c5a-4bb3-bff6-0c56665c3877	18	2029593	40680456	21343	-0.0312
b259ee63-6c5a-4bb3-bff6-0c56665c3877	18	40680470	40689534	20	-0.6912
b259ee63-6c5a-4bb3-bff6-0c56665c3877	18	40689848	44394853	2363	-0.0305
b259ee63-6c5a-4bb3-bff6-0c56665c3877	18	44396921	44398660	6	-0.9052
b259ee63-6c5a-4bb3-bff6-0c56665c3877	18	44402706	65649212	14819	-0.0301
b259ee63-6c5a-4bb3-bff6-0c56665c3877	18	65650869	65651106	2	-1.4443
b259ee63-6c5a-4bb3-bff6-0c56665c3877	18	65654441	66169643	403	0.0257
b259ee63-6c5a-4bb3-bff6-0c56665c3877	18	66169698	79537934	9963	-0.0226
b259ee63-6c5a-4bb3-bff6-0c56665c3877	18	79539280	80257174	370	0.0743
b259ee63-6c5a-4bb3-bff6-0c56665c3877	19	90910	14928127	6096	-0.0633
b259ee63-6c5a-4bb3-bff6-0c56665c3877	19	14934380	14938487	3	-1.2665
b259ee63-6c5a-4bb3-bff6-0c56665c3877	19	14940475	19695589	2384	-0.0645
b259ee63-6c5a-4bb3-bff6-0c56665c3877	19	19696452	21060689	793	0.0333
b259ee63-6c5a-4bb3-bff6-0c56665c3877	19	21061057	24278016	1857	-0.0358
b259ee63-6c5a-4bb3-bff6-0c56665c3877	19	24278618	24304880	10	-0.6662
b259ee63-6c5a-4bb3-bff6-0c56665c3877	19	24320970	27682977	77	0.2242
b259ee63-6c5a-4bb3-bff6-0c56665c3877	19	27687746	35364547	5486	-0.0534
b259ee63-6c5a-4bb3-bff6-0c56665c3877	19	35365141	35370767	17	-0.5536
b259ee63-6c5a-4bb3-bff6-0c56665c3877	19	35370877	36339409	442	-0.0704
b259ee63-6c5a-4bb3-bff6-0c56665c3877	19	36354973	36356735	12	-0.5812
b259ee63-6c5a-4bb3-bff6-0c56665c3877	19	36356789	43208098	3415	-0.0531
b259ee63-6c5a-4bb3-bff6-0c56665c3877	19	43208446	43252085	19	-0.6891
b259ee63-6c5a-4bb3-bff6-0c56665c3877	19	43262507	43412749	73	0.134
b259ee63-6c5a-4bb3-bff6-0c56665c3877	19	43414700	43450763	22	-1.0122
b259ee63-6c5a-4bb3-bff6-0c56665c3877	19	43451497	58390842	8320	-0.0438
b259ee63-6c5a-4bb3-bff6-0c56665c3877	19	58390909	58586487	79	0.188
b259ee63-6c5a-4bb3-bff6-0c56665c3877	20	80664	63588502	42064	-0.0403
b259ee63-6c5a-4bb3-bff6-0c56665c3877	20	63589896	64195791	239	0.0997
b259ee63-6c5a-4bb3-bff6-0c56665c3877	20	64195996	64284715	68	-0.0666
b259ee63-6c5a-4bb3-bff6-0c56665c3877	20	64323342	64324800	5	-0.628
b259ee63-6c5a-4bb3-bff6-0c56665c3877	21	10354168	14035713	332	-0.2555
b259ee63-6c5a-4bb3-bff6-0c56665c3877	21	14036080	31864142	13094	-0.3862
b259ee63-6c5a-4bb3-bff6-0c56665c3877	21	31865670	31867735	3	-2.1494
b259ee63-6c5a-4bb3-bff6-0c56665c3877	21	31879236	42134417	8002	-0.4015
b259ee63-6c5a-4bb3-bff6-0c56665c3877	21	42137549	42139672	2	1.201
b259ee63-6c5a-4bb3-bff6-0c56665c3877	21	42139792	46677045	2424	-0.3723
b259ee63-6c5a-4bb3-bff6-0c56665c3877	22	15294547	15825930	35	0.3489
b259ee63-6c5a-4bb3-bff6-0c56665c3877	22	15869820	17143182	369	0.0084
b259ee63-6c5a-4bb3-bff6-0c56665c3877	22	17144053	18649244	731	-0.0781
b259ee63-6c5a-4bb3-bff6-0c56665c3877	22	18760927	23929558	3246	0.0215
b259ee63-6c5a-4bb3-bff6-0c56665c3877	22	23940911	23987520	14	-0.4857
b259ee63-6c5a-4bb3-bff6-0c56665c3877	22	23988078	23989773	2	-3.0935
b259ee63-6c5a-4bb3-bff6-0c56665c3877	22	23990431	23990739	2	-1.2601
b259ee63-6c5a-4bb3-bff6-0c56665c3877	22	23995113	25340378	864	-0.0541
b259ee63-6c5a-4bb3-bff6-0c56665c3877	22	25340705	25349934	7	0.7382
b259ee63-6c5a-4bb3-bff6-0c56665c3877	22	25349949	29473201	3454	-0.0472
b259ee63-6c5a-4bb3-bff6-0c56665c3877	22	29474269	29485728	6	0.6037
b259ee63-6c5a-4bb3-bff6-0c56665c3877	22	29485839	38955461	6510	-0.0473
b259ee63-6c5a-4bb3-bff6-0c56665c3877	22	38967614	38979302	24	-0.5074
b259ee63-6c5a-4bb3-bff6-0c56665c3877	22	38993700	48626826	6575	-0.0489
b259ee63-6c5a-4bb3-bff6-0c56665c3877	22	48631634	50784087	1434	0.0316
b259ee63-6c5a-4bb3-bff6-0c56665c3877	22	50785567	50796027	3	-0.6658
b259ee63-6c5a-4bb3-bff6-0c56665c3877	X	251810	50895685	30126	0.0069
b259ee63-6c5a-4bb3-bff6-0c56665c3877	X	50895783	50896531	2	-3.1687
b259ee63-6c5a-4bb3-bff6-0c56665c3877	X	50897971	112474685	27997	0.0143
b259ee63-6c5a-4bb3-bff6-0c56665c3877	X	112475224	112499268	14	-3.4925
b259ee63-6c5a-4bb3-bff6-0c56665c3877	X	112499549	155952689	25343	0.0116
b259ee63-6c5a-4bb3-bff6-0c56665c3877	Y	2782397	56872112	6631	-1.6001
