GDC_Aliquot	Chromosome	Start	End	Num_Probes	Segment_Mean
c42b0c2b-509d-4fbc-abfa-0a4ea909b49a	1	62920	4830065	1850	0.0139
c42b0c2b-509d-4fbc-abfa-0a4ea909b49a	1	4831543	4834084	3	-2.4634
c42b0c2b-509d-4fbc-abfa-0a4ea909b49a	1	4834890	12779433	4637	0.0019
c42b0c2b-509d-4fbc-abfa-0a4ea909b49a	1	12792599	12867264	31	-0.8825
c42b0c2b-509d-4fbc-abfa-0a4ea909b49a	1	12868035	70777796	35322	0.0036
c42b0c2b-509d-4fbc-abfa-0a4ea909b49a	1	70779147	70780985	5	-1.2569
c42b0c2b-509d-4fbc-abfa-0a4ea909b49a	1	70785071	72284670	906	0.0101
c42b0c2b-509d-4fbc-abfa-0a4ea909b49a	1	72290430	72297687	9	-0.9937
c42b0c2b-509d-4fbc-abfa-0a4ea909b49a	1	72302735	72345465	48	1.4561
c42b0c2b-509d-4fbc-abfa-0a4ea909b49a	1	72346221	87246072	9668	-0.0016
c42b0c2b-509d-4fbc-abfa-0a4ea909b49a	1	87246573	87249532	2	-1.4141
c42b0c2b-509d-4fbc-abfa-0a4ea909b49a	1	87253005	103557298	10312	-0.0022
c42b0c2b-509d-4fbc-abfa-0a4ea909b49a	1	103560166	103587546	20	0.5468
c42b0c2b-509d-4fbc-abfa-0a4ea909b49a	1	103589737	103614695	6	-0.0199
c42b0c2b-509d-4fbc-abfa-0a4ea909b49a	1	103614714	103616762	4	0.777
c42b0c2b-509d-4fbc-abfa-0a4ea909b49a	1	103620877	109690431	3574	0.0034
c42b0c2b-509d-4fbc-abfa-0a4ea909b49a	1	109690640	109697556	10	0.9601
c42b0c2b-509d-4fbc-abfa-0a4ea909b49a	1	109702376	112147704	1947	0.0041
c42b0c2b-509d-4fbc-abfa-0a4ea909b49a	1	112153343	112154619	23	-0.7454
c42b0c2b-509d-4fbc-abfa-0a4ea909b49a	1	112154754	121601998	5162	0.0079
c42b0c2b-509d-4fbc-abfa-0a4ea909b49a	1	121705338	143927887	127	-0.9007
c42b0c2b-509d-4fbc-abfa-0a4ea909b49a	1	143928045	152789447	2518	-0.0143
c42b0c2b-509d-4fbc-abfa-0a4ea909b49a	1	152789463	152795198	24	0.5299
c42b0c2b-509d-4fbc-abfa-0a4ea909b49a	1	152795277	179159167	17711	0.0067
c42b0c2b-509d-4fbc-abfa-0a4ea909b49a	1	179159266	179159553	2	-1.6535
c42b0c2b-509d-4fbc-abfa-0a4ea909b49a	1	179161816	193186662	9361	-0.0028
c42b0c2b-509d-4fbc-abfa-0a4ea909b49a	1	193187149	193187218	4	-1.2385
c42b0c2b-509d-4fbc-abfa-0a4ea909b49a	1	193190593	248930189	38257	0.0016
c42b0c2b-509d-4fbc-abfa-0a4ea909b49a	2	12784	212321824	130434	0.0034
c42b0c2b-509d-4fbc-abfa-0a4ea909b49a	2	212322478	212327101	24	-0.8395
c42b0c2b-509d-4fbc-abfa-0a4ea909b49a	2	212327402	242147305	19013	0.0061
c42b0c2b-509d-4fbc-abfa-0a4ea909b49a	3	20930	3341337	2965	-0.0021
c42b0c2b-509d-4fbc-abfa-0a4ea909b49a	3	3341411	3341522	2	-1.6517
c42b0c2b-509d-4fbc-abfa-0a4ea909b49a	3	3343525	16197556	9922	0.0043
c42b0c2b-509d-4fbc-abfa-0a4ea909b49a	3	16199049	16199672	6	-1.0588
c42b0c2b-509d-4fbc-abfa-0a4ea909b49a	3	16199818	20266298	2351	-0.0046
c42b0c2b-509d-4fbc-abfa-0a4ea909b49a	3	20271633	20274591	3	-1.388
c42b0c2b-509d-4fbc-abfa-0a4ea909b49a	3	20286589	26570158	4747	0.0031
c42b0c2b-509d-4fbc-abfa-0a4ea909b49a	3	26570176	26570407	5	-0.8619
c42b0c2b-509d-4fbc-abfa-0a4ea909b49a	3	26570470	28698598	1374	-0.0041
c42b0c2b-509d-4fbc-abfa-0a4ea909b49a	3	28699566	28699848	4	-1.1464
c42b0c2b-509d-4fbc-abfa-0a4ea909b49a	3	28703600	84650533	36307	0.0037
c42b0c2b-509d-4fbc-abfa-0a4ea909b49a	3	84650607	84653010	14	-0.7089
c42b0c2b-509d-4fbc-abfa-0a4ea909b49a	3	84653084	89622183	2866	0.0066
c42b0c2b-509d-4fbc-abfa-0a4ea909b49a	3	89622197	89629449	8	-1.087
c42b0c2b-509d-4fbc-abfa-0a4ea909b49a	3	89636157	95737262	1255	-0.0085
c42b0c2b-509d-4fbc-abfa-0a4ea909b49a	3	95748036	95749266	2	-3.0777
c42b0c2b-509d-4fbc-abfa-0a4ea909b49a	3	95749836	99218940	1848	-0.0105
c42b0c2b-509d-4fbc-abfa-0a4ea909b49a	3	99225614	99230577	38	-0.8018
c42b0c2b-509d-4fbc-abfa-0a4ea909b49a	3	99232120	130044016	18697	-0.0005
c42b0c2b-509d-4fbc-abfa-0a4ea909b49a	3	130044855	130087393	38	-2.2618
c42b0c2b-509d-4fbc-abfa-0a4ea909b49a	3	130088081	143566923	8362	-0.0022
c42b0c2b-509d-4fbc-abfa-0a4ea909b49a	3	143566958	143567132	4	1.9378
c42b0c2b-509d-4fbc-abfa-0a4ea909b49a	3	143567959	162807070	11902	0.007
c42b0c2b-509d-4fbc-abfa-0a4ea909b49a	3	162810842	162822221	8	-1.2629
c42b0c2b-509d-4fbc-abfa-0a4ea909b49a	3	162822685	195559056	20715	0
c42b0c2b-509d-4fbc-abfa-0a4ea909b49a	3	195656271	195720051	25	-1.3505
c42b0c2b-509d-4fbc-abfa-0a4ea909b49a	3	195728637	198169247	1185	-0.0286
c42b0c2b-509d-4fbc-abfa-0a4ea909b49a	4	68929	9462813	5159	0.0022
c42b0c2b-509d-4fbc-abfa-0a4ea909b49a	4	9463248	9477699	4	-1.3702
c42b0c2b-509d-4fbc-abfa-0a4ea909b49a	4	9484440	9858273	159	-0.0151
c42b0c2b-509d-4fbc-abfa-0a4ea909b49a	4	9858277	9862603	3	-1.3279
c42b0c2b-509d-4fbc-abfa-0a4ea909b49a	4	9863418	10208766	378	0.0255
c42b0c2b-509d-4fbc-abfa-0a4ea909b49a	4	10221792	10232642	30	-2.413
c42b0c2b-509d-4fbc-abfa-0a4ea909b49a	4	10232984	10233644	5	-1.0562
c42b0c2b-509d-4fbc-abfa-0a4ea909b49a	4	10234518	25554958	11196	0.0007
c42b0c2b-509d-4fbc-abfa-0a4ea909b49a	4	25555425	25572251	17	0.5754
c42b0c2b-509d-4fbc-abfa-0a4ea909b49a	4	25576647	34784878	5753	0.005
c42b0c2b-509d-4fbc-abfa-0a4ea909b49a	4	34785333	34823103	37	-0.7735
c42b0c2b-509d-4fbc-abfa-0a4ea909b49a	4	34828250	65735467	17799	-0.0012
c42b0c2b-509d-4fbc-abfa-0a4ea909b49a	4	65735528	65763257	33	0.583
c42b0c2b-509d-4fbc-abfa-0a4ea909b49a	4	65764032	68354665	1601	-0.0031
c42b0c2b-509d-4fbc-abfa-0a4ea909b49a	4	68361130	68623617	90	-0.3218
c42b0c2b-509d-4fbc-abfa-0a4ea909b49a	4	68639397	69254604	308	0.0053
c42b0c2b-509d-4fbc-abfa-0a4ea909b49a	4	69254981	69370433	62	0.2924
c42b0c2b-509d-4fbc-abfa-0a4ea909b49a	4	69374263	95324597	15913	-0.0036
c42b0c2b-509d-4fbc-abfa-0a4ea909b49a	4	95325355	95326445	15	-0.9632
c42b0c2b-509d-4fbc-abfa-0a4ea909b49a	4	95327465	114252544	11382	0.001
c42b0c2b-509d-4fbc-abfa-0a4ea909b49a	4	114254167	114261019	23	-1.5821
c42b0c2b-509d-4fbc-abfa-0a4ea909b49a	4	114263073	121360818	4336	0.0005
c42b0c2b-509d-4fbc-abfa-0a4ea909b49a	4	121361313	121370367	29	-0.8032
c42b0c2b-509d-4fbc-abfa-0a4ea909b49a	4	121371000	171448195	30262	-0.0017
c42b0c2b-509d-4fbc-abfa-0a4ea909b49a	4	171453733	171456625	12	-1.0131
c42b0c2b-509d-4fbc-abfa-0a4ea909b49a	4	171459220	190106768	12484	0.0006
c42b0c2b-509d-4fbc-abfa-0a4ea909b49a	5	15532	717410	311	0.0257
c42b0c2b-509d-4fbc-abfa-0a4ea909b49a	5	717446	817877	29	-0.452
c42b0c2b-509d-4fbc-abfa-0a4ea909b49a	5	818426	12833745	9860	0.0043
c42b0c2b-509d-4fbc-abfa-0a4ea909b49a	5	12837866	12838421	2	1.9097
c42b0c2b-509d-4fbc-abfa-0a4ea909b49a	5	12849089	15718383	1968	0.0054
c42b0c2b-509d-4fbc-abfa-0a4ea909b49a	5	15719113	15720488	11	-1.049
c42b0c2b-509d-4fbc-abfa-0a4ea909b49a	5	15723237	21449167	3528	0.0067
c42b0c2b-509d-4fbc-abfa-0a4ea909b49a	5	21451091	21451889	4	0.9578
c42b0c2b-509d-4fbc-abfa-0a4ea909b49a	5	21452329	27524345	3529	-0.0018
c42b0c2b-509d-4fbc-abfa-0a4ea909b49a	5	27525283	27525407	2	-7.3808
c42b0c2b-509d-4fbc-abfa-0a4ea909b49a	5	27525800	27525913	8	-1.7905
c42b0c2b-509d-4fbc-abfa-0a4ea909b49a	5	27527372	58033288	16490	-0.0029
c42b0c2b-509d-4fbc-abfa-0a4ea909b49a	5	58033703	58037128	25	-0.4306
c42b0c2b-509d-4fbc-abfa-0a4ea909b49a	5	58037466	104704054	27010	-0.0002
c42b0c2b-509d-4fbc-abfa-0a4ea909b49a	5	104707092	104707455	2	-1.602
c42b0c2b-509d-4fbc-abfa-0a4ea909b49a	5	104707769	105097721	271	-0.0002
c42b0c2b-509d-4fbc-abfa-0a4ea909b49a	5	105097893	105159046	42	-1.0388
c42b0c2b-509d-4fbc-abfa-0a4ea909b49a	5	105159055	116011600	7290	-0.0058
c42b0c2b-509d-4fbc-abfa-0a4ea909b49a	5	116013065	116016980	5	-0.8899
c42b0c2b-509d-4fbc-abfa-0a4ea909b49a	5	116017580	121041052	3538	0.0028
c42b0c2b-509d-4fbc-abfa-0a4ea909b49a	5	121049124	121110000	45	-1.0557
c42b0c2b-509d-4fbc-abfa-0a4ea909b49a	5	121110342	140839137	11838	0.0007
c42b0c2b-509d-4fbc-abfa-0a4ea909b49a	5	140844251	140864171	13	-0.7907
c42b0c2b-509d-4fbc-abfa-0a4ea909b49a	5	140872578	161120654	13723	-0.0005
c42b0c2b-509d-4fbc-abfa-0a4ea909b49a	5	161121056	161122691	3	-1.8765
c42b0c2b-509d-4fbc-abfa-0a4ea909b49a	5	161125519	175946505	10554	0.0031
c42b0c2b-509d-4fbc-abfa-0a4ea909b49a	5	175960543	175966609	3	1.8466
c42b0c2b-509d-4fbc-abfa-0a4ea909b49a	5	175966747	177771448	735	-0.0048
c42b0c2b-509d-4fbc-abfa-0a4ea909b49a	5	177800550	177805604	3	3.2191
c42b0c2b-509d-4fbc-abfa-0a4ea909b49a	5	177827964	179469618	939	-0.0048
c42b0c2b-509d-4fbc-abfa-0a4ea909b49a	5	179469650	179469873	3	1.1661
c42b0c2b-509d-4fbc-abfa-0a4ea909b49a	5	179472732	180947523	854	-0.0135
c42b0c2b-509d-4fbc-abfa-0a4ea909b49a	5	180951710	180991103	19	0.5145
c42b0c2b-509d-4fbc-abfa-0a4ea909b49a	5	181006225	181363319	170	-0.0158
c42b0c2b-509d-4fbc-abfa-0a4ea909b49a	6	149661	294443	121	-0.0347
c42b0c2b-509d-4fbc-abfa-0a4ea909b49a	6	294474	385784	89	-0.402
c42b0c2b-509d-4fbc-abfa-0a4ea909b49a	6	387532	29869295	21447	-0.0027
c42b0c2b-509d-4fbc-abfa-0a4ea909b49a	6	29869410	29881490	16	-1.31
c42b0c2b-509d-4fbc-abfa-0a4ea909b49a	6	29882419	66298393	20268	-0.0013
c42b0c2b-509d-4fbc-abfa-0a4ea909b49a	6	66299130	66339513	56	-0.864
c42b0c2b-509d-4fbc-abfa-0a4ea909b49a	6	66339706	68976737	1848	-0.0066
c42b0c2b-509d-4fbc-abfa-0a4ea909b49a	6	68977806	68981476	4	-1.2015
c42b0c2b-509d-4fbc-abfa-0a4ea909b49a	6	68987514	73882509	3140	-0.0017
c42b0c2b-509d-4fbc-abfa-0a4ea909b49a	6	73882741	73891694	9	-2.7308
c42b0c2b-509d-4fbc-abfa-0a4ea909b49a	6	73893839	76305231	1471	-0.0044
c42b0c2b-509d-4fbc-abfa-0a4ea909b49a	6	76307183	76307209	3	-1.1584
c42b0c2b-509d-4fbc-abfa-0a4ea909b49a	6	76307276	76726815	296	-0.0136
c42b0c2b-509d-4fbc-abfa-0a4ea909b49a	6	76730151	76743040	21	0.4554
c42b0c2b-509d-4fbc-abfa-0a4ea909b49a	6	76751356	78259348	974	0.0048
c42b0c2b-509d-4fbc-abfa-0a4ea909b49a	6	78259388	78325468	111	0.4999
c42b0c2b-509d-4fbc-abfa-0a4ea909b49a	6	78329517	170741917	59674	-0.0012
c42b0c2b-509d-4fbc-abfa-0a4ea909b49a	7	43355	67164253	42203	-0.0016
c42b0c2b-509d-4fbc-abfa-0a4ea909b49a	7	67164342	67233947	23	-1.0406
c42b0c2b-509d-4fbc-abfa-0a4ea909b49a	7	67234797	97766197	18072	-0.0028
c42b0c2b-509d-4fbc-abfa-0a4ea909b49a	7	97772620	97773163	8	-1.0461
c42b0c2b-509d-4fbc-abfa-0a4ea909b49a	7	97774928	109793741	6597	-0.0006
c42b0c2b-509d-4fbc-abfa-0a4ea909b49a	7	109797035	109819131	45	0.2868
c42b0c2b-509d-4fbc-abfa-0a4ea909b49a	7	109819293	126404459	10013	-0.0017
c42b0c2b-509d-4fbc-abfa-0a4ea909b49a	7	126404480	126406546	14	0.4637
c42b0c2b-509d-4fbc-abfa-0a4ea909b49a	7	126406561	134100424	4699	-0.0004
c42b0c2b-509d-4fbc-abfa-0a4ea909b49a	7	134100442	134110951	27	-0.5931
c42b0c2b-509d-4fbc-abfa-0a4ea909b49a	7	134111088	142063324	5198	-0.0031
c42b0c2b-509d-4fbc-abfa-0a4ea909b49a	7	142069843	142092307	34	-0.8419
c42b0c2b-509d-4fbc-abfa-0a4ea909b49a	7	142099190	154598185	7621	-0.0012
c42b0c2b-509d-4fbc-abfa-0a4ea909b49a	7	154601461	154607903	4	-2.5125
c42b0c2b-509d-4fbc-abfa-0a4ea909b49a	7	154609120	156599096	1607	0.0098
c42b0c2b-509d-4fbc-abfa-0a4ea909b49a	7	156600474	156601485	3	-1.1342
c42b0c2b-509d-4fbc-abfa-0a4ea909b49a	7	156602214	159334314	1625	0.0111
c42b0c2b-509d-4fbc-abfa-0a4ea909b49a	8	81254	2844412	2038	0.022
c42b0c2b-509d-4fbc-abfa-0a4ea909b49a	8	2846011	2846377	7	0.6862
c42b0c2b-509d-4fbc-abfa-0a4ea909b49a	8	2849649	3302699	458	0.0185
c42b0c2b-509d-4fbc-abfa-0a4ea909b49a	8	3303176	3303375	5	-1.5793
c42b0c2b-509d-4fbc-abfa-0a4ea909b49a	8	3303514	4144670	1189	-0.0056
c42b0c2b-509d-4fbc-abfa-0a4ea909b49a	8	4144685	4144794	3	-1.7638
c42b0c2b-509d-4fbc-abfa-0a4ea909b49a	8	4145131	4145783	10	0.2493
c42b0c2b-509d-4fbc-abfa-0a4ea909b49a	8	4145941	4145956	2	-3.8505
c42b0c2b-509d-4fbc-abfa-0a4ea909b49a	8	4146039	7380497	4036	0.0096
c42b0c2b-509d-4fbc-abfa-0a4ea909b49a	8	7396819	7433619	6	-1.6066
c42b0c2b-509d-4fbc-abfa-0a4ea909b49a	8	7440674	7886542	16	-0.4457
c42b0c2b-509d-4fbc-abfa-0a4ea909b49a	8	7888457	7890177	4	1.4684
c42b0c2b-509d-4fbc-abfa-0a4ea909b49a	8	7919608	8120649	16	-0.2581
c42b0c2b-509d-4fbc-abfa-0a4ea909b49a	8	8132772	8214781	6	-1.1663
c42b0c2b-509d-4fbc-abfa-0a4ea909b49a	8	8234503	12092042	3216	0.0049
c42b0c2b-509d-4fbc-abfa-0a4ea909b49a	8	12130217	12177488	8	-0.8409
c42b0c2b-509d-4fbc-abfa-0a4ea909b49a	8	12323772	14652059	1994	-0.0078
c42b0c2b-509d-4fbc-abfa-0a4ea909b49a	8	14652523	14652565	3	-1.7109
c42b0c2b-509d-4fbc-abfa-0a4ea909b49a	8	14652887	15543669	774	-0.0081
c42b0c2b-509d-4fbc-abfa-0a4ea909b49a	8	15545551	15555938	9	-1.0737
c42b0c2b-509d-4fbc-abfa-0a4ea909b49a	8	15565761	15583077	18	0.0289
c42b0c2b-509d-4fbc-abfa-0a4ea909b49a	8	15583374	15583908	3	-1.1967
c42b0c2b-509d-4fbc-abfa-0a4ea909b49a	8	15584046	15916847	343	-0.0031
c42b0c2b-509d-4fbc-abfa-0a4ea909b49a	8	15920406	15930760	8	-1.0298
c42b0c2b-509d-4fbc-abfa-0a4ea909b49a	8	15931492	16404738	414	0.008
c42b0c2b-509d-4fbc-abfa-0a4ea909b49a	8	16404755	16417152	26	-0.813
c42b0c2b-509d-4fbc-abfa-0a4ea909b49a	8	16421186	23544795	5711	-0.0015
c42b0c2b-509d-4fbc-abfa-0a4ea909b49a	8	23550227	23550358	5	-0.8747
c42b0c2b-509d-4fbc-abfa-0a4ea909b49a	8	23550392	25114672	1138	-0.0084
c42b0c2b-509d-4fbc-abfa-0a4ea909b49a	8	25116928	25126818	27	-0.5864
c42b0c2b-509d-4fbc-abfa-0a4ea909b49a	8	25133589	39373140	9013	0.0045
c42b0c2b-509d-4fbc-abfa-0a4ea909b49a	8	39378084	39529446	58	-2.509
c42b0c2b-509d-4fbc-abfa-0a4ea909b49a	8	39530780	111282237	41989	-0.0014
c42b0c2b-509d-4fbc-abfa-0a4ea909b49a	8	111282441	111283016	5	-2.3913
c42b0c2b-509d-4fbc-abfa-0a4ea909b49a	8	111283031	141847036	21653	0.0017
c42b0c2b-509d-4fbc-abfa-0a4ea909b49a	8	141847107	141848731	2	-1.5066
c42b0c2b-509d-4fbc-abfa-0a4ea909b49a	8	141849043	143616987	748	0.0276
c42b0c2b-509d-4fbc-abfa-0a4ea909b49a	8	143622987	143625638	9	0.6786
c42b0c2b-509d-4fbc-abfa-0a4ea909b49a	8	143636819	145072769	502	-0.0069
c42b0c2b-509d-4fbc-abfa-0a4ea909b49a	9	46587	17635578	15875	-0.0012
c42b0c2b-509d-4fbc-abfa-0a4ea909b49a	9	17636339	17636676	7	-0.9663
c42b0c2b-509d-4fbc-abfa-0a4ea909b49a	9	17641130	23361807	4525	0.0011
c42b0c2b-509d-4fbc-abfa-0a4ea909b49a	9	23363117	23373486	8	-2.0955
c42b0c2b-509d-4fbc-abfa-0a4ea909b49a	9	23378490	23380447	3	-0.8311
c42b0c2b-509d-4fbc-abfa-0a4ea909b49a	9	23380836	24503818	793	0.0015
c42b0c2b-509d-4fbc-abfa-0a4ea909b49a	9	24504127	24517684	19	-0.9542
c42b0c2b-509d-4fbc-abfa-0a4ea909b49a	9	24519686	28309880	2953	-0.0044
c42b0c2b-509d-4fbc-abfa-0a4ea909b49a	9	28310572	28311631	2	-1.3518
c42b0c2b-509d-4fbc-abfa-0a4ea909b49a	9	28312063	28649881	212	-0.023
c42b0c2b-509d-4fbc-abfa-0a4ea909b49a	9	28651441	28889865	216	-1.0437
c42b0c2b-509d-4fbc-abfa-0a4ea909b49a	9	28890588	39272359	6511	-0.0011
c42b0c2b-509d-4fbc-abfa-0a4ea909b49a	9	39313823	39342828	4	-1.7202
c42b0c2b-509d-4fbc-abfa-0a4ea909b49a	9	39455364	39588611	26	-0.0709
c42b0c2b-509d-4fbc-abfa-0a4ea909b49a	9	39747848	39840169	5	1.6398
c42b0c2b-509d-4fbc-abfa-0a4ea909b49a	9	40018947	42574420	138	0.0139
c42b0c2b-509d-4fbc-abfa-0a4ea909b49a	9	42585140	42727685	14	-0.8221
c42b0c2b-509d-4fbc-abfa-0a4ea909b49a	9	42729302	61572014	59	-0.0565
c42b0c2b-509d-4fbc-abfa-0a4ea909b49a	9	61573452	61680289	15	-0.5505
c42b0c2b-509d-4fbc-abfa-0a4ea909b49a	9	61692082	83898064	11366	0.0003
c42b0c2b-509d-4fbc-abfa-0a4ea909b49a	9	83898092	83902079	7	0.8447
c42b0c2b-509d-4fbc-abfa-0a4ea909b49a	9	83902625	87907679	3000	0.0024
c42b0c2b-509d-4fbc-abfa-0a4ea909b49a	9	87939236	87939304	2	-2.2729
c42b0c2b-509d-4fbc-abfa-0a4ea909b49a	9	87943042	106913073	12874	0.0018
c42b0c2b-509d-4fbc-abfa-0a4ea909b49a	9	106913992	106914149	2	-1.4496
c42b0c2b-509d-4fbc-abfa-0a4ea909b49a	9	106914612	131383392	17190	0.0057
c42b0c2b-509d-4fbc-abfa-0a4ea909b49a	9	131385539	131390317	5	-1.2313
c42b0c2b-509d-4fbc-abfa-0a4ea909b49a	9	131396628	133307013	1338	0.0088
c42b0c2b-509d-4fbc-abfa-0a4ea909b49a	9	133307114	133307159	4	-0.761
c42b0c2b-509d-4fbc-abfa-0a4ea909b49a	9	133307252	135319522	1175	0.029
c42b0c2b-509d-4fbc-abfa-0a4ea909b49a	9	135322259	135324566	3	1.2207
c42b0c2b-509d-4fbc-abfa-0a4ea909b49a	9	135325951	138200944	1108	0.014
c42b0c2b-509d-4fbc-abfa-0a4ea909b49a	10	45792	65548951	44401	-0.0029
c42b0c2b-509d-4fbc-abfa-0a4ea909b49a	10	65548979	65554672	20	-0.6845
c42b0c2b-509d-4fbc-abfa-0a4ea909b49a	10	65554688	105854440	26026	-0.0017
c42b0c2b-509d-4fbc-abfa-0a4ea909b49a	10	105857359	105924244	77	-1.0408
c42b0c2b-509d-4fbc-abfa-0a4ea909b49a	10	105928593	122574497	12197	0.0017
c42b0c2b-509d-4fbc-abfa-0a4ea909b49a	10	122584593	122591497	6	-0.9313
c42b0c2b-509d-4fbc-abfa-0a4ea909b49a	10	122597296	133621047	7898	0.0123
c42b0c2b-509d-4fbc-abfa-0a4ea909b49a	10	133635853	133654968	3	-1.0855
c42b0c2b-509d-4fbc-abfa-0a4ea909b49a	11	198510	4217824	1737	0.0004
c42b0c2b-509d-4fbc-abfa-0a4ea909b49a	11	4228783	4314648	25	0.6488
c42b0c2b-509d-4fbc-abfa-0a4ea909b49a	11	4314837	4946420	655	0.0038
c42b0c2b-509d-4fbc-abfa-0a4ea909b49a	11	4947280	4952799	25	0.5764
c42b0c2b-509d-4fbc-abfa-0a4ea909b49a	11	4953934	5500921	543	-0.0118
c42b0c2b-509d-4fbc-abfa-0a4ea909b49a	11	5500945	5501334	5	-1.1216
c42b0c2b-509d-4fbc-abfa-0a4ea909b49a	11	5502363	5766175	239	-0.0066
c42b0c2b-509d-4fbc-abfa-0a4ea909b49a	11	5766850	5788231	34	-0.7806
c42b0c2b-509d-4fbc-abfa-0a4ea909b49a	11	5791130	18919323	9405	0.0002
c42b0c2b-509d-4fbc-abfa-0a4ea909b49a	11	18927525	18940441	44	-1.2389
c42b0c2b-509d-4fbc-abfa-0a4ea909b49a	11	18940469	34682704	11386	0.0035
c42b0c2b-509d-4fbc-abfa-0a4ea909b49a	11	34683469	34684677	3	-1.8118
c42b0c2b-509d-4fbc-abfa-0a4ea909b49a	11	34685046	37733866	2455	0.0009
c42b0c2b-509d-4fbc-abfa-0a4ea909b49a	11	37746263	37813411	39	0.6174
c42b0c2b-509d-4fbc-abfa-0a4ea909b49a	11	37821027	135074876	60189	0.0032
c42b0c2b-509d-4fbc-abfa-0a4ea909b49a	12	51460	2126723	1265	-0.0283
c42b0c2b-509d-4fbc-abfa-0a4ea909b49a	12	2136696	2149240	44	-0.8412
c42b0c2b-509d-4fbc-abfa-0a4ea909b49a	12	2150801	8204911	4227	0.004
c42b0c2b-509d-4fbc-abfa-0a4ea909b49a	12	8209454	8220161	9	0.9071
c42b0c2b-509d-4fbc-abfa-0a4ea909b49a	12	8241232	9282918	542	0.0012
c42b0c2b-509d-4fbc-abfa-0a4ea909b49a	12	9282978	9315213	8	-0.564
c42b0c2b-509d-4fbc-abfa-0a4ea909b49a	12	9320561	9477960	77	-0.0115
c42b0c2b-509d-4fbc-abfa-0a4ea909b49a	12	9481274	9575696	24	1.0358
c42b0c2b-509d-4fbc-abfa-0a4ea909b49a	12	9582373	11061546	1033	-0.0028
c42b0c2b-509d-4fbc-abfa-0a4ea909b49a	12	11062773	11088933	13	-1.0858
c42b0c2b-509d-4fbc-abfa-0a4ea909b49a	12	11099275	33141726	15533	-0.0049
c42b0c2b-509d-4fbc-abfa-0a4ea909b49a	12	33148472	33155426	28	-0.8216
c42b0c2b-509d-4fbc-abfa-0a4ea909b49a	12	33155453	133201603	61993	0.0002
c42b0c2b-509d-4fbc-abfa-0a4ea909b49a	13	18452809	23058865	2861	0.0036
c42b0c2b-509d-4fbc-abfa-0a4ea909b49a	13	23058992	23059376	6	-0.8969
c42b0c2b-509d-4fbc-abfa-0a4ea909b49a	13	23064056	37497899	10613	0.0024
c42b0c2b-509d-4fbc-abfa-0a4ea909b49a	13	37498087	37510620	15	-0.6974
c42b0c2b-509d-4fbc-abfa-0a4ea909b49a	13	37514193	57176962	12516	0.0042
c42b0c2b-509d-4fbc-abfa-0a4ea909b49a	13	57184136	57215580	35	0.3639
c42b0c2b-509d-4fbc-abfa-0a4ea909b49a	13	57215875	71902850	8986	-0.0011
c42b0c2b-509d-4fbc-abfa-0a4ea909b49a	13	71903417	71906418	4	-3.4257
c42b0c2b-509d-4fbc-abfa-0a4ea909b49a	13	71906467	114342922	29082	0.0004
c42b0c2b-509d-4fbc-abfa-0a4ea909b49a	14	18239283	19754411	77	-0.1182
c42b0c2b-509d-4fbc-abfa-0a4ea909b49a	14	19755844	19955213	90	-0.3226
c42b0c2b-509d-4fbc-abfa-0a4ea909b49a	14	19956767	106877229	55205	0.0011
c42b0c2b-509d-4fbc-abfa-0a4ea909b49a	15	19811075	20207225	60	0.0162
c42b0c2b-509d-4fbc-abfa-0a4ea909b49a	15	20210984	22272411	138	0.3492
c42b0c2b-509d-4fbc-abfa-0a4ea909b49a	15	22278707	76598900	33708	0.0028
c42b0c2b-509d-4fbc-abfa-0a4ea909b49a	15	76599170	76603434	21	-2.2457
c42b0c2b-509d-4fbc-abfa-0a4ea909b49a	15	76609838	83871965	4413	-0.0043
c42b0c2b-509d-4fbc-abfa-0a4ea909b49a	15	83871986	83874798	6	-0.8403
c42b0c2b-509d-4fbc-abfa-0a4ea909b49a	15	83878525	101928837	13190	0.0046
c42b0c2b-509d-4fbc-abfa-0a4ea909b49a	16	10777	5557889	2624	0.0073
c42b0c2b-509d-4fbc-abfa-0a4ea909b49a	16	5558088	5558150	2	-2.2145
c42b0c2b-509d-4fbc-abfa-0a4ea909b49a	16	5558336	55762682	24303	0.0018
c42b0c2b-509d-4fbc-abfa-0a4ea909b49a	16	55764310	55764867	2	2.9681
c42b0c2b-509d-4fbc-abfa-0a4ea909b49a	16	55770436	55788057	13	-0.77
c42b0c2b-509d-4fbc-abfa-0a4ea909b49a	16	55788485	55824881	15	0.4172
c42b0c2b-509d-4fbc-abfa-0a4ea909b49a	16	55834527	56280493	321	0.0041
c42b0c2b-509d-4fbc-abfa-0a4ea909b49a	16	56282314	56294181	11	-1.4299
c42b0c2b-509d-4fbc-abfa-0a4ea909b49a	16	56296920	70105639	8403	-0.0004
c42b0c2b-509d-4fbc-abfa-0a4ea909b49a	16	70117657	70164493	15	-0.6234
c42b0c2b-509d-4fbc-abfa-0a4ea909b49a	16	70177541	74364131	2298	-0.0037
c42b0c2b-509d-4fbc-abfa-0a4ea909b49a	16	74371293	74373481	4	-1.2936
c42b0c2b-509d-4fbc-abfa-0a4ea909b49a	16	74418138	77339142	2126	-0.0017
c42b0c2b-509d-4fbc-abfa-0a4ea909b49a	16	77339226	77339906	4	-1.1061
c42b0c2b-509d-4fbc-abfa-0a4ea909b49a	16	77341285	90096867	11698	0.0049
c42b0c2b-509d-4fbc-abfa-0a4ea909b49a	17	150733	46136800	23375	0.0005
c42b0c2b-509d-4fbc-abfa-0a4ea909b49a	17	46137998	46351954	89	0.3111
c42b0c2b-509d-4fbc-abfa-0a4ea909b49a	17	46446345	46446360	2	-2.2612
c42b0c2b-509d-4fbc-abfa-0a4ea909b49a	17	46569894	55390852	5226	0.0055
c42b0c2b-509d-4fbc-abfa-0a4ea909b49a	17	55391964	55396453	2	-1.4864
c42b0c2b-509d-4fbc-abfa-0a4ea909b49a	17	55397559	80467712	15246	0.0002
c42b0c2b-509d-4fbc-abfa-0a4ea909b49a	17	80469049	80471506	2	-1.3792
c42b0c2b-509d-4fbc-abfa-0a4ea909b49a	17	80486912	83091923	1083	0.0155
c42b0c2b-509d-4fbc-abfa-0a4ea909b49a	18	48133	66239629	40439	0.0024
c42b0c2b-509d-4fbc-abfa-0a4ea909b49a	18	66240197	66244352	10	-0.8977
c42b0c2b-509d-4fbc-abfa-0a4ea909b49a	18	66244639	80257174	10269	0.001
c42b0c2b-509d-4fbc-abfa-0a4ea909b49a	19	90910	12581187	5044	-0.0052
c42b0c2b-509d-4fbc-abfa-0a4ea909b49a	19	12586552	12587288	2	-2.2422
c42b0c2b-509d-4fbc-abfa-0a4ea909b49a	19	12589709	14928127	1053	-0.0152
c42b0c2b-509d-4fbc-abfa-0a4ea909b49a	19	14934380	14938487	3	-1.2582
c42b0c2b-509d-4fbc-abfa-0a4ea909b49a	19	14940475	15673342	493	-0.0036
c42b0c2b-509d-4fbc-abfa-0a4ea909b49a	19	15679275	15680807	2	-1.5805
c42b0c2b-509d-4fbc-abfa-0a4ea909b49a	19	15680854	30793899	6971	0.0014
c42b0c2b-509d-4fbc-abfa-0a4ea909b49a	19	30797211	30797633	2	1.3809
c42b0c2b-509d-4fbc-abfa-0a4ea909b49a	19	30799692	35364547	3142	0.0017
c42b0c2b-509d-4fbc-abfa-0a4ea909b49a	19	35365141	35370877	18	-0.8175
c42b0c2b-509d-4fbc-abfa-0a4ea909b49a	19	35370946	54815158	10077	-0.0029
c42b0c2b-509d-4fbc-abfa-0a4ea909b49a	19	54819199	54822372	2	-3.4281
c42b0c2b-509d-4fbc-abfa-0a4ea909b49a	19	54822429	54835887	8	-0.3922
c42b0c2b-509d-4fbc-abfa-0a4ea909b49a	19	54836219	54837236	3	-2.3889
c42b0c2b-509d-4fbc-abfa-0a4ea909b49a	19	54852069	55766684	442	0.0046
c42b0c2b-509d-4fbc-abfa-0a4ea909b49a	19	55770704	55771701	5	1.5544
c42b0c2b-509d-4fbc-abfa-0a4ea909b49a	19	55774927	58429147	1785	0.0091
c42b0c2b-509d-4fbc-abfa-0a4ea909b49a	19	58432041	58437684	7	-0.7023
c42b0c2b-509d-4fbc-abfa-0a4ea909b49a	19	58438212	58586487	47	-0.0255
c42b0c2b-509d-4fbc-abfa-0a4ea909b49a	20	80664	1580353	1204	-0.0045
c42b0c2b-509d-4fbc-abfa-0a4ea909b49a	20	1580934	1613203	40	1.7709
c42b0c2b-509d-4fbc-abfa-0a4ea909b49a	20	1613247	14812166	9918	0.0008
c42b0c2b-509d-4fbc-abfa-0a4ea909b49a	20	14812188	14812192	2	-2.7065
c42b0c2b-509d-4fbc-abfa-0a4ea909b49a	20	14812769	18286359	3156	0.0038
c42b0c2b-509d-4fbc-abfa-0a4ea909b49a	20	18287057	18287385	4	1.0902
c42b0c2b-509d-4fbc-abfa-0a4ea909b49a	20	18291985	23569676	4027	0.0068
c42b0c2b-509d-4fbc-abfa-0a4ea909b49a	20	23571179	23571661	2	-2.0959
c42b0c2b-509d-4fbc-abfa-0a4ea909b49a	20	23572036	26324943	1655	0.0042
c42b0c2b-509d-4fbc-abfa-0a4ea909b49a	20	30185676	30259177	15	-0.607
c42b0c2b-509d-4fbc-abfa-0a4ea909b49a	20	30271154	64324800	22344	0.006
c42b0c2b-509d-4fbc-abfa-0a4ea909b49a	21	10354168	10388521	6	-0.3894
c42b0c2b-509d-4fbc-abfa-0a4ea909b49a	21	10404309	10569525	49	0.0288
c42b0c2b-509d-4fbc-abfa-0a4ea909b49a	21	10571815	12973348	33	-0.3356
c42b0c2b-509d-4fbc-abfa-0a4ea909b49a	21	12992210	22283580	6208	-0.0006
c42b0c2b-509d-4fbc-abfa-0a4ea909b49a	21	22285238	22292338	8	-0.9349
c42b0c2b-509d-4fbc-abfa-0a4ea909b49a	21	22294679	46677045	17540	-0.0012
c42b0c2b-509d-4fbc-abfa-0a4ea909b49a	22	15294547	23232307	3935	0.012
c42b0c2b-509d-4fbc-abfa-0a4ea909b49a	22	23234925	23235402	2	-3.1643
c42b0c2b-509d-4fbc-abfa-0a4ea909b49a	22	23239115	38955461	11292	0.0036
c42b0c2b-509d-4fbc-abfa-0a4ea909b49a	22	38967614	38979302	24	-0.8697
c42b0c2b-509d-4fbc-abfa-0a4ea909b49a	22	38993700	48299054	6270	0.0001
c42b0c2b-509d-4fbc-abfa-0a4ea909b49a	22	48300847	48300885	2	-1.781
c42b0c2b-509d-4fbc-abfa-0a4ea909b49a	22	48301445	50796027	1742	0.0162
c42b0c2b-509d-4fbc-abfa-0a4ea909b49a	X	251810	22036389	12967	0.0076
c42b0c2b-509d-4fbc-abfa-0a4ea909b49a	X	22038014	22276697	222	0.6607
c42b0c2b-509d-4fbc-abfa-0a4ea909b49a	X	22280264	63193211	20329	-0.0015
c42b0c2b-509d-4fbc-abfa-0a4ea909b49a	X	63250575	63285991	21	0.8172
c42b0c2b-509d-4fbc-abfa-0a4ea909b49a	X	63297125	155952689	50038	-0.0012
c42b0c2b-509d-4fbc-abfa-0a4ea909b49a	Y	2782397	6075631	719	-2.8291
c42b0c2b-509d-4fbc-abfa-0a4ea909b49a	Y	6076562	8474842	1133	-3.3062
c42b0c2b-509d-4fbc-abfa-0a4ea909b49a	Y	8479294	9554586	400	-3.6767
c42b0c2b-509d-4fbc-abfa-0a4ea909b49a	Y	9555122	25614692	4210	-3.2622
c42b0c2b-509d-4fbc-abfa-0a4ea909b49a	Y	25692892	56872112	176	-2.9706
