GDC_Aliquot	Chromosome	Start	End	Num_Probes	Segment_Mean
24df8b22-52aa-4cad-ac16-c5cec9a379ed	1	62920	16467652	8623	-0.0069
24df8b22-52aa-4cad-ac16-c5cec9a379ed	1	16467775	16863509	81	0.1706
24df8b22-52aa-4cad-ac16-c5cec9a379ed	1	16864367	16935737	53	0.7458
24df8b22-52aa-4cad-ac16-c5cec9a379ed	1	16935752	25088630	5142	0.0023
24df8b22-52aa-4cad-ac16-c5cec9a379ed	1	25089191	25097831	5	-0.7441
24df8b22-52aa-4cad-ac16-c5cec9a379ed	1	25098398	25269390	119	-0.0066
24df8b22-52aa-4cad-ac16-c5cec9a379ed	1	25269456	25292549	15	-0.594
24df8b22-52aa-4cad-ac16-c5cec9a379ed	1	25301974	63003832	22390	0.0021
24df8b22-52aa-4cad-ac16-c5cec9a379ed	1	63005821	63006432	3	-1.2024
24df8b22-52aa-4cad-ac16-c5cec9a379ed	1	63007197	72302815	6352	0.0067
24df8b22-52aa-4cad-ac16-c5cec9a379ed	1	72303233	72345450	45	-1.1837
24df8b22-52aa-4cad-ac16-c5cec9a379ed	1	72345465	109684893	23600	0.0065
24df8b22-52aa-4cad-ac16-c5cec9a379ed	1	109690352	109697556	13	-0.6075
24df8b22-52aa-4cad-ac16-c5cec9a379ed	1	109702376	112147626	1949	0.0181
24df8b22-52aa-4cad-ac16-c5cec9a379ed	1	112147704	112163460	30	0.3081
24df8b22-52aa-4cad-ac16-c5cec9a379ed	1	112163496	121601998	5159	0.0053
24df8b22-52aa-4cad-ac16-c5cec9a379ed	1	121705338	143942271	129	-0.7417
24df8b22-52aa-4cad-ac16-c5cec9a379ed	1	144432083	152583051	2313	0.0172
24df8b22-52aa-4cad-ac16-c5cec9a379ed	1	152583230	152614118	35	-1.5947
24df8b22-52aa-4cad-ac16-c5cec9a379ed	1	152618018	152789447	167	0.025
24df8b22-52aa-4cad-ac16-c5cec9a379ed	1	152789463	152796224	36	-0.4629
24df8b22-52aa-4cad-ac16-c5cec9a379ed	1	152801429	153366548	460	-0.0011
24df8b22-52aa-4cad-ac16-c5cec9a379ed	1	153368173	153368348	2	-1.2179
24df8b22-52aa-4cad-ac16-c5cec9a379ed	1	153371898	161647612	4799	0.0016
24df8b22-52aa-4cad-ac16-c5cec9a379ed	1	161647641	161649268	9	0.5641
24df8b22-52aa-4cad-ac16-c5cec9a379ed	1	161678447	169247699	6006	0.0053
24df8b22-52aa-4cad-ac16-c5cec9a379ed	1	169264736	169269493	5	-0.8439
24df8b22-52aa-4cad-ac16-c5cec9a379ed	1	169269507	174827267	3517	0.0031
24df8b22-52aa-4cad-ac16-c5cec9a379ed	1	174827418	174832716	17	-0.7832
24df8b22-52aa-4cad-ac16-c5cec9a379ed	1	174832734	193186662	12238	0.0045
24df8b22-52aa-4cad-ac16-c5cec9a379ed	1	193187149	193187218	4	-0.9138
24df8b22-52aa-4cad-ac16-c5cec9a379ed	1	193190593	196762956	2397	0.014
24df8b22-52aa-4cad-ac16-c5cec9a379ed	1	196769493	196846661	57	-0.5582
24df8b22-52aa-4cad-ac16-c5cec9a379ed	1	196847600	209897717	8788	0.0001
24df8b22-52aa-4cad-ac16-c5cec9a379ed	1	209908268	209908720	2	-1.6888
24df8b22-52aa-4cad-ac16-c5cec9a379ed	1	209910639	248574146	26841	0.0053
24df8b22-52aa-4cad-ac16-c5cec9a379ed	1	248585893	248633912	32	-0.5028
24df8b22-52aa-4cad-ac16-c5cec9a379ed	1	248645563	248930189	141	0.0772
24df8b22-52aa-4cad-ac16-c5cec9a379ed	2	12784	4166274	2988	0.0149
24df8b22-52aa-4cad-ac16-c5cec9a379ed	2	4166610	4175577	35	-2.2802
24df8b22-52aa-4cad-ac16-c5cec9a379ed	2	4175922	4176429	6	-0.7644
24df8b22-52aa-4cad-ac16-c5cec9a379ed	2	4182472	34466002	21051	0.008
24df8b22-52aa-4cad-ac16-c5cec9a379ed	2	34474248	34511990	45	0.7478
24df8b22-52aa-4cad-ac16-c5cec9a379ed	2	34512096	40105711	4032	0.0173
24df8b22-52aa-4cad-ac16-c5cec9a379ed	2	40108270	40108319	2	-1.9454
24df8b22-52aa-4cad-ac16-c5cec9a379ed	2	40108736	52527743	8973	0.0096
24df8b22-52aa-4cad-ac16-c5cec9a379ed	2	52531615	52560811	34	-0.4868
24df8b22-52aa-4cad-ac16-c5cec9a379ed	2	52563002	87286164	22031	0.0081
24df8b22-52aa-4cad-ac16-c5cec9a379ed	2	87287256	87287267	2	-1.5033
24df8b22-52aa-4cad-ac16-c5cec9a379ed	2	87295819	97359885	1798	0.019
24df8b22-52aa-4cad-ac16-c5cec9a379ed	2	97524284	97545726	9	-1.0106
24df8b22-52aa-4cad-ac16-c5cec9a379ed	2	97550415	106266773	5573	0.0092
24df8b22-52aa-4cad-ac16-c5cec9a379ed	2	106266875	106268901	7	0.8918
24df8b22-52aa-4cad-ac16-c5cec9a379ed	2	106270799	113604438	3783	0.0102
24df8b22-52aa-4cad-ac16-c5cec9a379ed	2	113604837	113604839	2	-1.9486
24df8b22-52aa-4cad-ac16-c5cec9a379ed	2	113623244	116822000	1943	0.0134
24df8b22-52aa-4cad-ac16-c5cec9a379ed	2	116828073	116832277	4	-1.0267
24df8b22-52aa-4cad-ac16-c5cec9a379ed	2	116833669	125684646	5712	0.0099
24df8b22-52aa-4cad-ac16-c5cec9a379ed	2	125694074	125694336	2	1.4611
24df8b22-52aa-4cad-ac16-c5cec9a379ed	2	125694355	183929673	35668	0.0013
24df8b22-52aa-4cad-ac16-c5cec9a379ed	2	183929787	183937714	16	-0.8511
24df8b22-52aa-4cad-ac16-c5cec9a379ed	2	183943862	207485467	13658	0.0088
24df8b22-52aa-4cad-ac16-c5cec9a379ed	2	207485523	207485538	2	-1.3731
24df8b22-52aa-4cad-ac16-c5cec9a379ed	2	207485595	242147305	22099	0.0067
24df8b22-52aa-4cad-ac16-c5cec9a379ed	3	20930	2926956	2538	0.0537
24df8b22-52aa-4cad-ac16-c5cec9a379ed	3	2927375	2931355	5	-1.2413
24df8b22-52aa-4cad-ac16-c5cec9a379ed	3	2933398	17245526	11084	0.0118
24df8b22-52aa-4cad-ac16-c5cec9a379ed	3	17252194	17252896	2	-1.4298
24df8b22-52aa-4cad-ac16-c5cec9a379ed	3	17261553	33303001	11027	0.0136
24df8b22-52aa-4cad-ac16-c5cec9a379ed	3	33304895	33305198	2	-1.4394
24df8b22-52aa-4cad-ac16-c5cec9a379ed	3	33311916	46751887	8517	0.0086
24df8b22-52aa-4cad-ac16-c5cec9a379ed	3	46760327	46808099	40	-0.7036
24df8b22-52aa-4cad-ac16-c5cec9a379ed	3	46817989	75519398	19509	0.0106
24df8b22-52aa-4cad-ac16-c5cec9a379ed	3	75523398	75547095	8	0.6785
24df8b22-52aa-4cad-ac16-c5cec9a379ed	3	75559488	76267190	290	0.0074
24df8b22-52aa-4cad-ac16-c5cec9a379ed	3	76279831	76791105	357	-1.0379
24df8b22-52aa-4cad-ac16-c5cec9a379ed	3	76800296	82059630	3020	0.0036
24df8b22-52aa-4cad-ac16-c5cec9a379ed	3	82062201	82064038	3	-1.1091
24df8b22-52aa-4cad-ac16-c5cec9a379ed	3	82064741	84053071	1000	0.0119
24df8b22-52aa-4cad-ac16-c5cec9a379ed	3	84056282	84057015	2	-1.187
24df8b22-52aa-4cad-ac16-c5cec9a379ed	3	84061816	84650033	300	0.0212
24df8b22-52aa-4cad-ac16-c5cec9a379ed	3	84650533	84652985	14	-0.6038
24df8b22-52aa-4cad-ac16-c5cec9a379ed	3	84653010	95978170	4243	0.0153
24df8b22-52aa-4cad-ac16-c5cec9a379ed	3	95980237	95992193	11	-0.7728
24df8b22-52aa-4cad-ac16-c5cec9a379ed	3	95996449	98180575	1129	0.0094
24df8b22-52aa-4cad-ac16-c5cec9a379ed	3	98189826	98195973	4	-1.2077
24df8b22-52aa-4cad-ac16-c5cec9a379ed	3	98197104	99218940	591	0.0099
24df8b22-52aa-4cad-ac16-c5cec9a379ed	3	99225614	99230194	26	0.3542
24df8b22-52aa-4cad-ac16-c5cec9a379ed	3	99230212	130044016	18717	0.0048
24df8b22-52aa-4cad-ac16-c5cec9a379ed	3	130044855	130087393	38	-1.5218
24df8b22-52aa-4cad-ac16-c5cec9a379ed	3	130088081	143566923	8366	0.0111
24df8b22-52aa-4cad-ac16-c5cec9a379ed	3	143566958	143567132	4	1.3535
24df8b22-52aa-4cad-ac16-c5cec9a379ed	3	143567959	162405578	11625	0.0135
24df8b22-52aa-4cad-ac16-c5cec9a379ed	3	162419812	162424917	14	-0.6783
24df8b22-52aa-4cad-ac16-c5cec9a379ed	3	162426460	162786879	253	0.0234
24df8b22-52aa-4cad-ac16-c5cec9a379ed	3	162788742	162906093	71	0.4604
24df8b22-52aa-4cad-ac16-c5cec9a379ed	3	162906109	186688349	14436	0.0138
24df8b22-52aa-4cad-ac16-c5cec9a379ed	3	186695072	186697745	8	-0.9336
24df8b22-52aa-4cad-ac16-c5cec9a379ed	3	186698220	190299847	2707	0.0083
24df8b22-52aa-4cad-ac16-c5cec9a379ed	3	190301762	190301771	2	-1.1785
24df8b22-52aa-4cad-ac16-c5cec9a379ed	3	190304359	192585894	1605	0.0139
24df8b22-52aa-4cad-ac16-c5cec9a379ed	3	192594507	192595268	3	-1.0031
24df8b22-52aa-4cad-ac16-c5cec9a379ed	3	192595464	193160113	404	0.0251
24df8b22-52aa-4cad-ac16-c5cec9a379ed	3	193160173	193169977	35	0.2755
24df8b22-52aa-4cad-ac16-c5cec9a379ed	3	193170853	195663809	1468	0.0065
24df8b22-52aa-4cad-ac16-c5cec9a379ed	3	195673928	195715711	19	-0.3735
24df8b22-52aa-4cad-ac16-c5cec9a379ed	3	195719726	198169247	1188	0.0141
24df8b22-52aa-4cad-ac16-c5cec9a379ed	4	68929	5309029	2527	0.004
24df8b22-52aa-4cad-ac16-c5cec9a379ed	4	5313707	5323715	10	-0.5088
24df8b22-52aa-4cad-ac16-c5cec9a379ed	4	5328588	9455251	2620	-0.0029
24df8b22-52aa-4cad-ac16-c5cec9a379ed	4	9459504	9477699	6	-1.4149
24df8b22-52aa-4cad-ac16-c5cec9a379ed	4	9484440	10208766	540	-0.0021
24df8b22-52aa-4cad-ac16-c5cec9a379ed	4	10212536	10232642	31	-2.1314
24df8b22-52aa-4cad-ac16-c5cec9a379ed	4	10232984	10233644	5	-0.7564
24df8b22-52aa-4cad-ac16-c5cec9a379ed	4	10234518	10388498	170	0.0061
24df8b22-52aa-4cad-ac16-c5cec9a379ed	4	10389091	10399044	17	0.4805
24df8b22-52aa-4cad-ac16-c5cec9a379ed	4	10401094	34777382	16779	0.0054
24df8b22-52aa-4cad-ac16-c5cec9a379ed	4	34777403	34823103	41	0.7328
24df8b22-52aa-4cad-ac16-c5cec9a379ed	4	34828250	36448279	1083	0.0194
24df8b22-52aa-4cad-ac16-c5cec9a379ed	4	36448795	36452449	5	-1.0006
24df8b22-52aa-4cad-ac16-c5cec9a379ed	4	36458649	37515202	750	0.0158
24df8b22-52aa-4cad-ac16-c5cec9a379ed	4	37516941	37517522	3	-1.1043
24df8b22-52aa-4cad-ac16-c5cec9a379ed	4	37517951	63188175	14363	0.0056
24df8b22-52aa-4cad-ac16-c5cec9a379ed	4	63210672	63223103	11	-1.039
24df8b22-52aa-4cad-ac16-c5cec9a379ed	4	63227011	63828222	339	0.0126
24df8b22-52aa-4cad-ac16-c5cec9a379ed	4	63831751	63842540	28	-0.3335
24df8b22-52aa-4cad-ac16-c5cec9a379ed	4	63850713	68394833	2854	0.0045
24df8b22-52aa-4cad-ac16-c5cec9a379ed	4	68395346	68422424	6	1.1917
24df8b22-52aa-4cad-ac16-c5cec9a379ed	4	68429081	68506285	12	0.2011
24df8b22-52aa-4cad-ac16-c5cec9a379ed	4	68509223	68623617	66	-0.2805
24df8b22-52aa-4cad-ac16-c5cec9a379ed	4	68639397	69257792	314	0.0663
24df8b22-52aa-4cad-ac16-c5cec9a379ed	4	69261926	69366406	56	-0.6972
24df8b22-52aa-4cad-ac16-c5cec9a379ed	4	69370433	85722589	10185	0.0034
24df8b22-52aa-4cad-ac16-c5cec9a379ed	4	85722704	85722949	3	1.4149
24df8b22-52aa-4cad-ac16-c5cec9a379ed	4	85722977	114252544	17127	0.0059
24df8b22-52aa-4cad-ac16-c5cec9a379ed	4	114254167	114261019	23	0.9074
24df8b22-52aa-4cad-ac16-c5cec9a379ed	4	114263073	151868241	22072	0.0055
24df8b22-52aa-4cad-ac16-c5cec9a379ed	4	151868634	151871415	13	-1.0253
24df8b22-52aa-4cad-ac16-c5cec9a379ed	4	151871739	151874236	5	0.7554
24df8b22-52aa-4cad-ac16-c5cec9a379ed	4	151874621	160952848	5864	0.0056
24df8b22-52aa-4cad-ac16-c5cec9a379ed	4	160958866	160963448	20	-0.5084
24df8b22-52aa-4cad-ac16-c5cec9a379ed	4	160963756	170346793	5974	0.008
24df8b22-52aa-4cad-ac16-c5cec9a379ed	4	170346931	170352007	7	-0.7301
24df8b22-52aa-4cad-ac16-c5cec9a379ed	4	170352863	171448195	683	0.003
24df8b22-52aa-4cad-ac16-c5cec9a379ed	4	171453733	171456559	10	-0.521
24df8b22-52aa-4cad-ac16-c5cec9a379ed	4	171456573	172066777	399	-0.0071
24df8b22-52aa-4cad-ac16-c5cec9a379ed	4	172067997	172068382	12	-1.5486
24df8b22-52aa-4cad-ac16-c5cec9a379ed	4	172074828	172501371	231	0.001
24df8b22-52aa-4cad-ac16-c5cec9a379ed	4	172503796	172507492	7	0.9772
24df8b22-52aa-4cad-ac16-c5cec9a379ed	4	172519981	188041265	10529	0.01
24df8b22-52aa-4cad-ac16-c5cec9a379ed	4	188041415	189894108	1257	0.0713
24df8b22-52aa-4cad-ac16-c5cec9a379ed	4	189895708	190030808	43	-0.0375
24df8b22-52aa-4cad-ac16-c5cec9a379ed	4	190036331	190106768	7	0.8468
24df8b22-52aa-4cad-ac16-c5cec9a379ed	5	15532	46271006	30662	0.0119
24df8b22-52aa-4cad-ac16-c5cec9a379ed	5	46271828	46273400	6	-2.498
24df8b22-52aa-4cad-ac16-c5cec9a379ed	5	46278110	58025819	5074	0.0112
24df8b22-52aa-4cad-ac16-c5cec9a379ed	5	58030200	58037706	32	1.6953
24df8b22-52aa-4cad-ac16-c5cec9a379ed	5	58042530	59172842	890	0.0282
24df8b22-52aa-4cad-ac16-c5cec9a379ed	5	59173222	59174456	4	-0.7281
24df8b22-52aa-4cad-ac16-c5cec9a379ed	5	59180291	63340029	2579	0.0006
24df8b22-52aa-4cad-ac16-c5cec9a379ed	5	63340115	63857796	315	0.0912
24df8b22-52aa-4cad-ac16-c5cec9a379ed	5	63858997	70959071	3522	0.0095
24df8b22-52aa-4cad-ac16-c5cec9a379ed	5	70959073	71095358	12	0.5855
24df8b22-52aa-4cad-ac16-c5cec9a379ed	5	71095426	104515520	19511	0.0137
24df8b22-52aa-4cad-ac16-c5cec9a379ed	5	104524672	104524903	4	-1.1487
24df8b22-52aa-4cad-ac16-c5cec9a379ed	5	104525348	136288248	20828	0.0113
24df8b22-52aa-4cad-ac16-c5cec9a379ed	5	136295614	136302155	6	-0.986
24df8b22-52aa-4cad-ac16-c5cec9a379ed	5	136305957	140839137	2369	0.0083
24df8b22-52aa-4cad-ac16-c5cec9a379ed	5	140844251	140864171	13	-0.7306
24df8b22-52aa-4cad-ac16-c5cec9a379ed	5	140872578	150822643	6568	0.0081
24df8b22-52aa-4cad-ac16-c5cec9a379ed	5	150825938	150843825	9	-0.6988
24df8b22-52aa-4cad-ac16-c5cec9a379ed	5	150844533	180947523	20248	0.0033
24df8b22-52aa-4cad-ac16-c5cec9a379ed	5	180951710	180990911	18	0.6001
24df8b22-52aa-4cad-ac16-c5cec9a379ed	5	180991103	181363319	171	0.0057
24df8b22-52aa-4cad-ac16-c5cec9a379ed	6	149661	285695	116	0.0213
24df8b22-52aa-4cad-ac16-c5cec9a379ed	6	286393	421317	118	0.21
24df8b22-52aa-4cad-ac16-c5cec9a379ed	6	422408	31313046	22091	0.0056
24df8b22-52aa-4cad-ac16-c5cec9a379ed	6	31318499	31328674	11	-1.1911
24df8b22-52aa-4cad-ac16-c5cec9a379ed	6	31342147	32486746	503	0.0214
24df8b22-52aa-4cad-ac16-c5cec9a379ed	6	32488906	32576532	25	-0.4816
24df8b22-52aa-4cad-ac16-c5cec9a379ed	6	32593518	32627306	20	-0.0139
24df8b22-52aa-4cad-ac16-c5cec9a379ed	6	32627455	32634330	3	-1.1116
24df8b22-52aa-4cad-ac16-c5cec9a379ed	6	32634492	52926962	12849	0.0021
24df8b22-52aa-4cad-ac16-c5cec9a379ed	6	52928056	52929066	4	-0.9009
24df8b22-52aa-4cad-ac16-c5cec9a379ed	6	52933264	54066269	856	0.0137
24df8b22-52aa-4cad-ac16-c5cec9a379ed	6	54066286	54067057	8	-1.2719
24df8b22-52aa-4cad-ac16-c5cec9a379ed	6	54070550	66328153	5367	0.0131
24df8b22-52aa-4cad-ac16-c5cec9a379ed	6	66331020	66333299	7	-0.6086
24df8b22-52aa-4cad-ac16-c5cec9a379ed	6	66333342	73882142	5012	0.0053
24df8b22-52aa-4cad-ac16-c5cec9a379ed	6	73882509	73891694	10	-0.5937
24df8b22-52aa-4cad-ac16-c5cec9a379ed	6	73893839	78253172	2766	0.0134
24df8b22-52aa-4cad-ac16-c5cec9a379ed	6	78259348	78325468	113	0.455
24df8b22-52aa-4cad-ac16-c5cec9a379ed	6	78329517	82543967	2730	0.0138
24df8b22-52aa-4cad-ac16-c5cec9a379ed	6	82550163	82558235	7	-0.9334
24df8b22-52aa-4cad-ac16-c5cec9a379ed	6	82565599	93864615	7222	0.0041
24df8b22-52aa-4cad-ac16-c5cec9a379ed	6	93864913	94924288	704	0.0635
24df8b22-52aa-4cad-ac16-c5cec9a379ed	6	94924591	103286954	4803	-0.0016
24df8b22-52aa-4cad-ac16-c5cec9a379ed	6	103290101	103314186	46	-1.078
24df8b22-52aa-4cad-ac16-c5cec9a379ed	6	103317795	161956525	37977	0.003
24df8b22-52aa-4cad-ac16-c5cec9a379ed	6	161956796	162684686	611	0.0664
24df8b22-52aa-4cad-ac16-c5cec9a379ed	6	162685858	170741917	5570	0.0139
24df8b22-52aa-4cad-ac16-c5cec9a379ed	7	43355	56908389	40092	0.0242
24df8b22-52aa-4cad-ac16-c5cec9a379ed	7	56997653	57088013	11	0.7083
24df8b22-52aa-4cad-ac16-c5cec9a379ed	7	57088031	88586380	14293	0.0198
24df8b22-52aa-4cad-ac16-c5cec9a379ed	7	88597851	90136413	1040	0.0906
24df8b22-52aa-4cad-ac16-c5cec9a379ed	7	90139872	98942500	5437	0.0205
24df8b22-52aa-4cad-ac16-c5cec9a379ed	7	98945485	98946020	2	-1.2446
24df8b22-52aa-4cad-ac16-c5cec9a379ed	7	98947160	105517609	3219	0.0211
24df8b22-52aa-4cad-ac16-c5cec9a379ed	7	105519977	105526073	3	-1.7379
24df8b22-52aa-4cad-ac16-c5cec9a379ed	7	105526329	107080487	1103	0.0123
24df8b22-52aa-4cad-ac16-c5cec9a379ed	7	107085986	107087412	2	-1.1308
24df8b22-52aa-4cad-ac16-c5cec9a379ed	7	107089530	109793728	1713	0.0101
24df8b22-52aa-4cad-ac16-c5cec9a379ed	7	109793741	109813853	36	0.521
24df8b22-52aa-4cad-ac16-c5cec9a379ed	7	109813925	126404920	10022	0.0207
24df8b22-52aa-4cad-ac16-c5cec9a379ed	7	126405428	126406561	12	-0.893
24df8b22-52aa-4cad-ac16-c5cec9a379ed	7	126406822	134100424	4700	0.018
24df8b22-52aa-4cad-ac16-c5cec9a379ed	7	134100442	134114444	35	0.582
24df8b22-52aa-4cad-ac16-c5cec9a379ed	7	134121491	142059987	5186	0.0194
24df8b22-52aa-4cad-ac16-c5cec9a379ed	7	142060194	142116196	49	0.2878
24df8b22-52aa-4cad-ac16-c5cec9a379ed	7	142116317	142333157	164	0.0021
24df8b22-52aa-4cad-ac16-c5cec9a379ed	7	142334575	142554640	168	0.1642
24df8b22-52aa-4cad-ac16-c5cec9a379ed	7	142563940	142581256	2	-1.1173
24df8b22-52aa-4cad-ac16-c5cec9a379ed	7	142618972	142780878	94	0.1942
24df8b22-52aa-4cad-ac16-c5cec9a379ed	7	142783090	159334314	10424	0.0226
24df8b22-52aa-4cad-ac16-c5cec9a379ed	8	81254	1418902	897	0.0226
24df8b22-52aa-4cad-ac16-c5cec9a379ed	8	1419196	1419436	2	-1.749
24df8b22-52aa-4cad-ac16-c5cec9a379ed	8	1419522	7312952	6830	0.0232
24df8b22-52aa-4cad-ac16-c5cec9a379ed	8	7329110	7329124	2	1.9938
24df8b22-52aa-4cad-ac16-c5cec9a379ed	8	7336299	7396819	21	-0.2868
24df8b22-52aa-4cad-ac16-c5cec9a379ed	8	7397588	7537162	15	0.5522
24df8b22-52aa-4cad-ac16-c5cec9a379ed	8	7598502	7886542	6	-0.2652
24df8b22-52aa-4cad-ac16-c5cec9a379ed	8	7888457	7890177	4	-1.2838
24df8b22-52aa-4cad-ac16-c5cec9a379ed	8	7919608	8196822	19	-0.1041
24df8b22-52aa-4cad-ac16-c5cec9a379ed	8	8197738	8214781	3	-1.4269
24df8b22-52aa-4cad-ac16-c5cec9a379ed	8	8234503	12092042	3218	0.0162
24df8b22-52aa-4cad-ac16-c5cec9a379ed	8	12130217	12143614	6	-0.8724
24df8b22-52aa-4cad-ac16-c5cec9a379ed	8	12176798	12389977	31	0.5345
24df8b22-52aa-4cad-ac16-c5cec9a379ed	8	12418301	12788880	112	0.0278
24df8b22-52aa-4cad-ac16-c5cec9a379ed	8	12791219	12795017	4	-1.3498
24df8b22-52aa-4cad-ac16-c5cec9a379ed	8	12796024	40914477	20470	0.0048
24df8b22-52aa-4cad-ac16-c5cec9a379ed	8	40920333	40920952	2	-1.9141
24df8b22-52aa-4cad-ac16-c5cec9a379ed	8	40926161	46605390	1690	0.0022
24df8b22-52aa-4cad-ac16-c5cec9a379ed	8	46609495	46623644	10	0.6282
24df8b22-52aa-4cad-ac16-c5cec9a379ed	8	46624924	49151433	1209	-0.0103
24df8b22-52aa-4cad-ac16-c5cec9a379ed	8	49157539	49157809	4	-1.3241
24df8b22-52aa-4cad-ac16-c5cec9a379ed	8	49160977	137810080	56693	0.0051
24df8b22-52aa-4cad-ac16-c5cec9a379ed	8	137811491	137812412	3	-1.1454
24df8b22-52aa-4cad-ac16-c5cec9a379ed	8	137812781	145072769	4239	0.0084
24df8b22-52aa-4cad-ac16-c5cec9a379ed	9	46587	1943156	2102	0.0188
24df8b22-52aa-4cad-ac16-c5cec9a379ed	9	1943968	1948414	8	-0.9403
24df8b22-52aa-4cad-ac16-c5cec9a379ed	9	1953290	6695986	4260	0.0107
24df8b22-52aa-4cad-ac16-c5cec9a379ed	9	6701145	6708357	7	-0.851
24df8b22-52aa-4cad-ac16-c5cec9a379ed	9	6712314	29091099	18386	0.0119
24df8b22-52aa-4cad-ac16-c5cec9a379ed	9	29094551	29097682	3	-2.8209
24df8b22-52aa-4cad-ac16-c5cec9a379ed	9	29101434	39481878	6400	0.0044
24df8b22-52aa-4cad-ac16-c5cec9a379ed	9	39483251	39807498	14	0.4633
24df8b22-52aa-4cad-ac16-c5cec9a379ed	9	39827488	39833357	2	-1.5939
24df8b22-52aa-4cad-ac16-c5cec9a379ed	9	39840169	42585140	140	0.0833
24df8b22-52aa-4cad-ac16-c5cec9a379ed	9	42697878	42727685	13	-0.6695
24df8b22-52aa-4cad-ac16-c5cec9a379ed	9	42729302	87522994	14071	0.0007
24df8b22-52aa-4cad-ac16-c5cec9a379ed	9	87524094	87524403	2	-1.2363
24df8b22-52aa-4cad-ac16-c5cec9a379ed	9	87524490	95487805	5416	0.0077
24df8b22-52aa-4cad-ac16-c5cec9a379ed	9	95487916	95487949	2	2.2378
24df8b22-52aa-4cad-ac16-c5cec9a379ed	9	95487988	110187430	10597	0.0064
24df8b22-52aa-4cad-ac16-c5cec9a379ed	9	110188025	110190820	6	0.7605
24df8b22-52aa-4cad-ac16-c5cec9a379ed	9	110194413	110227802	27	0.0095
24df8b22-52aa-4cad-ac16-c5cec9a379ed	9	110229229	110233010	2	-1.4316
24df8b22-52aa-4cad-ac16-c5cec9a379ed	9	110236699	133792329	16004	0.003
24df8b22-52aa-4cad-ac16-c5cec9a379ed	9	133792484	133792488	2	-1.6496
24df8b22-52aa-4cad-ac16-c5cec9a379ed	9	133800186	133904479	88	-0.0073
24df8b22-52aa-4cad-ac16-c5cec9a379ed	9	133904865	133916369	7	-0.5528
24df8b22-52aa-4cad-ac16-c5cec9a379ed	9	133922613	135319522	818	0.0017
24df8b22-52aa-4cad-ac16-c5cec9a379ed	9	135322259	135324566	3	0.8944
24df8b22-52aa-4cad-ac16-c5cec9a379ed	9	135325951	137358495	697	0.0032
24df8b22-52aa-4cad-ac16-c5cec9a379ed	9	137361190	137361381	3	-1.3408
24df8b22-52aa-4cad-ac16-c5cec9a379ed	9	137378551	138200944	407	0.0227
24df8b22-52aa-4cad-ac16-c5cec9a379ed	10	45792	4244878	3572	0.0203
24df8b22-52aa-4cad-ac16-c5cec9a379ed	10	4248622	4248732	3	1.0894
24df8b22-52aa-4cad-ac16-c5cec9a379ed	10	4248824	30957581	20638	0.0109
24df8b22-52aa-4cad-ac16-c5cec9a379ed	10	30962405	30962797	9	-0.5908
24df8b22-52aa-4cad-ac16-c5cec9a379ed	10	30962809	46538819	7461	0.0091
24df8b22-52aa-4cad-ac16-c5cec9a379ed	10	46543248	46810571	34	0.3923
24df8b22-52aa-4cad-ac16-c5cec9a379ed	10	46836986	46967412	4	-0.7783
24df8b22-52aa-4cad-ac16-c5cec9a379ed	10	47002596	50070600	1676	0.0029
24df8b22-52aa-4cad-ac16-c5cec9a379ed	10	50081224	50097459	2	-2.2262
24df8b22-52aa-4cad-ac16-c5cec9a379ed	10	50107474	51439714	889	0.0275
24df8b22-52aa-4cad-ac16-c5cec9a379ed	10	51439859	51440516	2	-1.0501
24df8b22-52aa-4cad-ac16-c5cec9a379ed	10	51441489	54920517	2752	0.0189
24df8b22-52aa-4cad-ac16-c5cec9a379ed	10	54923330	54924277	2	1.2829
24df8b22-52aa-4cad-ac16-c5cec9a379ed	10	54927534	65549243	7373	0.0164
24df8b22-52aa-4cad-ac16-c5cec9a379ed	10	65549249	65551602	9	-0.7586
24df8b22-52aa-4cad-ac16-c5cec9a379ed	10	65554104	79624129	9234	0.0099
24df8b22-52aa-4cad-ac16-c5cec9a379ed	10	79625643	79737848	11	-0.96
24df8b22-52aa-4cad-ac16-c5cec9a379ed	10	79747269	109852819	19760	0.0107
24df8b22-52aa-4cad-ac16-c5cec9a379ed	10	109852908	109854535	3	-1.591
24df8b22-52aa-4cad-ac16-c5cec9a379ed	10	109858224	133654968	17213	0.0122
24df8b22-52aa-4cad-ac16-c5cec9a379ed	11	198510	4949013	2416	0.0056
24df8b22-52aa-4cad-ac16-c5cec9a379ed	11	4949047	4952799	23	0.8258
24df8b22-52aa-4cad-ac16-c5cec9a379ed	11	4953934	5773462	800	-0.0016
24df8b22-52aa-4cad-ac16-c5cec9a379ed	11	5773478	5778600	8	0.6171
24df8b22-52aa-4cad-ac16-c5cec9a379ed	11	5781286	18919309	9417	0.0076
24df8b22-52aa-4cad-ac16-c5cec9a379ed	11	18919323	18939631	36	0.4509
24df8b22-52aa-4cad-ac16-c5cec9a379ed	11	18939734	48576870	20583	0.0083
24df8b22-52aa-4cad-ac16-c5cec9a379ed	11	48579882	48581124	2	-1.5798
24df8b22-52aa-4cad-ac16-c5cec9a379ed	11	48584766	55593955	1177	0.0306
24df8b22-52aa-4cad-ac16-c5cec9a379ed	11	55595864	55685533	60	0.3078
24df8b22-52aa-4cad-ac16-c5cec9a379ed	11	55686100	120503179	41254	0.0096
24df8b22-52aa-4cad-ac16-c5cec9a379ed	11	120506099	120931297	339	-1.1178
24df8b22-52aa-4cad-ac16-c5cec9a379ed	11	120931307	135074876	10684	0.0066
24df8b22-52aa-4cad-ac16-c5cec9a379ed	12	51460	756804	415	0.0047
24df8b22-52aa-4cad-ac16-c5cec9a379ed	12	759943	764863	18	-0.8885
24df8b22-52aa-4cad-ac16-c5cec9a379ed	12	766188	9467109	5732	0.0123
24df8b22-52aa-4cad-ac16-c5cec9a379ed	12	9467513	9587750	44	0.3049
24df8b22-52aa-4cad-ac16-c5cec9a379ed	12	9590690	10657719	756	0.0204
24df8b22-52aa-4cad-ac16-c5cec9a379ed	12	10663980	10665261	5	0.6454
24df8b22-52aa-4cad-ac16-c5cec9a379ed	12	10665344	11351157	403	0.0203
24df8b22-52aa-4cad-ac16-c5cec9a379ed	12	11358643	11390472	31	0.5995
24df8b22-52aa-4cad-ac16-c5cec9a379ed	12	11399258	20004549	5919	0.0178
24df8b22-52aa-4cad-ac16-c5cec9a379ed	12	20004810	20004821	2	-1.3536
24df8b22-52aa-4cad-ac16-c5cec9a379ed	12	20005226	22095235	1352	0.0138
24df8b22-52aa-4cad-ac16-c5cec9a379ed	12	22095435	22096272	11	-1.0633
24df8b22-52aa-4cad-ac16-c5cec9a379ed	12	22096280	24240820	1438	0.0124
24df8b22-52aa-4cad-ac16-c5cec9a379ed	12	24242268	24242338	3	-1.0047
24df8b22-52aa-4cad-ac16-c5cec9a379ed	12	24244010	37593924	7502	0.008
24df8b22-52aa-4cad-ac16-c5cec9a379ed	12	37618765	37620216	2	-1.3661
24df8b22-52aa-4cad-ac16-c5cec9a379ed	12	37640556	45506042	4754	0.0135
24df8b22-52aa-4cad-ac16-c5cec9a379ed	12	45510655	45515754	4	-1.1533
24df8b22-52aa-4cad-ac16-c5cec9a379ed	12	45519509	131242840	55481	0.0064
24df8b22-52aa-4cad-ac16-c5cec9a379ed	12	131248112	131341210	85	-0.8277
24df8b22-52aa-4cad-ac16-c5cec9a379ed	12	131348665	131636170	292	0.0078
24df8b22-52aa-4cad-ac16-c5cec9a379ed	12	131648039	131659651	18	-0.3955
24df8b22-52aa-4cad-ac16-c5cec9a379ed	12	131669648	133201603	554	0.0328
24df8b22-52aa-4cad-ac16-c5cec9a379ed	13	18452809	24448028	3980	0.0056
24df8b22-52aa-4cad-ac16-c5cec9a379ed	13	24449798	24465893	23	0.3483
24df8b22-52aa-4cad-ac16-c5cec9a379ed	13	24465904	37496998	9476	-0.0025
24df8b22-52aa-4cad-ac16-c5cec9a379ed	13	37497899	37502534	8	0.5752
24df8b22-52aa-4cad-ac16-c5cec9a379ed	13	37504215	38478674	709	0.0129
24df8b22-52aa-4cad-ac16-c5cec9a379ed	13	38483435	38483919	2	1.3373
24df8b22-52aa-4cad-ac16-c5cec9a379ed	13	38490920	63650072	15652	0.0085
24df8b22-52aa-4cad-ac16-c5cec9a379ed	13	63650659	63662559	9	-0.7955
24df8b22-52aa-4cad-ac16-c5cec9a379ed	13	63665430	64406673	427	0.0843
24df8b22-52aa-4cad-ac16-c5cec9a379ed	13	64407767	114342922	33828	0.0022
24df8b22-52aa-4cad-ac16-c5cec9a379ed	14	18239283	19019303	30	-0.0018
24df8b22-52aa-4cad-ac16-c5cec9a379ed	14	19049265	19955213	136	-0.3936
24df8b22-52aa-4cad-ac16-c5cec9a379ed	14	19956767	21872691	1281	0.034
24df8b22-52aa-4cad-ac16-c5cec9a379ed	14	21874234	22533736	604	0.1732
24df8b22-52aa-4cad-ac16-c5cec9a379ed	14	22534369	37889001	9676	0.0017
24df8b22-52aa-4cad-ac16-c5cec9a379ed	14	37893225	37895647	4	-1.1091
24df8b22-52aa-4cad-ac16-c5cec9a379ed	14	37898025	40139724	1310	0.0059
24df8b22-52aa-4cad-ac16-c5cec9a379ed	14	40144718	40147715	2	-2.4196
24df8b22-52aa-4cad-ac16-c5cec9a379ed	14	40148961	73529070	21190	0.0082
24df8b22-52aa-4cad-ac16-c5cec9a379ed	14	73534419	73563196	10	-1.4856
24df8b22-52aa-4cad-ac16-c5cec9a379ed	14	73563211	82834478	6104	0.005
24df8b22-52aa-4cad-ac16-c5cec9a379ed	14	82834764	82835658	2	-1.1414
24df8b22-52aa-4cad-ac16-c5cec9a379ed	14	82837989	105613310	14544	0.0029
24df8b22-52aa-4cad-ac16-c5cec9a379ed	14	105616252	105632998	4	0.7645
24df8b22-52aa-4cad-ac16-c5cec9a379ed	14	105636696	106321086	219	0.0354
24df8b22-52aa-4cad-ac16-c5cec9a379ed	14	106340102	106340774	3	-0.9693
24df8b22-52aa-4cad-ac16-c5cec9a379ed	14	106345431	106346129	4	-3.4457
24df8b22-52aa-4cad-ac16-c5cec9a379ed	14	106360014	106365807	4	-0.9185
24df8b22-52aa-4cad-ac16-c5cec9a379ed	14	106369985	106877229	270	0.062
24df8b22-52aa-4cad-ac16-c5cec9a379ed	15	19811075	20026653	47	-0.0567
24df8b22-52aa-4cad-ac16-c5cec9a379ed	15	20041119	21065721	114	0.1878
24df8b22-52aa-4cad-ac16-c5cec9a379ed	15	21067891	21096887	6	-0.7965
24df8b22-52aa-4cad-ac16-c5cec9a379ed	15	21262847	22776888	90	0.2049
24df8b22-52aa-4cad-ac16-c5cec9a379ed	15	22778845	101928837	51281	0.0056
24df8b22-52aa-4cad-ac16-c5cec9a379ed	16	10777	5557889	2624	-0.0014
24df8b22-52aa-4cad-ac16-c5cec9a379ed	16	5558088	5558150	2	-1.957
24df8b22-52aa-4cad-ac16-c5cec9a379ed	16	5558336	55761136	24308	0.0096
24df8b22-52aa-4cad-ac16-c5cec9a379ed	16	55762477	55788485	21	-2.094
24df8b22-52aa-4cad-ac16-c5cec9a379ed	16	55788532	55822948	13	0.6579
24df8b22-52aa-4cad-ac16-c5cec9a379ed	16	55824881	78337711	14267	0.0028
24df8b22-52aa-4cad-ac16-c5cec9a379ed	16	78338543	78350841	15	0.866
24df8b22-52aa-4cad-ac16-c5cec9a379ed	16	78350868	90096867	10617	0.0095
24df8b22-52aa-4cad-ac16-c5cec9a379ed	17	150733	6197464	3356	0.0141
24df8b22-52aa-4cad-ac16-c5cec9a379ed	17	6197476	6197491	2	1.3907
24df8b22-52aa-4cad-ac16-c5cec9a379ed	17	6197723	18452078	8026	0.01
24df8b22-52aa-4cad-ac16-c5cec9a379ed	17	18455632	18561272	25	0.5937
24df8b22-52aa-4cad-ac16-c5cec9a379ed	17	18561907	36119737	6841	0.0098
24df8b22-52aa-4cad-ac16-c5cec9a379ed	17	36120012	36208249	30	0.5543
24df8b22-52aa-4cad-ac16-c5cec9a379ed	17	36460442	41265456	2523	0.011
24df8b22-52aa-4cad-ac16-c5cec9a379ed	17	41266762	41266838	5	0.483
24df8b22-52aa-4cad-ac16-c5cec9a379ed	17	41266851	41274279	19	1.0926
24df8b22-52aa-4cad-ac16-c5cec9a379ed	17	41276472	46136800	2536	-0.0129
24df8b22-52aa-4cad-ac16-c5cec9a379ed	17	46137998	46267672	77	0.4508
24df8b22-52aa-4cad-ac16-c5cec9a379ed	17	46273919	46446360	13	-0.0474
24df8b22-52aa-4cad-ac16-c5cec9a379ed	17	46569894	64867438	10527	0.0036
24df8b22-52aa-4cad-ac16-c5cec9a379ed	17	64929599	64929920	2	1.3801
24df8b22-52aa-4cad-ac16-c5cec9a379ed	17	64930571	79233380	9266	0.0093
24df8b22-52aa-4cad-ac16-c5cec9a379ed	17	79236004	79236157	5	0.886
24df8b22-52aa-4cad-ac16-c5cec9a379ed	17	79238441	83091923	1761	0.0068
24df8b22-52aa-4cad-ac16-c5cec9a379ed	18	48133	920150	658	-0.0065
24df8b22-52aa-4cad-ac16-c5cec9a379ed	18	920307	922714	4	-0.9597
24df8b22-52aa-4cad-ac16-c5cec9a379ed	18	923766	12179113	8206	-0.0295
24df8b22-52aa-4cad-ac16-c5cec9a379ed	18	12181351	12228773	15	-0.4555
24df8b22-52aa-4cad-ac16-c5cec9a379ed	18	12238864	32397390	8601	-0.037
24df8b22-52aa-4cad-ac16-c5cec9a379ed	18	32397782	32404608	8	-0.7513
24df8b22-52aa-4cad-ac16-c5cec9a379ed	18	32404621	40680516	5295	-0.0336
24df8b22-52aa-4cad-ac16-c5cec9a379ed	18	40680526	40685425	14	-0.6944
24df8b22-52aa-4cad-ac16-c5cec9a379ed	18	40688060	71398517	21340	-0.0349
24df8b22-52aa-4cad-ac16-c5cec9a379ed	18	71398970	73873119	1987	0.023
24df8b22-52aa-4cad-ac16-c5cec9a379ed	18	73877512	80257174	4598	-0.0318
24df8b22-52aa-4cad-ac16-c5cec9a379ed	19	90910	14928127	6095	-0.0007
24df8b22-52aa-4cad-ac16-c5cec9a379ed	19	14934380	14938487	3	-1.3393
24df8b22-52aa-4cad-ac16-c5cec9a379ed	19	14940475	42493381	14173	0.0077
24df8b22-52aa-4cad-ac16-c5cec9a379ed	19	42495622	42671142	93	-0.9415
24df8b22-52aa-4cad-ac16-c5cec9a379ed	19	42677582	52813087	5188	0.0111
24df8b22-52aa-4cad-ac16-c5cec9a379ed	19	52815851	52815906	2	-1.3752
24df8b22-52aa-4cad-ac16-c5cec9a379ed	19	52824137	54815158	1249	0.0172
24df8b22-52aa-4cad-ac16-c5cec9a379ed	19	54819199	54822372	2	-1.7989
24df8b22-52aa-4cad-ac16-c5cec9a379ed	19	54822429	54836508	10	-0.2164
24df8b22-52aa-4cad-ac16-c5cec9a379ed	19	54837236	58586487	2287	0.0061
24df8b22-52aa-4cad-ac16-c5cec9a379ed	20	80664	64324800	42373	0.0063
24df8b22-52aa-4cad-ac16-c5cec9a379ed	21	10354168	10582026	59	0.0987
24df8b22-52aa-4cad-ac16-c5cec9a379ed	21	10585552	10756733	27	0.4533
24df8b22-52aa-4cad-ac16-c5cec9a379ed	21	10775586	13583316	183	0.013
24df8b22-52aa-4cad-ac16-c5cec9a379ed	21	13612103	13677975	4	-0.8722
24df8b22-52aa-4cad-ac16-c5cec9a379ed	21	13803967	46677045	23592	0.0064
24df8b22-52aa-4cad-ac16-c5cec9a379ed	22	15294547	20596277	2168	0.0269
24df8b22-52aa-4cad-ac16-c5cec9a379ed	22	20598622	20601876	3	-1.0663
24df8b22-52aa-4cad-ac16-c5cec9a379ed	22	20604014	22102756	939	0.0076
24df8b22-52aa-4cad-ac16-c5cec9a379ed	22	22106357	22106365	2	-1.2312
24df8b22-52aa-4cad-ac16-c5cec9a379ed	22	22108569	33777419	8532	0.0064
24df8b22-52aa-4cad-ac16-c5cec9a379ed	22	33778960	33778986	3	1.0819
24df8b22-52aa-4cad-ac16-c5cec9a379ed	22	33778998	38955461	3588	-0.0032
24df8b22-52aa-4cad-ac16-c5cec9a379ed	22	38967614	38979302	24	-0.5771
24df8b22-52aa-4cad-ac16-c5cec9a379ed	22	38993700	40195167	575	-0.0054
24df8b22-52aa-4cad-ac16-c5cec9a379ed	22	40198568	40202938	5	-0.9953
24df8b22-52aa-4cad-ac16-c5cec9a379ed	22	40204483	42501276	1312	-0.0029
24df8b22-52aa-4cad-ac16-c5cec9a379ed	22	42503434	42538456	21	0.5088
24df8b22-52aa-4cad-ac16-c5cec9a379ed	22	42546956	50796027	6099	-0.0011
24df8b22-52aa-4cad-ac16-c5cec9a379ed	X	251810	26161415	15898	0.0148
24df8b22-52aa-4cad-ac16-c5cec9a379ed	X	26164652	26192200	15	1.144
24df8b22-52aa-4cad-ac16-c5cec9a379ed	X	26200545	28205406	1265	0.005
24df8b22-52aa-4cad-ac16-c5cec9a379ed	X	28205461	28205785	3	-1.7435
24df8b22-52aa-4cad-ac16-c5cec9a379ed	X	28205954	41004344	8096	0.0068
24df8b22-52aa-4cad-ac16-c5cec9a379ed	X	41004886	41012423	3	-2.327
24df8b22-52aa-4cad-ac16-c5cec9a379ed	X	41013950	86647168	19400	0.0081
24df8b22-52aa-4cad-ac16-c5cec9a379ed	X	86652629	86652777	2	-4.0661
24df8b22-52aa-4cad-ac16-c5cec9a379ed	X	86657477	88100847	943	0.0149
24df8b22-52aa-4cad-ac16-c5cec9a379ed	X	88100953	88104945	3	-3.2521
24df8b22-52aa-4cad-ac16-c5cec9a379ed	X	88104959	122280438	18176	0.0095
24df8b22-52aa-4cad-ac16-c5cec9a379ed	X	122280476	122285553	4	-2.092
24df8b22-52aa-4cad-ac16-c5cec9a379ed	X	122286369	155952689	19752	0.0087
24df8b22-52aa-4cad-ac16-c5cec9a379ed	Y	2782397	56872112	6640	-1.032
