GDC_Aliquot	Chromosome	Start	End	Num_Probes	Segment_Mean
99d19cad-3e04-4feb-9de4-dc005c8fe518	1	62920	98602	13	-0.7057
99d19cad-3e04-4feb-9de4-dc005c8fe518	1	259407	7362491	3539	-0.0069
99d19cad-3e04-4feb-9de4-dc005c8fe518	1	7365004	7369031	5	-1.6487
99d19cad-3e04-4feb-9de4-dc005c8fe518	1	7369329	16504325	5064	0.006
99d19cad-3e04-4feb-9de4-dc005c8fe518	1	16505368	16868660	63	-0.3664
99d19cad-3e04-4feb-9de4-dc005c8fe518	1	16877002	72303253	34006	0.001
99d19cad-3e04-4feb-9de4-dc005c8fe518	1	72305460	72346221	45	-1.1949
99d19cad-3e04-4feb-9de4-dc005c8fe518	1	72346757	74803600	1504	0.0006
99d19cad-3e04-4feb-9de4-dc005c8fe518	1	74805388	74808182	2	-1.5814
99d19cad-3e04-4feb-9de4-dc005c8fe518	1	74808303	109642611	22052	0.0021
99d19cad-3e04-4feb-9de4-dc005c8fe518	1	109644606	109697533	26	-0.454
99d19cad-3e04-4feb-9de4-dc005c8fe518	1	109697556	112147704	1950	0.004
99d19cad-3e04-4feb-9de4-dc005c8fe518	1	112153343	112154576	21	-0.4287
99d19cad-3e04-4feb-9de4-dc005c8fe518	1	112154591	152583051	7590	0.0054
99d19cad-3e04-4feb-9de4-dc005c8fe518	1	152583230	152614118	35	-1.0048
99d19cad-3e04-4feb-9de4-dc005c8fe518	1	152618018	152787202	164	-0.0489
99d19cad-3e04-4feb-9de4-dc005c8fe518	1	152789447	152796224	37	-1.3517
99d19cad-3e04-4feb-9de4-dc005c8fe518	1	152801429	153023685	171	-0.0649
99d19cad-3e04-4feb-9de4-dc005c8fe518	1	153028238	153028502	2	-1.7897
99d19cad-3e04-4feb-9de4-dc005c8fe518	1	153028754	169247699	11086	-0.0022
99d19cad-3e04-4feb-9de4-dc005c8fe518	1	169264736	169272528	7	-2.4738
99d19cad-3e04-4feb-9de4-dc005c8fe518	1	169273163	195867556	17577	0.0063
99d19cad-3e04-4feb-9de4-dc005c8fe518	1	195867794	195867900	2	-2.271
99d19cad-3e04-4feb-9de4-dc005c8fe518	1	195868200	248585918	36197	0.0015
99d19cad-3e04-4feb-9de4-dc005c8fe518	1	248586259	248633912	30	-0.5627
99d19cad-3e04-4feb-9de4-dc005c8fe518	1	248645563	248930189	141	0.1074
99d19cad-3e04-4feb-9de4-dc005c8fe518	2	12784	34427804	24037	0.0108
99d19cad-3e04-4feb-9de4-dc005c8fe518	2	34434869	34511990	57	0.5122
99d19cad-3e04-4feb-9de4-dc005c8fe518	2	34512096	41154236	4915	0.0254
99d19cad-3e04-4feb-9de4-dc005c8fe518	2	41155676	41420461	212	0.1774
99d19cad-3e04-4feb-9de4-dc005c8fe518	2	41422585	52511964	7852	0.016
99d19cad-3e04-4feb-9de4-dc005c8fe518	2	52512042	52554404	43	-0.3423
99d19cad-3e04-4feb-9de4-dc005c8fe518	2	52560811	117465774	35506	0.0113
99d19cad-3e04-4feb-9de4-dc005c8fe518	2	117466188	117468375	5	-1.3672
99d19cad-3e04-4feb-9de4-dc005c8fe518	2	117470941	183220725	40477	0.0058
99d19cad-3e04-4feb-9de4-dc005c8fe518	2	183221060	183229270	10	-0.7665
99d19cad-3e04-4feb-9de4-dc005c8fe518	2	183229534	241780390	36007	0.0142
99d19cad-3e04-4feb-9de4-dc005c8fe518	2	241789329	242103439	125	-0.6131
99d19cad-3e04-4feb-9de4-dc005c8fe518	2	242103632	242147305	16	0.03
99d19cad-3e04-4feb-9de4-dc005c8fe518	3	20930	335566	299	0.0538
99d19cad-3e04-4feb-9de4-dc005c8fe518	3	335873	336109	2	-1.762
99d19cad-3e04-4feb-9de4-dc005c8fe518	3	336165	1633881	1149	0.0762
99d19cad-3e04-4feb-9de4-dc005c8fe518	3	1633955	1650846	12	-0.8223
99d19cad-3e04-4feb-9de4-dc005c8fe518	3	1661918	3010718	1155	0.075
99d19cad-3e04-4feb-9de4-dc005c8fe518	3	3010995	20271633	12607	0.0039
99d19cad-3e04-4feb-9de4-dc005c8fe518	3	20273630	20274591	2	-3.0465
99d19cad-3e04-4feb-9de4-dc005c8fe518	3	20286589	21775789	1078	0.0318
99d19cad-3e04-4feb-9de4-dc005c8fe518	3	21776252	21919435	168	0.2113
99d19cad-3e04-4feb-9de4-dc005c8fe518	3	21920801	46747685	16643	0.0077
99d19cad-3e04-4feb-9de4-dc005c8fe518	3	46750055	46808099	42	-0.4547
99d19cad-3e04-4feb-9de4-dc005c8fe518	3	46817989	52997995	2500	0.0063
99d19cad-3e04-4feb-9de4-dc005c8fe518	3	52998009	53004886	23	-0.65
99d19cad-3e04-4feb-9de4-dc005c8fe518	3	53004928	59849891	4669	0.0112
99d19cad-3e04-4feb-9de4-dc005c8fe518	3	59852882	61074940	1390	0.0666
99d19cad-3e04-4feb-9de4-dc005c8fe518	3	61075689	75372019	10827	0.0061
99d19cad-3e04-4feb-9de4-dc005c8fe518	3	75377956	75590356	71	-0.8506
99d19cad-3e04-4feb-9de4-dc005c8fe518	3	75596233	130044855	29660	0.0088
99d19cad-3e04-4feb-9de4-dc005c8fe518	3	130047743	130087393	37	-1.7111
99d19cad-3e04-4feb-9de4-dc005c8fe518	3	130088081	158632329	17620	0.0086
99d19cad-3e04-4feb-9de4-dc005c8fe518	3	158633095	158633756	2	-2.0204
99d19cad-3e04-4feb-9de4-dc005c8fe518	3	158641083	162775954	2587	0.0083
99d19cad-3e04-4feb-9de4-dc005c8fe518	3	162776329	162898127	76	0.3699
99d19cad-3e04-4feb-9de4-dc005c8fe518	3	162906054	172285320	5519	0.0108
99d19cad-3e04-4feb-9de4-dc005c8fe518	3	172285336	172286880	3	-2.2204
99d19cad-3e04-4feb-9de4-dc005c8fe518	3	172287255	175369161	2137	0.0123
99d19cad-3e04-4feb-9de4-dc005c8fe518	3	175369763	175721946	251	0.1633
99d19cad-3e04-4feb-9de4-dc005c8fe518	3	175724965	193160113	11229	0.0061
99d19cad-3e04-4feb-9de4-dc005c8fe518	3	193160173	193165114	19	-1.21
99d19cad-3e04-4feb-9de4-dc005c8fe518	3	193168646	198169247	2690	0.0282
99d19cad-3e04-4feb-9de4-dc005c8fe518	4	68929	4101617	1620	0.0235
99d19cad-3e04-4feb-9de4-dc005c8fe518	4	4108503	4151033	9	-1.6992
99d19cad-3e04-4feb-9de4-dc005c8fe518	4	4158336	9455251	3515	0.0056
99d19cad-3e04-4feb-9de4-dc005c8fe518	4	9459504	9484440	7	-1.1105
99d19cad-3e04-4feb-9de4-dc005c8fe518	4	9494650	9613219	35	-0.0445
99d19cad-3e04-4feb-9de4-dc005c8fe518	4	9613467	9624789	3	-0.7249
99d19cad-3e04-4feb-9de4-dc005c8fe518	4	9625216	10197004	461	0.0305
99d19cad-3e04-4feb-9de4-dc005c8fe518	4	10197200	10197343	4	-0.665
99d19cad-3e04-4feb-9de4-dc005c8fe518	4	10198064	10222004	33	0.0664
99d19cad-3e04-4feb-9de4-dc005c8fe518	4	10222224	10227684	12	0.6491
99d19cad-3e04-4feb-9de4-dc005c8fe518	4	10228006	34777403	16970	0.0017
99d19cad-3e04-4feb-9de4-dc005c8fe518	4	34777418	34823103	40	-0.3185
99d19cad-3e04-4feb-9de4-dc005c8fe518	4	34828250	49152601	8952	0.011
99d19cad-3e04-4feb-9de4-dc005c8fe518	4	49152752	49656595	26	-0.3847
99d19cad-3e04-4feb-9de4-dc005c8fe518	4	51819533	68478894	10446	0.0035
99d19cad-3e04-4feb-9de4-dc005c8fe518	4	68494770	68733813	81	-0.2609
99d19cad-3e04-4feb-9de4-dc005c8fe518	4	68734147	91003114	13821	0.0058
99d19cad-3e04-4feb-9de4-dc005c8fe518	4	91003221	91003964	3	-1.5909
99d19cad-3e04-4feb-9de4-dc005c8fe518	4	91004633	114586468	14067	0.0087
99d19cad-3e04-4feb-9de4-dc005c8fe518	4	114587010	114588837	2	-3.2767
99d19cad-3e04-4feb-9de4-dc005c8fe518	4	114589298	171448195	34361	0.007
99d19cad-3e04-4feb-9de4-dc005c8fe518	4	171453733	171456137	7	1.3685
99d19cad-3e04-4feb-9de4-dc005c8fe518	4	171456293	172066777	402	-0.0196
99d19cad-3e04-4feb-9de4-dc005c8fe518	4	172067997	172068382	12	-1.2842
99d19cad-3e04-4feb-9de4-dc005c8fe518	4	172074828	188300104	10912	0.0079
99d19cad-3e04-4feb-9de4-dc005c8fe518	4	188300206	188300270	3	1.5445
99d19cad-3e04-4feb-9de4-dc005c8fe518	4	188300285	189864410	1081	0.059
99d19cad-3e04-4feb-9de4-dc005c8fe518	4	189871792	190106768	58	-0.2749
99d19cad-3e04-4feb-9de4-dc005c8fe518	5	15532	21451168	15670	0.0152
99d19cad-3e04-4feb-9de4-dc005c8fe518	5	21451855	21452329	3	-2.1806
99d19cad-3e04-4feb-9de4-dc005c8fe518	5	21452387	45448478	14675	0.0074
99d19cad-3e04-4feb-9de4-dc005c8fe518	5	45455695	45888402	185	0.1537
99d19cad-3e04-4feb-9de4-dc005c8fe518	5	45888562	46196012	58	-0.0567
99d19cad-3e04-4feb-9de4-dc005c8fe518	5	46199332	46199333	2	-2.4949
99d19cad-3e04-4feb-9de4-dc005c8fe518	5	46209197	46251204	13	-0.0005
99d19cad-3e04-4feb-9de4-dc005c8fe518	5	46270906	46278110	9	0.7183
99d19cad-3e04-4feb-9de4-dc005c8fe518	5	46313245	58025819	5065	0.0047
99d19cad-3e04-4feb-9de4-dc005c8fe518	5	58030200	58037706	32	1.1206
99d19cad-3e04-4feb-9de4-dc005c8fe518	5	58042530	82365631	14318	0.008
99d19cad-3e04-4feb-9de4-dc005c8fe518	5	82367986	82398575	16	-0.4603
99d19cad-3e04-4feb-9de4-dc005c8fe518	5	82398698	99143476	9364	0.0131
99d19cad-3e04-4feb-9de4-dc005c8fe518	5	99147616	100514696	763	0.1048
99d19cad-3e04-4feb-9de4-dc005c8fe518	5	100514698	152134539	33047	0.0078
99d19cad-3e04-4feb-9de4-dc005c8fe518	5	152134610	152140710	16	-0.6859
99d19cad-3e04-4feb-9de4-dc005c8fe518	5	152140861	177687461	17424	-0.0037
99d19cad-3e04-4feb-9de4-dc005c8fe518	5	177705442	177801578	13	-0.6178
99d19cad-3e04-4feb-9de4-dc005c8fe518	5	177805604	177959278	21	0.0997
99d19cad-3e04-4feb-9de4-dc005c8fe518	5	177959312	177982825	12	-0.6992
99d19cad-3e04-4feb-9de4-dc005c8fe518	5	177983415	181363319	1951	0.0042
99d19cad-3e04-4feb-9de4-dc005c8fe518	6	149661	29906865	21636	0.0035
99d19cad-3e04-4feb-9de4-dc005c8fe518	6	29906932	29948709	21	-0.803
99d19cad-3e04-4feb-9de4-dc005c8fe518	6	29948728	32463515	1138	-0.0223
99d19cad-3e04-4feb-9de4-dc005c8fe518	6	32463775	32568621	28	0.9765
99d19cad-3e04-4feb-9de4-dc005c8fe518	6	32570802	32717773	72	0.0953
99d19cad-3e04-4feb-9de4-dc005c8fe518	6	32718088	32723035	12	0.6196
99d19cad-3e04-4feb-9de4-dc005c8fe518	6	32723053	52746586	12629	0.0024
99d19cad-3e04-4feb-9de4-dc005c8fe518	6	52749018	52799684	47	-0.3163
99d19cad-3e04-4feb-9de4-dc005c8fe518	6	52800741	53987279	868	-0.0026
99d19cad-3e04-4feb-9de4-dc005c8fe518	6	53991782	53999725	10	-1.0625
99d19cad-3e04-4feb-9de4-dc005c8fe518	6	54002509	54066353	66	0.024
99d19cad-3e04-4feb-9de4-dc005c8fe518	6	54066432	54067057	6	-1.1702
99d19cad-3e04-4feb-9de4-dc005c8fe518	6	54070550	61153934	2473	0.0184
99d19cad-3e04-4feb-9de4-dc005c8fe518	6	61166720	61166925	2	-1.7095
99d19cad-3e04-4feb-9de4-dc005c8fe518	6	61167406	66314441	2858	0.0099
99d19cad-3e04-4feb-9de4-dc005c8fe518	6	66315477	66327661	26	-0.5495
99d19cad-3e04-4feb-9de4-dc005c8fe518	6	66328128	66333299	9	-2.0913
99d19cad-3e04-4feb-9de4-dc005c8fe518	6	66333342	76726815	6780	0.0051
99d19cad-3e04-4feb-9de4-dc005c8fe518	6	76730151	76742924	18	-0.5589
99d19cad-3e04-4feb-9de4-dc005c8fe518	6	76742956	78262064	985	0.0203
99d19cad-3e04-4feb-9de4-dc005c8fe518	6	78262085	78325223	105	-0.3604
99d19cad-3e04-4feb-9de4-dc005c8fe518	6	78325310	93812387	9908	-0.002
99d19cad-3e04-4feb-9de4-dc005c8fe518	6	93812588	94533949	474	0.1218
99d19cad-3e04-4feb-9de4-dc005c8fe518	6	94534329	103286950	5057	0.0062
99d19cad-3e04-4feb-9de4-dc005c8fe518	6	103286954	103314186	47	0.7648
99d19cad-3e04-4feb-9de4-dc005c8fe518	6	103317795	104356321	660	-0.0087
99d19cad-3e04-4feb-9de4-dc005c8fe518	6	104357313	104358665	4	-1.7675
99d19cad-3e04-4feb-9de4-dc005c8fe518	6	104359051	170741917	43426	0.0019
99d19cad-3e04-4feb-9de4-dc005c8fe518	7	43355	6845907	3415	0.0176
99d19cad-3e04-4feb-9de4-dc005c8fe518	7	6853677	6890031	12	-0.8651
99d19cad-3e04-4feb-9de4-dc005c8fe518	7	6893145	16661412	7941	0.0168
99d19cad-3e04-4feb-9de4-dc005c8fe518	7	16661671	20115797	2893	0.0528
99d19cad-3e04-4feb-9de4-dc005c8fe518	7	20117925	56693807	25689	0.006
99d19cad-3e04-4feb-9de4-dc005c8fe518	7	56694420	56701121	3	-2.5464
99d19cad-3e04-4feb-9de4-dc005c8fe518	7	56704473	64178431	974	-0.0731
99d19cad-3e04-4feb-9de4-dc005c8fe518	7	64179620	88892050	13593	0.0108
99d19cad-3e04-4feb-9de4-dc005c8fe518	7	88897077	89609939	463	0.1345
99d19cad-3e04-4feb-9de4-dc005c8fe518	7	89612044	91578827	1358	0.0252
99d19cad-3e04-4feb-9de4-dc005c8fe518	7	91589569	91595723	5	-1.1996
99d19cad-3e04-4feb-9de4-dc005c8fe518	7	91596584	97756658	3840	0.0047
99d19cad-3e04-4feb-9de4-dc005c8fe518	7	97766148	97766197	8	-0.779
99d19cad-3e04-4feb-9de4-dc005c8fe518	7	97772620	111039763	7451	0.0116
99d19cad-3e04-4feb-9de4-dc005c8fe518	7	111041554	111663603	389	0.1393
99d19cad-3e04-4feb-9de4-dc005c8fe518	7	111669738	128518689	10212	0.0081
99d19cad-3e04-4feb-9de4-dc005c8fe518	7	128522840	128523281	2	-1.7827
99d19cad-3e04-4feb-9de4-dc005c8fe518	7	128527260	134100424	3291	0.0124
99d19cad-3e04-4feb-9de4-dc005c8fe518	7	134100442	134105690	23	0.4815
99d19cad-3e04-4feb-9de4-dc005c8fe518	7	134110881	154594970	12832	0.0114
99d19cad-3e04-4feb-9de4-dc005c8fe518	7	154595415	154609307	8	-1.0688
99d19cad-3e04-4feb-9de4-dc005c8fe518	7	154612049	159334314	3221	0.0127
99d19cad-3e04-4feb-9de4-dc005c8fe518	8	81254	7788805	7749	0.0241
99d19cad-3e04-4feb-9de4-dc005c8fe518	8	7838739	8132772	24	-0.6826
99d19cad-3e04-4feb-9de4-dc005c8fe518	8	8139659	12376789	3234	0.0121
99d19cad-3e04-4feb-9de4-dc005c8fe518	8	12376891	12695279	60	-0.366
99d19cad-3e04-4feb-9de4-dc005c8fe518	8	12695325	84979557	45641	0.0066
99d19cad-3e04-4feb-9de4-dc005c8fe518	8	84984559	84989808	5	-1.1302
99d19cad-3e04-4feb-9de4-dc005c8fe518	8	85098420	94781325	5621	0.013
99d19cad-3e04-4feb-9de4-dc005c8fe518	8	94781943	94782358	2	-1.8685
99d19cad-3e04-4feb-9de4-dc005c8fe518	8	94786166	111282809	10116	0.0074
99d19cad-3e04-4feb-9de4-dc005c8fe518	8	111282852	111283031	4	-2.5274
99d19cad-3e04-4feb-9de4-dc005c8fe518	8	111288052	114626472	1835	0.0025
99d19cad-3e04-4feb-9de4-dc005c8fe518	8	114626609	114629502	18	-0.5857
99d19cad-3e04-4feb-9de4-dc005c8fe518	8	114638468	145072769	21007	0.0028
99d19cad-3e04-4feb-9de4-dc005c8fe518	9	46587	10214551	9787	0.0179
99d19cad-3e04-4feb-9de4-dc005c8fe518	9	10216836	10261746	43	0.4973
99d19cad-3e04-4feb-9de4-dc005c8fe518	9	10261785	11271267	841	0.0144
99d19cad-3e04-4feb-9de4-dc005c8fe518	9	11274289	12619065	1051	0.1006
99d19cad-3e04-4feb-9de4-dc005c8fe518	9	12619365	29091099	12988	0.0073
99d19cad-3e04-4feb-9de4-dc005c8fe518	9	29094551	29097682	3	-2.3007
99d19cad-3e04-4feb-9de4-dc005c8fe518	9	29101434	39483645	6379	0.0044
99d19cad-3e04-4feb-9de4-dc005c8fe518	9	39484077	61405110	208	-0.2378
99d19cad-3e04-4feb-9de4-dc005c8fe518	9	61520021	61647899	30	-1.46
99d19cad-3e04-4feb-9de4-dc005c8fe518	9	61665362	67832599	165	-0.2566
99d19cad-3e04-4feb-9de4-dc005c8fe518	9	67915741	116778582	34677	0.0046
99d19cad-3e04-4feb-9de4-dc005c8fe518	9	116781197	116790602	16	-0.814
99d19cad-3e04-4feb-9de4-dc005c8fe518	9	116796481	138111320	13067	-0.0013
99d19cad-3e04-4feb-9de4-dc005c8fe518	9	138111854	138200944	46	-0.2063
99d19cad-3e04-4feb-9de4-dc005c8fe518	10	45792	24086334	19146	0.0208
99d19cad-3e04-4feb-9de4-dc005c8fe518	10	24088745	24089125	11	-1.936
99d19cad-3e04-4feb-9de4-dc005c8fe518	10	24089979	42157337	9865	0.0199
99d19cad-3e04-4feb-9de4-dc005c8fe518	10	42159354	42264605	16	-0.4303
99d19cad-3e04-4feb-9de4-dc005c8fe518	10	42267782	46146453	2379	0.0221
99d19cad-3e04-4feb-9de4-dc005c8fe518	10	46154876	46631433	218	0.3297
99d19cad-3e04-4feb-9de4-dc005c8fe518	10	46632302	47460004	298	0.0328
99d19cad-3e04-4feb-9de4-dc005c8fe518	10	47559592	47680348	6	0.9901
99d19cad-3e04-4feb-9de4-dc005c8fe518	10	47684886	50062639	1381	-0.0037
99d19cad-3e04-4feb-9de4-dc005c8fe518	10	50070600	50097459	3	-2.5456
99d19cad-3e04-4feb-9de4-dc005c8fe518	10	50107474	78639804	19491	0.0194
99d19cad-3e04-4feb-9de4-dc005c8fe518	10	78639862	78640850	2	-1.7669
99d19cad-3e04-4feb-9de4-dc005c8fe518	10	78641316	79689972	735	0.0127
99d19cad-3e04-4feb-9de4-dc005c8fe518	10	79736999	79737848	3	-1.6076
99d19cad-3e04-4feb-9de4-dc005c8fe518	10	79747269	133654968	36895	0.0196
99d19cad-3e04-4feb-9de4-dc005c8fe518	11	198510	4949013	2416	0.0011
99d19cad-3e04-4feb-9de4-dc005c8fe518	11	4949047	4957152	30	0.5536
99d19cad-3e04-4feb-9de4-dc005c8fe518	11	4961686	5499745	536	0.0157
99d19cad-3e04-4feb-9de4-dc005c8fe518	11	5500921	5501334	6	-1.833
99d19cad-3e04-4feb-9de4-dc005c8fe518	11	5502363	18887361	9638	0.0007
99d19cad-3e04-4feb-9de4-dc005c8fe518	11	18887587	18917623	19	-0.171
99d19cad-3e04-4feb-9de4-dc005c8fe518	11	18918546	18938568	37	0.619
99d19cad-3e04-4feb-9de4-dc005c8fe518	11	18939550	55635338	21759	0.0023
99d19cad-3e04-4feb-9de4-dc005c8fe518	11	55635968	55670243	19	-0.7709
99d19cad-3e04-4feb-9de4-dc005c8fe518	11	55671856	67821567	6248	0.0061
99d19cad-3e04-4feb-9de4-dc005c8fe518	11	67823157	67968943	38	-0.3658
99d19cad-3e04-4feb-9de4-dc005c8fe518	11	67969022	77372945	4973	0.0004
99d19cad-3e04-4feb-9de4-dc005c8fe518	11	77373660	77380529	3	-1.4703
99d19cad-3e04-4feb-9de4-dc005c8fe518	11	77382533	99693341	15575	0.01
99d19cad-3e04-4feb-9de4-dc005c8fe518	11	99693939	99694371	3	-2.2034
99d19cad-3e04-4feb-9de4-dc005c8fe518	11	99694692	115699934	11037	-0.0018
99d19cad-3e04-4feb-9de4-dc005c8fe518	11	115700515	115701094	2	-3.16
99d19cad-3e04-4feb-9de4-dc005c8fe518	11	115703421	135074876	14307	0.0015
99d19cad-3e04-4feb-9de4-dc005c8fe518	12	51460	760032	417	0
99d19cad-3e04-4feb-9de4-dc005c8fe518	12	760097	767212	20	-0.5945
99d19cad-3e04-4feb-9de4-dc005c8fe518	12	767776	1286008	286	0.0402
99d19cad-3e04-4feb-9de4-dc005c8fe518	12	1289945	1695714	243	0.1307
99d19cad-3e04-4feb-9de4-dc005c8fe518	12	1696702	8253044	4569	-0.0017
99d19cad-3e04-4feb-9de4-dc005c8fe518	12	8257106	8307348	14	-0.5371
99d19cad-3e04-4feb-9de4-dc005c8fe518	12	8310063	8405892	34	-0.0288
99d19cad-3e04-4feb-9de4-dc005c8fe518	12	8406040	8432076	17	-0.6448
99d19cad-3e04-4feb-9de4-dc005c8fe518	12	8442298	11068125	1618	0.0108
99d19cad-3e04-4feb-9de4-dc005c8fe518	12	11070111	11088933	9	-1.2874
99d19cad-3e04-4feb-9de4-dc005c8fe518	12	11099275	99398036	54742	0.0058
99d19cad-3e04-4feb-9de4-dc005c8fe518	12	99401515	99404374	25	-0.6303
99d19cad-3e04-4feb-9de4-dc005c8fe518	12	99404412	133201603	22668	0.0031
99d19cad-3e04-4feb-9de4-dc005c8fe518	13	18452809	18795170	76	-0.2775
99d19cad-3e04-4feb-9de4-dc005c8fe518	13	18795296	50010363	21867	0.0013
99d19cad-3e04-4feb-9de4-dc005c8fe518	13	50011101	50195165	85	0.2282
99d19cad-3e04-4feb-9de4-dc005c8fe518	13	50197383	52497017	1307	0.0254
99d19cad-3e04-4feb-9de4-dc005c8fe518	13	52500777	52520664	6	-0.3409
99d19cad-3e04-4feb-9de4-dc005c8fe518	13	52523849	52531650	3	-1.7357
99d19cad-3e04-4feb-9de4-dc005c8fe518	13	52543744	57184255	2620	-0.0014
99d19cad-3e04-4feb-9de4-dc005c8fe518	13	57184492	57433813	170	0.1547
99d19cad-3e04-4feb-9de4-dc005c8fe518	13	57441104	63365261	3470	0.0071
99d19cad-3e04-4feb-9de4-dc005c8fe518	13	63367881	64407884	621	0.112
99d19cad-3e04-4feb-9de4-dc005c8fe518	13	64409207	66370585	1199	-0.0007
99d19cad-3e04-4feb-9de4-dc005c8fe518	13	66374965	66828207	355	0.1149
99d19cad-3e04-4feb-9de4-dc005c8fe518	13	66828596	71902850	3192	0.0083
99d19cad-3e04-4feb-9de4-dc005c8fe518	13	71903417	71906418	4	-2.2115
99d19cad-3e04-4feb-9de4-dc005c8fe518	13	71906467	114342922	29019	-0.0001
99d19cad-3e04-4feb-9de4-dc005c8fe518	14	18239283	19383592	52	-0.1976
99d19cad-3e04-4feb-9de4-dc005c8fe518	14	19385032	19667065	9	-1.0934
99d19cad-3e04-4feb-9de4-dc005c8fe518	14	19669187	21635545	1222	0.035
99d19cad-3e04-4feb-9de4-dc005c8fe518	14	21636150	22568496	810	0.0911
99d19cad-3e04-4feb-9de4-dc005c8fe518	14	22573409	42284622	12355	0.0089
99d19cad-3e04-4feb-9de4-dc005c8fe518	14	42286760	46709246	2522	0.0541
99d19cad-3e04-4feb-9de4-dc005c8fe518	14	46709716	106423925	38088	0.0077
99d19cad-3e04-4feb-9de4-dc005c8fe518	14	106425447	106475361	49	-0.4421
99d19cad-3e04-4feb-9de4-dc005c8fe518	14	106487515	106877229	192	0.0501
99d19cad-3e04-4feb-9de4-dc005c8fe518	15	19811075	22631647	222	-0.2031
99d19cad-3e04-4feb-9de4-dc005c8fe518	15	22633586	24226855	899	0.0274
99d19cad-3e04-4feb-9de4-dc005c8fe518	15	24227083	24435245	82	-0.1392
99d19cad-3e04-4feb-9de4-dc005c8fe518	15	24435538	24473449	30	-0.6286
99d19cad-3e04-4feb-9de4-dc005c8fe518	15	24480146	76599170	32606	0.0077
99d19cad-3e04-4feb-9de4-dc005c8fe518	15	76599286	76603433	19	-1.693
99d19cad-3e04-4feb-9de4-dc005c8fe518	15	76603434	101928837	17576	0.0062
99d19cad-3e04-4feb-9de4-dc005c8fe518	16	10777	78337711	41157	0.0025
99d19cad-3e04-4feb-9de4-dc005c8fe518	16	78338543	78342480	7	1.3485
99d19cad-3e04-4feb-9de4-dc005c8fe518	16	78342814	90096867	10603	0.0089
99d19cad-3e04-4feb-9de4-dc005c8fe518	17	150733	22058829	12662	0.0088
99d19cad-3e04-4feb-9de4-dc005c8fe518	17	22167265	22703570	204	0.4588
99d19cad-3e04-4feb-9de4-dc005c8fe518	17	22707647	41266838	7920	-0.0003
99d19cad-3e04-4feb-9de4-dc005c8fe518	17	41266851	41274279	19	0.8374
99d19cad-3e04-4feb-9de4-dc005c8fe518	17	41276472	46351954	2622	-0.0052
99d19cad-3e04-4feb-9de4-dc005c8fe518	17	46446345	46446360	2	2.1824
99d19cad-3e04-4feb-9de4-dc005c8fe518	17	46569894	83091923	21531	0.0057
99d19cad-3e04-4feb-9de4-dc005c8fe518	18	48133	1902885	1311	0.0462
99d19cad-3e04-4feb-9de4-dc005c8fe518	18	1905357	1980667	91	-0.8417
99d19cad-3e04-4feb-9de4-dc005c8fe518	18	1980786	40680516	21337	-0.0022
99d19cad-3e04-4feb-9de4-dc005c8fe518	18	40680526	40685425	14	-1.5034
99d19cad-3e04-4feb-9de4-dc005c8fe518	18	40688060	45222435	2948	-0.0001
99d19cad-3e04-4feb-9de4-dc005c8fe518	18	45223744	45223864	2	-2.7959
99d19cad-3e04-4feb-9de4-dc005c8fe518	18	45224560	65536628	14129	-0.0022
99d19cad-3e04-4feb-9de4-dc005c8fe518	18	65536707	66060309	367	0.116
99d19cad-3e04-4feb-9de4-dc005c8fe518	18	66060363	71371540	3821	0.0042
99d19cad-3e04-4feb-9de4-dc005c8fe518	18	71371696	73502049	1685	0.0911
99d19cad-3e04-4feb-9de4-dc005c8fe518	18	73506509	80257174	4922	-0.0017
99d19cad-3e04-4feb-9de4-dc005c8fe518	19	90910	43193181	20553	-0.0036
99d19cad-3e04-4feb-9de4-dc005c8fe518	19	43198881	43252085	22	-0.7383
99d19cad-3e04-4feb-9de4-dc005c8fe518	19	43262507	44319973	677	0.0111
99d19cad-3e04-4feb-9de4-dc005c8fe518	19	44324943	44333335	10	0.4187
99d19cad-3e04-4feb-9de4-dc005c8fe518	19	44335586	44341048	4	0.7604
99d19cad-3e04-4feb-9de4-dc005c8fe518	19	44343293	44345728	8	0.4469
99d19cad-3e04-4feb-9de4-dc005c8fe518	19	44347982	54226378	5183	0.0026
99d19cad-3e04-4feb-9de4-dc005c8fe518	19	54226396	54250521	19	0.6119
99d19cad-3e04-4feb-9de4-dc005c8fe518	19	54257872	55761691	737	0.001
99d19cad-3e04-4feb-9de4-dc005c8fe518	19	55766684	55771701	6	-0.8706
99d19cad-3e04-4feb-9de4-dc005c8fe518	19	55774927	58586487	1836	-0.0028
99d19cad-3e04-4feb-9de4-dc005c8fe518	20	80664	1591257	1224	-0.0032
99d19cad-3e04-4feb-9de4-dc005c8fe518	20	1591489	1613247	18	-0.8126
99d19cad-3e04-4feb-9de4-dc005c8fe518	20	1617300	3846662	1574	0.0056
99d19cad-3e04-4feb-9de4-dc005c8fe518	20	3849020	3851613	2	-2.4125
99d19cad-3e04-4feb-9de4-dc005c8fe518	20	3858160	15320728	8786	0.012
99d19cad-3e04-4feb-9de4-dc005c8fe518	20	15321256	15321403	2	-1.9815
99d19cad-3e04-4feb-9de4-dc005c8fe518	20	15321728	64324800	30659	0.0031
99d19cad-3e04-4feb-9de4-dc005c8fe518	21	10354168	46677045	23819	0.0077
99d19cad-3e04-4feb-9de4-dc005c8fe518	22	15294547	20217401	1961	-0.0151
99d19cad-3e04-4feb-9de4-dc005c8fe518	22	20217810	20221964	3	-2.3886
99d19cad-3e04-4feb-9de4-dc005c8fe518	22	20223616	22398127	1485	-0.0328
99d19cad-3e04-4feb-9de4-dc005c8fe518	22	22398345	22398545	4	-1.3371
99d19cad-3e04-4feb-9de4-dc005c8fe518	22	22402989	44077851	14724	-0.0033
99d19cad-3e04-4feb-9de4-dc005c8fe518	22	44087922	44094806	10	-0.6442
99d19cad-3e04-4feb-9de4-dc005c8fe518	22	44097847	48872888	3796	-0.0074
99d19cad-3e04-4feb-9de4-dc005c8fe518	22	48874111	48874730	2	-1.8344
99d19cad-3e04-4feb-9de4-dc005c8fe518	22	48877479	50796027	1225	0.0046
99d19cad-3e04-4feb-9de4-dc005c8fe518	X	251810	4966875	1619	0.0005
99d19cad-3e04-4feb-9de4-dc005c8fe518	X	4967412	4967992	2	-4.7452
99d19cad-3e04-4feb-9de4-dc005c8fe518	X	4968599	22189362	11418	0.0215
99d19cad-3e04-4feb-9de4-dc005c8fe518	X	22190612	22190714	2	-4.7099
99d19cad-3e04-4feb-9de4-dc005c8fe518	X	22190804	75648966	25809	0.02
99d19cad-3e04-4feb-9de4-dc005c8fe518	X	75649726	75652578	3	-3.1571
99d19cad-3e04-4feb-9de4-dc005c8fe518	X	75653489	85734946	5017	0.0099
99d19cad-3e04-4feb-9de4-dc005c8fe518	X	85735041	85735312	2	-5.5751
99d19cad-3e04-4feb-9de4-dc005c8fe518	X	85735529	102022222	8774	0.0168
99d19cad-3e04-4feb-9de4-dc005c8fe518	X	102022245	102030982	10	-1.6302
99d19cad-3e04-4feb-9de4-dc005c8fe518	X	102032081	130489669	15729	0.0225
99d19cad-3e04-4feb-9de4-dc005c8fe518	X	130492344	130493249	2	-5.5399
99d19cad-3e04-4feb-9de4-dc005c8fe518	X	130493797	132081733	840	0.0395
99d19cad-3e04-4feb-9de4-dc005c8fe518	X	132082426	132082656	2	2.9206
99d19cad-3e04-4feb-9de4-dc005c8fe518	X	132083360	137042559	2499	0.0112
99d19cad-3e04-4feb-9de4-dc005c8fe518	X	137043411	137048340	5	-2.5287
99d19cad-3e04-4feb-9de4-dc005c8fe518	X	137049031	140032291	1865	0.0139
99d19cad-3e04-4feb-9de4-dc005c8fe518	X	140032564	140033410	2	-4.5784
99d19cad-3e04-4feb-9de4-dc005c8fe518	X	140034412	155952689	9638	0.0152
99d19cad-3e04-4feb-9de4-dc005c8fe518	Y	2782397	9354290	2233	-0.9923
99d19cad-3e04-4feb-9de4-dc005c8fe518	Y	9367540	9549835	15	-1.6433
99d19cad-3e04-4feb-9de4-dc005c8fe518	Y	9550385	11880994	252	-1.0386
99d19cad-3e04-4feb-9de4-dc005c8fe518	Y	11882509	21109177	3557	-0.9605
99d19cad-3e04-4feb-9de4-dc005c8fe518	Y	21115920	56872112	580	-1.0665
