GDC_Aliquot	Chromosome	Start	End	Num_Probes	Segment_Mean
a3b25d56-cd55-4960-91bd-c27b8c5c9a4e	1	62920	259422	15	0.6672
a3b25d56-cd55-4960-91bd-c27b8c5c9a4e	1	259926	3301765	722	-0.1989
a3b25d56-cd55-4960-91bd-c27b8c5c9a4e	1	3302046	3963763	352	-0.0363
a3b25d56-cd55-4960-91bd-c27b8c5c9a4e	1	3966008	3968864	5	-1.3117
a3b25d56-cd55-4960-91bd-c27b8c5c9a4e	1	3969524	16863509	7585	-0.0134
a3b25d56-cd55-4960-91bd-c27b8c5c9a4e	1	16864367	16949746	55	0.3635
a3b25d56-cd55-4960-91bd-c27b8c5c9a4e	1	16951445	30266949	7663	-0.0153
a3b25d56-cd55-4960-91bd-c27b8c5c9a4e	1	30268649	30269103	2	-2.0197
a3b25d56-cd55-4960-91bd-c27b8c5c9a4e	1	30272363	38377917	4572	-0.0162
a3b25d56-cd55-4960-91bd-c27b8c5c9a4e	1	38379285	38379363	2	-1.7655
a3b25d56-cd55-4960-91bd-c27b8c5c9a4e	1	38379913	72303233	21701	0.0056
a3b25d56-cd55-4960-91bd-c27b8c5c9a4e	1	72303253	72345465	45	-1.329
a3b25d56-cd55-4960-91bd-c27b8c5c9a4e	1	72346221	102187221	19219	0.0087
a3b25d56-cd55-4960-91bd-c27b8c5c9a4e	1	102190128	102448021	198	0.1588
a3b25d56-cd55-4960-91bd-c27b8c5c9a4e	1	102451926	108951525	3785	0.0043
a3b25d56-cd55-4960-91bd-c27b8c5c9a4e	1	108954232	108955523	14	-1.0555
a3b25d56-cd55-4960-91bd-c27b8c5c9a4e	1	108961034	109684695	331	0.0233
a3b25d56-cd55-4960-91bd-c27b8c5c9a4e	1	109684893	109697556	14	0.7415
a3b25d56-cd55-4960-91bd-c27b8c5c9a4e	1	109702376	152583230	9541	0.0008
a3b25d56-cd55-4960-91bd-c27b8c5c9a4e	1	152583291	152613762	30	1.2766
a3b25d56-cd55-4960-91bd-c27b8c5c9a4e	1	152613802	247999886	64863	0.0028
a3b25d56-cd55-4960-91bd-c27b8c5c9a4e	1	248002400	248008274	2	-2.1821
a3b25d56-cd55-4960-91bd-c27b8c5c9a4e	1	248010151	248572774	280	0.1056
a3b25d56-cd55-4960-91bd-c27b8c5c9a4e	1	248574146	248645808	35	-2.0704
a3b25d56-cd55-4960-91bd-c27b8c5c9a4e	1	248646068	248930189	139	0.0128
a3b25d56-cd55-4960-91bd-c27b8c5c9a4e	2	12784	3144361	2178	-0.0149
a3b25d56-cd55-4960-91bd-c27b8c5c9a4e	2	3147886	3179183	33	-0.3926
a3b25d56-cd55-4960-91bd-c27b8c5c9a4e	2	3179490	34466002	21826	0.0161
a3b25d56-cd55-4960-91bd-c27b8c5c9a4e	2	34474248	34476668	6	-0.896
a3b25d56-cd55-4960-91bd-c27b8c5c9a4e	2	34483565	34492841	23	-0.4539
a3b25d56-cd55-4960-91bd-c27b8c5c9a4e	2	34492907	34511990	17	-0.9067
a3b25d56-cd55-4960-91bd-c27b8c5c9a4e	2	34512096	41011478	4796	0.0345
a3b25d56-cd55-4960-91bd-c27b8c5c9a4e	2	41011533	41018747	17	-0.5982
a3b25d56-cd55-4960-91bd-c27b8c5c9a4e	2	41024093	41315550	223	0.134
a3b25d56-cd55-4960-91bd-c27b8c5c9a4e	2	41316254	50612068	6616	0.005
a3b25d56-cd55-4960-91bd-c27b8c5c9a4e	2	50616890	50705683	81	0.2091
a3b25d56-cd55-4960-91bd-c27b8c5c9a4e	2	50710390	50710995	2	-1.6414
a3b25d56-cd55-4960-91bd-c27b8c5c9a4e	2	50711071	51128355	289	0.1425
a3b25d56-cd55-4960-91bd-c27b8c5c9a4e	2	51130564	52508010	929	0.0392
a3b25d56-cd55-4960-91bd-c27b8c5c9a4e	2	52509043	52669572	137	0.2218
a3b25d56-cd55-4960-91bd-c27b8c5c9a4e	2	52670022	87500265	21940	0.0179
a3b25d56-cd55-4960-91bd-c27b8c5c9a4e	2	87516129	87528459	8	-1.1072
a3b25d56-cd55-4960-91bd-c27b8c5c9a4e	2	87542032	89972503	691	-0.002
a3b25d56-cd55-4960-91bd-c27b8c5c9a4e	2	89981062	90230139	118	-0.7757
a3b25d56-cd55-4960-91bd-c27b8c5c9a4e	2	90235899	113429370	10277	0.0088
a3b25d56-cd55-4960-91bd-c27b8c5c9a4e	2	113429373	113429380	2	-2.8872
a3b25d56-cd55-4960-91bd-c27b8c5c9a4e	2	113478959	116692190	1884	-0.0013
a3b25d56-cd55-4960-91bd-c27b8c5c9a4e	2	116693647	117551381	527	0.1119
a3b25d56-cd55-4960-91bd-c27b8c5c9a4e	2	117551960	124782955	4739	0.0125
a3b25d56-cd55-4960-91bd-c27b8c5c9a4e	2	124784329	125251153	246	0.1768
a3b25d56-cd55-4960-91bd-c27b8c5c9a4e	2	125251468	125263301	6	0.8896
a3b25d56-cd55-4960-91bd-c27b8c5c9a4e	2	125265293	129787992	2930	0.0031
a3b25d56-cd55-4960-91bd-c27b8c5c9a4e	2	129791702	129798082	7	-1.0573
a3b25d56-cd55-4960-91bd-c27b8c5c9a4e	2	129800804	131458124	580	-0.0083
a3b25d56-cd55-4960-91bd-c27b8c5c9a4e	2	131464435	131468795	3	-1.3811
a3b25d56-cd55-4960-91bd-c27b8c5c9a4e	2	131472229	163780342	19661	0.0182
a3b25d56-cd55-4960-91bd-c27b8c5c9a4e	2	163786978	163793447	8	-0.9164
a3b25d56-cd55-4960-91bd-c27b8c5c9a4e	2	163794786	168283294	2643	0.0193
a3b25d56-cd55-4960-91bd-c27b8c5c9a4e	2	168286525	168289357	3	-1.7686
a3b25d56-cd55-4960-91bd-c27b8c5c9a4e	2	168290041	179546427	7220	0.0068
a3b25d56-cd55-4960-91bd-c27b8c5c9a4e	2	179548635	179557410	32	-0.7774
a3b25d56-cd55-4960-91bd-c27b8c5c9a4e	2	179560916	185614304	3770	0.0221
a3b25d56-cd55-4960-91bd-c27b8c5c9a4e	2	185621887	186024241	211	0.2493
a3b25d56-cd55-4960-91bd-c27b8c5c9a4e	2	186024533	188703060	1401	0.0309
a3b25d56-cd55-4960-91bd-c27b8c5c9a4e	2	188703229	188714106	23	-0.6588
a3b25d56-cd55-4960-91bd-c27b8c5c9a4e	2	188714283	192921900	2528	0.023
a3b25d56-cd55-4960-91bd-c27b8c5c9a4e	2	192923328	192942503	7	0.815
a3b25d56-cd55-4960-91bd-c27b8c5c9a4e	2	192943353	194059349	486	0.0415
a3b25d56-cd55-4960-91bd-c27b8c5c9a4e	2	194060252	194112024	50	0.2888
a3b25d56-cd55-4960-91bd-c27b8c5c9a4e	2	194122969	194451208	176	-0.0244
a3b25d56-cd55-4960-91bd-c27b8c5c9a4e	2	194451285	194465873	7	0.5177
a3b25d56-cd55-4960-91bd-c27b8c5c9a4e	2	194466432	194715760	139	0.0039
a3b25d56-cd55-4960-91bd-c27b8c5c9a4e	2	194716498	195133093	251	0.169
a3b25d56-cd55-4960-91bd-c27b8c5c9a4e	2	195136595	208364430	7887	0.0097
a3b25d56-cd55-4960-91bd-c27b8c5c9a4e	2	208374882	208375915	23	-0.6164
a3b25d56-cd55-4960-91bd-c27b8c5c9a4e	2	208375983	208376724	8	-1.3571
a3b25d56-cd55-4960-91bd-c27b8c5c9a4e	2	208376747	208383008	10	-0.5969
a3b25d56-cd55-4960-91bd-c27b8c5c9a4e	2	208383181	226089732	11493	0.0115
a3b25d56-cd55-4960-91bd-c27b8c5c9a4e	2	226092047	226096702	9	-0.971
a3b25d56-cd55-4960-91bd-c27b8c5c9a4e	2	226098982	231559116	3388	0.0046
a3b25d56-cd55-4960-91bd-c27b8c5c9a4e	2	231559258	231597793	26	-0.5082
a3b25d56-cd55-4960-91bd-c27b8c5c9a4e	2	231599105	242147305	6556	-0.0064
a3b25d56-cd55-4960-91bd-c27b8c5c9a4e	3	20930	270494	226	0.0655
a3b25d56-cd55-4960-91bd-c27b8c5c9a4e	3	270564	1649406	1224	0.1528
a3b25d56-cd55-4960-91bd-c27b8c5c9a4e	3	1649750	4085460	2222	0.0369
a3b25d56-cd55-4960-91bd-c27b8c5c9a4e	3	4085479	4112924	30	-1.0415
a3b25d56-cd55-4960-91bd-c27b8c5c9a4e	3	4117735	7840298	3193	0.039
a3b25d56-cd55-4960-91bd-c27b8c5c9a4e	3	7840371	16197556	5944	-0.0074
a3b25d56-cd55-4960-91bd-c27b8c5c9a4e	3	16199049	16199877	8	-0.9278
a3b25d56-cd55-4960-91bd-c27b8c5c9a4e	3	16202089	16255161	60	-0.0769
a3b25d56-cd55-4960-91bd-c27b8c5c9a4e	3	16256041	16256427	2	-2.536
a3b25d56-cd55-4960-91bd-c27b8c5c9a4e	3	16257169	16611390	257	0.0383
a3b25d56-cd55-4960-91bd-c27b8c5c9a4e	3	16614824	16620981	4	-1.0776
a3b25d56-cd55-4960-91bd-c27b8c5c9a4e	3	16622937	21710843	3026	0.0228
a3b25d56-cd55-4960-91bd-c27b8c5c9a4e	3	21710974	22163684	459	0.1509
a3b25d56-cd55-4960-91bd-c27b8c5c9a4e	3	22163747	35779951	9371	0.0139
a3b25d56-cd55-4960-91bd-c27b8c5c9a4e	3	35781953	35850241	41	0.3578
a3b25d56-cd55-4960-91bd-c27b8c5c9a4e	3	35852769	37825264	1415	0.0165
a3b25d56-cd55-4960-91bd-c27b8c5c9a4e	3	37825548	37826223	3	-1.186
a3b25d56-cd55-4960-91bd-c27b8c5c9a4e	3	37829595	39536767	1138	0.0026
a3b25d56-cd55-4960-91bd-c27b8c5c9a4e	3	39542374	39552351	12	-1.1187
a3b25d56-cd55-4960-91bd-c27b8c5c9a4e	3	39557291	46731388	4420	0.0027
a3b25d56-cd55-4960-91bd-c27b8c5c9a4e	3	46732421	46808099	51	-0.7344
a3b25d56-cd55-4960-91bd-c27b8c5c9a4e	3	46817989	59138442	6578	0.0076
a3b25d56-cd55-4960-91bd-c27b8c5c9a4e	3	59141226	59141588	2	-1.4052
a3b25d56-cd55-4960-91bd-c27b8c5c9a4e	3	59142824	59773450	544	0.0008
a3b25d56-cd55-4960-91bd-c27b8c5c9a4e	3	59773779	61035854	1408	0.1082
a3b25d56-cd55-4960-91bd-c27b8c5c9a4e	3	61040294	143566923	48960	0.0096
a3b25d56-cd55-4960-91bd-c27b8c5c9a4e	3	143566958	143567132	4	2.3701
a3b25d56-cd55-4960-91bd-c27b8c5c9a4e	3	143567959	146661402	2018	0.0066
a3b25d56-cd55-4960-91bd-c27b8c5c9a4e	3	146665207	147106497	228	0.1992
a3b25d56-cd55-4960-91bd-c27b8c5c9a4e	3	147106530	147478681	196	0.0373
a3b25d56-cd55-4960-91bd-c27b8c5c9a4e	3	147481218	147650849	90	0.2527
a3b25d56-cd55-4960-91bd-c27b8c5c9a4e	3	147651241	158632329	6730	0.0048
a3b25d56-cd55-4960-91bd-c27b8c5c9a4e	3	158633095	158633756	2	-2.1912
a3b25d56-cd55-4960-91bd-c27b8c5c9a4e	3	158641083	173444122	8943	0.0186
a3b25d56-cd55-4960-91bd-c27b8c5c9a4e	3	173444214	173928340	342	0.1735
a3b25d56-cd55-4960-91bd-c27b8c5c9a4e	3	173929160	175358681	1009	0.013
a3b25d56-cd55-4960-91bd-c27b8c5c9a4e	3	175358731	176041982	429	0.1844
a3b25d56-cd55-4960-91bd-c27b8c5c9a4e	3	176042772	193156958	11047	0.0065
a3b25d56-cd55-4960-91bd-c27b8c5c9a4e	3	193160113	193165114	20	1.4858
a3b25d56-cd55-4960-91bd-c27b8c5c9a4e	3	193168646	198169247	2682	-0.0101
a3b25d56-cd55-4960-91bd-c27b8c5c9a4e	4	68929	647414	229	0.0492
a3b25d56-cd55-4960-91bd-c27b8c5c9a4e	4	648206	1058613	125	-0.2033
a3b25d56-cd55-4960-91bd-c27b8c5c9a4e	4	1059384	10208245	5323	-0.0099
a3b25d56-cd55-4960-91bd-c27b8c5c9a4e	4	10208322	10233383	39	0.361
a3b25d56-cd55-4960-91bd-c27b8c5c9a4e	4	10233542	15758057	4367	0.0108
a3b25d56-cd55-4960-91bd-c27b8c5c9a4e	4	15758448	15766844	7	-1.3738
a3b25d56-cd55-4960-91bd-c27b8c5c9a4e	4	15769288	20551734	3197	-0.0072
a3b25d56-cd55-4960-91bd-c27b8c5c9a4e	4	20554097	20566943	42	0.3038
a3b25d56-cd55-4960-91bd-c27b8c5c9a4e	4	20567066	21367070	576	0.0008
a3b25d56-cd55-4960-91bd-c27b8c5c9a4e	4	21370380	21375228	15	-0.5752
a3b25d56-cd55-4960-91bd-c27b8c5c9a4e	4	21382117	25054087	2625	0.0168
a3b25d56-cd55-4960-91bd-c27b8c5c9a4e	4	25055047	25057840	11	-1.7934
a3b25d56-cd55-4960-91bd-c27b8c5c9a4e	4	25061926	34777432	6095	-0.0001
a3b25d56-cd55-4960-91bd-c27b8c5c9a4e	4	34784878	34828250	39	-0.57
a3b25d56-cd55-4960-91bd-c27b8c5c9a4e	4	34828291	42888631	5327	0.0107
a3b25d56-cd55-4960-91bd-c27b8c5c9a4e	4	42889909	43326755	320	0.1314
a3b25d56-cd55-4960-91bd-c27b8c5c9a4e	4	43327469	47461841	2275	0.0128
a3b25d56-cd55-4960-91bd-c27b8c5c9a4e	4	47462229	47463830	3	-1.416
a3b25d56-cd55-4960-91bd-c27b8c5c9a4e	4	47464004	49214614	1018	0.033
a3b25d56-cd55-4960-91bd-c27b8c5c9a4e	4	49289175	49289338	2	1.6186
a3b25d56-cd55-4960-91bd-c27b8c5c9a4e	4	49295203	62804218	6999	0.0061
a3b25d56-cd55-4960-91bd-c27b8c5c9a4e	4	62804351	62805944	7	-1.0783
a3b25d56-cd55-4960-91bd-c27b8c5c9a4e	4	62813912	68352334	3424	0.0153
a3b25d56-cd55-4960-91bd-c27b8c5c9a4e	4	68352434	68674307	98	0.6416
a3b25d56-cd55-4960-91bd-c27b8c5c9a4e	4	68686026	69268962	316	0.1458
a3b25d56-cd55-4960-91bd-c27b8c5c9a4e	4	69272239	69362906	41	0.4686
a3b25d56-cd55-4960-91bd-c27b8c5c9a4e	4	69362938	69402980	23	-0.121
a3b25d56-cd55-4960-91bd-c27b8c5c9a4e	4	69403151	69450639	31	0.3
a3b25d56-cd55-4960-91bd-c27b8c5c9a4e	4	69452478	76798626	4493	0.0078
a3b25d56-cd55-4960-91bd-c27b8c5c9a4e	4	76798659	76798782	2	-1.6944
a3b25d56-cd55-4960-91bd-c27b8c5c9a4e	4	76803612	76871452	56	-0.0008
a3b25d56-cd55-4960-91bd-c27b8c5c9a4e	4	76871567	76872791	13	-0.6563
a3b25d56-cd55-4960-91bd-c27b8c5c9a4e	4	76873083	87888540	6948	0.0056
a3b25d56-cd55-4960-91bd-c27b8c5c9a4e	4	87895580	87896073	5	-1.0587
a3b25d56-cd55-4960-91bd-c27b8c5c9a4e	4	87896923	103824414	9388	0.0153
a3b25d56-cd55-4960-91bd-c27b8c5c9a4e	4	103830473	103830480	5	0.9356
a3b25d56-cd55-4960-91bd-c27b8c5c9a4e	4	103830487	107144594	1851	0.0019
a3b25d56-cd55-4960-91bd-c27b8c5c9a4e	4	107144604	107163637	46	0.3209
a3b25d56-cd55-4960-91bd-c27b8c5c9a4e	4	107165932	114252544	4387	0.0085
a3b25d56-cd55-4960-91bd-c27b8c5c9a4e	4	114254167	114263110	26	0.9334
a3b25d56-cd55-4960-91bd-c27b8c5c9a4e	4	114263154	131013913	9914	0.012
a3b25d56-cd55-4960-91bd-c27b8c5c9a4e	4	131018350	131385984	178	0.1736
a3b25d56-cd55-4960-91bd-c27b8c5c9a4e	4	131389455	132930086	824	0.0012
a3b25d56-cd55-4960-91bd-c27b8c5c9a4e	4	132930302	133018133	41	0.338
a3b25d56-cd55-4960-91bd-c27b8c5c9a4e	4	133021072	133208174	96	-0.0396
a3b25d56-cd55-4960-91bd-c27b8c5c9a4e	4	133208417	133339051	57	0.2977
a3b25d56-cd55-4960-91bd-c27b8c5c9a4e	4	133347699	133932227	324	0.0437
a3b25d56-cd55-4960-91bd-c27b8c5c9a4e	4	133932678	134267633	152	0.24
a3b25d56-cd55-4960-91bd-c27b8c5c9a4e	4	134271087	156046823	13230	0.0048
a3b25d56-cd55-4960-91bd-c27b8c5c9a4e	4	156046936	156052053	15	-0.7668
a3b25d56-cd55-4960-91bd-c27b8c5c9a4e	4	156053545	160925821	3020	-0.0017
a3b25d56-cd55-4960-91bd-c27b8c5c9a4e	4	160928880	161111811	184	0.1832
a3b25d56-cd55-4960-91bd-c27b8c5c9a4e	4	161111850	171448195	6523	0.0037
a3b25d56-cd55-4960-91bd-c27b8c5c9a4e	4	171453733	171456625	12	1.4932
a3b25d56-cd55-4960-91bd-c27b8c5c9a4e	4	171459220	171828831	226	0.0205
a3b25d56-cd55-4960-91bd-c27b8c5c9a4e	4	171829823	171829960	2	-1.129
a3b25d56-cd55-4960-91bd-c27b8c5c9a4e	4	171831109	172067997	169	0.0425
a3b25d56-cd55-4960-91bd-c27b8c5c9a4e	4	172068015	172079670	15	0.5205
a3b25d56-cd55-4960-91bd-c27b8c5c9a4e	4	172080680	172501371	226	0.0737
a3b25d56-cd55-4960-91bd-c27b8c5c9a4e	4	172503796	172507492	7	2.1871
a3b25d56-cd55-4960-91bd-c27b8c5c9a4e	4	172519981	178318447	3535	0.0099
a3b25d56-cd55-4960-91bd-c27b8c5c9a4e	4	178320828	178324622	2	-3.0194
a3b25d56-cd55-4960-91bd-c27b8c5c9a4e	4	178325820	178792787	359	0.1505
a3b25d56-cd55-4960-91bd-c27b8c5c9a4e	4	178792905	185528497	4854	0.0069
a3b25d56-cd55-4960-91bd-c27b8c5c9a4e	4	185528689	185529627	2	-1.6703
a3b25d56-cd55-4960-91bd-c27b8c5c9a4e	4	185529933	188022797	1740	0.0025
a3b25d56-cd55-4960-91bd-c27b8c5c9a4e	4	188022897	188198048	104	-0.2145
a3b25d56-cd55-4960-91bd-c27b8c5c9a4e	4	188198966	188487887	237	-0.0163
a3b25d56-cd55-4960-91bd-c27b8c5c9a4e	4	188491826	190036988	973	0.0851
a3b25d56-cd55-4960-91bd-c27b8c5c9a4e	4	190046094	190106768	5	-0.8049
a3b25d56-cd55-4960-91bd-c27b8c5c9a4e	5	15532	741924	323	-0.131
a3b25d56-cd55-4960-91bd-c27b8c5c9a4e	5	742574	825192	28	0.4395
a3b25d56-cd55-4960-91bd-c27b8c5c9a4e	5	825538	1927239	591	-0.1374
a3b25d56-cd55-4960-91bd-c27b8c5c9a4e	5	1927298	9990669	7150	0.0023
a3b25d56-cd55-4960-91bd-c27b8c5c9a4e	5	9997086	10019452	14	-0.9518
a3b25d56-cd55-4960-91bd-c27b8c5c9a4e	5	10019753	12785150	2052	0.0059
a3b25d56-cd55-4960-91bd-c27b8c5c9a4e	5	12790757	13088300	92	0.2624
a3b25d56-cd55-4960-91bd-c27b8c5c9a4e	5	13100106	17601444	3091	0.0096
a3b25d56-cd55-4960-91bd-c27b8c5c9a4e	5	17601619	17668126	24	-1.049
a3b25d56-cd55-4960-91bd-c27b8c5c9a4e	5	17670829	18849538	778	0.0027
a3b25d56-cd55-4960-91bd-c27b8c5c9a4e	5	18849966	19038444	118	0.1732
a3b25d56-cd55-4960-91bd-c27b8c5c9a4e	5	19038651	20258764	716	-0.0074
a3b25d56-cd55-4960-91bd-c27b8c5c9a4e	5	20263717	21449167	692	0.0896
a3b25d56-cd55-4960-91bd-c27b8c5c9a4e	5	21451091	21452329	5	1.0996
a3b25d56-cd55-4960-91bd-c27b8c5c9a4e	5	21452387	21579279	32	0.2082
a3b25d56-cd55-4960-91bd-c27b8c5c9a4e	5	21581370	45364957	14604	0.0032
a3b25d56-cd55-4960-91bd-c27b8c5c9a4e	5	45377176	46271006	284	0.1409
a3b25d56-cd55-4960-91bd-c27b8c5c9a4e	5	46271828	46273400	6	1.22
a3b25d56-cd55-4960-91bd-c27b8c5c9a4e	5	46278110	50809800	279	0.1396
a3b25d56-cd55-4960-91bd-c27b8c5c9a4e	5	50809868	63291023	8254	0.011
a3b25d56-cd55-4960-91bd-c27b8c5c9a4e	5	63291502	63686290	224	0.1824
a3b25d56-cd55-4960-91bd-c27b8c5c9a4e	5	63687091	70959079	3620	0.0102
a3b25d56-cd55-4960-91bd-c27b8c5c9a4e	5	71010832	71095426	8	-0.8759
a3b25d56-cd55-4960-91bd-c27b8c5c9a4e	5	71358245	84651964	8387	0.0041
a3b25d56-cd55-4960-91bd-c27b8c5c9a4e	5	84653528	84658883	3	1.5058
a3b25d56-cd55-4960-91bd-c27b8c5c9a4e	5	84663086	97709417	7164	0.0046
a3b25d56-cd55-4960-91bd-c27b8c5c9a4e	5	97712762	97763616	42	-0.9826
a3b25d56-cd55-4960-91bd-c27b8c5c9a4e	5	97763980	99156020	781	-0.0064
a3b25d56-cd55-4960-91bd-c27b8c5c9a4e	5	99156198	100743581	898	0.1362
a3b25d56-cd55-4960-91bd-c27b8c5c9a4e	5	100744219	116251149	10158	0.02
a3b25d56-cd55-4960-91bd-c27b8c5c9a4e	5	116260580	116289560	43	-0.8819
a3b25d56-cd55-4960-91bd-c27b8c5c9a4e	5	116291323	156048095	25340	0.0052
a3b25d56-cd55-4960-91bd-c27b8c5c9a4e	5	156049762	156068240	15	-0.8226
a3b25d56-cd55-4960-91bd-c27b8c5c9a4e	5	156068247	169984450	9654	-0.0073
a3b25d56-cd55-4960-91bd-c27b8c5c9a4e	5	169985876	169989470	3	-1.7983
a3b25d56-cd55-4960-91bd-c27b8c5c9a4e	5	169991477	176033084	4374	-0.0164
a3b25d56-cd55-4960-91bd-c27b8c5c9a4e	5	176038686	176042504	2	-2.1505
a3b25d56-cd55-4960-91bd-c27b8c5c9a4e	5	176043321	176632663	245	-0.0109
a3b25d56-cd55-4960-91bd-c27b8c5c9a4e	5	176635751	176886334	125	-0.2405
a3b25d56-cd55-4960-91bd-c27b8c5c9a4e	5	176886981	180951710	2144	-0.0121
a3b25d56-cd55-4960-91bd-c27b8c5c9a4e	5	180951888	180991103	18	-0.6694
a3b25d56-cd55-4960-91bd-c27b8c5c9a4e	5	181006225	181363319	170	-0.0947
a3b25d56-cd55-4960-91bd-c27b8c5c9a4e	6	149661	254283	101	-0.0917
a3b25d56-cd55-4960-91bd-c27b8c5c9a4e	6	257353	318804	29	0.4448
a3b25d56-cd55-4960-91bd-c27b8c5c9a4e	6	320872	329869	9	-0.1184
a3b25d56-cd55-4960-91bd-c27b8c5c9a4e	6	330704	350371	25	0.3051
a3b25d56-cd55-4960-91bd-c27b8c5c9a4e	6	350482	9196445	7198	0.0069
a3b25d56-cd55-4960-91bd-c27b8c5c9a4e	6	9201267	9211994	4	-1.8613
a3b25d56-cd55-4960-91bd-c27b8c5c9a4e	6	9221510	26739499	12798	-0.0026
a3b25d56-cd55-4960-91bd-c27b8c5c9a4e	6	26743855	26759781	6	1.1322
a3b25d56-cd55-4960-91bd-c27b8c5c9a4e	6	26831719	29876257	1421	0
a3b25d56-cd55-4960-91bd-c27b8c5c9a4e	6	29876595	29933799	26	0.594
a3b25d56-cd55-4960-91bd-c27b8c5c9a4e	6	29940692	31318528	640	-0.0107
a3b25d56-cd55-4960-91bd-c27b8c5c9a4e	6	31318754	31328674	9	-1.3019
a3b25d56-cd55-4960-91bd-c27b8c5c9a4e	6	31342147	31645962	198	-0.0224
a3b25d56-cd55-4960-91bd-c27b8c5c9a4e	6	31647390	32268365	174	-0.1983
a3b25d56-cd55-4960-91bd-c27b8c5c9a4e	6	32275352	57318083	15804	-0.0033
a3b25d56-cd55-4960-91bd-c27b8c5c9a4e	6	57321116	61823514	793	0.1353
a3b25d56-cd55-4960-91bd-c27b8c5c9a4e	6	61823563	64627049	1467	-0.0065
a3b25d56-cd55-4960-91bd-c27b8c5c9a4e	6	64637651	64639099	2	-2.0736
a3b25d56-cd55-4960-91bd-c27b8c5c9a4e	6	64640883	65072090	287	-0.0016
a3b25d56-cd55-4960-91bd-c27b8c5c9a4e	6	65075622	65210761	112	0.2127
a3b25d56-cd55-4960-91bd-c27b8c5c9a4e	6	65213064	67430890	1623	0.0101
a3b25d56-cd55-4960-91bd-c27b8c5c9a4e	6	67434673	67449934	10	0.4947
a3b25d56-cd55-4960-91bd-c27b8c5c9a4e	6	67450023	67757466	198	0.0298
a3b25d56-cd55-4960-91bd-c27b8c5c9a4e	6	67761604	67930445	104	0.1978
a3b25d56-cd55-4960-91bd-c27b8c5c9a4e	6	67932853	68688117	471	-0.0215
a3b25d56-cd55-4960-91bd-c27b8c5c9a4e	6	68694150	68694958	3	-1.12
a3b25d56-cd55-4960-91bd-c27b8c5c9a4e	6	68695479	73883255	3342	0.0073
a3b25d56-cd55-4960-91bd-c27b8c5c9a4e	6	73884089	73891694	7	1.16
a3b25d56-cd55-4960-91bd-c27b8c5c9a4e	6	73893839	76719514	1761	0.0071
a3b25d56-cd55-4960-91bd-c27b8c5c9a4e	6	76719978	76751356	26	0.4023
a3b25d56-cd55-4960-91bd-c27b8c5c9a4e	6	76758214	78169795	913	0.0179
a3b25d56-cd55-4960-91bd-c27b8c5c9a4e	6	78171734	78190303	8	-0.75
a3b25d56-cd55-4960-91bd-c27b8c5c9a4e	6	78196510	78262117	61	0.108
a3b25d56-cd55-4960-91bd-c27b8c5c9a4e	6	78262371	78317642	98	0.3918
a3b25d56-cd55-4960-91bd-c27b8c5c9a4e	6	78317798	79893243	991	0.0325
a3b25d56-cd55-4960-91bd-c27b8c5c9a4e	6	79895532	79896105	3	-1.5307
a3b25d56-cd55-4960-91bd-c27b8c5c9a4e	6	79897002	93761296	8899	0.0075
a3b25d56-cd55-4960-91bd-c27b8c5c9a4e	6	93761322	94783937	670	0.165
a3b25d56-cd55-4960-91bd-c27b8c5c9a4e	6	94786696	94789848	3	-0.8728
a3b25d56-cd55-4960-91bd-c27b8c5c9a4e	6	94790103	94970302	111	0.2102
a3b25d56-cd55-4960-91bd-c27b8c5c9a4e	6	95386776	127987104	19782	0.0036
a3b25d56-cd55-4960-91bd-c27b8c5c9a4e	6	127987352	127987358	2	-3.6289
a3b25d56-cd55-4960-91bd-c27b8c5c9a4e	6	127990334	140458401	8389	0.0045
a3b25d56-cd55-4960-91bd-c27b8c5c9a4e	6	140459207	140844276	181	0.2011
a3b25d56-cd55-4960-91bd-c27b8c5c9a4e	6	140844303	167296013	18461	0.0058
a3b25d56-cd55-4960-91bd-c27b8c5c9a4e	6	167296214	168730834	757	-0.1114
a3b25d56-cd55-4960-91bd-c27b8c5c9a4e	6	168731259	170741917	1280	-0.012
a3b25d56-cd55-4960-91bd-c27b8c5c9a4e	7	43355	1149589	330	-0.1435
a3b25d56-cd55-4960-91bd-c27b8c5c9a4e	7	1152826	3326210	1067	-0.0169
a3b25d56-cd55-4960-91bd-c27b8c5c9a4e	7	3326605	3520646	184	0.1503
a3b25d56-cd55-4960-91bd-c27b8c5c9a4e	7	3520769	4326016	653	-0.0035
a3b25d56-cd55-4960-91bd-c27b8c5c9a4e	7	4326038	4372775	56	-0.1991
a3b25d56-cd55-4960-91bd-c27b8c5c9a4e	7	4377317	4379241	7	-1.0583
a3b25d56-cd55-4960-91bd-c27b8c5c9a4e	7	4381830	8128836	2184	-0.0046
a3b25d56-cd55-4960-91bd-c27b8c5c9a4e	7	8129051	8562339	396	0.0847
a3b25d56-cd55-4960-91bd-c27b8c5c9a4e	7	8572485	8579226	8	-1.0901
a3b25d56-cd55-4960-91bd-c27b8c5c9a4e	7	8583231	10605335	1599	0.0954
a3b25d56-cd55-4960-91bd-c27b8c5c9a4e	7	10616335	18871438	6601	0.0325
a3b25d56-cd55-4960-91bd-c27b8c5c9a4e	7	18871527	19750657	908	0.1544
a3b25d56-cd55-4960-91bd-c27b8c5c9a4e	7	19751353	38251113	13282	0.005
a3b25d56-cd55-4960-91bd-c27b8c5c9a4e	7	38254500	38356875	124	0.2224
a3b25d56-cd55-4960-91bd-c27b8c5c9a4e	7	38361356	54318812	10961	0.0048
a3b25d56-cd55-4960-91bd-c27b8c5c9a4e	7	54318816	54318824	5	1.2842
a3b25d56-cd55-4960-91bd-c27b8c5c9a4e	7	54325795	67164253	3725	0.0073
a3b25d56-cd55-4960-91bd-c27b8c5c9a4e	7	67164342	67398963	91	-0.2688
a3b25d56-cd55-4960-91bd-c27b8c5c9a4e	7	67399133	70955452	2300	-0.0001
a3b25d56-cd55-4960-91bd-c27b8c5c9a4e	7	70958264	70961155	2	1.7526
a3b25d56-cd55-4960-91bd-c27b8c5c9a4e	7	70963257	76671318	2178	-0.0307
a3b25d56-cd55-4960-91bd-c27b8c5c9a4e	7	76672717	83468341	4512	0.0271
a3b25d56-cd55-4960-91bd-c27b8c5c9a4e	7	83468371	83468482	2	-1.7277
a3b25d56-cd55-4960-91bd-c27b8c5c9a4e	7	83468602	85455592	1316	0.0104
a3b25d56-cd55-4960-91bd-c27b8c5c9a4e	7	85461161	85589787	82	0.2343
a3b25d56-cd55-4960-91bd-c27b8c5c9a4e	7	85590279	88508071	1628	0.0019
a3b25d56-cd55-4960-91bd-c27b8c5c9a4e	7	88509034	90231131	1147	0.1628
a3b25d56-cd55-4960-91bd-c27b8c5c9a4e	7	90231463	91578827	951	0.027
a3b25d56-cd55-4960-91bd-c27b8c5c9a4e	7	91589569	91589817	3	-1.383
a3b25d56-cd55-4960-91bd-c27b8c5c9a4e	7	91595717	101317674	5361	0.0114
a3b25d56-cd55-4960-91bd-c27b8c5c9a4e	7	101318147	101448189	53	-0.2814
a3b25d56-cd55-4960-91bd-c27b8c5c9a4e	7	101450222	103761796	1041	0.0117
a3b25d56-cd55-4960-91bd-c27b8c5c9a4e	7	103762613	103771772	8	-1.127
a3b25d56-cd55-4960-91bd-c27b8c5c9a4e	7	103772004	109793741	3979	0.0114
a3b25d56-cd55-4960-91bd-c27b8c5c9a4e	7	109797035	109797715	15	-0.7019
a3b25d56-cd55-4960-91bd-c27b8c5c9a4e	7	109797717	109800866	8	-0.1267
a3b25d56-cd55-4960-91bd-c27b8c5c9a4e	7	109801155	109813853	12	-2.0225
a3b25d56-cd55-4960-91bd-c27b8c5c9a4e	7	109813925	111179506	904	0.0354
a3b25d56-cd55-4960-91bd-c27b8c5c9a4e	7	111179821	111550331	250	0.1991
a3b25d56-cd55-4960-91bd-c27b8c5c9a4e	7	111555383	118496049	4169	0.022
a3b25d56-cd55-4960-91bd-c27b8c5c9a4e	7	118496260	118520678	13	-0.7405
a3b25d56-cd55-4960-91bd-c27b8c5c9a4e	7	118521318	125780280	4237	0.0132
a3b25d56-cd55-4960-91bd-c27b8c5c9a4e	7	125780801	125975926	135	0.188
a3b25d56-cd55-4960-91bd-c27b8c5c9a4e	7	125977916	126404920	297	0.0355
a3b25d56-cd55-4960-91bd-c27b8c5c9a4e	7	126405428	126406561	12	1.1954
a3b25d56-cd55-4960-91bd-c27b8c5c9a4e	7	126406822	134100424	4691	0.0096
a3b25d56-cd55-4960-91bd-c27b8c5c9a4e	7	134100442	134110881	24	-2.1243
a3b25d56-cd55-4960-91bd-c27b8c5c9a4e	7	134110912	134114444	11	-0.7173
a3b25d56-cd55-4960-91bd-c27b8c5c9a4e	7	134121491	143733941	6132	0.0116
a3b25d56-cd55-4960-91bd-c27b8c5c9a4e	7	143773027	143849917	13	-0.8335
a3b25d56-cd55-4960-91bd-c27b8c5c9a4e	7	143849991	159334314	9899	-0.0018
a3b25d56-cd55-4960-91bd-c27b8c5c9a4e	8	81254	644973	324	-0.0798
a3b25d56-cd55-4960-91bd-c27b8c5c9a4e	8	645220	645908	8	1.8988
a3b25d56-cd55-4960-91bd-c27b8c5c9a4e	8	656117	2844412	1700	-0.0277
a3b25d56-cd55-4960-91bd-c27b8c5c9a4e	8	2846011	2846377	7	-1.2136
a3b25d56-cd55-4960-91bd-c27b8c5c9a4e	8	2849649	3886841	1254	-0.0111
a3b25d56-cd55-4960-91bd-c27b8c5c9a4e	8	3890377	6039489	3087	0.0617
a3b25d56-cd55-4960-91bd-c27b8c5c9a4e	8	6040113	7182331	1322	-0.0264
a3b25d56-cd55-4960-91bd-c27b8c5c9a4e	8	7185818	7981252	57	-1.3447
a3b25d56-cd55-4960-91bd-c27b8c5c9a4e	8	7982198	12035719	3215	-0.0269
a3b25d56-cd55-4960-91bd-c27b8c5c9a4e	8	12037736	12177488	10	-1.9807
a3b25d56-cd55-4960-91bd-c27b8c5c9a4e	8	12323772	12389898	28	-0.0633
a3b25d56-cd55-4960-91bd-c27b8c5c9a4e	8	12389977	12585546	20	-0.7591
a3b25d56-cd55-4960-91bd-c27b8c5c9a4e	8	12616034	13566410	829	0.0139
a3b25d56-cd55-4960-91bd-c27b8c5c9a4e	8	13569284	13801993	293	0.1545
a3b25d56-cd55-4960-91bd-c27b8c5c9a4e	8	13802635	15961389	2020	0.0043
a3b25d56-cd55-4960-91bd-c27b8c5c9a4e	8	15967656	15969615	3	-1.2415
a3b25d56-cd55-4960-91bd-c27b8c5c9a4e	8	15970238	16028400	61	-0.0774
a3b25d56-cd55-4960-91bd-c27b8c5c9a4e	8	16029179	16170934	126	0.1878
a3b25d56-cd55-4960-91bd-c27b8c5c9a4e	8	16171561	16349505	125	-0.0019
a3b25d56-cd55-4960-91bd-c27b8c5c9a4e	8	16349543	16349558	3	-1.6127
a3b25d56-cd55-4960-91bd-c27b8c5c9a4e	8	16349572	25114672	6911	-0.0047
a3b25d56-cd55-4960-91bd-c27b8c5c9a4e	8	25116928	25126708	25	0.5111
a3b25d56-cd55-4960-91bd-c27b8c5c9a4e	8	25126735	39349881	8967	-0.0146
a3b25d56-cd55-4960-91bd-c27b8c5c9a4e	8	39352527	39538338	79	0.3653
a3b25d56-cd55-4960-91bd-c27b8c5c9a4e	8	39539496	54019108	7098	0.0038
a3b25d56-cd55-4960-91bd-c27b8c5c9a4e	8	54021281	54021512	2	-3.8562
a3b25d56-cd55-4960-91bd-c27b8c5c9a4e	8	54025271	62300819	5533	-0.0028
a3b25d56-cd55-4960-91bd-c27b8c5c9a4e	8	62304992	62311526	7	-0.9907
a3b25d56-cd55-4960-91bd-c27b8c5c9a4e	8	62316587	74396083	7388	0
a3b25d56-cd55-4960-91bd-c27b8c5c9a4e	8	74406948	74416300	6	-0.9803
a3b25d56-cd55-4960-91bd-c27b8c5c9a4e	8	74419850	95402606	12144	0.0038
a3b25d56-cd55-4960-91bd-c27b8c5c9a4e	8	95403080	95403455	2	-2.0789
a3b25d56-cd55-4960-91bd-c27b8c5c9a4e	8	95404316	105978894	6468	0.0024
a3b25d56-cd55-4960-91bd-c27b8c5c9a4e	8	105979909	106497851	371	0.161
a3b25d56-cd55-4960-91bd-c27b8c5c9a4e	8	106498096	111279265	2849	0.0103
a3b25d56-cd55-4960-91bd-c27b8c5c9a4e	8	111282050	111283031	10	1.3813
a3b25d56-cd55-4960-91bd-c27b8c5c9a4e	8	111288052	111728904	229	-0.0045
a3b25d56-cd55-4960-91bd-c27b8c5c9a4e	8	111728970	111729712	3	-0.9688
a3b25d56-cd55-4960-91bd-c27b8c5c9a4e	8	111730003	112066175	174	-0.028
a3b25d56-cd55-4960-91bd-c27b8c5c9a4e	8	112068096	112087606	4	-0.972
a3b25d56-cd55-4960-91bd-c27b8c5c9a4e	8	112088610	114110466	1121	-0.0005
a3b25d56-cd55-4960-91bd-c27b8c5c9a4e	8	114113261	114879397	478	0.1053
a3b25d56-cd55-4960-91bd-c27b8c5c9a4e	8	114879450	124418519	6434	-0.001
a3b25d56-cd55-4960-91bd-c27b8c5c9a4e	8	124420460	124420659	2	-1.914
a3b25d56-cd55-4960-91bd-c27b8c5c9a4e	8	124425386	140994810	12623	0.0021
a3b25d56-cd55-4960-91bd-c27b8c5c9a4e	8	140995196	144946051	1717	-0.1233
a3b25d56-cd55-4960-91bd-c27b8c5c9a4e	8	144947808	145072769	66	0.089
a3b25d56-cd55-4960-91bd-c27b8c5c9a4e	9	46587	602903	507	0.0131
a3b25d56-cd55-4960-91bd-c27b8c5c9a4e	9	606699	606961	4	1.2534
a3b25d56-cd55-4960-91bd-c27b8c5c9a4e	9	607307	608808	12	0.069
a3b25d56-cd55-4960-91bd-c27b8c5c9a4e	9	611164	705168	169	-1.016
a3b25d56-cd55-4960-91bd-c27b8c5c9a4e	9	705509	6630478	5593	0.0302
a3b25d56-cd55-4960-91bd-c27b8c5c9a4e	9	6631099	6842077	155	-0.1511
a3b25d56-cd55-4960-91bd-c27b8c5c9a4e	9	6842634	9247105	2368	0.0263
a3b25d56-cd55-4960-91bd-c27b8c5c9a4e	9	9247923	9393275	136	0.1988
a3b25d56-cd55-4960-91bd-c27b8c5c9a4e	9	9393437	11359708	1783	0.0638
a3b25d56-cd55-4960-91bd-c27b8c5c9a4e	9	11360225	12617397	989	0.1771
a3b25d56-cd55-4960-91bd-c27b8c5c9a4e	9	12617803	24466955	9402	0.0053
a3b25d56-cd55-4960-91bd-c27b8c5c9a4e	9	24467040	24520086	75	0.2951
a3b25d56-cd55-4960-91bd-c27b8c5c9a4e	9	24520196	28550594	3101	0.0289
a3b25d56-cd55-4960-91bd-c27b8c5c9a4e	9	28552261	28957542	323	0.1972
a3b25d56-cd55-4960-91bd-c27b8c5c9a4e	9	28957555	29088731	78	-0.0273
a3b25d56-cd55-4960-91bd-c27b8c5c9a4e	9	29089612	29097682	6	0.9151
a3b25d56-cd55-4960-91bd-c27b8c5c9a4e	9	29101434	30420468	934	0.0241
a3b25d56-cd55-4960-91bd-c27b8c5c9a4e	9	30426119	30580710	96	0.2917
a3b25d56-cd55-4960-91bd-c27b8c5c9a4e	9	30580768	39456495	5340	-0.0065
a3b25d56-cd55-4960-91bd-c27b8c5c9a4e	9	39459156	42501791	161	0.174
a3b25d56-cd55-4960-91bd-c27b8c5c9a4e	9	42524983	42697878	6	-0.304
a3b25d56-cd55-4960-91bd-c27b8c5c9a4e	9	42698168	42715233	7	-0.8541
a3b25d56-cd55-4960-91bd-c27b8c5c9a4e	9	42715632	63722108	144	-0.0633
a3b25d56-cd55-4960-91bd-c27b8c5c9a4e	9	63728089	63728413	4	-1.0556
a3b25d56-cd55-4960-91bd-c27b8c5c9a4e	9	63728505	71641820	2647	0.0155
a3b25d56-cd55-4960-91bd-c27b8c5c9a4e	9	71641937	71643908	18	-0.8981
a3b25d56-cd55-4960-91bd-c27b8c5c9a4e	9	71647284	101986737	20859	-0.003
a3b25d56-cd55-4960-91bd-c27b8c5c9a4e	9	101987176	102231233	221	0.1636
a3b25d56-cd55-4960-91bd-c27b8c5c9a4e	9	102232002	102712277	303	0.0009
a3b25d56-cd55-4960-91bd-c27b8c5c9a4e	9	102715288	102715378	2	0.8852
a3b25d56-cd55-4960-91bd-c27b8c5c9a4e	9	102716030	102753540	34	0.1935
a3b25d56-cd55-4960-91bd-c27b8c5c9a4e	9	102753569	102754029	2	0.9268
a3b25d56-cd55-4960-91bd-c27b8c5c9a4e	9	102754500	102869887	93	-0.0288
a3b25d56-cd55-4960-91bd-c27b8c5c9a4e	9	102869900	103126501	187	0.1859
a3b25d56-cd55-4960-91bd-c27b8c5c9a4e	9	103126605	104601552	1087	0.0304
a3b25d56-cd55-4960-91bd-c27b8c5c9a4e	9	104601707	104604239	25	-0.7788
a3b25d56-cd55-4960-91bd-c27b8c5c9a4e	9	104607598	138200944	22383	-0.0029
a3b25d56-cd55-4960-91bd-c27b8c5c9a4e	10	45792	12836938	10735	0.0211
a3b25d56-cd55-4960-91bd-c27b8c5c9a4e	10	12851545	12852773	4	-1.2546
a3b25d56-cd55-4960-91bd-c27b8c5c9a4e	10	12856992	53167767	24898	0.0231
a3b25d56-cd55-4960-91bd-c27b8c5c9a4e	10	53170094	53179393	10	-0.9677
a3b25d56-cd55-4960-91bd-c27b8c5c9a4e	10	53181641	54844470	1259	0.0415
a3b25d56-cd55-4960-91bd-c27b8c5c9a4e	10	54845902	56019022	775	0.1938
a3b25d56-cd55-4960-91bd-c27b8c5c9a4e	10	56022546	56568759	348	0.0926
a3b25d56-cd55-4960-91bd-c27b8c5c9a4e	10	56569449	56728169	87	-0.8944
a3b25d56-cd55-4960-91bd-c27b8c5c9a4e	10	56728226	65510316	6136	0.0306
a3b25d56-cd55-4960-91bd-c27b8c5c9a4e	10	65512700	65576624	78	0.2957
a3b25d56-cd55-4960-91bd-c27b8c5c9a4e	10	65576730	66499166	714	0.0229
a3b25d56-cd55-4960-91bd-c27b8c5c9a4e	10	66500532	67157406	494	0.1306
a3b25d56-cd55-4960-91bd-c27b8c5c9a4e	10	67158616	130397336	42801	0.018
a3b25d56-cd55-4960-91bd-c27b8c5c9a4e	10	130398043	133654968	2048	-0.0576
a3b25d56-cd55-4960-91bd-c27b8c5c9a4e	11	198510	4234899	1735	-0.0268
a3b25d56-cd55-4960-91bd-c27b8c5c9a4e	11	4235070	4286769	18	0.3795
a3b25d56-cd55-4960-91bd-c27b8c5c9a4e	11	4298482	4337826	10	0.9506
a3b25d56-cd55-4960-91bd-c27b8c5c9a4e	11	4363567	4946166	649	0.0038
a3b25d56-cd55-4960-91bd-c27b8c5c9a4e	11	4946420	4955042	31	-0.4184
a3b25d56-cd55-4960-91bd-c27b8c5c9a4e	11	4955781	5766850	778	0.0435
a3b25d56-cd55-4960-91bd-c27b8c5c9a4e	11	5766862	5787909	31	-0.4849
a3b25d56-cd55-4960-91bd-c27b8c5c9a4e	11	5788108	18918775	9383	0.0107
a3b25d56-cd55-4960-91bd-c27b8c5c9a4e	11	18919309	18940191	44	0.4394
a3b25d56-cd55-4960-91bd-c27b8c5c9a4e	11	18940271	25089919	4853	0.0161
a3b25d56-cd55-4960-91bd-c27b8c5c9a4e	11	25092464	25706884	505	0.1128
a3b25d56-cd55-4960-91bd-c27b8c5c9a4e	11	25706899	36947705	7926	0.009
a3b25d56-cd55-4960-91bd-c27b8c5c9a4e	11	36948620	37634937	459	0.1679
a3b25d56-cd55-4960-91bd-c27b8c5c9a4e	11	37634995	54630073	7617	0.0064
a3b25d56-cd55-4960-91bd-c27b8c5c9a4e	11	54633175	55606572	350	0.1403
a3b25d56-cd55-4960-91bd-c27b8c5c9a4e	11	55606712	55685533	57	0.4591
a3b25d56-cd55-4960-91bd-c27b8c5c9a4e	11	55686100	56238561	393	0.1171
a3b25d56-cd55-4960-91bd-c27b8c5c9a4e	11	56240067	64956673	4749	-0.0142
a3b25d56-cd55-4960-91bd-c27b8c5c9a4e	11	64964714	65902628	371	-0.1746
a3b25d56-cd55-4960-91bd-c27b8c5c9a4e	11	65903039	74313212	4004	-0.0128
a3b25d56-cd55-4960-91bd-c27b8c5c9a4e	11	74314244	74315183	2	-3.1588
a3b25d56-cd55-4960-91bd-c27b8c5c9a4e	11	74318485	76430072	1195	0.0003
a3b25d56-cd55-4960-91bd-c27b8c5c9a4e	11	76431975	76437238	5	-1.0411
a3b25d56-cd55-4960-91bd-c27b8c5c9a4e	11	76437698	81548669	3592	0.0051
a3b25d56-cd55-4960-91bd-c27b8c5c9a4e	11	81549635	81585806	44	0.3392
a3b25d56-cd55-4960-91bd-c27b8c5c9a4e	11	81587522	81671730	69	-0.0936
a3b25d56-cd55-4960-91bd-c27b8c5c9a4e	11	81674033	81684984	8	-0.8402
a3b25d56-cd55-4960-91bd-c27b8c5c9a4e	11	81686073	89741663	5366	0.0288
a3b25d56-cd55-4960-91bd-c27b8c5c9a4e	11	89754781	89796439	5	-1.3411
a3b25d56-cd55-4960-91bd-c27b8c5c9a4e	11	89802300	93072062	2181	0.0051
a3b25d56-cd55-4960-91bd-c27b8c5c9a4e	11	93072437	93506296	282	0.1272
a3b25d56-cd55-4960-91bd-c27b8c5c9a4e	11	93507442	99968957	4766	0.0099
a3b25d56-cd55-4960-91bd-c27b8c5c9a4e	11	99972614	99972870	3	-1.8873
a3b25d56-cd55-4960-91bd-c27b8c5c9a4e	11	99974970	128463624	19990	0.0069
a3b25d56-cd55-4960-91bd-c27b8c5c9a4e	11	128464871	128465155	7	-1.7822
a3b25d56-cd55-4960-91bd-c27b8c5c9a4e	11	128467731	134280635	4474	-0.0049
a3b25d56-cd55-4960-91bd-c27b8c5c9a4e	11	134282136	134340968	37	0.7146
a3b25d56-cd55-4960-91bd-c27b8c5c9a4e	11	134346971	135074876	588	-0.0731
a3b25d56-cd55-4960-91bd-c27b8c5c9a4e	12	51460	244192	111	-0.1603
a3b25d56-cd55-4960-91bd-c27b8c5c9a4e	12	246384	378169	72	0.1166
a3b25d56-cd55-4960-91bd-c27b8c5c9a4e	12	381298	491049	63	-0.0723
a3b25d56-cd55-4960-91bd-c27b8c5c9a4e	12	495601	588877	80	-0.2896
a3b25d56-cd55-4960-91bd-c27b8c5c9a4e	12	589405	11061546	6878	0.0067
a3b25d56-cd55-4960-91bd-c27b8c5c9a4e	12	11062773	11200674	54	0.4315
a3b25d56-cd55-4960-91bd-c27b8c5c9a4e	12	11203172	17435653	4358	-0.0001
a3b25d56-cd55-4960-91bd-c27b8c5c9a4e	12	17437510	17448674	8	-1.0156
a3b25d56-cd55-4960-91bd-c27b8c5c9a4e	12	17449829	25339159	5406	0.0138
a3b25d56-cd55-4960-91bd-c27b8c5c9a4e	12	25341622	25341804	2	-2.4433
a3b25d56-cd55-4960-91bd-c27b8c5c9a4e	12	25342720	33141726	5685	0.02
a3b25d56-cd55-4960-91bd-c27b8c5c9a4e	12	33148472	33198009	60	0.3501
a3b25d56-cd55-4960-91bd-c27b8c5c9a4e	12	33202701	33233822	12	-0.0606
a3b25d56-cd55-4960-91bd-c27b8c5c9a4e	12	33235894	33242207	4	-2.0017
a3b25d56-cd55-4960-91bd-c27b8c5c9a4e	12	33242483	33368172	91	-0.0232
a3b25d56-cd55-4960-91bd-c27b8c5c9a4e	12	33368216	34014800	402	0.154
a3b25d56-cd55-4960-91bd-c27b8c5c9a4e	12	34023926	37548820	268	-0.0729
a3b25d56-cd55-4960-91bd-c27b8c5c9a4e	12	37549427	37714251	53	-0.4586
a3b25d56-cd55-4960-91bd-c27b8c5c9a4e	12	37767650	38298401	160	0.0554
a3b25d56-cd55-4960-91bd-c27b8c5c9a4e	12	38301465	38858476	332	0.1535
a3b25d56-cd55-4960-91bd-c27b8c5c9a4e	12	38859306	53065218	8622	0.0147
a3b25d56-cd55-4960-91bd-c27b8c5c9a4e	12	53065317	53068812	3	-1.9939
a3b25d56-cd55-4960-91bd-c27b8c5c9a4e	12	53069266	108467757	35490	0.0067
a3b25d56-cd55-4960-91bd-c27b8c5c9a4e	12	108470217	108471142	2	-2.3233
a3b25d56-cd55-4960-91bd-c27b8c5c9a4e	12	108474317	119598404	7442	-0.0117
a3b25d56-cd55-4960-91bd-c27b8c5c9a4e	12	119598430	119604429	7	-1.0673
a3b25d56-cd55-4960-91bd-c27b8c5c9a4e	12	119607505	127002679	4350	-0.007
a3b25d56-cd55-4960-91bd-c27b8c5c9a4e	12	127006387	127009134	5	-1.4161
a3b25d56-cd55-4960-91bd-c27b8c5c9a4e	12	127010817	128009397	867	0.0165
a3b25d56-cd55-4960-91bd-c27b8c5c9a4e	12	128013569	128014632	4	-1.3109
a3b25d56-cd55-4960-91bd-c27b8c5c9a4e	12	128018418	131619655	3168	-0.0441
a3b25d56-cd55-4960-91bd-c27b8c5c9a4e	12	131623604	131648790	20	-0.676
a3b25d56-cd55-4960-91bd-c27b8c5c9a4e	12	131657925	133201603	557	-0.0323
a3b25d56-cd55-4960-91bd-c27b8c5c9a4e	13	18452809	18618539	18	0.5393
a3b25d56-cd55-4960-91bd-c27b8c5c9a4e	13	18623776	57095537	25888	0.0056
a3b25d56-cd55-4960-91bd-c27b8c5c9a4e	13	57097752	57184136	38	0.2795
a3b25d56-cd55-4960-91bd-c27b8c5c9a4e	13	57184155	57204246	33	-0.5228
a3b25d56-cd55-4960-91bd-c27b8c5c9a4e	13	57215580	57232451	13	0.1007
a3b25d56-cd55-4960-91bd-c27b8c5c9a4e	13	57236166	57244772	8	0.861
a3b25d56-cd55-4960-91bd-c27b8c5c9a4e	13	57248909	57475779	138	0.216
a3b25d56-cd55-4960-91bd-c27b8c5c9a4e	13	57476563	63535303	3566	0.0051
a3b25d56-cd55-4960-91bd-c27b8c5c9a4e	13	63540694	64351782	473	0.1857
a3b25d56-cd55-4960-91bd-c27b8c5c9a4e	13	64355021	66409333	1247	-0.0041
a3b25d56-cd55-4960-91bd-c27b8c5c9a4e	13	66409584	66427236	16	0.1522
a3b25d56-cd55-4960-91bd-c27b8c5c9a4e	13	66427775	66433220	10	0.6761
a3b25d56-cd55-4960-91bd-c27b8c5c9a4e	13	66438344	66812541	300	0.1726
a3b25d56-cd55-4960-91bd-c27b8c5c9a4e	13	66815638	83524512	11080	0.0101
a3b25d56-cd55-4960-91bd-c27b8c5c9a4e	13	83525999	83601701	56	0.306
a3b25d56-cd55-4960-91bd-c27b8c5c9a4e	13	83601876	95333912	7489	0.0002
a3b25d56-cd55-4960-91bd-c27b8c5c9a4e	13	95334764	95365837	31	-0.3614
a3b25d56-cd55-4960-91bd-c27b8c5c9a4e	13	95366292	105128228	6986	-0.0069
a3b25d56-cd55-4960-91bd-c27b8c5c9a4e	13	105128361	105749795	492	0.1273
a3b25d56-cd55-4960-91bd-c27b8c5c9a4e	13	105750067	114342922	6076	-0.0101
a3b25d56-cd55-4960-91bd-c27b8c5c9a4e	14	18239283	19689684	64	-0.0058
a3b25d56-cd55-4960-91bd-c27b8c5c9a4e	14	19732024	19954424	101	-0.3824
a3b25d56-cd55-4960-91bd-c27b8c5c9a4e	14	19955213	21580443	1073	-0.0047
a3b25d56-cd55-4960-91bd-c27b8c5c9a4e	14	21582009	21587633	11	1.163
a3b25d56-cd55-4960-91bd-c27b8c5c9a4e	14	21604196	21768531	110	-0.0035
a3b25d56-cd55-4960-91bd-c27b8c5c9a4e	14	21769881	22526139	678	0.2217
a3b25d56-cd55-4960-91bd-c27b8c5c9a4e	14	22526849	22630225	91	-0.0324
a3b25d56-cd55-4960-91bd-c27b8c5c9a4e	14	22630304	22630714	3	-1.3314
a3b25d56-cd55-4960-91bd-c27b8c5c9a4e	14	22630780	27598020	3136	0.0005
a3b25d56-cd55-4960-91bd-c27b8c5c9a4e	14	27598217	27765828	90	0.2266
a3b25d56-cd55-4960-91bd-c27b8c5c9a4e	14	27765841	27921514	77	-0.0294
a3b25d56-cd55-4960-91bd-c27b8c5c9a4e	14	27922858	27925829	5	-1.2287
a3b25d56-cd55-4960-91bd-c27b8c5c9a4e	14	27927073	40139724	7557	0.0072
a3b25d56-cd55-4960-91bd-c27b8c5c9a4e	14	40144718	40147715	2	-2.2483
a3b25d56-cd55-4960-91bd-c27b8c5c9a4e	14	40148961	43350333	2078	0.0185
a3b25d56-cd55-4960-91bd-c27b8c5c9a4e	14	43350726	44097281	414	0.1304
a3b25d56-cd55-4960-91bd-c27b8c5c9a4e	14	44097384	69538456	15992	0.0059
a3b25d56-cd55-4960-91bd-c27b8c5c9a4e	14	69538720	69570269	36	-0.5635
a3b25d56-cd55-4960-91bd-c27b8c5c9a4e	14	69574770	73546628	2607	0.0046
a3b25d56-cd55-4960-91bd-c27b8c5c9a4e	14	73550104	73554275	4	1.349
a3b25d56-cd55-4960-91bd-c27b8c5c9a4e	14	73563196	85985567	8244	-0.0065
a3b25d56-cd55-4960-91bd-c27b8c5c9a4e	14	85994282	86022097	38	-0.7971
a3b25d56-cd55-4960-91bd-c27b8c5c9a4e	14	86023867	95007068	5900	-0.0019
a3b25d56-cd55-4960-91bd-c27b8c5c9a4e	14	95007980	95010782	6	-1.0023
a3b25d56-cd55-4960-91bd-c27b8c5c9a4e	14	95011422	106697156	6845	-0.0105
a3b25d56-cd55-4960-91bd-c27b8c5c9a4e	14	106704852	106719325	3	1.4759
a3b25d56-cd55-4960-91bd-c27b8c5c9a4e	14	106769689	106877229	72	0.0451
a3b25d56-cd55-4960-91bd-c27b8c5c9a4e	15	19811075	20059033	51	0.0619
a3b25d56-cd55-4960-91bd-c27b8c5c9a4e	15	20060725	22595648	166	-0.6659
a3b25d56-cd55-4960-91bd-c27b8c5c9a4e	15	22606745	24153780	866	-0.009
a3b25d56-cd55-4960-91bd-c27b8c5c9a4e	15	24158234	24429986	117	0.2174
a3b25d56-cd55-4960-91bd-c27b8c5c9a4e	15	24435245	24473449	31	-0.5471
a3b25d56-cd55-4960-91bd-c27b8c5c9a4e	15	24480146	25226010	494	0.0036
a3b25d56-cd55-4960-91bd-c27b8c5c9a4e	15	25227754	25230670	3	-1.2222
a3b25d56-cd55-4960-91bd-c27b8c5c9a4e	15	25234008	29118459	2431	-0.0012
a3b25d56-cd55-4960-91bd-c27b8c5c9a4e	15	29119788	29137635	15	-0.5953
a3b25d56-cd55-4960-91bd-c27b8c5c9a4e	15	29138976	30077828	643	-0.0151
a3b25d56-cd55-4960-91bd-c27b8c5c9a4e	15	30094208	30503586	35	-0.7897
a3b25d56-cd55-4960-91bd-c27b8c5c9a4e	15	30515739	96060371	42248	0.0044
a3b25d56-cd55-4960-91bd-c27b8c5c9a4e	15	96060944	96061852	6	-1.5272
a3b25d56-cd55-4960-91bd-c27b8c5c9a4e	15	96061918	101928837	4284	-0.011
a3b25d56-cd55-4960-91bd-c27b8c5c9a4e	16	10777	822531	323	-0.1661
a3b25d56-cd55-4960-91bd-c27b8c5c9a4e	16	822941	14895982	10760	-0.0091
a3b25d56-cd55-4960-91bd-c27b8c5c9a4e	16	14954911	15031584	53	-0.7458
a3b25d56-cd55-4960-91bd-c27b8c5c9a4e	16	15033033	15976128	389	-0.1102
a3b25d56-cd55-4960-91bd-c27b8c5c9a4e	16	15977992	15984017	10	-1.2084
a3b25d56-cd55-4960-91bd-c27b8c5c9a4e	16	15985212	19933041	1892	-0.0361
a3b25d56-cd55-4960-91bd-c27b8c5c9a4e	16	19934328	19956040	29	-1.0612
a3b25d56-cd55-4960-91bd-c27b8c5c9a4e	16	19958932	21401082	892	-0.0199
a3b25d56-cd55-4960-91bd-c27b8c5c9a4e	16	21503753	21577467	20	-0.7621
a3b25d56-cd55-4960-91bd-c27b8c5c9a4e	16	21580019	22420049	361	-0.0723
a3b25d56-cd55-4960-91bd-c27b8c5c9a4e	16	22430653	22699421	75	-0.5341
a3b25d56-cd55-4960-91bd-c27b8c5c9a4e	16	22701658	22984225	235	-0.0594
a3b25d56-cd55-4960-91bd-c27b8c5c9a4e	16	22984546	25952099	1972	-0.0071
a3b25d56-cd55-4960-91bd-c27b8c5c9a4e	16	25952124	25953976	3	-1.7406
a3b25d56-cd55-4960-91bd-c27b8c5c9a4e	16	25957141	27778955	1370	-0.0078
a3b25d56-cd55-4960-91bd-c27b8c5c9a4e	16	27783028	27831503	54	-0.3164
a3b25d56-cd55-4960-91bd-c27b8c5c9a4e	16	27831823	28912757	439	-0.0291
a3b25d56-cd55-4960-91bd-c27b8c5c9a4e	16	28914892	29020972	41	-0.3132
a3b25d56-cd55-4960-91bd-c27b8c5c9a4e	16	29021481	29268429	81	-0.0433
a3b25d56-cd55-4960-91bd-c27b8c5c9a4e	16	29269203	29272383	5	-1.2679
a3b25d56-cd55-4960-91bd-c27b8c5c9a4e	16	29276882	31325567	609	-0.0664
a3b25d56-cd55-4960-91bd-c27b8c5c9a4e	16	31327153	31404162	39	0.5272
a3b25d56-cd55-4960-91bd-c27b8c5c9a4e	16	31406736	55761039	7203	0.0058
a3b25d56-cd55-4960-91bd-c27b8c5c9a4e	16	55761136	55782734	19	-1.0961
a3b25d56-cd55-4960-91bd-c27b8c5c9a4e	16	55782793	81196736	17527	-0.0006
a3b25d56-cd55-4960-91bd-c27b8c5c9a4e	16	81196839	81198821	3	-2.0429
a3b25d56-cd55-4960-91bd-c27b8c5c9a4e	16	81198985	83918261	2994	-0.003
a3b25d56-cd55-4960-91bd-c27b8c5c9a4e	16	83919580	84910080	859	-0.1356
a3b25d56-cd55-4960-91bd-c27b8c5c9a4e	16	84910404	87773541	2459	-0.0201
a3b25d56-cd55-4960-91bd-c27b8c5c9a4e	16	87773589	90096867	996	-0.1511
a3b25d56-cd55-4960-91bd-c27b8c5c9a4e	17	150733	1250730	554	-0.1336
a3b25d56-cd55-4960-91bd-c27b8c5c9a4e	17	1262192	10855953	5707	-0.0222
a3b25d56-cd55-4960-91bd-c27b8c5c9a4e	17	10858883	10863813	8	-1.302
a3b25d56-cd55-4960-91bd-c27b8c5c9a4e	17	10864032	18414080	5084	-0.0105
a3b25d56-cd55-4960-91bd-c27b8c5c9a4e	17	18452078	18508083	15	-0.9162
a3b25d56-cd55-4960-91bd-c27b8c5c9a4e	17	18508609	41266762	9379	-0.0123
a3b25d56-cd55-4960-91bd-c27b8c5c9a4e	17	41266774	41274198	22	-1.1753
a3b25d56-cd55-4960-91bd-c27b8c5c9a4e	17	41274279	45670724	2193	-0.0117
a3b25d56-cd55-4960-91bd-c27b8c5c9a4e	17	45672644	46008901	245	-0.2076
a3b25d56-cd55-4960-91bd-c27b8c5c9a4e	17	46011571	46351954	184	0.0825
a3b25d56-cd55-4960-91bd-c27b8c5c9a4e	17	46446345	46446360	2	-1.6915
a3b25d56-cd55-4960-91bd-c27b8c5c9a4e	17	46569894	52939952	3599	0.0025
a3b25d56-cd55-4960-91bd-c27b8c5c9a4e	17	52940254	53217344	171	0.1866
a3b25d56-cd55-4960-91bd-c27b8c5c9a4e	17	53217601	73838553	12986	-0.0028
a3b25d56-cd55-4960-91bd-c27b8c5c9a4e	17	73839356	74537994	431	-0.1638
a3b25d56-cd55-4960-91bd-c27b8c5c9a4e	17	74538736	74539182	3	-1.8315
a3b25d56-cd55-4960-91bd-c27b8c5c9a4e	17	74539870	74725013	132	-0.1263
a3b25d56-cd55-4960-91bd-c27b8c5c9a4e	17	74725599	78285287	1854	-0.0257
a3b25d56-cd55-4960-91bd-c27b8c5c9a4e	17	78286051	78286887	2	-1.9689
a3b25d56-cd55-4960-91bd-c27b8c5c9a4e	17	78290662	80017429	971	-0.0753
a3b25d56-cd55-4960-91bd-c27b8c5c9a4e	17	80019297	80022981	3	-3.1511
a3b25d56-cd55-4960-91bd-c27b8c5c9a4e	17	80030294	83091923	1336	-0.0276
a3b25d56-cd55-4960-91bd-c27b8c5c9a4e	18	48133	1624598	1115	-0.0192
a3b25d56-cd55-4960-91bd-c27b8c5c9a4e	18	1624683	2068406	354	0.143
a3b25d56-cd55-4960-91bd-c27b8c5c9a4e	18	2068871	6162762	2908	0.0011
a3b25d56-cd55-4960-91bd-c27b8c5c9a4e	18	6162980	6169090	3	-1.525
a3b25d56-cd55-4960-91bd-c27b8c5c9a4e	18	6170018	65537340	35437	0.0008
a3b25d56-cd55-4960-91bd-c27b8c5c9a4e	18	65537354	66054343	361	0.1497
a3b25d56-cd55-4960-91bd-c27b8c5c9a4e	18	66060256	66061104	12	-0.455
a3b25d56-cd55-4960-91bd-c27b8c5c9a4e	18	66065502	66239629	147	0.0618
a3b25d56-cd55-4960-91bd-c27b8c5c9a4e	18	66240197	66244352	10	-0.6989
a3b25d56-cd55-4960-91bd-c27b8c5c9a4e	18	66244639	67930108	1151	0.0162
a3b25d56-cd55-4960-91bd-c27b8c5c9a4e	18	67930333	68116276	153	0.1895
a3b25d56-cd55-4960-91bd-c27b8c5c9a4e	18	68116392	69071802	744	0.0229
a3b25d56-cd55-4960-91bd-c27b8c5c9a4e	18	69071897	69090472	46	0.376
a3b25d56-cd55-4960-91bd-c27b8c5c9a4e	18	69090513	71392537	1572	0.0206
a3b25d56-cd55-4960-91bd-c27b8c5c9a4e	18	71392837	73701344	1834	0.1313
a3b25d56-cd55-4960-91bd-c27b8c5c9a4e	18	73701659	76621254	2356	0.0037
a3b25d56-cd55-4960-91bd-c27b8c5c9a4e	18	76621352	76628810	6	-1.0448
a3b25d56-cd55-4960-91bd-c27b8c5c9a4e	18	76634949	77193981	397	-0.0566
a3b25d56-cd55-4960-91bd-c27b8c5c9a4e	18	77194108	77200202	4	1.1249
a3b25d56-cd55-4960-91bd-c27b8c5c9a4e	18	77200392	78601202	1092	-0.0182
a3b25d56-cd55-4960-91bd-c27b8c5c9a4e	18	78602084	78607500	3	-1.877
a3b25d56-cd55-4960-91bd-c27b8c5c9a4e	18	78608437	80257174	886	-0.0353
a3b25d56-cd55-4960-91bd-c27b8c5c9a4e	19	90910	58586487	29038	-0.0185
a3b25d56-cd55-4960-91bd-c27b8c5c9a4e	20	80664	1590457	1215	-0.0221
a3b25d56-cd55-4960-91bd-c27b8c5c9a4e	20	1590626	1617690	30	-0.5084
a3b25d56-cd55-4960-91bd-c27b8c5c9a4e	20	1618356	5616773	2890	-0.0185
a3b25d56-cd55-4960-91bd-c27b8c5c9a4e	20	5618026	5718619	71	-0.2736
a3b25d56-cd55-4960-91bd-c27b8c5c9a4e	20	5719169	8118642	1848	0.0023
a3b25d56-cd55-4960-91bd-c27b8c5c9a4e	20	8119016	8591287	383	0.1241
a3b25d56-cd55-4960-91bd-c27b8c5c9a4e	20	8591578	14537718	4497	-0.0002
a3b25d56-cd55-4960-91bd-c27b8c5c9a4e	20	14539796	15402165	734	0.0912
a3b25d56-cd55-4960-91bd-c27b8c5c9a4e	20	15402274	23799193	6787	0.0016
a3b25d56-cd55-4960-91bd-c27b8c5c9a4e	20	23799659	23802011	2	-1.9859
a3b25d56-cd55-4960-91bd-c27b8c5c9a4e	20	23804620	32979039	2386	-0.0057
a3b25d56-cd55-4960-91bd-c27b8c5c9a4e	20	32983165	32983216	2	-3.0574
a3b25d56-cd55-4960-91bd-c27b8c5c9a4e	20	32984094	63595400	21106	-0.0096
a3b25d56-cd55-4960-91bd-c27b8c5c9a4e	20	63598636	64324800	306	-0.1778
a3b25d56-cd55-4960-91bd-c27b8c5c9a4e	21	10354168	13028693	97	-0.013
a3b25d56-cd55-4960-91bd-c27b8c5c9a4e	21	13080541	13169048	15	-1.3751
a3b25d56-cd55-4960-91bd-c27b8c5c9a4e	21	13177644	15605106	1340	0.0204
a3b25d56-cd55-4960-91bd-c27b8c5c9a4e	21	15605150	15767289	137	0.212
a3b25d56-cd55-4960-91bd-c27b8c5c9a4e	21	15773242	22223325	4655	0.0091
a3b25d56-cd55-4960-91bd-c27b8c5c9a4e	21	22223457	22302531	49	0.2396
a3b25d56-cd55-4960-91bd-c27b8c5c9a4e	21	22302584	22358323	45	-0.0721
a3b25d56-cd55-4960-91bd-c27b8c5c9a4e	21	22358849	22568680	145	0.2448
a3b25d56-cd55-4960-91bd-c27b8c5c9a4e	21	22570394	22816458	174	-0.0189
a3b25d56-cd55-4960-91bd-c27b8c5c9a4e	21	22816536	23322186	424	0.1632
a3b25d56-cd55-4960-91bd-c27b8c5c9a4e	21	23322328	46677045	16696	-0.0011
a3b25d56-cd55-4960-91bd-c27b8c5c9a4e	22	15294547	18649244	1133	-0.0042
a3b25d56-cd55-4960-91bd-c27b8c5c9a4e	22	18760927	18917479	7	1.0443
a3b25d56-cd55-4960-91bd-c27b8c5c9a4e	22	18918078	19495376	345	-0.0855
a3b25d56-cd55-4960-91bd-c27b8c5c9a4e	22	19496375	21759598	1326	-0.1699
a3b25d56-cd55-4960-91bd-c27b8c5c9a4e	22	21759747	22684951	772	-0.062
a3b25d56-cd55-4960-91bd-c27b8c5c9a4e	22	22685456	22743135	37	-1.0338
a3b25d56-cd55-4960-91bd-c27b8c5c9a4e	22	22748392	23940911	751	-0.1041
a3b25d56-cd55-4960-91bd-c27b8c5c9a4e	22	23942595	23959448	7	-1.1821
a3b25d56-cd55-4960-91bd-c27b8c5c9a4e	22	23971476	24026280	28	-0.1054
a3b25d56-cd55-4960-91bd-c27b8c5c9a4e	22	24028561	25248860	783	0.0134
a3b25d56-cd55-4960-91bd-c27b8c5c9a4e	22	25248950	25455068	184	-0.1727
a3b25d56-cd55-4960-91bd-c27b8c5c9a4e	22	25456974	38955461	9819	-0.0065
a3b25d56-cd55-4960-91bd-c27b8c5c9a4e	22	38967614	38975897	21	-0.9757
a3b25d56-cd55-4960-91bd-c27b8c5c9a4e	22	38978372	41903531	1570	-0.0186
a3b25d56-cd55-4960-91bd-c27b8c5c9a4e	22	41903923	41992425	44	-0.3623
a3b25d56-cd55-4960-91bd-c27b8c5c9a4e	22	41993944	42380920	209	-0.0058
a3b25d56-cd55-4960-91bd-c27b8c5c9a4e	22	42380962	42577696	96	-0.2665
a3b25d56-cd55-4960-91bd-c27b8c5c9a4e	22	42579096	43162481	360	0.0079
a3b25d56-cd55-4960-91bd-c27b8c5c9a4e	22	43162920	43164676	2	-1.9955
a3b25d56-cd55-4960-91bd-c27b8c5c9a4e	22	43164826	48856139	4470	-0.0102
a3b25d56-cd55-4960-91bd-c27b8c5c9a4e	22	48856712	50796027	1239	-0.152
a3b25d56-cd55-4960-91bd-c27b8c5c9a4e	X	251810	3299964	492	-0.2044
a3b25d56-cd55-4960-91bd-c27b8c5c9a4e	X	3300311	3301000	2	-4.6054
a3b25d56-cd55-4960-91bd-c27b8c5c9a4e	X	3301088	8333617	3794	0.0019
a3b25d56-cd55-4960-91bd-c27b8c5c9a4e	X	8333843	8341964	3	-4.2239
a3b25d56-cd55-4960-91bd-c27b8c5c9a4e	X	8342350	10109157	1351	-0.0039
a3b25d56-cd55-4960-91bd-c27b8c5c9a4e	X	10109343	10118946	11	-0.9479
a3b25d56-cd55-4960-91bd-c27b8c5c9a4e	X	10119447	12064473	1264	0.0049
a3b25d56-cd55-4960-91bd-c27b8c5c9a4e	X	12065610	12069343	2	-4.7109
a3b25d56-cd55-4960-91bd-c27b8c5c9a4e	X	12069436	19456930	4728	-0.0074
a3b25d56-cd55-4960-91bd-c27b8c5c9a4e	X	19457642	19497859	34	-0.52
a3b25d56-cd55-4960-91bd-c27b8c5c9a4e	X	19498287	28029615	5288	0.0067
a3b25d56-cd55-4960-91bd-c27b8c5c9a4e	X	28029722	28030650	7	-1.1049
a3b25d56-cd55-4960-91bd-c27b8c5c9a4e	X	28030777	29161475	693	0.0074
a3b25d56-cd55-4960-91bd-c27b8c5c9a4e	X	29164085	29164184	3	-3.269
a3b25d56-cd55-4960-91bd-c27b8c5c9a4e	X	29164196	140915155	56404	0.0112
a3b25d56-cd55-4960-91bd-c27b8c5c9a4e	X	140915293	140923598	6	-2.8306
a3b25d56-cd55-4960-91bd-c27b8c5c9a4e	X	140923730	151708283	7122	0.0069
a3b25d56-cd55-4960-91bd-c27b8c5c9a4e	X	151709072	151710185	5	-5.6539
a3b25d56-cd55-4960-91bd-c27b8c5c9a4e	X	151710911	155952689	1940	-0.022
a3b25d56-cd55-4960-91bd-c27b8c5c9a4e	Y	2782397	3010599	112	-1.0267
a3b25d56-cd55-4960-91bd-c27b8c5c9a4e	Y	3011568	6866010	789	-0.9071
a3b25d56-cd55-4960-91bd-c27b8c5c9a4e	Y	6866512	9685653	1407	-1.014
a3b25d56-cd55-4960-91bd-c27b8c5c9a4e	Y	9759940	9811130	3	-3.1716
a3b25d56-cd55-4960-91bd-c27b8c5c9a4e	Y	9870332	56872112	4323	-0.986
