GDC_Aliquot	Chromosome	Start	End	Num_Probes	Segment_Mean
e0823865-ec99-4e83-8ba2-e0d7094d7a71	1	62920	259422	15	0.4798
e0823865-ec99-4e83-8ba2-e0d7094d7a71	1	259926	969227	52	-0.2849
e0823865-ec99-4e83-8ba2-e0d7094d7a71	1	983193	3302359	672	-0.4312
e0823865-ec99-4e83-8ba2-e0d7094d7a71	1	3303537	5286740	1517	-0.2217
e0823865-ec99-4e83-8ba2-e0d7094d7a71	1	5287379	5308870	15	-0.7975
e0823865-ec99-4e83-8ba2-e0d7094d7a71	1	5309117	7292268	1232	-0.2215
e0823865-ec99-4e83-8ba2-e0d7094d7a71	1	7292914	7313867	11	-1.2097
e0823865-ec99-4e83-8ba2-e0d7094d7a71	1	7317463	16689764	5148	-0.2313
e0823865-ec99-4e83-8ba2-e0d7094d7a71	1	16718963	16721984	6	-1.1654
e0823865-ec99-4e83-8ba2-e0d7094d7a71	1	16766762	16935752	69	0.2916
e0823865-ec99-4e83-8ba2-e0d7094d7a71	1	16949746	25278567	5260	-0.23
e0823865-ec99-4e83-8ba2-e0d7094d7a71	1	25284629	25320455	12	0.4327
e0823865-ec99-4e83-8ba2-e0d7094d7a71	1	25336819	30699627	2748	-0.2175
e0823865-ec99-4e83-8ba2-e0d7094d7a71	1	30702481	30778851	58	-0.5289
e0823865-ec99-4e83-8ba2-e0d7094d7a71	1	30789158	72303233	25863	-0.2081
e0823865-ec99-4e83-8ba2-e0d7094d7a71	1	72303253	72345465	45	-1.4901
e0823865-ec99-4e83-8ba2-e0d7094d7a71	1	72346221	75585159	1926	-0.1772
e0823865-ec99-4e83-8ba2-e0d7094d7a71	1	75589078	75589169	2	-2.7131
e0823865-ec99-4e83-8ba2-e0d7094d7a71	1	75593824	83108757	5036	-0.1861
e0823865-ec99-4e83-8ba2-e0d7094d7a71	1	83108894	83410151	132	-0.0021
e0823865-ec99-4e83-8ba2-e0d7094d7a71	1	83410152	102190637	12128	-0.2035
e0823865-ec99-4e83-8ba2-e0d7094d7a71	1	102192088	106924600	2659	-0.1514
e0823865-ec99-4e83-8ba2-e0d7094d7a71	1	106926197	109684893	1669	-0.1962
e0823865-ec99-4e83-8ba2-e0d7094d7a71	1	109690352	109697556	13	-1.5215
e0823865-ec99-4e83-8ba2-e0d7094d7a71	1	109702376	145741647	7282	-0.1912
e0823865-ec99-4e83-8ba2-e0d7094d7a71	1	145741704	145772412	13	-0.8254
e0823865-ec99-4e83-8ba2-e0d7094d7a71	1	145772943	152787202	2449	-0.2096
e0823865-ec99-4e83-8ba2-e0d7094d7a71	1	152789447	152795862	34	0.239
e0823865-ec99-4e83-8ba2-e0d7094d7a71	1	152795883	170397969	12107	-0.2059
e0823865-ec99-4e83-8ba2-e0d7094d7a71	1	170398509	170415607	20	0.2872
e0823865-ec99-4e83-8ba2-e0d7094d7a71	1	170417834	187548005	11139	-0.2153
e0823865-ec99-4e83-8ba2-e0d7094d7a71	1	187555148	195548377	5320	-0.1634
e0823865-ec99-4e83-8ba2-e0d7094d7a71	1	195550235	196778780	809	-0.2008
e0823865-ec99-4e83-8ba2-e0d7094d7a71	1	196778912	196779899	5	-1.54
e0823865-ec99-4e83-8ba2-e0d7094d7a71	1	196780051	199142235	1406	-0.1926
e0823865-ec99-4e83-8ba2-e0d7094d7a71	1	199142298	199144712	8	0.6761
e0823865-ec99-4e83-8ba2-e0d7094d7a71	1	199145110	212831113	9328	-0.2198
e0823865-ec99-4e83-8ba2-e0d7094d7a71	1	212831670	212837094	7	-1.1966
e0823865-ec99-4e83-8ba2-e0d7094d7a71	1	212841111	247938471	24494	-0.2099
e0823865-ec99-4e83-8ba2-e0d7094d7a71	1	247939406	248246381	168	-0.0336
e0823865-ec99-4e83-8ba2-e0d7094d7a71	1	248247755	248546369	148	-0.2327
e0823865-ec99-4e83-8ba2-e0d7094d7a71	1	248550567	248661836	39	0.243
e0823865-ec99-4e83-8ba2-e0d7094d7a71	1	248661962	248930189	137	-0.3056
e0823865-ec99-4e83-8ba2-e0d7094d7a71	2	12784	3507273	2446	0.3334
e0823865-ec99-4e83-8ba2-e0d7094d7a71	2	3511778	8426755	4197	0.3881
e0823865-ec99-4e83-8ba2-e0d7094d7a71	2	8426812	14215597	4071	0.3519
e0823865-ec99-4e83-8ba2-e0d7094d7a71	2	14215614	14217422	10	1.164
e0823865-ec99-4e83-8ba2-e0d7094d7a71	2	14217565	34486407	13341	0.3519
e0823865-ec99-4e83-8ba2-e0d7094d7a71	2	34491703	34511990	30	-0.128
e0823865-ec99-4e83-8ba2-e0d7094d7a71	2	34512096	36254187	1275	0.4194
e0823865-ec99-4e83-8ba2-e0d7094d7a71	2	36254825	41010246	3508	0.3596
e0823865-ec99-4e83-8ba2-e0d7094d7a71	2	41010424	41352787	286	0.4779
e0823865-ec99-4e83-8ba2-e0d7094d7a71	2	41355332	48928508	5338	0.336
e0823865-ec99-4e83-8ba2-e0d7094d7a71	2	48930864	49002873	68	0.3961
e0823865-ec99-4e83-8ba2-e0d7094d7a71	2	49015590	49037179	28	0.6709
e0823865-ec99-4e83-8ba2-e0d7094d7a71	2	49038110	50696712	1227	0.3752
e0823865-ec99-4e83-8ba2-e0d7094d7a71	2	50698390	52527330	1240	0.4354
e0823865-ec99-4e83-8ba2-e0d7094d7a71	2	52527342	52554404	39	-0.7039
e0823865-ec99-4e83-8ba2-e0d7094d7a71	2	52560811	52579381	15	0.423
e0823865-ec99-4e83-8ba2-e0d7094d7a71	2	52580336	52584576	5	-0.446
e0823865-ec99-4e83-8ba2-e0d7094d7a71	2	52584592	52898882	283	0.3991
e0823865-ec99-4e83-8ba2-e0d7094d7a71	2	52901952	52902575	2	-1.3314
e0823865-ec99-4e83-8ba2-e0d7094d7a71	2	52903232	76148311	14857	0.35
e0823865-ec99-4e83-8ba2-e0d7094d7a71	2	76148585	79102020	1989	0.4066
e0823865-ec99-4e83-8ba2-e0d7094d7a71	2	79103652	79116692	8	1.1271
e0823865-ec99-4e83-8ba2-e0d7094d7a71	2	79117566	81719737	1840	0.3762
e0823865-ec99-4e83-8ba2-e0d7094d7a71	2	81722839	81723371	2	-1.3458
e0823865-ec99-4e83-8ba2-e0d7094d7a71	2	81726408	84196137	1396	0.3894
e0823865-ec99-4e83-8ba2-e0d7094d7a71	2	84200034	97357159	3399	0.3525
e0823865-ec99-4e83-8ba2-e0d7094d7a71	2	97359380	97609151	26	0.8587
e0823865-ec99-4e83-8ba2-e0d7094d7a71	2	97624729	105529850	4902	0.3509
e0823865-ec99-4e83-8ba2-e0d7094d7a71	2	105529918	105535647	2	-1.8781
e0823865-ec99-4e83-8ba2-e0d7094d7a71	2	105535795	106263639	635	0.3418
e0823865-ec99-4e83-8ba2-e0d7094d7a71	2	106264257	106268901	11	-1.7911
e0823865-ec99-4e83-8ba2-e0d7094d7a71	2	106270799	113604438	3779	0.3576
e0823865-ec99-4e83-8ba2-e0d7094d7a71	2	113604837	113623244	3	-0.834
e0823865-ec99-4e83-8ba2-e0d7094d7a71	2	113625975	116625329	1833	0.3785
e0823865-ec99-4e83-8ba2-e0d7094d7a71	2	116629286	117435805	485	0.4786
e0823865-ec99-4e83-8ba2-e0d7094d7a71	2	117438811	120179195	1784	0.3491
e0823865-ec99-4e83-8ba2-e0d7094d7a71	2	120180456	120185249	7	-1.3874
e0823865-ec99-4e83-8ba2-e0d7094d7a71	2	120189362	123016713	1816	0.334
e0823865-ec99-4e83-8ba2-e0d7094d7a71	2	123017064	124309174	899	0.3924
e0823865-ec99-4e83-8ba2-e0d7094d7a71	2	124309399	124320661	8	0.9526
e0823865-ec99-4e83-8ba2-e0d7094d7a71	2	124322604	124881269	373	0.3967
e0823865-ec99-4e83-8ba2-e0d7094d7a71	2	124882603	124887590	3	-0.6429
e0823865-ec99-4e83-8ba2-e0d7094d7a71	2	124890555	125723391	481	0.4399
e0823865-ec99-4e83-8ba2-e0d7094d7a71	2	125730127	136994256	6682	0.3419
e0823865-ec99-4e83-8ba2-e0d7094d7a71	2	136995340	143508935	4158	0.3861
e0823865-ec99-4e83-8ba2-e0d7094d7a71	2	143509067	152930971	5674	0.3539
e0823865-ec99-4e83-8ba2-e0d7094d7a71	2	152939554	152940270	3	-1.2908
e0823865-ec99-4e83-8ba2-e0d7094d7a71	2	152944055	154033296	675	0.3926
e0823865-ec99-4e83-8ba2-e0d7094d7a71	2	154039462	154039969	2	-2.0664
e0823865-ec99-4e83-8ba2-e0d7094d7a71	2	154043710	183641572	18167	0.3557
e0823865-ec99-4e83-8ba2-e0d7094d7a71	2	183641648	195537495	6736	0.3945
e0823865-ec99-4e83-8ba2-e0d7094d7a71	2	195537718	202431270	3957	0.3386
e0823865-ec99-4e83-8ba2-e0d7094d7a71	2	202431284	202433243	6	1.1417
e0823865-ec99-4e83-8ba2-e0d7094d7a71	2	202433419	202614129	92	0.3658
e0823865-ec99-4e83-8ba2-e0d7094d7a71	2	202619832	202620373	2	1.623
e0823865-ec99-4e83-8ba2-e0d7094d7a71	2	202628594	207635609	3157	0.3498
e0823865-ec99-4e83-8ba2-e0d7094d7a71	2	207636221	207638827	2	-1.6269
e0823865-ec99-4e83-8ba2-e0d7094d7a71	2	207639869	242147305	21956	0.3459
e0823865-ec99-4e83-8ba2-e0d7094d7a71	3	20930	182919	151	0.4048
e0823865-ec99-4e83-8ba2-e0d7094d7a71	3	188339	194065	8	-0.1165
e0823865-ec99-4e83-8ba2-e0d7094d7a71	3	195076	221092	24	0.3345
e0823865-ec99-4e83-8ba2-e0d7094d7a71	3	230573	1985788	1579	0.4663
e0823865-ec99-4e83-8ba2-e0d7094d7a71	3	1987145	7900769	5209	0.4133
e0823865-ec99-4e83-8ba2-e0d7094d7a71	3	7909261	9297232	1177	0.3966
e0823865-ec99-4e83-8ba2-e0d7094d7a71	3	9297960	13677949	3031	0.3533
e0823865-ec99-4e83-8ba2-e0d7094d7a71	3	13678598	26384700	8635	0.3995
e0823865-ec99-4e83-8ba2-e0d7094d7a71	3	26392633	26397852	5	-1.3846
e0823865-ec99-4e83-8ba2-e0d7094d7a71	3	26404482	46751887	13266	0.3831
e0823865-ec99-4e83-8ba2-e0d7094d7a71	3	46760327	46817989	41	-0.076
e0823865-ec99-4e83-8ba2-e0d7094d7a71	3	46818342	60011109	7415	0.3694
e0823865-ec99-4e83-8ba2-e0d7094d7a71	3	60011220	61080923	1178	0.4342
e0823865-ec99-4e83-8ba2-e0d7094d7a71	3	61080975	63200074	1731	0.3678
e0823865-ec99-4e83-8ba2-e0d7094d7a71	3	63203369	63206428	2	-0.9359
e0823865-ec99-4e83-8ba2-e0d7094d7a71	3	63207429	68697013	4204	0.3882
e0823865-ec99-4e83-8ba2-e0d7094d7a71	3	68697108	68698262	14	1.3522
e0823865-ec99-4e83-8ba2-e0d7094d7a71	3	68699607	75519398	4917	0.3853
e0823865-ec99-4e83-8ba2-e0d7094d7a71	3	75523398	75537654	6	-1.1983
e0823865-ec99-4e83-8ba2-e0d7094d7a71	3	75546030	75813297	55	0.3661
e0823865-ec99-4e83-8ba2-e0d7094d7a71	3	75813498	89337951	7624	0.4203
e0823865-ec99-4e83-8ba2-e0d7094d7a71	3	89345442	89370231	51	-0.8544
e0823865-ec99-4e83-8ba2-e0d7094d7a71	3	89370771	98180575	2633	0.4025
e0823865-ec99-4e83-8ba2-e0d7094d7a71	3	98189826	98194581	3	1.4714
e0823865-ec99-4e83-8ba2-e0d7094d7a71	3	98195973	99218940	589	0.3964
e0823865-ec99-4e83-8ba2-e0d7094d7a71	3	99225614	99226566	16	-0.5156
e0823865-ec99-4e83-8ba2-e0d7094d7a71	3	99229557	99230068	8	-1.3083
e0823865-ec99-4e83-8ba2-e0d7094d7a71	3	99230187	99232120	15	-0.3255
e0823865-ec99-4e83-8ba2-e0d7094d7a71	3	99232539	119347781	12407	0.3934
e0823865-ec99-4e83-8ba2-e0d7094d7a71	3	119348499	142973822	14149	0.3659
e0823865-ec99-4e83-8ba2-e0d7094d7a71	3	142974721	146686862	2523	0.4061
e0823865-ec99-4e83-8ba2-e0d7094d7a71	3	146687483	147653282	502	0.5201
e0823865-ec99-4e83-8ba2-e0d7094d7a71	3	147653317	158612757	6713	0.381
e0823865-ec99-4e83-8ba2-e0d7094d7a71	3	158613262	158621752	3	-1.0223
e0823865-ec99-4e83-8ba2-e0d7094d7a71	3	158623833	162500617	2415	0.387
e0823865-ec99-4e83-8ba2-e0d7094d7a71	3	162500632	162518746	24	0.7847
e0823865-ec99-4e83-8ba2-e0d7094d7a71	3	162519097	162813082	182	0.4461
e0823865-ec99-4e83-8ba2-e0d7094d7a71	3	162815162	162822702	7	-1.2902
e0823865-ec99-4e83-8ba2-e0d7094d7a71	3	162827928	162991006	119	0.5631
e0823865-ec99-4e83-8ba2-e0d7094d7a71	3	162996729	163008371	4	1.5487
e0823865-ec99-4e83-8ba2-e0d7094d7a71	3	163008644	169012392	3362	0.4192
e0823865-ec99-4e83-8ba2-e0d7094d7a71	3	169015614	169020840	2	-1.6096
e0823865-ec99-4e83-8ba2-e0d7094d7a71	3	169022039	173402313	2802	0.3859
e0823865-ec99-4e83-8ba2-e0d7094d7a71	3	173403431	176400310	2066	0.4403
e0823865-ec99-4e83-8ba2-e0d7094d7a71	3	176400414	178920193	1529	0.3985
e0823865-ec99-4e83-8ba2-e0d7094d7a71	3	178920642	178927546	2	-1.0016
e0823865-ec99-4e83-8ba2-e0d7094d7a71	3	178928502	186980310	4789	0.377
e0823865-ec99-4e83-8ba2-e0d7094d7a71	3	186983049	186983135	2	-1.5025
e0823865-ec99-4e83-8ba2-e0d7094d7a71	3	186991016	190537626	2652	0.3887
e0823865-ec99-4e83-8ba2-e0d7094d7a71	3	190538297	190552946	13	-0.1271
e0823865-ec99-4e83-8ba2-e0d7094d7a71	3	190556029	193156018	1817	0.4127
e0823865-ec99-4e83-8ba2-e0d7094d7a71	3	193156958	193165114	21	-0.8554
e0823865-ec99-4e83-8ba2-e0d7094d7a71	3	193168646	195558822	1475	0.3658
e0823865-ec99-4e83-8ba2-e0d7094d7a71	3	195559056	195720051	26	-0.4755
e0823865-ec99-4e83-8ba2-e0d7094d7a71	3	195728637	195982791	105	0.1524
e0823865-ec99-4e83-8ba2-e0d7094d7a71	3	195991894	198169114	1076	0.3806
e0823865-ec99-4e83-8ba2-e0d7094d7a71	3	198169131	198169247	3	-0.5369
e0823865-ec99-4e83-8ba2-e0d7094d7a71	4	68929	810035	276	-0.1756
e0823865-ec99-4e83-8ba2-e0d7094d7a71	4	810466	1051535	75	-0.5206
e0823865-ec99-4e83-8ba2-e0d7094d7a71	4	1057724	7430850	3865	-0.2353
e0823865-ec99-4e83-8ba2-e0d7094d7a71	4	7432290	7460799	25	-0.7613
e0823865-ec99-4e83-8ba2-e0d7094d7a71	4	7461577	10208766	1446	-0.2407
e0823865-ec99-4e83-8ba2-e0d7094d7a71	4	10221792	10229874	28	-1.9999
e0823865-ec99-4e83-8ba2-e0d7094d7a71	4	10232590	10233644	7	-0.9853
e0823865-ec99-4e83-8ba2-e0d7094d7a71	4	10234518	34784878	16943	-0.1972
e0823865-ec99-4e83-8ba2-e0d7094d7a71	4	34785333	34828250	38	-0.7802
e0823865-ec99-4e83-8ba2-e0d7094d7a71	4	34828291	35795762	618	-0.1449
e0823865-ec99-4e83-8ba2-e0d7094d7a71	4	35796153	42904725	4721	-0.2218
e0823865-ec99-4e83-8ba2-e0d7094d7a71	4	42905004	45003738	1277	-0.1595
e0823865-ec99-4e83-8ba2-e0d7094d7a71	4	45003835	45004318	4	-1.2348
e0823865-ec99-4e83-8ba2-e0d7094d7a71	4	45008952	48146805	1747	-0.1996
e0823865-ec99-4e83-8ba2-e0d7094d7a71	4	48146834	48188981	98	0.0076
e0823865-ec99-4e83-8ba2-e0d7094d7a71	4	48189428	48190010	5	-0.8078
e0823865-ec99-4e83-8ba2-e0d7094d7a71	4	48190132	48293590	126	-0.0761
e0823865-ec99-4e83-8ba2-e0d7094d7a71	4	48294365	49214614	351	-0.1883
e0823865-ec99-4e83-8ba2-e0d7094d7a71	4	49289175	49289338	2	1.7004
e0823865-ec99-4e83-8ba2-e0d7094d7a71	4	49295203	59454315	5049	-0.2077
e0823865-ec99-4e83-8ba2-e0d7094d7a71	4	59459231	59464727	5	1.0865
e0823865-ec99-4e83-8ba2-e0d7094d7a71	4	59465817	62802116	1946	-0.1775
e0823865-ec99-4e83-8ba2-e0d7094d7a71	4	62804218	62813912	9	-0.8738
e0823865-ec99-4e83-8ba2-e0d7094d7a71	4	62818784	63841863	576	-0.1383
e0823865-ec99-4e83-8ba2-e0d7094d7a71	4	63841887	63842540	7	-1.0441
e0823865-ec99-4e83-8ba2-e0d7094d7a71	4	63850713	68354665	2844	-0.1809
e0823865-ec99-4e83-8ba2-e0d7094d7a71	4	68361130	68395346	7	0.9943
e0823865-ec99-4e83-8ba2-e0d7094d7a71	4	68416487	68509237	19	-0.2933
e0823865-ec99-4e83-8ba2-e0d7094d7a71	4	68509442	68686026	71	0.4444
e0823865-ec99-4e83-8ba2-e0d7094d7a71	4	68725894	69255532	303	-0.1283
e0823865-ec99-4e83-8ba2-e0d7094d7a71	4	69255545	69362938	53	0.2264
e0823865-ec99-4e83-8ba2-e0d7094d7a71	4	69363634	69523998	113	-0.1351
e0823865-ec99-4e83-8ba2-e0d7094d7a71	4	69524143	69525061	2	-2.6537
e0823865-ec99-4e83-8ba2-e0d7094d7a71	4	69526170	103279862	20457	-0.2046
e0823865-ec99-4e83-8ba2-e0d7094d7a71	4	103285657	103318135	38	0.1452
e0823865-ec99-4e83-8ba2-e0d7094d7a71	4	103319098	107144594	2203	-0.2114
e0823865-ec99-4e83-8ba2-e0d7094d7a71	4	107144604	107154967	34	0.1458
e0823865-ec99-4e83-8ba2-e0d7094d7a71	4	107155225	115244712	5033	-0.2073
e0823865-ec99-4e83-8ba2-e0d7094d7a71	4	115244948	115254969	23	-0.6772
e0823865-ec99-4e83-8ba2-e0d7094d7a71	4	115259026	116384870	643	-0.1803
e0823865-ec99-4e83-8ba2-e0d7094d7a71	4	116384877	116436559	32	0.1721
e0823865-ec99-4e83-8ba2-e0d7094d7a71	4	116437170	121360818	3022	-0.1862
e0823865-ec99-4e83-8ba2-e0d7094d7a71	4	121361313	121369976	29	-0.9998
e0823865-ec99-4e83-8ba2-e0d7094d7a71	4	121370367	137017547	8728	-0.1817
e0823865-ec99-4e83-8ba2-e0d7094d7a71	4	137017561	137025215	23	0.284
e0823865-ec99-4e83-8ba2-e0d7094d7a71	4	137027745	137159607	88	-0.1669
e0823865-ec99-4e83-8ba2-e0d7094d7a71	4	137161484	137171589	14	0.2644
e0823865-ec99-4e83-8ba2-e0d7094d7a71	4	137171603	137261805	99	-0.178
e0823865-ec99-4e83-8ba2-e0d7094d7a71	4	137261857	137262390	14	0.3037
e0823865-ec99-4e83-8ba2-e0d7094d7a71	4	137262454	143853609	4303	-0.2041
e0823865-ec99-4e83-8ba2-e0d7094d7a71	4	143857763	144104897	107	0.0003
e0823865-ec99-4e83-8ba2-e0d7094d7a71	4	144107891	145956717	943	-0.2207
e0823865-ec99-4e83-8ba2-e0d7094d7a71	4	145958251	145958652	2	-2.3547
e0823865-ec99-4e83-8ba2-e0d7094d7a71	4	145959306	159885924	8449	-0.2084
e0823865-ec99-4e83-8ba2-e0d7094d7a71	4	159886607	160950731	751	-0.1742
e0823865-ec99-4e83-8ba2-e0d7094d7a71	4	160952454	160959950	22	0.406
e0823865-ec99-4e83-8ba2-e0d7094d7a71	4	160960056	168327619	4679	-0.1786
e0823865-ec99-4e83-8ba2-e0d7094d7a71	4	168332025	168332152	2	-2.2628
e0823865-ec99-4e83-8ba2-e0d7094d7a71	4	168333259	171447380	1982	-0.1992
e0823865-ec99-4e83-8ba2-e0d7094d7a71	4	171448195	171456625	13	0.4799
e0823865-ec99-4e83-8ba2-e0d7094d7a71	4	171459220	172501190	637	-0.1463
e0823865-ec99-4e83-8ba2-e0d7094d7a71	4	172501371	172519981	9	0.7664
e0823865-ec99-4e83-8ba2-e0d7094d7a71	4	172532557	178294290	3520	-0.1951
e0823865-ec99-4e83-8ba2-e0d7094d7a71	4	178294543	178756044	344	-0.0685
e0823865-ec99-4e83-8ba2-e0d7094d7a71	4	178758654	182760870	3099	-0.1724
e0823865-ec99-4e83-8ba2-e0d7094d7a71	4	182765082	186940118	2837	-0.234
e0823865-ec99-4e83-8ba2-e0d7094d7a71	4	186941043	186941364	2	-2.6143
e0823865-ec99-4e83-8ba2-e0d7094d7a71	4	186941933	190106768	2010	-0.1857
e0823865-ec99-4e83-8ba2-e0d7094d7a71	5	15532	1951812	969	-0.3839
e0823865-ec99-4e83-8ba2-e0d7094d7a71	5	1951886	3953496	1881	-0.2111
e0823865-ec99-4e83-8ba2-e0d7094d7a71	5	3958360	3969743	10	-1.3746
e0823865-ec99-4e83-8ba2-e0d7094d7a71	5	3973693	18146269	10819	-0.2046
e0823865-ec99-4e83-8ba2-e0d7094d7a71	5	18146334	26789022	5118	-0.151
e0823865-ec99-4e83-8ba2-e0d7094d7a71	5	26789248	26807690	7	0.8413
e0823865-ec99-4e83-8ba2-e0d7094d7a71	5	26807795	30171131	1987	-0.1597
e0823865-ec99-4e83-8ba2-e0d7094d7a71	5	30172424	34075928	2749	-0.2319
e0823865-ec99-4e83-8ba2-e0d7094d7a71	5	34080765	34391346	101	0.0218
e0823865-ec99-4e83-8ba2-e0d7094d7a71	5	34392344	45396603	6680	-0.2053
e0823865-ec99-4e83-8ba2-e0d7094d7a71	5	45396905	46246478	272	-0.058
e0823865-ec99-4e83-8ba2-e0d7094d7a71	5	46246553	46271006	5	-0.7482
e0823865-ec99-4e83-8ba2-e0d7094d7a71	5	46271828	46273400	6	-2.729
e0823865-ec99-4e83-8ba2-e0d7094d7a71	5	46278110	58025819	5058	-0.2006
e0823865-ec99-4e83-8ba2-e0d7094d7a71	5	58030200	58037706	32	1.5942
e0823865-ec99-4e83-8ba2-e0d7094d7a71	5	58042530	99256359	23715	-0.2121
e0823865-ec99-4e83-8ba2-e0d7094d7a71	5	99257506	104515520	3048	-0.1533
e0823865-ec99-4e83-8ba2-e0d7094d7a71	5	104524672	104524903	4	1.0977
e0823865-ec99-4e83-8ba2-e0d7094d7a71	5	104525348	106894533	1410	-0.1633
e0823865-ec99-4e83-8ba2-e0d7094d7a71	5	106895197	106920057	16	0.4368
e0823865-ec99-4e83-8ba2-e0d7094d7a71	5	106920232	106929759	30	-0.1463
e0823865-ec99-4e83-8ba2-e0d7094d7a71	5	106933928	131603918	16341	-0.2015
e0823865-ec99-4e83-8ba2-e0d7094d7a71	5	131609293	140773886	5330	-0.234
e0823865-ec99-4e83-8ba2-e0d7094d7a71	5	140776733	140839137	27	-0.0309
e0823865-ec99-4e83-8ba2-e0d7094d7a71	5	140844251	140864171	13	-0.8337
e0823865-ec99-4e83-8ba2-e0d7094d7a71	5	140872578	151856653	7303	-0.2162
e0823865-ec99-4e83-8ba2-e0d7094d7a71	5	151858028	151858056	2	-1.8885
e0823865-ec99-4e83-8ba2-e0d7094d7a71	5	151858409	152134610	219	-0.2039
e0823865-ec99-4e83-8ba2-e0d7094d7a71	5	152135825	152138790	14	-1.0656
e0823865-ec99-4e83-8ba2-e0d7094d7a71	5	152140710	156048095	2654	-0.2231
e0823865-ec99-4e83-8ba2-e0d7094d7a71	5	156049762	156068240	15	-0.7945
e0823865-ec99-4e83-8ba2-e0d7094d7a71	5	156068247	160850764	3268	-0.2299
e0823865-ec99-4e83-8ba2-e0d7094d7a71	5	160851116	167697158	4492	-0.1838
e0823865-ec99-4e83-8ba2-e0d7094d7a71	5	167699666	172415312	3617	-0.2457
e0823865-ec99-4e83-8ba2-e0d7094d7a71	5	172419262	172425356	11	-1.0151
e0823865-ec99-4e83-8ba2-e0d7094d7a71	5	172425378	180947523	5161	-0.2285
e0823865-ec99-4e83-8ba2-e0d7094d7a71	5	180951710	180991103	19	-2.1251
e0823865-ec99-4e83-8ba2-e0d7094d7a71	5	181006225	181363319	170	-0.315
e0823865-ec99-4e83-8ba2-e0d7094d7a71	6	149661	993722	733	-0.2365
e0823865-ec99-4e83-8ba2-e0d7094d7a71	6	996883	1004220	4	-1.7909
e0823865-ec99-4e83-8ba2-e0d7094d7a71	6	1007052	29881111	20863	-0.2199
e0823865-ec99-4e83-8ba2-e0d7094d7a71	6	29881260	29906865	10	0.5307
e0823865-ec99-4e83-8ba2-e0d7094d7a71	6	29906932	31298610	638	-0.2422
e0823865-ec99-4e83-8ba2-e0d7094d7a71	6	31298745	31304686	9	-0.9259
e0823865-ec99-4e83-8ba2-e0d7094d7a71	6	31305203	31318499	6	-0.1691
e0823865-ec99-4e83-8ba2-e0d7094d7a71	6	31318528	31342147	11	0.6054
e0823865-ec99-4e83-8ba2-e0d7094d7a71	6	31349570	31469943	128	-0.2767
e0823865-ec99-4e83-8ba2-e0d7094d7a71	6	31475793	31743191	93	-0.5363
e0823865-ec99-4e83-8ba2-e0d7094d7a71	6	31743347	32533522	290	-0.2578
e0823865-ec99-4e83-8ba2-e0d7094d7a71	6	32540699	32605994	16	0.76
e0823865-ec99-4e83-8ba2-e0d7094d7a71	6	32606237	32634492	20	-0.7227
e0823865-ec99-4e83-8ba2-e0d7094d7a71	6	32636595	32641650	5	-0.1889
e0823865-ec99-4e83-8ba2-e0d7094d7a71	6	32656527	32682835	7	0.8987
e0823865-ec99-4e83-8ba2-e0d7094d7a71	6	32686863	32723053	46	-0.3827
e0823865-ec99-4e83-8ba2-e0d7094d7a71	6	32732907	32744005	10	0.249
e0823865-ec99-4e83-8ba2-e0d7094d7a71	6	32744080	32810504	56	-0.3377
e0823865-ec99-4e83-8ba2-e0d7094d7a71	6	32811611	32813747	3	-1.8183
e0823865-ec99-4e83-8ba2-e0d7094d7a71	6	32813777	35138790	1298	-0.2509
e0823865-ec99-4e83-8ba2-e0d7094d7a71	6	35146765	35149586	2	-1.8135
e0823865-ec99-4e83-8ba2-e0d7094d7a71	6	35149622	50946613	10062	-0.2153
e0823865-ec99-4e83-8ba2-e0d7094d7a71	6	50947083	50947099	3	-1.7349
e0823865-ec99-4e83-8ba2-e0d7094d7a71	6	50948562	57988235	4218	-0.2161
e0823865-ec99-4e83-8ba2-e0d7094d7a71	6	57991675	61823514	720	-0.0972
e0823865-ec99-4e83-8ba2-e0d7094d7a71	6	61823563	64627049	1467	-0.1866
e0823865-ec99-4e83-8ba2-e0d7094d7a71	6	64637651	64639099	2	-2.479
e0823865-ec99-4e83-8ba2-e0d7094d7a71	6	64640883	65549465	609	-0.1539
e0823865-ec99-4e83-8ba2-e0d7094d7a71	6	65549820	65550084	2	-1.7158
e0823865-ec99-4e83-8ba2-e0d7094d7a71	6	65556072	65689879	94	-0.2067
e0823865-ec99-4e83-8ba2-e0d7094d7a71	6	65690336	65693959	16	-1.1372
e0823865-ec99-4e83-8ba2-e0d7094d7a71	6	65697234	69616725	2668	-0.1599
e0823865-ec99-4e83-8ba2-e0d7094d7a71	6	69617596	73882509	2762	-0.2167
e0823865-ec99-4e83-8ba2-e0d7094d7a71	6	73882741	73891694	9	-2.5599
e0823865-ec99-4e83-8ba2-e0d7094d7a71	6	73893839	74823796	609	-0.2132
e0823865-ec99-4e83-8ba2-e0d7094d7a71	6	74824464	74824465	2	2.1571
e0823865-ec99-4e83-8ba2-e0d7094d7a71	6	74824680	76726815	1154	-0.2033
e0823865-ec99-4e83-8ba2-e0d7094d7a71	6	76730151	76742553	14	-1.062
e0823865-ec99-4e83-8ba2-e0d7094d7a71	6	76742665	78269681	1005	-0.17
e0823865-ec99-4e83-8ba2-e0d7094d7a71	6	78269717	78332092	96	0.1824
e0823865-ec99-4e83-8ba2-e0d7094d7a71	6	78336049	93772923	9886	-0.2028
e0823865-ec99-4e83-8ba2-e0d7094d7a71	6	93776524	95398978	793	-0.0935
e0823865-ec99-4e83-8ba2-e0d7094d7a71	6	95400852	103286299	4754	-0.1956
e0823865-ec99-4e83-8ba2-e0d7094d7a71	6	103286770	103286954	5	0.6635
e0823865-ec99-4e83-8ba2-e0d7094d7a71	6	103290101	103314186	46	-1.1012
e0823865-ec99-4e83-8ba2-e0d7094d7a71	6	103317795	133945130	19019	-0.2104
e0823865-ec99-4e83-8ba2-e0d7094d7a71	6	133947933	133950934	3	-1.7739
e0823865-ec99-4e83-8ba2-e0d7094d7a71	6	133956908	167160088	22895	-0.2124
e0823865-ec99-4e83-8ba2-e0d7094d7a71	6	167163210	169088830	1140	-0.3364
e0823865-ec99-4e83-8ba2-e0d7094d7a71	6	169090974	169780511	564	-0.1889
e0823865-ec99-4e83-8ba2-e0d7094d7a71	6	169780700	170238369	172	-0.4597
e0823865-ec99-4e83-8ba2-e0d7094d7a71	6	170238536	170741917	238	-0.2167
e0823865-ec99-4e83-8ba2-e0d7094d7a71	7	43355	755590	158	0.688
e0823865-ec99-4e83-8ba2-e0d7094d7a71	7	756025	782886	6	1.5261
e0823865-ec99-4e83-8ba2-e0d7094d7a71	7	785766	1741977	347	0.6995
e0823865-ec99-4e83-8ba2-e0d7094d7a71	7	1757846	8031606	3908	0.8188
e0823865-ec99-4e83-8ba2-e0d7094d7a71	7	8031776	8183221	119	0.7064
e0823865-ec99-4e83-8ba2-e0d7094d7a71	7	8183877	19792847	9506	0.8647
e0823865-ec99-4e83-8ba2-e0d7094d7a71	7	19796288	38226749	13236	0.8166
e0823865-ec99-4e83-8ba2-e0d7094d7a71	7	38228153	38347842	138	0.9688
e0823865-ec99-4e83-8ba2-e0d7094d7a71	7	38351764	38356875	4	1.8872
e0823865-ec99-4e83-8ba2-e0d7094d7a71	7	38361356	38485253	104	0.9273
e0823865-ec99-4e83-8ba2-e0d7094d7a71	7	38489078	54305455	10864	0.829
e0823865-ec99-4e83-8ba2-e0d7094d7a71	7	54318812	54318824	6	-1.7782
e0823865-ec99-4e83-8ba2-e0d7094d7a71	7	54325795	56873830	1607	0.813
e0823865-ec99-4e83-8ba2-e0d7094d7a71	7	56877397	57060351	12	0.2168
e0823865-ec99-4e83-8ba2-e0d7094d7a71	7	57061965	62663696	493	0.8173
e0823865-ec99-4e83-8ba2-e0d7094d7a71	7	62695960	62701749	16	0.1205
e0823865-ec99-4e83-8ba2-e0d7094d7a71	7	62701896	78465924	7259	0.7863
e0823865-ec99-4e83-8ba2-e0d7094d7a71	7	78466210	88580128	6492	0.8485
e0823865-ec99-4e83-8ba2-e0d7094d7a71	7	88580453	89917796	879	0.936
e0823865-ec99-4e83-8ba2-e0d7094d7a71	7	89920171	90379793	313	0.8758
e0823865-ec99-4e83-8ba2-e0d7094d7a71	7	90379899	91728554	969	0.7941
e0823865-ec99-4e83-8ba2-e0d7094d7a71	7	91728979	91728999	2	-0.4243
e0823865-ec99-4e83-8ba2-e0d7094d7a71	7	91729225	97756658	3741	0.8241
e0823865-ec99-4e83-8ba2-e0d7094d7a71	7	97766148	97772620	9	-0.2894
e0823865-ec99-4e83-8ba2-e0d7094d7a71	7	97772647	97775030	11	1.1717
e0823865-ec99-4e83-8ba2-e0d7094d7a71	7	97775201	97777749	15	0.7512
e0823865-ec99-4e83-8ba2-e0d7094d7a71	7	97788295	97791340	5	-0.4652
e0823865-ec99-4e83-8ba2-e0d7094d7a71	7	97791778	106418984	4434	0.781
e0823865-ec99-4e83-8ba2-e0d7094d7a71	7	106419378	109797042	2137	0.8238
e0823865-ec99-4e83-8ba2-e0d7094d7a71	7	109797043	109797623	7	0.0559
e0823865-ec99-4e83-8ba2-e0d7094d7a71	7	109797700	111607868	1205	0.8679
e0823865-ec99-4e83-8ba2-e0d7094d7a71	7	111615462	111616573	4	-0.1486
e0823865-ec99-4e83-8ba2-e0d7094d7a71	7	111619859	118277423	3991	0.8271
e0823865-ec99-4e83-8ba2-e0d7094d7a71	7	118283833	118401679	58	1.0791
e0823865-ec99-4e83-8ba2-e0d7094d7a71	7	118402618	126404920	4771	0.8375
e0823865-ec99-4e83-8ba2-e0d7094d7a71	7	126405428	126406561	12	1.8844
e0823865-ec99-4e83-8ba2-e0d7094d7a71	7	126406822	134093899	4692	0.8092
e0823865-ec99-4e83-8ba2-e0d7094d7a71	7	134100424	134113805	34	0.3423
e0823865-ec99-4e83-8ba2-e0d7094d7a71	7	134114093	144264193	6427	0.8099
e0823865-ec99-4e83-8ba2-e0d7094d7a71	7	144295437	144312471	3	2.2365
e0823865-ec99-4e83-8ba2-e0d7094d7a71	7	144326306	145287080	587	0.816
e0823865-ec99-4e83-8ba2-e0d7094d7a71	7	145289382	147404481	1350	0.881
e0823865-ec99-4e83-8ba2-e0d7094d7a71	7	147405400	154598185	4462	0.8157
e0823865-ec99-4e83-8ba2-e0d7094d7a71	7	154601461	154607903	4	-1.9031
e0823865-ec99-4e83-8ba2-e0d7094d7a71	7	154609120	154629958	23	0.8013
e0823865-ec99-4e83-8ba2-e0d7094d7a71	7	154631085	154638563	11	0.3562
e0823865-ec99-4e83-8ba2-e0d7094d7a71	7	154638678	155168809	509	0.8116
e0823865-ec99-4e83-8ba2-e0d7094d7a71	7	155169205	155175395	35	0.4735
e0823865-ec99-4e83-8ba2-e0d7094d7a71	7	155175417	159293192	2602	0.8016
e0823865-ec99-4e83-8ba2-e0d7094d7a71	7	159294115	159334314	44	0.5065
e0823865-ec99-4e83-8ba2-e0d7094d7a71	8	81254	709438	380	-0.3308
e0823865-ec99-4e83-8ba2-e0d7094d7a71	8	710032	1179397	291	-0.2255
e0823865-ec99-4e83-8ba2-e0d7094d7a71	8	1179565	1211954	42	-0.5279
e0823865-ec99-4e83-8ba2-e0d7094d7a71	8	1212157	1380576	136	-0.2156
e0823865-ec99-4e83-8ba2-e0d7094d7a71	8	1384131	1391762	7	-1.0939
e0823865-ec99-4e83-8ba2-e0d7094d7a71	8	1410869	2088956	557	-0.2193
e0823865-ec99-4e83-8ba2-e0d7094d7a71	8	2091610	2101859	13	-0.8804
e0823865-ec99-4e83-8ba2-e0d7094d7a71	8	2101904	2147517	69	-0.2038
e0823865-ec99-4e83-8ba2-e0d7094d7a71	8	2148525	2231139	102	-0.4213
e0823865-ec99-4e83-8ba2-e0d7094d7a71	8	2231861	3197779	799	-0.218
e0823865-ec99-4e83-8ba2-e0d7094d7a71	8	3197947	3926665	948	-0.1723
e0823865-ec99-4e83-8ba2-e0d7094d7a71	8	3929538	3932476	22	-0.7851
e0823865-ec99-4e83-8ba2-e0d7094d7a71	8	3932515	6019548	3005	-0.1589
e0823865-ec99-4e83-8ba2-e0d7094d7a71	8	6019655	7082704	1312	-0.2448
e0823865-ec99-4e83-8ba2-e0d7094d7a71	8	7084593	8104937	88	0.0392
e0823865-ec99-4e83-8ba2-e0d7094d7a71	8	8110806	12004300	3205	-0.2453
e0823865-ec99-4e83-8ba2-e0d7094d7a71	8	12024350	12649562	72	0.24
e0823865-ec99-4e83-8ba2-e0d7094d7a71	8	12670919	12788880	83	-0.1439
e0823865-ec99-4e83-8ba2-e0d7094d7a71	8	12791219	12795017	4	-1.4802
e0823865-ec99-4e83-8ba2-e0d7094d7a71	8	12796024	14427181	1621	-0.1879
e0823865-ec99-4e83-8ba2-e0d7094d7a71	8	14427702	14428811	4	-1.5369
e0823865-ec99-4e83-8ba2-e0d7094d7a71	8	14429043	15543669	996	-0.167
e0823865-ec99-4e83-8ba2-e0d7094d7a71	8	15545551	15554099	8	-1.4037
e0823865-ec99-4e83-8ba2-e0d7094d7a71	8	15555938	16039589	485	-0.2091
e0823865-ec99-4e83-8ba2-e0d7094d7a71	8	16040502	16961976	760	-0.1203
e0823865-ec99-4e83-8ba2-e0d7094d7a71	8	16962708	25117007	6403	-0.2105
e0823865-ec99-4e83-8ba2-e0d7094d7a71	8	25117062	25126818	24	-0.883
e0823865-ec99-4e83-8ba2-e0d7094d7a71	8	25133589	27532025	1846	-0.2091
e0823865-ec99-4e83-8ba2-e0d7094d7a71	8	27532582	27547573	17	-0.7327
e0823865-ec99-4e83-8ba2-e0d7094d7a71	8	27547587	39378084	7116	-0.2115
e0823865-ec99-4e83-8ba2-e0d7094d7a71	8	39389156	39529446	58	-0.8138
e0823865-ec99-4e83-8ba2-e0d7094d7a71	8	39530780	46605390	2764	-0.223
e0823865-ec99-4e83-8ba2-e0d7094d7a71	8	46609495	46624924	11	0.5022
e0823865-ec99-4e83-8ba2-e0d7094d7a71	8	46634473	93394841	28183	-0.1998
e0823865-ec99-4e83-8ba2-e0d7094d7a71	8	93396997	103075891	6015	-0.2316
e0823865-ec99-4e83-8ba2-e0d7094d7a71	8	103077788	114622478	6747	-0.1856
e0823865-ec99-4e83-8ba2-e0d7094d7a71	8	114622678	114623472	8	-1.0939
e0823865-ec99-4e83-8ba2-e0d7094d7a71	8	114626121	140997627	19247	-0.2099
e0823865-ec99-4e83-8ba2-e0d7094d7a71	8	140999428	142410372	829	-0.4159
e0823865-ec99-4e83-8ba2-e0d7094d7a71	8	142423108	144164776	583	-0.2466
e0823865-ec99-4e83-8ba2-e0d7094d7a71	8	144164877	145072769	362	-0.3665
e0823865-ec99-4e83-8ba2-e0d7094d7a71	9	46587	8924197	8541	-0.1941
e0823865-ec99-4e83-8ba2-e0d7094d7a71	9	8924415	12532907	3114	-0.1131
e0823865-ec99-4e83-8ba2-e0d7094d7a71	9	12535787	16028396	2739	-0.1926
e0823865-ec99-4e83-8ba2-e0d7094d7a71	9	16030905	16031082	3	-1.4134
e0823865-ec99-4e83-8ba2-e0d7094d7a71	9	16031473	22492890	5387	-0.1958
e0823865-ec99-4e83-8ba2-e0d7094d7a71	9	22501914	22509341	3	-1.3364
e0823865-ec99-4e83-8ba2-e0d7094d7a71	9	22509659	23361807	577	-0.165
e0823865-ec99-4e83-8ba2-e0d7094d7a71	9	23363117	23373486	8	0.5007
e0823865-ec99-4e83-8ba2-e0d7094d7a71	9	23378490	24503818	796	-0.1607
e0823865-ec99-4e83-8ba2-e0d7094d7a71	9	24504127	24517684	19	-0.991
e0823865-ec99-4e83-8ba2-e0d7094d7a71	9	24519686	32332857	5795	-0.1612
e0823865-ec99-4e83-8ba2-e0d7094d7a71	9	32333632	38736900	4006	-0.22
e0823865-ec99-4e83-8ba2-e0d7094d7a71	9	38738492	39481863	91	-0.0731
e0823865-ec99-4e83-8ba2-e0d7094d7a71	9	39481878	39487690	8	-0.7355
e0823865-ec99-4e83-8ba2-e0d7094d7a71	9	39547279	41533430	82	0.0992
e0823865-ec99-4e83-8ba2-e0d7094d7a71	9	41569585	41569591	6	-0.9946
e0823865-ec99-4e83-8ba2-e0d7094d7a71	9	41569592	61405110	115	0.0414
e0823865-ec99-4e83-8ba2-e0d7094d7a71	9	61520021	61665362	31	-1.3824
e0823865-ec99-4e83-8ba2-e0d7094d7a71	9	61668104	67759000	160	0.0047
e0823865-ec99-4e83-8ba2-e0d7094d7a71	9	67770392	95487805	19206	-0.201
e0823865-ec99-4e83-8ba2-e0d7094d7a71	9	95487916	95488277	4	0.9583
e0823865-ec99-4e83-8ba2-e0d7094d7a71	9	95488676	101629861	3958	-0.2052
e0823865-ec99-4e83-8ba2-e0d7094d7a71	9	101638167	104619639	2249	-0.1477
e0823865-ec99-4e83-8ba2-e0d7094d7a71	9	104619930	133074203	19951	-0.211
e0823865-ec99-4e83-8ba2-e0d7094d7a71	9	133075508	133082053	7	0.9343
e0823865-ec99-4e83-8ba2-e0d7094d7a71	9	133090275	133907134	464	-0.2101
e0823865-ec99-4e83-8ba2-e0d7094d7a71	9	133909095	133914054	4	-1.5414
e0823865-ec99-4e83-8ba2-e0d7094d7a71	9	133916369	136536903	1326	-0.2566
e0823865-ec99-4e83-8ba2-e0d7094d7a71	9	136537159	136540611	5	-1.2129
e0823865-ec99-4e83-8ba2-e0d7094d7a71	9	136540917	138072622	492	-0.2102
e0823865-ec99-4e83-8ba2-e0d7094d7a71	9	138073787	138109536	41	-0.5127
e0823865-ec99-4e83-8ba2-e0d7094d7a71	9	138109553	138200944	56	-0.1459
e0823865-ec99-4e83-8ba2-e0d7094d7a71	10	45792	302964	140	-0.1638
e0823865-ec99-4e83-8ba2-e0d7094d7a71	10	303243	653149	221	-0.3737
e0823865-ec99-4e83-8ba2-e0d7094d7a71	10	659495	971974	172	-0.1716
e0823865-ec99-4e83-8ba2-e0d7094d7a71	10	973175	1292440	191	-0.38
e0823865-ec99-4e83-8ba2-e0d7094d7a71	10	1295296	30957581	23432	-0.2107
e0823865-ec99-4e83-8ba2-e0d7094d7a71	10	30962405	30962753	7	-2.895
e0823865-ec99-4e83-8ba2-e0d7094d7a71	10	30962785	30962850	4	-1.1209
e0823865-ec99-4e83-8ba2-e0d7094d7a71	10	30962893	42157337	4848	-0.2119
e0823865-ec99-4e83-8ba2-e0d7094d7a71	10	42159354	42288046	20	0.296
e0823865-ec99-4e83-8ba2-e0d7094d7a71	10	42292394	47460004	2900	-0.2208
e0823865-ec99-4e83-8ba2-e0d7094d7a71	10	47559592	47627616	4	-1.4928
e0823865-ec99-4e83-8ba2-e0d7094d7a71	10	47680298	52967405	3519	-0.2096
e0823865-ec99-4e83-8ba2-e0d7094d7a71	10	52967459	57972830	3663	-0.1501
e0823865-ec99-4e83-8ba2-e0d7094d7a71	10	57972980	65546400	5179	-0.2047
e0823865-ec99-4e83-8ba2-e0d7094d7a71	10	65546518	65551602	23	0.3064
e0823865-ec99-4e83-8ba2-e0d7094d7a71	10	65554104	70710957	3495	-0.2158
e0823865-ec99-4e83-8ba2-e0d7094d7a71	10	70711451	70800534	87	-0.5186
e0823865-ec99-4e83-8ba2-e0d7094d7a71	10	70802770	121221230	33448	-0.2144
e0823865-ec99-4e83-8ba2-e0d7094d7a71	10	121221572	121225604	2	-2.2102
e0823865-ec99-4e83-8ba2-e0d7094d7a71	10	121226208	130421134	7029	-0.2247
e0823865-ec99-4e83-8ba2-e0d7094d7a71	10	130422931	130889987	458	-0.3316
e0823865-ec99-4e83-8ba2-e0d7094d7a71	10	130894859	130915929	29	-0.7643
e0823865-ec99-4e83-8ba2-e0d7094d7a71	10	130916445	133654968	1544	-0.2969
e0823865-ec99-4e83-8ba2-e0d7094d7a71	11	198510	502217	119	-0.3512
e0823865-ec99-4e83-8ba2-e0d7094d7a71	11	515931	4217824	1613	-0.2258
e0823865-ec99-4e83-8ba2-e0d7094d7a71	11	4228783	4286190	19	-0.8681
e0823865-ec99-4e83-8ba2-e0d7094d7a71	11	4286769	4949137	667	-0.2094
e0823865-ec99-4e83-8ba2-e0d7094d7a71	11	4950775	4952799	18	-0.5763
e0823865-ec99-4e83-8ba2-e0d7094d7a71	11	4953934	5757293	773	-0.1649
e0823865-ec99-4e83-8ba2-e0d7094d7a71	11	5761695	5787146	39	0.2831
e0823865-ec99-4e83-8ba2-e0d7094d7a71	11	5787818	20219631	10618	-0.2163
e0823865-ec99-4e83-8ba2-e0d7094d7a71	11	20220924	26779309	5041	-0.1771
e0823865-ec99-4e83-8ba2-e0d7094d7a71	11	26779770	37010380	7089	-0.2103
e0823865-ec99-4e83-8ba2-e0d7094d7a71	11	37016435	37112148	85	-0.0569
e0823865-ec99-4e83-8ba2-e0d7094d7a71	11	37112350	37112621	5	0.5769
e0823865-ec99-4e83-8ba2-e0d7094d7a71	11	37112702	38554735	901	-0.1253
e0823865-ec99-4e83-8ba2-e0d7094d7a71	11	38561524	42937561	2945	-0.1847
e0823865-ec99-4e83-8ba2-e0d7094d7a71	11	42940281	42949618	7	0.557
e0823865-ec99-4e83-8ba2-e0d7094d7a71	11	42955081	42965973	11	-0.1503
e0823865-ec99-4e83-8ba2-e0d7094d7a71	11	42966540	48074882	2998	-0.2338
e0823865-ec99-4e83-8ba2-e0d7094d7a71	11	48080214	49737435	710	-0.1583
e0823865-ec99-4e83-8ba2-e0d7094d7a71	11	49738003	49739136	6	-1.3565
e0823865-ec99-4e83-8ba2-e0d7094d7a71	11	49744609	55609206	738	-0.1373
e0823865-ec99-4e83-8ba2-e0d7094d7a71	11	55610402	55685533	44	-0.5719
e0823865-ec99-4e83-8ba2-e0d7094d7a71	11	55686100	56213360	383	-0.0666
e0823865-ec99-4e83-8ba2-e0d7094d7a71	11	56215562	64108510	4441	-0.2148
e0823865-ec99-4e83-8ba2-e0d7094d7a71	11	64113767	65761806	617	-0.3018
e0823865-ec99-4e83-8ba2-e0d7094d7a71	11	65764182	65815595	37	-0.6646
e0823865-ec99-4e83-8ba2-e0d7094d7a71	11	65819038	71381943	2646	-0.2487
e0823865-ec99-4e83-8ba2-e0d7094d7a71	11	71382162	79532830	4569	-0.2153
e0823865-ec99-4e83-8ba2-e0d7094d7a71	11	79532957	89923071	7128	-0.1878
e0823865-ec99-4e83-8ba2-e0d7094d7a71	11	89962925	90043678	3	1.4629
e0823865-ec99-4e83-8ba2-e0d7094d7a71	11	90070476	107467791	12527	-0.1921
e0823865-ec99-4e83-8ba2-e0d7094d7a71	11	107467960	134272636	19158	-0.2233
e0823865-ec99-4e83-8ba2-e0d7094d7a71	11	134272740	135074876	628	-0.3755
e0823865-ec99-4e83-8ba2-e0d7094d7a71	12	51460	150039	55	0.3098
e0823865-ec99-4e83-8ba2-e0d7094d7a71	12	150075	262620	71	0.1162
e0823865-ec99-4e83-8ba2-e0d7094d7a71	12	265136	7842191	5219	0.3725
e0823865-ec99-4e83-8ba2-e0d7094d7a71	12	7851829	7971304	58	0.8743
e0823865-ec99-4e83-8ba2-e0d7094d7a71	12	7978362	30082648	15044	0.3878
e0823865-ec99-4e83-8ba2-e0d7094d7a71	12	30086334	30090756	23	-1.6691
e0823865-ec99-4e83-8ba2-e0d7094d7a71	12	30090789	31753738	1236	0.3791
e0823865-ec99-4e83-8ba2-e0d7094d7a71	12	31754340	31756974	4	-1.5646
e0823865-ec99-4e83-8ba2-e0d7094d7a71	12	31764286	33141726	1011	0.3679
e0823865-ec99-4e83-8ba2-e0d7094d7a71	12	33148472	33154440	27	-0.717
e0823865-ec99-4e83-8ba2-e0d7094d7a71	12	33155426	33235894	46	0.519
e0823865-ec99-4e83-8ba2-e0d7094d7a71	12	33237809	33242483	4	1.4958
e0823865-ec99-4e83-8ba2-e0d7094d7a71	12	33246118	34291867	628	0.4368
e0823865-ec99-4e83-8ba2-e0d7094d7a71	12	34294984	34369287	34	0.0885
e0823865-ec99-4e83-8ba2-e0d7094d7a71	12	34370748	42076719	2788	0.4073
e0823865-ec99-4e83-8ba2-e0d7094d7a71	12	42077192	42077398	2	-1.3601
e0823865-ec99-4e83-8ba2-e0d7094d7a71	12	42080055	56103097	8138	0.3685
e0823865-ec99-4e83-8ba2-e0d7094d7a71	12	56103187	56103194	2	-1.0806
e0823865-ec99-4e83-8ba2-e0d7094d7a71	12	56103241	58327273	1125	0.3531
e0823865-ec99-4e83-8ba2-e0d7094d7a71	12	58327297	58337065	8	-0.3859
e0823865-ec99-4e83-8ba2-e0d7094d7a71	12	58337114	70541541	8005	0.3786
e0823865-ec99-4e83-8ba2-e0d7094d7a71	12	70543270	71971541	961	0.4039
e0823865-ec99-4e83-8ba2-e0d7094d7a71	12	71971704	71978617	7	-0.4106
e0823865-ec99-4e83-8ba2-e0d7094d7a71	12	71978750	87345102	9417	0.3986
e0823865-ec99-4e83-8ba2-e0d7094d7a71	12	87345412	129652040	28547	0.3707
e0823865-ec99-4e83-8ba2-e0d7094d7a71	12	129652850	130381223	635	0.3313
e0823865-ec99-4e83-8ba2-e0d7094d7a71	12	130381488	130519506	105	0.135
e0823865-ec99-4e83-8ba2-e0d7094d7a71	12	130521354	131241500	520	0.3516
e0823865-ec99-4e83-8ba2-e0d7094d7a71	12	131242840	131253058	16	-0.1486
e0823865-ec99-4e83-8ba2-e0d7094d7a71	12	131253347	131265092	15	0.4257
e0823865-ec99-4e83-8ba2-e0d7094d7a71	12	131267026	131291140	27	-0.0066
e0823865-ec99-4e83-8ba2-e0d7094d7a71	12	131291665	132127961	532	0.3696
e0823865-ec99-4e83-8ba2-e0d7094d7a71	12	132133262	132193968	16	-0.0535
e0823865-ec99-4e83-8ba2-e0d7094d7a71	12	132198503	132640107	84	0.3276
e0823865-ec99-4e83-8ba2-e0d7094d7a71	12	132640760	132742852	51	0.093
e0823865-ec99-4e83-8ba2-e0d7094d7a71	12	132743756	133201603	206	0.3556
e0823865-ec99-4e83-8ba2-e0d7094d7a71	13	18452809	38478674	14158	-0.2159
e0823865-ec99-4e83-8ba2-e0d7094d7a71	13	38483435	38483919	2	-2.1399
e0823865-ec99-4e83-8ba2-e0d7094d7a71	13	38490920	53161229	9549	-0.2104
e0823865-ec99-4e83-8ba2-e0d7094d7a71	13	53163904	57111536	2213	-0.161
e0823865-ec99-4e83-8ba2-e0d7094d7a71	13	57113023	57360402	163	0.0484
e0823865-ec99-4e83-8ba2-e0d7094d7a71	13	57361799	63708875	3728	-0.1865
e0823865-ec99-4e83-8ba2-e0d7094d7a71	13	63711094	63803906	50	-0.0698
e0823865-ec99-4e83-8ba2-e0d7094d7a71	13	63804120	63806996	5	0.7133
e0823865-ec99-4e83-8ba2-e0d7094d7a71	13	63807403	64372045	323	-0.0717
e0823865-ec99-4e83-8ba2-e0d7094d7a71	13	64372411	71902850	4763	-0.164
e0823865-ec99-4e83-8ba2-e0d7094d7a71	13	71903417	71906418	4	-2.3247
e0823865-ec99-4e83-8ba2-e0d7094d7a71	13	71906467	93297249	13880	-0.1841
e0823865-ec99-4e83-8ba2-e0d7094d7a71	13	93298128	99462124	4146	-0.221
e0823865-ec99-4e83-8ba2-e0d7094d7a71	13	99464315	99464642	2	-1.8333
e0823865-ec99-4e83-8ba2-e0d7094d7a71	13	99464985	100015838	359	-0.2643
e0823865-ec99-4e83-8ba2-e0d7094d7a71	13	100016684	110155544	8086	-0.1841
e0823865-ec99-4e83-8ba2-e0d7094d7a71	13	110155588	112955412	1933	-0.2404
e0823865-ec99-4e83-8ba2-e0d7094d7a71	13	112955441	113073300	62	-0.5351
e0823865-ec99-4e83-8ba2-e0d7094d7a71	13	113081740	114342922	534	-0.2836
e0823865-ec99-4e83-8ba2-e0d7094d7a71	14	18239283	18976793	27	-0.3482
e0823865-ec99-4e83-8ba2-e0d7094d7a71	14	19011729	19955213	140	0.5995
e0823865-ec99-4e83-8ba2-e0d7094d7a71	14	19956767	21874260	1281	-0.2189
e0823865-ec99-4e83-8ba2-e0d7094d7a71	14	21874394	22506715	570	-0.058
e0823865-ec99-4e83-8ba2-e0d7094d7a71	14	22506743	24779087	1340	-0.2225
e0823865-ec99-4e83-8ba2-e0d7094d7a71	14	24779340	24780616	2	-3.4731
e0823865-ec99-4e83-8ba2-e0d7094d7a71	14	24780895	33752456	5801	-0.1859
e0823865-ec99-4e83-8ba2-e0d7094d7a71	14	33752733	34159072	277	-0.3068
e0823865-ec99-4e83-8ba2-e0d7094d7a71	14	34160397	41139155	4282	-0.1841
e0823865-ec99-4e83-8ba2-e0d7094d7a71	14	41141293	41188146	15	-0.7853
e0823865-ec99-4e83-8ba2-e0d7094d7a71	14	41200899	44280947	1871	-0.1536
e0823865-ec99-4e83-8ba2-e0d7094d7a71	14	44281384	44281659	3	-1.7839
e0823865-ec99-4e83-8ba2-e0d7094d7a71	14	44282192	47226309	1642	-0.1693
e0823865-ec99-4e83-8ba2-e0d7094d7a71	14	47226862	47247780	10	-1.1369
e0823865-ec99-4e83-8ba2-e0d7094d7a71	14	47248244	49694056	1460	-0.174
e0823865-ec99-4e83-8ba2-e0d7094d7a71	14	49694877	69551330	12782	-0.2137
e0823865-ec99-4e83-8ba2-e0d7094d7a71	14	69551651	69555567	5	-1.3553
e0823865-ec99-4e83-8ba2-e0d7094d7a71	14	69555582	81670519	7946	-0.2172
e0823865-ec99-4e83-8ba2-e0d7094d7a71	14	81670665	87470791	3900	-0.1676
e0823865-ec99-4e83-8ba2-e0d7094d7a71	14	87472660	98304881	7493	-0.2154
e0823865-ec99-4e83-8ba2-e0d7094d7a71	14	98304896	98305117	2	-1.948
e0823865-ec99-4e83-8ba2-e0d7094d7a71	14	98306207	98806902	458	-0.2038
e0823865-ec99-4e83-8ba2-e0d7094d7a71	14	98808408	98938658	130	-0.4063
e0823865-ec99-4e83-8ba2-e0d7094d7a71	14	98938842	102042484	1902	-0.2066
e0823865-ec99-4e83-8ba2-e0d7094d7a71	14	102047890	102048678	3	-1.9278
e0823865-ec99-4e83-8ba2-e0d7094d7a71	14	102051180	104337762	1018	-0.238
e0823865-ec99-4e83-8ba2-e0d7094d7a71	14	104339195	104416847	37	-0.614
e0823865-ec99-4e83-8ba2-e0d7094d7a71	14	104418268	105514974	329	-0.2471
e0823865-ec99-4e83-8ba2-e0d7094d7a71	14	105520403	106418444	274	-0.0984
e0823865-ec99-4e83-8ba2-e0d7094d7a71	14	106423925	106462183	48	-0.7753
e0823865-ec99-4e83-8ba2-e0d7094d7a71	14	106462724	106877229	195	-0.2134
e0823865-ec99-4e83-8ba2-e0d7094d7a71	15	19811075	22233262	184	0.1799
e0823865-ec99-4e83-8ba2-e0d7094d7a71	15	22236614	29086613	3952	-0.1856
e0823865-ec99-4e83-8ba2-e0d7094d7a71	15	29088972	31383250	1172	-0.2717
e0823865-ec99-4e83-8ba2-e0d7094d7a71	15	31383498	34431375	2093	-0.1937
e0823865-ec99-4e83-8ba2-e0d7094d7a71	15	34434971	34526116	61	-0.9193
e0823865-ec99-4e83-8ba2-e0d7094d7a71	15	34570058	76603003	26364	-0.2013
e0823865-ec99-4e83-8ba2-e0d7094d7a71	15	76603426	76603434	7	0.9211
e0823865-ec99-4e83-8ba2-e0d7094d7a71	15	76609838	77009431	179	-0.1821
e0823865-ec99-4e83-8ba2-e0d7094d7a71	15	77009541	77036339	12	-1.0169
e0823865-ec99-4e83-8ba2-e0d7094d7a71	15	77036413	84246373	4394	-0.2083
e0823865-ec99-4e83-8ba2-e0d7094d7a71	15	84388504	84388506	3	1.2592
e0823865-ec99-4e83-8ba2-e0d7094d7a71	15	84390750	93079025	6277	-0.1987
e0823865-ec99-4e83-8ba2-e0d7094d7a71	15	93079449	93486971	421	-0.3579
e0823865-ec99-4e83-8ba2-e0d7094d7a71	15	93487142	99858502	4698	-0.1843
e0823865-ec99-4e83-8ba2-e0d7094d7a71	15	99860010	100351982	427	-0.3021
e0823865-ec99-4e83-8ba2-e0d7094d7a71	15	100352429	101443660	853	-0.2251
e0823865-ec99-4e83-8ba2-e0d7094d7a71	15	101444038	101636508	151	-0.4763
e0823865-ec99-4e83-8ba2-e0d7094d7a71	15	101636921	101859834	133	-0.2127
e0823865-ec99-4e83-8ba2-e0d7094d7a71	15	101864933	101928837	13	0.4588
e0823865-ec99-4e83-8ba2-e0d7094d7a71	16	10777	1496860	478	0.2223
e0823865-ec99-4e83-8ba2-e0d7094d7a71	16	1505082	55762682	26405	0.3726
e0823865-ec99-4e83-8ba2-e0d7094d7a71	16	55764310	55764867	3	3.4652
e0823865-ec99-4e83-8ba2-e0d7094d7a71	16	55770436	55775554	7	0.9514
e0823865-ec99-4e83-8ba2-e0d7094d7a71	16	55776109	57258567	898	0.3908
e0823865-ec99-4e83-8ba2-e0d7094d7a71	16	57266665	57267072	2	-1.1968
e0823865-ec99-4e83-8ba2-e0d7094d7a71	16	57267200	65935948	5776	0.4138
e0823865-ec99-4e83-8ba2-e0d7094d7a71	16	65936583	75986031	5311	0.368
e0823865-ec99-4e83-8ba2-e0d7094d7a71	16	75986047	77889172	1856	0.4197
e0823865-ec99-4e83-8ba2-e0d7094d7a71	16	77892138	77892292	4	-0.7447
e0823865-ec99-4e83-8ba2-e0d7094d7a71	16	77894064	78337711	415	0.4106
e0823865-ec99-4e83-8ba2-e0d7094d7a71	16	78338543	78347366	14	-0.8666
e0823865-ec99-4e83-8ba2-e0d7094d7a71	16	78349243	84011914	6326	0.3764
e0823865-ec99-4e83-8ba2-e0d7094d7a71	16	84012500	84868839	775	0.2611
e0823865-ec99-4e83-8ba2-e0d7094d7a71	16	84869111	85917748	698	0.3695
e0823865-ec99-4e83-8ba2-e0d7094d7a71	16	85919139	85920076	5	-0.7955
e0823865-ec99-4e83-8ba2-e0d7094d7a71	16	85920681	88070700	1944	0.3859
e0823865-ec99-4e83-8ba2-e0d7094d7a71	16	88076816	88083424	10	-0.3992
e0823865-ec99-4e83-8ba2-e0d7094d7a71	16	88087823	88459876	153	0.3312
e0823865-ec99-4e83-8ba2-e0d7094d7a71	16	88469691	90049513	640	0.1793
e0823865-ec99-4e83-8ba2-e0d7094d7a71	16	90051205	90096867	36	0.387
e0823865-ec99-4e83-8ba2-e0d7094d7a71	17	150733	1278022	558	0.2594
e0823865-ec99-4e83-8ba2-e0d7094d7a71	17	1278872	9799982	4945	0.3635
e0823865-ec99-4e83-8ba2-e0d7094d7a71	17	9800695	14249691	3376	0.4128
e0823865-ec99-4e83-8ba2-e0d7094d7a71	17	14251534	17720879	2113	0.3758
e0823865-ec99-4e83-8ba2-e0d7094d7a71	17	17721718	17730618	6	-0.4007
e0823865-ec99-4e83-8ba2-e0d7094d7a71	17	17734636	22490016	1763	0.3693
e0823865-ec99-4e83-8ba2-e0d7094d7a71	17	22492164	22596815	46	0.6585
e0823865-ec99-4e83-8ba2-e0d7094d7a71	17	22597966	34473083	4349	0.3655
e0823865-ec99-4e83-8ba2-e0d7094d7a71	17	34475400	34475951	3	-0.9035
e0823865-ec99-4e83-8ba2-e0d7094d7a71	17	34479894	36129117	1059	0.3648
e0823865-ec99-4e83-8ba2-e0d7094d7a71	17	36133005	36549144	100	0.1429
e0823865-ec99-4e83-8ba2-e0d7094d7a71	17	36553073	39694692	1541	0.3683
e0823865-ec99-4e83-8ba2-e0d7094d7a71	17	39694753	39694986	4	-0.6342
e0823865-ec99-4e83-8ba2-e0d7094d7a71	17	39695391	41085237	795	0.3798
e0823865-ec99-4e83-8ba2-e0d7094d7a71	17	41088020	41089704	2	-1.178
e0823865-ec99-4e83-8ba2-e0d7094d7a71	17	41090139	41251639	92	0.4281
e0823865-ec99-4e83-8ba2-e0d7094d7a71	17	41251729	41265456	6	-0.2046
e0823865-ec99-4e83-8ba2-e0d7094d7a71	17	41266762	41284649	41	0.7122
e0823865-ec99-4e83-8ba2-e0d7094d7a71	17	41284704	42985484	888	0.3502
e0823865-ec99-4e83-8ba2-e0d7094d7a71	17	42986420	43361222	200	0.2834
e0823865-ec99-4e83-8ba2-e0d7094d7a71	17	43362318	43362553	2	-3.2143
e0823865-ec99-4e83-8ba2-e0d7094d7a71	17	43366336	46039506	1352	0.3202
e0823865-ec99-4e83-8ba2-e0d7094d7a71	17	46039536	46131308	70	0.3842
e0823865-ec99-4e83-8ba2-e0d7094d7a71	17	46135062	46687628	99	0.7116
e0823865-ec99-4e83-8ba2-e0d7094d7a71	17	46707286	48076385	705	0.3704
e0823865-ec99-4e83-8ba2-e0d7094d7a71	17	48080344	48080360	2	-1.1725
e0823865-ec99-4e83-8ba2-e0d7094d7a71	17	48080445	48171769	51	0.2856
e0823865-ec99-4e83-8ba2-e0d7094d7a71	17	48175140	48175181	2	-0.9848
e0823865-ec99-4e83-8ba2-e0d7094d7a71	17	48177730	52536352	2560	0.3706
e0823865-ec99-4e83-8ba2-e0d7094d7a71	17	52536518	53457578	620	0.4667
e0823865-ec99-4e83-8ba2-e0d7094d7a71	17	53458075	73796730	12803	0.3862
e0823865-ec99-4e83-8ba2-e0d7094d7a71	17	73798372	74612533	516	0.2342
e0823865-ec99-4e83-8ba2-e0d7094d7a71	17	74612695	74641126	23	-0.1132
e0823865-ec99-4e83-8ba2-e0d7094d7a71	17	74641454	74675481	31	0.2251
e0823865-ec99-4e83-8ba2-e0d7094d7a71	17	74680224	83005551	4149	0.3424
e0823865-ec99-4e83-8ba2-e0d7094d7a71	17	83007168	83091923	37	0.1996
e0823865-ec99-4e83-8ba2-e0d7094d7a71	18	48133	5960166	4211	-0.1815
e0823865-ec99-4e83-8ba2-e0d7094d7a71	18	5960389	15177773	6135	-0.2019
e0823865-ec99-4e83-8ba2-e0d7094d7a71	18	15180160	15361215	32	0.175
e0823865-ec99-4e83-8ba2-e0d7094d7a71	18	15375163	26810468	3504	-0.2217
e0823865-ec99-4e83-8ba2-e0d7094d7a71	18	26810609	29981030	1955	-0.1517
e0823865-ec99-4e83-8ba2-e0d7094d7a71	18	29981856	29985640	2	-2.2322
e0823865-ec99-4e83-8ba2-e0d7094d7a71	18	29990249	40678763	6888	-0.1844
e0823865-ec99-4e83-8ba2-e0d7094d7a71	18	40680456	40685425	19	0.3131
e0823865-ec99-4e83-8ba2-e0d7094d7a71	18	40689534	44658973	2524	-0.1703
e0823865-ec99-4e83-8ba2-e0d7094d7a71	18	44660445	59942031	10608	-0.2172
e0823865-ec99-4e83-8ba2-e0d7094d7a71	18	59947183	64418565	3208	-0.1914
e0823865-ec99-4e83-8ba2-e0d7094d7a71	18	64419007	64439381	9	-0.9698
e0823865-ec99-4e83-8ba2-e0d7094d7a71	18	64439637	71839129	5296	-0.156
e0823865-ec99-4e83-8ba2-e0d7094d7a71	18	71839975	72812695	710	-0.0644
e0823865-ec99-4e83-8ba2-e0d7094d7a71	18	72817261	73559418	629	-0.1535
e0823865-ec99-4e83-8ba2-e0d7094d7a71	18	73559652	73626919	59	-0.3472
e0823865-ec99-4e83-8ba2-e0d7094d7a71	18	73631071	79452913	4414	-0.2059
e0823865-ec99-4e83-8ba2-e0d7094d7a71	18	79453155	80257174	397	-0.3774
e0823865-ec99-4e83-8ba2-e0d7094d7a71	19	90910	12581187	5026	-0.2404
e0823865-ec99-4e83-8ba2-e0d7094d7a71	19	12586552	12587288	2	-1.9259
e0823865-ec99-4e83-8ba2-e0d7094d7a71	19	12589709	20411869	3870	-0.2187
e0823865-ec99-4e83-8ba2-e0d7094d7a71	19	20413400	20538428	69	-0.8643
e0823865-ec99-4e83-8ba2-e0d7094d7a71	19	20538656	35358420	7690	-0.2083
e0823865-ec99-4e83-8ba2-e0d7094d7a71	19	35364451	35375842	22	-1.0141
e0823865-ec99-4e83-8ba2-e0d7094d7a71	19	35375884	53013829	8970	-0.2187
e0823865-ec99-4e83-8ba2-e0d7094d7a71	19	53015494	53048976	22	0.9411
e0823865-ec99-4e83-8ba2-e0d7094d7a71	19	53050987	58586487	3367	-0.2237
e0823865-ec99-4e83-8ba2-e0d7094d7a71	20	80664	1571528	1178	0.3546
e0823865-ec99-4e83-8ba2-e0d7094d7a71	20	1571784	1601561	59	-0.2198
e0823865-ec99-4e83-8ba2-e0d7094d7a71	20	1609611	6258435	3368	0.3736
e0823865-ec99-4e83-8ba2-e0d7094d7a71	20	6259246	17065396	8693	0.4139
e0823865-ec99-4e83-8ba2-e0d7094d7a71	20	17065639	36872447	9379	0.3753
e0823865-ec99-4e83-8ba2-e0d7094d7a71	20	36873837	37174097	242	0.2232
e0823865-ec99-4e83-8ba2-e0d7094d7a71	20	37174432	42632121	3835	0.3797
e0823865-ec99-4e83-8ba2-e0d7094d7a71	20	42634637	42634769	7	1.1526
e0823865-ec99-4e83-8ba2-e0d7094d7a71	20	42634781	49582382	4875	0.3754
e0823865-ec99-4e83-8ba2-e0d7094d7a71	20	49582461	49623107	25	0.0094
e0823865-ec99-4e83-8ba2-e0d7094d7a71	20	49627516	53666647	2853	0.361
e0823865-ec99-4e83-8ba2-e0d7094d7a71	20	53669296	53669343	2	-1.4808
e0823865-ec99-4e83-8ba2-e0d7094d7a71	20	53680236	60987482	5973	0.4027
e0823865-ec99-4e83-8ba2-e0d7094d7a71	20	60989035	61103042	149	0.2255
e0823865-ec99-4e83-8ba2-e0d7094d7a71	20	61103637	63077356	1161	0.3838
e0823865-ec99-4e83-8ba2-e0d7094d7a71	20	63077653	63132152	38	0.0026
e0823865-ec99-4e83-8ba2-e0d7094d7a71	20	63138899	63578528	124	0.3838
e0823865-ec99-4e83-8ba2-e0d7094d7a71	20	63583002	64250543	292	0.1664
e0823865-ec99-4e83-8ba2-e0d7094d7a71	20	64252502	64324800	29	0.4178
e0823865-ec99-4e83-8ba2-e0d7094d7a71	21	10354168	10459828	18	-0.0201
e0823865-ec99-4e83-8ba2-e0d7094d7a71	21	10494350	10775586	69	-0.6741
e0823865-ec99-4e83-8ba2-e0d7094d7a71	21	12973348	13160062	21	-0.1773
e0823865-ec99-4e83-8ba2-e0d7094d7a71	21	13160229	13930431	195	-0.7927
e0823865-ec99-4e83-8ba2-e0d7094d7a71	21	13930991	41585763	20496	-1.139
e0823865-ec99-4e83-8ba2-e0d7094d7a71	21	41586156	46677045	2803	-1.313
e0823865-ec99-4e83-8ba2-e0d7094d7a71	22	15294547	16415083	48	0.1644
e0823865-ec99-4e83-8ba2-e0d7094d7a71	22	16415484	17014661	253	-0.188
e0823865-ec99-4e83-8ba2-e0d7094d7a71	22	17018144	17018618	2	1.0516
e0823865-ec99-4e83-8ba2-e0d7094d7a71	22	17019000	18167915	825	-0.2138
e0823865-ec99-4e83-8ba2-e0d7094d7a71	22	18190590	18917479	12	0.6193
e0823865-ec99-4e83-8ba2-e0d7094d7a71	22	18918078	20753098	1158	-0.3676
e0823865-ec99-4e83-8ba2-e0d7094d7a71	22	20756014	22027436	677	-0.2894
e0823865-ec99-4e83-8ba2-e0d7094d7a71	22	22027710	22027946	6	0.9036
e0823865-ec99-4e83-8ba2-e0d7094d7a71	22	22032036	22119654	134	-0.2313
e0823865-ec99-4e83-8ba2-e0d7094d7a71	22	22120134	22120255	4	-1.746
e0823865-ec99-4e83-8ba2-e0d7094d7a71	22	22127104	23072420	708	-0.2569
e0823865-ec99-4e83-8ba2-e0d7094d7a71	22	23073669	23420077	230	-0.4493
e0823865-ec99-4e83-8ba2-e0d7094d7a71	22	23420295	36159424	9497	-0.2157
e0823865-ec99-4e83-8ba2-e0d7094d7a71	22	36161130	36319792	120	-0.4162
e0823865-ec99-4e83-8ba2-e0d7094d7a71	22	36320269	48952145	8352	-0.2172
e0823865-ec99-4e83-8ba2-e0d7094d7a71	22	48953531	50796027	1185	-0.3888
e0823865-ec99-4e83-8ba2-e0d7094d7a71	X	251810	9933369	5528	-0.0067
e0823865-ec99-4e83-8ba2-e0d7094d7a71	X	9933569	10264818	263	-0.147
e0823865-ec99-4e83-8ba2-e0d7094d7a71	X	10266819	19030825	5637	-0.0123
e0823865-ec99-4e83-8ba2-e0d7094d7a71	X	19032515	19240194	149	-0.1702
e0823865-ec99-4e83-8ba2-e0d7094d7a71	X	19241733	19436468	110	-0.0038
e0823865-ec99-4e83-8ba2-e0d7094d7a71	X	19437290	19486155	43	-0.3487
e0823865-ec99-4e83-8ba2-e0d7094d7a71	X	19490400	25461786	3662	-0.0053
e0823865-ec99-4e83-8ba2-e0d7094d7a71	X	25462618	37077962	7578	0.0252
e0823865-ec99-4e83-8ba2-e0d7094d7a71	X	37292821	42739471	3135	-0.0054
e0823865-ec99-4e83-8ba2-e0d7094d7a71	X	42739489	42739539	2	-1.4686
e0823865-ec99-4e83-8ba2-e0d7094d7a71	X	42743246	70022645	10522	-0.012
e0823865-ec99-4e83-8ba2-e0d7094d7a71	X	70023268	70228064	112	-0.2088
e0823865-ec99-4e83-8ba2-e0d7094d7a71	X	70230674	75114249	1951	-0.0162
e0823865-ec99-4e83-8ba2-e0d7094d7a71	X	75114722	99965530	12898	0.0147
e0823865-ec99-4e83-8ba2-e0d7094d7a71	X	99966051	113837618	7318	-0.0078
e0823865-ec99-4e83-8ba2-e0d7094d7a71	X	113841238	114022250	119	0.6105
e0823865-ec99-4e83-8ba2-e0d7094d7a71	X	114024194	114024329	2	-0.9825
e0823865-ec99-4e83-8ba2-e0d7094d7a71	X	114026685	114265950	128	0.5931
e0823865-ec99-4e83-8ba2-e0d7094d7a71	X	114342527	126328789	6983	-0.0042
e0823865-ec99-4e83-8ba2-e0d7094d7a71	X	126330887	126330930	2	1.6284
e0823865-ec99-4e83-8ba2-e0d7094d7a71	X	126332640	151124426	14930	0.005
e0823865-ec99-4e83-8ba2-e0d7094d7a71	X	151125462	151126987	2	-1.7336
e0823865-ec99-4e83-8ba2-e0d7094d7a71	X	151128083	152727371	993	-0.0028
e0823865-ec99-4e83-8ba2-e0d7094d7a71	X	152727697	155058073	1086	-0.1103
e0823865-ec99-4e83-8ba2-e0d7094d7a71	X	155061066	155952689	279	0.0279
e0823865-ec99-4e83-8ba2-e0d7094d7a71	Y	2782397	3314408	191	-2.8847
e0823865-ec99-4e83-8ba2-e0d7094d7a71	Y	3326047	6076562	528	-2.5491
e0823865-ec99-4e83-8ba2-e0d7094d7a71	Y	6080059	9330531	1508	-3.1072
e0823865-ec99-4e83-8ba2-e0d7094d7a71	Y	9332936	9554275	25	-4.7749
e0823865-ec99-4e83-8ba2-e0d7094d7a71	Y	9554586	13478396	1012	-2.9433
e0823865-ec99-4e83-8ba2-e0d7094d7a71	Y	13478462	13482643	3	-7.9402
e0823865-ec99-4e83-8ba2-e0d7094d7a71	Y	13483009	56872112	3372	-3.027
