GDC_Aliquot	Chromosome	Start	End	Num_Probes	Segment_Mean
50ea57d8-f3c5-4ee4-a186-f2236b31d6f9	1	62920	1575421	210	-0.0552
50ea57d8-f3c5-4ee4-a186-f2236b31d6f9	1	1696479	1741164	16	-0.6741
50ea57d8-f3c5-4ee4-a186-f2236b31d6f9	1	1756148	9255788	4432	-0.048
50ea57d8-f3c5-4ee4-a186-f2236b31d6f9	1	9266599	9342344	57	0.5685
50ea57d8-f3c5-4ee4-a186-f2236b31d6f9	1	9344634	10396090	516	-0.0589
50ea57d8-f3c5-4ee4-a186-f2236b31d6f9	1	10398321	10398382	2	-2.7881
50ea57d8-f3c5-4ee4-a186-f2236b31d6f9	1	10408661	10610834	122	-0.0715
50ea57d8-f3c5-4ee4-a186-f2236b31d6f9	1	10611363	10619664	3	-1.5296
50ea57d8-f3c5-4ee4-a186-f2236b31d6f9	1	10621749	15823420	2973	-0.0542
50ea57d8-f3c5-4ee4-a186-f2236b31d6f9	1	15827002	15828515	10	0.432
50ea57d8-f3c5-4ee4-a186-f2236b31d6f9	1	15839166	16477281	280	-0.0633
50ea57d8-f3c5-4ee4-a186-f2236b31d6f9	1	16477846	16898475	86	0.2337
50ea57d8-f3c5-4ee4-a186-f2236b31d6f9	1	16898730	25256850	5297	-0.0564
50ea57d8-f3c5-4ee4-a186-f2236b31d6f9	1	25266637	25320455	24	0.632
50ea57d8-f3c5-4ee4-a186-f2236b31d6f9	1	25336819	72284670	28694	-0.0528
50ea57d8-f3c5-4ee4-a186-f2236b31d6f9	1	72290430	72297687	9	-1.1993
50ea57d8-f3c5-4ee4-a186-f2236b31d6f9	1	72302735	72345465	48	1.5725
50ea57d8-f3c5-4ee4-a186-f2236b31d6f9	1	72346221	76661137	2764	-0.0445
50ea57d8-f3c5-4ee4-a186-f2236b31d6f9	1	76662744	76662933	2	-1.4515
50ea57d8-f3c5-4ee4-a186-f2236b31d6f9	1	76664545	86307363	6364	-0.043
50ea57d8-f3c5-4ee4-a186-f2236b31d6f9	1	86311139	86312583	2	-1.2495
50ea57d8-f3c5-4ee4-a186-f2236b31d6f9	1	86314399	103614714	10867	-0.0506
50ea57d8-f3c5-4ee4-a186-f2236b31d6f9	1	103615687	103616762	3	-1.2535
50ea57d8-f3c5-4ee4-a186-f2236b31d6f9	1	103620877	103717410	5	0.8945
50ea57d8-f3c5-4ee4-a186-f2236b31d6f9	1	103717617	105476583	920	-0.0466
50ea57d8-f3c5-4ee4-a186-f2236b31d6f9	1	105476614	105479753	16	0.5323
50ea57d8-f3c5-4ee4-a186-f2236b31d6f9	1	105481433	109658958	2622	-0.0445
50ea57d8-f3c5-4ee4-a186-f2236b31d6f9	1	109663353	109676386	4	0.7235
50ea57d8-f3c5-4ee4-a186-f2236b31d6f9	1	109677464	109684893	6	0.1056
50ea57d8-f3c5-4ee4-a186-f2236b31d6f9	1	109690352	109697556	13	-1.628
50ea57d8-f3c5-4ee4-a186-f2236b31d6f9	1	109702376	110799868	809	-0.041
50ea57d8-f3c5-4ee4-a186-f2236b31d6f9	1	110799906	110850774	69	0.1415
50ea57d8-f3c5-4ee4-a186-f2236b31d6f9	1	110850868	111291443	346	-0.0553
50ea57d8-f3c5-4ee4-a186-f2236b31d6f9	1	111291446	111292111	7	0.5053
50ea57d8-f3c5-4ee4-a186-f2236b31d6f9	1	111292208	111769532	353	-0.0339
50ea57d8-f3c5-4ee4-a186-f2236b31d6f9	1	111769589	111769929	3	0.7436
50ea57d8-f3c5-4ee4-a186-f2236b31d6f9	1	111770456	112147704	362	-0.0532
50ea57d8-f3c5-4ee4-a186-f2236b31d6f9	1	112153343	112154591	22	-2.1999
50ea57d8-f3c5-4ee4-a186-f2236b31d6f9	1	112154619	143541857	5165	-0.0509
50ea57d8-f3c5-4ee4-a186-f2236b31d6f9	1	143545399	143927536	122	-0.6811
50ea57d8-f3c5-4ee4-a186-f2236b31d6f9	1	143927887	152583051	2316	-0.0272
50ea57d8-f3c5-4ee4-a186-f2236b31d6f9	1	152583230	152614100	34	-1.9839
50ea57d8-f3c5-4ee4-a186-f2236b31d6f9	1	152614118	152778761	160	-0.0462
50ea57d8-f3c5-4ee4-a186-f2236b31d6f9	1	152782154	152796224	45	-0.4937
50ea57d8-f3c5-4ee4-a186-f2236b31d6f9	1	152801429	157508748	2490	-0.0454
50ea57d8-f3c5-4ee4-a186-f2236b31d6f9	1	157512664	157513157	2	-1.307
50ea57d8-f3c5-4ee4-a186-f2236b31d6f9	1	157513483	169247699	8772	-0.0474
50ea57d8-f3c5-4ee4-a186-f2236b31d6f9	1	169264736	169269507	6	0.8074
50ea57d8-f3c5-4ee4-a186-f2236b31d6f9	1	169272528	172354952	2118	-0.047
50ea57d8-f3c5-4ee4-a186-f2236b31d6f9	1	172355775	172356886	2	-1.4011
50ea57d8-f3c5-4ee4-a186-f2236b31d6f9	1	172364108	182113837	6337	-0.0429
50ea57d8-f3c5-4ee4-a186-f2236b31d6f9	1	182115841	182118201	6	-1.0465
50ea57d8-f3c5-4ee4-a186-f2236b31d6f9	1	182118842	193186662	7290	-0.0442
50ea57d8-f3c5-4ee4-a186-f2236b31d6f9	1	193187149	193187187	2	1.7791
50ea57d8-f3c5-4ee4-a186-f2236b31d6f9	1	193187202	194479104	944	-0.031
50ea57d8-f3c5-4ee4-a186-f2236b31d6f9	1	194482281	194485888	2	-2.5495
50ea57d8-f3c5-4ee4-a186-f2236b31d6f9	1	194487886	196758720	1451	-0.0427
50ea57d8-f3c5-4ee4-a186-f2236b31d6f9	1	196761905	196832525	56	0.3711
50ea57d8-f3c5-4ee4-a186-f2236b31d6f9	1	196832720	197135446	167	0.0195
50ea57d8-f3c5-4ee4-a186-f2236b31d6f9	1	197137373	246048890	33875	-0.051
50ea57d8-f3c5-4ee4-a186-f2236b31d6f9	1	246049005	248442451	1519	-0.0102
50ea57d8-f3c5-4ee4-a186-f2236b31d6f9	1	248446755	248477891	13	0.5522
50ea57d8-f3c5-4ee4-a186-f2236b31d6f9	1	248520099	248572774	14	-0.1969
50ea57d8-f3c5-4ee4-a186-f2236b31d6f9	1	248574146	248646068	36	-0.7959
50ea57d8-f3c5-4ee4-a186-f2236b31d6f9	1	248661836	248930189	137	0.007
50ea57d8-f3c5-4ee4-a186-f2236b31d6f9	2	12784	4158097	2984	-0.0364
50ea57d8-f3c5-4ee4-a186-f2236b31d6f9	2	4166274	4176429	42	-0.5496
50ea57d8-f3c5-4ee4-a186-f2236b31d6f9	2	4182472	34466002	21041	-0.0458
50ea57d8-f3c5-4ee4-a186-f2236b31d6f9	2	34474248	34511990	46	-2.0053
50ea57d8-f3c5-4ee4-a186-f2236b31d6f9	2	34512096	35750907	869	-0.0428
50ea57d8-f3c5-4ee4-a186-f2236b31d6f9	2	35752724	35762881	7	0.7099
50ea57d8-f3c5-4ee4-a186-f2236b31d6f9	2	35772407	41009834	3906	-0.0395
50ea57d8-f3c5-4ee4-a186-f2236b31d6f9	2	41009954	41018747	37	-0.4507
50ea57d8-f3c5-4ee4-a186-f2236b31d6f9	2	41024093	52527330	8165	-0.0393
50ea57d8-f3c5-4ee4-a186-f2236b31d6f9	2	52527342	52554404	39	-2.5379
50ea57d8-f3c5-4ee4-a186-f2236b31d6f9	2	52560811	122724152	38878	-0.0437
50ea57d8-f3c5-4ee4-a186-f2236b31d6f9	2	122724331	122724665	5	-1.2075
50ea57d8-f3c5-4ee4-a186-f2236b31d6f9	2	122726077	128880504	3885	-0.035
50ea57d8-f3c5-4ee4-a186-f2236b31d6f9	2	128880904	128882723	14	-0.9032
50ea57d8-f3c5-4ee4-a186-f2236b31d6f9	2	128882741	146107801	10421	-0.0393
50ea57d8-f3c5-4ee4-a186-f2236b31d6f9	2	146108179	146109366	13	0.6589
50ea57d8-f3c5-4ee4-a186-f2236b31d6f9	2	146120238	152863659	4146	-0.0447
50ea57d8-f3c5-4ee4-a186-f2236b31d6f9	2	152863872	152864957	2	-1.18
50ea57d8-f3c5-4ee4-a186-f2236b31d6f9	2	152871246	175352993	13666	-0.047
50ea57d8-f3c5-4ee4-a186-f2236b31d6f9	2	175353111	175357414	3	-1.2623
50ea57d8-f3c5-4ee4-a186-f2236b31d6f9	2	175359399	182188931	4404	-0.0444
50ea57d8-f3c5-4ee4-a186-f2236b31d6f9	2	182190268	182194473	5	-0.9402
50ea57d8-f3c5-4ee4-a186-f2236b31d6f9	2	182201207	236894941	33715	-0.0449
50ea57d8-f3c5-4ee4-a186-f2236b31d6f9	2	236895235	236895291	2	-1.5931
50ea57d8-f3c5-4ee4-a186-f2236b31d6f9	2	236895339	242147305	3063	-0.0448
50ea57d8-f3c5-4ee4-a186-f2236b31d6f9	3	20930	6764472	5964	-0.0144
50ea57d8-f3c5-4ee4-a186-f2236b31d6f9	3	6771902	21710663	10281	-0.0437
50ea57d8-f3c5-4ee4-a186-f2236b31d6f9	3	21710843	21711474	3	-1.6861
50ea57d8-f3c5-4ee4-a186-f2236b31d6f9	3	21713236	52989195	19425	-0.0455
50ea57d8-f3c5-4ee4-a186-f2236b31d6f9	3	52994359	53005100	37	-0.7634
50ea57d8-f3c5-4ee4-a186-f2236b31d6f9	3	53005201	59700560	4505	-0.0538
50ea57d8-f3c5-4ee4-a186-f2236b31d6f9	3	59700699	61051572	1516	0.0049
50ea57d8-f3c5-4ee4-a186-f2236b31d6f9	3	61053812	68697013	5997	-0.0495
50ea57d8-f3c5-4ee4-a186-f2236b31d6f9	3	68697108	68698262	14	-1.6898
50ea57d8-f3c5-4ee4-a186-f2236b31d6f9	3	68699607	75403949	4870	-0.049
50ea57d8-f3c5-4ee4-a186-f2236b31d6f9	3	75407149	75793727	106	0.1459
50ea57d8-f3c5-4ee4-a186-f2236b31d6f9	3	75794356	82815398	4046	-0.0471
50ea57d8-f3c5-4ee4-a186-f2236b31d6f9	3	82823628	82823892	6	-0.8482
50ea57d8-f3c5-4ee4-a186-f2236b31d6f9	3	82831894	119631498	19505	-0.0472
50ea57d8-f3c5-4ee4-a186-f2236b31d6f9	3	119632551	119635091	5	-1.1556
50ea57d8-f3c5-4ee4-a186-f2236b31d6f9	3	119636564	128675662	5448	-0.044
50ea57d8-f3c5-4ee4-a186-f2236b31d6f9	3	128676647	128693488	10	0.5296
50ea57d8-f3c5-4ee4-a186-f2236b31d6f9	3	128695318	130044855	621	-0.0427
50ea57d8-f3c5-4ee4-a186-f2236b31d6f9	3	130047743	130087393	37	0.7298
50ea57d8-f3c5-4ee4-a186-f2236b31d6f9	3	130088081	162795304	20244	-0.0445
50ea57d8-f3c5-4ee4-a186-f2236b31d6f9	3	162795361	162908815	69	0.3723
50ea57d8-f3c5-4ee4-a186-f2236b31d6f9	3	162910826	167936569	2794	-0.0405
50ea57d8-f3c5-4ee4-a186-f2236b31d6f9	3	167940485	167941968	2	-1.4999
50ea57d8-f3c5-4ee4-a186-f2236b31d6f9	3	167942969	175349805	4811	-0.04
50ea57d8-f3c5-4ee4-a186-f2236b31d6f9	3	175350133	176029158	451	0.026
50ea57d8-f3c5-4ee4-a186-f2236b31d6f9	3	176032059	193160113	11080	-0.0474
50ea57d8-f3c5-4ee4-a186-f2236b31d6f9	3	193160173	193165114	19	1.3243
50ea57d8-f3c5-4ee4-a186-f2236b31d6f9	3	193168646	198169247	2690	-0.0375
50ea57d8-f3c5-4ee4-a186-f2236b31d6f9	4	68929	4112194	1624	-0.0411
50ea57d8-f3c5-4ee4-a186-f2236b31d6f9	4	4117230	4158336	9	0.6146
50ea57d8-f3c5-4ee4-a186-f2236b31d6f9	4	4163608	6419679	1873	-0.0538
50ea57d8-f3c5-4ee4-a186-f2236b31d6f9	4	6420624	6421471	6	-1.3709
50ea57d8-f3c5-4ee4-a186-f2236b31d6f9	4	6421825	10212536	2183	-0.0391
50ea57d8-f3c5-4ee4-a186-f2236b31d6f9	4	10221792	10222004	2	-1.6531
50ea57d8-f3c5-4ee4-a186-f2236b31d6f9	4	10222224	10229120	19	0.3254
50ea57d8-f3c5-4ee4-a186-f2236b31d6f9	4	10229173	35144600	17220	-0.0497
50ea57d8-f3c5-4ee4-a186-f2236b31d6f9	4	35145891	35148542	5	-1.0281
50ea57d8-f3c5-4ee4-a186-f2236b31d6f9	4	35155099	35601348	306	-0.035
50ea57d8-f3c5-4ee4-a186-f2236b31d6f9	4	35603087	35605362	4	0.7845
50ea57d8-f3c5-4ee4-a186-f2236b31d6f9	4	35613324	43144118	5001	-0.0509
50ea57d8-f3c5-4ee4-a186-f2236b31d6f9	4	43144761	43145497	3	-1.3854
50ea57d8-f3c5-4ee4-a186-f2236b31d6f9	4	43146144	62802116	10456	-0.0456
50ea57d8-f3c5-4ee4-a186-f2236b31d6f9	4	62804218	62813912	9	-0.6191
50ea57d8-f3c5-4ee4-a186-f2236b31d6f9	4	62818784	63839936	574	-0.0175
50ea57d8-f3c5-4ee4-a186-f2236b31d6f9	4	63840033	63842505	8	-0.5468
50ea57d8-f3c5-4ee4-a186-f2236b31d6f9	4	63842540	68378716	2851	-0.0415
50ea57d8-f3c5-4ee4-a186-f2236b31d6f9	4	68389352	68422424	9	-0.9165
50ea57d8-f3c5-4ee4-a186-f2236b31d6f9	4	68429081	68506285	12	-0.2389
50ea57d8-f3c5-4ee4-a186-f2236b31d6f9	4	68509223	68618391	63	0.2313
50ea57d8-f3c5-4ee4-a186-f2236b31d6f9	4	68620122	69229929	303	0.0142
50ea57d8-f3c5-4ee4-a186-f2236b31d6f9	4	69234399	69412731	89	0.157
50ea57d8-f3c5-4ee4-a186-f2236b31d6f9	4	69414814	114252544	27272	-0.0471
50ea57d8-f3c5-4ee4-a186-f2236b31d6f9	4	114254167	114261019	23	0.9479
50ea57d8-f3c5-4ee4-a186-f2236b31d6f9	4	114263073	118478403	2540	-0.039
50ea57d8-f3c5-4ee4-a186-f2236b31d6f9	4	118485934	118487581	3	-1.0727
50ea57d8-f3c5-4ee4-a186-f2236b31d6f9	4	118488142	129141596	6163	-0.0474
50ea57d8-f3c5-4ee4-a186-f2236b31d6f9	4	129146391	129147005	2	-1.2332
50ea57d8-f3c5-4ee4-a186-f2236b31d6f9	4	129151408	144384205	9192	-0.038
50ea57d8-f3c5-4ee4-a186-f2236b31d6f9	4	144384323	144398848	6	-0.8531
50ea57d8-f3c5-4ee4-a186-f2236b31d6f9	4	144405258	145351809	468	-0.0331
50ea57d8-f3c5-4ee4-a186-f2236b31d6f9	4	145355043	145365894	7	-0.9953
50ea57d8-f3c5-4ee4-a186-f2236b31d6f9	4	145377308	190106768	28701	-0.0416
50ea57d8-f3c5-4ee4-a186-f2236b31d6f9	5	15532	685633	306	0.215
50ea57d8-f3c5-4ee4-a186-f2236b31d6f9	5	698256	773453	27	0.7757
50ea57d8-f3c5-4ee4-a186-f2236b31d6f9	5	779766	833513	19	-0.6298
50ea57d8-f3c5-4ee4-a186-f2236b31d6f9	5	852451	7169363	5367	0.2016
50ea57d8-f3c5-4ee4-a186-f2236b31d6f9	5	7177225	7189812	26	-0.5683
50ea57d8-f3c5-4ee4-a186-f2236b31d6f9	5	7202522	10705490	2914	0.2018
50ea57d8-f3c5-4ee4-a186-f2236b31d6f9	5	10705656	10983501	277	0.3024
50ea57d8-f3c5-4ee4-a186-f2236b31d6f9	5	10985651	12824299	1257	0.1979
50ea57d8-f3c5-4ee4-a186-f2236b31d6f9	5	12826538	12895017	17	0.5212
50ea57d8-f3c5-4ee4-a186-f2236b31d6f9	5	12895116	15364375	1758	0.1924
50ea57d8-f3c5-4ee4-a186-f2236b31d6f9	5	15365046	16071059	422	0.2726
50ea57d8-f3c5-4ee4-a186-f2236b31d6f9	5	16071169	17828029	1133	0.1977
50ea57d8-f3c5-4ee4-a186-f2236b31d6f9	5	17828744	17829678	3	-0.9132
50ea57d8-f3c5-4ee4-a186-f2236b31d6f9	5	17833550	21449167	2178	0.1977
50ea57d8-f3c5-4ee4-a186-f2236b31d6f9	5	21451091	21452329	5	-2.4667
50ea57d8-f3c5-4ee4-a186-f2236b31d6f9	5	21452387	25046598	2072	0.1973
50ea57d8-f3c5-4ee4-a186-f2236b31d6f9	5	25053311	25053532	3	-0.7824
50ea57d8-f3c5-4ee4-a186-f2236b31d6f9	5	25053895	28214513	1840	0.2075
50ea57d8-f3c5-4ee4-a186-f2236b31d6f9	5	28215289	28220898	4	-0.6803
50ea57d8-f3c5-4ee4-a186-f2236b31d6f9	5	28221538	34700599	4286	0.2046
50ea57d8-f3c5-4ee4-a186-f2236b31d6f9	5	34700960	34701084	2	-1.6867
50ea57d8-f3c5-4ee4-a186-f2236b31d6f9	5	34703258	46271006	6742	0.1926
50ea57d8-f3c5-4ee4-a186-f2236b31d6f9	5	46271828	46273400	6	-2.4914
50ea57d8-f3c5-4ee4-a186-f2236b31d6f9	5	46278110	56356086	3847	0.2038
50ea57d8-f3c5-4ee4-a186-f2236b31d6f9	5	56357305	56358344	13	-0.3132
50ea57d8-f3c5-4ee4-a186-f2236b31d6f9	5	56358681	58025819	1212	0.2035
50ea57d8-f3c5-4ee4-a186-f2236b31d6f9	5	58030200	58036248	20	1.5366
50ea57d8-f3c5-4ee4-a186-f2236b31d6f9	5	58036448	58037706	12	0.7874
50ea57d8-f3c5-4ee4-a186-f2236b31d6f9	5	58042530	62277545	2833	0.1955
50ea57d8-f3c5-4ee4-a186-f2236b31d6f9	5	62279164	62280446	3	-1.0998
50ea57d8-f3c5-4ee4-a186-f2236b31d6f9	5	62286365	138469431	46105	0.2007
50ea57d8-f3c5-4ee4-a186-f2236b31d6f9	5	138472272	138481268	20	-0.5075
50ea57d8-f3c5-4ee4-a186-f2236b31d6f9	5	138482888	140715902	993	0.1764
50ea57d8-f3c5-4ee4-a186-f2236b31d6f9	5	140717390	140723434	2	-1.3508
50ea57d8-f3c5-4ee4-a186-f2236b31d6f9	5	140724838	151513403	7117	0.1939
50ea57d8-f3c5-4ee4-a186-f2236b31d6f9	5	151514032	151514079	2	-0.9503
50ea57d8-f3c5-4ee4-a186-f2236b31d6f9	5	151514872	152134610	478	0.1992
50ea57d8-f3c5-4ee4-a186-f2236b31d6f9	5	152135825	152140861	16	-0.4136
50ea57d8-f3c5-4ee4-a186-f2236b31d6f9	5	152140936	156048095	2655	0.1976
50ea57d8-f3c5-4ee4-a186-f2236b31d6f9	5	156049762	156068249	17	-0.6577
50ea57d8-f3c5-4ee4-a186-f2236b31d6f9	5	156073982	180947523	16581	0.2025
50ea57d8-f3c5-4ee4-a186-f2236b31d6f9	5	180951710	180991103	19	-2.4382
50ea57d8-f3c5-4ee4-a186-f2236b31d6f9	5	181006225	181363319	170	0.2613
50ea57d8-f3c5-4ee4-a186-f2236b31d6f9	6	149661	29868926	21632	-0.0501
50ea57d8-f3c5-4ee4-a186-f2236b31d6f9	6	29868964	29969485	60	0.2878
50ea57d8-f3c5-4ee4-a186-f2236b31d6f9	6	29969534	32463515	1127	-0.0266
50ea57d8-f3c5-4ee4-a186-f2236b31d6f9	6	32463775	32533522	19	1.2907
50ea57d8-f3c5-4ee4-a186-f2236b31d6f9	6	32540699	32723053	93	0.1991
50ea57d8-f3c5-4ee4-a186-f2236b31d6f9	6	32732907	45976994	8381	-0.0567
50ea57d8-f3c5-4ee4-a186-f2236b31d6f9	6	45979073	46045437	60	0.1314
50ea57d8-f3c5-4ee4-a186-f2236b31d6f9	6	46045542	48963228	1889	-0.0585
50ea57d8-f3c5-4ee4-a186-f2236b31d6f9	6	48964092	48967563	5	-0.9736
50ea57d8-f3c5-4ee4-a186-f2236b31d6f9	6	48978926	54066269	3302	-0.0524
50ea57d8-f3c5-4ee4-a186-f2236b31d6f9	6	54066286	54067057	8	-1.3452
50ea57d8-f3c5-4ee4-a186-f2236b31d6f9	6	54070550	57296402	1945	-0.0598
50ea57d8-f3c5-4ee4-a186-f2236b31d6f9	6	57296760	61568315	644	0.0316
50ea57d8-f3c5-4ee4-a186-f2236b31d6f9	6	61568329	62213920	379	-0.0356
50ea57d8-f3c5-4ee4-a186-f2236b31d6f9	6	62215737	62218399	4	-1.1881
50ea57d8-f3c5-4ee4-a186-f2236b31d6f9	6	62221798	64627049	1249	-0.0514
50ea57d8-f3c5-4ee4-a186-f2236b31d6f9	6	64637651	64639099	2	-2.7829
50ea57d8-f3c5-4ee4-a186-f2236b31d6f9	6	64640883	67457081	2043	-0.0505
50ea57d8-f3c5-4ee4-a186-f2236b31d6f9	6	67457153	67457396	3	-1.0567
50ea57d8-f3c5-4ee4-a186-f2236b31d6f9	6	67457837	75531811	5165	-0.0483
50ea57d8-f3c5-4ee4-a186-f2236b31d6f9	6	75532861	75543180	5	-1.1704
50ea57d8-f3c5-4ee4-a186-f2236b31d6f9	6	75560563	76726815	714	-0.0367
50ea57d8-f3c5-4ee4-a186-f2236b31d6f9	6	76730151	76742924	18	-0.4469
50ea57d8-f3c5-4ee4-a186-f2236b31d6f9	6	76742956	78238226	964	-0.0435
50ea57d8-f3c5-4ee4-a186-f2236b31d6f9	6	78240104	78331916	130	0.2677
50ea57d8-f3c5-4ee4-a186-f2236b31d6f9	6	78332002	103286299	15458	-0.0469
50ea57d8-f3c5-4ee4-a186-f2236b31d6f9	6	103286770	103314186	51	0.5296
50ea57d8-f3c5-4ee4-a186-f2236b31d6f9	6	103317795	133945130	19046	-0.0475
50ea57d8-f3c5-4ee4-a186-f2236b31d6f9	6	133947933	133948494	2	-2.1117
50ea57d8-f3c5-4ee4-a186-f2236b31d6f9	6	133950934	167931821	23194	-0.0497
50ea57d8-f3c5-4ee4-a186-f2236b31d6f9	6	167934598	168195239	179	0.5758
50ea57d8-f3c5-4ee4-a186-f2236b31d6f9	6	168196562	170741917	1679	-0.0314
50ea57d8-f3c5-4ee4-a186-f2236b31d6f9	7	43355	17696402	12246	-0.0326
50ea57d8-f3c5-4ee4-a186-f2236b31d6f9	7	17696950	17697339	2	-2.3441
50ea57d8-f3c5-4ee4-a186-f2236b31d6f9	7	17698407	18871438	860	-0.0574
50ea57d8-f3c5-4ee4-a186-f2236b31d6f9	7	18871527	19728275	898	0.0162
50ea57d8-f3c5-4ee4-a186-f2236b31d6f9	7	19732218	56576994	25902	-0.0482
50ea57d8-f3c5-4ee4-a186-f2236b31d6f9	7	56579748	66269605	1955	0.0052
50ea57d8-f3c5-4ee4-a186-f2236b31d6f9	7	66270759	68934786	1473	-0.0526
50ea57d8-f3c5-4ee4-a186-f2236b31d6f9	7	68941073	68942063	2	-1.5677
50ea57d8-f3c5-4ee4-a186-f2236b31d6f9	7	68942209	88479472	10916	-0.0477
50ea57d8-f3c5-4ee4-a186-f2236b31d6f9	7	88479908	90217022	1161	0.0175
50ea57d8-f3c5-4ee4-a186-f2236b31d6f9	7	90217494	97756658	4812	-0.0485
50ea57d8-f3c5-4ee4-a186-f2236b31d6f9	7	97766148	97766159	6	1.0409
50ea57d8-f3c5-4ee4-a186-f2236b31d6f9	7	97766194	105946407	4106	-0.051
50ea57d8-f3c5-4ee4-a186-f2236b31d6f9	7	105946471	105946995	5	-0.8014
50ea57d8-f3c5-4ee4-a186-f2236b31d6f9	7	105947907	109793741	2496	-0.0411
50ea57d8-f3c5-4ee4-a186-f2236b31d6f9	7	109797035	109797715	15	-1.1583
50ea57d8-f3c5-4ee4-a186-f2236b31d6f9	7	109797717	109801155	9	0.0934
50ea57d8-f3c5-4ee4-a186-f2236b31d6f9	7	109801187	109813853	11	-2.4574
50ea57d8-f3c5-4ee4-a186-f2236b31d6f9	7	109813925	126404920	10018	-0.0467
50ea57d8-f3c5-4ee4-a186-f2236b31d6f9	7	126405428	126406827	18	0.6537
50ea57d8-f3c5-4ee4-a186-f2236b31d6f9	7	126412712	141303245	9424	-0.0492
50ea57d8-f3c5-4ee4-a186-f2236b31d6f9	7	141304226	141304510	2	-3.0928
50ea57d8-f3c5-4ee4-a186-f2236b31d6f9	7	141304666	142069880	485	-0.0331
50ea57d8-f3c5-4ee4-a186-f2236b31d6f9	7	142069891	142099190	33	-0.5841
50ea57d8-f3c5-4ee4-a186-f2236b31d6f9	7	142099360	142345098	187	-0.0208
50ea57d8-f3c5-4ee4-a186-f2236b31d6f9	7	142347278	142347565	5	-0.8104
50ea57d8-f3c5-4ee4-a186-f2236b31d6f9	7	142356135	143529806	704	-0.0185
50ea57d8-f3c5-4ee4-a186-f2236b31d6f9	7	143530003	143603307	4	0.8216
50ea57d8-f3c5-4ee4-a186-f2236b31d6f9	7	143728285	144012606	155	0.0082
50ea57d8-f3c5-4ee4-a186-f2236b31d6f9	7	144013003	144014058	7	0.5569
50ea57d8-f3c5-4ee4-a186-f2236b31d6f9	7	144014076	147314296	1999	-0.0341
50ea57d8-f3c5-4ee4-a186-f2236b31d6f9	7	147314595	147317906	3	-0.9561
50ea57d8-f3c5-4ee4-a186-f2236b31d6f9	7	147320331	153450553	3696	-0.0497
50ea57d8-f3c5-4ee4-a186-f2236b31d6f9	7	153450560	153450627	2	-2.3937
50ea57d8-f3c5-4ee4-a186-f2236b31d6f9	7	153450630	154598185	849	-0.0396
50ea57d8-f3c5-4ee4-a186-f2236b31d6f9	7	154601461	154607903	4	0.9749
50ea57d8-f3c5-4ee4-a186-f2236b31d6f9	7	154609120	155413823	736	-0.0491
50ea57d8-f3c5-4ee4-a186-f2236b31d6f9	7	155414053	155414572	3	-1.2492
50ea57d8-f3c5-4ee4-a186-f2236b31d6f9	7	155415881	159334314	2493	-0.0398
50ea57d8-f3c5-4ee4-a186-f2236b31d6f9	8	81254	6968014	7618	0.2196
50ea57d8-f3c5-4ee4-a186-f2236b31d6f9	8	6968154	6980411	17	-0.4335
50ea57d8-f3c5-4ee4-a186-f2236b31d6f9	8	6982183	7155402	82	0.3442
50ea57d8-f3c5-4ee4-a186-f2236b31d6f9	8	7167045	7397588	32	-0.1032
50ea57d8-f3c5-4ee4-a186-f2236b31d6f9	8	7414835	12143614	3267	0.2244
50ea57d8-f3c5-4ee4-a186-f2236b31d6f9	8	12176798	12585546	50	0.6094
50ea57d8-f3c5-4ee4-a186-f2236b31d6f9	8	12616034	21254588	7848	0.1994
50ea57d8-f3c5-4ee4-a186-f2236b31d6f9	8	21255121	21256547	3	-0.9093
50ea57d8-f3c5-4ee4-a186-f2236b31d6f9	8	21260713	25114672	2540	0.1985
50ea57d8-f3c5-4ee4-a186-f2236b31d6f9	8	25116928	25116961	2	-0.8719
50ea57d8-f3c5-4ee4-a186-f2236b31d6f9	8	25117007	25126818	25	-2.6801
50ea57d8-f3c5-4ee4-a186-f2236b31d6f9	8	25133589	39389156	9008	0.1909
50ea57d8-f3c5-4ee4-a186-f2236b31d6f9	8	39389592	39527675	56	-0.2998
50ea57d8-f3c5-4ee4-a186-f2236b31d6f9	8	39529446	40914477	1075	0.1917
50ea57d8-f3c5-4ee4-a186-f2236b31d6f9	8	40920333	40920952	2	-1.878
50ea57d8-f3c5-4ee4-a186-f2236b31d6f9	8	40926161	71300130	16815	0.2009
50ea57d8-f3c5-4ee4-a186-f2236b31d6f9	8	71303076	71304364	8	-2.1558
50ea57d8-f3c5-4ee4-a186-f2236b31d6f9	8	71307628	95077967	14115	0.1975
50ea57d8-f3c5-4ee4-a186-f2236b31d6f9	8	95084799	95085385	3	-0.774
50ea57d8-f3c5-4ee4-a186-f2236b31d6f9	8	95085479	119139771	14914	0.1972
50ea57d8-f3c5-4ee4-a186-f2236b31d6f9	8	119142545	119147207	4	-0.9706
50ea57d8-f3c5-4ee4-a186-f2236b31d6f9	8	119150615	120442312	834	0.1804
50ea57d8-f3c5-4ee4-a186-f2236b31d6f9	8	120445923	120446077	2	-0.9758
50ea57d8-f3c5-4ee4-a186-f2236b31d6f9	8	120456885	128730029	5836	0.1976
50ea57d8-f3c5-4ee4-a186-f2236b31d6f9	8	128731647	128735944	5	-0.0274
50ea57d8-f3c5-4ee4-a186-f2236b31d6f9	8	128739928	128751839	6	-0.8652
50ea57d8-f3c5-4ee4-a186-f2236b31d6f9	8	128765208	145072769	11241	0.2048
50ea57d8-f3c5-4ee4-a186-f2236b31d6f9	9	46587	592306	477	-0.0081
50ea57d8-f3c5-4ee4-a186-f2236b31d6f9	9	592552	592567	2	-1.7984
50ea57d8-f3c5-4ee4-a186-f2236b31d6f9	9	592718	602903	28	0.0187
50ea57d8-f3c5-4ee4-a186-f2236b31d6f9	9	606699	606961	4	-2.1479
50ea57d8-f3c5-4ee4-a186-f2236b31d6f9	9	607307	11645592	10464	-0.0368
50ea57d8-f3c5-4ee4-a186-f2236b31d6f9	9	11647401	11934377	211	-1.0435
50ea57d8-f3c5-4ee4-a186-f2236b31d6f9	9	11941913	12044969	97	0.0284
50ea57d8-f3c5-4ee4-a186-f2236b31d6f9	9	12045499	12054277	7	-0.5268
50ea57d8-f3c5-4ee4-a186-f2236b31d6f9	9	12056342	12612293	433	0.0155
50ea57d8-f3c5-4ee4-a186-f2236b31d6f9	9	12612437	23361807	8671	-0.058
50ea57d8-f3c5-4ee4-a186-f2236b31d6f9	9	23363117	23373486	8	-2.3613
50ea57d8-f3c5-4ee4-a186-f2236b31d6f9	9	23378490	29091099	4330	-0.0427
50ea57d8-f3c5-4ee4-a186-f2236b31d6f9	9	29094551	29094999	2	-3.623
50ea57d8-f3c5-4ee4-a186-f2236b31d6f9	9	29097682	30574648	1032	-0.0318
50ea57d8-f3c5-4ee4-a186-f2236b31d6f9	9	30580710	30580957	3	-1.5598
50ea57d8-f3c5-4ee4-a186-f2236b31d6f9	9	30587290	41025371	5410	-0.0581
50ea57d8-f3c5-4ee4-a186-f2236b31d6f9	9	41040347	41451846	30	-0.4499
50ea57d8-f3c5-4ee4-a186-f2236b31d6f9	9	41473331	41571860	17	0.1185
50ea57d8-f3c5-4ee4-a186-f2236b31d6f9	9	41635766	42124490	25	0.3839
50ea57d8-f3c5-4ee4-a186-f2236b31d6f9	9	42138778	42585140	29	-0.308
50ea57d8-f3c5-4ee4-a186-f2236b31d6f9	9	42697878	61405110	54	0.2358
50ea57d8-f3c5-4ee4-a186-f2236b31d6f9	9	61520021	61647899	30	0.6924
50ea57d8-f3c5-4ee4-a186-f2236b31d6f9	9	61665362	63580418	38	0.1931
50ea57d8-f3c5-4ee4-a186-f2236b31d6f9	9	63590317	63592813	7	2.0218
50ea57d8-f3c5-4ee4-a186-f2236b31d6f9	9	63614182	63742899	33	0.2125
50ea57d8-f3c5-4ee4-a186-f2236b31d6f9	9	63746895	87907679	14285	-0.0536
50ea57d8-f3c5-4ee4-a186-f2236b31d6f9	9	87939236	87939304	2	-1.7238
50ea57d8-f3c5-4ee4-a186-f2236b31d6f9	9	87943042	138200944	33679	-0.0491
50ea57d8-f3c5-4ee4-a186-f2236b31d6f9	10	45792	1709143	1142	-0.0298
50ea57d8-f3c5-4ee4-a186-f2236b31d6f9	10	1709463	1711367	5	-1.0134
50ea57d8-f3c5-4ee4-a186-f2236b31d6f9	10	1713937	24086334	18024	-0.0543
50ea57d8-f3c5-4ee4-a186-f2236b31d6f9	10	24088745	24089125	11	0.9004
50ea57d8-f3c5-4ee4-a186-f2236b31d6f9	10	24089979	26934974	1980	-0.0546
50ea57d8-f3c5-4ee4-a186-f2236b31d6f9	10	26936975	26939544	13	0.5495
50ea57d8-f3c5-4ee4-a186-f2236b31d6f9	10	26941064	46529441	10478	-0.0506
50ea57d8-f3c5-4ee4-a186-f2236b31d6f9	10	46532940	47024779	46	0.2202
50ea57d8-f3c5-4ee4-a186-f2236b31d6f9	10	47040736	65546400	12665	-0.0461
50ea57d8-f3c5-4ee4-a186-f2236b31d6f9	10	65546518	65548951	8	-0.878
50ea57d8-f3c5-4ee4-a186-f2236b31d6f9	10	65548979	65554688	21	-2.2884
50ea57d8-f3c5-4ee4-a186-f2236b31d6f9	10	65563037	122584593	38271	-0.0505
50ea57d8-f3c5-4ee4-a186-f2236b31d6f9	10	122584707	122591497	5	-1.2696
50ea57d8-f3c5-4ee4-a186-f2236b31d6f9	10	122597296	133654968	7888	-0.0422
50ea57d8-f3c5-4ee4-a186-f2236b31d6f9	11	198510	4705210	2144	-0.0382
50ea57d8-f3c5-4ee4-a186-f2236b31d6f9	11	4705388	4705661	5	-1.0278
50ea57d8-f3c5-4ee4-a186-f2236b31d6f9	11	4707904	5500921	836	-0.0351
50ea57d8-f3c5-4ee4-a186-f2236b31d6f9	11	5500945	5501298	4	-0.9856
50ea57d8-f3c5-4ee4-a186-f2236b31d6f9	11	5501334	5604483	114	-0.0457
50ea57d8-f3c5-4ee4-a186-f2236b31d6f9	11	5604554	5604617	2	-1.226
50ea57d8-f3c5-4ee4-a186-f2236b31d6f9	11	5607989	5766850	126	-0.0527
50ea57d8-f3c5-4ee4-a186-f2236b31d6f9	11	5766862	5798299	39	0.3007
50ea57d8-f3c5-4ee4-a186-f2236b31d6f9	11	5799331	6096746	238	-0.0644
50ea57d8-f3c5-4ee4-a186-f2236b31d6f9	11	6099417	6100864	2	-1.8944
50ea57d8-f3c5-4ee4-a186-f2236b31d6f9	11	6101273	18919323	9148	-0.0548
50ea57d8-f3c5-4ee4-a186-f2236b31d6f9	11	18927525	18940191	42	0.4758
50ea57d8-f3c5-4ee4-a186-f2236b31d6f9	11	18940271	24420628	4369	-0.0545
50ea57d8-f3c5-4ee4-a186-f2236b31d6f9	11	24422703	24428711	6	-0.8742
50ea57d8-f3c5-4ee4-a186-f2236b31d6f9	11	24433630	48411143	16116	-0.0511
50ea57d8-f3c5-4ee4-a186-f2236b31d6f9	11	48414100	55606712	1256	0.0107
50ea57d8-f3c5-4ee4-a186-f2236b31d6f9	11	55606727	55671856	43	0.2834
50ea57d8-f3c5-4ee4-a186-f2236b31d6f9	11	55672514	56205060	386	0.0221
50ea57d8-f3c5-4ee4-a186-f2236b31d6f9	11	56205385	107778084	32269	-0.0483
50ea57d8-f3c5-4ee4-a186-f2236b31d6f9	11	107783017	107800875	16	0.516
50ea57d8-f3c5-4ee4-a186-f2236b31d6f9	11	107801319	135074876	19581	-0.0517
50ea57d8-f3c5-4ee4-a186-f2236b31d6f9	12	51460	15563519	10497	0.1984
50ea57d8-f3c5-4ee4-a186-f2236b31d6f9	12	15563788	15564256	2	-2.109
50ea57d8-f3c5-4ee4-a186-f2236b31d6f9	12	15567733	33862308	12765	0.1976
50ea57d8-f3c5-4ee4-a186-f2236b31d6f9	12	33862370	34330665	233	0.3046
50ea57d8-f3c5-4ee4-a186-f2236b31d6f9	12	34339654	45506042	4871	0.1958
50ea57d8-f3c5-4ee4-a186-f2236b31d6f9	12	45510655	45515754	4	1.4127
50ea57d8-f3c5-4ee4-a186-f2236b31d6f9	12	45519509	58327448	7193	0.1834
50ea57d8-f3c5-4ee4-a186-f2236b31d6f9	12	58336368	58336379	2	-1.1895
50ea57d8-f3c5-4ee4-a186-f2236b31d6f9	12	58337065	80446147	14318	0.1916
50ea57d8-f3c5-4ee4-a186-f2236b31d6f9	12	80446276	80456533	2	-2.0365
50ea57d8-f3c5-4ee4-a186-f2236b31d6f9	12	80458189	129516041	32523	0.1947
50ea57d8-f3c5-4ee4-a186-f2236b31d6f9	12	129518945	129519049	2	-2.116
50ea57d8-f3c5-4ee4-a186-f2236b31d6f9	12	129519225	131636170	1780	0.2199
50ea57d8-f3c5-4ee4-a186-f2236b31d6f9	12	131648039	131658450	15	0.7461
50ea57d8-f3c5-4ee4-a186-f2236b31d6f9	12	131658829	133201603	557	0.1908
50ea57d8-f3c5-4ee4-a186-f2236b31d6f9	13	18452809	37496998	13470	-0.051
50ea57d8-f3c5-4ee4-a186-f2236b31d6f9	13	37497899	37510620	16	0.363
50ea57d8-f3c5-4ee4-a186-f2236b31d6f9	13	37514193	38478674	700	-0.0657
50ea57d8-f3c5-4ee4-a186-f2236b31d6f9	13	38483435	38483919	2	-2.496
50ea57d8-f3c5-4ee4-a186-f2236b31d6f9	13	38490920	52520664	9186	-0.0455
50ea57d8-f3c5-4ee4-a186-f2236b31d6f9	13	52523849	52531650	3	-1.6798
50ea57d8-f3c5-4ee4-a186-f2236b31d6f9	13	52543744	57176962	2619	-0.0438
50ea57d8-f3c5-4ee4-a186-f2236b31d6f9	13	57184136	57204246	34	-0.806
50ea57d8-f3c5-4ee4-a186-f2236b31d6f9	13	57215580	62410562	3123	-0.0488
50ea57d8-f3c5-4ee4-a186-f2236b31d6f9	13	62413943	62415937	3	-1.888
50ea57d8-f3c5-4ee4-a186-f2236b31d6f9	13	62417153	63650072	668	-0.0461
50ea57d8-f3c5-4ee4-a186-f2236b31d6f9	13	63650659	63662559	9	-1.0116
50ea57d8-f3c5-4ee4-a186-f2236b31d6f9	13	63665430	64405113	423	-0.0212
50ea57d8-f3c5-4ee4-a186-f2236b31d6f9	13	64405900	64406265	3	-0.8962
50ea57d8-f3c5-4ee4-a186-f2236b31d6f9	13	64406673	66432575	1243	-0.0539
50ea57d8-f3c5-4ee4-a186-f2236b31d6f9	13	66433104	66433220	2	1.1554
50ea57d8-f3c5-4ee4-a186-f2236b31d6f9	13	66438344	66598647	121	-0.0504
50ea57d8-f3c5-4ee4-a186-f2236b31d6f9	13	66602087	66603651	2	-2.6019
50ea57d8-f3c5-4ee4-a186-f2236b31d6f9	13	66604212	114342922	32445	-0.048
50ea57d8-f3c5-4ee4-a186-f2236b31d6f9	14	18239283	19280948	44	-0.0796
50ea57d8-f3c5-4ee4-a186-f2236b31d6f9	14	19289821	19294475	3	1.7024
50ea57d8-f3c5-4ee4-a186-f2236b31d6f9	14	19298389	19383592	5	-0.1328
50ea57d8-f3c5-4ee4-a186-f2236b31d6f9	14	19385032	19430665	4	0.8961
50ea57d8-f3c5-4ee4-a186-f2236b31d6f9	14	19445992	41138431	13688	-0.0478
50ea57d8-f3c5-4ee4-a186-f2236b31d6f9	14	41139155	41188146	16	-0.6984
50ea57d8-f3c5-4ee4-a186-f2236b31d6f9	14	41200899	48861820	4525	-0.0324
50ea57d8-f3c5-4ee4-a186-f2236b31d6f9	14	48864091	48865531	3	-1.0078
50ea57d8-f3c5-4ee4-a186-f2236b31d6f9	14	48868229	66574917	11511	-0.0555
50ea57d8-f3c5-4ee4-a186-f2236b31d6f9	14	66586340	66656933	29	-1.1159
50ea57d8-f3c5-4ee4-a186-f2236b31d6f9	14	66666062	73529070	4372	-0.0551
50ea57d8-f3c5-4ee4-a186-f2236b31d6f9	14	73534419	73563196	10	0.7265
50ea57d8-f3c5-4ee4-a186-f2236b31d6f9	14	73563211	106215915	20798	-0.0508
50ea57d8-f3c5-4ee4-a186-f2236b31d6f9	14	106215929	106340102	51	0.1722
50ea57d8-f3c5-4ee4-a186-f2236b31d6f9	14	106340305	106365807	10	1.2129
50ea57d8-f3c5-4ee4-a186-f2236b31d6f9	14	106369985	106877229	270	-0.0224
50ea57d8-f3c5-4ee4-a186-f2236b31d6f9	15	19811075	19998708	44	0.1076
50ea57d8-f3c5-4ee4-a186-f2236b31d6f9	15	20001686	20986779	110	-0.2739
50ea57d8-f3c5-4ee4-a186-f2236b31d6f9	15	20986997	21975606	22	0.0182
50ea57d8-f3c5-4ee4-a186-f2236b31d6f9	15	21997003	22299523	30	-0.7637
50ea57d8-f3c5-4ee4-a186-f2236b31d6f9	15	22385639	24424598	992	-0.0009
50ea57d8-f3c5-4ee4-a186-f2236b31d6f9	15	24429604	24516042	53	-0.7503
50ea57d8-f3c5-4ee4-a186-f2236b31d6f9	15	24518572	27944124	2538	-0.0503
50ea57d8-f3c5-4ee4-a186-f2236b31d6f9	15	27947436	30215235	1045	0.0061
50ea57d8-f3c5-4ee4-a186-f2236b31d6f9	15	30230885	30483791	20	0.4451
50ea57d8-f3c5-4ee4-a186-f2236b31d6f9	15	30487388	32126216	1027	-0.0119
50ea57d8-f3c5-4ee4-a186-f2236b31d6f9	15	32126544	56498641	15239	-0.0556
50ea57d8-f3c5-4ee4-a186-f2236b31d6f9	15	56498657	56508779	22	-0.6764
50ea57d8-f3c5-4ee4-a186-f2236b31d6f9	15	56509425	61392006	3623	-0.0558
50ea57d8-f3c5-4ee4-a186-f2236b31d6f9	15	61395970	61405782	17	-0.9642
50ea57d8-f3c5-4ee4-a186-f2236b31d6f9	15	61408185	93310656	20258	-0.0521
50ea57d8-f3c5-4ee4-a186-f2236b31d6f9	15	93312082	93314323	2	-3.3783
50ea57d8-f3c5-4ee4-a186-f2236b31d6f9	15	93319185	101928837	6454	-0.0472
50ea57d8-f3c5-4ee4-a186-f2236b31d6f9	16	10777	6698455	3992	0.1987
50ea57d8-f3c5-4ee4-a186-f2236b31d6f9	16	6698741	6699080	2	-1.2248
50ea57d8-f3c5-4ee4-a186-f2236b31d6f9	16	6699545	6904273	271	0.2324
50ea57d8-f3c5-4ee4-a186-f2236b31d6f9	16	6907156	6908453	3	-0.8852
50ea57d8-f3c5-4ee4-a186-f2236b31d6f9	16	6908847	14955003	6831	0.198
50ea57d8-f3c5-4ee4-a186-f2236b31d6f9	16	14955046	18149179	1646	0.2564
50ea57d8-f3c5-4ee4-a186-f2236b31d6f9	16	18153433	18705983	24	0.164
50ea57d8-f3c5-4ee4-a186-f2236b31d6f9	16	18713525	18714714	2	-1.3808
50ea57d8-f3c5-4ee4-a186-f2236b31d6f9	16	18730788	22420049	1976	0.1986
50ea57d8-f3c5-4ee4-a186-f2236b31d6f9	16	22430653	22699421	75	0.3954
50ea57d8-f3c5-4ee4-a186-f2236b31d6f9	16	22701658	55761136	12078	0.19
50ea57d8-f3c5-4ee4-a186-f2236b31d6f9	16	55762477	55782734	18	-0.387
50ea57d8-f3c5-4ee4-a186-f2236b31d6f9	16	55782793	55824881	17	0.5551
50ea57d8-f3c5-4ee4-a186-f2236b31d6f9	16	55834527	78338949	14255	0.1919
50ea57d8-f3c5-4ee4-a186-f2236b31d6f9	16	78339440	78342480	4	-1.6165
50ea57d8-f3c5-4ee4-a186-f2236b31d6f9	16	78342814	90096867	10616	0.206
50ea57d8-f3c5-4ee4-a186-f2236b31d6f9	17	150733	28452035	13669	0.1979
50ea57d8-f3c5-4ee4-a186-f2236b31d6f9	17	28454323	28455301	2	-2.5343
50ea57d8-f3c5-4ee4-a186-f2236b31d6f9	17	28462253	33667955	2770	0.1849
50ea57d8-f3c5-4ee4-a186-f2236b31d6f9	17	33669000	34897280	1104	0.2365
50ea57d8-f3c5-4ee4-a186-f2236b31d6f9	17	34900227	41041508	3131	0.188
50ea57d8-f3c5-4ee4-a186-f2236b31d6f9	17	41047461	41053891	3	-1.0259
50ea57d8-f3c5-4ee4-a186-f2236b31d6f9	17	41055656	41266774	130	0.1882
50ea57d8-f3c5-4ee4-a186-f2236b31d6f9	17	41266805	41274198	21	-0.7644
50ea57d8-f3c5-4ee4-a186-f2236b31d6f9	17	41274279	45508731	2148	0.1846
50ea57d8-f3c5-4ee4-a186-f2236b31d6f9	17	45509043	45587327	12	-0.2594
50ea57d8-f3c5-4ee4-a186-f2236b31d6f9	17	45597863	46135062	370	0.197
50ea57d8-f3c5-4ee4-a186-f2236b31d6f9	17	46135838	46159702	22	0.7685
50ea57d8-f3c5-4ee4-a186-f2236b31d6f9	17	46161868	46284997	66	0.2741
50ea57d8-f3c5-4ee4-a186-f2236b31d6f9	17	46286804	46446360	5	1.262
50ea57d8-f3c5-4ee4-a186-f2236b31d6f9	17	46569894	83091923	21548	0.1916
50ea57d8-f3c5-4ee4-a186-f2236b31d6f9	18	48133	35734388	19451	-0.0465
50ea57d8-f3c5-4ee4-a186-f2236b31d6f9	18	35734460	35740253	5	-1.6674
50ea57d8-f3c5-4ee4-a186-f2236b31d6f9	18	35741563	40680516	3299	-0.0505
50ea57d8-f3c5-4ee4-a186-f2236b31d6f9	18	40680526	40689848	17	-0.7173
50ea57d8-f3c5-4ee4-a186-f2236b31d6f9	18	40690108	53997831	9120	-0.0456
50ea57d8-f3c5-4ee4-a186-f2236b31d6f9	18	53998472	53998782	3	-1.8331
50ea57d8-f3c5-4ee4-a186-f2236b31d6f9	18	54001998	65535759	7974	-0.0519
50ea57d8-f3c5-4ee4-a186-f2236b31d6f9	18	65535772	65537481	15	0.7177
50ea57d8-f3c5-4ee4-a186-f2236b31d6f9	18	65540037	66054343	357	-0.0278
50ea57d8-f3c5-4ee4-a186-f2236b31d6f9	18	66060256	66061104	12	-0.7043
50ea57d8-f3c5-4ee4-a186-f2236b31d6f9	18	66065502	68603202	1876	-0.0466
50ea57d8-f3c5-4ee4-a186-f2236b31d6f9	18	68603459	68606352	2	-1.6523
50ea57d8-f3c5-4ee4-a186-f2236b31d6f9	18	68606855	80257174	8533	-0.0401
50ea57d8-f3c5-4ee4-a186-f2236b31d6f9	19	90910	15952885	6797	-0.0587
50ea57d8-f3c5-4ee4-a186-f2236b31d6f9	19	15955745	15955864	2	-1.7968
50ea57d8-f3c5-4ee4-a186-f2236b31d6f9	19	15956000	19629920	1650	-0.0667
50ea57d8-f3c5-4ee4-a186-f2236b31d6f9	19	19630785	20411869	462	0.0113
50ea57d8-f3c5-4ee4-a186-f2236b31d6f9	19	20413400	20538428	70	-0.7714
50ea57d8-f3c5-4ee4-a186-f2236b31d6f9	19	20538656	21632117	614	-0.0426
50ea57d8-f3c5-4ee4-a186-f2236b31d6f9	19	21632838	21637067	2	-1.4415
50ea57d8-f3c5-4ee4-a186-f2236b31d6f9	19	21637309	22059252	244	-0.0311
50ea57d8-f3c5-4ee4-a186-f2236b31d6f9	19	22059602	22441252	218	0.0565
50ea57d8-f3c5-4ee4-a186-f2236b31d6f9	19	22449343	35358420	6625	-0.0546
50ea57d8-f3c5-4ee4-a186-f2236b31d6f9	19	35364451	35370946	21	-2.1795
50ea57d8-f3c5-4ee4-a186-f2236b31d6f9	19	35375842	39868113	2281	-0.0489
50ea57d8-f3c5-4ee4-a186-f2236b31d6f9	19	39868358	39874001	12	-0.6555
50ea57d8-f3c5-4ee4-a186-f2236b31d6f9	19	39887493	42819162	1400	-0.0507
50ea57d8-f3c5-4ee4-a186-f2236b31d6f9	19	42820329	43301176	213	0.1174
50ea57d8-f3c5-4ee4-a186-f2236b31d6f9	19	43304322	58586487	8464	-0.0433
50ea57d8-f3c5-4ee4-a186-f2236b31d6f9	20	80664	1580156	1201	-0.016
50ea57d8-f3c5-4ee4-a186-f2236b31d6f9	20	1580276	1601561	39	-0.587
50ea57d8-f3c5-4ee4-a186-f2236b31d6f9	20	1609611	1613247	5	-1.583
50ea57d8-f3c5-4ee4-a186-f2236b31d6f9	20	1617300	7066403	4036	-0.0461
50ea57d8-f3c5-4ee4-a186-f2236b31d6f9	20	7066638	7068131	3	-1.1411
50ea57d8-f3c5-4ee4-a186-f2236b31d6f9	20	7069458	26215627	14669	-0.0529
50ea57d8-f3c5-4ee4-a186-f2236b31d6f9	20	26217263	30335101	70	0.1741
50ea57d8-f3c5-4ee4-a186-f2236b31d6f9	20	30339157	50165997	11952	-0.0575
50ea57d8-f3c5-4ee4-a186-f2236b31d6f9	20	50175182	50176256	2	-1.348
50ea57d8-f3c5-4ee4-a186-f2236b31d6f9	20	50178380	55642724	4215	-0.0616
50ea57d8-f3c5-4ee4-a186-f2236b31d6f9	20	55645185	55645423	2	-1.5988
50ea57d8-f3c5-4ee4-a186-f2236b31d6f9	20	55645606	64324800	6136	-0.0515
50ea57d8-f3c5-4ee4-a186-f2236b31d6f9	21	10354168	13974127	322	0.0532
50ea57d8-f3c5-4ee4-a186-f2236b31d6f9	21	13975300	46657316	23490	-0.0525
50ea57d8-f3c5-4ee4-a186-f2236b31d6f9	21	46657444	46677045	18	0.0977
50ea57d8-f3c5-4ee4-a186-f2236b31d6f9	22	15294547	24714909	4786	-0.0149
50ea57d8-f3c5-4ee4-a186-f2236b31d6f9	22	24716358	44998263	14191	-0.0614
50ea57d8-f3c5-4ee4-a186-f2236b31d6f9	22	44998859	45000559	4	-1.0536
50ea57d8-f3c5-4ee4-a186-f2236b31d6f9	22	45000704	48982081	3125	-0.0545
50ea57d8-f3c5-4ee4-a186-f2236b31d6f9	22	48982443	50796027	1147	-0.0264
50ea57d8-f3c5-4ee4-a186-f2236b31d6f9	X	251810	10178327	5694	0.0139
50ea57d8-f3c5-4ee4-a186-f2236b31d6f9	X	10178342	10178512	3	-3.8431
50ea57d8-f3c5-4ee4-a186-f2236b31d6f9	X	10179063	93488240	42091	0.0141
50ea57d8-f3c5-4ee4-a186-f2236b31d6f9	X	93491134	93492131	2	-3.7876
50ea57d8-f3c5-4ee4-a186-f2236b31d6f9	X	93492209	135619994	23156	0.0137
50ea57d8-f3c5-4ee4-a186-f2236b31d6f9	X	135623557	135668591	31	1.2393
50ea57d8-f3c5-4ee4-a186-f2236b31d6f9	X	135673726	155952689	12220	0.0135
50ea57d8-f3c5-4ee4-a186-f2236b31d6f9	Y	2782397	3564331	234	-1.5594
50ea57d8-f3c5-4ee4-a186-f2236b31d6f9	Y	3567807	6270476	557	-1.4606
50ea57d8-f3c5-4ee4-a186-f2236b31d6f9	Y	6274726	20067277	4942	-1.548
50ea57d8-f3c5-4ee4-a186-f2236b31d6f9	Y	20068755	20353820	9	-0.8308
50ea57d8-f3c5-4ee4-a186-f2236b31d6f9	Y	20354638	21924037	584	-1.542
50ea57d8-f3c5-4ee4-a186-f2236b31d6f9	Y	21961640	22197200	6	-0.5607
50ea57d8-f3c5-4ee4-a186-f2236b31d6f9	Y	22213784	56872112	293	-1.4719
