GDC_Aliquot	Chromosome	Start	End	Num_Probes	Segment_Mean
fbdb0b31-30b2-4e3e-aeb7-5f2c1c53e816	1	62920	16569132	8645	-0.0228
fbdb0b31-30b2-4e3e-aeb7-5f2c1c53e816	1	16570326	16686246	33	-0.4556
fbdb0b31-30b2-4e3e-aeb7-5f2c1c53e816	1	16689764	16766762	8	-1.3068
fbdb0b31-30b2-4e3e-aeb7-5f2c1c53e816	1	16766922	16949746	69	-0.552
fbdb0b31-30b2-4e3e-aeb7-5f2c1c53e816	1	16951445	16968717	8	0.297
fbdb0b31-30b2-4e3e-aeb7-5f2c1c53e816	1	16971203	48268994	17940	-0.0229
fbdb0b31-30b2-4e3e-aeb7-5f2c1c53e816	1	48269011	50592383	1223	0.0369
fbdb0b31-30b2-4e3e-aeb7-5f2c1c53e816	1	50601278	55519475	2836	-0.0223
fbdb0b31-30b2-4e3e-aeb7-5f2c1c53e816	1	55519917	61647430	4709	0.0229
fbdb0b31-30b2-4e3e-aeb7-5f2c1c53e816	1	61648334	61649279	2	-1.965
fbdb0b31-30b2-4e3e-aeb7-5f2c1c53e816	1	61652515	72275051	7278	0.0147
fbdb0b31-30b2-4e3e-aeb7-5f2c1c53e816	1	72280850	72345465	63	0.5111
fbdb0b31-30b2-4e3e-aeb7-5f2c1c53e816	1	72346221	85990222	8919	0.025
fbdb0b31-30b2-4e3e-aeb7-5f2c1c53e816	1	85992485	86004299	18	-1.0399
fbdb0b31-30b2-4e3e-aeb7-5f2c1c53e816	1	86004818	105470132	11997	0.0214
fbdb0b31-30b2-4e3e-aeb7-5f2c1c53e816	1	105470754	105481433	19	0.8499
fbdb0b31-30b2-4e3e-aeb7-5f2c1c53e816	1	105481448	109690352	2635	0.0105
fbdb0b31-30b2-4e3e-aeb7-5f2c1c53e816	1	109690415	109697556	12	-0.7929
fbdb0b31-30b2-4e3e-aeb7-5f2c1c53e816	1	109702376	110837198	855	0.0009
fbdb0b31-30b2-4e3e-aeb7-5f2c1c53e816	1	110837398	110845562	18	0.5831
fbdb0b31-30b2-4e3e-aeb7-5f2c1c53e816	1	110845604	143751730	6373	0.0139
fbdb0b31-30b2-4e3e-aeb7-5f2c1c53e816	1	143751744	143754062	3	1.3907
fbdb0b31-30b2-4e3e-aeb7-5f2c1c53e816	1	143754077	152787202	2528	-0.008
fbdb0b31-30b2-4e3e-aeb7-5f2c1c53e816	1	152789447	152795783	32	0.517
fbdb0b31-30b2-4e3e-aeb7-5f2c1c53e816	1	152795805	153190901	297	0.009
fbdb0b31-30b2-4e3e-aeb7-5f2c1c53e816	1	153191828	157206213	2003	-0.0451
fbdb0b31-30b2-4e3e-aeb7-5f2c1c53e816	1	157208626	188957943	21921	0.0086
fbdb0b31-30b2-4e3e-aeb7-5f2c1c53e816	1	188959086	195418457	4352	0.042
fbdb0b31-30b2-4e3e-aeb7-5f2c1c53e816	1	195418852	196758720	869	0.0036
fbdb0b31-30b2-4e3e-aeb7-5f2c1c53e816	1	196761905	196821815	47	-0.5682
fbdb0b31-30b2-4e3e-aeb7-5f2c1c53e816	1	196829435	199930739	1912	0.0297
fbdb0b31-30b2-4e3e-aeb7-5f2c1c53e816	1	199932636	212826477	8837	-0.0012
fbdb0b31-30b2-4e3e-aeb7-5f2c1c53e816	1	212831113	212837094	8	-0.8545
fbdb0b31-30b2-4e3e-aeb7-5f2c1c53e816	1	212841111	214464465	1142	0.0164
fbdb0b31-30b2-4e3e-aeb7-5f2c1c53e816	1	214465093	214465114	2	-1.3278
fbdb0b31-30b2-4e3e-aeb7-5f2c1c53e816	1	214465910	222426666	5652	0.0178
fbdb0b31-30b2-4e3e-aeb7-5f2c1c53e816	1	222428506	222429009	2	1.5365
fbdb0b31-30b2-4e3e-aeb7-5f2c1c53e816	1	222431797	231646460	5700	-0.0032
fbdb0b31-30b2-4e3e-aeb7-5f2c1c53e816	1	231646463	231656168	5	1.2337
fbdb0b31-30b2-4e3e-aeb7-5f2c1c53e816	1	231657075	237292793	4340	-0.0007
fbdb0b31-30b2-4e3e-aeb7-5f2c1c53e816	1	237293880	248520101	8029	0.0367
fbdb0b31-30b2-4e3e-aeb7-5f2c1c53e816	1	248524501	248631988	42	0.3639
fbdb0b31-30b2-4e3e-aeb7-5f2c1c53e816	1	248633821	248930189	143	0.0208
fbdb0b31-30b2-4e3e-aeb7-5f2c1c53e816	2	12784	3176122	2213	0.0255
fbdb0b31-30b2-4e3e-aeb7-5f2c1c53e816	2	3179183	3179490	2	2.3503
fbdb0b31-30b2-4e3e-aeb7-5f2c1c53e816	2	3180023	34466002	21861	0.0201
fbdb0b31-30b2-4e3e-aeb7-5f2c1c53e816	2	34474248	34515690	50	0.727
fbdb0b31-30b2-4e3e-aeb7-5f2c1c53e816	2	34515732	41684643	5346	0.0333
fbdb0b31-30b2-4e3e-aeb7-5f2c1c53e816	2	41686022	49295759	5372	0.0019
fbdb0b31-30b2-4e3e-aeb7-5f2c1c53e816	2	49305903	52527330	2277	0.0437
fbdb0b31-30b2-4e3e-aeb7-5f2c1c53e816	2	52527342	52554404	39	-2.3411
fbdb0b31-30b2-4e3e-aeb7-5f2c1c53e816	2	52560811	76612707	15515	0.012
fbdb0b31-30b2-4e3e-aeb7-5f2c1c53e816	2	76612938	84879294	5327	0.0432
fbdb0b31-30b2-4e3e-aeb7-5f2c1c53e816	2	84891306	89928014	1915	-0.0174
fbdb0b31-30b2-4e3e-aeb7-5f2c1c53e816	2	89933871	90228237	123	0.5883
fbdb0b31-30b2-4e3e-aeb7-5f2c1c53e816	2	90228255	146107615	30345	0.022
fbdb0b31-30b2-4e3e-aeb7-5f2c1c53e816	2	146107675	146109366	16	1.1417
fbdb0b31-30b2-4e3e-aeb7-5f2c1c53e816	2	146120238	183393566	22934	0.0247
fbdb0b31-30b2-4e3e-aeb7-5f2c1c53e816	2	183394044	183396704	2	-1.8244
fbdb0b31-30b2-4e3e-aeb7-5f2c1c53e816	2	183396845	206049127	13136	0.028
fbdb0b31-30b2-4e3e-aeb7-5f2c1c53e816	2	206055599	206123593	31	-0.3646
fbdb0b31-30b2-4e3e-aeb7-5f2c1c53e816	2	206123929	207490231	840	0.0164
fbdb0b31-30b2-4e3e-aeb7-5f2c1c53e816	2	207490454	207494612	16	-0.8543
fbdb0b31-30b2-4e3e-aeb7-5f2c1c53e816	2	207494752	212316597	3040	0.0259
fbdb0b31-30b2-4e3e-aeb7-5f2c1c53e816	2	212321824	212327101	25	-0.4931
fbdb0b31-30b2-4e3e-aeb7-5f2c1c53e816	2	212327402	242147305	19008	0.0086
fbdb0b31-30b2-4e3e-aeb7-5f2c1c53e816	3	20930	182919	154	0.0461
fbdb0b31-30b2-4e3e-aeb7-5f2c1c53e816	3	188339	190956	3	-2.1863
fbdb0b31-30b2-4e3e-aeb7-5f2c1c53e816	3	191117	9243007	7982	0.0447
fbdb0b31-30b2-4e3e-aeb7-5f2c1c53e816	3	9243695	11066468	1233	0.0051
fbdb0b31-30b2-4e3e-aeb7-5f2c1c53e816	3	11069122	11069885	2	-1.6489
fbdb0b31-30b2-4e3e-aeb7-5f2c1c53e816	3	11074235	17875835	4529	-0.0082
fbdb0b31-30b2-4e3e-aeb7-5f2c1c53e816	3	17877930	25354586	5113	0.029
fbdb0b31-30b2-4e3e-aeb7-5f2c1c53e816	3	25355269	25355474	2	-1.9225
fbdb0b31-30b2-4e3e-aeb7-5f2c1c53e816	3	25356684	26570158	969	0.0236
fbdb0b31-30b2-4e3e-aeb7-5f2c1c53e816	3	26570176	26570394	4	-2.1427
fbdb0b31-30b2-4e3e-aeb7-5f2c1c53e816	3	26570407	26573486	11	-0.464
fbdb0b31-30b2-4e3e-aeb7-5f2c1c53e816	3	26574458	28720567	1394	0.0111
fbdb0b31-30b2-4e3e-aeb7-5f2c1c53e816	3	28730820	28768295	35	-0.2607
fbdb0b31-30b2-4e3e-aeb7-5f2c1c53e816	3	28768950	28774591	6	-5.1896
fbdb0b31-30b2-4e3e-aeb7-5f2c1c53e816	3	28774617	68697013	26321	0.0103
fbdb0b31-30b2-4e3e-aeb7-5f2c1c53e816	3	68697108	68698262	14	0.8991
fbdb0b31-30b2-4e3e-aeb7-5f2c1c53e816	3	68699607	75519398	4925	0.0183
fbdb0b31-30b2-4e3e-aeb7-5f2c1c53e816	3	75523398	75537654	6	-1.438
fbdb0b31-30b2-4e3e-aeb7-5f2c1c53e816	3	75546030	103785576	13558	0.031
fbdb0b31-30b2-4e3e-aeb7-5f2c1c53e816	3	103787658	103791401	3	-1.5547
fbdb0b31-30b2-4e3e-aeb7-5f2c1c53e816	3	103794755	130067896	16145	0.0154
fbdb0b31-30b2-4e3e-aeb7-5f2c1c53e816	3	130067910	130079892	22	0.632
fbdb0b31-30b2-4e3e-aeb7-5f2c1c53e816	3	130079938	140823697	6729	0.0254
fbdb0b31-30b2-4e3e-aeb7-5f2c1c53e816	3	140826859	140828142	2	-2.3142
fbdb0b31-30b2-4e3e-aeb7-5f2c1c53e816	3	140841776	162795304	13537	0.0302
fbdb0b31-30b2-4e3e-aeb7-5f2c1c53e816	3	162795361	162908207	67	-1.1995
fbdb0b31-30b2-4e3e-aeb7-5f2c1c53e816	3	162908784	162996729	72	0.0507
fbdb0b31-30b2-4e3e-aeb7-5f2c1c53e816	3	162999939	163001774	2	-2.3972
fbdb0b31-30b2-4e3e-aeb7-5f2c1c53e816	3	163008371	169631156	3832	0.0355
fbdb0b31-30b2-4e3e-aeb7-5f2c1c53e816	3	169632074	169632816	2	1.951
fbdb0b31-30b2-4e3e-aeb7-5f2c1c53e816	3	169634670	193161217	15247	0.0235
fbdb0b31-30b2-4e3e-aeb7-5f2c1c53e816	3	193162684	193165114	13	0.9747
fbdb0b31-30b2-4e3e-aeb7-5f2c1c53e816	3	193168646	193232237	52	0.0641
fbdb0b31-30b2-4e3e-aeb7-5f2c1c53e816	3	193232633	193232968	2	1.1991
fbdb0b31-30b2-4e3e-aeb7-5f2c1c53e816	3	193236876	195558822	1426	0.0114
fbdb0b31-30b2-4e3e-aeb7-5f2c1c53e816	3	195559056	195720051	26	0.6843
fbdb0b31-30b2-4e3e-aeb7-5f2c1c53e816	3	195728637	195729085	7	-0.1246
fbdb0b31-30b2-4e3e-aeb7-5f2c1c53e816	3	195729177	195751823	13	0.8323
fbdb0b31-30b2-4e3e-aeb7-5f2c1c53e816	3	195751990	196687288	429	-0.0055
fbdb0b31-30b2-4e3e-aeb7-5f2c1c53e816	3	196690598	196690733	2	2.2414
fbdb0b31-30b2-4e3e-aeb7-5f2c1c53e816	3	196695199	198111566	715	0.0446
fbdb0b31-30b2-4e3e-aeb7-5f2c1c53e816	3	198118345	198122834	9	-1.5324
fbdb0b31-30b2-4e3e-aeb7-5f2c1c53e816	3	198124354	198169247	8	-0.0437
fbdb0b31-30b2-4e3e-aeb7-5f2c1c53e816	4	68929	6420624	3517	-0.01
fbdb0b31-30b2-4e3e-aeb7-5f2c1c53e816	4	6420730	6421471	5	-1.4309
fbdb0b31-30b2-4e3e-aeb7-5f2c1c53e816	4	6421825	9455251	1635	-0.0216
fbdb0b31-30b2-4e3e-aeb7-5f2c1c53e816	4	9459504	9477699	6	-1.4381
fbdb0b31-30b2-4e3e-aeb7-5f2c1c53e816	4	9484440	10208766	539	-0.0054
fbdb0b31-30b2-4e3e-aeb7-5f2c1c53e816	4	10212536	10229874	29	-2.2835
fbdb0b31-30b2-4e3e-aeb7-5f2c1c53e816	4	10232590	10244274	16	-0.6231
fbdb0b31-30b2-4e3e-aeb7-5f2c1c53e816	4	10244648	11921088	1514	0.0193
fbdb0b31-30b2-4e3e-aeb7-5f2c1c53e816	4	11921248	11924626	3	-0.9175
fbdb0b31-30b2-4e3e-aeb7-5f2c1c53e816	4	11925239	12377128	269	0.0274
fbdb0b31-30b2-4e3e-aeb7-5f2c1c53e816	4	12377262	12385300	35	0.3262
fbdb0b31-30b2-4e3e-aeb7-5f2c1c53e816	4	12389386	25830568	9570	0.0114
fbdb0b31-30b2-4e3e-aeb7-5f2c1c53e816	4	25830767	25836017	3	-2.9117
fbdb0b31-30b2-4e3e-aeb7-5f2c1c53e816	4	25845636	63828222	22152	0.022
fbdb0b31-30b2-4e3e-aeb7-5f2c1c53e816	4	63831751	63841887	22	-1.1479
fbdb0b31-30b2-4e3e-aeb7-5f2c1c53e816	4	63842036	63842540	6	-2.7982
fbdb0b31-30b2-4e3e-aeb7-5f2c1c53e816	4	63850713	154881396	54670	0.0274
fbdb0b31-30b2-4e3e-aeb7-5f2c1c53e816	4	154881853	154881905	2	-1.9701
fbdb0b31-30b2-4e3e-aeb7-5f2c1c53e816	4	154881926	160145938	3312	0.0365
fbdb0b31-30b2-4e3e-aeb7-5f2c1c53e816	4	160145978	160145993	2	1.9555
fbdb0b31-30b2-4e3e-aeb7-5f2c1c53e816	4	160146743	160952454	593	0.0401
fbdb0b31-30b2-4e3e-aeb7-5f2c1c53e816	4	160952506	160972738	47	0.3471
fbdb0b31-30b2-4e3e-aeb7-5f2c1c53e816	4	160973098	171453798	6647	0.0237
fbdb0b31-30b2-4e3e-aeb7-5f2c1c53e816	4	171453876	171456307	7	-0.9424
fbdb0b31-30b2-4e3e-aeb7-5f2c1c53e816	4	171456559	189273964	12125	0.0393
fbdb0b31-30b2-4e3e-aeb7-5f2c1c53e816	4	189274468	189278110	3	-3.3344
fbdb0b31-30b2-4e3e-aeb7-5f2c1c53e816	4	189278617	190106768	350	-0.0107
fbdb0b31-30b2-4e3e-aeb7-5f2c1c53e816	5	15532	698390	309	-0.0042
fbdb0b31-30b2-4e3e-aeb7-5f2c1c53e816	5	717264	824333	41	-0.3944
fbdb0b31-30b2-4e3e-aeb7-5f2c1c53e816	5	825192	12800777	9830	0.0259
fbdb0b31-30b2-4e3e-aeb7-5f2c1c53e816	5	12815668	12838421	14	-1.4157
fbdb0b31-30b2-4e3e-aeb7-5f2c1c53e816	5	12849089	21449167	5509	0.0344
fbdb0b31-30b2-4e3e-aeb7-5f2c1c53e816	5	21451091	21452329	5	-1.8443
fbdb0b31-30b2-4e3e-aeb7-5f2c1c53e816	5	21452387	180951888	96911	0.024
fbdb0b31-30b2-4e3e-aeb7-5f2c1c53e816	5	180953203	180972373	5	1.4226
fbdb0b31-30b2-4e3e-aeb7-5f2c1c53e816	5	180975764	181015400	15	0.6323
fbdb0b31-30b2-4e3e-aeb7-5f2c1c53e816	5	181015441	181363319	167	0.0198
fbdb0b31-30b2-4e3e-aeb7-5f2c1c53e816	6	149661	254283	101	0.0006
fbdb0b31-30b2-4e3e-aeb7-5f2c1c53e816	6	257353	294837	23	-0.6123
fbdb0b31-30b2-4e3e-aeb7-5f2c1c53e816	6	302306	381149	77	1.0979
fbdb0b31-30b2-4e3e-aeb7-5f2c1c53e816	6	382559	6025978	4641	0.0239
fbdb0b31-30b2-4e3e-aeb7-5f2c1c53e816	6	6033698	6034203	3	-3.5201
fbdb0b31-30b2-4e3e-aeb7-5f2c1c53e816	6	6036812	29869295	16793	0.0101
fbdb0b31-30b2-4e3e-aeb7-5f2c1c53e816	6	29869410	29882603	20	0.7782
fbdb0b31-30b2-4e3e-aeb7-5f2c1c53e816	6	29903859	32722250	1275	-0.0149
fbdb0b31-30b2-4e3e-aeb7-5f2c1c53e816	6	32723020	32723035	2	2.1588
fbdb0b31-30b2-4e3e-aeb7-5f2c1c53e816	6	32723053	38395471	3388	-0.0194
fbdb0b31-30b2-4e3e-aeb7-5f2c1c53e816	6	38395475	40391743	1519	0.0185
fbdb0b31-30b2-4e3e-aeb7-5f2c1c53e816	6	40396586	40401554	7	-0.6846
fbdb0b31-30b2-4e3e-aeb7-5f2c1c53e816	6	40402760	41863696	1070	0.0471
fbdb0b31-30b2-4e3e-aeb7-5f2c1c53e816	6	41869259	45488827	2007	-0.014
fbdb0b31-30b2-4e3e-aeb7-5f2c1c53e816	6	45489244	52391820	4425	0.0427
fbdb0b31-30b2-4e3e-aeb7-5f2c1c53e816	6	52392720	54066269	1231	0.0086
fbdb0b31-30b2-4e3e-aeb7-5f2c1c53e816	6	54066286	54067057	8	-1.0856
fbdb0b31-30b2-4e3e-aeb7-5f2c1c53e816	6	54070550	66298393	5331	0.0362
fbdb0b31-30b2-4e3e-aeb7-5f2c1c53e816	6	66299130	66338736	55	-0.5432
fbdb0b31-30b2-4e3e-aeb7-5f2c1c53e816	6	66339513	73882142	4997	0.0326
fbdb0b31-30b2-4e3e-aeb7-5f2c1c53e816	6	73882509	73891694	10	0.8245
fbdb0b31-30b2-4e3e-aeb7-5f2c1c53e816	6	73893839	76726815	1769	0.0276
fbdb0b31-30b2-4e3e-aeb7-5f2c1c53e816	6	76730151	76742924	18	-2.6509
fbdb0b31-30b2-4e3e-aeb7-5f2c1c53e816	6	76742956	78253172	978	0.0451
fbdb0b31-30b2-4e3e-aeb7-5f2c1c53e816	6	78259348	78336944	120	0.426
fbdb0b31-30b2-4e3e-aeb7-5f2c1c53e816	6	78341897	105977226	17187	0.0355
fbdb0b31-30b2-4e3e-aeb7-5f2c1c53e816	6	105982210	112581360	4062	-0.017
fbdb0b31-30b2-4e3e-aeb7-5f2c1c53e816	6	112581551	170741917	38396	0.0236
fbdb0b31-30b2-4e3e-aeb7-5f2c1c53e816	7	43355	7721414	4106	0.0023
fbdb0b31-30b2-4e3e-aeb7-5f2c1c53e816	7	7727378	20060930	10132	0.0511
fbdb0b31-30b2-4e3e-aeb7-5f2c1c53e816	7	20062598	118277423	57881	0.0205
fbdb0b31-30b2-4e3e-aeb7-5f2c1c53e816	7	118283833	118395945	57	-0.8378
fbdb0b31-30b2-4e3e-aeb7-5f2c1c53e816	7	118399158	126405690	4786	0.0254
fbdb0b31-30b2-4e3e-aeb7-5f2c1c53e816	7	126405970	126406822	8	-1.2321
fbdb0b31-30b2-4e3e-aeb7-5f2c1c53e816	7	126406823	128518689	1396	0.0163
fbdb0b31-30b2-4e3e-aeb7-5f2c1c53e816	7	128522840	128534838	4	-1.0958
fbdb0b31-30b2-4e3e-aeb7-5f2c1c53e816	7	128535534	142069880	8523	0.0079
fbdb0b31-30b2-4e3e-aeb7-5f2c1c53e816	7	142069891	142092307	32	-2.2252
fbdb0b31-30b2-4e3e-aeb7-5f2c1c53e816	7	142099190	151003934	5342	0.0307
fbdb0b31-30b2-4e3e-aeb7-5f2c1c53e816	7	151005503	151011001	3	-1.4643
fbdb0b31-30b2-4e3e-aeb7-5f2c1c53e816	7	151013304	154604397	2272	0.0255
fbdb0b31-30b2-4e3e-aeb7-5f2c1c53e816	7	154605369	154607903	2	-2.1262
fbdb0b31-30b2-4e3e-aeb7-5f2c1c53e816	7	154609120	159334314	3235	0.0176
fbdb0b31-30b2-4e3e-aeb7-5f2c1c53e816	8	81254	6933322	7556	0.0471
fbdb0b31-30b2-4e3e-aeb7-5f2c1c53e816	8	6934037	6940010	14	-0.9972
fbdb0b31-30b2-4e3e-aeb7-5f2c1c53e816	8	6940771	6968220	50	-0.0194
fbdb0b31-30b2-4e3e-aeb7-5f2c1c53e816	8	6968330	6969677	13	0.3266
fbdb0b31-30b2-4e3e-aeb7-5f2c1c53e816	8	6975846	6982183	3	-0.2723
fbdb0b31-30b2-4e3e-aeb7-5f2c1c53e816	8	6982775	7020666	5	1.2379
fbdb0b31-30b2-4e3e-aeb7-5f2c1c53e816	8	7021331	7414835	110	0.0321
fbdb0b31-30b2-4e3e-aeb7-5f2c1c53e816	8	7422376	7982198	30	0.4865
fbdb0b31-30b2-4e3e-aeb7-5f2c1c53e816	8	8007744	12323772	3242	0.0233
fbdb0b31-30b2-4e3e-aeb7-5f2c1c53e816	8	12358500	12382326	11	0.8549
fbdb0b31-30b2-4e3e-aeb7-5f2c1c53e816	8	12382653	25116961	10435	0.0238
fbdb0b31-30b2-4e3e-aeb7-5f2c1c53e816	8	25117007	25122472	19	0.9645
fbdb0b31-30b2-4e3e-aeb7-5f2c1c53e816	8	25126554	36215384	7309	0.0104
fbdb0b31-30b2-4e3e-aeb7-5f2c1c53e816	8	36219541	36219621	3	-1.2292
fbdb0b31-30b2-4e3e-aeb7-5f2c1c53e816	8	36220823	39373140	1700	0.0341
fbdb0b31-30b2-4e3e-aeb7-5f2c1c53e816	8	39378084	39529446	59	-1.8826
fbdb0b31-30b2-4e3e-aeb7-5f2c1c53e816	8	39530780	40324598	589	0.0558
fbdb0b31-30b2-4e3e-aeb7-5f2c1c53e816	8	40326278	40331992	34	-0.8554
fbdb0b31-30b2-4e3e-aeb7-5f2c1c53e816	8	40335391	111282809	41372	0.0269
fbdb0b31-30b2-4e3e-aeb7-5f2c1c53e816	8	111282852	111283031	4	-2.2581
fbdb0b31-30b2-4e3e-aeb7-5f2c1c53e816	8	111288052	145072769	22907	0.019
fbdb0b31-30b2-4e3e-aeb7-5f2c1c53e816	9	46587	875423	846	0.0857
fbdb0b31-30b2-4e3e-aeb7-5f2c1c53e816	9	875947	6655056	5488	0.1079
fbdb0b31-30b2-4e3e-aeb7-5f2c1c53e816	9	6657192	6661406	2	-1.8369
fbdb0b31-30b2-4e3e-aeb7-5f2c1c53e816	9	6661613	11501459	4535	0.1163
fbdb0b31-30b2-4e3e-aeb7-5f2c1c53e816	9	11501589	12634038	882	0.1969
fbdb0b31-30b2-4e3e-aeb7-5f2c1c53e816	9	12634682	32275327	15256	0.1092
fbdb0b31-30b2-4e3e-aeb7-5f2c1c53e816	9	32276754	138200944	52462	0.0838
fbdb0b31-30b2-4e3e-aeb7-5f2c1c53e816	10	45792	16424371	13758	0.0086
fbdb0b31-30b2-4e3e-aeb7-5f2c1c53e816	10	16425243	16428934	3	-1.3297
fbdb0b31-30b2-4e3e-aeb7-5f2c1c53e816	10	16434272	17885034	1080	0.0075
fbdb0b31-30b2-4e3e-aeb7-5f2c1c53e816	10	17896194	17910884	3	-2.0552
fbdb0b31-30b2-4e3e-aeb7-5f2c1c53e816	10	17929793	20551945	2139	0.0234
fbdb0b31-30b2-4e3e-aeb7-5f2c1c53e816	10	20561183	20564574	5	-1.2507
fbdb0b31-30b2-4e3e-aeb7-5f2c1c53e816	10	20564605	24086334	2196	0.0044
fbdb0b31-30b2-4e3e-aeb7-5f2c1c53e816	10	24088745	24089125	11	0.926
fbdb0b31-30b2-4e3e-aeb7-5f2c1c53e816	10	24089979	53031566	16390	0.0044
fbdb0b31-30b2-4e3e-aeb7-5f2c1c53e816	10	53031877	57596590	3347	0.0554
fbdb0b31-30b2-4e3e-aeb7-5f2c1c53e816	10	57596855	59598098	1426	0.0001
fbdb0b31-30b2-4e3e-aeb7-5f2c1c53e816	10	59598509	59605424	8	-0.7519
fbdb0b31-30b2-4e3e-aeb7-5f2c1c53e816	10	59605506	65546400	4022	0.0156
fbdb0b31-30b2-4e3e-aeb7-5f2c1c53e816	10	65546518	65554672	28	0.4172
fbdb0b31-30b2-4e3e-aeb7-5f2c1c53e816	10	65554688	133654968	46197	0.0084
fbdb0b31-30b2-4e3e-aeb7-5f2c1c53e816	11	198510	4705210	2141	-0.0152
fbdb0b31-30b2-4e3e-aeb7-5f2c1c53e816	11	4705388	4705567	4	-1.0706
fbdb0b31-30b2-4e3e-aeb7-5f2c1c53e816	11	4705661	4946420	268	0.0751
fbdb0b31-30b2-4e3e-aeb7-5f2c1c53e816	11	4947280	4955042	30	-1.4786
fbdb0b31-30b2-4e3e-aeb7-5f2c1c53e816	11	4955781	5773015	792	0.0239
fbdb0b31-30b2-4e3e-aeb7-5f2c1c53e816	11	5773462	5787909	21	-0.8473
fbdb0b31-30b2-4e3e-aeb7-5f2c1c53e816	11	5788108	55293056	31012	0.0194
fbdb0b31-30b2-4e3e-aeb7-5f2c1c53e816	11	55297584	55389143	38	-0.7625
fbdb0b31-30b2-4e3e-aeb7-5f2c1c53e816	11	55389553	56115903	530	0.115
fbdb0b31-30b2-4e3e-aeb7-5f2c1c53e816	11	56118743	60599040	2688	0.011
fbdb0b31-30b2-4e3e-aeb7-5f2c1c53e816	11	60599167	78766598	9013	-0.0267
fbdb0b31-30b2-4e3e-aeb7-5f2c1c53e816	11	78768631	80256469	1223	0.0188
fbdb0b31-30b2-4e3e-aeb7-5f2c1c53e816	11	80256504	80256520	2	-3.1981
fbdb0b31-30b2-4e3e-aeb7-5f2c1c53e816	11	80256642	96471137	11256	0.0247
fbdb0b31-30b2-4e3e-aeb7-5f2c1c53e816	11	96471617	96528016	34	-0.9247
fbdb0b31-30b2-4e3e-aeb7-5f2c1c53e816	11	96532777	96550823	7	-0.3249
fbdb0b31-30b2-4e3e-aeb7-5f2c1c53e816	11	96553652	96731022	104	0.045
fbdb0b31-30b2-4e3e-aeb7-5f2c1c53e816	11	96736300	97509440	596	0.482
fbdb0b31-30b2-4e3e-aeb7-5f2c1c53e816	11	97509648	135074876	27008	0.013
fbdb0b31-30b2-4e3e-aeb7-5f2c1c53e816	12	51460	760183	420	0.0009
fbdb0b31-30b2-4e3e-aeb7-5f2c1c53e816	12	761804	764338	10	-0.7265
fbdb0b31-30b2-4e3e-aeb7-5f2c1c53e816	12	764778	3303430	1707	0.0023
fbdb0b31-30b2-4e3e-aeb7-5f2c1c53e816	12	3312286	3312660	2	1.7774
fbdb0b31-30b2-4e3e-aeb7-5f2c1c53e816	12	3316411	6906543	2776	0.009
fbdb0b31-30b2-4e3e-aeb7-5f2c1c53e816	12	6911804	6920703	6	-0.8829
fbdb0b31-30b2-4e3e-aeb7-5f2c1c53e816	12	6920902	9532514	1260	-0.0171
fbdb0b31-30b2-4e3e-aeb7-5f2c1c53e816	12	9533184	9538379	3	1.3709
fbdb0b31-30b2-4e3e-aeb7-5f2c1c53e816	12	9541782	11068125	1047	0.0354
fbdb0b31-30b2-4e3e-aeb7-5f2c1c53e816	12	11070111	11088933	9	-1.4686
fbdb0b31-30b2-4e3e-aeb7-5f2c1c53e816	12	11099275	11351008	129	0.0639
fbdb0b31-30b2-4e3e-aeb7-5f2c1c53e816	12	11351041	11390472	33	-0.7298
fbdb0b31-30b2-4e3e-aeb7-5f2c1c53e816	12	11399258	33148492	15366	0.0236
fbdb0b31-30b2-4e3e-aeb7-5f2c1c53e816	12	33148586	33155426	26	-0.5784
fbdb0b31-30b2-4e3e-aeb7-5f2c1c53e816	12	33155453	34629000	779	0.048
fbdb0b31-30b2-4e3e-aeb7-5f2c1c53e816	12	34629712	38999921	641	0.1124
fbdb0b31-30b2-4e3e-aeb7-5f2c1c53e816	12	39002388	119792138	51696	0.0151
fbdb0b31-30b2-4e3e-aeb7-5f2c1c53e816	12	119792160	123642566	1712	-0.0415
fbdb0b31-30b2-4e3e-aeb7-5f2c1c53e816	12	123642665	128223477	3608	0.0198
fbdb0b31-30b2-4e3e-aeb7-5f2c1c53e816	12	128225754	128596997	373	0.5002
fbdb0b31-30b2-4e3e-aeb7-5f2c1c53e816	12	128599111	133201603	3185	0.0232
fbdb0b31-30b2-4e3e-aeb7-5f2c1c53e816	13	18452809	64777999	30526	0.0158
fbdb0b31-30b2-4e3e-aeb7-5f2c1c53e816	13	64778119	64779363	2	-2.247
fbdb0b31-30b2-4e3e-aeb7-5f2c1c53e816	13	64782151	66496910	1046	0.0336
fbdb0b31-30b2-4e3e-aeb7-5f2c1c53e816	13	66498944	66499524	2	-2.0027
fbdb0b31-30b2-4e3e-aeb7-5f2c1c53e816	13	66502624	68668123	1356	0.0432
fbdb0b31-30b2-4e3e-aeb7-5f2c1c53e816	13	68674167	68676647	8	-0.7013
fbdb0b31-30b2-4e3e-aeb7-5f2c1c53e816	13	68676727	68685082	10	-0.1228
fbdb0b31-30b2-4e3e-aeb7-5f2c1c53e816	13	68685140	68694110	20	-0.7939
fbdb0b31-30b2-4e3e-aeb7-5f2c1c53e816	13	68694987	83213680	9750	0.021
fbdb0b31-30b2-4e3e-aeb7-5f2c1c53e816	13	83213828	83218079	13	-0.5894
fbdb0b31-30b2-4e3e-aeb7-5f2c1c53e816	13	83218673	84998285	1138	0.0404
fbdb0b31-30b2-4e3e-aeb7-5f2c1c53e816	13	84998351	101759724	10822	0.0085
fbdb0b31-30b2-4e3e-aeb7-5f2c1c53e816	13	101760474	107516642	4747	0.0386
fbdb0b31-30b2-4e3e-aeb7-5f2c1c53e816	13	107516712	107516724	2	-1.5444
fbdb0b31-30b2-4e3e-aeb7-5f2c1c53e816	13	107518023	114342922	4661	0.0116
fbdb0b31-30b2-4e3e-aeb7-5f2c1c53e816	14	18239283	19952080	163	-0.3409
fbdb0b31-30b2-4e3e-aeb7-5f2c1c53e816	14	19954424	21856896	1260	-0.0071
fbdb0b31-30b2-4e3e-aeb7-5f2c1c53e816	14	21856963	22502281	593	0.1662
fbdb0b31-30b2-4e3e-aeb7-5f2c1c53e816	14	22502607	25543495	1921	0.0036
fbdb0b31-30b2-4e3e-aeb7-5f2c1c53e816	14	25546011	49273254	14582	0.028
fbdb0b31-30b2-4e3e-aeb7-5f2c1c53e816	14	49287470	106877229	36864	0.0037
fbdb0b31-30b2-4e3e-aeb7-5f2c1c53e816	15	19811075	20011702	46	-0.0883
fbdb0b31-30b2-4e3e-aeb7-5f2c1c53e816	15	20026653	22385639	161	0.5464
fbdb0b31-30b2-4e3e-aeb7-5f2c1c53e816	15	22395047	24441943	1004	0.0139
fbdb0b31-30b2-4e3e-aeb7-5f2c1c53e816	15	24442654	24469711	18	-0.774
fbdb0b31-30b2-4e3e-aeb7-5f2c1c53e816	15	24472373	68448540	28056	0.0067
fbdb0b31-30b2-4e3e-aeb7-5f2c1c53e816	15	68462743	68465176	7	-1.1509
fbdb0b31-30b2-4e3e-aeb7-5f2c1c53e816	15	68466133	83871986	9038	-0.0112
fbdb0b31-30b2-4e3e-aeb7-5f2c1c53e816	15	83874133	83878795	7	-1.0988
fbdb0b31-30b2-4e3e-aeb7-5f2c1c53e816	15	83879115	91943196	5427	0.003
fbdb0b31-30b2-4e3e-aeb7-5f2c1c53e816	15	91943920	91945362	3	-1.8976
fbdb0b31-30b2-4e3e-aeb7-5f2c1c53e816	15	91945538	101928837	7755	0.0137
fbdb0b31-30b2-4e3e-aeb7-5f2c1c53e816	16	10777	7157571	4591	0.7617
fbdb0b31-30b2-4e3e-aeb7-5f2c1c53e816	16	7157909	7240322	124	0.4913
fbdb0b31-30b2-4e3e-aeb7-5f2c1c53e816	16	7240512	9789680	2555	0.7878
fbdb0b31-30b2-4e3e-aeb7-5f2c1c53e816	16	9789833	11293307	1244	0.9284
fbdb0b31-30b2-4e3e-aeb7-5f2c1c53e816	16	11293688	11295279	3	-0.7442
fbdb0b31-30b2-4e3e-aeb7-5f2c1c53e816	16	11295771	14394216	2455	0.9212
fbdb0b31-30b2-4e3e-aeb7-5f2c1c53e816	16	14394445	14887120	145	0.7048
fbdb0b31-30b2-4e3e-aeb7-5f2c1c53e816	16	14895982	14986511	39	0.0033
fbdb0b31-30b2-4e3e-aeb7-5f2c1c53e816	16	14986523	16196638	590	0.7905
fbdb0b31-30b2-4e3e-aeb7-5f2c1c53e816	16	16199461	16563603	28	0.283
fbdb0b31-30b2-4e3e-aeb7-5f2c1c53e816	16	16569719	16693237	18	0.7808
fbdb0b31-30b2-4e3e-aeb7-5f2c1c53e816	16	16737225	16743769	2	-0.9261
fbdb0b31-30b2-4e3e-aeb7-5f2c1c53e816	16	16761504	18104860	971	0.8289
fbdb0b31-30b2-4e3e-aeb7-5f2c1c53e816	16	18134261	18144432	2	-1.2667
fbdb0b31-30b2-4e3e-aeb7-5f2c1c53e816	16	18148869	19933041	703	0.7814
fbdb0b31-30b2-4e3e-aeb7-5f2c1c53e816	16	19934328	19956040	29	-0.9194
fbdb0b31-30b2-4e3e-aeb7-5f2c1c53e816	16	19958932	20465821	384	0.7833
fbdb0b31-30b2-4e3e-aeb7-5f2c1c53e816	16	20467276	20467290	2	-0.9509
fbdb0b31-30b2-4e3e-aeb7-5f2c1c53e816	16	20467360	34209701	6185	0.7757
fbdb0b31-30b2-4e3e-aeb7-5f2c1c53e816	16	35080991	35797673	345	0.4622
fbdb0b31-30b2-4e3e-aeb7-5f2c1c53e816	16	35810015	52117668	3570	0.7661
fbdb0b31-30b2-4e3e-aeb7-5f2c1c53e816	16	52129919	66453022	10086	-0.0006
fbdb0b31-30b2-4e3e-aeb7-5f2c1c53e816	16	66453303	70087520	1626	-0.0682
fbdb0b31-30b2-4e3e-aeb7-5f2c1c53e816	16	70087581	88386848	15426	-0.0086
fbdb0b31-30b2-4e3e-aeb7-5f2c1c53e816	16	88394491	88394774	8	-0.8198
fbdb0b31-30b2-4e3e-aeb7-5f2c1c53e816	16	88398893	90096867	716	-0.0168
fbdb0b31-30b2-4e3e-aeb7-5f2c1c53e816	17	150733	18414080	11349	-0.7638
fbdb0b31-30b2-4e3e-aeb7-5f2c1c53e816	17	18452078	18550123	25	-1.6471
fbdb0b31-30b2-4e3e-aeb7-5f2c1c53e816	17	18561272	26943491	1478	-0.7126
fbdb0b31-30b2-4e3e-aeb7-5f2c1c53e816	17	26943774	27014516	23	0.4694
fbdb0b31-30b2-4e3e-aeb7-5f2c1c53e816	17	27015487	27833770	464	0.65
fbdb0b31-30b2-4e3e-aeb7-5f2c1c53e816	17	27837323	31355444	1513	0.4402
fbdb0b31-30b2-4e3e-aeb7-5f2c1c53e816	17	31358559	31429966	28	-0.0321
fbdb0b31-30b2-4e3e-aeb7-5f2c1c53e816	17	31435374	34305441	2087	0.4733
fbdb0b31-30b2-4e3e-aeb7-5f2c1c53e816	17	34307864	34363938	56	0.1096
fbdb0b31-30b2-4e3e-aeb7-5f2c1c53e816	17	34365168	43622068	5024	0.4408
fbdb0b31-30b2-4e3e-aeb7-5f2c1c53e816	17	43622496	43675569	37	-0.0556
fbdb0b31-30b2-4e3e-aeb7-5f2c1c53e816	17	43677088	46071323	1193	0.4601
fbdb0b31-30b2-4e3e-aeb7-5f2c1c53e816	17	46071377	46571001	142	0.9794
fbdb0b31-30b2-4e3e-aeb7-5f2c1c53e816	17	46664059	51286186	2357	0.4485
fbdb0b31-30b2-4e3e-aeb7-5f2c1c53e816	17	51286376	56462923	3758	0.5129
fbdb0b31-30b2-4e3e-aeb7-5f2c1c53e816	17	56463990	69620541	7402	0.4759
fbdb0b31-30b2-4e3e-aeb7-5f2c1c53e816	17	69620859	74381379	3656	0.5123
fbdb0b31-30b2-4e3e-aeb7-5f2c1c53e816	17	74383030	83091923	4389	0.4633
fbdb0b31-30b2-4e3e-aeb7-5f2c1c53e816	18	48133	5012396	3533	-0.7247
fbdb0b31-30b2-4e3e-aeb7-5f2c1c53e816	18	5012434	5012918	2	-3.3368
fbdb0b31-30b2-4e3e-aeb7-5f2c1c53e816	18	5013859	8554456	2664	-0.7445
fbdb0b31-30b2-4e3e-aeb7-5f2c1c53e816	18	8555031	8555449	2	-3.5351
fbdb0b31-30b2-4e3e-aeb7-5f2c1c53e816	18	8556128	40680456	16494	-0.7143
fbdb0b31-30b2-4e3e-aeb7-5f2c1c53e816	18	40680470	40688060	19	-0.0208
fbdb0b31-30b2-4e3e-aeb7-5f2c1c53e816	18	40689534	42471713	1208	-0.7052
fbdb0b31-30b2-4e3e-aeb7-5f2c1c53e816	18	42476604	42478430	26	-1.6168
fbdb0b31-30b2-4e3e-aeb7-5f2c1c53e816	18	42480972	44191884	1010	-0.7189
fbdb0b31-30b2-4e3e-aeb7-5f2c1c53e816	18	44192599	44196031	6	-4.2582
fbdb0b31-30b2-4e3e-aeb7-5f2c1c53e816	18	44196464	58230971	9584	-0.7314
fbdb0b31-30b2-4e3e-aeb7-5f2c1c53e816	18	58234741	58235094	3	-2.7664
fbdb0b31-30b2-4e3e-aeb7-5f2c1c53e816	18	58236489	59004834	506	-0.7183
fbdb0b31-30b2-4e3e-aeb7-5f2c1c53e816	18	59011777	59013351	5	-1.886
fbdb0b31-30b2-4e3e-aeb7-5f2c1c53e816	18	59013803	63276754	3124	-0.7114
fbdb0b31-30b2-4e3e-aeb7-5f2c1c53e816	18	63281872	63282110	5	-1.8701
fbdb0b31-30b2-4e3e-aeb7-5f2c1c53e816	18	63282126	63627702	273	-0.7367
fbdb0b31-30b2-4e3e-aeb7-5f2c1c53e816	18	63629931	73676898	7315	-0.6752
fbdb0b31-30b2-4e3e-aeb7-5f2c1c53e816	18	73676991	80257174	4761	-0.7503
fbdb0b31-30b2-4e3e-aeb7-5f2c1c53e816	19	90910	5506648	1590	-0.0573
fbdb0b31-30b2-4e3e-aeb7-5f2c1c53e816	19	5510228	5510642	3	-2.29
fbdb0b31-30b2-4e3e-aeb7-5f2c1c53e816	19	5510689	20541093	7399	-0.0281
fbdb0b31-30b2-4e3e-aeb7-5f2c1c53e816	19	20542173	20654105	66	0.2714
fbdb0b31-30b2-4e3e-aeb7-5f2c1c53e816	19	20654925	24274155	2068	0.0044
fbdb0b31-30b2-4e3e-aeb7-5f2c1c53e816	19	24278016	24282155	10	-2.3616
fbdb0b31-30b2-4e3e-aeb7-5f2c1c53e816	19	24304880	40846832	8354	-0.0072
fbdb0b31-30b2-4e3e-aeb7-5f2c1c53e816	19	40854267	40870114	20	-0.8552
fbdb0b31-30b2-4e3e-aeb7-5f2c1c53e816	19	40886250	46292627	2703	-0.0261
fbdb0b31-30b2-4e3e-aeb7-5f2c1c53e816	19	46294573	46303373	2	-1.6521
fbdb0b31-30b2-4e3e-aeb7-5f2c1c53e816	19	46305354	53009562	3480	-0.0348
fbdb0b31-30b2-4e3e-aeb7-5f2c1c53e816	19	53010259	53043602	24	0.4294
fbdb0b31-30b2-4e3e-aeb7-5f2c1c53e816	19	53044108	54812586	1077	-0.0111
fbdb0b31-30b2-4e3e-aeb7-5f2c1c53e816	19	54815158	54837236	13	-0.764
fbdb0b31-30b2-4e3e-aeb7-5f2c1c53e816	19	54852069	58586487	2283	-0.0161
fbdb0b31-30b2-4e3e-aeb7-5f2c1c53e816	20	80664	12920627	9963	0.0149
fbdb0b31-30b2-4e3e-aeb7-5f2c1c53e816	20	12920704	12921438	2	1.6071
fbdb0b31-30b2-4e3e-aeb7-5f2c1c53e816	20	12921778	22359408	7351	0.0202
fbdb0b31-30b2-4e3e-aeb7-5f2c1c53e816	20	22363428	22363531	2	2.2124
fbdb0b31-30b2-4e3e-aeb7-5f2c1c53e816	20	22363585	26324855	2690	0.0259
fbdb0b31-30b2-4e3e-aeb7-5f2c1c53e816	20	26324943	39136736	4186	-0.0249
fbdb0b31-30b2-4e3e-aeb7-5f2c1c53e816	20	39138202	44130925	3770	0.0188
fbdb0b31-30b2-4e3e-aeb7-5f2c1c53e816	20	44131434	52365460	5639	-0.0192
fbdb0b31-30b2-4e3e-aeb7-5f2c1c53e816	20	52365810	55459957	2475	0.0236
fbdb0b31-30b2-4e3e-aeb7-5f2c1c53e816	20	55462676	55463925	3	-1.4784
fbdb0b31-30b2-4e3e-aeb7-5f2c1c53e816	20	55464951	64324800	6286	0.0069
fbdb0b31-30b2-4e3e-aeb7-5f2c1c53e816	21	10354168	10578371	57	0.0348
fbdb0b31-30b2-4e3e-aeb7-5f2c1c53e816	21	10579237	10630386	21	-0.4855
fbdb0b31-30b2-4e3e-aeb7-5f2c1c53e816	21	10638732	13293365	60	0.0434
fbdb0b31-30b2-4e3e-aeb7-5f2c1c53e816	21	13293514	13293639	4	1.5036
fbdb0b31-30b2-4e3e-aeb7-5f2c1c53e816	21	13293699	13582956	125	-0.0076
fbdb0b31-30b2-4e3e-aeb7-5f2c1c53e816	21	13583316	13677975	5	-0.9591
fbdb0b31-30b2-4e3e-aeb7-5f2c1c53e816	21	13803967	19828137	4167	0.0094
fbdb0b31-30b2-4e3e-aeb7-5f2c1c53e816	21	19828422	28286815	6466	0.0352
fbdb0b31-30b2-4e3e-aeb7-5f2c1c53e816	21	28286835	46677045	12950	-0.0016
fbdb0b31-30b2-4e3e-aeb7-5f2c1c53e816	22	15294547	22148653	3191	-0.0119
fbdb0b31-30b2-4e3e-aeb7-5f2c1c53e816	22	22148720	22149260	9	0.8866
fbdb0b31-30b2-4e3e-aeb7-5f2c1c53e816	22	22149460	24685371	1550	0.0025
fbdb0b31-30b2-4e3e-aeb7-5f2c1c53e816	22	24686148	24686567	3	-1.7838
fbdb0b31-30b2-4e3e-aeb7-5f2c1c53e816	22	24691707	50796027	18510	-0.0171
fbdb0b31-30b2-4e3e-aeb7-5f2c1c53e816	X	251810	38438304	23602	-0.013
fbdb0b31-30b2-4e3e-aeb7-5f2c1c53e816	X	38438347	38438583	2	-3.0454
fbdb0b31-30b2-4e3e-aeb7-5f2c1c53e816	X	38438756	51869183	6902	-0.0177
fbdb0b31-30b2-4e3e-aeb7-5f2c1c53e816	X	51870775	66027567	3979	0.042
fbdb0b31-30b2-4e3e-aeb7-5f2c1c53e816	X	66029762	66046281	11	-0.968
fbdb0b31-30b2-4e3e-aeb7-5f2c1c53e816	X	66046829	107574112	20785	0.0282
fbdb0b31-30b2-4e3e-aeb7-5f2c1c53e816	X	107576249	145611376	21894	-0.0033
fbdb0b31-30b2-4e3e-aeb7-5f2c1c53e816	X	145611405	145611785	2	-3.2468
fbdb0b31-30b2-4e3e-aeb7-5f2c1c53e816	X	145614085	155952689	6019	-0.0136
fbdb0b31-30b2-4e3e-aeb7-5f2c1c53e816	Y	2782397	56872112	6631	-2.3143
