GDC_Aliquot	Chromosome	Start	End	Num_Probes	Segment_Mean
9392fc54-0608-4c6a-b02b-98a2af5ddaa4	1	62920	259926	16	0.496
9392fc54-0608-4c6a-b02b-98a2af5ddaa4	1	266187	2819255	514	-0.0783
9392fc54-0608-4c6a-b02b-98a2af5ddaa4	1	2820141	16544783	8105	-0.0028
9392fc54-0608-4c6a-b02b-98a2af5ddaa4	1	16569132	16863509	56	-0.2334
9392fc54-0608-4c6a-b02b-98a2af5ddaa4	1	16864367	16898730	13	0.6216
9392fc54-0608-4c6a-b02b-98a2af5ddaa4	1	16898872	16909203	5	-0.2102
9392fc54-0608-4c6a-b02b-98a2af5ddaa4	1	16909357	16935752	36	0.4526
9392fc54-0608-4c6a-b02b-98a2af5ddaa4	1	16949746	23631293	4352	0.0034
9392fc54-0608-4c6a-b02b-98a2af5ddaa4	1	23632431	23633123	2	-1.1299
9392fc54-0608-4c6a-b02b-98a2af5ddaa4	1	23634378	25256800	898	0.0176
9392fc54-0608-4c6a-b02b-98a2af5ddaa4	1	25256850	25292440	17	-0.399
9392fc54-0608-4c6a-b02b-98a2af5ddaa4	1	25292549	34626037	4953	0.0002
9392fc54-0608-4c6a-b02b-98a2af5ddaa4	1	34626073	34638878	20	-0.5165
9392fc54-0608-4c6a-b02b-98a2af5ddaa4	1	34638890	63878023	17991	0.0041
9392fc54-0608-4c6a-b02b-98a2af5ddaa4	1	63878348	63880690	2	-1.1634
9392fc54-0608-4c6a-b02b-98a2af5ddaa4	1	63882477	64924539	905	0.0085
9392fc54-0608-4c6a-b02b-98a2af5ddaa4	1	64924592	64924607	2	-1.4238
9392fc54-0608-4c6a-b02b-98a2af5ddaa4	1	64924725	72284670	4826	0.0071
9392fc54-0608-4c6a-b02b-98a2af5ddaa4	1	72290430	72297687	9	-0.9339
9392fc54-0608-4c6a-b02b-98a2af5ddaa4	1	72302735	103621165	20020	0.0077
9392fc54-0608-4c6a-b02b-98a2af5ddaa4	1	103697067	103760781	5	1.2433
9392fc54-0608-4c6a-b02b-98a2af5ddaa4	1	103760879	105470754	912	-0.0057
9392fc54-0608-4c6a-b02b-98a2af5ddaa4	1	105476583	105479753	17	0.6421
9392fc54-0608-4c6a-b02b-98a2af5ddaa4	1	105481433	108013376	1784	-0.0016
9392fc54-0608-4c6a-b02b-98a2af5ddaa4	1	108014481	108016793	4	-0.8228
9392fc54-0608-4c6a-b02b-98a2af5ddaa4	1	108022969	109684893	840	0.0027
9392fc54-0608-4c6a-b02b-98a2af5ddaa4	1	109690352	109697556	13	-1.0537
9392fc54-0608-4c6a-b02b-98a2af5ddaa4	1	109702376	110831471	832	0.0029
9392fc54-0608-4c6a-b02b-98a2af5ddaa4	1	110832944	110858171	55	0.1906
9392fc54-0608-4c6a-b02b-98a2af5ddaa4	1	110858213	112153465	1062	0.0107
9392fc54-0608-4c6a-b02b-98a2af5ddaa4	1	112153571	112163334	24	-0.386
9392fc54-0608-4c6a-b02b-98a2af5ddaa4	1	112163438	121601998	5147	0.0036
9392fc54-0608-4c6a-b02b-98a2af5ddaa4	1	121705338	143927536	126	-0.7271
9392fc54-0608-4c6a-b02b-98a2af5ddaa4	1	143927887	152787202	2511	0.0172
9392fc54-0608-4c6a-b02b-98a2af5ddaa4	1	152789447	152796224	37	-0.4449
9392fc54-0608-4c6a-b02b-98a2af5ddaa4	1	152801429	157508748	2489	0.0021
9392fc54-0608-4c6a-b02b-98a2af5ddaa4	1	157512664	157513157	2	-1.1072
9392fc54-0608-4c6a-b02b-98a2af5ddaa4	1	157513483	174827267	12295	0.0016
9392fc54-0608-4c6a-b02b-98a2af5ddaa4	1	174827418	174832716	17	-0.995
9392fc54-0608-4c6a-b02b-98a2af5ddaa4	1	174832734	193186662	12217	0.0049
9392fc54-0608-4c6a-b02b-98a2af5ddaa4	1	193187149	193187218	4	-1.2652
9392fc54-0608-4c6a-b02b-98a2af5ddaa4	1	193190593	194479104	940	-0.0063
9392fc54-0608-4c6a-b02b-98a2af5ddaa4	1	194482281	194485888	2	-2.6087
9392fc54-0608-4c6a-b02b-98a2af5ddaa4	1	194487886	196745743	1448	0.0074
9392fc54-0608-4c6a-b02b-98a2af5ddaa4	1	196758720	196843377	59	0.2501
9392fc54-0608-4c6a-b02b-98a2af5ddaa4	1	196843400	196846661	2	-1.9212
9392fc54-0608-4c6a-b02b-98a2af5ddaa4	1	196847600	209897717	8770	0.0053
9392fc54-0608-4c6a-b02b-98a2af5ddaa4	1	209908268	209908720	2	-2.0301
9392fc54-0608-4c6a-b02b-98a2af5ddaa4	1	209910639	229673660	13009	0.0031
9392fc54-0608-4c6a-b02b-98a2af5ddaa4	1	229675422	229686006	11	0.4817
9392fc54-0608-4c6a-b02b-98a2af5ddaa4	1	229686151	245380056	11659	0.0061
9392fc54-0608-4c6a-b02b-98a2af5ddaa4	1	245381707	245381842	2	-1.5401
9392fc54-0608-4c6a-b02b-98a2af5ddaa4	1	245383096	248930189	2279	0.0171
9392fc54-0608-4c6a-b02b-98a2af5ddaa4	2	12784	27216883	19315	0.0038
9392fc54-0608-4c6a-b02b-98a2af5ddaa4	2	27218434	27218632	3	-0.9995
9392fc54-0608-4c6a-b02b-98a2af5ddaa4	2	27219036	34413854	4699	0.0047
9392fc54-0608-4c6a-b02b-98a2af5ddaa4	2	34414240	34512965	72	0.2315
9392fc54-0608-4c6a-b02b-98a2af5ddaa4	2	34515572	34800737	206	0.0158
9392fc54-0608-4c6a-b02b-98a2af5ddaa4	2	34802383	34803142	2	0.8929
9392fc54-0608-4c6a-b02b-98a2af5ddaa4	2	34809665	35605268	529	0.0461
9392fc54-0608-4c6a-b02b-98a2af5ddaa4	2	35605942	35750907	127	0.132
9392fc54-0608-4c6a-b02b-98a2af5ddaa4	2	35752724	35762881	7	0.7774
9392fc54-0608-4c6a-b02b-98a2af5ddaa4	2	35772407	35950636	146	0.0839
9392fc54-0608-4c6a-b02b-98a2af5ddaa4	2	35952890	50652381	10682	0.0125
9392fc54-0608-4c6a-b02b-98a2af5ddaa4	2	50652887	51136217	338	0.1039
9392fc54-0608-4c6a-b02b-98a2af5ddaa4	2	51136230	52514599	939	0.0233
9392fc54-0608-4c6a-b02b-98a2af5ddaa4	2	52516787	52554404	41	-2.5035
9392fc54-0608-4c6a-b02b-98a2af5ddaa4	2	52560811	72653132	13089	0.0069
9392fc54-0608-4c6a-b02b-98a2af5ddaa4	2	72654542	72755285	43	-0.9055
9392fc54-0608-4c6a-b02b-98a2af5ddaa4	2	72759063	97359885	10671	0.0112
9392fc54-0608-4c6a-b02b-98a2af5ddaa4	2	97524284	97545247	8	-1.1124
9392fc54-0608-4c6a-b02b-98a2af5ddaa4	2	97545726	105770408	5147	-0.0005
9392fc54-0608-4c6a-b02b-98a2af5ddaa4	2	105772455	105774881	6	-1.4695
9392fc54-0608-4c6a-b02b-98a2af5ddaa4	2	105775456	113604438	4202	0.0074
9392fc54-0608-4c6a-b02b-98a2af5ddaa4	2	113604837	113623244	3	1.0457
9392fc54-0608-4c6a-b02b-98a2af5ddaa4	2	113625975	130539652	10590	0.0165
9392fc54-0608-4c6a-b02b-98a2af5ddaa4	2	130560276	130560478	2	-1.344
9392fc54-0608-4c6a-b02b-98a2af5ddaa4	2	130720375	151578311	12713	0.0102
9392fc54-0608-4c6a-b02b-98a2af5ddaa4	2	151608986	151608999	2	-1.4359
9392fc54-0608-4c6a-b02b-98a2af5ddaa4	2	151609811	154033296	1593	0.0096
9392fc54-0608-4c6a-b02b-98a2af5ddaa4	2	154039462	154039969	2	-2.7778
9392fc54-0608-4c6a-b02b-98a2af5ddaa4	2	154043710	207490231	32021	0.0114
9392fc54-0608-4c6a-b02b-98a2af5ddaa4	2	207490454	207494612	16	-1.1279
9392fc54-0608-4c6a-b02b-98a2af5ddaa4	2	207494752	212310354	3029	0.0223
9392fc54-0608-4c6a-b02b-98a2af5ddaa4	2	212310562	212327454	35	0.2658
9392fc54-0608-4c6a-b02b-98a2af5ddaa4	2	212327493	228892290	10784	0.0092
9392fc54-0608-4c6a-b02b-98a2af5ddaa4	2	228894763	228895197	8	-1.1285
9392fc54-0608-4c6a-b02b-98a2af5ddaa4	2	228895367	242147305	8198	0.0001
9392fc54-0608-4c6a-b02b-98a2af5ddaa4	3	20930	2771028	2396	0.0948
9392fc54-0608-4c6a-b02b-98a2af5ddaa4	3	2771071	3870739	1071	0.0126
9392fc54-0608-4c6a-b02b-98a2af5ddaa4	3	3874053	4034711	131	0.1374
9392fc54-0608-4c6a-b02b-98a2af5ddaa4	3	4038026	5459032	1190	0.0066
9392fc54-0608-4c6a-b02b-98a2af5ddaa4	3	5459127	6183359	629	0.0868
9392fc54-0608-4c6a-b02b-98a2af5ddaa4	3	6183654	6442028	265	-0.0126
9392fc54-0608-4c6a-b02b-98a2af5ddaa4	3	6444905	6604856	121	0.0892
9392fc54-0608-4c6a-b02b-98a2af5ddaa4	3	6609441	6611645	23	-3.2864
9392fc54-0608-4c6a-b02b-98a2af5ddaa4	3	6613391	11066468	3526	0.0089
9392fc54-0608-4c6a-b02b-98a2af5ddaa4	3	11069122	11069885	2	-1.0824
9392fc54-0608-4c6a-b02b-98a2af5ddaa4	3	11074235	13075234	1401	0.0029
9392fc54-0608-4c6a-b02b-98a2af5ddaa4	3	13076370	13088596	9	-0.6153
9392fc54-0608-4c6a-b02b-98a2af5ddaa4	3	13088896	21746637	5487	0.0005
9392fc54-0608-4c6a-b02b-98a2af5ddaa4	3	21747254	22259392	505	0.1034
9392fc54-0608-4c6a-b02b-98a2af5ddaa4	3	22259540	25939090	2796	0.0084
9392fc54-0608-4c6a-b02b-98a2af5ddaa4	3	25945663	26384700	282	0.1184
9392fc54-0608-4c6a-b02b-98a2af5ddaa4	3	26392633	26393410	4	-1.0972
9392fc54-0608-4c6a-b02b-98a2af5ddaa4	3	26397852	26570158	120	-0.0126
9392fc54-0608-4c6a-b02b-98a2af5ddaa4	3	26570176	26570394	4	-1.935
9392fc54-0608-4c6a-b02b-98a2af5ddaa4	3	26570407	28768295	1435	0.002
9392fc54-0608-4c6a-b02b-98a2af5ddaa4	3	28768950	28775352	8	-0.8793
9392fc54-0608-4c6a-b02b-98a2af5ddaa4	3	28777632	59717095	18794	0.0038
9392fc54-0608-4c6a-b02b-98a2af5ddaa4	3	59719409	61040959	1478	0.0751
9392fc54-0608-4c6a-b02b-98a2af5ddaa4	3	61041404	75372019	10870	0.0036
9392fc54-0608-4c6a-b02b-98a2af5ddaa4	3	75377956	75523398	60	-0.7179
9392fc54-0608-4c6a-b02b-98a2af5ddaa4	3	75527410	75537654	5	-1.7673
9392fc54-0608-4c6a-b02b-98a2af5ddaa4	3	75546030	75590356	8	-0.8036
9392fc54-0608-4c6a-b02b-98a2af5ddaa4	3	75596233	99215760	10945	0.0046
9392fc54-0608-4c6a-b02b-98a2af5ddaa4	3	99217783	99230577	41	0.4013
9392fc54-0608-4c6a-b02b-98a2af5ddaa4	3	99232120	130044016	18669	0.0048
9392fc54-0608-4c6a-b02b-98a2af5ddaa4	3	130044855	130087393	38	0.3808
9392fc54-0608-4c6a-b02b-98a2af5ddaa4	3	130088081	132270486	1432	0.0141
9392fc54-0608-4c6a-b02b-98a2af5ddaa4	3	132270503	132276840	5	-0.7307
9392fc54-0608-4c6a-b02b-98a2af5ddaa4	3	132281633	143566923	6907	0.0096
9392fc54-0608-4c6a-b02b-98a2af5ddaa4	3	143566958	143567132	4	1.054
9392fc54-0608-4c6a-b02b-98a2af5ddaa4	3	143567959	146646671	1998	0.0081
9392fc54-0608-4c6a-b02b-98a2af5ddaa4	3	146649410	147985025	727	0.0977
9392fc54-0608-4c6a-b02b-98a2af5ddaa4	3	147985655	150610845	1652	0.0008
9392fc54-0608-4c6a-b02b-98a2af5ddaa4	3	150613774	150614224	3	-2.5162
9392fc54-0608-4c6a-b02b-98a2af5ddaa4	3	150616975	162790480	7491	0.0093
9392fc54-0608-4c6a-b02b-98a2af5ddaa4	3	162794869	162898127	64	0.5165
9392fc54-0608-4c6a-b02b-98a2af5ddaa4	3	162906054	165336489	1337	0.0233
9392fc54-0608-4c6a-b02b-98a2af5ddaa4	3	165336903	165341795	13	0.4523
9392fc54-0608-4c6a-b02b-98a2af5ddaa4	3	165342056	169631156	2559	0.0219
9392fc54-0608-4c6a-b02b-98a2af5ddaa4	3	169632074	169632816	2	-1.0743
9392fc54-0608-4c6a-b02b-98a2af5ddaa4	3	169634670	173444122	2375	0.0011
9392fc54-0608-4c6a-b02b-98a2af5ddaa4	3	173444214	173762917	233	0.151
9392fc54-0608-4c6a-b02b-98a2af5ddaa4	3	173765644	175373811	1146	0.0087
9392fc54-0608-4c6a-b02b-98a2af5ddaa4	3	175374208	176054456	407	0.1002
9392fc54-0608-4c6a-b02b-98a2af5ddaa4	3	176055600	193160113	11051	0.0106
9392fc54-0608-4c6a-b02b-98a2af5ddaa4	3	193160173	193162684	7	1.0007
9392fc54-0608-4c6a-b02b-98a2af5ddaa4	3	193162798	193165114	12	0.3515
9392fc54-0608-4c6a-b02b-98a2af5ddaa4	3	193168646	194913859	1157	0.0121
9392fc54-0608-4c6a-b02b-98a2af5ddaa4	3	194920587	194921116	5	-0.9467
9392fc54-0608-4c6a-b02b-98a2af5ddaa4	3	194921751	198169247	1527	-0.0079
9392fc54-0608-4c6a-b02b-98a2af5ddaa4	4	68929	9455251	5151	-0.0084
9392fc54-0608-4c6a-b02b-98a2af5ddaa4	4	9459504	9477699	6	-0.8182
9392fc54-0608-4c6a-b02b-98a2af5ddaa4	4	9484440	10208766	539	-0.0214
9392fc54-0608-4c6a-b02b-98a2af5ddaa4	4	10212536	10229874	29	1.5327
9392fc54-0608-4c6a-b02b-98a2af5ddaa4	4	10232590	10233644	7	0.6335
9392fc54-0608-4c6a-b02b-98a2af5ddaa4	4	10234518	10390730	171	-0.0178
9392fc54-0608-4c6a-b02b-98a2af5ddaa4	4	10391530	10399044	15	-2.7171
9392fc54-0608-4c6a-b02b-98a2af5ddaa4	4	10401094	14155995	2951	0.0128
9392fc54-0608-4c6a-b02b-98a2af5ddaa4	4	14156044	14156577	2	-1.0944
9392fc54-0608-4c6a-b02b-98a2af5ddaa4	4	14158747	34777353	13799	0.007
9392fc54-0608-4c6a-b02b-98a2af5ddaa4	4	34777382	34822561	41	0.3976
9392fc54-0608-4c6a-b02b-98a2af5ddaa4	4	34823103	49214614	8960	0.0089
9392fc54-0608-4c6a-b02b-98a2af5ddaa4	4	49289175	49289338	2	-2.1958
9392fc54-0608-4c6a-b02b-98a2af5ddaa4	4	49295203	63804789	7553	0.0088
9392fc54-0608-4c6a-b02b-98a2af5ddaa4	4	63805522	63861672	54	0.2123
9392fc54-0608-4c6a-b02b-98a2af5ddaa4	4	63865087	68378716	2833	0.0096
9392fc54-0608-4c6a-b02b-98a2af5ddaa4	4	68389352	68418873	7	-0.5784
9392fc54-0608-4c6a-b02b-98a2af5ddaa4	4	68422420	68422424	3	1.7093
9392fc54-0608-4c6a-b02b-98a2af5ddaa4	4	68429081	68509237	14	-0.0275
9392fc54-0608-4c6a-b02b-98a2af5ddaa4	4	68509442	68686026	71	0.5939
9392fc54-0608-4c6a-b02b-98a2af5ddaa4	4	68725894	69415349	385	0.1393
9392fc54-0608-4c6a-b02b-98a2af5ddaa4	4	69420190	86055291	10392	0.0083
9392fc54-0608-4c6a-b02b-98a2af5ddaa4	4	86055306	86058791	17	-0.8442
9392fc54-0608-4c6a-b02b-98a2af5ddaa4	4	86058936	111375831	14969	0.0091
9392fc54-0608-4c6a-b02b-98a2af5ddaa4	4	111376259	111466449	89	0.1623
9392fc54-0608-4c6a-b02b-98a2af5ddaa4	4	111469313	113083021	926	-0.0016
9392fc54-0608-4c6a-b02b-98a2af5ddaa4	4	113084053	113084230	3	-0.7294
9392fc54-0608-4c6a-b02b-98a2af5ddaa4	4	113084490	114252544	839	0.0047
9392fc54-0608-4c6a-b02b-98a2af5ddaa4	4	114254167	114254256	6	1.0209
9392fc54-0608-4c6a-b02b-98a2af5ddaa4	4	114254358	114258196	5	0.5035
9392fc54-0608-4c6a-b02b-98a2af5ddaa4	4	114258272	114261019	12	1.2035
9392fc54-0608-4c6a-b02b-98a2af5ddaa4	4	114263073	160958989	27911	0.0056
9392fc54-0608-4c6a-b02b-98a2af5ddaa4	4	160959045	160960185	11	0.6332
9392fc54-0608-4c6a-b02b-98a2af5ddaa4	4	160963111	180671161	12596	0.0123
9392fc54-0608-4c6a-b02b-98a2af5ddaa4	4	180672482	181111132	295	0.11
9392fc54-0608-4c6a-b02b-98a2af5ddaa4	4	181111271	184202613	2296	0.015
9392fc54-0608-4c6a-b02b-98a2af5ddaa4	4	184204082	184206041	3	-1.1006
9392fc54-0608-4c6a-b02b-98a2af5ddaa4	4	184206595	186168388	1385	0.0146
9392fc54-0608-4c6a-b02b-98a2af5ddaa4	4	186172834	186176244	2	-1.2086
9392fc54-0608-4c6a-b02b-98a2af5ddaa4	4	186185716	190106768	2564	0.0246
9392fc54-0608-4c6a-b02b-98a2af5ddaa4	5	15532	685633	306	-0.0487
9392fc54-0608-4c6a-b02b-98a2af5ddaa4	5	698256	773453	27	-1.0853
9392fc54-0608-4c6a-b02b-98a2af5ddaa4	5	779766	12791608	9836	0.0045
9392fc54-0608-4c6a-b02b-98a2af5ddaa4	5	12800777	12826538	12	-2.3313
9392fc54-0608-4c6a-b02b-98a2af5ddaa4	5	12833745	17342373	3058	0.0141
9392fc54-0608-4c6a-b02b-98a2af5ddaa4	5	17344127	17356130	7	-0.9467
9392fc54-0608-4c6a-b02b-98a2af5ddaa4	5	17358160	20429236	1828	0.0122
9392fc54-0608-4c6a-b02b-98a2af5ddaa4	5	20432230	20563922	138	0.1206
9392fc54-0608-4c6a-b02b-98a2af5ddaa4	5	20564172	24367150	2090	0.009
9392fc54-0608-4c6a-b02b-98a2af5ddaa4	5	24370240	24374608	3	0.9751
9392fc54-0608-4c6a-b02b-98a2af5ddaa4	5	24377970	27524345	1896	0.0114
9392fc54-0608-4c6a-b02b-98a2af5ddaa4	5	27525283	27525407	2	-1.7897
9392fc54-0608-4c6a-b02b-98a2af5ddaa4	5	27525800	28514666	565	-0.0203
9392fc54-0608-4c6a-b02b-98a2af5ddaa4	5	28515388	28516011	2	-1.1443
9392fc54-0608-4c6a-b02b-98a2af5ddaa4	5	28517495	43762072	9816	0.0089
9392fc54-0608-4c6a-b02b-98a2af5ddaa4	5	43765313	43765631	2	-1.1221
9392fc54-0608-4c6a-b02b-98a2af5ddaa4	5	43775442	43910402	73	0.0204
9392fc54-0608-4c6a-b02b-98a2af5ddaa4	5	43910646	43916865	3	-0.8119
9392fc54-0608-4c6a-b02b-98a2af5ddaa4	5	43917336	45295803	621	0.0142
9392fc54-0608-4c6a-b02b-98a2af5ddaa4	5	45298183	46096957	275	0.1071
9392fc54-0608-4c6a-b02b-98a2af5ddaa4	5	46097545	46098416	3	-0.5744
9392fc54-0608-4c6a-b02b-98a2af5ddaa4	5	46099451	50572753	213	0.1333
9392fc54-0608-4c6a-b02b-98a2af5ddaa4	5	50574181	53108689	1545	0.0063
9392fc54-0608-4c6a-b02b-98a2af5ddaa4	5	53109452	53113609	2	-2.7754
9392fc54-0608-4c6a-b02b-98a2af5ddaa4	5	53115955	58025819	3351	0.0028
9392fc54-0608-4c6a-b02b-98a2af5ddaa4	5	58030200	58037706	32	-0.5594
9392fc54-0608-4c6a-b02b-98a2af5ddaa4	5	58042530	63309977	3461	-0.0026
9392fc54-0608-4c6a-b02b-98a2af5ddaa4	5	63317814	63885700	327	0.1285
9392fc54-0608-4c6a-b02b-98a2af5ddaa4	5	63886716	99027618	19819	0.0024
9392fc54-0608-4c6a-b02b-98a2af5ddaa4	5	99031439	101945488	1737	0.0547
9392fc54-0608-4c6a-b02b-98a2af5ddaa4	5	101947464	115838747	9064	0.0075
9392fc54-0608-4c6a-b02b-98a2af5ddaa4	5	115839806	115840004	2	-1.1872
9392fc54-0608-4c6a-b02b-98a2af5ddaa4	5	115848323	121596484	4044	0.0212
9392fc54-0608-4c6a-b02b-98a2af5ddaa4	5	121597282	121600905	5	-0.8483
9392fc54-0608-4c6a-b02b-98a2af5ddaa4	5	121608865	156048095	21707	0.003
9392fc54-0608-4c6a-b02b-98a2af5ddaa4	5	156049762	156055719	14	-0.6081
9392fc54-0608-4c6a-b02b-98a2af5ddaa4	5	156068240	175946505	14042	0.0043
9392fc54-0608-4c6a-b02b-98a2af5ddaa4	5	175960543	175966609	3	1.0517
9392fc54-0608-4c6a-b02b-98a2af5ddaa4	5	175966747	177800550	736	-0.0063
9392fc54-0608-4c6a-b02b-98a2af5ddaa4	5	177801578	177805604	2	1.6495
9392fc54-0608-4c6a-b02b-98a2af5ddaa4	5	177827964	180951710	1795	0.0068
9392fc54-0608-4c6a-b02b-98a2af5ddaa4	5	180951888	180991103	18	0.4639
9392fc54-0608-4c6a-b02b-98a2af5ddaa4	5	181006225	181363319	170	-0.0344
9392fc54-0608-4c6a-b02b-98a2af5ddaa4	6	149661	254283	101	0.0601
9392fc54-0608-4c6a-b02b-98a2af5ddaa4	6	257353	294443	20	0.4007
9392fc54-0608-4c6a-b02b-98a2af5ddaa4	6	294474	29875657	21502	0.0057
9392fc54-0608-4c6a-b02b-98a2af5ddaa4	6	29876257	29953350	44	-0.5523
9392fc54-0608-4c6a-b02b-98a2af5ddaa4	6	29953446	31309909	622	-0.0138
9392fc54-0608-4c6a-b02b-98a2af5ddaa4	6	31313046	31328674	12	-1.5081
9392fc54-0608-4c6a-b02b-98a2af5ddaa4	6	31342147	31380423	47	0.0563
9392fc54-0608-4c6a-b02b-98a2af5ddaa4	6	31380693	31380871	3	0.9474
9392fc54-0608-4c6a-b02b-98a2af5ddaa4	6	31383258	32463515	446	0.0056
9392fc54-0608-4c6a-b02b-98a2af5ddaa4	6	32463775	32533522	19	1.5208
9392fc54-0608-4c6a-b02b-98a2af5ddaa4	6	32540699	32636595	37	0.2326
9392fc54-0608-4c6a-b02b-98a2af5ddaa4	6	32637799	51918567	12128	0.0004
9392fc54-0608-4c6a-b02b-98a2af5ddaa4	6	51924461	51924791	2	-1.6599
9392fc54-0608-4c6a-b02b-98a2af5ddaa4	6	51926726	54066477	1556	0.0009
9392fc54-0608-4c6a-b02b-98a2af5ddaa4	6	54066582	54067057	4	0.9141
9392fc54-0608-4c6a-b02b-98a2af5ddaa4	6	54070550	57986703	2029	-0.0011
9392fc54-0608-4c6a-b02b-98a2af5ddaa4	6	57987692	60880028	333	0.1236
9392fc54-0608-4c6a-b02b-98a2af5ddaa4	6	60883475	60924573	15	0.6704
9392fc54-0608-4c6a-b02b-98a2af5ddaa4	6	60927149	60947550	8	-0.0476
9392fc54-0608-4c6a-b02b-98a2af5ddaa4	6	60947708	60980860	13	0.7251
9392fc54-0608-4c6a-b02b-98a2af5ddaa4	6	60989374	61033822	11	0.3145
9392fc54-0608-4c6a-b02b-98a2af5ddaa4	6	61043533	70763935	5911	0.0147
9392fc54-0608-4c6a-b02b-98a2af5ddaa4	6	70765327	70765599	2	-1.468
9392fc54-0608-4c6a-b02b-98a2af5ddaa4	6	70765652	76305231	3517	0.0086
9392fc54-0608-4c6a-b02b-98a2af5ddaa4	6	76307183	76307209	3	-1.3777
9392fc54-0608-4c6a-b02b-98a2af5ddaa4	6	76307276	76726815	296	0.0197
9392fc54-0608-4c6a-b02b-98a2af5ddaa4	6	76730151	76751356	22	0.4021
9392fc54-0608-4c6a-b02b-98a2af5ddaa4	6	76758214	78158825	899	0.0127
9392fc54-0608-4c6a-b02b-98a2af5ddaa4	6	78159191	78261995	80	0.1736
9392fc54-0608-4c6a-b02b-98a2af5ddaa4	6	78262064	78329517	110	0.4505
9392fc54-0608-4c6a-b02b-98a2af5ddaa4	6	78331916	93778196	9900	0.0108
9392fc54-0608-4c6a-b02b-98a2af5ddaa4	6	93778242	94876989	724	0.0962
9392fc54-0608-4c6a-b02b-98a2af5ddaa4	6	94877949	95521966	120	0.0188
9392fc54-0608-4c6a-b02b-98a2af5ddaa4	6	95521999	95530783	4	-0.7893
9392fc54-0608-4c6a-b02b-98a2af5ddaa4	6	95534318	100328473	2979	0.0074
9392fc54-0608-4c6a-b02b-98a2af5ddaa4	6	100329619	100333627	2	0.9638
9392fc54-0608-4c6a-b02b-98a2af5ddaa4	6	100333700	103286950	1722	0.0077
9392fc54-0608-4c6a-b02b-98a2af5ddaa4	6	103286954	103314186	47	0.5077
9392fc54-0608-4c6a-b02b-98a2af5ddaa4	6	103317795	114679268	7119	0.0074
9392fc54-0608-4c6a-b02b-98a2af5ddaa4	6	114680535	114680857	2	-1.2415
9392fc54-0608-4c6a-b02b-98a2af5ddaa4	6	114684050	161967675	30808	0.0085
9392fc54-0608-4c6a-b02b-98a2af5ddaa4	6	161969564	162753380	637	0.0716
9392fc54-0608-4c6a-b02b-98a2af5ddaa4	6	162754770	170741917	5515	0.0029
9392fc54-0608-4c6a-b02b-98a2af5ddaa4	7	43355	68659	31	0.5406
9392fc54-0608-4c6a-b02b-98a2af5ddaa4	7	79263	148300	59	0.0535
9392fc54-0608-4c6a-b02b-98a2af5ddaa4	7	155066	158626	10	-0.8862
9392fc54-0608-4c6a-b02b-98a2af5ddaa4	7	161442	6874832	3335	-0.003
9392fc54-0608-4c6a-b02b-98a2af5ddaa4	7	6875096	6880649	5	-0.7827
9392fc54-0608-4c6a-b02b-98a2af5ddaa4	7	6889070	8413683	1298	0.0221
9392fc54-0608-4c6a-b02b-98a2af5ddaa4	7	8414051	9194357	708	0.0933
9392fc54-0608-4c6a-b02b-98a2af5ddaa4	7	9194384	16784302	6040	0.0101
9392fc54-0608-4c6a-b02b-98a2af5ddaa4	7	16784353	17759717	807	0.0806
9392fc54-0608-4c6a-b02b-98a2af5ddaa4	7	17759976	18785119	724	0.0052
9392fc54-0608-4c6a-b02b-98a2af5ddaa4	7	18785830	18786415	2	-0.9579
9392fc54-0608-4c6a-b02b-98a2af5ddaa4	7	18788291	18866243	73	-0.0021
9392fc54-0608-4c6a-b02b-98a2af5ddaa4	7	18866406	19738449	907	0.0788
9392fc54-0608-4c6a-b02b-98a2af5ddaa4	7	19738463	22395161	2022	0.0061
9392fc54-0608-4c6a-b02b-98a2af5ddaa4	7	22395853	22396868	2	-3.3514
9392fc54-0608-4c6a-b02b-98a2af5ddaa4	7	22399135	62905324	24545	0.0054
9392fc54-0608-4c6a-b02b-98a2af5ddaa4	7	62909455	62909456	2	-1.5982
9392fc54-0608-4c6a-b02b-98a2af5ddaa4	7	62924899	70955452	3958	0.0124
9392fc54-0608-4c6a-b02b-98a2af5ddaa4	7	70958264	70961155	2	-2.5145
9392fc54-0608-4c6a-b02b-98a2af5ddaa4	7	70963257	76524031	2142	0.0083
9392fc54-0608-4c6a-b02b-98a2af5ddaa4	7	76524046	76531991	4	-0.937
9392fc54-0608-4c6a-b02b-98a2af5ddaa4	7	76532105	88533963	7591	0.0106
9392fc54-0608-4c6a-b02b-98a2af5ddaa4	7	88534253	89209432	488	0.1099
9392fc54-0608-4c6a-b02b-98a2af5ddaa4	7	89210466	89214538	3	-0.7285
9392fc54-0608-4c6a-b02b-98a2af5ddaa4	7	89218873	89890325	389	0.1055
9392fc54-0608-4c6a-b02b-98a2af5ddaa4	7	89892494	89895535	3	-0.7581
9392fc54-0608-4c6a-b02b-98a2af5ddaa4	7	89902765	90233684	256	0.0961
9392fc54-0608-4c6a-b02b-98a2af5ddaa4	7	90237114	91728554	1046	0.0078
9392fc54-0608-4c6a-b02b-98a2af5ddaa4	7	91728979	91729225	3	-0.9027
9392fc54-0608-4c6a-b02b-98a2af5ddaa4	7	91729456	97756658	3735	-0.0005
9392fc54-0608-4c6a-b02b-98a2af5ddaa4	7	97766148	97766159	6	0.7565
9392fc54-0608-4c6a-b02b-98a2af5ddaa4	7	97766194	109793741	6591	0.0053
9392fc54-0608-4c6a-b02b-98a2af5ddaa4	7	109797035	109797623	13	-0.4049
9392fc54-0608-4c6a-b02b-98a2af5ddaa4	7	109797700	109801572	13	-0.0524
9392fc54-0608-4c6a-b02b-98a2af5ddaa4	7	109801722	109813853	9	-0.5206
9392fc54-0608-4c6a-b02b-98a2af5ddaa4	7	109813925	112669137	1868	0.0437
9392fc54-0608-4c6a-b02b-98a2af5ddaa4	7	112671099	125789608	7720	0.0023
9392fc54-0608-4c6a-b02b-98a2af5ddaa4	7	125795640	126404920	423	0.0554
9392fc54-0608-4c6a-b02b-98a2af5ddaa4	7	126405428	126406823	14	0.97
9392fc54-0608-4c6a-b02b-98a2af5ddaa4	7	126406824	145306229	11755	0.0081
9392fc54-0608-4c6a-b02b-98a2af5ddaa4	7	145307199	145321701	9	-0.8745
9392fc54-0608-4c6a-b02b-98a2af5ddaa4	7	145324104	155413823	6534	0.0108
9392fc54-0608-4c6a-b02b-98a2af5ddaa4	7	155414053	155414572	3	-1.333
9392fc54-0608-4c6a-b02b-98a2af5ddaa4	7	155415881	155671335	175	-0.0015
9392fc54-0608-4c6a-b02b-98a2af5ddaa4	7	155673169	155674244	2	1.4046
9392fc54-0608-4c6a-b02b-98a2af5ddaa4	7	155676942	159334314	2314	-0.0051
9392fc54-0608-4c6a-b02b-98a2af5ddaa4	8	81254	2366263	1638	-0.0088
9392fc54-0608-4c6a-b02b-98a2af5ddaa4	8	2370507	2370865	5	-0.9045
9392fc54-0608-4c6a-b02b-98a2af5ddaa4	8	2371071	2844412	391	0.0327
9392fc54-0608-4c6a-b02b-98a2af5ddaa4	8	2846011	2846377	7	0.8086
9392fc54-0608-4c6a-b02b-98a2af5ddaa4	8	2849649	5676083	3855	0.0283
9392fc54-0608-4c6a-b02b-98a2af5ddaa4	8	5677327	5677941	4	-0.7676
9392fc54-0608-4c6a-b02b-98a2af5ddaa4	8	5678550	5736745	88	0.0297
9392fc54-0608-4c6a-b02b-98a2af5ddaa4	8	5741204	5746973	27	-0.974
9392fc54-0608-4c6a-b02b-98a2af5ddaa4	8	5749566	6124967	474	0.0848
9392fc54-0608-4c6a-b02b-98a2af5ddaa4	8	6126510	7336299	1229	-0.0111
9392fc54-0608-4c6a-b02b-98a2af5ddaa4	8	7357089	7433619	25	0.1918
9392fc54-0608-4c6a-b02b-98a2af5ddaa4	8	7440674	7941868	24	-0.5481
9392fc54-0608-4c6a-b02b-98a2af5ddaa4	8	7974123	12092042	3231	0.0155
9392fc54-0608-4c6a-b02b-98a2af5ddaa4	8	12130217	12177488	8	-1.0959
9392fc54-0608-4c6a-b02b-98a2af5ddaa4	8	12323772	25114672	10431	0.0107
9392fc54-0608-4c6a-b02b-98a2af5ddaa4	8	25116928	25126641	24	-0.4493
9392fc54-0608-4c6a-b02b-98a2af5ddaa4	8	25126708	84345736	34889	0.0045
9392fc54-0608-4c6a-b02b-98a2af5ddaa4	8	84345754	84356431	20	-0.7393
9392fc54-0608-4c6a-b02b-98a2af5ddaa4	8	84358447	106007604	12877	0.0054
9392fc54-0608-4c6a-b02b-98a2af5ddaa4	8	106010127	106497851	353	0.106
9392fc54-0608-4c6a-b02b-98a2af5ddaa4	8	106498096	111279265	2844	0.0077
9392fc54-0608-4c6a-b02b-98a2af5ddaa4	8	111282050	111283016	9	-1.8276
9392fc54-0608-4c6a-b02b-98a2af5ddaa4	8	111283031	114539586	1772	0.0047
9392fc54-0608-4c6a-b02b-98a2af5ddaa4	8	114543507	114869806	233	0.1032
9392fc54-0608-4c6a-b02b-98a2af5ddaa4	8	114869982	119139771	2949	0.0037
9392fc54-0608-4c6a-b02b-98a2af5ddaa4	8	119142545	119147207	4	-0.8293
9392fc54-0608-4c6a-b02b-98a2af5ddaa4	8	119150615	142046163	16796	0.0051
9392fc54-0608-4c6a-b02b-98a2af5ddaa4	8	142047413	142056317	6	-0.7576
9392fc54-0608-4c6a-b02b-98a2af5ddaa4	8	142057348	142662564	259	-0.0489
9392fc54-0608-4c6a-b02b-98a2af5ddaa4	8	142668300	142670817	4	-0.8505
9392fc54-0608-4c6a-b02b-98a2af5ddaa4	8	142671326	145072769	858	-0.0074
9392fc54-0608-4c6a-b02b-98a2af5ddaa4	9	46587	602903	507	0.0382
9392fc54-0608-4c6a-b02b-98a2af5ddaa4	9	606699	606961	4	-2.5244
9392fc54-0608-4c6a-b02b-98a2af5ddaa4	9	607307	1343420	829	0.0174
9392fc54-0608-4c6a-b02b-98a2af5ddaa4	9	1343649	1539590	303	0.1022
9392fc54-0608-4c6a-b02b-98a2af5ddaa4	9	1540009	6695986	4715	0.0109
9392fc54-0608-4c6a-b02b-98a2af5ddaa4	9	6701145	6705360	5	-1.1049
9392fc54-0608-4c6a-b02b-98a2af5ddaa4	9	6707519	9249231	2456	0.0191
9392fc54-0608-4c6a-b02b-98a2af5ddaa4	9	9250314	12619365	2908	0.0604
9392fc54-0608-4c6a-b02b-98a2af5ddaa4	9	12624029	22492890	8075	0.0035
9392fc54-0608-4c6a-b02b-98a2af5ddaa4	9	22501914	22502700	2	-3.2714
9392fc54-0608-4c6a-b02b-98a2af5ddaa4	9	22509341	24514392	1392	0.0048
9392fc54-0608-4c6a-b02b-98a2af5ddaa4	9	24514405	24514900	3	-0.7758
9392fc54-0608-4c6a-b02b-98a2af5ddaa4	9	24515113	28309880	2952	0.014
9392fc54-0608-4c6a-b02b-98a2af5ddaa4	9	28310572	28311631	2	-1.1042
9392fc54-0608-4c6a-b02b-98a2af5ddaa4	9	28312063	29091099	558	0.0386
9392fc54-0608-4c6a-b02b-98a2af5ddaa4	9	29094551	29097682	3	-3.078
9392fc54-0608-4c6a-b02b-98a2af5ddaa4	9	29101434	39455364	6373	0.0016
9392fc54-0608-4c6a-b02b-98a2af5ddaa4	9	39455596	39833357	29	0.644
9392fc54-0608-4c6a-b02b-98a2af5ddaa4	9	39840169	41666811	96	-0.2423
9392fc54-0608-4c6a-b02b-98a2af5ddaa4	9	41703463	42202227	27	0.9814
9392fc54-0608-4c6a-b02b-98a2af5ddaa4	9	42211663	61405110	71	0.1332
9392fc54-0608-4c6a-b02b-98a2af5ddaa4	9	61520021	61633080	29	0.7133
9392fc54-0608-4c6a-b02b-98a2af5ddaa4	9	61647899	63580418	39	0.127
9392fc54-0608-4c6a-b02b-98a2af5ddaa4	9	63590317	63592813	7	1.5988
9392fc54-0608-4c6a-b02b-98a2af5ddaa4	9	63614182	64462508	45	0.022
9392fc54-0608-4c6a-b02b-98a2af5ddaa4	9	64467459	64543764	15	0.7202
9392fc54-0608-4c6a-b02b-98a2af5ddaa4	9	64543777	64965577	23	-0.3138
9392fc54-0608-4c6a-b02b-98a2af5ddaa4	9	64965589	68761130	364	-0.0002
9392fc54-0608-4c6a-b02b-98a2af5ddaa4	9	68762080	68763050	3	-1.0329
9392fc54-0608-4c6a-b02b-98a2af5ddaa4	9	68763687	75310443	4582	0.0006
9392fc54-0608-4c6a-b02b-98a2af5ddaa4	9	75312020	75314497	2	-1.7596
9392fc54-0608-4c6a-b02b-98a2af5ddaa4	9	75314555	75350902	12	-0.2686
9392fc54-0608-4c6a-b02b-98a2af5ddaa4	9	75351158	77155713	1570	0.0063
9392fc54-0608-4c6a-b02b-98a2af5ddaa4	9	77155866	77162488	26	0.5753
9392fc54-0608-4c6a-b02b-98a2af5ddaa4	9	77171212	78878751	1134	0.0008
9392fc54-0608-4c6a-b02b-98a2af5ddaa4	9	78884538	78885165	2	-1.224
9392fc54-0608-4c6a-b02b-98a2af5ddaa4	9	78885174	103804216	17102	0.0015
9392fc54-0608-4c6a-b02b-98a2af5ddaa4	9	103806415	103807009	2	-3.1639
9392fc54-0608-4c6a-b02b-98a2af5ddaa4	9	103808421	138200944	23069	0.0014
9392fc54-0608-4c6a-b02b-98a2af5ddaa4	10	45792	16425243	13726	0.0001
9392fc54-0608-4c6a-b02b-98a2af5ddaa4	10	16428894	16428934	2	-2.1518
9392fc54-0608-4c6a-b02b-98a2af5ddaa4	10	16434272	18142262	1227	0.0002
9392fc54-0608-4c6a-b02b-98a2af5ddaa4	10	18145037	18145057	2	-1.149
9392fc54-0608-4c6a-b02b-98a2af5ddaa4	10	18145261	30957581	9212	0.0057
9392fc54-0608-4c6a-b02b-98a2af5ddaa4	10	30962405	30962893	12	-0.7363
9392fc54-0608-4c6a-b02b-98a2af5ddaa4	10	30962956	46197189	7266	0.0003
9392fc54-0608-4c6a-b02b-98a2af5ddaa4	10	46197572	46543248	181	-0.1497
9392fc54-0608-4c6a-b02b-98a2af5ddaa4	10	46545913	48084420	336	0.0234
9392fc54-0608-4c6a-b02b-98a2af5ddaa4	10	48084439	48114825	2	-1.4679
9392fc54-0608-4c6a-b02b-98a2af5ddaa4	10	48114838	54685856	4849	0.0031
9392fc54-0608-4c6a-b02b-98a2af5ddaa4	10	54693189	54713715	18	0.5146
9392fc54-0608-4c6a-b02b-98a2af5ddaa4	10	54713994	55365928	397	0.0176
9392fc54-0608-4c6a-b02b-98a2af5ddaa4	10	55367871	55577971	165	0.1379
9392fc54-0608-4c6a-b02b-98a2af5ddaa4	10	55579314	55990954	300	0.0172
9392fc54-0608-4c6a-b02b-98a2af5ddaa4	10	55994804	56030639	21	0.2849
9392fc54-0608-4c6a-b02b-98a2af5ddaa4	10	56032367	56694798	407	-0.0081
9392fc54-0608-4c6a-b02b-98a2af5ddaa4	10	56696744	56725253	19	0.2828
9392fc54-0608-4c6a-b02b-98a2af5ddaa4	10	56728169	57443289	633	0.0116
9392fc54-0608-4c6a-b02b-98a2af5ddaa4	10	57450745	57451013	4	-0.862
9392fc54-0608-4c6a-b02b-98a2af5ddaa4	10	57458735	65546518	5540	0.0093
9392fc54-0608-4c6a-b02b-98a2af5ddaa4	10	65548165	65554688	28	-2.3176
9392fc54-0608-4c6a-b02b-98a2af5ddaa4	10	65563037	66362886	644	0.0157
9392fc54-0608-4c6a-b02b-98a2af5ddaa4	10	66364852	66366937	5	-0.8224
9392fc54-0608-4c6a-b02b-98a2af5ddaa4	10	66369330	67196647	595	0.072
9392fc54-0608-4c6a-b02b-98a2af5ddaa4	10	67196741	76493093	5534	0.0019
9392fc54-0608-4c6a-b02b-98a2af5ddaa4	10	76497303	76497852	2	-1.4606
9392fc54-0608-4c6a-b02b-98a2af5ddaa4	10	76501509	87216840	7648	-0.001
9392fc54-0608-4c6a-b02b-98a2af5ddaa4	10	87269486	87310039	4	-1.2094
9392fc54-0608-4c6a-b02b-98a2af5ddaa4	10	87310988	122584593	23829	0.0027
9392fc54-0608-4c6a-b02b-98a2af5ddaa4	10	122584707	122597296	6	0.7694
9392fc54-0608-4c6a-b02b-98a2af5ddaa4	10	122598210	133654968	7887	-0.0059
9392fc54-0608-4c6a-b02b-98a2af5ddaa4	11	198510	4217824	1733	-0.0125
9392fc54-0608-4c6a-b02b-98a2af5ddaa4	11	4228783	4306942	24	-0.7353
9392fc54-0608-4c6a-b02b-98a2af5ddaa4	11	4314648	5762452	1466	0.0162
9392fc54-0608-4c6a-b02b-98a2af5ddaa4	11	5762693	5788108	35	-0.5679
9392fc54-0608-4c6a-b02b-98a2af5ddaa4	11	5788231	36975539	22741	0.0042
9392fc54-0608-4c6a-b02b-98a2af5ddaa4	11	36977411	37650611	452	0.0758
9392fc54-0608-4c6a-b02b-98a2af5ddaa4	11	37650804	42785494	3385	0.0004
9392fc54-0608-4c6a-b02b-98a2af5ddaa4	11	42791601	42794936	2	-1.3633
9392fc54-0608-4c6a-b02b-98a2af5ddaa4	11	42796489	42940281	122	-0.0078
9392fc54-0608-4c6a-b02b-98a2af5ddaa4	11	42948034	42949618	6	1.4022
9392fc54-0608-4c6a-b02b-98a2af5ddaa4	11	42955081	48499541	3229	-0.0017
9392fc54-0608-4c6a-b02b-98a2af5ddaa4	11	48501385	48744576	105	0.1495
9392fc54-0608-4c6a-b02b-98a2af5ddaa4	11	48751110	48761809	6	-0.8562
9392fc54-0608-4c6a-b02b-98a2af5ddaa4	11	48761945	49737304	377	-0.0059
9392fc54-0608-4c6a-b02b-98a2af5ddaa4	11	49738003	49739136	6	-0.8721
9392fc54-0608-4c6a-b02b-98a2af5ddaa4	11	49744609	50308493	254	-0.018
9392fc54-0608-4c6a-b02b-98a2af5ddaa4	11	50309690	55608785	474	0.0815
9392fc54-0608-4c6a-b02b-98a2af5ddaa4	11	55608804	55674842	41	0.3558
9392fc54-0608-4c6a-b02b-98a2af5ddaa4	11	55676735	56199970	379	0.0726
9392fc54-0608-4c6a-b02b-98a2af5ddaa4	11	56200301	59243694	1805	-0.0003
9392fc54-0608-4c6a-b02b-98a2af5ddaa4	11	59247185	59247496	4	-0.8947
9392fc54-0608-4c6a-b02b-98a2af5ddaa4	11	59252488	60132633	533	-0.0129
9392fc54-0608-4c6a-b02b-98a2af5ddaa4	11	60133341	60151040	5	-0.7716
9392fc54-0608-4c6a-b02b-98a2af5ddaa4	11	60151865	64761278	2373	0.0095
9392fc54-0608-4c6a-b02b-98a2af5ddaa4	11	64762333	65764182	350	-0.0764
9392fc54-0608-4c6a-b02b-98a2af5ddaa4	11	65769685	80256460	7794	-0.0007
9392fc54-0608-4c6a-b02b-98a2af5ddaa4	11	80256469	80256520	3	1.0431
9392fc54-0608-4c6a-b02b-98a2af5ddaa4	11	80256642	101723653	15265	0.0122
9392fc54-0608-4c6a-b02b-98a2af5ddaa4	11	101727129	101727233	4	1.1158
9392fc54-0608-4c6a-b02b-98a2af5ddaa4	11	101727481	133896406	22819	0.0042
9392fc54-0608-4c6a-b02b-98a2af5ddaa4	11	133898991	133902940	2	-1.434
9392fc54-0608-4c6a-b02b-98a2af5ddaa4	11	133902943	135074876	871	-0.0002
9392fc54-0608-4c6a-b02b-98a2af5ddaa4	12	51460	9477960	6169	-0.0044
9392fc54-0608-4c6a-b02b-98a2af5ddaa4	12	9481274	9575696	24	-1.3308
9392fc54-0608-4c6a-b02b-98a2af5ddaa4	12	9582373	11062773	1034	0.0037
9392fc54-0608-4c6a-b02b-98a2af5ddaa4	12	11064250	11114232	17	0.4246
9392fc54-0608-4c6a-b02b-98a2af5ddaa4	12	11115108	33047563	15426	0.003
9392fc54-0608-4c6a-b02b-98a2af5ddaa4	12	33047774	39007399	1525	0.0667
9392fc54-0608-4c6a-b02b-98a2af5ddaa4	12	39009096	99599628	37944	0.0016
9392fc54-0608-4c6a-b02b-98a2af5ddaa4	12	99600560	99622062	16	-0.9035
9392fc54-0608-4c6a-b02b-98a2af5ddaa4	12	99623994	133201603	22538	0.0022
9392fc54-0608-4c6a-b02b-98a2af5ddaa4	13	18452809	71902850	34975	0.0057
9392fc54-0608-4c6a-b02b-98a2af5ddaa4	13	71903417	71906418	4	-3.0928
9392fc54-0608-4c6a-b02b-98a2af5ddaa4	13	71906467	105129990	22472	0.0079
9392fc54-0608-4c6a-b02b-98a2af5ddaa4	13	105130034	105772454	509	0.1025
9392fc54-0608-4c6a-b02b-98a2af5ddaa4	13	105778335	114342922	6059	-0.0018
9392fc54-0608-4c6a-b02b-98a2af5ddaa4	14	18239283	18976793	27	0.1428
9392fc54-0608-4c6a-b02b-98a2af5ddaa4	14	19011729	19954424	139	0.5633
9392fc54-0608-4c6a-b02b-98a2af5ddaa4	14	19955213	21855405	1253	0.0017
9392fc54-0608-4c6a-b02b-98a2af5ddaa4	14	21856896	22508844	601	0.1493
9392fc54-0608-4c6a-b02b-98a2af5ddaa4	14	22509094	106877229	53257	0.0061
9392fc54-0608-4c6a-b02b-98a2af5ddaa4	15	19811075	24103856	1054	-0.0323
9392fc54-0608-4c6a-b02b-98a2af5ddaa4	15	24105498	24468278	171	-0.9743
9392fc54-0608-4c6a-b02b-98a2af5ddaa4	15	24468475	101928837	50235	0.0009
9392fc54-0608-4c6a-b02b-98a2af5ddaa4	16	10777	19933041	13451	0.0045
9392fc54-0608-4c6a-b02b-98a2af5ddaa4	16	19934328	19956040	29	-0.9601
9392fc54-0608-4c6a-b02b-98a2af5ddaa4	16	19958932	23923570	2138	0.0057
9392fc54-0608-4c6a-b02b-98a2af5ddaa4	16	23924682	23930936	5	-1.1284
9392fc54-0608-4c6a-b02b-98a2af5ddaa4	16	23932616	35225230	4524	0.0045
9392fc54-0608-4c6a-b02b-98a2af5ddaa4	16	35225338	35522700	169	0.553
9392fc54-0608-4c6a-b02b-98a2af5ddaa4	16	35526596	73420717	16949	0.001
9392fc54-0608-4c6a-b02b-98a2af5ddaa4	16	73420742	73423324	6	-0.8738
9392fc54-0608-4c6a-b02b-98a2af5ddaa4	16	73428201	75501474	1342	-0.0061
9392fc54-0608-4c6a-b02b-98a2af5ddaa4	16	75505510	75542100	20	0.6071
9392fc54-0608-4c6a-b02b-98a2af5ddaa4	16	75546219	78338949	2560	0.0031
9392fc54-0608-4c6a-b02b-98a2af5ddaa4	16	78339440	78342480	4	-1.8141
9392fc54-0608-4c6a-b02b-98a2af5ddaa4	16	78342814	90096867	10610	-0.0037
9392fc54-0608-4c6a-b02b-98a2af5ddaa4	17	150733	14359899	8984	-0.0001
9392fc54-0608-4c6a-b02b-98a2af5ddaa4	17	14360128	15254655	804	0.0594
9392fc54-0608-4c6a-b02b-98a2af5ddaa4	17	15255458	18414080	1597	-0.0037
9392fc54-0608-4c6a-b02b-98a2af5ddaa4	17	18452078	18561907	27	0.7481
9392fc54-0608-4c6a-b02b-98a2af5ddaa4	17	18565883	28452035	2252	-0.0015
9392fc54-0608-4c6a-b02b-98a2af5ddaa4	17	28454323	28455301	2	-1.5703
9392fc54-0608-4c6a-b02b-98a2af5ddaa4	17	28462253	36109315	4576	0.0111
9392fc54-0608-4c6a-b02b-98a2af5ddaa4	17	36109735	36208249	37	0.9352
9392fc54-0608-4c6a-b02b-98a2af5ddaa4	17	36460442	36466570	4	-0.0921
9392fc54-0608-4c6a-b02b-98a2af5ddaa4	17	36466633	36476767	14	0.1607
9392fc54-0608-4c6a-b02b-98a2af5ddaa4	17	36480144	36480359	4	-0.2908
9392fc54-0608-4c6a-b02b-98a2af5ddaa4	17	36481143	36481158	2	-0.9911
9392fc54-0608-4c6a-b02b-98a2af5ddaa4	17	36481789	45497555	4668	0.0006
9392fc54-0608-4c6a-b02b-98a2af5ddaa4	17	45508731	45577724	6	-0.7011
9392fc54-0608-4c6a-b02b-98a2af5ddaa4	17	45579014	46085732	343	-0.0125
9392fc54-0608-4c6a-b02b-98a2af5ddaa4	17	46088437	46446345	127	0.5379
9392fc54-0608-4c6a-b02b-98a2af5ddaa4	17	46446360	69294922	13308	0.0032
9392fc54-0608-4c6a-b02b-98a2af5ddaa4	17	69298377	69299135	2	1.5915
9392fc54-0608-4c6a-b02b-98a2af5ddaa4	17	69299918	83091923	8223	-0.0058
9392fc54-0608-4c6a-b02b-98a2af5ddaa4	18	48133	30232420	15986	0.0065
9392fc54-0608-4c6a-b02b-98a2af5ddaa4	18	30234583	30236003	4	-0.9495
9392fc54-0608-4c6a-b02b-98a2af5ddaa4	18	30238649	35170955	3161	0.004
9392fc54-0608-4c6a-b02b-98a2af5ddaa4	18	35172669	35173792	3	-0.9965
9392fc54-0608-4c6a-b02b-98a2af5ddaa4	18	35179577	40678763	3593	0.0026
9392fc54-0608-4c6a-b02b-98a2af5ddaa4	18	40680456	40689848	21	-0.5142
9392fc54-0608-4c6a-b02b-98a2af5ddaa4	18	40690108	65533243	17080	0.007
9392fc54-0608-4c6a-b02b-98a2af5ddaa4	18	65535759	65995466	329	0.0896
9392fc54-0608-4c6a-b02b-98a2af5ddaa4	18	65997369	71378886	3869	0.0181
9392fc54-0608-4c6a-b02b-98a2af5ddaa4	18	71380423	73679885	1816	0.0745
9392fc54-0608-4c6a-b02b-98a2af5ddaa4	18	73679902	80257174	4767	-0.008
9392fc54-0608-4c6a-b02b-98a2af5ddaa4	19	90910	8346772	2936	-0.0094
9392fc54-0608-4c6a-b02b-98a2af5ddaa4	19	8347288	8349417	2	-3.1932
9392fc54-0608-4c6a-b02b-98a2af5ddaa4	19	8356123	20411869	5976	-0.0102
9392fc54-0608-4c6a-b02b-98a2af5ddaa4	19	20413400	20538428	70	-0.8573
9392fc54-0608-4c6a-b02b-98a2af5ddaa4	19	20538656	35358420	7704	0.0055
9392fc54-0608-4c6a-b02b-98a2af5ddaa4	19	35364451	35370946	21	-0.7288
9392fc54-0608-4c6a-b02b-98a2af5ddaa4	19	35375842	53013829	8968	0.0004
9392fc54-0608-4c6a-b02b-98a2af5ddaa4	19	53015494	53041724	19	0.5344
9392fc54-0608-4c6a-b02b-98a2af5ddaa4	19	53043602	55771003	1537	-0.0068
9392fc54-0608-4c6a-b02b-98a2af5ddaa4	19	55771169	55771701	3	-1.8485
9392fc54-0608-4c6a-b02b-98a2af5ddaa4	19	55774927	58586487	1836	-0.001
9392fc54-0608-4c6a-b02b-98a2af5ddaa4	20	80664	1580353	1202	0.0063
9392fc54-0608-4c6a-b02b-98a2af5ddaa4	20	1580934	1601561	36	-0.781
9392fc54-0608-4c6a-b02b-98a2af5ddaa4	20	1609611	1613247	5	-2.1944
9392fc54-0608-4c6a-b02b-98a2af5ddaa4	20	1617300	64324800	41077	0.0023
9392fc54-0608-4c6a-b02b-98a2af5ddaa4	21	10354168	10569525	55	0.152
9392fc54-0608-4c6a-b02b-98a2af5ddaa4	21	10571815	12973348	33	-0.198
9392fc54-0608-4c6a-b02b-98a2af5ddaa4	21	12992210	13583316	179	0.065
9392fc54-0608-4c6a-b02b-98a2af5ddaa4	21	13612103	13677975	4	-0.7859
9392fc54-0608-4c6a-b02b-98a2af5ddaa4	21	13803967	18683769	3264	0.0003
9392fc54-0608-4c6a-b02b-98a2af5ddaa4	21	18685360	18708616	26	0.5902
9392fc54-0608-4c6a-b02b-98a2af5ddaa4	21	18709557	46677045	20257	0.0025
9392fc54-0608-4c6a-b02b-98a2af5ddaa4	22	15294547	42496327	17125	-0.002
9392fc54-0608-4c6a-b02b-98a2af5ddaa4	22	42496433	42559425	29	0.4807
9392fc54-0608-4c6a-b02b-98a2af5ddaa4	22	42559782	50796027	6092	-0.0023
9392fc54-0608-4c6a-b02b-98a2af5ddaa4	X	251810	7185165	3416	0.012
9392fc54-0608-4c6a-b02b-98a2af5ddaa4	X	7185242	7188165	3	-3.5349
9392fc54-0608-4c6a-b02b-98a2af5ddaa4	X	7190809	29155392	14293	0.0068
9392fc54-0608-4c6a-b02b-98a2af5ddaa4	X	29156662	29164196	8	-2.0536
9392fc54-0608-4c6a-b02b-98a2af5ddaa4	X	29164287	88492347	28050	0.0086
9392fc54-0608-4c6a-b02b-98a2af5ddaa4	X	88492378	88496104	5	-1.6472
9392fc54-0608-4c6a-b02b-98a2af5ddaa4	X	88496539	88496907	2	-4.9125
9392fc54-0608-4c6a-b02b-98a2af5ddaa4	X	88499780	115679113	14053	0.0096
9392fc54-0608-4c6a-b02b-98a2af5ddaa4	X	115684075	115687125	3	-2.986
9392fc54-0608-4c6a-b02b-98a2af5ddaa4	X	115690491	150458118	20668	0.0078
9392fc54-0608-4c6a-b02b-98a2af5ddaa4	X	150460650	150461501	3	-2.5539
9392fc54-0608-4c6a-b02b-98a2af5ddaa4	X	150464426	155952689	2818	-0.0098
9392fc54-0608-4c6a-b02b-98a2af5ddaa4	Y	2782397	56872112	6639	-1.0059
