GDC_Aliquot	Chromosome	Start	End	Num_Probes	Segment_Mean
a1a99949-83ec-4254-b4e4-93ba71892c2c	1	62920	668210	21	-0.0322
a1a99949-83ec-4254-b4e4-93ba71892c2c	1	771719	14045905	6999	-0.4833
a1a99949-83ec-4254-b4e4-93ba71892c2c	1	14046661	14046683	2	-4.1108
a1a99949-83ec-4254-b4e4-93ba71892c2c	1	14046725	15827002	1311	-0.4788
a1a99949-83ec-4254-b4e4-93ba71892c2c	1	15827041	15828471	8	-1.3272
a1a99949-83ec-4254-b4e4-93ba71892c2c	1	15828515	16037445	86	-0.4981
a1a99949-83ec-4254-b4e4-93ba71892c2c	1	16041638	16052921	6	0.3793
a1a99949-83ec-4254-b4e4-93ba71892c2c	1	16063071	16685961	241	-0.4635
a1a99949-83ec-4254-b4e4-93ba71892c2c	1	16686246	16935752	77	-0.1535
a1a99949-83ec-4254-b4e4-93ba71892c2c	1	16949746	21313491	2936	-0.4719
a1a99949-83ec-4254-b4e4-93ba71892c2c	1	21313631	21313902	2	-2.7403
a1a99949-83ec-4254-b4e4-93ba71892c2c	1	21314008	72303233	31035	-0.4668
a1a99949-83ec-4254-b4e4-93ba71892c2c	1	72303253	72345465	45	-1.5524
a1a99949-83ec-4254-b4e4-93ba71892c2c	1	72346221	75283247	1766	-0.454
a1a99949-83ec-4254-b4e4-93ba71892c2c	1	75292481	81426584	4028	0.0643
a1a99949-83ec-4254-b4e4-93ba71892c2c	1	81426822	81430410	11	-0.4722
a1a99949-83ec-4254-b4e4-93ba71892c2c	1	81430501	89009572	5124	0.0598
a1a99949-83ec-4254-b4e4-93ba71892c2c	1	89012275	89012522	2	-2.5784
a1a99949-83ec-4254-b4e4-93ba71892c2c	1	89015841	103614695	9081	0.0707
a1a99949-83ec-4254-b4e4-93ba71892c2c	1	103614714	103760781	11	-0.7761
a1a99949-83ec-4254-b4e4-93ba71892c2c	1	103760879	105476688	919	0.0408
a1a99949-83ec-4254-b4e4-93ba71892c2c	1	105476748	105479753	14	1.1344
a1a99949-83ec-4254-b4e4-93ba71892c2c	1	105481433	109690431	2634	0.0636
a1a99949-83ec-4254-b4e4-93ba71892c2c	1	109690640	109697556	10	-0.7197
a1a99949-83ec-4254-b4e4-93ba71892c2c	1	109702376	152583230	9579	0.0728
a1a99949-83ec-4254-b4e4-93ba71892c2c	1	152583291	152614064	32	1.1117
a1a99949-83ec-4254-b4e4-93ba71892c2c	1	152614100	194479104	28216	0.0694
a1a99949-83ec-4254-b4e4-93ba71892c2c	1	194482281	194485888	2	2.0086
a1a99949-83ec-4254-b4e4-93ba71892c2c	1	194487886	196745692	1450	0.0588
a1a99949-83ec-4254-b4e4-93ba71892c2c	1	196745743	196832525	58	-0.5062
a1a99949-83ec-4254-b4e4-93ba71892c2c	1	196832720	199142235	1378	0.0721
a1a99949-83ec-4254-b4e4-93ba71892c2c	1	199142298	199144712	8	-1.6786
a1a99949-83ec-4254-b4e4-93ba71892c2c	1	199145110	248930189	34423	0.0698
a1a99949-83ec-4254-b4e4-93ba71892c2c	2	12784	4158097	2987	0.0733
a1a99949-83ec-4254-b4e4-93ba71892c2c	2	4166274	4176429	42	-0.6427
a1a99949-83ec-4254-b4e4-93ba71892c2c	2	4182472	34423631	21040	0.077
a1a99949-83ec-4254-b4e4-93ba71892c2c	2	34424117	34466002	16	0.5111
a1a99949-83ec-4254-b4e4-93ba71892c2c	2	34474248	34512096	47	-0.5589
a1a99949-83ec-4254-b4e4-93ba71892c2c	2	34512489	52527330	13000	0.0806
a1a99949-83ec-4254-b4e4-93ba71892c2c	2	52527342	52554404	39	0.6373
a1a99949-83ec-4254-b4e4-93ba71892c2c	2	52560811	67268360	9592	0.073
a1a99949-83ec-4254-b4e4-93ba71892c2c	2	67268667	67269415	3	-1.4309
a1a99949-83ec-4254-b4e4-93ba71892c2c	2	67270922	97359885	14248	0.0748
a1a99949-83ec-4254-b4e4-93ba71892c2c	2	97524284	97545726	9	-1.039
a1a99949-83ec-4254-b4e4-93ba71892c2c	2	97550415	101345489	2254	0.074
a1a99949-83ec-4254-b4e4-93ba71892c2c	2	101348880	101348905	2	-3.0887
a1a99949-83ec-4254-b4e4-93ba71892c2c	2	101353857	106263639	3312	0.0663
a1a99949-83ec-4254-b4e4-93ba71892c2c	2	106264257	106268901	11	0.8017
a1a99949-83ec-4254-b4e4-93ba71892c2c	2	106270799	113604438	3783	0.0815
a1a99949-83ec-4254-b4e4-93ba71892c2c	2	113604837	113604839	2	-2.0668
a1a99949-83ec-4254-b4e4-93ba71892c2c	2	113623244	115627884	1234	0.063
a1a99949-83ec-4254-b4e4-93ba71892c2c	2	115628623	116002395	238	0.4894
a1a99949-83ec-4254-b4e4-93ba71892c2c	2	116003127	117166589	669	0.0684
a1a99949-83ec-4254-b4e4-93ba71892c2c	2	117167971	117243008	49	0.4347
a1a99949-83ec-4254-b4e4-93ba71892c2c	2	117244740	117259858	15	-0.0406
a1a99949-83ec-4254-b4e4-93ba71892c2c	2	117276562	117848660	428	0.4557
a1a99949-83ec-4254-b4e4-93ba71892c2c	2	117861142	118702117	567	0.0778
a1a99949-83ec-4254-b4e4-93ba71892c2c	2	118704762	119310922	479	0.4698
a1a99949-83ec-4254-b4e4-93ba71892c2c	2	119312179	119335243	20	0.0615
a1a99949-83ec-4254-b4e4-93ba71892c2c	2	119340501	123610968	2667	0.4771
a1a99949-83ec-4254-b4e4-93ba71892c2c	2	123620008	126053224	1528	0.0874
a1a99949-83ec-4254-b4e4-93ba71892c2c	2	126060245	126062103	4	-1.1945
a1a99949-83ec-4254-b4e4-93ba71892c2c	2	126062943	135256171	5404	0.0725
a1a99949-83ec-4254-b4e4-93ba71892c2c	2	135257403	135493991	81	-0.4501
a1a99949-83ec-4254-b4e4-93ba71892c2c	2	135494210	135519213	12	0.4184
a1a99949-83ec-4254-b4e4-93ba71892c2c	2	135522495	135852176	161	-0.4538
a1a99949-83ec-4254-b4e4-93ba71892c2c	2	135856630	135873975	13	0.5236
a1a99949-83ec-4254-b4e4-93ba71892c2c	2	135874881	137203349	968	-0.4581
a1a99949-83ec-4254-b4e4-93ba71892c2c	2	137205782	137211991	9	0.3576
a1a99949-83ec-4254-b4e4-93ba71892c2c	2	137212772	137274682	53	-0.354
a1a99949-83ec-4254-b4e4-93ba71892c2c	2	137279780	137754215	289	0.0529
a1a99949-83ec-4254-b4e4-93ba71892c2c	2	137754783	138521241	429	0.8079
a1a99949-83ec-4254-b4e4-93ba71892c2c	2	138524741	138967323	285	-0.4594
a1a99949-83ec-4254-b4e4-93ba71892c2c	2	138972183	138977223	7	0.5571
a1a99949-83ec-4254-b4e4-93ba71892c2c	2	138978148	138990691	7	-0.3597
a1a99949-83ec-4254-b4e4-93ba71892c2c	2	138992497	140227228	794	0.7818
a1a99949-83ec-4254-b4e4-93ba71892c2c	2	140233918	140660667	274	-0.497
a1a99949-83ec-4254-b4e4-93ba71892c2c	2	140662440	140676785	9	0.3792
a1a99949-83ec-4254-b4e4-93ba71892c2c	2	140676915	140849442	109	-0.4646
a1a99949-83ec-4254-b4e4-93ba71892c2c	2	140850380	140882076	15	0.142
a1a99949-83ec-4254-b4e4-93ba71892c2c	2	140889128	146106875	3209	-0.4615
a1a99949-83ec-4254-b4e4-93ba71892c2c	2	146106889	146109366	21	-2.0998
a1a99949-83ec-4254-b4e4-93ba71892c2c	2	146120238	156168378	6097	-0.4676
a1a99949-83ec-4254-b4e4-93ba71892c2c	2	156170981	157309656	598	0.4699
a1a99949-83ec-4254-b4e4-93ba71892c2c	2	157309745	172609621	9309	-0.4631
a1a99949-83ec-4254-b4e4-93ba71892c2c	2	172615968	174227308	1189	0.4701
a1a99949-83ec-4254-b4e4-93ba71892c2c	2	174230521	174886464	371	0.7802
a1a99949-83ec-4254-b4e4-93ba71892c2c	2	174886778	174980777	44	0.4497
a1a99949-83ec-4254-b4e4-93ba71892c2c	2	174980803	175028605	29	0.8487
a1a99949-83ec-4254-b4e4-93ba71892c2c	2	175029334	175037424	10	0.5103
a1a99949-83ec-4254-b4e4-93ba71892c2c	2	175037433	176271740	676	-0.4666
a1a99949-83ec-4254-b4e4-93ba71892c2c	2	176277231	176291666	11	0.6402
a1a99949-83ec-4254-b4e4-93ba71892c2c	2	176292655	181328024	3353	-0.4593
a1a99949-83ec-4254-b4e4-93ba71892c2c	2	181330630	181338545	7	0.6069
a1a99949-83ec-4254-b4e4-93ba71892c2c	2	181338893	182861985	939	-0.4498
a1a99949-83ec-4254-b4e4-93ba71892c2c	2	182864691	183929673	620	0.4595
a1a99949-83ec-4254-b4e4-93ba71892c2c	2	183929787	183937714	16	-0.1849
a1a99949-83ec-4254-b4e4-93ba71892c2c	2	183943862	184037441	58	0.4988
a1a99949-83ec-4254-b4e4-93ba71892c2c	2	184042073	184656277	484	-0.4086
a1a99949-83ec-4254-b4e4-93ba71892c2c	2	184659864	184666661	7	0.4749
a1a99949-83ec-4254-b4e4-93ba71892c2c	2	184674950	184926191	116	-0.3766
a1a99949-83ec-4254-b4e4-93ba71892c2c	2	184931364	189350801	2333	0.4709
a1a99949-83ec-4254-b4e4-93ba71892c2c	2	189351202	190089543	460	-0.4592
a1a99949-83ec-4254-b4e4-93ba71892c2c	2	190097381	192825239	1656	0.4879
a1a99949-83ec-4254-b4e4-93ba71892c2c	2	192828633	193675981	388	-0.4526
a1a99949-83ec-4254-b4e4-93ba71892c2c	2	193685696	193908157	90	0.3886
a1a99949-83ec-4254-b4e4-93ba71892c2c	2	193911165	195584753	971	0.4979
a1a99949-83ec-4254-b4e4-93ba71892c2c	2	195594334	197797534	1225	0.7944
a1a99949-83ec-4254-b4e4-93ba71892c2c	2	197803741	200002981	1330	0.0688
a1a99949-83ec-4254-b4e4-93ba71892c2c	2	200006462	200033583	16	-0.3584
a1a99949-83ec-4254-b4e4-93ba71892c2c	2	200036971	200055013	9	0.0812
a1a99949-83ec-4254-b4e4-93ba71892c2c	2	200061530	200091100	20	-0.4369
a1a99949-83ec-4254-b4e4-93ba71892c2c	2	200092218	200312178	132	0.07
a1a99949-83ec-4254-b4e4-93ba71892c2c	2	200312416	205648197	3193	-0.4554
a1a99949-83ec-4254-b4e4-93ba71892c2c	2	205648323	205876087	172	0.0473
a1a99949-83ec-4254-b4e4-93ba71892c2c	2	205876636	205898989	17	-0.4071
a1a99949-83ec-4254-b4e4-93ba71892c2c	2	205900633	207274469	845	0.0812
a1a99949-83ec-4254-b4e4-93ba71892c2c	2	207276769	232399421	16026	-0.4638
a1a99949-83ec-4254-b4e4-93ba71892c2c	2	232399818	241973401	6058	-0.4963
a1a99949-83ec-4254-b4e4-93ba71892c2c	2	241975155	242011715	31	-1.1629
a1a99949-83ec-4254-b4e4-93ba71892c2c	2	242015916	242030085	20	-0.5657
a1a99949-83ec-4254-b4e4-93ba71892c2c	2	242030144	242084107	45	-1.1442
a1a99949-83ec-4254-b4e4-93ba71892c2c	2	242087337	242147305	30	-0.4465
a1a99949-83ec-4254-b4e4-93ba71892c2c	3	20930	201405	166	-0.5169
a1a99949-83ec-4254-b4e4-93ba71892c2c	3	205771	2639371	2098	-0.3967
a1a99949-83ec-4254-b4e4-93ba71892c2c	3	2641324	80738208	53355	-0.4705
a1a99949-83ec-4254-b4e4-93ba71892c2c	3	80745767	81018266	131	2.0328
a1a99949-83ec-4254-b4e4-93ba71892c2c	3	81027141	81516069	304	2.5747
a1a99949-83ec-4254-b4e4-93ba71892c2c	3	81516633	81745591	115	2.9949
a1a99949-83ec-4254-b4e4-93ba71892c2c	3	81753267	81786534	23	2.6306
a1a99949-83ec-4254-b4e4-93ba71892c2c	3	81791071	85091035	1769	-0.4686
a1a99949-83ec-4254-b4e4-93ba71892c2c	3	85094340	85906299	435	2.534
a1a99949-83ec-4254-b4e4-93ba71892c2c	3	85908633	86112431	116	2.1818
a1a99949-83ec-4254-b4e4-93ba71892c2c	3	86113511	86212331	75	1.2588
a1a99949-83ec-4254-b4e4-93ba71892c2c	3	86212375	87265882	568	1.6693
a1a99949-83ec-4254-b4e4-93ba71892c2c	3	87271872	87496002	129	1.2238
a1a99949-83ec-4254-b4e4-93ba71892c2c	3	87496068	88164996	319	0.7781
a1a99949-83ec-4254-b4e4-93ba71892c2c	3	88165601	88474980	169	1.2575
a1a99949-83ec-4254-b4e4-93ba71892c2c	3	88477361	95737262	2025	0.0624
a1a99949-83ec-4254-b4e4-93ba71892c2c	3	95748036	95758747	6	0.6793
a1a99949-83ec-4254-b4e4-93ba71892c2c	3	95760549	100849790	2768	-0.4583
a1a99949-83ec-4254-b4e4-93ba71892c2c	3	100852063	101796211	543	0.0834
a1a99949-83ec-4254-b4e4-93ba71892c2c	3	101797295	103073708	688	-0.471
a1a99949-83ec-4254-b4e4-93ba71892c2c	3	103076805	103549670	283	0.0544
a1a99949-83ec-4254-b4e4-93ba71892c2c	3	103550567	103734931	120	-0.4903
a1a99949-83ec-4254-b4e4-93ba71892c2c	3	103735120	104128236	247	0.0551
a1a99949-83ec-4254-b4e4-93ba71892c2c	3	104136108	106020410	1238	-0.4563
a1a99949-83ec-4254-b4e4-93ba71892c2c	3	106021000	106265981	139	0.071
a1a99949-83ec-4254-b4e4-93ba71892c2c	3	106269537	106324169	44	-0.4966
a1a99949-83ec-4254-b4e4-93ba71892c2c	3	106329691	130044016	14509	0.0691
a1a99949-83ec-4254-b4e4-93ba71892c2c	3	130044855	130087393	38	-0.5208
a1a99949-83ec-4254-b4e4-93ba71892c2c	3	130088081	143566923	8364	0.0741
a1a99949-83ec-4254-b4e4-93ba71892c2c	3	143566958	143567132	4	1.944
a1a99949-83ec-4254-b4e4-93ba71892c2c	3	143567959	146388355	1829	0.0489
a1a99949-83ec-4254-b4e4-93ba71892c2c	3	146391171	147984663	900	0.1336
a1a99949-83ec-4254-b4e4-93ba71892c2c	3	147984723	151227455	2052	0.0676
a1a99949-83ec-4254-b4e4-93ba71892c2c	3	151230872	151234727	6	-0.8224
a1a99949-83ec-4254-b4e4-93ba71892c2c	3	151235190	162405578	6832	0.0786
a1a99949-83ec-4254-b4e4-93ba71892c2c	3	162419812	162420319	8	-0.9222
a1a99949-83ec-4254-b4e4-93ba71892c2c	3	162424695	164008569	980	0.0825
a1a99949-83ec-4254-b4e4-93ba71892c2c	3	164008570	164009675	2	-1.4773
a1a99949-83ec-4254-b4e4-93ba71892c2c	3	164010791	193160113	18521	0.0777
a1a99949-83ec-4254-b4e4-93ba71892c2c	3	193160173	193165114	19	-1.357
a1a99949-83ec-4254-b4e4-93ba71892c2c	3	193168646	195715696	1504	0.0807
a1a99949-83ec-4254-b4e4-93ba71892c2c	3	195715711	195747892	24	0.6482
a1a99949-83ec-4254-b4e4-93ba71892c2c	3	195751823	198169247	1165	0.0966
a1a99949-83ec-4254-b4e4-93ba71892c2c	4	68929	9455251	5160	0.0679
a1a99949-83ec-4254-b4e4-93ba71892c2c	4	9459504	9477699	6	-0.6927
a1a99949-83ec-4254-b4e4-93ba71892c2c	4	9484440	10208766	540	0.0702
a1a99949-83ec-4254-b4e4-93ba71892c2c	4	10221792	10232642	30	-2.274
a1a99949-83ec-4254-b4e4-93ba71892c2c	4	10232984	34676796	16907	0.0617
a1a99949-83ec-4254-b4e4-93ba71892c2c	4	34683428	34685549	4	1.8557
a1a99949-83ec-4254-b4e4-93ba71892c2c	4	34698272	34784878	62	0.0943
a1a99949-83ec-4254-b4e4-93ba71892c2c	4	34785333	34828250	38	-0.5661
a1a99949-83ec-4254-b4e4-93ba71892c2c	4	34828291	63828222	16545	0.0624
a1a99949-83ec-4254-b4e4-93ba71892c2c	4	63831751	63840033	19	-1.0391
a1a99949-83ec-4254-b4e4-93ba71892c2c	4	63841863	63842540	8	-2.7167
a1a99949-83ec-4254-b4e4-93ba71892c2c	4	63850713	68389352	2852	0.0625
a1a99949-83ec-4254-b4e4-93ba71892c2c	4	68391041	68395346	4	1.4402
a1a99949-83ec-4254-b4e4-93ba71892c2c	4	68416487	68655691	86	-0.1688
a1a99949-83ec-4254-b4e4-93ba71892c2c	4	68663241	69252275	305	0.1574
a1a99949-83ec-4254-b4e4-93ba71892c2c	4	69254604	69257792	6	-0.3347
a1a99949-83ec-4254-b4e4-93ba71892c2c	4	69261926	69366081	54	0.4202
a1a99949-83ec-4254-b4e4-93ba71892c2c	4	69366304	114252544	27322	0.068
a1a99949-83ec-4254-b4e4-93ba71892c2c	4	114254167	114261019	23	0.9559
a1a99949-83ec-4254-b4e4-93ba71892c2c	4	114263073	114263096	2	-1.5778
a1a99949-83ec-4254-b4e4-93ba71892c2c	4	114263110	115251805	612	0.0642
a1a99949-83ec-4254-b4e4-93ba71892c2c	4	115251820	115252062	5	1.1214
a1a99949-83ec-4254-b4e4-93ba71892c2c	4	115252079	132375518	9951	0.0616
a1a99949-83ec-4254-b4e4-93ba71892c2c	4	132375635	132375715	2	-1.9373
a1a99949-83ec-4254-b4e4-93ba71892c2c	4	132380796	154881396	13462	0.0671
a1a99949-83ec-4254-b4e4-93ba71892c2c	4	154881853	154881926	3	1.3575
a1a99949-83ec-4254-b4e4-93ba71892c2c	4	154882047	160952773	3911	0.0635
a1a99949-83ec-4254-b4e4-93ba71892c2c	4	160952788	160963448	22	-0.5623
a1a99949-83ec-4254-b4e4-93ba71892c2c	4	160963756	172066777	7074	0.0666
a1a99949-83ec-4254-b4e4-93ba71892c2c	4	172067997	172068382	12	-1.8325
a1a99949-83ec-4254-b4e4-93ba71892c2c	4	172074828	188300104	10930	0.0728
a1a99949-83ec-4254-b4e4-93ba71892c2c	4	188300206	188300221	2	1.5983
a1a99949-83ec-4254-b4e4-93ba71892c2c	4	188300270	190106768	1143	0.1278
a1a99949-83ec-4254-b4e4-93ba71892c2c	5	15532	642865	279	0.0963
a1a99949-83ec-4254-b4e4-93ba71892c2c	5	642881	647701	6	0.5039
a1a99949-83ec-4254-b4e4-93ba71892c2c	5	653466	943212	104	-0.1912
a1a99949-83ec-4254-b4e4-93ba71892c2c	5	944147	62277545	38222	0.0662
a1a99949-83ec-4254-b4e4-93ba71892c2c	5	62279164	62280446	3	-1.602
a1a99949-83ec-4254-b4e4-93ba71892c2c	5	62286365	176033084	71518	0.0689
a1a99949-83ec-4254-b4e4-93ba71892c2c	5	176038686	176050177	5	-1.048
a1a99949-83ec-4254-b4e4-93ba71892c2c	5	176097194	177771448	720	0.0731
a1a99949-83ec-4254-b4e4-93ba71892c2c	5	177800550	177805604	3	3.4201
a1a99949-83ec-4254-b4e4-93ba71892c2c	5	177827964	180947523	1795	0.0574
a1a99949-83ec-4254-b4e4-93ba71892c2c	5	180951710	181015400	22	-0.4534
a1a99949-83ec-4254-b4e4-93ba71892c2c	5	181015441	181363319	167	0.0273
a1a99949-83ec-4254-b4e4-93ba71892c2c	6	149661	254267	100	-0.4387
a1a99949-83ec-4254-b4e4-93ba71892c2c	6	254283	364486	88	-0.0098
a1a99949-83ec-4254-b4e4-93ba71892c2c	6	364587	29873244	21456	-0.4794
a1a99949-83ec-4254-b4e4-93ba71892c2c	6	29875657	29907031	16	0.2211
a1a99949-83ec-4254-b4e4-93ba71892c2c	6	29909182	31318499	653	-0.4973
a1a99949-83ec-4254-b4e4-93ba71892c2c	6	31318528	31342147	11	0.3787
a1a99949-83ec-4254-b4e4-93ba71892c2c	6	31349570	32485024	497	-0.4483
a1a99949-83ec-4254-b4e4-93ba71892c2c	6	32485152	32502142	6	0.5572
a1a99949-83ec-4254-b4e4-93ba71892c2c	6	32502190	37159647	2690	-0.489
a1a99949-83ec-4254-b4e4-93ba71892c2c	6	37162506	37487826	187	2.5031
a1a99949-83ec-4254-b4e4-93ba71892c2c	6	37487866	37529387	30	1.8732
a1a99949-83ec-4254-b4e4-93ba71892c2c	6	37532066	37727162	166	1.6018
a1a99949-83ec-4254-b4e4-93ba71892c2c	6	37727864	38090918	201	1.819
a1a99949-83ec-4254-b4e4-93ba71892c2c	6	38090933	38410921	231	1.588
a1a99949-83ec-4254-b4e4-93ba71892c2c	6	38413384	38770972	259	1.4462
a1a99949-83ec-4254-b4e4-93ba71892c2c	6	38771058	38803881	27	1.8756
a1a99949-83ec-4254-b4e4-93ba71892c2c	6	38807560	38844781	31	1.4066
a1a99949-83ec-4254-b4e4-93ba71892c2c	6	38847073	38892317	40	2.0261
a1a99949-83ec-4254-b4e4-93ba71892c2c	6	38894479	38940739	54	2.1533
a1a99949-83ec-4254-b4e4-93ba71892c2c	6	38942535	39341873	329	2.6478
a1a99949-83ec-4254-b4e4-93ba71892c2c	6	39347200	40135568	530	-0.4884
a1a99949-83ec-4254-b4e4-93ba71892c2c	6	40139064	40142880	4	2.3529
a1a99949-83ec-4254-b4e4-93ba71892c2c	6	40143688	40396586	228	2.0904
a1a99949-83ec-4254-b4e4-93ba71892c2c	6	40397862	40677360	286	1.2611
a1a99949-83ec-4254-b4e4-93ba71892c2c	6	40683501	40687910	9	1.6404
a1a99949-83ec-4254-b4e4-93ba71892c2c	6	40688795	40709039	16	1.8066
a1a99949-83ec-4254-b4e4-93ba71892c2c	6	40710193	41061603	260	2.412
a1a99949-83ec-4254-b4e4-93ba71892c2c	6	41063933	41636339	369	2.6543
a1a99949-83ec-4254-b4e4-93ba71892c2c	6	41636495	41937522	175	2.9424
a1a99949-83ec-4254-b4e4-93ba71892c2c	6	41937943	41940308	15	3.8229
a1a99949-83ec-4254-b4e4-93ba71892c2c	6	41940408	42964596	538	2.8592
a1a99949-83ec-4254-b4e4-93ba71892c2c	6	42964977	43188916	106	2.7096
a1a99949-83ec-4254-b4e4-93ba71892c2c	6	43190151	43421751	128	-0.491
a1a99949-83ec-4254-b4e4-93ba71892c2c	6	43427658	44203747	418	1.902
a1a99949-83ec-4254-b4e4-93ba71892c2c	6	44207896	44505094	188	2.2561
a1a99949-83ec-4254-b4e4-93ba71892c2c	6	44505117	44600761	81	1.879
a1a99949-83ec-4254-b4e4-93ba71892c2c	6	44600894	44675995	75	2.1413
a1a99949-83ec-4254-b4e4-93ba71892c2c	6	44677999	44678237	3	1.1228
a1a99949-83ec-4254-b4e4-93ba71892c2c	6	44679637	45487107	418	-0.453
a1a99949-83ec-4254-b4e4-93ba71892c2c	6	45488827	45709361	160	2.2599
a1a99949-83ec-4254-b4e4-93ba71892c2c	6	45710329	45879168	129	2.7774
a1a99949-83ec-4254-b4e4-93ba71892c2c	6	45879378	45971624	102	2.4452
a1a99949-83ec-4254-b4e4-93ba71892c2c	6	45971728	46761507	524	2.7811
a1a99949-83ec-4254-b4e4-93ba71892c2c	6	46763708	46958100	161	1.7924
a1a99949-83ec-4254-b4e4-93ba71892c2c	6	46960032	46960083	2	-0.158
a1a99949-83ec-4254-b4e4-93ba71892c2c	6	46963821	47394976	341	1.7464
a1a99949-83ec-4254-b4e4-93ba71892c2c	6	47396777	47439580	36	1.2618
a1a99949-83ec-4254-b4e4-93ba71892c2c	6	47442843	48657639	708	0.0787
a1a99949-83ec-4254-b4e4-93ba71892c2c	6	48659194	48659866	4	-0.9012
a1a99949-83ec-4254-b4e4-93ba71892c2c	6	48661549	49467981	448	0.0457
a1a99949-83ec-4254-b4e4-93ba71892c2c	6	49468818	49478796	7	0.786
a1a99949-83ec-4254-b4e4-93ba71892c2c	6	49479582	50809329	767	0.0409
a1a99949-83ec-4254-b4e4-93ba71892c2c	6	50827177	51275545	232	0.8213
a1a99949-83ec-4254-b4e4-93ba71892c2c	6	51276199	66298393	7375	0.0698
a1a99949-83ec-4254-b4e4-93ba71892c2c	6	66299130	66338736	55	-0.7818
a1a99949-83ec-4254-b4e4-93ba71892c2c	6	66339513	67449934	877	0.0621
a1a99949-83ec-4254-b4e4-93ba71892c2c	6	67450023	67706420	175	-0.4931
a1a99949-83ec-4254-b4e4-93ba71892c2c	6	67707799	76726815	5723	0.0677
a1a99949-83ec-4254-b4e4-93ba71892c2c	6	76730151	76742665	15	-0.6895
a1a99949-83ec-4254-b4e4-93ba71892c2c	6	76742675	78253172	979	0.0784
a1a99949-83ec-4254-b4e4-93ba71892c2c	6	78259348	78322600	106	-2.5708
a1a99949-83ec-4254-b4e4-93ba71892c2c	6	78322875	78325468	5	-1.2188
a1a99949-83ec-4254-b4e4-93ba71892c2c	6	78329517	80575042	1436	0.0522
a1a99949-83ec-4254-b4e4-93ba71892c2c	6	80575241	80579817	27	-0.779
a1a99949-83ec-4254-b4e4-93ba71892c2c	6	80584624	170741917	58219	0.0689
a1a99949-83ec-4254-b4e4-93ba71892c2c	7	43355	5877553	3054	0.0633
a1a99949-83ec-4254-b4e4-93ba71892c2c	7	5879409	5964274	18	-0.4479
a1a99949-83ec-4254-b4e4-93ba71892c2c	7	5986976	10944198	3646	0.1012
a1a99949-83ec-4254-b4e4-93ba71892c2c	7	10947255	17185848	5136	0.0646
a1a99949-83ec-4254-b4e4-93ba71892c2c	7	17185983	17561689	274	0.1823
a1a99949-83ec-4254-b4e4-93ba71892c2c	7	17564329	18994498	1140	0.0632
a1a99949-83ec-4254-b4e4-93ba71892c2c	7	18994729	19728275	756	0.1443
a1a99949-83ec-4254-b4e4-93ba71892c2c	7	19732218	53085236	23542	0.0625
a1a99949-83ec-4254-b4e4-93ba71892c2c	7	53086120	54305455	906	0.0902
a1a99949-83ec-4254-b4e4-93ba71892c2c	7	54318812	54318824	6	1.1343
a1a99949-83ec-4254-b4e4-93ba71892c2c	7	54325795	70955452	6127	0.0767
a1a99949-83ec-4254-b4e4-93ba71892c2c	7	70958264	70961155	2	-2.7198
a1a99949-83ec-4254-b4e4-93ba71892c2c	7	70963257	76443274	2131	0.0658
a1a99949-83ec-4254-b4e4-93ba71892c2c	7	76445663	76514576	12	-0.6608
a1a99949-83ec-4254-b4e4-93ba71892c2c	7	76524031	76532105	6	0.2841
a1a99949-83ec-4254-b4e4-93ba71892c2c	7	76550397	76967587	157	-0.8647
a1a99949-83ec-4254-b4e4-93ba71892c2c	7	76972268	86175011	6125	0.0616
a1a99949-83ec-4254-b4e4-93ba71892c2c	7	86179721	86181343	4	-0.865
a1a99949-83ec-4254-b4e4-93ba71892c2c	7	86183680	88494947	1300	0.0607
a1a99949-83ec-4254-b4e4-93ba71892c2c	7	88495892	90267461	1177	0.1588
a1a99949-83ec-4254-b4e4-93ba71892c2c	7	90272439	101437642	6352	0.057
a1a99949-83ec-4254-b4e4-93ba71892c2c	7	101438517	101438705	2	-1.5357
a1a99949-83ec-4254-b4e4-93ba71892c2c	7	101442977	109793741	5039	0.0686
a1a99949-83ec-4254-b4e4-93ba71892c2c	7	109797035	109801572	26	-0.2786
a1a99949-83ec-4254-b4e4-93ba71892c2c	7	109801722	109813656	4	-1.3602
a1a99949-83ec-4254-b4e4-93ba71892c2c	7	109813705	126405597	10035	0.0659
a1a99949-83ec-4254-b4e4-93ba71892c2c	7	126405632	126406823	11	0.8127
a1a99949-83ec-4254-b4e4-93ba71892c2c	7	126406824	134100424	4697	0.0724
a1a99949-83ec-4254-b4e4-93ba71892c2c	7	134100442	134110881	25	0.522
a1a99949-83ec-4254-b4e4-93ba71892c2c	7	134110912	153450553	12006	0.0674
a1a99949-83ec-4254-b4e4-93ba71892c2c	7	153450560	153450627	2	-2.7836
a1a99949-83ec-4254-b4e4-93ba71892c2c	7	153450630	153685338	212	0.1056
a1a99949-83ec-4254-b4e4-93ba71892c2c	7	153698387	153702303	6	-0.8121
a1a99949-83ec-4254-b4e4-93ba71892c2c	7	153702335	159334314	3873	0.0669
a1a99949-83ec-4254-b4e4-93ba71892c2c	8	81254	645790	329	0.0611
a1a99949-83ec-4254-b4e4-93ba71892c2c	8	645875	645908	3	-2.6297
a1a99949-83ec-4254-b4e4-93ba71892c2c	8	656117	7312952	7394	0.0789
a1a99949-83ec-4254-b4e4-93ba71892c2c	8	7329110	7329124	2	3.061
a1a99949-83ec-4254-b4e4-93ba71892c2c	8	7336299	7886542	42	0.0616
a1a99949-83ec-4254-b4e4-93ba71892c2c	8	7888457	7890177	4	-1.6404
a1a99949-83ec-4254-b4e4-93ba71892c2c	8	7919608	8110806	14	-0.1057
a1a99949-83ec-4254-b4e4-93ba71892c2c	8	8120447	11998246	3216	0.0633
a1a99949-83ec-4254-b4e4-93ba71892c2c	8	11999697	12470324	51	0.3844
a1a99949-83ec-4254-b4e4-93ba71892c2c	8	12496221	13540884	833	0.0547
a1a99949-83ec-4254-b4e4-93ba71892c2c	8	13546607	13797893	301	0.1689
a1a99949-83ec-4254-b4e4-93ba71892c2c	8	13798083	14718551	908	0.0418
a1a99949-83ec-4254-b4e4-93ba71892c2c	8	14720091	14720102	2	1.5673
a1a99949-83ec-4254-b4e4-93ba71892c2c	8	14720144	25116928	8368	0.0654
a1a99949-83ec-4254-b4e4-93ba71892c2c	8	25116961	25126735	25	-0.7567
a1a99949-83ec-4254-b4e4-93ba71892c2c	8	25126818	38763780	8738	0.061
a1a99949-83ec-4254-b4e4-93ba71892c2c	8	38769413	38773628	3	-1.9668
a1a99949-83ec-4254-b4e4-93ba71892c2c	8	38777911	71300130	18228	0.0608
a1a99949-83ec-4254-b4e4-93ba71892c2c	8	71303076	71304364	8	-2.5594
a1a99949-83ec-4254-b4e4-93ba71892c2c	8	71307628	111282809	24092	0.0637
a1a99949-83ec-4254-b4e4-93ba71892c2c	8	111282852	111283031	4	-2.6786
a1a99949-83ec-4254-b4e4-93ba71892c2c	8	111288052	145072769	22912	0.0683
a1a99949-83ec-4254-b4e4-93ba71892c2c	9	46587	12554019	11680	-0.4541
a1a99949-83ec-4254-b4e4-93ba71892c2c	9	12554856	12562294	4	-2.7187
a1a99949-83ec-4254-b4e4-93ba71892c2c	9	12565520	38439975	19085	-0.4627
a1a99949-83ec-4254-b4e4-93ba71892c2c	9	38440757	38440862	2	-3.1432
a1a99949-83ec-4254-b4e4-93ba71892c2c	9	38440949	39057367	306	-0.5032
a1a99949-83ec-4254-b4e4-93ba71892c2c	9	39060118	42585140	198	-0.0684
a1a99949-83ec-4254-b4e4-93ba71892c2c	9	42697878	61405110	54	-0.438
a1a99949-83ec-4254-b4e4-93ba71892c2c	9	61520021	61647899	30	-1.8457
a1a99949-83ec-4254-b4e4-93ba71892c2c	9	61665362	68351648	170	-0.2761
a1a99949-83ec-4254-b4e4-93ba71892c2c	9	68367083	88025246	14228	-0.473
a1a99949-83ec-4254-b4e4-93ba71892c2c	9	88025813	88025846	2	-3.8409
a1a99949-83ec-4254-b4e4-93ba71892c2c	9	88026299	106035977	12260	-0.4623
a1a99949-83ec-4254-b4e4-93ba71892c2c	9	106041253	131383392	17765	0.0773
a1a99949-83ec-4254-b4e4-93ba71892c2c	9	131385539	131390317	5	-1.083
a1a99949-83ec-4254-b4e4-93ba71892c2c	9	131396628	138180185	3624	0.0806
a1a99949-83ec-4254-b4e4-93ba71892c2c	9	138180377	138200944	4	-0.5178
a1a99949-83ec-4254-b4e4-93ba71892c2c	10	45792	17885034	14848	0.0693
a1a99949-83ec-4254-b4e4-93ba71892c2c	10	17896194	17907840	2	2.1838
a1a99949-83ec-4254-b4e4-93ba71892c2c	10	17910884	22700231	3420	0.0661
a1a99949-83ec-4254-b4e4-93ba71892c2c	10	22700489	22702661	2	-1.3616
a1a99949-83ec-4254-b4e4-93ba71892c2c	10	22703547	24088745	920	0.0641
a1a99949-83ec-4254-b4e4-93ba71892c2c	10	24088746	24089125	10	-2.8136
a1a99949-83ec-4254-b4e4-93ba71892c2c	10	24089979	30957581	5012	0.0696
a1a99949-83ec-4254-b4e4-93ba71892c2c	10	30962405	30962850	11	-0.8336
a1a99949-83ec-4254-b4e4-93ba71892c2c	10	30962893	46657149	7484	0.0566
a1a99949-83ec-4254-b4e4-93ba71892c2c	10	46693480	46708121	3	-1.9509
a1a99949-83ec-4254-b4e4-93ba71892c2c	10	46708198	47559596	296	0.0826
a1a99949-83ec-4254-b4e4-93ba71892c2c	10	47622159	48084420	13	1.0458
a1a99949-83ec-4254-b4e4-93ba71892c2c	10	48084439	48114825	2	-1.4464
a1a99949-83ec-4254-b4e4-93ba71892c2c	10	48114838	55665476	5479	0.0711
a1a99949-83ec-4254-b4e4-93ba71892c2c	10	55666639	56103143	331	0.1776
a1a99949-83ec-4254-b4e4-93ba71892c2c	10	56106579	65546518	6572	0.0596
a1a99949-83ec-4254-b4e4-93ba71892c2c	10	65548165	65554672	27	-2.1268
a1a99949-83ec-4254-b4e4-93ba71892c2c	10	65554688	87269486	14444	0.0648
a1a99949-83ec-4254-b4e4-93ba71892c2c	10	87278584	87310988	4	-1.5321
a1a99949-83ec-4254-b4e4-93ba71892c2c	10	87318456	131639180	30790	0.0663
a1a99949-83ec-4254-b4e4-93ba71892c2c	10	131640199	131641709	6	-1.1919
a1a99949-83ec-4254-b4e4-93ba71892c2c	10	131641742	133654968	972	0.0621
a1a99949-83ec-4254-b4e4-93ba71892c2c	11	198510	1623675	484	0.0163
a1a99949-83ec-4254-b4e4-93ba71892c2c	11	1624736	1627418	4	-1.2251
a1a99949-83ec-4254-b4e4-93ba71892c2c	11	1628657	4949013	1932	0.0622
a1a99949-83ec-4254-b4e4-93ba71892c2c	11	4949047	4952664	22	0.9714
a1a99949-83ec-4254-b4e4-93ba71892c2c	11	4952799	18919323	10230	0.0732
a1a99949-83ec-4254-b4e4-93ba71892c2c	11	18927525	18940066	41	0.88
a1a99949-83ec-4254-b4e4-93ba71892c2c	11	18940191	24260664	4278	0.0646
a1a99949-83ec-4254-b4e4-93ba71892c2c	11	24260982	24265953	5	-0.8801
a1a99949-83ec-4254-b4e4-93ba71892c2c	11	24267993	48576870	16295	0.066
a1a99949-83ec-4254-b4e4-93ba71892c2c	11	48579882	48581124	2	-2.6192
a1a99949-83ec-4254-b4e4-93ba71892c2c	11	48584766	55595864	1176	0.092
a1a99949-83ec-4254-b4e4-93ba71892c2c	11	55606556	55685058	57	-0.4477
a1a99949-83ec-4254-b4e4-93ba71892c2c	11	55685501	80256460	13264	0.0683
a1a99949-83ec-4254-b4e4-93ba71892c2c	11	80256469	80256520	3	1.2901
a1a99949-83ec-4254-b4e4-93ba71892c2c	11	80256642	101723653	15293	0.0655
a1a99949-83ec-4254-b4e4-93ba71892c2c	11	101727129	101727233	4	1.5
a1a99949-83ec-4254-b4e4-93ba71892c2c	11	101727481	135074876	23720	0.0684
a1a99949-83ec-4254-b4e4-93ba71892c2c	12	51460	11351157	7374	0.0746
a1a99949-83ec-4254-b4e4-93ba71892c2c	12	11358643	11390472	31	0.7502
a1a99949-83ec-4254-b4e4-93ba71892c2c	12	11399258	21188162	6667	0.0604
a1a99949-83ec-4254-b4e4-93ba71892c2c	12	21188322	21193208	2	-1.6191
a1a99949-83ec-4254-b4e4-93ba71892c2c	12	21195325	29006848	5644	0.0685
a1a99949-83ec-4254-b4e4-93ba71892c2c	12	29010695	29011589	3	-1.1083
a1a99949-83ec-4254-b4e4-93ba71892c2c	12	29015050	30082648	782	0.0899
a1a99949-83ec-4254-b4e4-93ba71892c2c	12	30086334	30091052	28	-0.4145
a1a99949-83ec-4254-b4e4-93ba71892c2c	12	30091101	33129371	2237	0.0646
a1a99949-83ec-4254-b4e4-93ba71892c2c	12	33131530	37552688	851	0.151
a1a99949-83ec-4254-b4e4-93ba71892c2c	12	37553388	129516041	58842	0.0632
a1a99949-83ec-4254-b4e4-93ba71892c2c	12	129518945	129519049	2	-1.7778
a1a99949-83ec-4254-b4e4-93ba71892c2c	12	129519225	130028387	447	0.0627
a1a99949-83ec-4254-b4e4-93ba71892c2c	12	130034810	130035119	2	-2.6019
a1a99949-83ec-4254-b4e4-93ba71892c2c	12	130035265	131635702	1332	0.0692
a1a99949-83ec-4254-b4e4-93ba71892c2c	12	131636170	131648790	14	-0.6961
a1a99949-83ec-4254-b4e4-93ba71892c2c	12	131657925	132633007	298	0.0584
a1a99949-83ec-4254-b4e4-93ba71892c2c	12	132639591	132639662	2	-1.1366
a1a99949-83ec-4254-b4e4-93ba71892c2c	12	132640031	133201603	259	0.0595
a1a99949-83ec-4254-b4e4-93ba71892c2c	13	18452809	19547319	531	0.0888
a1a99949-83ec-4254-b4e4-93ba71892c2c	13	19549755	19549770	2	-2.0571
a1a99949-83ec-4254-b4e4-93ba71892c2c	13	19550361	37501767	12952	0.0648
a1a99949-83ec-4254-b4e4-93ba71892c2c	13	37501828	37510620	13	-0.5979
a1a99949-83ec-4254-b4e4-93ba71892c2c	13	37514193	50269360	8628	0.0653
a1a99949-83ec-4254-b4e4-93ba71892c2c	13	50269628	50596449	201	0.2013
a1a99949-83ec-4254-b4e4-93ba71892c2c	13	50596619	57088872	3645	0.0616
a1a99949-83ec-4254-b4e4-93ba71892c2c	13	57089954	57099696	11	-0.9346
a1a99949-83ec-4254-b4e4-93ba71892c2c	13	57102230	63900046	4010	0.0603
a1a99949-83ec-4254-b4e4-93ba71892c2c	13	63900224	64239233	203	0.218
a1a99949-83ec-4254-b4e4-93ba71892c2c	13	64240573	111070847	32186	0.0578
a1a99949-83ec-4254-b4e4-93ba71892c2c	13	111071777	111072185	2	-1.4983
a1a99949-83ec-4254-b4e4-93ba71892c2c	13	111072198	114342922	1747	0.0634
a1a99949-83ec-4254-b4e4-93ba71892c2c	14	18239283	19955213	167	-0.1487
a1a99949-83ec-4254-b4e4-93ba71892c2c	14	19956767	21669628	1145	0.0718
a1a99949-83ec-4254-b4e4-93ba71892c2c	14	21674605	22550878	758	0.1877
a1a99949-83ec-4254-b4e4-93ba71892c2c	14	22551762	41138431	11687	0.0679
a1a99949-83ec-4254-b4e4-93ba71892c2c	14	41139155	41188046	15	-0.5797
a1a99949-83ec-4254-b4e4-93ba71892c2c	14	41188146	69547241	17821	0.0666
a1a99949-83ec-4254-b4e4-93ba71892c2c	14	69547262	69555750	10	-0.8027
a1a99949-83ec-4254-b4e4-93ba71892c2c	14	69555996	73529070	2624	0.064
a1a99949-83ec-4254-b4e4-93ba71892c2c	14	73534419	73554275	9	-1.374
a1a99949-83ec-4254-b4e4-93ba71892c2c	14	73563196	106320716	20875	0.0684
a1a99949-83ec-4254-b4e4-93ba71892c2c	14	106321086	106346129	8	-0.7653
a1a99949-83ec-4254-b4e4-93ba71892c2c	14	106360014	106877229	274	0.1461
a1a99949-83ec-4254-b4e4-93ba71892c2c	15	19811075	20235285	63	0.1618
a1a99949-83ec-4254-b4e4-93ba71892c2c	15	20240885	20404366	59	-0.6531
a1a99949-83ec-4254-b4e4-93ba71892c2c	15	20406116	20647785	19	-0.0881
a1a99949-83ec-4254-b4e4-93ba71892c2c	15	20649185	22455811	69	-0.7426
a1a99949-83ec-4254-b4e4-93ba71892c2c	15	22483983	85965728	39245	0.0705
a1a99949-83ec-4254-b4e4-93ba71892c2c	15	85968663	85978606	8	-0.8373
a1a99949-83ec-4254-b4e4-93ba71892c2c	15	85978982	99875395	10512	0.0741
a1a99949-83ec-4254-b4e4-93ba71892c2c	15	99880708	99881038	2	-1.6532
a1a99949-83ec-4254-b4e4-93ba71892c2c	15	99884400	101928837	1573	0.0769
a1a99949-83ec-4254-b4e4-93ba71892c2c	16	10777	21401082	14387	0.0724
a1a99949-83ec-4254-b4e4-93ba71892c2c	16	21503753	21574710	19	-0.5277
a1a99949-83ec-4254-b4e4-93ba71892c2c	16	21575403	22417324	362	0.0688
a1a99949-83ec-4254-b4e4-93ba71892c2c	16	22420049	22680000	64	-0.4276
a1a99949-83ec-4254-b4e4-93ba71892c2c	16	22680525	35225338	5332	0.0669
a1a99949-83ec-4254-b4e4-93ba71892c2c	16	35232200	35522700	168	1.0335
a1a99949-83ec-4254-b4e4-93ba71892c2c	16	35526596	52376939	3836	0.0709
a1a99949-83ec-4254-b4e4-93ba71892c2c	16	52379038	52380779	2	-1.2752
a1a99949-83ec-4254-b4e4-93ba71892c2c	16	52383329	55761136	2755	0.066
a1a99949-83ec-4254-b4e4-93ba71892c2c	16	55762477	55782734	18	-2.7636
a1a99949-83ec-4254-b4e4-93ba71892c2c	16	55782793	55808442	5	-0.8692
a1a99949-83ec-4254-b4e4-93ba71892c2c	16	55808470	55834527	13	0.9937
a1a99949-83ec-4254-b4e4-93ba71892c2c	16	55836505	69665102	8546	0.0681
a1a99949-83ec-4254-b4e4-93ba71892c2c	16	69667891	69668956	2	-2.4206
a1a99949-83ec-4254-b4e4-93ba71892c2c	16	69672391	70105639	189	0.052
a1a99949-83ec-4254-b4e4-93ba71892c2c	16	70117657	70164453	14	0.5928
a1a99949-83ec-4254-b4e4-93ba71892c2c	16	70164493	74363160	2298	0.0664
a1a99949-83ec-4254-b4e4-93ba71892c2c	16	74364089	74364131	2	1.4631
a1a99949-83ec-4254-b4e4-93ba71892c2c	16	74371293	78337711	3207	0.0777
a1a99949-83ec-4254-b4e4-93ba71892c2c	16	78338543	78350841	16	-2.8888
a1a99949-83ec-4254-b4e4-93ba71892c2c	16	78350868	90096867	10611	0.0725
a1a99949-83ec-4254-b4e4-93ba71892c2c	17	150733	8339592	4535	0.0645
a1a99949-83ec-4254-b4e4-93ba71892c2c	17	8344229	8344415	2	-2.1922
a1a99949-83ec-4254-b4e4-93ba71892c2c	17	8346140	16750987	5938	0.0797
a1a99949-83ec-4254-b4e4-93ba71892c2c	17	16754017	16834846	11	0.7917
a1a99949-83ec-4254-b4e4-93ba71892c2c	17	16838201	18414080	908	0.0609
a1a99949-83ec-4254-b4e4-93ba71892c2c	17	18452078	18561907	27	-2.1308
a1a99949-83ec-4254-b4e4-93ba71892c2c	17	18565883	28452035	2253	0.067
a1a99949-83ec-4254-b4e4-93ba71892c2c	17	28454323	28455301	2	-2.5397
a1a99949-83ec-4254-b4e4-93ba71892c2c	17	28462253	41266838	7143	0.0774
a1a99949-83ec-4254-b4e4-93ba71892c2c	17	41266851	41267053	5	-1.8476
a1a99949-83ec-4254-b4e4-93ba71892c2c	17	41267068	41273905	10	-0.6547
a1a99949-83ec-4254-b4e4-93ba71892c2c	17	41273921	41274198	3	-2.6863
a1a99949-83ec-4254-b4e4-93ba71892c2c	17	41274279	46085732	2498	0.0676
a1a99949-83ec-4254-b4e4-93ba71892c2c	17	46088437	46206010	97	0.6026
a1a99949-83ec-4254-b4e4-93ba71892c2c	17	46208674	58123113	7388	0.0757
a1a99949-83ec-4254-b4e4-93ba71892c2c	17	58134739	58136733	5	-1.0977
a1a99949-83ec-4254-b4e4-93ba71892c2c	17	58140037	69961547	6387	0.0665
a1a99949-83ec-4254-b4e4-93ba71892c2c	17	69961571	69961686	3	-1.1356
a1a99949-83ec-4254-b4e4-93ba71892c2c	17	69963203	83091923	7816	0.0671
a1a99949-83ec-4254-b4e4-93ba71892c2c	18	48133	26785899	13871	0.0677
a1a99949-83ec-4254-b4e4-93ba71892c2c	18	26785951	26786181	3	-3.092
a1a99949-83ec-4254-b4e4-93ba71892c2c	18	26786415	40678741	8904	0.0627
a1a99949-83ec-4254-b4e4-93ba71892c2c	18	40678763	40685399	18	0.4925
a1a99949-83ec-4254-b4e4-93ba71892c2c	18	40685413	53740491	8970	0.0675
a1a99949-83ec-4254-b4e4-93ba71892c2c	18	53740727	53741022	6	-0.9255
a1a99949-83ec-4254-b4e4-93ba71892c2c	18	53741814	71393503	12356	0.0679
a1a99949-83ec-4254-b4e4-93ba71892c2c	18	71393658	73695727	1827	0.1281
a1a99949-83ec-4254-b4e4-93ba71892c2c	18	73696284	80257174	4768	0.0594
a1a99949-83ec-4254-b4e4-93ba71892c2c	19	90910	24274155	11137	0.0618
a1a99949-83ec-4254-b4e4-93ba71892c2c	19	24278016	24282042	8	-0.9376
a1a99949-83ec-4254-b4e4-93ba71892c2c	19	24282151	36261319	6013	0.0593
a1a99949-83ec-4254-b4e4-93ba71892c2c	19	36261773	36355726	16	0.6468
a1a99949-83ec-4254-b4e4-93ba71892c2c	19	36355779	50829011	7036	0.0629
a1a99949-83ec-4254-b4e4-93ba71892c2c	19	50829130	50829982	5	-0.9638
a1a99949-83ec-4254-b4e4-93ba71892c2c	19	50835951	55761691	3052	0.0611
a1a99949-83ec-4254-b4e4-93ba71892c2c	19	55766684	55774927	7	-1.2763
a1a99949-83ec-4254-b4e4-93ba71892c2c	19	55777575	58586487	1836	0.0733
a1a99949-83ec-4254-b4e4-93ba71892c2c	20	80664	1580353	1204	0.0831
a1a99949-83ec-4254-b4e4-93ba71892c2c	20	1580934	1601446	35	2.0969
a1a99949-83ec-4254-b4e4-93ba71892c2c	20	1601561	64324800	41128	0.069
a1a99949-83ec-4254-b4e4-93ba71892c2c	21	10354168	13583316	268	0.1313
a1a99949-83ec-4254-b4e4-93ba71892c2c	21	13612103	13677975	4	1.2287
a1a99949-83ec-4254-b4e4-93ba71892c2c	21	13803967	22241136	6002	0.0655
a1a99949-83ec-4254-b4e4-93ba71892c2c	21	22241403	23316895	821	0.1429
a1a99949-83ec-4254-b4e4-93ba71892c2c	21	23317135	38535933	11185	0.066
a1a99949-83ec-4254-b4e4-93ba71892c2c	21	38536193	38536597	4	-1.0665
a1a99949-83ec-4254-b4e4-93ba71892c2c	21	38538756	46677045	5567	0.0703
a1a99949-83ec-4254-b4e4-93ba71892c2c	22	15294547	42496327	17146	0.0694
a1a99949-83ec-4254-b4e4-93ba71892c2c	22	42496433	42554485	28	0.5685
a1a99949-83ec-4254-b4e4-93ba71892c2c	22	42559425	48872888	4867	0.0637
a1a99949-83ec-4254-b4e4-93ba71892c2c	22	48874111	48874730	2	-2.1487
a1a99949-83ec-4254-b4e4-93ba71892c2c	22	48877479	50796027	1233	0.0782
a1a99949-83ec-4254-b4e4-93ba71892c2c	X	251810	2671323	92	0.4713
a1a99949-83ec-4254-b4e4-93ba71892c2c	X	2747168	135698551	71097	0.0045
a1a99949-83ec-4254-b4e4-93ba71892c2c	X	135701373	135701480	2	-4.8811
a1a99949-83ec-4254-b4e4-93ba71892c2c	X	135701652	139419366	2189	0.0118
a1a99949-83ec-4254-b4e4-93ba71892c2c	X	139419452	139423876	2	-4.7783
a1a99949-83ec-4254-b4e4-93ba71892c2c	X	139424118	151029265	7588	0.0112
a1a99949-83ec-4254-b4e4-93ba71892c2c	X	151029316	151029337	2	-2.8495
a1a99949-83ec-4254-b4e4-93ba71892c2c	X	151029541	155952689	2453	-0.0035
a1a99949-83ec-4254-b4e4-93ba71892c2c	Y	2782397	3575356	238	-0.1799
a1a99949-83ec-4254-b4e4-93ba71892c2c	Y	3608930	3794276	32	-0.7725
a1a99949-83ec-4254-b4e4-93ba71892c2c	Y	3797759	5121631	260	-1.7569
a1a99949-83ec-4254-b4e4-93ba71892c2c	Y	5129119	56872112	6107	-0.8246
