GDC_Aliquot	Chromosome	Start	End	Num_Probes	Segment_Mean
e565e0da-6cbd-43da-bf73-14b0f4b4d6a6	1	62920	86341	11	-0.7614
e565e0da-6cbd-43da-bf73-14b0f4b4d6a6	1	98588	75585159	44700	0.0053
e565e0da-6cbd-43da-bf73-14b0f4b4d6a6	1	75589078	75589169	2	-3.4471
e565e0da-6cbd-43da-bf73-14b0f4b4d6a6	1	75593824	85990222	6979	0.0079
e565e0da-6cbd-43da-bf73-14b0f4b4d6a6	1	85992485	86004299	18	-1.189
e565e0da-6cbd-43da-bf73-14b0f4b4d6a6	1	86004818	105478582	11989	0.0057
e565e0da-6cbd-43da-bf73-14b0f4b4d6a6	1	105478597	105479738	10	0.7512
e565e0da-6cbd-43da-bf73-14b0f4b4d6a6	1	105479753	109690352	2631	0.0083
e565e0da-6cbd-43da-bf73-14b0f4b4d6a6	1	109690415	109697556	12	1.5972
e565e0da-6cbd-43da-bf73-14b0f4b4d6a6	1	109702376	112153465	1949	0.0151
e565e0da-6cbd-43da-bf73-14b0f4b4d6a6	1	112153571	112163334	24	-0.4806
e565e0da-6cbd-43da-bf73-14b0f4b4d6a6	1	112163438	113224635	687	0.0045
e565e0da-6cbd-43da-bf73-14b0f4b4d6a6	1	113225129	113231359	2	-0.872
e565e0da-6cbd-43da-bf73-14b0f4b4d6a6	1	113231492	115431467	1373	0.0013
e565e0da-6cbd-43da-bf73-14b0f4b4d6a6	1	115442406	115443483	2	-1.2871
e565e0da-6cbd-43da-bf73-14b0f4b4d6a6	1	115447442	120885464	2991	0.0041
e565e0da-6cbd-43da-bf73-14b0f4b4d6a6	1	120885477	120954128	2	1.2822
e565e0da-6cbd-43da-bf73-14b0f4b4d6a6	1	120954165	121705338	94	0.098
e565e0da-6cbd-43da-bf73-14b0f4b4d6a6	1	143459641	143890323	122	-0.7351
e565e0da-6cbd-43da-bf73-14b0f4b4d6a6	1	143893019	152583051	2314	0.0294
e565e0da-6cbd-43da-bf73-14b0f4b4d6a6	1	152583230	152613762	31	-2.2368
e565e0da-6cbd-43da-bf73-14b0f4b4d6a6	1	152613802	152614118	4	-0.9481
e565e0da-6cbd-43da-bf73-14b0f4b4d6a6	1	152618018	152787202	166	-0.0365
e565e0da-6cbd-43da-bf73-14b0f4b4d6a6	1	152789447	152796224	37	-2.0876
e565e0da-6cbd-43da-bf73-14b0f4b4d6a6	1	152801429	245473108	63043	0.0034
e565e0da-6cbd-43da-bf73-14b0f4b4d6a6	1	245473737	245483602	11	-1.0642
e565e0da-6cbd-43da-bf73-14b0f4b4d6a6	1	245486349	248645563	2044	0.011
e565e0da-6cbd-43da-bf73-14b0f4b4d6a6	1	248645808	248668953	7	-1.318
e565e0da-6cbd-43da-bf73-14b0f4b4d6a6	1	248670664	248930189	133	-0.0327
e565e0da-6cbd-43da-bf73-14b0f4b4d6a6	2	12784	34485743	24066	0.0098
e565e0da-6cbd-43da-bf73-14b0f4b4d6a6	2	34485758	34511990	36	0.3576
e565e0da-6cbd-43da-bf73-14b0f4b4d6a6	2	34512489	39703137	3717	0.0172
e565e0da-6cbd-43da-bf73-14b0f4b4d6a6	2	39703156	39705123	3	-0.9027
e565e0da-6cbd-43da-bf73-14b0f4b4d6a6	2	39705699	48622866	6480	0.0136
e565e0da-6cbd-43da-bf73-14b0f4b4d6a6	2	48624013	48626833	2	-1.481
e565e0da-6cbd-43da-bf73-14b0f4b4d6a6	2	48628795	52527743	2789	0.017
e565e0da-6cbd-43da-bf73-14b0f4b4d6a6	2	52531615	52554404	33	0.8668
e565e0da-6cbd-43da-bf73-14b0f4b4d6a6	2	52560811	79245571	17249	0.0103
e565e0da-6cbd-43da-bf73-14b0f4b4d6a6	2	79248225	79461920	199	0.1184
e565e0da-6cbd-43da-bf73-14b0f4b4d6a6	2	79461940	86710564	4438	0.0018
e565e0da-6cbd-43da-bf73-14b0f4b4d6a6	2	86725947	86726731	2	-1.3787
e565e0da-6cbd-43da-bf73-14b0f4b4d6a6	2	86743283	86901078	63	0.0135
e565e0da-6cbd-43da-bf73-14b0f4b4d6a6	2	86902080	86910262	2	-1.7754
e565e0da-6cbd-43da-bf73-14b0f4b4d6a6	2	86934730	87082140	12	-0.3837
e565e0da-6cbd-43da-bf73-14b0f4b4d6a6	2	87082711	106265177	7428	0.0057
e565e0da-6cbd-43da-bf73-14b0f4b4d6a6	2	106266773	106268901	8	-0.6798
e565e0da-6cbd-43da-bf73-14b0f4b4d6a6	2	106270799	113095212	3558	0.0092
e565e0da-6cbd-43da-bf73-14b0f4b4d6a6	2	113095215	113101568	3	-1.0626
e565e0da-6cbd-43da-bf73-14b0f4b4d6a6	2	113104310	128880504	9819	0.0127
e565e0da-6cbd-43da-bf73-14b0f4b4d6a6	2	128880904	128882741	15	-0.8615
e565e0da-6cbd-43da-bf73-14b0f4b4d6a6	2	128882755	133175612	2260	0.0022
e565e0da-6cbd-43da-bf73-14b0f4b4d6a6	2	133175890	133177476	4	0.8799
e565e0da-6cbd-43da-bf73-14b0f4b4d6a6	2	133179336	146104517	8139	0.0098
e565e0da-6cbd-43da-bf73-14b0f4b4d6a6	2	146106836	146109366	24	-1.905
e565e0da-6cbd-43da-bf73-14b0f4b4d6a6	2	146120238	212316597	39968	0.0058
e565e0da-6cbd-43da-bf73-14b0f4b4d6a6	2	212321824	212327088	24	-0.7476
e565e0da-6cbd-43da-bf73-14b0f4b4d6a6	2	212327101	242147305	18998	0.0045
e565e0da-6cbd-43da-bf73-14b0f4b4d6a6	3	20930	2780268	2404	0.0635
e565e0da-6cbd-43da-bf73-14b0f4b4d6a6	3	2780466	3842373	1046	0.0097
e565e0da-6cbd-43da-bf73-14b0f4b4d6a6	3	3842720	7083490	2762	0.0345
e565e0da-6cbd-43da-bf73-14b0f4b4d6a6	3	7083543	15412511	6146	-0.0018
e565e0da-6cbd-43da-bf73-14b0f4b4d6a6	3	15415329	15416030	2	-1.2331
e565e0da-6cbd-43da-bf73-14b0f4b4d6a6	3	15416610	25354586	6644	0.0143
e565e0da-6cbd-43da-bf73-14b0f4b4d6a6	3	25355269	25355474	3	-0.8734
e565e0da-6cbd-43da-bf73-14b0f4b4d6a6	3	25356684	37935926	8566	0.0109
e565e0da-6cbd-43da-bf73-14b0f4b4d6a6	3	37940617	37945437	18	-0.8284
e565e0da-6cbd-43da-bf73-14b0f4b4d6a6	3	37945615	45304269	4545	0.011
e565e0da-6cbd-43da-bf73-14b0f4b4d6a6	3	45304696	45304886	2	-1.1847
e565e0da-6cbd-43da-bf73-14b0f4b4d6a6	3	45304961	51588713	2929	0.0022
e565e0da-6cbd-43da-bf73-14b0f4b4d6a6	3	51589542	51613405	4	-0.7778
e565e0da-6cbd-43da-bf73-14b0f4b4d6a6	3	51614470	59715720	5156	-0.0001
e565e0da-6cbd-43da-bf73-14b0f4b4d6a6	3	59717095	60412423	810	0.0986
e565e0da-6cbd-43da-bf73-14b0f4b4d6a6	3	60412570	60413421	2	-0.8786
e565e0da-6cbd-43da-bf73-14b0f4b4d6a6	3	60413439	61080975	725	0.0848
e565e0da-6cbd-43da-bf73-14b0f4b4d6a6	3	61081314	65202778	3476	0.0142
e565e0da-6cbd-43da-bf73-14b0f4b4d6a6	3	65203560	65207258	8	-0.9678
e565e0da-6cbd-43da-bf73-14b0f4b4d6a6	3	65207292	65213747	21	-0.6176
e565e0da-6cbd-43da-bf73-14b0f4b4d6a6	3	65213893	65214027	2	-1.166
e565e0da-6cbd-43da-bf73-14b0f4b4d6a6	3	65214192	65217857	5	0.0477
e565e0da-6cbd-43da-bf73-14b0f4b4d6a6	3	65217863	65224777	16	-0.7561
e565e0da-6cbd-43da-bf73-14b0f4b4d6a6	3	65230674	68697013	2419	0.0091
e565e0da-6cbd-43da-bf73-14b0f4b4d6a6	3	68697108	68698262	14	-2.1252
e565e0da-6cbd-43da-bf73-14b0f4b4d6a6	3	68699607	89337951	12598	0.0034
e565e0da-6cbd-43da-bf73-14b0f4b4d6a6	3	89345442	89345592	8	-0.9597
e565e0da-6cbd-43da-bf73-14b0f4b4d6a6	3	89355950	89355967	4	-0.0806
e565e0da-6cbd-43da-bf73-14b0f4b4d6a6	3	89356604	89370231	39	-0.8116
e565e0da-6cbd-43da-bf73-14b0f4b4d6a6	3	89370771	99215668	3225	0.0051
e565e0da-6cbd-43da-bf73-14b0f4b4d6a6	3	99215760	99232539	44	0.2388
e565e0da-6cbd-43da-bf73-14b0f4b4d6a6	3	99232990	150610845	31442	0.0064
e565e0da-6cbd-43da-bf73-14b0f4b4d6a6	3	150613774	150614224	4	-1.0009
e565e0da-6cbd-43da-bf73-14b0f4b4d6a6	3	150616975	162822702	7518	0.0071
e565e0da-6cbd-43da-bf73-14b0f4b4d6a6	3	162827928	162906093	45	-0.2674
e565e0da-6cbd-43da-bf73-14b0f4b4d6a6	3	162906109	169012392	3439	0.0072
e565e0da-6cbd-43da-bf73-14b0f4b4d6a6	3	169015614	169020840	2	-2.312
e565e0da-6cbd-43da-bf73-14b0f4b4d6a6	3	169022039	175362822	4200	0.0118
e565e0da-6cbd-43da-bf73-14b0f4b4d6a6	3	175362958	175363437	4	-4.1148
e565e0da-6cbd-43da-bf73-14b0f4b4d6a6	3	175363536	194913859	12661	0.009
e565e0da-6cbd-43da-bf73-14b0f4b4d6a6	3	194920587	194921116	5	-0.7228
e565e0da-6cbd-43da-bf73-14b0f4b4d6a6	3	194921751	195558822	317	0.0124
e565e0da-6cbd-43da-bf73-14b0f4b4d6a6	3	195559056	195685341	6	-0.6676
e565e0da-6cbd-43da-bf73-14b0f4b4d6a6	3	195691392	198169247	1205	0.0101
e565e0da-6cbd-43da-bf73-14b0f4b4d6a6	4	68929	85277	19	-1.0946
e565e0da-6cbd-43da-bf73-14b0f4b4d6a6	4	85909	9455251	5139	0.0013
e565e0da-6cbd-43da-bf73-14b0f4b4d6a6	4	9459504	9463248	3	1.4816
e565e0da-6cbd-43da-bf73-14b0f4b4d6a6	4	9469529	10222004	546	0.0416
e565e0da-6cbd-43da-bf73-14b0f4b4d6a6	4	10222224	10233644	33	0.4046
e565e0da-6cbd-43da-bf73-14b0f4b4d6a6	4	10234518	10412284	201	0.0954
e565e0da-6cbd-43da-bf73-14b0f4b4d6a6	4	10413762	34777353	16744	0.0018
e565e0da-6cbd-43da-bf73-14b0f4b4d6a6	4	34777382	34777432	4	-0.8796
e565e0da-6cbd-43da-bf73-14b0f4b4d6a6	4	34784878	34823103	38	-2.8564
e565e0da-6cbd-43da-bf73-14b0f4b4d6a6	4	34828250	39706499	3319	0.0038
e565e0da-6cbd-43da-bf73-14b0f4b4d6a6	4	39707502	39711713	4	-0.965
e565e0da-6cbd-43da-bf73-14b0f4b4d6a6	4	39711868	42930934	2055	0.0025
e565e0da-6cbd-43da-bf73-14b0f4b4d6a6	4	42931479	43275755	243	0.0994
e565e0da-6cbd-43da-bf73-14b0f4b4d6a6	4	43275772	57183027	6892	0.0035
e565e0da-6cbd-43da-bf73-14b0f4b4d6a6	4	57185482	57234405	40	0.6264
e565e0da-6cbd-43da-bf73-14b0f4b4d6a6	4	57236258	68472846	6875	-0.0073
e565e0da-6cbd-43da-bf73-14b0f4b4d6a6	4	68478894	68623617	70	0.5092
e565e0da-6cbd-43da-bf73-14b0f4b4d6a6	4	68639397	69257792	314	0.0465
e565e0da-6cbd-43da-bf73-14b0f4b4d6a6	4	69261926	69366081	54	0.3012
e565e0da-6cbd-43da-bf73-14b0f4b4d6a6	4	69366304	156047028	52152	0.0044
e565e0da-6cbd-43da-bf73-14b0f4b4d6a6	4	156047131	156047146	2	-1.703
e565e0da-6cbd-43da-bf73-14b0f4b4d6a6	4	156047321	160952773	3067	0.0023
e565e0da-6cbd-43da-bf73-14b0f4b4d6a6	4	160952788	160963806	25	0.3422
e565e0da-6cbd-43da-bf73-14b0f4b4d6a6	4	160963815	172066777	7066	0.0017
e565e0da-6cbd-43da-bf73-14b0f4b4d6a6	4	172067997	172068382	12	-1.9954
e565e0da-6cbd-43da-bf73-14b0f4b4d6a6	4	172074828	182647519	7114	0.0005
e565e0da-6cbd-43da-bf73-14b0f4b4d6a6	4	182650187	182651199	3	-0.967
e565e0da-6cbd-43da-bf73-14b0f4b4d6a6	4	182651237	186168388	2380	0.0163
e565e0da-6cbd-43da-bf73-14b0f4b4d6a6	4	186172834	186176244	2	-1.0306
e565e0da-6cbd-43da-bf73-14b0f4b4d6a6	4	186185716	188310615	1445	-0.004
e565e0da-6cbd-43da-bf73-14b0f4b4d6a6	4	188310666	188310867	3	0.8244
e565e0da-6cbd-43da-bf73-14b0f4b4d6a6	4	188310960	189158658	672	0.0174
e565e0da-6cbd-43da-bf73-14b0f4b4d6a6	4	189158913	189162101	3	-1.0316
e565e0da-6cbd-43da-bf73-14b0f4b4d6a6	4	189162647	189267889	88	0.0065
e565e0da-6cbd-43da-bf73-14b0f4b4d6a6	4	189273964	189278110	4	0.9559
e565e0da-6cbd-43da-bf73-14b0f4b4d6a6	4	189278617	190106768	350	0.0127
e565e0da-6cbd-43da-bf73-14b0f4b4d6a6	5	15532	8702128	6924	-0.0005
e565e0da-6cbd-43da-bf73-14b0f4b4d6a6	5	8702410	8747030	47	-0.8693
e565e0da-6cbd-43da-bf73-14b0f4b4d6a6	5	8749619	12791608	3198	0.0078
e565e0da-6cbd-43da-bf73-14b0f4b4d6a6	5	12800777	12826538	12	-2.1004
e565e0da-6cbd-43da-bf73-14b0f4b4d6a6	5	12833745	12998813	57	-0.0129
e565e0da-6cbd-43da-bf73-14b0f4b4d6a6	5	13005102	13014395	3	1.033
e565e0da-6cbd-43da-bf73-14b0f4b4d6a6	5	13014933	15719241	1912	0.0004
e565e0da-6cbd-43da-bf73-14b0f4b4d6a6	5	15719966	15720488	9	-0.8179
e565e0da-6cbd-43da-bf73-14b0f4b4d6a6	5	15723237	29077540	7950	0.0048
e565e0da-6cbd-43da-bf73-14b0f4b4d6a6	5	29077675	29077992	10	-0.9902
e565e0da-6cbd-43da-bf73-14b0f4b4d6a6	5	29078527	39434247	6923	0.0086
e565e0da-6cbd-43da-bf73-14b0f4b4d6a6	5	39437897	39438473	2	-1.2689
e565e0da-6cbd-43da-bf73-14b0f4b4d6a6	5	39439204	54055064	5916	0.0135
e565e0da-6cbd-43da-bf73-14b0f4b4d6a6	5	54057171	54071230	12	0.569
e565e0da-6cbd-43da-bf73-14b0f4b4d6a6	5	54073185	58033703	2717	0.0056
e565e0da-6cbd-43da-bf73-14b0f4b4d6a6	5	58033756	58037128	24	-0.4504
e565e0da-6cbd-43da-bf73-14b0f4b4d6a6	5	58037466	63251739	3415	0.0033
e565e0da-6cbd-43da-bf73-14b0f4b4d6a6	5	63251978	63887110	378	0.0773
e565e0da-6cbd-43da-bf73-14b0f4b4d6a6	5	63889871	70959079	3508	0.0084
e565e0da-6cbd-43da-bf73-14b0f4b4d6a6	5	71010832	71095426	8	-0.8722
e565e0da-6cbd-43da-bf73-14b0f4b4d6a6	5	71358245	104515520	19483	0.0081
e565e0da-6cbd-43da-bf73-14b0f4b4d6a6	5	104524672	104524903	4	2.7515
e565e0da-6cbd-43da-bf73-14b0f4b4d6a6	5	104525348	113176802	5800	0.0071
e565e0da-6cbd-43da-bf73-14b0f4b4d6a6	5	113178589	113181220	3	-1.169
e565e0da-6cbd-43da-bf73-14b0f4b4d6a6	5	113181738	130417038	11453	0.0087
e565e0da-6cbd-43da-bf73-14b0f4b4d6a6	5	130417334	130436759	15	-0.3309
e565e0da-6cbd-43da-bf73-14b0f4b4d6a6	5	130438998	156048095	16130	0.0071
e565e0da-6cbd-43da-bf73-14b0f4b4d6a6	5	156049762	156055719	14	-0.7364
e565e0da-6cbd-43da-bf73-14b0f4b4d6a6	5	156068240	173778279	12391	0.0062
e565e0da-6cbd-43da-bf73-14b0f4b4d6a6	5	173778497	173778869	3	0.9337
e565e0da-6cbd-43da-bf73-14b0f4b4d6a6	5	173779213	175946505	1659	-0.0059
e565e0da-6cbd-43da-bf73-14b0f4b4d6a6	5	175960543	175993893	7	0.7079
e565e0da-6cbd-43da-bf73-14b0f4b4d6a6	5	175999690	177724103	726	0.0021
e565e0da-6cbd-43da-bf73-14b0f4b4d6a6	5	177730398	177879634	15	-0.5451
e565e0da-6cbd-43da-bf73-14b0f4b4d6a6	5	177883336	180972373	1795	-0.0051
e565e0da-6cbd-43da-bf73-14b0f4b4d6a6	5	180975764	180991103	12	-0.5035
e565e0da-6cbd-43da-bf73-14b0f4b4d6a6	5	181006225	181363319	170	0.0083
e565e0da-6cbd-43da-bf73-14b0f4b4d6a6	6	149661	254267	100	0.0409
e565e0da-6cbd-43da-bf73-14b0f4b4d6a6	6	254283	302306	25	0.34
e565e0da-6cbd-43da-bf73-14b0f4b4d6a6	6	303017	16375021	12604	0.008
e565e0da-6cbd-43da-bf73-14b0f4b4d6a6	6	16376393	16377416	4	0.7838
e565e0da-6cbd-43da-bf73-14b0f4b4d6a6	6	16380656	16567520	203	0.0379
e565e0da-6cbd-43da-bf73-14b0f4b4d6a6	6	16567942	16573304	8	-0.9264
e565e0da-6cbd-43da-bf73-14b0f4b4d6a6	6	16573676	32463515	9868	-0.0003
e565e0da-6cbd-43da-bf73-14b0f4b4d6a6	6	32463775	32533522	19	1.4795
e565e0da-6cbd-43da-bf73-14b0f4b4d6a6	6	32540699	32722250	91	0.245
e565e0da-6cbd-43da-bf73-14b0f4b4d6a6	6	32723020	32723053	3	2.4225
e565e0da-6cbd-43da-bf73-14b0f4b4d6a6	6	32732907	54066621	13634	0.0037
e565e0da-6cbd-43da-bf73-14b0f4b4d6a6	6	54067005	54067057	2	1.0803
e565e0da-6cbd-43da-bf73-14b0f4b4d6a6	6	54070550	55960697	1211	0.001
e565e0da-6cbd-43da-bf73-14b0f4b4d6a6	6	55961357	55978862	10	-0.9752
e565e0da-6cbd-43da-bf73-14b0f4b4d6a6	6	55986080	58126421	865	0.0006
e565e0da-6cbd-43da-bf73-14b0f4b4d6a6	6	58126776	61813538	662	0.0613
e565e0da-6cbd-43da-bf73-14b0f4b4d6a6	6	61813565	64187262	1221	0.003
e565e0da-6cbd-43da-bf73-14b0f4b4d6a6	6	64190656	64191455	2	1.2381
e565e0da-6cbd-43da-bf73-14b0f4b4d6a6	6	64194883	64627049	246	-0.0013
e565e0da-6cbd-43da-bf73-14b0f4b4d6a6	6	64637651	64639099	2	-2.7847
e565e0da-6cbd-43da-bf73-14b0f4b4d6a6	6	64640883	78253172	8925	-0.0011
e565e0da-6cbd-43da-bf73-14b0f4b4d6a6	6	78259348	78325468	113	-0.4972
e565e0da-6cbd-43da-bf73-14b0f4b4d6a6	6	78329517	103286928	15456	0.0034
e565e0da-6cbd-43da-bf73-14b0f4b4d6a6	6	103286941	103323069	56	-0.2424
e565e0da-6cbd-43da-bf73-14b0f4b4d6a6	6	103326915	132385122	17906	0.0038
e565e0da-6cbd-43da-bf73-14b0f4b4d6a6	6	132388218	132391904	5	-0.9037
e565e0da-6cbd-43da-bf73-14b0f4b4d6a6	6	132398229	133945130	1129	0.0014
e565e0da-6cbd-43da-bf73-14b0f4b4d6a6	6	133947933	133948494	2	1.0834
e565e0da-6cbd-43da-bf73-14b0f4b4d6a6	6	133950934	134332045	248	-0.0122
e565e0da-6cbd-43da-bf73-14b0f4b4d6a6	6	134332249	134333950	4	-0.6331
e565e0da-6cbd-43da-bf73-14b0f4b4d6a6	6	134334281	135014291	468	0.0225
e565e0da-6cbd-43da-bf73-14b0f4b4d6a6	6	135021116	135022100	2	-1.2863
e565e0da-6cbd-43da-bf73-14b0f4b4d6a6	6	135028432	166630591	21779	0.0011
e565e0da-6cbd-43da-bf73-14b0f4b4d6a6	6	166634139	166634505	3	-1.0063
e565e0da-6cbd-43da-bf73-14b0f4b4d6a6	6	166635633	170741917	2540	0.005
e565e0da-6cbd-43da-bf73-14b0f4b4d6a6	7	43355	4634827	2516	0.019
e565e0da-6cbd-43da-bf73-14b0f4b4d6a6	7	4644145	4644243	3	-1.8454
e565e0da-6cbd-43da-bf73-14b0f4b4d6a6	7	4645497	5927524	546	0.0009
e565e0da-6cbd-43da-bf73-14b0f4b4d6a6	7	5934512	5964274	5	-0.7305
e565e0da-6cbd-43da-bf73-14b0f4b4d6a6	7	5986976	6659227	304	-0.0062
e565e0da-6cbd-43da-bf73-14b0f4b4d6a6	7	6660207	10553423	3093	0.0467
e565e0da-6cbd-43da-bf73-14b0f4b4d6a6	7	10555473	15392007	3894	0.0089
e565e0da-6cbd-43da-bf73-14b0f4b4d6a6	7	15392045	15393664	2	-2.1043
e565e0da-6cbd-43da-bf73-14b0f4b4d6a6	7	15394440	29256417	10680	0.0083
e565e0da-6cbd-43da-bf73-14b0f4b4d6a6	7	29256432	29477739	229	0.1079
e565e0da-6cbd-43da-bf73-14b0f4b4d6a6	7	29477820	38251092	6047	0.0072
e565e0da-6cbd-43da-bf73-14b0f4b4d6a6	7	38251113	38263833	8	1.2446
e565e0da-6cbd-43da-bf73-14b0f4b4d6a6	7	38271122	38292693	54	0.3877
e565e0da-6cbd-43da-bf73-14b0f4b4d6a6	7	38293400	70955452	17161	0.0088
e565e0da-6cbd-43da-bf73-14b0f4b4d6a6	7	70958264	70961155	2	-2.2463
e565e0da-6cbd-43da-bf73-14b0f4b4d6a6	7	70963257	76524031	2142	0.008
e565e0da-6cbd-43da-bf73-14b0f4b4d6a6	7	76524046	76531980	3	-1.0753
e565e0da-6cbd-43da-bf73-14b0f4b4d6a6	7	76531991	83890521	4911	0.0137
e565e0da-6cbd-43da-bf73-14b0f4b4d6a6	7	83894600	83894863	2	-1.1439
e565e0da-6cbd-43da-bf73-14b0f4b4d6a6	7	83898739	109797036	15206	0.0129
e565e0da-6cbd-43da-bf73-14b0f4b4d6a6	7	109797037	109813925	34	-0.291
e565e0da-6cbd-43da-bf73-14b0f4b4d6a6	7	109814172	126405502	10015	0.0144
e565e0da-6cbd-43da-bf73-14b0f4b4d6a6	7	126405597	126406822	11	-1.1458
e565e0da-6cbd-43da-bf73-14b0f4b4d6a6	7	126406823	142057791	9913	0.0121
e565e0da-6cbd-43da-bf73-14b0f4b4d6a6	7	142058171	142809831	495	0.1405
e565e0da-6cbd-43da-bf73-14b0f4b4d6a6	7	142810364	143521765	439	0.0016
e565e0da-6cbd-43da-bf73-14b0f4b4d6a6	7	143529806	143603307	5	-0.5896
e565e0da-6cbd-43da-bf73-14b0f4b4d6a6	7	143728285	144199159	299	0.0462
e565e0da-6cbd-43da-bf73-14b0f4b4d6a6	7	144207186	144352208	15	0.6195
e565e0da-6cbd-43da-bf73-14b0f4b4d6a6	7	144377836	147583225	2103	0.0042
e565e0da-6cbd-43da-bf73-14b0f4b4d6a6	7	147583290	147583566	3	-0.8019
e565e0da-6cbd-43da-bf73-14b0f4b4d6a6	7	147583942	150209431	1498	0.0118
e565e0da-6cbd-43da-bf73-14b0f4b4d6a6	7	150211753	150212153	2	-1.0367
e565e0da-6cbd-43da-bf73-14b0f4b4d6a6	7	150212265	153450553	1940	0.0086
e565e0da-6cbd-43da-bf73-14b0f4b4d6a6	7	153450560	153450627	2	-3.0182
e565e0da-6cbd-43da-bf73-14b0f4b4d6a6	7	153450630	159334314	4086	0.0039
e565e0da-6cbd-43da-bf73-14b0f4b4d6a6	8	81254	645875	330	0.0453
e565e0da-6cbd-43da-bf73-14b0f4b4d6a6	8	645892	645908	2	4.1921
e565e0da-6cbd-43da-bf73-14b0f4b4d6a6	8	656117	2132302	1142	0.0059
e565e0da-6cbd-43da-bf73-14b0f4b4d6a6	8	2132407	2137191	19	-0.3953
e565e0da-6cbd-43da-bf73-14b0f4b4d6a6	8	2142105	2844412	544	0.0385
e565e0da-6cbd-43da-bf73-14b0f4b4d6a6	8	2846011	2846377	7	0.9145
e565e0da-6cbd-43da-bf73-14b0f4b4d6a6	8	2849649	5716836	3919	0.0205
e565e0da-6cbd-43da-bf73-14b0f4b4d6a6	8	5718947	5719222	6	-0.8182
e565e0da-6cbd-43da-bf73-14b0f4b4d6a6	8	5721181	6039087	421	0.0398
e565e0da-6cbd-43da-bf73-14b0f4b4d6a6	8	6039489	6040573	3	-1.5905
e565e0da-6cbd-43da-bf73-14b0f4b4d6a6	8	6041326	7358220	1336	0.0156
e565e0da-6cbd-43da-bf73-14b0f4b4d6a6	8	7358233	7380497	14	-0.5063
e565e0da-6cbd-43da-bf73-14b0f4b4d6a6	8	7396819	7888846	24	-0.0375
e565e0da-6cbd-43da-bf73-14b0f4b4d6a6	8	7889612	7890177	2	-1.6964
e565e0da-6cbd-43da-bf73-14b0f4b4d6a6	8	7919608	8132772	17	-0.2998
e565e0da-6cbd-43da-bf73-14b0f4b4d6a6	8	8139659	10502003	2054	0.0228
e565e0da-6cbd-43da-bf73-14b0f4b4d6a6	8	10502124	10502600	2	1.0102
e565e0da-6cbd-43da-bf73-14b0f4b4d6a6	8	10504833	14427181	2940	0.0128
e565e0da-6cbd-43da-bf73-14b0f4b4d6a6	8	14427702	14428681	2	-1.2106
e565e0da-6cbd-43da-bf73-14b0f4b4d6a6	8	14428696	18407644	3589	0.0045
e565e0da-6cbd-43da-bf73-14b0f4b4d6a6	8	18408647	18413675	4	-1.7552
e565e0da-6cbd-43da-bf73-14b0f4b4d6a6	8	18413877	25114672	5077	0.0034
e565e0da-6cbd-43da-bf73-14b0f4b4d6a6	8	25116928	25126818	27	-2.3975
e565e0da-6cbd-43da-bf73-14b0f4b4d6a6	8	25133589	32821348	5420	-0.004
e565e0da-6cbd-43da-bf73-14b0f4b4d6a6	8	32825580	32830685	7	-0.5699
e565e0da-6cbd-43da-bf73-14b0f4b4d6a6	8	32830895	39373140	3572	0.0079
e565e0da-6cbd-43da-bf73-14b0f4b4d6a6	8	39378084	39529446	58	-2.3617
e565e0da-6cbd-43da-bf73-14b0f4b4d6a6	8	39530780	40609497	856	0.0036
e565e0da-6cbd-43da-bf73-14b0f4b4d6a6	8	40611724	40611974	2	-1.2764
e565e0da-6cbd-43da-bf73-14b0f4b4d6a6	8	40612594	46605390	1904	0.0038
e565e0da-6cbd-43da-bf73-14b0f4b4d6a6	8	46609495	46624924	11	0.8036
e565e0da-6cbd-43da-bf73-14b0f4b4d6a6	8	46634473	128744020	50832	0.0003
e565e0da-6cbd-43da-bf73-14b0f4b4d6a6	8	128750889	128751839	2	-2.0793
e565e0da-6cbd-43da-bf73-14b0f4b4d6a6	8	128765208	143203018	10594	0.0029
e565e0da-6cbd-43da-bf73-14b0f4b4d6a6	8	143209006	143228432	15	-0.484
e565e0da-6cbd-43da-bf73-14b0f4b4d6a6	8	143228447	145072769	630	0.0023
e565e0da-6cbd-43da-bf73-14b0f4b4d6a6	9	46587	1738753	1891	0.0424
e565e0da-6cbd-43da-bf73-14b0f4b4d6a6	9	1740278	1740676	3	-1.0621
e565e0da-6cbd-43da-bf73-14b0f4b4d6a6	9	1740718	14258523	11138	0.0158
e565e0da-6cbd-43da-bf73-14b0f4b4d6a6	9	14260139	14260433	2	-1.2116
e565e0da-6cbd-43da-bf73-14b0f4b4d6a6	9	14260685	22492890	6779	0.0089
e565e0da-6cbd-43da-bf73-14b0f4b4d6a6	9	22501914	22502700	2	1.3317
e565e0da-6cbd-43da-bf73-14b0f4b4d6a6	9	22509341	23361807	577	-0.0118
e565e0da-6cbd-43da-bf73-14b0f4b4d6a6	9	23363117	23373486	8	-2.2967
e565e0da-6cbd-43da-bf73-14b0f4b4d6a6	9	23378490	41741113	10834	0.0046
e565e0da-6cbd-43da-bf73-14b0f4b4d6a6	9	42014203	42719891	49	-0.5906
e565e0da-6cbd-43da-bf73-14b0f4b4d6a6	9	42720266	60898630	37	-0.1037
e565e0da-6cbd-43da-bf73-14b0f4b4d6a6	9	61337631	61405110	7	-0.9058
e565e0da-6cbd-43da-bf73-14b0f4b4d6a6	9	61520021	64877074	152	-0.1001
e565e0da-6cbd-43da-bf73-14b0f4b4d6a6	9	64881149	74054239	4147	0.0137
e565e0da-6cbd-43da-bf73-14b0f4b4d6a6	9	74054740	74057040	3	-1.0055
e565e0da-6cbd-43da-bf73-14b0f4b4d6a6	9	74057716	137358495	43337	0.0044
e565e0da-6cbd-43da-bf73-14b0f4b4d6a6	9	137361190	137361381	3	-1.3039
e565e0da-6cbd-43da-bf73-14b0f4b4d6a6	9	137378551	138200944	406	0.0121
e565e0da-6cbd-43da-bf73-14b0f4b4d6a6	10	45792	24086334	19161	0.0129
e565e0da-6cbd-43da-bf73-14b0f4b4d6a6	10	24088745	24089125	11	0.7967
e565e0da-6cbd-43da-bf73-14b0f4b4d6a6	10	24089979	30962419	5013	0.0159
e565e0da-6cbd-43da-bf73-14b0f4b4d6a6	10	30962594	30962850	9	-0.6759
e565e0da-6cbd-43da-bf73-14b0f4b4d6a6	10	30962893	46560525	7473	0.01
e565e0da-6cbd-43da-bf73-14b0f4b4d6a6	10	46606240	46632302	5	-0.9607
e565e0da-6cbd-43da-bf73-14b0f4b4d6a6	10	46657149	46836986	11	0.1654
e565e0da-6cbd-43da-bf73-14b0f4b4d6a6	10	46898735	46901552	2	3.0639
e565e0da-6cbd-43da-bf73-14b0f4b4d6a6	10	46967412	66317834	13302	0.0183
e565e0da-6cbd-43da-bf73-14b0f4b4d6a6	10	66318006	66349580	32	-0.9386
e565e0da-6cbd-43da-bf73-14b0f4b4d6a6	10	66362774	69515737	1898	0.0195
e565e0da-6cbd-43da-bf73-14b0f4b4d6a6	10	69522716	69523086	5	-0.6882
e565e0da-6cbd-43da-bf73-14b0f4b4d6a6	10	69531858	79424674	6624	0.0146
e565e0da-6cbd-43da-bf73-14b0f4b4d6a6	10	79425207	79425258	2	-1.018
e565e0da-6cbd-43da-bf73-14b0f4b4d6a6	10	79426222	90324763	7482	0.0162
e565e0da-6cbd-43da-bf73-14b0f4b4d6a6	10	90327599	90328369	3	-0.8945
e565e0da-6cbd-43da-bf73-14b0f4b4d6a6	10	90329721	112351590	14084	0.0135
e565e0da-6cbd-43da-bf73-14b0f4b4d6a6	10	112352317	112357080	3	-0.9001
e565e0da-6cbd-43da-bf73-14b0f4b4d6a6	10	112358659	120060677	5267	0.0211
e565e0da-6cbd-43da-bf73-14b0f4b4d6a6	10	120067684	120068003	3	-0.9223
e565e0da-6cbd-43da-bf73-14b0f4b4d6a6	10	120068323	127693289	5965	0.0073
e565e0da-6cbd-43da-bf73-14b0f4b4d6a6	10	127697228	127699960	12	-0.911
e565e0da-6cbd-43da-bf73-14b0f4b4d6a6	10	127702085	133654968	4184	0.0208
e565e0da-6cbd-43da-bf73-14b0f4b4d6a6	11	198510	5762693	3227	-0.0038
e565e0da-6cbd-43da-bf73-14b0f4b4d6a6	11	5766175	5787909	33	-0.6224
e565e0da-6cbd-43da-bf73-14b0f4b4d6a6	11	5788108	18928175	9409	0.0045
e565e0da-6cbd-43da-bf73-14b0f4b4d6a6	11	18928190	18939855	32	-0.2417
e565e0da-6cbd-43da-bf73-14b0f4b4d6a6	11	18940050	22431683	2969	0.0039
e565e0da-6cbd-43da-bf73-14b0f4b4d6a6	11	22435846	22435903	2	-1.0778
e565e0da-6cbd-43da-bf73-14b0f4b4d6a6	11	22439471	37007516	10352	0.0021
e565e0da-6cbd-43da-bf73-14b0f4b4d6a6	11	37007771	37187776	185	0.1154
e565e0da-6cbd-43da-bf73-14b0f4b4d6a6	11	37187892	48576870	7042	0.0003
e565e0da-6cbd-43da-bf73-14b0f4b4d6a6	11	48579882	48581124	2	-2.322
e565e0da-6cbd-43da-bf73-14b0f4b4d6a6	11	48584766	54743970	887	-0.0127
e565e0da-6cbd-43da-bf73-14b0f4b4d6a6	11	54762035	54766290	3	-1.1158
e565e0da-6cbd-43da-bf73-14b0f4b4d6a6	11	54782119	86594771	18072	0.003
e565e0da-6cbd-43da-bf73-14b0f4b4d6a6	11	86594775	86595012	4	-1.0593
e565e0da-6cbd-43da-bf73-14b0f4b4d6a6	11	86604132	88483040	1326	0.0033
e565e0da-6cbd-43da-bf73-14b0f4b4d6a6	11	88483608	88484228	2	-1.0977
e565e0da-6cbd-43da-bf73-14b0f4b4d6a6	11	88484273	89796439	763	0.0091
e565e0da-6cbd-43da-bf73-14b0f4b4d6a6	11	89802300	89817056	7	0.4699
e565e0da-6cbd-43da-bf73-14b0f4b4d6a6	11	89834373	89966336	7	-0.4458
e565e0da-6cbd-43da-bf73-14b0f4b4d6a6	11	90043678	90077170	4	-1.4137
e565e0da-6cbd-43da-bf73-14b0f4b4d6a6	11	90085142	101723653	8670	0.0012
e565e0da-6cbd-43da-bf73-14b0f4b4d6a6	11	101727129	101727481	5	0.7325
e565e0da-6cbd-43da-bf73-14b0f4b4d6a6	11	101729167	104103360	1605	0.0103
e565e0da-6cbd-43da-bf73-14b0f4b4d6a6	11	104104448	104104449	2	-1.1863
e565e0da-6cbd-43da-bf73-14b0f4b4d6a6	11	104106219	135074876	22088	0.0049
e565e0da-6cbd-43da-bf73-14b0f4b4d6a6	12	51460	4276627	2879	0.0182
e565e0da-6cbd-43da-bf73-14b0f4b4d6a6	12	4276648	4277607	5	0.8578
e565e0da-6cbd-43da-bf73-14b0f4b4d6a6	12	4278918	9452579	3270	0.0049
e565e0da-6cbd-43da-bf73-14b0f4b4d6a6	12	9460304	9561078	36	0.3256
e565e0da-6cbd-43da-bf73-14b0f4b4d6a6	12	9562969	27493059	12383	0.0116
e565e0da-6cbd-43da-bf73-14b0f4b4d6a6	12	27494808	27498429	28	-0.7031
e565e0da-6cbd-43da-bf73-14b0f4b4d6a6	12	27504228	31753738	3131	0.0125
e565e0da-6cbd-43da-bf73-14b0f4b4d6a6	12	31754340	31756974	4	-1.3177
e565e0da-6cbd-43da-bf73-14b0f4b4d6a6	12	31764286	33141726	1011	-0.0007
e565e0da-6cbd-43da-bf73-14b0f4b4d6a6	12	33148472	33155426	28	-0.6178
e565e0da-6cbd-43da-bf73-14b0f4b4d6a6	12	33155453	37593924	827	0.0199
e565e0da-6cbd-43da-bf73-14b0f4b4d6a6	12	37618765	37620216	2	-2.0086
e565e0da-6cbd-43da-bf73-14b0f4b4d6a6	12	37640556	48331259	6465	0.0065
e565e0da-6cbd-43da-bf73-14b0f4b4d6a6	12	48331456	48331632	3	-2.1978
e565e0da-6cbd-43da-bf73-14b0f4b4d6a6	12	48336253	132826748	54472	0.0068
e565e0da-6cbd-43da-bf73-14b0f4b4d6a6	12	132835379	132835751	3	-1.243
e565e0da-6cbd-43da-bf73-14b0f4b4d6a6	12	132836964	133201603	177	0.0119
e565e0da-6cbd-43da-bf73-14b0f4b4d6a6	13	18452809	24461469	3990	0.0037
e565e0da-6cbd-43da-bf73-14b0f4b4d6a6	13	24465452	24465460	3	-1.2298
e565e0da-6cbd-43da-bf73-14b0f4b4d6a6	13	24465540	25397343	612	-0.0017
e565e0da-6cbd-43da-bf73-14b0f4b4d6a6	13	25398342	25398358	2	-1.2371
e565e0da-6cbd-43da-bf73-14b0f4b4d6a6	13	25398673	38478674	9574	-0.0005
e565e0da-6cbd-43da-bf73-14b0f4b4d6a6	13	38483435	38483919	2	-1.8124
e565e0da-6cbd-43da-bf73-14b0f4b4d6a6	13	38490920	49975945	7770	0.0041
e565e0da-6cbd-43da-bf73-14b0f4b4d6a6	13	49976328	51436140	920	0.0583
e565e0da-6cbd-43da-bf73-14b0f4b4d6a6	13	51436158	52520664	491	0.0006
e565e0da-6cbd-43da-bf73-14b0f4b4d6a6	13	52523849	52531650	3	-1.4514
e565e0da-6cbd-43da-bf73-14b0f4b4d6a6	13	52543744	70377501	10702	0.0013
e565e0da-6cbd-43da-bf73-14b0f4b4d6a6	13	70383179	70383479	3	-1.2213
e565e0da-6cbd-43da-bf73-14b0f4b4d6a6	13	70384418	71902850	921	-0.0137
e565e0da-6cbd-43da-bf73-14b0f4b4d6a6	13	71903417	71906418	4	-2.7955
e565e0da-6cbd-43da-bf73-14b0f4b4d6a6	13	71906467	114342922	29051	0
e565e0da-6cbd-43da-bf73-14b0f4b4d6a6	14	18239283	19011729	28	-0.1775
e565e0da-6cbd-43da-bf73-14b0f4b4d6a6	14	19012857	19955213	139	-0.5206
e565e0da-6cbd-43da-bf73-14b0f4b4d6a6	14	19956767	21774227	1193	-0.0017
e565e0da-6cbd-43da-bf73-14b0f4b4d6a6	14	21774881	21940575	176	0.1162
e565e0da-6cbd-43da-bf73-14b0f4b4d6a6	14	21940619	22501463	469	0.3366
e565e0da-6cbd-43da-bf73-14b0f4b4d6a6	14	22501487	41003608	11577	0.0059
e565e0da-6cbd-43da-bf73-14b0f4b4d6a6	14	41003781	41003795	2	-1.5891
e565e0da-6cbd-43da-bf73-14b0f4b4d6a6	14	41003989	88265586	30344	0.0056
e565e0da-6cbd-43da-bf73-14b0f4b4d6a6	14	88265630	88266430	2	-1.3338
e565e0da-6cbd-43da-bf73-14b0f4b4d6a6	14	88267347	92402124	2565	0.0059
e565e0da-6cbd-43da-bf73-14b0f4b4d6a6	14	92403029	92403786	3	0.8909
e565e0da-6cbd-43da-bf73-14b0f4b4d6a6	14	92404185	106321086	8529	-0.0041
e565e0da-6cbd-43da-bf73-14b0f4b4d6a6	14	106340102	106365807	11	1.2624
e565e0da-6cbd-43da-bf73-14b0f4b4d6a6	14	106369985	106877229	270	0.0228
e565e0da-6cbd-43da-bf73-14b0f4b4d6a6	15	19811075	20376311	95	-0.0309
e565e0da-6cbd-43da-bf73-14b0f4b4d6a6	15	20380735	20384907	13	0.5192
e565e0da-6cbd-43da-bf73-14b0f4b4d6a6	15	20385137	20538669	26	0.125
e565e0da-6cbd-43da-bf73-14b0f4b4d6a6	15	20614765	20981071	18	-0.243
e565e0da-6cbd-43da-bf73-14b0f4b4d6a6	15	20982677	22005276	28	0.0825
e565e0da-6cbd-43da-bf73-14b0f4b4d6a6	15	22227530	22385639	27	0.2922
e565e0da-6cbd-43da-bf73-14b0f4b4d6a6	15	22395047	32612475	5735	0.0075
e565e0da-6cbd-43da-bf73-14b0f4b4d6a6	15	32617778	32652669	15	0.6639
e565e0da-6cbd-43da-bf73-14b0f4b4d6a6	15	32654490	43553305	7193	0.0059
e565e0da-6cbd-43da-bf73-14b0f4b4d6a6	15	43592920	43692744	23	0.6116
e565e0da-6cbd-43da-bf73-14b0f4b4d6a6	15	43698230	53902792	6220	0.0062
e565e0da-6cbd-43da-bf73-14b0f4b4d6a6	15	53908153	53910302	3	-0.8836
e565e0da-6cbd-43da-bf73-14b0f4b4d6a6	15	53912031	76599170	14464	0.0087
e565e0da-6cbd-43da-bf73-14b0f4b4d6a6	15	76599286	76603434	20	-2.5065
e565e0da-6cbd-43da-bf73-14b0f4b4d6a6	15	76609838	87275644	6658	0.0043
e565e0da-6cbd-43da-bf73-14b0f4b4d6a6	15	87287299	87327270	40	-0.9384
e565e0da-6cbd-43da-bf73-14b0f4b4d6a6	15	87327502	99968257	9367	0.008
e565e0da-6cbd-43da-bf73-14b0f4b4d6a6	15	99970183	100294413	323	0.0856
e565e0da-6cbd-43da-bf73-14b0f4b4d6a6	15	100294494	101888798	1193	0.0077
e565e0da-6cbd-43da-bf73-14b0f4b4d6a6	15	101888834	101928837	8	0.5628
e565e0da-6cbd-43da-bf73-14b0f4b4d6a6	16	10777	102474	52	0.4689
e565e0da-6cbd-43da-bf73-14b0f4b4d6a6	16	103548	55762682	26865	0.012
e565e0da-6cbd-43da-bf73-14b0f4b4d6a6	16	55764310	55764867	3	2.6401
e565e0da-6cbd-43da-bf73-14b0f4b4d6a6	16	55770436	78337711	14278	0.0091
e565e0da-6cbd-43da-bf73-14b0f4b4d6a6	16	78338543	78350868	17	-2.5673
e565e0da-6cbd-43da-bf73-14b0f4b4d6a6	16	78351104	90096867	10598	0.0132
e565e0da-6cbd-43da-bf73-14b0f4b4d6a6	17	150733	3069352	1477	0.0099
e565e0da-6cbd-43da-bf73-14b0f4b4d6a6	17	3071251	3071954	2	-1.341
e565e0da-6cbd-43da-bf73-14b0f4b4d6a6	17	3074893	3232483	126	0.0011
e565e0da-6cbd-43da-bf73-14b0f4b4d6a6	17	3232541	3232997	2	1.16
e565e0da-6cbd-43da-bf73-14b0f4b4d6a6	17	3254610	6197464	1750	0.0079
e565e0da-6cbd-43da-bf73-14b0f4b4d6a6	17	6197476	6197491	2	1.1118
e565e0da-6cbd-43da-bf73-14b0f4b4d6a6	17	6197723	14650873	5907	0.0119
e565e0da-6cbd-43da-bf73-14b0f4b4d6a6	17	14660522	14660559	2	-1.689
e565e0da-6cbd-43da-bf73-14b0f4b4d6a6	17	14661372	16750987	1202	0.0118
e565e0da-6cbd-43da-bf73-14b0f4b4d6a6	17	16754017	16838201	12	0.5107
e565e0da-6cbd-43da-bf73-14b0f4b4d6a6	17	16838214	18452078	908	-0.0142
e565e0da-6cbd-43da-bf73-14b0f4b4d6a6	17	18455632	18561907	26	-1.6735
e565e0da-6cbd-43da-bf73-14b0f4b4d6a6	17	18565883	33669214	5028	0.006
e565e0da-6cbd-43da-bf73-14b0f4b4d6a6	17	33672118	34515584	798	0.0656
e565e0da-6cbd-43da-bf73-14b0f4b4d6a6	17	34518107	41053891	3434	0.0107
e565e0da-6cbd-43da-bf73-14b0f4b4d6a6	17	41055656	41065355	12	-1.0577
e565e0da-6cbd-43da-bf73-14b0f4b4d6a6	17	41066554	58134739	10107	0.0084
e565e0da-6cbd-43da-bf73-14b0f4b4d6a6	17	58135153	58136733	4	-1.0167
e565e0da-6cbd-43da-bf73-14b0f4b4d6a6	17	58140037	71759228	7832	0.0048
e565e0da-6cbd-43da-bf73-14b0f4b4d6a6	17	71760297	71764527	2	-1.8745
e565e0da-6cbd-43da-bf73-14b0f4b4d6a6	17	71765761	74097575	1812	0.006
e565e0da-6cbd-43da-bf73-14b0f4b4d6a6	17	74099101	74099162	2	-1.2377
e565e0da-6cbd-43da-bf73-14b0f4b4d6a6	17	74105781	79245925	2805	0.0059
e565e0da-6cbd-43da-bf73-14b0f4b4d6a6	17	79246197	79250308	8	-0.7193
e565e0da-6cbd-43da-bf73-14b0f4b4d6a6	17	79250962	83091923	1733	-0.0063
e565e0da-6cbd-43da-bf73-14b0f4b4d6a6	18	48133	66050285	40232	-0.021
e565e0da-6cbd-43da-bf73-14b0f4b4d6a6	18	66050517	66061104	14	0.6294
e565e0da-6cbd-43da-bf73-14b0f4b4d6a6	18	66065502	80257174	10403	-0.0208
e565e0da-6cbd-43da-bf73-14b0f4b4d6a6	19	90910	7573889	2593	-0.0018
e565e0da-6cbd-43da-bf73-14b0f4b4d6a6	19	7575570	7575731	2	-1.0948
e565e0da-6cbd-43da-bf73-14b0f4b4d6a6	19	7588332	14999787	3528	0.0005
e565e0da-6cbd-43da-bf73-14b0f4b4d6a6	19	15000298	15000768	3	-1.0175
e565e0da-6cbd-43da-bf73-14b0f4b4d6a6	19	15001239	20563384	2874	-0.0035
e565e0da-6cbd-43da-bf73-14b0f4b4d6a6	19	20576271	20577052	2	1.3222
e565e0da-6cbd-43da-bf73-14b0f4b4d6a6	19	20582718	23205038	1470	-0.0035
e565e0da-6cbd-43da-bf73-14b0f4b4d6a6	19	23210484	23211075	2	-1.8632
e565e0da-6cbd-43da-bf73-14b0f4b4d6a6	19	23211534	47898254	12412	0.0002
e565e0da-6cbd-43da-bf73-14b0f4b4d6a6	19	47898605	47959373	7	-0.6616
e565e0da-6cbd-43da-bf73-14b0f4b4d6a6	19	47959877	58586487	6188	-0.0015
e565e0da-6cbd-43da-bf73-14b0f4b4d6a6	20	80664	1580305	1201	0.0286
e565e0da-6cbd-43da-bf73-14b0f4b4d6a6	20	1580353	1601561	37	1.7898
e565e0da-6cbd-43da-bf73-14b0f4b4d6a6	20	1609611	48755651	29927	0.0065
e565e0da-6cbd-43da-bf73-14b0f4b4d6a6	20	48759054	48759648	2	-1.2558
e565e0da-6cbd-43da-bf73-14b0f4b4d6a6	20	48765097	64324800	11161	0.0048
e565e0da-6cbd-43da-bf73-14b0f4b4d6a6	21	10354168	19269246	4022	0.0014
e565e0da-6cbd-43da-bf73-14b0f4b4d6a6	21	19269283	19269487	5	-1.3129
e565e0da-6cbd-43da-bf73-14b0f4b4d6a6	21	19269657	22278814	2255	-0.008
e565e0da-6cbd-43da-bf73-14b0f4b4d6a6	21	22283580	22292338	9	-0.9547
e565e0da-6cbd-43da-bf73-14b0f4b4d6a6	21	22294679	35977678	10030	0.0027
e565e0da-6cbd-43da-bf73-14b0f4b4d6a6	21	35978761	35979008	4	0.7512
e565e0da-6cbd-43da-bf73-14b0f4b4d6a6	21	35980822	36153237	116	0.0469
e565e0da-6cbd-43da-bf73-14b0f4b4d6a6	21	36153531	36160821	4	-0.7646
e565e0da-6cbd-43da-bf73-14b0f4b4d6a6	21	36161477	41496204	4448	0.0109
e565e0da-6cbd-43da-bf73-14b0f4b4d6a6	21	41496268	41496286	2	-1.2961
e565e0da-6cbd-43da-bf73-14b0f4b4d6a6	21	41496410	46677045	2937	-0.0008
e565e0da-6cbd-43da-bf73-14b0f4b4d6a6	22	15294547	23987520	4393	0.0108
e565e0da-6cbd-43da-bf73-14b0f4b4d6a6	22	23988078	23989773	2	-3.0057
e565e0da-6cbd-43da-bf73-14b0f4b4d6a6	22	23990431	50528603	18713	-0.0031
e565e0da-6cbd-43da-bf73-14b0f4b4d6a6	22	50534679	50534684	4	-1.0276
e565e0da-6cbd-43da-bf73-14b0f4b4d6a6	22	50534687	50796027	144	-0.0222
e565e0da-6cbd-43da-bf73-14b0f4b4d6a6	X	251810	16327534	9939	0.0039
e565e0da-6cbd-43da-bf73-14b0f4b4d6a6	X	16329774	16336406	12	-4.8249
e565e0da-6cbd-43da-bf73-14b0f4b4d6a6	X	16338298	103999203	43653	0.001
e565e0da-6cbd-43da-bf73-14b0f4b4d6a6	X	104003417	104050792	58	0.9321
e565e0da-6cbd-43da-bf73-14b0f4b4d6a6	X	104083894	124236580	11256	-0.0021
e565e0da-6cbd-43da-bf73-14b0f4b4d6a6	X	124237435	124237448	2	-2.7969
e565e0da-6cbd-43da-bf73-14b0f4b4d6a6	X	124237690	138490511	7816	0.0018
e565e0da-6cbd-43da-bf73-14b0f4b4d6a6	X	138490569	138490686	2	-1.8442
e565e0da-6cbd-43da-bf73-14b0f4b4d6a6	X	138490846	140411160	1197	0.0052
e565e0da-6cbd-43da-bf73-14b0f4b4d6a6	X	140414245	140419029	6	-1.753
e565e0da-6cbd-43da-bf73-14b0f4b4d6a6	X	140422569	155952689	9465	-0.0007
e565e0da-6cbd-43da-bf73-14b0f4b4d6a6	Y	2782397	56872112	6639	-1.0381
