GDC_Aliquot	Chromosome	Start	End	Num_Probes	Segment_Mean
a046322d-cc59-48d7-9a4e-961eade4169c	1	62920	121601998	73178	0.0001
a046322d-cc59-48d7-9a4e-961eade4169c	1	121705338	143927536	126	-0.8806
a046322d-cc59-48d7-9a4e-961eade4169c	1	143927887	152583230	2304	0.0442
a046322d-cc59-48d7-9a4e-961eade4169c	1	152583291	152614118	34	-2.1115
a046322d-cc59-48d7-9a4e-961eade4169c	1	152618018	152787202	167	0.0501
a046322d-cc59-48d7-9a4e-961eade4169c	1	152789447	152796224	37	-1.9025
a046322d-cc59-48d7-9a4e-961eade4169c	1	152801429	248930189	65013	0.0624
a046322d-cc59-48d7-9a4e-961eade4169c	2	12784	86882149	58852	0.0414
a046322d-cc59-48d7-9a4e-961eade4169c	2	86893372	86896628	3	-4.2897
a046322d-cc59-48d7-9a4e-961eade4169c	2	86897011	87211079	45	-0.0189
a046322d-cc59-48d7-9a4e-961eade4169c	2	87218694	87877400	98	-0.7985
a046322d-cc59-48d7-9a4e-961eade4169c	2	87892388	231559046	83204	0.0342
a046322d-cc59-48d7-9a4e-961eade4169c	2	231559116	231559258	2	-5.2959
a046322d-cc59-48d7-9a4e-961eade4169c	2	231559335	242147305	6572	0.0192
a046322d-cc59-48d7-9a4e-961eade4169c	3	20930	43297086	30951	0.0481
a046322d-cc59-48d7-9a4e-961eade4169c	3	43302525	43303297	2	-5.8789
a046322d-cc59-48d7-9a4e-961eade4169c	3	43303683	198169247	93108	0.0377
a046322d-cc59-48d7-9a4e-961eade4169c	4	68929	69257792	42382	0.0371
a046322d-cc59-48d7-9a4e-961eade4169c	4	69261926	69366081	53	-1.8829
a046322d-cc59-48d7-9a4e-961eade4169c	4	69366304	114252544	27177	0.0461
a046322d-cc59-48d7-9a4e-961eade4169c	4	114254167	114261019	23	-1.2976
a046322d-cc59-48d7-9a4e-961eade4169c	4	114263073	150947789	21508	0.0336
a046322d-cc59-48d7-9a4e-961eade4169c	4	150955157	150963148	25	-1.3981
a046322d-cc59-48d7-9a4e-961eade4169c	4	150963154	155673078	2903	0.039
a046322d-cc59-48d7-9a4e-961eade4169c	4	155673116	155676843	14	-3.1651
a046322d-cc59-48d7-9a4e-961eade4169c	4	155680783	190106768	22498	0.0248
a046322d-cc59-48d7-9a4e-961eade4169c	5	15532	363443	160	-1.0793
a046322d-cc59-48d7-9a4e-961eade4169c	5	375290	181363319	112120	0.0399
a046322d-cc59-48d7-9a4e-961eade4169c	6	149661	170741917	109017	-0.013
a046322d-cc59-48d7-9a4e-961eade4169c	7	43355	159334314	97269	0.0391
a046322d-cc59-48d7-9a4e-961eade4169c	8	81254	6300670	6775	0.0608
a046322d-cc59-48d7-9a4e-961eade4169c	8	6300739	6302549	10	-2.0876
a046322d-cc59-48d7-9a4e-961eade4169c	8	6304046	23544795	13445	0.033
a046322d-cc59-48d7-9a4e-961eade4169c	8	23550227	23550298	4	-4.7978
a046322d-cc59-48d7-9a4e-961eade4169c	8	23550358	32821348	6572	0.0316
a046322d-cc59-48d7-9a4e-961eade4169c	8	32825580	32830685	7	2.9783
a046322d-cc59-48d7-9a4e-961eade4169c	8	32830895	145072769	68233	0.0361
a046322d-cc59-48d7-9a4e-961eade4169c	9	46587	42014203	31134	0.041
a046322d-cc59-48d7-9a4e-961eade4169c	9	42037471	42202227	21	-2.0218
a046322d-cc59-48d7-9a4e-961eade4169c	9	42211663	135282721	46783	0.0145
a046322d-cc59-48d7-9a4e-961eade4169c	9	135287632	135298663	10	-2.1979
a046322d-cc59-48d7-9a4e-961eade4169c	9	135303574	138200944	1116	-0.0221
a046322d-cc59-48d7-9a4e-961eade4169c	10	45792	91244023	61477	0.0059
a046322d-cc59-48d7-9a4e-961eade4169c	10	91245082	133429369	28606	-0.0474
a046322d-cc59-48d7-9a4e-961eade4169c	10	133432275	133654968	141	0.2888
a046322d-cc59-48d7-9a4e-961eade4169c	11	198510	135074876	86365	0.0398
a046322d-cc59-48d7-9a4e-961eade4169c	12	51460	8404097	5567	0.0185
a046322d-cc59-48d7-9a4e-961eade4169c	12	8405892	8423870	15	1.6813
a046322d-cc59-48d7-9a4e-961eade4169c	12	8428232	33235894	17147	0.0349
a046322d-cc59-48d7-9a4e-961eade4169c	12	33237809	33242207	3	-5.0147
a046322d-cc59-48d7-9a4e-961eade4169c	12	33242483	133201603	61707	0.0248
a046322d-cc59-48d7-9a4e-961eade4169c	13	18452809	114342922	63818	0.0426
a046322d-cc59-48d7-9a4e-961eade4169c	14	18239283	48067723	17776	0.019
a046322d-cc59-48d7-9a4e-961eade4169c	14	48067728	48077781	7	-2.7491
a046322d-cc59-48d7-9a4e-961eade4169c	14	48079808	49470577	784	0.0072
a046322d-cc59-48d7-9a4e-961eade4169c	14	49471911	49478241	2	-5.3559
a046322d-cc59-48d7-9a4e-961eade4169c	14	49478632	106877229	36517	0.0018
a046322d-cc59-48d7-9a4e-961eade4169c	15	19811075	101928837	51257	0.0208
a046322d-cc59-48d7-9a4e-961eade4169c	16	10777	58909081	28688	0.0384
a046322d-cc59-48d7-9a4e-961eade4169c	16	58913571	58921751	4	-4.0209
a046322d-cc59-48d7-9a4e-961eade4169c	16	58922230	90096867	22884	0.0389
a046322d-cc59-48d7-9a4e-961eade4169c	17	150733	83091923	44784	0.0372
a046322d-cc59-48d7-9a4e-961eade4169c	18	48133	15012937	10281	0.0366
a046322d-cc59-48d7-9a4e-961eade4169c	18	15018152	15023708	3	-4.3021
a046322d-cc59-48d7-9a4e-961eade4169c	18	15026000	80257174	40190	0.0386
a046322d-cc59-48d7-9a4e-961eade4169c	19	90910	58586487	28925	0.0235
a046322d-cc59-48d7-9a4e-961eade4169c	20	80664	64324800	42149	0.0352
a046322d-cc59-48d7-9a4e-961eade4169c	21	10354168	46677045	23735	-0.0155
a046322d-cc59-48d7-9a4e-961eade4169c	22	15294547	50796027	23134	-0.0227
a046322d-cc59-48d7-9a4e-961eade4169c	X	251810	5917162	2451	0.063
a046322d-cc59-48d7-9a4e-961eade4169c	X	5920400	5926033	4	-4.0307
a046322d-cc59-48d7-9a4e-961eade4169c	X	5926837	155952689	80669	0.0346
a046322d-cc59-48d7-9a4e-961eade4169c	Y	2782397	6233384	784	-2.6928
a046322d-cc59-48d7-9a4e-961eade4169c	Y	6249869	26470502	5753	-3.165
a046322d-cc59-48d7-9a4e-961eade4169c	Y	26470764	56872112	102	-2.7146
