GDC_Aliquot	Chromosome	Start	End	Num_Probes	Segment_Mean
cc0412e7-990b-4e73-8945-b3728308e9db	1	62920	259926	16	-0.9853
cc0412e7-990b-4e73-8945-b3728308e9db	1	266187	16488499	8603	-0.1619
cc0412e7-990b-4e73-8945-b3728308e9db	1	16489035	16934716	113	-0.6492
cc0412e7-990b-4e73-8945-b3728308e9db	1	16934753	25256850	5255	-0.1643
cc0412e7-990b-4e73-8945-b3728308e9db	1	25266637	25351871	29	-0.7313
cc0412e7-990b-4e73-8945-b3728308e9db	1	25351886	30189691	2302	-0.1594
cc0412e7-990b-4e73-8945-b3728308e9db	1	30190003	30192228	3	1.5461
cc0412e7-990b-4e73-8945-b3728308e9db	1	30192672	46044681	8965	-0.1678
cc0412e7-990b-4e73-8945-b3728308e9db	1	46046603	46048154	2	2.1967
cc0412e7-990b-4e73-8945-b3728308e9db	1	46053881	65432268	12898	-0.1672
cc0412e7-990b-4e73-8945-b3728308e9db	1	65432318	65440582	3	1.7112
cc0412e7-990b-4e73-8945-b3728308e9db	1	65441079	70958755	3698	-0.1578
cc0412e7-990b-4e73-8945-b3728308e9db	1	70960577	70964183	2	1.8646
cc0412e7-990b-4e73-8945-b3728308e9db	1	70967301	72297687	783	-0.1705
cc0412e7-990b-4e73-8945-b3728308e9db	1	72302735	72346221	49	1.0457
cc0412e7-990b-4e73-8945-b3728308e9db	1	72346757	83375306	7079	-0.1566
cc0412e7-990b-4e73-8945-b3728308e9db	1	83384675	83384707	2	2.0614
cc0412e7-990b-4e73-8945-b3728308e9db	1	83387968	89009572	3830	-0.1646
cc0412e7-990b-4e73-8945-b3728308e9db	1	89012275	89012522	2	-2.7908
cc0412e7-990b-4e73-8945-b3728308e9db	1	89015841	105079911	9763	-0.1619
cc0412e7-990b-4e73-8945-b3728308e9db	1	105080318	105093719	5	1.0477
cc0412e7-990b-4e73-8945-b3728308e9db	1	105094586	105470754	214	-0.1223
cc0412e7-990b-4e73-8945-b3728308e9db	1	105476583	105479738	16	0.8645
cc0412e7-990b-4e73-8945-b3728308e9db	1	105479753	152583051	12185	-0.1589
cc0412e7-990b-4e73-8945-b3728308e9db	1	152583230	152613641	30	0.7412
cc0412e7-990b-4e73-8945-b3728308e9db	1	152613762	152789978	181	-0.1287
cc0412e7-990b-4e73-8945-b3728308e9db	1	152790039	152805967	30	0.405
cc0412e7-990b-4e73-8945-b3728308e9db	1	152806050	175692570	15406	-0.1593
cc0412e7-990b-4e73-8945-b3728308e9db	1	175692683	175709622	14	0.5439
cc0412e7-990b-4e73-8945-b3728308e9db	1	175710880	196740316	13932	-0.1606
cc0412e7-990b-4e73-8945-b3728308e9db	1	196740630	196832720	63	0.4242
cc0412e7-990b-4e73-8945-b3728308e9db	1	196843377	241042133	30475	-0.1652
cc0412e7-990b-4e73-8945-b3728308e9db	1	241042311	241042374	2	2.2102
cc0412e7-990b-4e73-8945-b3728308e9db	1	241045696	243134955	1516	-0.1605
cc0412e7-990b-4e73-8945-b3728308e9db	1	243135116	243189078	20	0.4928
cc0412e7-990b-4e73-8945-b3728308e9db	1	243190549	245482863	1502	-0.1415
cc0412e7-990b-4e73-8945-b3728308e9db	1	245482979	245483602	3	-2.3263
cc0412e7-990b-4e73-8945-b3728308e9db	1	245486349	248574146	2003	-0.1557
cc0412e7-990b-4e73-8945-b3728308e9db	1	248585893	248646068	35	-0.817
cc0412e7-990b-4e73-8945-b3728308e9db	1	248661836	248930189	138	-0.1274
cc0412e7-990b-4e73-8945-b3728308e9db	2	12784	4158097	2984	0.0344
cc0412e7-990b-4e73-8945-b3728308e9db	2	4166274	4170710	14	-0.7723
cc0412e7-990b-4e73-8945-b3728308e9db	2	4170813	4171952	8	-1.4819
cc0412e7-990b-4e73-8945-b3728308e9db	2	4172309	4175577	14	-0.6099
cc0412e7-990b-4e73-8945-b3728308e9db	2	4175922	7498587	2894	0.0399
cc0412e7-990b-4e73-8945-b3728308e9db	2	7499242	7506841	3	1.8829
cc0412e7-990b-4e73-8945-b3728308e9db	2	7506876	34492841	18159	0.0322
cc0412e7-990b-4e73-8945-b3728308e9db	2	34492907	34511990	17	-0.903
cc0412e7-990b-4e73-8945-b3728308e9db	2	34512096	67893997	23095	0.0395
cc0412e7-990b-4e73-8945-b3728308e9db	2	67894174	67894203	2	2.3602
cc0412e7-990b-4e73-8945-b3728308e9db	2	67894770	67925158	17	0.0468
cc0412e7-990b-4e73-8945-b3728308e9db	2	67929388	68019427	80	-0.686
cc0412e7-990b-4e73-8945-b3728308e9db	2	68019587	75607167	4624	0.039
cc0412e7-990b-4e73-8945-b3728308e9db	2	75609885	75655530	60	0.4553
cc0412e7-990b-4e73-8945-b3728308e9db	2	75655729	128880904	27858	0.0344
cc0412e7-990b-4e73-8945-b3728308e9db	2	128880928	128882741	14	-2.1401
cc0412e7-990b-4e73-8945-b3728308e9db	2	128882755	242147305	69353	0.0387
cc0412e7-990b-4e73-8945-b3728308e9db	3	20930	6604856	5783	0.1595
cc0412e7-990b-4e73-8945-b3728308e9db	3	6609441	6610989	17	-0.7644
cc0412e7-990b-4e73-8945-b3728308e9db	3	6611381	99218940	57740	0.1723
cc0412e7-990b-4e73-8945-b3728308e9db	3	99225614	99230212	27	-0.3988
cc0412e7-990b-4e73-8945-b3728308e9db	3	99230225	130047743	18663	0.1736
cc0412e7-990b-4e73-8945-b3728308e9db	3	130057015	130087393	36	-1.653
cc0412e7-990b-4e73-8945-b3728308e9db	3	130088081	132270486	1432	0.1876
cc0412e7-990b-4e73-8945-b3728308e9db	3	132270503	132276840	5	-1.336
cc0412e7-990b-4e73-8945-b3728308e9db	3	132281633	162790404	18770	0.1764
cc0412e7-990b-4e73-8945-b3728308e9db	3	162790480	162908207	71	1.0345
cc0412e7-990b-4e73-8945-b3728308e9db	3	162908784	193160113	19111	0.1671
cc0412e7-990b-4e73-8945-b3728308e9db	3	193160173	193165080	17	-0.6266
cc0412e7-990b-4e73-8945-b3728308e9db	3	193165099	198169247	2686	0.1505
cc0412e7-990b-4e73-8945-b3728308e9db	4	68929	9444321	5139	-0.1813
cc0412e7-990b-4e73-8945-b3728308e9db	4	9445117	9494650	13	-1.2526
cc0412e7-990b-4e73-8945-b3728308e9db	4	9496201	10208766	537	-0.1773
cc0412e7-990b-4e73-8945-b3728308e9db	4	10221792	10232984	31	0.7021
cc0412e7-990b-4e73-8945-b3728308e9db	4	10233383	10390730	175	-0.1316
cc0412e7-990b-4e73-8945-b3728308e9db	4	10391530	10399044	15	-1.1443
cc0412e7-990b-4e73-8945-b3728308e9db	4	10401094	54635561	27562	-0.1697
cc0412e7-990b-4e73-8945-b3728308e9db	4	54635754	54639193	2	2.1356
cc0412e7-990b-4e73-8945-b3728308e9db	4	54639766	63841863	5745	-0.1693
cc0412e7-990b-4e73-8945-b3728308e9db	4	63841887	63842540	7	-1.175
cc0412e7-990b-4e73-8945-b3728308e9db	4	63850713	68509223	2869	-0.1635
cc0412e7-990b-4e73-8945-b3728308e9db	4	68509237	68509442	2	1.9034
cc0412e7-990b-4e73-8945-b3728308e9db	4	68509630	69262694	379	-0.269
cc0412e7-990b-4e73-8945-b3728308e9db	4	69265102	69362938	48	0.4106
cc0412e7-990b-4e73-8945-b3728308e9db	4	69363634	69523998	113	-0.1469
cc0412e7-990b-4e73-8945-b3728308e9db	4	69524143	69525061	2	-2.6116
cc0412e7-990b-4e73-8945-b3728308e9db	4	69526170	86053362	10293	-0.1662
cc0412e7-990b-4e73-8945-b3728308e9db	4	86053909	86057994	17	-0.7875
cc0412e7-990b-4e73-8945-b3728308e9db	4	86058229	89935021	2388	-0.1686
cc0412e7-990b-4e73-8945-b3728308e9db	4	89935244	89989779	30	-0.5857
cc0412e7-990b-4e73-8945-b3728308e9db	4	89989823	103823578	8107	-0.1646
cc0412e7-990b-4e73-8945-b3728308e9db	4	103823914	103832444	11	0.9238
cc0412e7-990b-4e73-8945-b3728308e9db	4	103832580	107144988	1850	-0.1695
cc0412e7-990b-4e73-8945-b3728308e9db	4	107145001	107145228	4	-1.7793
cc0412e7-990b-4e73-8945-b3728308e9db	4	107145578	107147256	10	-0.326
cc0412e7-990b-4e73-8945-b3728308e9db	4	107150362	107150471	3	2.353
cc0412e7-990b-4e73-8945-b3728308e9db	4	107150731	107152651	6	-1.2364
cc0412e7-990b-4e73-8945-b3728308e9db	4	107154110	111385895	2565	-0.1509
cc0412e7-990b-4e73-8945-b3728308e9db	4	111385910	111385924	2	2.0942
cc0412e7-990b-4e73-8945-b3728308e9db	4	111386201	114252544	1839	-0.1601
cc0412e7-990b-4e73-8945-b3728308e9db	4	114254167	114263110	26	0.5455
cc0412e7-990b-4e73-8945-b3728308e9db	4	114263154	190106768	47012	-0.1671
cc0412e7-990b-4e73-8945-b3728308e9db	5	15532	15716018	12141	-0.1764
cc0412e7-990b-4e73-8945-b3728308e9db	5	15718383	15720488	12	-1.1748
cc0412e7-990b-4e73-8945-b3728308e9db	5	15723237	58033288	23511	-0.1681
cc0412e7-990b-4e73-8945-b3728308e9db	5	58033703	58037089	24	0.8654
cc0412e7-990b-4e73-8945-b3728308e9db	5	58037128	70959079	7289	-0.1735
cc0412e7-990b-4e73-8945-b3728308e9db	5	71010832	71011717	5	-1.72
cc0412e7-990b-4e73-8945-b3728308e9db	5	71053366	76154195	3117	-0.1675
cc0412e7-990b-4e73-8945-b3728308e9db	5	76154242	76154319	3	1.5823
cc0412e7-990b-4e73-8945-b3728308e9db	5	76154351	173780350	62092	-0.1678
cc0412e7-990b-4e73-8945-b3728308e9db	5	173781605	173781883	2	2.2427
cc0412e7-990b-4e73-8945-b3728308e9db	5	173781997	174766475	785	-0.1651
cc0412e7-990b-4e73-8945-b3728308e9db	5	174766844	174773283	2	1.5642
cc0412e7-990b-4e73-8945-b3728308e9db	5	174774043	174876594	73	-0.2402
cc0412e7-990b-4e73-8945-b3728308e9db	5	174877398	174880056	2	2.0093
cc0412e7-990b-4e73-8945-b3728308e9db	5	174882040	181363319	3500	-0.173
cc0412e7-990b-4e73-8945-b3728308e9db	6	149661	18339702	14144	0.099
cc0412e7-990b-4e73-8945-b3728308e9db	6	18339775	18341903	4	1.5103
cc0412e7-990b-4e73-8945-b3728308e9db	6	18342274	19039888	584	0.1096
cc0412e7-990b-4e73-8945-b3728308e9db	6	19041950	19042587	3	-3.7849
cc0412e7-990b-4e73-8945-b3728308e9db	6	19044471	29869411	6860	0.0955
cc0412e7-990b-4e73-8945-b3728308e9db	6	29869537	29881490	14	-0.6196
cc0412e7-990b-4e73-8945-b3728308e9db	6	29882419	31305253	656	0.1301
cc0412e7-990b-4e73-8945-b3728308e9db	6	31305926	31350387	18	0.9821
cc0412e7-990b-4e73-8945-b3728308e9db	6	31350400	32106004	294	0.0833
cc0412e7-990b-4e73-8945-b3728308e9db	6	32106013	32106085	2	2.4525
cc0412e7-990b-4e73-8945-b3728308e9db	6	32106182	48963228	10615	0.0952
cc0412e7-990b-4e73-8945-b3728308e9db	6	48964092	48967338	3	-1.4441
cc0412e7-990b-4e73-8945-b3728308e9db	6	48967442	54066269	3298	0.1101
cc0412e7-990b-4e73-8945-b3728308e9db	6	54066286	54066353	2	1.8189
cc0412e7-990b-4e73-8945-b3728308e9db	6	54066432	54067057	6	-1.1403
cc0412e7-990b-4e73-8945-b3728308e9db	6	54070550	55960697	1208	0.1075
cc0412e7-990b-4e73-8945-b3728308e9db	6	55961357	55978862	10	-0.9193
cc0412e7-990b-4e73-8945-b3728308e9db	6	55986080	61264479	1308	0.1012
cc0412e7-990b-4e73-8945-b3728308e9db	6	61264796	61265212	2	2.2401
cc0412e7-990b-4e73-8945-b3728308e9db	6	61266226	78262085	10622	0.1119
cc0412e7-990b-4e73-8945-b3728308e9db	6	78262117	78322600	102	0.3432
cc0412e7-990b-4e73-8945-b3728308e9db	6	78322875	79614117	795	0.0934
cc0412e7-990b-4e73-8945-b3728308e9db	6	79615147	79615517	2	1.7494
cc0412e7-990b-4e73-8945-b3728308e9db	6	79615613	80568270	637	0.0947
cc0412e7-990b-4e73-8945-b3728308e9db	6	80574472	80579817	33	-0.9396
cc0412e7-990b-4e73-8945-b3728308e9db	6	80584624	170741917	58071	0.1079
cc0412e7-990b-4e73-8945-b3728308e9db	7	43355	22395161	16014	0.0238
cc0412e7-990b-4e73-8945-b3728308e9db	7	22395853	22396868	2	-2.5617
cc0412e7-990b-4e73-8945-b3728308e9db	7	22399135	91728554	40409	0.0233
cc0412e7-990b-4e73-8945-b3728308e9db	7	91728979	91729639	6	1.9892
cc0412e7-990b-4e73-8945-b3728308e9db	7	91729718	97756328	3732	0.0338
cc0412e7-990b-4e73-8945-b3728308e9db	7	97756339	97792357	48	0.3428
cc0412e7-990b-4e73-8945-b3728308e9db	7	97792360	109801155	6582	0.0171
cc0412e7-990b-4e73-8945-b3728308e9db	7	109801187	109813853	11	-1.5744
cc0412e7-990b-4e73-8945-b3728308e9db	7	109813925	126405597	10009	0.0323
cc0412e7-990b-4e73-8945-b3728308e9db	7	126405632	126406827	15	-0.7624
cc0412e7-990b-4e73-8945-b3728308e9db	7	126412712	159334314	20769	0.0258
cc0412e7-990b-4e73-8945-b3728308e9db	8	81254	2844412	2034	0.1505
cc0412e7-990b-4e73-8945-b3728308e9db	8	2846011	2846377	7	-1.4784
cc0412e7-990b-4e73-8945-b3728308e9db	8	2849649	3929538	1303	0.1625
cc0412e7-990b-4e73-8945-b3728308e9db	8	3929561	3931245	16	-0.6384
cc0412e7-990b-4e73-8945-b3728308e9db	8	3932320	5741828	2636	0.1625
cc0412e7-990b-4e73-8945-b3728308e9db	8	5743780	5743796	2	2.9306
cc0412e7-990b-4e73-8945-b3728308e9db	8	5743816	7312952	1712	0.1544
cc0412e7-990b-4e73-8945-b3728308e9db	8	7329110	7329124	2	3.3391
cc0412e7-990b-4e73-8945-b3728308e9db	8	7336299	7941868	50	0.4741
cc0412e7-990b-4e73-8945-b3728308e9db	8	7974123	8132772	13	-0.4214
cc0412e7-990b-4e73-8945-b3728308e9db	8	8139659	8528681	294	0.133
cc0412e7-990b-4e73-8945-b3728308e9db	8	8528847	8528932	2	-2.0661
cc0412e7-990b-4e73-8945-b3728308e9db	8	8530797	12177488	2923	0.1624
cc0412e7-990b-4e73-8945-b3728308e9db	8	12323772	12389679	25	-0.6266
cc0412e7-990b-4e73-8945-b3728308e9db	8	12389813	15543669	2741	0.1691
cc0412e7-990b-4e73-8945-b3728308e9db	8	15545551	15555938	9	-1.3467
cc0412e7-990b-4e73-8945-b3728308e9db	8	15565761	25114672	7649	0.162
cc0412e7-990b-4e73-8945-b3728308e9db	8	25116928	25126708	25	0.6941
cc0412e7-990b-4e73-8945-b3728308e9db	8	25126735	27538691	1858	0.1686
cc0412e7-990b-4e73-8945-b3728308e9db	8	27539030	27543625	7	1.0835
cc0412e7-990b-4e73-8945-b3728308e9db	8	27547573	38441901	6626	0.1655
cc0412e7-990b-4e73-8945-b3728308e9db	8	38455274	38464003	51	-0.1088
cc0412e7-990b-4e73-8945-b3728308e9db	8	38464828	39389156	441	0.1509
cc0412e7-990b-4e73-8945-b3728308e9db	8	39389592	39531496	60	-0.1813
cc0412e7-990b-4e73-8945-b3728308e9db	8	39531510	52640617	6202	0.1656
cc0412e7-990b-4e73-8945-b3728308e9db	8	52640686	63936079	7417	0.1019
cc0412e7-990b-4e73-8945-b3728308e9db	8	63936340	63936561	6	1.8864
cc0412e7-990b-4e73-8945-b3728308e9db	8	63936953	71303076	4232	0.0997
cc0412e7-990b-4e73-8945-b3728308e9db	8	71303129	71304364	7	-1.9739
cc0412e7-990b-4e73-8945-b3728308e9db	8	71307628	111282852	24032	0.1007
cc0412e7-990b-4e73-8945-b3728308e9db	8	111282973	111283016	2	-2.6632
cc0412e7-990b-4e73-8945-b3728308e9db	8	111283031	131692470	13676	0.1014
cc0412e7-990b-4e73-8945-b3728308e9db	8	131692716	131692931	3	-1.7785
cc0412e7-990b-4e73-8945-b3728308e9db	8	131695364	141564862	7733	0.0987
cc0412e7-990b-4e73-8945-b3728308e9db	8	141565045	141566354	3	1.9011
cc0412e7-990b-4e73-8945-b3728308e9db	8	141566973	145072769	1444	0.0912
cc0412e7-990b-4e73-8945-b3728308e9db	9	46587	11695067	11002	-0.1746
cc0412e7-990b-4e73-8945-b3728308e9db	9	11695108	11695757	2	2.8993
cc0412e7-990b-4e73-8945-b3728308e9db	9	11695785	41639988	20171	-0.1688
cc0412e7-990b-4e73-8945-b3728308e9db	9	41644133	42164177	33	-1.1028
cc0412e7-990b-4e73-8945-b3728308e9db	9	42179276	61520021	74	-0.3099
cc0412e7-990b-4e73-8945-b3728308e9db	9	61521913	61629689	27	-1.2831
cc0412e7-990b-4e73-8945-b3728308e9db	9	61633080	64480573	95	-0.1531
cc0412e7-990b-4e73-8945-b3728308e9db	9	64480578	87907679	14246	0.0327
cc0412e7-990b-4e73-8945-b3728308e9db	9	87939236	87939304	2	-2.4425
cc0412e7-990b-4e73-8945-b3728308e9db	9	87943042	110262162	15646	0.0307
cc0412e7-990b-4e73-8945-b3728308e9db	9	110262509	110265889	3	-2.1045
cc0412e7-990b-4e73-8945-b3728308e9db	9	110270151	138200944	17959	0.0335
cc0412e7-990b-4e73-8945-b3728308e9db	10	45792	9575052	8226	0.0279
cc0412e7-990b-4e73-8945-b3728308e9db	10	9578133	9578580	3	1.9052
cc0412e7-990b-4e73-8945-b3728308e9db	10	9579283	13007585	2655	0.0324
cc0412e7-990b-4e73-8945-b3728308e9db	10	13007600	13008170	8	-0.9376
cc0412e7-990b-4e73-8945-b3728308e9db	10	13008428	24086334	8258	0.0252
cc0412e7-990b-4e73-8945-b3728308e9db	10	24088745	24089125	11	-2.0839
cc0412e7-990b-4e73-8945-b3728308e9db	10	24089979	46514459	12437	0.0182
cc0412e7-990b-4e73-8945-b3728308e9db	10	46522514	46526280	16	1.3408
cc0412e7-990b-4e73-8945-b3728308e9db	10	46526920	133654968	58811	0.0247
cc0412e7-990b-4e73-8945-b3728308e9db	11	198510	253662	37	0.2378
cc0412e7-990b-4e73-8945-b3728308e9db	11	253841	254010	2	2.1815
cc0412e7-990b-4e73-8945-b3728308e9db	11	254064	4949137	2382	0.1021
cc0412e7-990b-4e73-8945-b3728308e9db	11	4950775	4955042	23	-0.4206
cc0412e7-990b-4e73-8945-b3728308e9db	11	4955781	18919323	10199	0.1092
cc0412e7-990b-4e73-8945-b3728308e9db	11	18927525	18939631	34	-1.083
cc0412e7-990b-4e73-8945-b3728308e9db	11	18939734	65922735	27301	0.1065
cc0412e7-990b-4e73-8945-b3728308e9db	11	65925289	65925596	3	-2.1087
cc0412e7-990b-4e73-8945-b3728308e9db	11	65927337	92097323	15714	0.1016
cc0412e7-990b-4e73-8945-b3728308e9db	11	92097492	92097877	2	2.0525
cc0412e7-990b-4e73-8945-b3728308e9db	11	92099538	95451191	2397	0.1062
cc0412e7-990b-4e73-8945-b3728308e9db	11	95452865	95453749	4	1.6073
cc0412e7-990b-4e73-8945-b3728308e9db	11	95455006	96245055	664	0.1265
cc0412e7-990b-4e73-8945-b3728308e9db	11	96246528	96246636	3	-1.1469
cc0412e7-990b-4e73-8945-b3728308e9db	11	96249404	101723653	4174	0.1099
cc0412e7-990b-4e73-8945-b3728308e9db	11	101727129	101727233	4	2.5183
cc0412e7-990b-4e73-8945-b3728308e9db	11	101727481	107367930	3786	0.0986
cc0412e7-990b-4e73-8945-b3728308e9db	11	107367945	107368402	6	-1.0366
cc0412e7-990b-4e73-8945-b3728308e9db	11	107381636	131809011	17345	0.1061
cc0412e7-990b-4e73-8945-b3728308e9db	11	131811155	131811337	2	2.1694
cc0412e7-990b-4e73-8945-b3728308e9db	11	131812326	135074876	2514	0.1335
cc0412e7-990b-4e73-8945-b3728308e9db	12	51460	756570	414	0.0902
cc0412e7-990b-4e73-8945-b3728308e9db	12	756804	764338	17	-0.9324
cc0412e7-990b-4e73-8945-b3728308e9db	12	764778	133201603	84216	0.027
cc0412e7-990b-4e73-8945-b3728308e9db	13	18452809	23055048	2850	0.0921
cc0412e7-990b-4e73-8945-b3728308e9db	13	23055071	23058865	7	-0.6838
cc0412e7-990b-4e73-8945-b3728308e9db	13	23058992	23059376	6	-1.7222
cc0412e7-990b-4e73-8945-b3728308e9db	13	23064056	52513751	20472	0.1015
cc0412e7-990b-4e73-8945-b3728308e9db	13	52519687	52520664	2	-2.2544
cc0412e7-990b-4e73-8945-b3728308e9db	13	52523849	57175139	2609	0.0913
cc0412e7-990b-4e73-8945-b3728308e9db	13	57175549	57200966	35	0.6965
cc0412e7-990b-4e73-8945-b3728308e9db	13	57201082	105370372	31603	0.1108
cc0412e7-990b-4e73-8945-b3728308e9db	13	105370636	105374205	2	2.851
cc0412e7-990b-4e73-8945-b3728308e9db	13	105374508	105720747	275	0.1349
cc0412e7-990b-4e73-8945-b3728308e9db	13	105723779	105725845	4	1.765
cc0412e7-990b-4e73-8945-b3728308e9db	13	105727398	114342922	6100	0.1164
cc0412e7-990b-4e73-8945-b3728308e9db	14	18239283	19957752	171	0.2664
cc0412e7-990b-4e73-8945-b3728308e9db	14	19958388	21903901	1299	-0.1876
cc0412e7-990b-4e73-8945-b3728308e9db	14	21905161	22312693	397	-0.3329
cc0412e7-990b-4e73-8945-b3728308e9db	14	22322488	36866383	9235	-0.1668
cc0412e7-990b-4e73-8945-b3728308e9db	14	36866665	36867430	4	1.5366
cc0412e7-990b-4e73-8945-b3728308e9db	14	36867767	85099082	30606	-0.1637
cc0412e7-990b-4e73-8945-b3728308e9db	14	85099129	85099456	3	2.1958
cc0412e7-990b-4e73-8945-b3728308e9db	14	85099620	88811089	2450	-0.1734
cc0412e7-990b-4e73-8945-b3728308e9db	14	88818640	88822892	6	1.0702
cc0412e7-990b-4e73-8945-b3728308e9db	14	88822935	98683894	7020	-0.1733
cc0412e7-990b-4e73-8945-b3728308e9db	14	98684021	98684461	2	2.2487
cc0412e7-990b-4e73-8945-b3728308e9db	14	98684474	105824648	3602	-0.1786
cc0412e7-990b-4e73-8945-b3728308e9db	14	105824880	105962324	32	0.3059
cc0412e7-990b-4e73-8945-b3728308e9db	14	105963902	106294689	113	-0.227
cc0412e7-990b-4e73-8945-b3728308e9db	14	106297265	106297273	3	1.751
cc0412e7-990b-4e73-8945-b3728308e9db	14	106297409	106447661	77	-0.0499
cc0412e7-990b-4e73-8945-b3728308e9db	14	106454379	106454694	2	2.295
cc0412e7-990b-4e73-8945-b3728308e9db	14	106454986	106877229	216	-0.2462
cc0412e7-990b-4e73-8945-b3728308e9db	15	19811075	20207225	60	-0.0812
cc0412e7-990b-4e73-8945-b3728308e9db	15	20210984	21271643	113	-0.5966
cc0412e7-990b-4e73-8945-b3728308e9db	15	21272760	32520328	5748	-0.1643
cc0412e7-990b-4e73-8945-b3728308e9db	15	32565281	32584783	4	1.7554
cc0412e7-990b-4e73-8945-b3728308e9db	15	32610782	45075651	7797	-0.1587
cc0412e7-990b-4e73-8945-b3728308e9db	15	45078326	45091422	8	0.9514
cc0412e7-990b-4e73-8945-b3728308e9db	15	45091486	76577448	20077	-0.1681
cc0412e7-990b-4e73-8945-b3728308e9db	15	76577588	76603433	23	-0.9319
cc0412e7-990b-4e73-8945-b3728308e9db	15	76603434	101928837	17557	-0.1636
cc0412e7-990b-4e73-8945-b3728308e9db	16	10777	19933041	13437	0.1681
cc0412e7-990b-4e73-8945-b3728308e9db	16	19934328	19954553	28	-0.6347
cc0412e7-990b-4e73-8945-b3728308e9db	16	19956040	20534515	428	0.1438
cc0412e7-990b-4e73-8945-b3728308e9db	16	20534530	20534818	2	1.7844
cc0412e7-990b-4e73-8945-b3728308e9db	16	20535562	20544152	7	-0.6391
cc0412e7-990b-4e73-8945-b3728308e9db	16	20547604	20617366	30	0.2045
cc0412e7-990b-4e73-8945-b3728308e9db	16	20617756	20622023	4	1.4732
cc0412e7-990b-4e73-8945-b3728308e9db	16	20624663	21356685	419	0.1425
cc0412e7-990b-4e73-8945-b3728308e9db	16	21361279	21565495	19	-0.5164
cc0412e7-990b-4e73-8945-b3728308e9db	16	21574471	22579924	378	0.1508
cc0412e7-990b-4e73-8945-b3728308e9db	16	22591547	22699421	62	-0.3343
cc0412e7-990b-4e73-8945-b3728308e9db	16	22701658	78102685	26126	0.1656
cc0412e7-990b-4e73-8945-b3728308e9db	16	78104193	78950407	1027	0.0066
cc0412e7-990b-4e73-8945-b3728308e9db	16	78950659	90096867	9781	0.1729
cc0412e7-990b-4e73-8945-b3728308e9db	17	150733	18452078	11362	0.162
cc0412e7-990b-4e73-8945-b3728308e9db	17	18455632	18561907	26	-0.7575
cc0412e7-990b-4e73-8945-b3728308e9db	17	18565883	74539182	29218	0.163
cc0412e7-990b-4e73-8945-b3728308e9db	17	74539870	74552708	16	0.9594
cc0412e7-990b-4e73-8945-b3728308e9db	17	74552905	83091923	4285	0.1646
cc0412e7-990b-4e73-8945-b3728308e9db	18	48133	2023812	1434	-0.206
cc0412e7-990b-4e73-8945-b3728308e9db	18	2027952	2029279	5	1.4871
cc0412e7-990b-4e73-8945-b3728308e9db	18	2029593	7748663	4117	-0.1712
cc0412e7-990b-4e73-8945-b3728308e9db	18	7752786	7755228	2	2.1452
cc0412e7-990b-4e73-8945-b3728308e9db	18	7755354	27079010	8507	-0.1736
cc0412e7-990b-4e73-8945-b3728308e9db	18	27079215	27079685	2	-3.4148
cc0412e7-990b-4e73-8945-b3728308e9db	18	27083627	40678118	8634	-0.1599
cc0412e7-990b-4e73-8945-b3728308e9db	18	40678132	40678439	7	1.1866
cc0412e7-990b-4e73-8945-b3728308e9db	18	40678519	80257174	27882	-0.1693
cc0412e7-990b-4e73-8945-b3728308e9db	19	90910	14926438	6082	0.0213
cc0412e7-990b-4e73-8945-b3728308e9db	19	14928127	14938487	4	-1.4237
cc0412e7-990b-4e73-8945-b3728308e9db	19	14940475	15673342	493	0.0069
cc0412e7-990b-4e73-8945-b3728308e9db	19	15679275	15680807	2	2.8531
cc0412e7-990b-4e73-8945-b3728308e9db	19	15680854	52634690	18813	0.022
cc0412e7-990b-4e73-8945-b3728308e9db	19	52635191	52636034	2	2.4832
cc0412e7-990b-4e73-8945-b3728308e9db	19	52640363	54215136	1061	-0.009
cc0412e7-990b-4e73-8945-b3728308e9db	19	54226329	54250521	22	-0.9017
cc0412e7-990b-4e73-8945-b3728308e9db	19	54257872	58586487	2576	0.0298
cc0412e7-990b-4e73-8945-b3728308e9db	20	80664	1580156	1198	0.1356
cc0412e7-990b-4e73-8945-b3728308e9db	20	1580276	1613247	44	1.7075
cc0412e7-990b-4e73-8945-b3728308e9db	20	1617300	64324800	41032	0.1006
cc0412e7-990b-4e73-8945-b3728308e9db	21	10354168	46677045	23789	0.0956
cc0412e7-990b-4e73-8945-b3728308e9db	22	15294547	50796027	23212	-0.0912
cc0412e7-990b-4e73-8945-b3728308e9db	X	251810	7030317	3294	0.0257
cc0412e7-990b-4e73-8945-b3728308e9db	X	7030388	7931064	694	-0.753
cc0412e7-990b-4e73-8945-b3728308e9db	X	7935257	88263329	41665	0.0224
cc0412e7-990b-4e73-8945-b3728308e9db	X	88263851	100968639	6486	-0.0527
cc0412e7-990b-4e73-8945-b3728308e9db	X	100968674	101068328	52	0.283
cc0412e7-990b-4e73-8945-b3728308e9db	X	101069311	101080699	3	1.9636
cc0412e7-990b-4e73-8945-b3728308e9db	X	101080917	101805604	408	-0.05
cc0412e7-990b-4e73-8945-b3728308e9db	X	101813188	101813202	2	1.497
cc0412e7-990b-4e73-8945-b3728308e9db	X	101813369	106572937	2323	-0.0443
cc0412e7-990b-4e73-8945-b3728308e9db	X	106573980	119805426	7397	0.0266
cc0412e7-990b-4e73-8945-b3728308e9db	X	119807137	128729578	5160	-0.042
cc0412e7-990b-4e73-8945-b3728308e9db	X	128729886	129360524	405	0.0499
cc0412e7-990b-4e73-8945-b3728308e9db	X	129363894	129364698	4	1.5104
cc0412e7-990b-4e73-8945-b3728308e9db	X	129376659	130488361	629	0.0415
cc0412e7-990b-4e73-8945-b3728308e9db	X	130489042	130493249	6	1.0208
cc0412e7-990b-4e73-8945-b3728308e9db	X	130493797	134236902	1910	0.0237
cc0412e7-990b-4e73-8945-b3728308e9db	X	134242078	142277629	4720	-0.0439
cc0412e7-990b-4e73-8945-b3728308e9db	X	142277960	145386161	2058	0.0407
cc0412e7-990b-4e73-8945-b3728308e9db	X	145386654	149205783	2695	-0.0458
cc0412e7-990b-4e73-8945-b3728308e9db	X	149207783	155952689	3511	0.0455
cc0412e7-990b-4e73-8945-b3728308e9db	Y	2782397	6167430	746	-2.0923
cc0412e7-990b-4e73-8945-b3728308e9db	Y	6171310	6171622	2	-7.5064
cc0412e7-990b-4e73-8945-b3728308e9db	Y	6180233	6249869	34	-1.8185
cc0412e7-990b-4e73-8945-b3728308e9db	Y	6252391	56872112	5850	-2.4297
