GDC_Aliquot	Chromosome	Start	End	Num_Probes	Segment_Mean
e44e10df-88e7-446b-9510-1da4cda60d6e	1	62920	72295173	42669	-0.1167
e44e10df-88e7-446b-9510-1da4cda60d6e	1	72296993	72346757	52	0.2998
e44e10df-88e7-446b-9510-1da4cda60d6e	1	72351072	75585159	1920	-0.1124
e44e10df-88e7-446b-9510-1da4cda60d6e	1	75589078	75589169	2	-2.5592
e44e10df-88e7-446b-9510-1da4cda60d6e	1	75593824	105470754	18950	-0.1188
e44e10df-88e7-446b-9510-1da4cda60d6e	1	105476583	105479722	15	0.6439
e44e10df-88e7-446b-9510-1da4cda60d6e	1	105479738	109642611	2605	-0.1131
e44e10df-88e7-446b-9510-1da4cda60d6e	1	109644606	109679105	12	-0.5163
e44e10df-88e7-446b-9510-1da4cda60d6e	1	109684695	109697556	14	1.9423
e44e10df-88e7-446b-9510-1da4cda60d6e	1	109702376	152583230	9550	-0.1057
e44e10df-88e7-446b-9510-1da4cda60d6e	1	152583291	152614118	34	-1.3034
e44e10df-88e7-446b-9510-1da4cda60d6e	1	152618018	152789447	167	-0.1179
e44e10df-88e7-446b-9510-1da4cda60d6e	1	152789463	152796224	36	-1.4369
e44e10df-88e7-446b-9510-1da4cda60d6e	1	152801429	169247699	11246	-0.1119
e44e10df-88e7-446b-9510-1da4cda60d6e	1	169264736	169272528	6	-1.8594
e44e10df-88e7-446b-9510-1da4cda60d6e	1	169273163	196769638	18117	-0.1171
e44e10df-88e7-446b-9510-1da4cda60d6e	1	196769652	196846661	54	0.2612
e44e10df-88e7-446b-9510-1da4cda60d6e	1	196847600	243139864	31995	-0.119
e44e10df-88e7-446b-9510-1da4cda60d6e	1	243143622	243163650	7	0.5422
e44e10df-88e7-446b-9510-1da4cda60d6e	1	243164636	243173458	2	2.4764
e44e10df-88e7-446b-9510-1da4cda60d6e	1	243174914	248930189	3696	-0.0957
e44e10df-88e7-446b-9510-1da4cda60d6e	2	12784	13394851	10157	-0.1077
e44e10df-88e7-446b-9510-1da4cda60d6e	2	13396809	13409547	4	1.4078
e44e10df-88e7-446b-9510-1da4cda60d6e	2	13409603	34460213	13856	-0.1053
e44e10df-88e7-446b-9510-1da4cda60d6e	2	34466002	34515732	53	0.3275
e44e10df-88e7-446b-9510-1da4cda60d6e	2	34515960	52527330	12963	-0.1029
e44e10df-88e7-446b-9510-1da4cda60d6e	2	52527342	52554404	39	0.3515
e44e10df-88e7-446b-9510-1da4cda60d6e	2	52560811	146104517	53118	-0.1026
e44e10df-88e7-446b-9510-1da4cda60d6e	2	146106836	146109366	24	-1.543
e44e10df-88e7-446b-9510-1da4cda60d6e	2	146120238	176394114	18374	-0.1152
e44e10df-88e7-446b-9510-1da4cda60d6e	2	176402448	176407805	2	2.2748
e44e10df-88e7-446b-9510-1da4cda60d6e	2	176410410	184451949	5239	-0.1051
e44e10df-88e7-446b-9510-1da4cda60d6e	2	184452153	184455332	4	1.6072
e44e10df-88e7-446b-9510-1da4cda60d6e	2	184460792	242147305	35249	-0.1105
e44e10df-88e7-446b-9510-1da4cda60d6e	3	20930	2781392	2396	0.411
e44e10df-88e7-446b-9510-1da4cda60d6e	3	2782874	26559609	17555	0.3491
e44e10df-88e7-446b-9510-1da4cda60d6e	3	26560269	26570536	12	-0.1734
e44e10df-88e7-446b-9510-1da4cda60d6e	3	26570619	59778146	20309	0.3429
e44e10df-88e7-446b-9510-1da4cda60d6e	3	59778420	60873312	1243	0.3975
e44e10df-88e7-446b-9510-1da4cda60d6e	3	60873326	68697013	6160	0.3317
e44e10df-88e7-446b-9510-1da4cda60d6e	3	68697108	68698262	14	1.0041
e44e10df-88e7-446b-9510-1da4cda60d6e	3	68699607	75400463	4871	0.3468
e44e10df-88e7-446b-9510-1da4cda60d6e	3	75400682	75519398	53	0.4421
e44e10df-88e7-446b-9510-1da4cda60d6e	3	75523398	75537654	6	-1.3995
e44e10df-88e7-446b-9510-1da4cda60d6e	3	75546030	118083796	22610	0.3426
e44e10df-88e7-446b-9510-1da4cda60d6e	3	118084048	118084727	2	-1.1637
e44e10df-88e7-446b-9510-1da4cda60d6e	3	118085307	128941857	6545	0.3384
e44e10df-88e7-446b-9510-1da4cda60d6e	3	128942130	128942143	2	-1.3206
e44e10df-88e7-446b-9510-1da4cda60d6e	3	128944316	130044855	470	0.3173
e44e10df-88e7-446b-9510-1da4cda60d6e	3	130047743	130087393	37	0.0529
e44e10df-88e7-446b-9510-1da4cda60d6e	3	130088081	132270503	1434	0.3356
e44e10df-88e7-446b-9510-1da4cda60d6e	3	132273893	132276840	4	1.2225
e44e10df-88e7-446b-9510-1da4cda60d6e	3	132281633	136300257	2580	0.3409
e44e10df-88e7-446b-9510-1da4cda60d6e	3	136304109	136306584	2	1.7286
e44e10df-88e7-446b-9510-1da4cda60d6e	3	136319699	144564532	4958	0.3404
e44e10df-88e7-446b-9510-1da4cda60d6e	3	144564800	144575748	13	0.814
e44e10df-88e7-446b-9510-1da4cda60d6e	3	144575944	161797809	10545	0.3482
e44e10df-88e7-446b-9510-1da4cda60d6e	3	161797839	161797861	2	2.334
e44e10df-88e7-446b-9510-1da4cda60d6e	3	161798156	162798471	679	0.3638
e44e10df-88e7-446b-9510-1da4cda60d6e	3	162798525	162834293	20	-0.2192
e44e10df-88e7-446b-9510-1da4cda60d6e	3	162845543	175353878	7658	0.3532
e44e10df-88e7-446b-9510-1da4cda60d6e	3	175353932	176543725	774	0.4123
e44e10df-88e7-446b-9510-1da4cda60d6e	3	176545911	187877506	6899	0.3339
e44e10df-88e7-446b-9510-1da4cda60d6e	3	187877590	187877925	2	2.0458
e44e10df-88e7-446b-9510-1da4cda60d6e	3	187877952	192670445	3469	0.3441
e44e10df-88e7-446b-9510-1da4cda60d6e	3	192670476	192672988	3	-1.1559
e44e10df-88e7-446b-9510-1da4cda60d6e	3	192674578	193160113	339	0.3383
e44e10df-88e7-446b-9510-1da4cda60d6e	3	193160173	193165114	19	-0.6563
e44e10df-88e7-446b-9510-1da4cda60d6e	3	193168646	198111566	2672	0.3359
e44e10df-88e7-446b-9510-1da4cda60d6e	3	198118345	198122834	9	-0.4255
e44e10df-88e7-446b-9510-1da4cda60d6e	3	198124354	198169247	8	0.3648
e44e10df-88e7-446b-9510-1da4cda60d6e	4	68929	4164791	1632	-0.1331
e44e10df-88e7-446b-9510-1da4cda60d6e	4	4165256	4165270	2	-4.2211
e44e10df-88e7-446b-9510-1da4cda60d6e	4	4165406	10227193	4065	-0.1297
e44e10df-88e7-446b-9510-1da4cda60d6e	4	10227256	10228006	9	-0.8433
e44e10df-88e7-446b-9510-1da4cda60d6e	4	10228296	10229874	13	-0.2112
e44e10df-88e7-446b-9510-1da4cda60d6e	4	10232590	10232642	2	1.6334
e44e10df-88e7-446b-9510-1da4cda60d6e	4	10232984	29314452	13642	-0.1288
e44e10df-88e7-446b-9510-1da4cda60d6e	4	29316617	29316627	2	-2.1061
e44e10df-88e7-446b-9510-1da4cda60d6e	4	29316643	34777418	3278	-0.1355
e44e10df-88e7-446b-9510-1da4cda60d6e	4	34777432	34817589	36	-0.5535
e44e10df-88e7-446b-9510-1da4cda60d6e	4	34819718	63831891	16506	-0.128
e44e10df-88e7-446b-9510-1da4cda60d6e	4	63832015	63842540	24	0.3419
e44e10df-88e7-446b-9510-1da4cda60d6e	4	63850713	68395346	2837	-0.1263
e44e10df-88e7-446b-9510-1da4cda60d6e	4	68416487	68422424	5	-1.1445
e44e10df-88e7-446b-9510-1da4cda60d6e	4	68429081	69283159	405	-0.05
e44e10df-88e7-446b-9510-1da4cda60d6e	4	69283439	69366081	39	-0.5625
e44e10df-88e7-446b-9510-1da4cda60d6e	4	69366304	103824414	20946	-0.1262
e44e10df-88e7-446b-9510-1da4cda60d6e	4	103830473	103830480	5	1.4014
e44e10df-88e7-446b-9510-1da4cda60d6e	4	103830487	108464432	2704	-0.1303
e44e10df-88e7-446b-9510-1da4cda60d6e	4	108466650	108467479	2	-2.7925
e44e10df-88e7-446b-9510-1da4cda60d6e	4	108482941	114252500	3570	-0.1217
e44e10df-88e7-446b-9510-1da4cda60d6e	4	114252544	114263110	27	0.6435
e44e10df-88e7-446b-9510-1da4cda60d6e	4	114263154	115244712	601	-0.137
e44e10df-88e7-446b-9510-1da4cda60d6e	4	115244948	115254098	12	-0.7839
e44e10df-88e7-446b-9510-1da4cda60d6e	4	115254152	137171041	12568	-0.1215
e44e10df-88e7-446b-9510-1da4cda60d6e	4	137171085	137172260	14	-0.7832
e44e10df-88e7-446b-9510-1da4cda60d6e	4	137173804	160120116	14038	-0.1289
e44e10df-88e7-446b-9510-1da4cda60d6e	4	160120152	160149615	39	-0.7416
e44e10df-88e7-446b-9510-1da4cda60d6e	4	160149637	171447380	7255	-0.1245
e44e10df-88e7-446b-9510-1da4cda60d6e	4	171448195	171460247	16	0.3881
e44e10df-88e7-446b-9510-1da4cda60d6e	4	171460314	172066777	392	-0.1001
e44e10df-88e7-446b-9510-1da4cda60d6e	4	172067997	172079670	16	0.7609
e44e10df-88e7-446b-9510-1da4cda60d6e	4	172080680	190106768	12035	-0.1191
e44e10df-88e7-446b-9510-1da4cda60d6e	5	15532	12785150	10153	-0.132
e44e10df-88e7-446b-9510-1da4cda60d6e	5	12790757	12790933	2	1.4051
e44e10df-88e7-446b-9510-1da4cda60d6e	5	12791608	17828029	3334	-0.128
e44e10df-88e7-446b-9510-1da4cda60d6e	5	17828744	17828760	2	-1.7155
e44e10df-88e7-446b-9510-1da4cda60d6e	5	17829678	21376735	2130	-0.1193
e44e10df-88e7-446b-9510-1da4cda60d6e	5	21377730	21377744	2	-1.6273
e44e10df-88e7-446b-9510-1da4cda60d6e	5	21385957	46096957	14918	-0.1226
e44e10df-88e7-446b-9510-1da4cda60d6e	5	46097545	46097651	2	1.1599
e44e10df-88e7-446b-9510-1da4cda60d6e	5	46098416	46271006	40	-0.0998
e44e10df-88e7-446b-9510-1da4cda60d6e	5	46271828	46273400	6	-2.4325
e44e10df-88e7-446b-9510-1da4cda60d6e	5	46278110	69550476	12363	-0.1258
e44e10df-88e7-446b-9510-1da4cda60d6e	5	69571467	71367614	30	0.3313
e44e10df-88e7-446b-9510-1da4cda60d6e	5	71367629	92655921	12667	-0.1295
e44e10df-88e7-446b-9510-1da4cda60d6e	5	92655970	92660344	2	1.2126
e44e10df-88e7-446b-9510-1da4cda60d6e	5	92664159	99108360	3645	-0.1262
e44e10df-88e7-446b-9510-1da4cda60d6e	5	99108919	100342956	728	-0.0503
e44e10df-88e7-446b-9510-1da4cda60d6e	5	100346399	138400922	24436	-0.1214
e44e10df-88e7-446b-9510-1da4cda60d6e	5	138401366	138404948	5	0.8634
e44e10df-88e7-446b-9510-1da4cda60d6e	5	138410188	177771448	26079	-0.1279
e44e10df-88e7-446b-9510-1da4cda60d6e	5	177800550	177805604	3	1.8683
e44e10df-88e7-446b-9510-1da4cda60d6e	5	177827964	181363319	1979	-0.1209
e44e10df-88e7-446b-9510-1da4cda60d6e	6	149661	253861	99	-0.1633
e44e10df-88e7-446b-9510-1da4cda60d6e	6	254267	385056	109	0.256
e44e10df-88e7-446b-9510-1da4cda60d6e	6	385687	17001574	13090	-0.1185
e44e10df-88e7-446b-9510-1da4cda60d6e	6	17001656	21108916	2917	-0.1551
e44e10df-88e7-446b-9510-1da4cda60d6e	6	21111999	29869295	5377	-0.12
e44e10df-88e7-446b-9510-1da4cda60d6e	6	29869410	29881490	16	0.8512
e44e10df-88e7-446b-9510-1da4cda60d6e	6	29882419	29913249	10	-0.2365
e44e10df-88e7-446b-9510-1da4cda60d6e	6	29913481	29931120	5	-0.9775
e44e10df-88e7-446b-9510-1da4cda60d6e	6	29931900	31380423	702	-0.1073
e44e10df-88e7-446b-9510-1da4cda60d6e	6	31380693	31380871	3	1.2335
e44e10df-88e7-446b-9510-1da4cda60d6e	6	31383258	31497713	102	-0.1572
e44e10df-88e7-446b-9510-1da4cda60d6e	6	31498018	31506911	2	-1.6982
e44e10df-88e7-446b-9510-1da4cda60d6e	6	31512495	32488965	350	-0.0968
e44e10df-88e7-446b-9510-1da4cda60d6e	6	32502142	32718088	93	0.0625
e44e10df-88e7-446b-9510-1da4cda60d6e	6	32718419	54066477	13640	-0.124
e44e10df-88e7-446b-9510-1da4cda60d6e	6	54066582	54067057	4	-1.533
e44e10df-88e7-446b-9510-1da4cda60d6e	6	54070550	55960697	1208	-0.1273
e44e10df-88e7-446b-9510-1da4cda60d6e	6	55961357	55972489	7	-0.4706
e44e10df-88e7-446b-9510-1da4cda60d6e	6	55973143	55978862	3	-1.3656
e44e10df-88e7-446b-9510-1da4cda60d6e	6	55986080	58115475	862	-0.1349
e44e10df-88e7-446b-9510-1da4cda60d6e	6	58120790	61823500	671	-0.03
e44e10df-88e7-446b-9510-1da4cda60d6e	6	61823514	64627049	1465	-0.12
e44e10df-88e7-446b-9510-1da4cda60d6e	6	64637651	64639099	2	-1.9014
e44e10df-88e7-446b-9510-1da4cda60d6e	6	64640883	65689589	696	-0.113
e44e10df-88e7-446b-9510-1da4cda60d6e	6	65689644	65693959	22	-0.5351
e44e10df-88e7-446b-9510-1da4cda60d6e	6	65697234	66283625	372	-0.1402
e44e10df-88e7-446b-9510-1da4cda60d6e	6	66285029	66400281	114	0.0719
e44e10df-88e7-446b-9510-1da4cda60d6e	6	66401825	73882142	4936	-0.1255
e44e10df-88e7-446b-9510-1da4cda60d6e	6	73882509	73887625	9	-1.0326
e44e10df-88e7-446b-9510-1da4cda60d6e	6	73891694	74402433	343	-0.1007
e44e10df-88e7-446b-9510-1da4cda60d6e	6	74402999	74403891	3	-1.4614
e44e10df-88e7-446b-9510-1da4cda60d6e	6	74407031	76711665	1408	-0.1259
e44e10df-88e7-446b-9510-1da4cda60d6e	6	76711775	76743040	31	0.191
e44e10df-88e7-446b-9510-1da4cda60d6e	6	76751356	78253172	971	-0.1337
e44e10df-88e7-446b-9510-1da4cda60d6e	6	78259348	78325468	110	-1.7252
e44e10df-88e7-446b-9510-1da4cda60d6e	6	78329517	87611382	5740	-0.1205
e44e10df-88e7-446b-9510-1da4cda60d6e	6	87614295	87636957	15	-1.4158
e44e10df-88e7-446b-9510-1da4cda60d6e	6	87641482	93879612	4184	-0.13
e44e10df-88e7-446b-9510-1da4cda60d6e	6	93880211	94481005	395	-0.0305
e44e10df-88e7-446b-9510-1da4cda60d6e	6	94483388	94484007	2	1.4865
e44e10df-88e7-446b-9510-1da4cda60d6e	6	94486928	94919986	286	-0.0195
e44e10df-88e7-446b-9510-1da4cda60d6e	6	94920300	103286954	4793	-0.1328
e44e10df-88e7-446b-9510-1da4cda60d6e	6	103290101	103314186	46	0.6763
e44e10df-88e7-446b-9510-1da4cda60d6e	6	103317795	150187421	29530	-0.1244
e44e10df-88e7-446b-9510-1da4cda60d6e	6	150189684	150190208	2	-2.3827
e44e10df-88e7-446b-9510-1da4cda60d6e	6	150190263	157358463	5113	-0.1353
e44e10df-88e7-446b-9510-1da4cda60d6e	6	157360232	157420615	10	0.5355
e44e10df-88e7-446b-9510-1da4cda60d6e	6	157432543	170741917	9363	-0.1334
e44e10df-88e7-446b-9510-1da4cda60d6e	7	43355	8724321	5003	0.3458
e44e10df-88e7-446b-9510-1da4cda60d6e	7	8724616	10562945	1457	0.4039
e44e10df-88e7-446b-9510-1da4cda60d6e	7	10566719	13547787	2356	0.3396
e44e10df-88e7-446b-9510-1da4cda60d6e	7	13550519	13551572	7	-1.0386
e44e10df-88e7-446b-9510-1da4cda60d6e	7	13551859	15369500	1485	0.3466
e44e10df-88e7-446b-9510-1da4cda60d6e	7	15371382	15376924	3	1.7081
e44e10df-88e7-446b-9510-1da4cda60d6e	7	15377075	18867407	2764	0.3574
e44e10df-88e7-446b-9510-1da4cda60d6e	7	18871438	19751853	911	0.4243
e44e10df-88e7-446b-9510-1da4cda60d6e	7	19751962	38239007	13288	0.3446
e44e10df-88e7-446b-9510-1da4cda60d6e	7	38239282	38365370	136	0.5363
e44e10df-88e7-446b-9510-1da4cda60d6e	7	38365496	54305455	10961	0.337
e44e10df-88e7-446b-9510-1da4cda60d6e	7	54318812	54318824	6	2.6529
e44e10df-88e7-446b-9510-1da4cda60d6e	7	54325795	68934786	4902	0.3217
e44e10df-88e7-446b-9510-1da4cda60d6e	7	68941073	68942063	2	-1.5992
e44e10df-88e7-446b-9510-1da4cda60d6e	7	68942209	88604439	10979	0.3336
e44e10df-88e7-446b-9510-1da4cda60d6e	7	88606729	90242436	1100	0.4167
e44e10df-88e7-446b-9510-1da4cda60d6e	7	90243683	109793741	11370	0.3342
e44e10df-88e7-446b-9510-1da4cda60d6e	7	109797035	109801155	24	-0.3004
e44e10df-88e7-446b-9510-1da4cda60d6e	7	109801187	109813853	11	-1.4626
e44e10df-88e7-446b-9510-1da4cda60d6e	7	109813925	142508927	20279	0.3407
e44e10df-88e7-446b-9510-1da4cda60d6e	7	142509832	142740007	86	0.5618
e44e10df-88e7-446b-9510-1da4cda60d6e	7	142741721	159324709	10414	0.3395
e44e10df-88e7-446b-9510-1da4cda60d6e	7	159324804	159334314	16	-0.9177
e44e10df-88e7-446b-9510-1da4cda60d6e	8	81254	643041	322	0.3513
e44e10df-88e7-446b-9510-1da4cda60d6e	8	644944	645908	10	2.1428
e44e10df-88e7-446b-9510-1da4cda60d6e	8	656117	2844412	1704	0.3444
e44e10df-88e7-446b-9510-1da4cda60d6e	8	2846011	2846295	6	1.0444
e44e10df-88e7-446b-9510-1da4cda60d6e	8	2846377	3570484	779	0.3504
e44e10df-88e7-446b-9510-1da4cda60d6e	8	3571547	6173491	3736	0.3893
e44e10df-88e7-446b-9510-1da4cda60d6e	8	6173667	8196822	1223	0.3305
e44e10df-88e7-446b-9510-1da4cda60d6e	8	8197738	8234503	4	-0.9805
e44e10df-88e7-446b-9510-1da4cda60d6e	8	8235660	21254588	11105	0.3511
e44e10df-88e7-446b-9510-1da4cda60d6e	8	21255121	21256547	3	-0.8802
e44e10df-88e7-446b-9510-1da4cda60d6e	8	21260713	25117007	2533	0.3475
e44e10df-88e7-446b-9510-1da4cda60d6e	8	25117062	25126626	20	0.8633
e44e10df-88e7-446b-9510-1da4cda60d6e	8	25126641	39373140	8994	0.3428
e44e10df-88e7-446b-9510-1da4cda60d6e	8	39378084	39529446	58	1.1928
e44e10df-88e7-446b-9510-1da4cda60d6e	8	39530780	40609497	856	0.3438
e44e10df-88e7-446b-9510-1da4cda60d6e	8	40611724	40611974	2	-1.0808
e44e10df-88e7-446b-9510-1da4cda60d6e	8	40612594	50119451	3715	0.3394
e44e10df-88e7-446b-9510-1da4cda60d6e	8	50119464	50120863	8	-0.6923
e44e10df-88e7-446b-9510-1da4cda60d6e	8	50126018	111279265	37327	0.3432
e44e10df-88e7-446b-9510-1da4cda60d6e	8	111282050	111283031	9	-0.5746
e44e10df-88e7-446b-9510-1da4cda60d6e	8	111288052	114622258	1808	0.3428
e44e10df-88e7-446b-9510-1da4cda60d6e	8	114622325	114638468	35	0.6735
e44e10df-88e7-446b-9510-1da4cda60d6e	8	114638558	136649763	15830	0.342
e44e10df-88e7-446b-9510-1da4cda60d6e	8	136653565	136832890	163	0.5039
e44e10df-88e7-446b-9510-1da4cda60d6e	8	136832902	142143283	3949	0.3362
e44e10df-88e7-446b-9510-1da4cda60d6e	8	142144522	142153456	3	1.6842
e44e10df-88e7-446b-9510-1da4cda60d6e	8	142154517	143217284	420	0.3282
e44e10df-88e7-446b-9510-1da4cda60d6e	8	143217495	143227828	8	-0.322
e44e10df-88e7-446b-9510-1da4cda60d6e	8	143227843	144924141	551	0.2936
e44e10df-88e7-446b-9510-1da4cda60d6e	8	144924592	145028555	59	0.9381
e44e10df-88e7-446b-9510-1da4cda60d6e	8	145029286	145072769	24	0.2355
e44e10df-88e7-446b-9510-1da4cda60d6e	9	46587	246397	78	-0.0287
e44e10df-88e7-446b-9510-1da4cda60d6e	9	246702	246725	2	2.0812
e44e10df-88e7-446b-9510-1da4cda60d6e	9	249281	6655056	6239	-0.1035
e44e10df-88e7-446b-9510-1da4cda60d6e	9	6657192	6661406	2	2.105
e44e10df-88e7-446b-9510-1da4cda60d6e	9	6661613	9884182	3098	-0.1158
e44e10df-88e7-446b-9510-1da4cda60d6e	9	9884561	12610410	2275	-0.0484
e44e10df-88e7-446b-9510-1da4cda60d6e	9	12611970	39140235	19338	-0.1159
e44e10df-88e7-446b-9510-1da4cda60d6e	9	39140250	67759000	429	0.1287
e44e10df-88e7-446b-9510-1da4cda60d6e	9	67770392	138200944	47822	-0.1185
e44e10df-88e7-446b-9510-1da4cda60d6e	10	45792	751569	413	-0.1458
e44e10df-88e7-446b-9510-1da4cda60d6e	10	752021	754237	3	-1.8633
e44e10df-88e7-446b-9510-1da4cda60d6e	10	754273	24086334	18704	-0.1323
e44e10df-88e7-446b-9510-1da4cda60d6e	10	24088745	24090078	14	0.6044
e44e10df-88e7-446b-9510-1da4cda60d6e	10	24090110	30957581	4997	-0.1333
e44e10df-88e7-446b-9510-1da4cda60d6e	10	30962405	30962850	11	-1.8178
e44e10df-88e7-446b-9510-1da4cda60d6e	10	30962893	46526248	7438	-0.1351
e44e10df-88e7-446b-9510-1da4cda60d6e	10	46526265	46560525	24	-0.7615
e44e10df-88e7-446b-9510-1da4cda60d6e	10	46606240	46836986	16	-1.8638
e44e10df-88e7-446b-9510-1da4cda60d6e	10	46898735	47724261	297	-0.1478
e44e10df-88e7-446b-9510-1da4cda60d6e	10	47729691	48125634	9	-0.956
e44e10df-88e7-446b-9510-1da4cda60d6e	10	48125747	50062639	1368	-0.1297
e44e10df-88e7-446b-9510-1da4cda60d6e	10	50070600	50097459	3	-2.0769
e44e10df-88e7-446b-9510-1da4cda60d6e	10	50107474	55156449	3762	-0.1247
e44e10df-88e7-446b-9510-1da4cda60d6e	10	55156783	56017852	591	-0.0218
e44e10df-88e7-446b-9510-1da4cda60d6e	10	56018995	133654968	52741	-0.1334
e44e10df-88e7-446b-9510-1da4cda60d6e	11	198510	2508932	801	-0.106
e44e10df-88e7-446b-9510-1da4cda60d6e	11	2509049	2512061	2	1.4627
e44e10df-88e7-446b-9510-1da4cda60d6e	11	2512204	4254774	942	-0.1085
e44e10df-88e7-446b-9510-1da4cda60d6e	11	4274526	4337579	16	0.5327
e44e10df-88e7-446b-9510-1da4cda60d6e	11	4337826	4942189	635	-0.1148
e44e10df-88e7-446b-9510-1da4cda60d6e	11	4942202	4971052	51	0.3581
e44e10df-88e7-446b-9510-1da4cda60d6e	11	4971283	18918775	10176	-0.1259
e44e10df-88e7-446b-9510-1da4cda60d6e	11	18919309	18949201	51	0.2032
e44e10df-88e7-446b-9510-1da4cda60d6e	11	18949628	50222801	21161	-0.1231
e44e10df-88e7-446b-9510-1da4cda60d6e	11	50222869	56213360	958	-0.0164
e44e10df-88e7-446b-9510-1da4cda60d6e	11	56215562	92097323	20858	-0.1211
e44e10df-88e7-446b-9510-1da4cda60d6e	11	92097492	92097877	2	1.6191
e44e10df-88e7-446b-9510-1da4cda60d6e	11	92099538	101723653	7230	-0.1245
e44e10df-88e7-446b-9510-1da4cda60d6e	11	101727129	101727233	4	1.2414
e44e10df-88e7-446b-9510-1da4cda60d6e	11	101727481	133947577	22828	-0.1212
e44e10df-88e7-446b-9510-1da4cda60d6e	11	133947761	133948202	2	1.4211
e44e10df-88e7-446b-9510-1da4cda60d6e	11	133949547	135074876	834	-0.1403
e44e10df-88e7-446b-9510-1da4cda60d6e	12	51460	756804	416	-0.1159
e44e10df-88e7-446b-9510-1da4cda60d6e	12	759943	764338	16	-0.8883
e44e10df-88e7-446b-9510-1da4cda60d6e	12	764778	11068125	6788	-0.1097
e44e10df-88e7-446b-9510-1da4cda60d6e	12	11070111	11399818	173	0.0983
e44e10df-88e7-446b-9510-1da4cda60d6e	12	11399848	20846701	6409	-0.1178
e44e10df-88e7-446b-9510-1da4cda60d6e	12	20854810	20923800	43	0.2377
e44e10df-88e7-446b-9510-1da4cda60d6e	12	20924237	33141726	8879	-0.1172
e44e10df-88e7-446b-9510-1da4cda60d6e	12	33148472	33154440	27	-0.6206
e44e10df-88e7-446b-9510-1da4cda60d6e	12	33155426	38834281	1337	-0.0634
e44e10df-88e7-446b-9510-1da4cda60d6e	12	38834977	61952169	13780	-0.1181
e44e10df-88e7-446b-9510-1da4cda60d6e	12	61953343	61958674	4	-3.1679
e44e10df-88e7-446b-9510-1da4cda60d6e	12	61959150	99401515	24045	-0.1242
e44e10df-88e7-446b-9510-1da4cda60d6e	12	99401690	99404374	24	0.29
e44e10df-88e7-446b-9510-1da4cda60d6e	12	99404412	126640834	17743	-0.1224
e44e10df-88e7-446b-9510-1da4cda60d6e	12	126641198	126645946	2	1.9814
e44e10df-88e7-446b-9510-1da4cda60d6e	12	126646494	133201603	4937	-0.1183
e44e10df-88e7-446b-9510-1da4cda60d6e	13	18452809	23055048	2847	0.3341
e44e10df-88e7-446b-9510-1da4cda60d6e	13	23055071	23059376	13	-0.6837
e44e10df-88e7-446b-9510-1da4cda60d6e	13	23064056	24461469	1122	0.359
e44e10df-88e7-446b-9510-1da4cda60d6e	13	24465452	24465460	3	-0.923
e44e10df-88e7-446b-9510-1da4cda60d6e	13	24465540	37496998	9465	0.3394
e44e10df-88e7-446b-9510-1da4cda60d6e	13	37497899	37514193	17	1.0418
e44e10df-88e7-446b-9510-1da4cda60d6e	13	37514237	50177827	8550	0.3455
e44e10df-88e7-446b-9510-1da4cda60d6e	13	50178346	50970918	536	0.4194
e44e10df-88e7-446b-9510-1da4cda60d6e	13	50972775	50975062	2	2.2205
e44e10df-88e7-446b-9510-1da4cda60d6e	13	50975421	50989000	7	0.753
e44e10df-88e7-446b-9510-1da4cda60d6e	13	50993281	52502570	770	0.3379
e44e10df-88e7-446b-9510-1da4cda60d6e	13	52505209	52519687	3	1.1635
e44e10df-88e7-446b-9510-1da4cda60d6e	13	52520664	53360828	501	0.3408
e44e10df-88e7-446b-9510-1da4cda60d6e	13	53361963	53385365	20	0.7241
e44e10df-88e7-446b-9510-1da4cda60d6e	13	53386052	57189979	2111	0.3434
e44e10df-88e7-446b-9510-1da4cda60d6e	13	57190029	57383322	131	0.5211
e44e10df-88e7-446b-9510-1da4cda60d6e	13	57384001	105231963	31361	0.3404
e44e10df-88e7-446b-9510-1da4cda60d6e	13	105236878	105663858	329	0.461
e44e10df-88e7-446b-9510-1da4cda60d6e	13	105664476	105664629	4	-0.7812
e44e10df-88e7-446b-9510-1da4cda60d6e	13	105667023	108121808	1997	0.3565
e44e10df-88e7-446b-9510-1da4cda60d6e	13	108122609	108122989	4	-0.5163
e44e10df-88e7-446b-9510-1da4cda60d6e	13	108124411	114342922	4137	0.3521
e44e10df-88e7-446b-9510-1da4cda60d6e	14	18239283	18640726	15	0.3522
e44e10df-88e7-446b-9510-1da4cda60d6e	14	18646056	19294475	32	-0.0657
e44e10df-88e7-446b-9510-1da4cda60d6e	14	19298389	19675350	16	-0.5923
e44e10df-88e7-446b-9510-1da4cda60d6e	14	19689684	19955213	104	0.0817
e44e10df-88e7-446b-9510-1da4cda60d6e	14	19956767	21751141	1184	-0.113
e44e10df-88e7-446b-9510-1da4cda60d6e	14	21752248	22501577	661	0.045
e44e10df-88e7-446b-9510-1da4cda60d6e	14	22501590	106294689	52956	-0.1185
e44e10df-88e7-446b-9510-1da4cda60d6e	14	106297265	106297273	3	1.9578
e44e10df-88e7-446b-9510-1da4cda60d6e	14	106297409	106423925	53	0.0403
e44e10df-88e7-446b-9510-1da4cda60d6e	14	106425447	106462183	47	-0.5455
e44e10df-88e7-446b-9510-1da4cda60d6e	14	106462724	106877229	195	-0.0909
e44e10df-88e7-446b-9510-1da4cda60d6e	15	19811075	20064520	54	-0.1309
e44e10df-88e7-446b-9510-1da4cda60d6e	15	20187568	22582296	159	0.3623
e44e10df-88e7-446b-9510-1da4cda60d6e	15	22584747	47226922	14848	-0.109
e44e10df-88e7-446b-9510-1da4cda60d6e	15	47227348	47227357	2	1.7483
e44e10df-88e7-446b-9510-1da4cda60d6e	15	47233464	76599170	18746	-0.1134
e44e10df-88e7-446b-9510-1da4cda60d6e	15	76599286	76603434	20	-1.8017
e44e10df-88e7-446b-9510-1da4cda60d6e	15	76609838	86218116	5710	-0.1127
e44e10df-88e7-446b-9510-1da4cda60d6e	15	86221256	86226512	9	-0.9898
e44e10df-88e7-446b-9510-1da4cda60d6e	15	86228688	101928837	11849	-0.1157
e44e10df-88e7-446b-9510-1da4cda60d6e	16	10777	3657261	1351	0.312
e44e10df-88e7-446b-9510-1da4cda60d6e	16	3658169	3669343	11	-1.004
e44e10df-88e7-446b-9510-1da4cda60d6e	16	3676635	35237121	18782	0.3382
e44e10df-88e7-446b-9510-1da4cda60d6e	16	35237149	35526596	164	0.6331
e44e10df-88e7-446b-9510-1da4cda60d6e	16	35530722	78337711	20851	0.3388
e44e10df-88e7-446b-9510-1da4cda60d6e	16	78338543	78350841	16	-2.0277
e44e10df-88e7-446b-9510-1da4cda60d6e	16	78350868	90096867	10598	0.3361
e44e10df-88e7-446b-9510-1da4cda60d6e	17	150733	761804	337	0.2835
e44e10df-88e7-446b-9510-1da4cda60d6e	17	764003	764137	2	1.9921
e44e10df-88e7-446b-9510-1da4cda60d6e	17	775251	15608819	9647	0.3422
e44e10df-88e7-446b-9510-1da4cda60d6e	17	15609752	15643476	5	-0.7131
e44e10df-88e7-446b-9510-1da4cda60d6e	17	15650964	16749938	460	0.3465
e44e10df-88e7-446b-9510-1da4cda60d6e	17	16750987	16819487	11	-0.2432
e44e10df-88e7-446b-9510-1da4cda60d6e	17	16834846	18452078	909	0.33
e44e10df-88e7-446b-9510-1da4cda60d6e	17	18455632	18550123	24	1.2177
e44e10df-88e7-446b-9510-1da4cda60d6e	17	18561272	37416083	7548	0.3424
e44e10df-88e7-446b-9510-1da4cda60d6e	17	37419035	37419555	2	-1.4784
e44e10df-88e7-446b-9510-1da4cda60d6e	17	37425380	41265456	1840	0.3375
e44e10df-88e7-446b-9510-1da4cda60d6e	17	41266762	41274279	24	-0.5897
e44e10df-88e7-446b-9510-1da4cda60d6e	17	41276472	46099741	2508	0.3295
e44e10df-88e7-446b-9510-1da4cda60d6e	17	46100092	46323701	115	0.5881
e44e10df-88e7-446b-9510-1da4cda60d6e	17	46351954	55544982	5335	0.3448
e44e10df-88e7-446b-9510-1da4cda60d6e	17	55545649	55545755	2	-1.0617
e44e10df-88e7-446b-9510-1da4cda60d6e	17	55548781	58123113	2013	0.341
e44e10df-88e7-446b-9510-1da4cda60d6e	17	58134739	58136733	5	-0.6081
e44e10df-88e7-446b-9510-1da4cda60d6e	17	58140037	83091923	14188	0.3353
e44e10df-88e7-446b-9510-1da4cda60d6e	18	48133	28613464	15022	-0.1118
e44e10df-88e7-446b-9510-1da4cda60d6e	18	28613572	28615803	2	-1.8092
e44e10df-88e7-446b-9510-1da4cda60d6e	18	28616031	40678652	7694	-0.1197
e44e10df-88e7-446b-9510-1da4cda60d6e	18	40678741	40688060	22	-0.5088
e44e10df-88e7-446b-9510-1da4cda60d6e	18	40689534	45220183	2943	-0.1148
e44e10df-88e7-446b-9510-1da4cda60d6e	18	45222045	45223744	4	-1.1583
e44e10df-88e7-446b-9510-1da4cda60d6e	18	45223864	53677765	5936	-0.1293
e44e10df-88e7-446b-9510-1da4cda60d6e	18	53680839	53683207	4	-1.3564
e44e10df-88e7-446b-9510-1da4cda60d6e	18	53685778	66054343	8556	-0.1186
e44e10df-88e7-446b-9510-1da4cda60d6e	18	66060256	66065527	14	0.4341
e44e10df-88e7-446b-9510-1da4cda60d6e	18	66065571	71375365	3790	-0.1182
e44e10df-88e7-446b-9510-1da4cda60d6e	18	71377038	73924063	2053	-0.0515
e44e10df-88e7-446b-9510-1da4cda60d6e	18	73925208	80257174	4536	-0.1291
e44e10df-88e7-446b-9510-1da4cda60d6e	19	90910	5506648	1590	-0.1272
e44e10df-88e7-446b-9510-1da4cda60d6e	19	5510228	5510569	2	-2.5121
e44e10df-88e7-446b-9510-1da4cda60d6e	19	5510642	58586487	27469	-0.1141
e44e10df-88e7-446b-9510-1da4cda60d6e	20	80664	166750	72	0.1219
e44e10df-88e7-446b-9510-1da4cda60d6e	20	167044	1580353	1130	-0.1177
e44e10df-88e7-446b-9510-1da4cda60d6e	20	1580934	1601561	36	1.2886
e44e10df-88e7-446b-9510-1da4cda60d6e	20	1609611	64324800	41042	-0.1149
e44e10df-88e7-446b-9510-1da4cda60d6e	21	10354168	46677045	23791	-0.1165
e44e10df-88e7-446b-9510-1da4cda60d6e	22	15294547	19555793	1528	-0.1404
e44e10df-88e7-446b-9510-1da4cda60d6e	22	19556589	20490376	580	-0.2471
e44e10df-88e7-446b-9510-1da4cda60d6e	22	20490699	37346951	12305	-0.1349
e44e10df-88e7-446b-9510-1da4cda60d6e	22	37352689	37353906	4	-1.7473
e44e10df-88e7-446b-9510-1da4cda60d6e	22	37354627	42316462	2614	-0.1296
e44e10df-88e7-446b-9510-1da4cda60d6e	22	42321102	42322229	3	-1.2252
e44e10df-88e7-446b-9510-1da4cda60d6e	22	42327026	42496590	96	-0.2082
e44e10df-88e7-446b-9510-1da4cda60d6e	22	42501276	42529608	19	-0.6568
e44e10df-88e7-446b-9510-1da4cda60d6e	22	42536311	49921161	5732	-0.1432
e44e10df-88e7-446b-9510-1da4cda60d6e	22	49921288	49933224	4	-1.9603
e44e10df-88e7-446b-9510-1da4cda60d6e	22	49933421	50796027	362	-0.2116
e44e10df-88e7-446b-9510-1da4cda60d6e	X	251810	5778716	2303	-0.032
e44e10df-88e7-446b-9510-1da4cda60d6e	X	5778783	5781049	3	-2.4913
e44e10df-88e7-446b-9510-1da4cda60d6e	X	5783136	8277677	1904	-0.0401
e44e10df-88e7-446b-9510-1da4cda60d6e	X	8277756	8426212	143	0.7637
e44e10df-88e7-446b-9510-1da4cda60d6e	X	8433360	32986684	15949	-0.0225
e44e10df-88e7-446b-9510-1da4cda60d6e	X	32986705	36488318	2223	0.0467
e44e10df-88e7-446b-9510-1da4cda60d6e	X	36491051	48062248	6237	-0.0147
e44e10df-88e7-446b-9510-1da4cda60d6e	X	48062264	48106889	30	-0.5127
e44e10df-88e7-446b-9510-1da4cda60d6e	X	48110549	49636735	495	0.046
e44e10df-88e7-446b-9510-1da4cda60d6e	X	49637958	49639878	3	-2.2308
e44e10df-88e7-446b-9510-1da4cda60d6e	X	49640514	54868570	2164	-0.0039
e44e10df-88e7-446b-9510-1da4cda60d6e	X	54877547	104646310	22212	0.0244
e44e10df-88e7-446b-9510-1da4cda60d6e	X	104650395	153564032	28453	-0.008
e44e10df-88e7-446b-9510-1da4cda60d6e	X	153564864	153572649	11	-1.1494
e44e10df-88e7-446b-9510-1da4cda60d6e	X	153574025	155952689	855	0.014
e44e10df-88e7-446b-9510-1da4cda60d6e	Y	2782397	13478396	3264	-2.6553
e44e10df-88e7-446b-9510-1da4cda60d6e	Y	13478462	13482643	3	-7.4645
e44e10df-88e7-446b-9510-1da4cda60d6e	Y	13483009	56872112	3372	-2.7235
