GDC_Aliquot	Chromosome	Start	End	Num_Probes	Segment_Mean
27e5d58c-b04c-4821-8a8c-3711fa3944b5	1	62920	16685961	8672	0.0031
27e5d58c-b04c-4821-8a8c-3711fa3944b5	1	16686246	16934753	71	-0.7171
27e5d58c-b04c-4821-8a8c-3711fa3944b5	1	16934768	21992508	3346	0.0057
27e5d58c-b04c-4821-8a8c-3711fa3944b5	1	21996664	22010750	5	-1.2288
27e5d58c-b04c-4821-8a8c-3711fa3944b5	1	22011632	25256850	1913	-0.0009
27e5d58c-b04c-4821-8a8c-3711fa3944b5	1	25266637	25320455	24	0.5377
27e5d58c-b04c-4821-8a8c-3711fa3944b5	1	25336819	30450214	2532	0.0074
27e5d58c-b04c-4821-8a8c-3711fa3944b5	1	30450324	30450576	2	-1.0612
27e5d58c-b04c-4821-8a8c-3711fa3944b5	1	30450939	30596919	125	-0.0406
27e5d58c-b04c-4821-8a8c-3711fa3944b5	1	30597307	30597618	3	-0.8644
27e5d58c-b04c-4821-8a8c-3711fa3944b5	1	30598104	34626073	2283	0.0007
27e5d58c-b04c-4821-8a8c-3711fa3944b5	1	34637053	34638890	20	-0.6245
27e5d58c-b04c-4821-8a8c-3711fa3944b5	1	34648667	72302735	23754	0.0022
27e5d58c-b04c-4821-8a8c-3711fa3944b5	1	72302815	72345465	47	-1.5433
27e5d58c-b04c-4821-8a8c-3711fa3944b5	1	72346221	103557298	19989	0.0046
27e5d58c-b04c-4821-8a8c-3711fa3944b5	1	103560166	103621165	32	0.5223
27e5d58c-b04c-4821-8a8c-3711fa3944b5	1	103697067	105470132	920	0.0163
27e5d58c-b04c-4821-8a8c-3711fa3944b5	1	105470754	105479753	18	0.6126
27e5d58c-b04c-4821-8a8c-3711fa3944b5	1	105481433	109684893	2634	-0.0012
27e5d58c-b04c-4821-8a8c-3711fa3944b5	1	109690352	109692006	10	-1.1205
27e5d58c-b04c-4821-8a8c-3711fa3944b5	1	109696900	112147704	1952	0.0166
27e5d58c-b04c-4821-8a8c-3711fa3944b5	1	112153343	112154390	18	0.3691
27e5d58c-b04c-4821-8a8c-3711fa3944b5	1	112154552	143734438	5266	0.0049
27e5d58c-b04c-4821-8a8c-3711fa3944b5	1	143748012	143760271	21	0.4962
27e5d58c-b04c-4821-8a8c-3711fa3944b5	1	143762042	196762480	32013	0.0067
27e5d58c-b04c-4821-8a8c-3711fa3944b5	1	196762956	196846661	58	-0.3915
27e5d58c-b04c-4821-8a8c-3711fa3944b5	1	196847600	209897717	8786	0.0082
27e5d58c-b04c-4821-8a8c-3711fa3944b5	1	209908268	209908720	2	-1.8738
27e5d58c-b04c-4821-8a8c-3711fa3944b5	1	209910639	238691981	19963	0.0048
27e5d58c-b04c-4821-8a8c-3711fa3944b5	1	238692338	238692794	3	-1.1512
27e5d58c-b04c-4821-8a8c-3711fa3944b5	1	238699149	248546369	6873	0.0119
27e5d58c-b04c-4821-8a8c-3711fa3944b5	1	248550567	248633912	35	0.3387
27e5d58c-b04c-4821-8a8c-3711fa3944b5	1	248645563	248930189	141	-0.0042
27e5d58c-b04c-4821-8a8c-3711fa3944b5	2	12784	13060284	9997	-0.0066
27e5d58c-b04c-4821-8a8c-3711fa3944b5	2	13062181	13140124	42	0.6306
27e5d58c-b04c-4821-8a8c-3711fa3944b5	2	13142715	14563570	994	0.0123
27e5d58c-b04c-4821-8a8c-3711fa3944b5	2	14564825	14569968	12	-0.8354
27e5d58c-b04c-4821-8a8c-3711fa3944b5	2	14570240	34476327	13035	-0.0048
27e5d58c-b04c-4821-8a8c-3711fa3944b5	2	34476516	34511990	44	-0.5198
27e5d58c-b04c-4821-8a8c-3711fa3944b5	2	34512096	35742970	870	0.0363
27e5d58c-b04c-4821-8a8c-3711fa3944b5	2	35750907	35762850	7	0.8768
27e5d58c-b04c-4821-8a8c-3711fa3944b5	2	35762881	85105322	33103	0.0019
27e5d58c-b04c-4821-8a8c-3711fa3944b5	2	85105337	85106283	2	-1.4784
27e5d58c-b04c-4821-8a8c-3711fa3944b5	2	85106853	87516162	1133	0.0241
27e5d58c-b04c-4821-8a8c-3711fa3944b5	2	87519870	87674944	29	-0.6357
27e5d58c-b04c-4821-8a8c-3711fa3944b5	2	87695122	88844583	485	-0.0106
27e5d58c-b04c-4821-8a8c-3711fa3944b5	2	88844599	90281849	304	0.0998
27e5d58c-b04c-4821-8a8c-3711fa3944b5	2	90282534	97115122	885	0.0054
27e5d58c-b04c-4821-8a8c-3711fa3944b5	2	97115744	97355911	55	0.2404
27e5d58c-b04c-4821-8a8c-3711fa3944b5	2	97357159	97537802	8	-0.2108
27e5d58c-b04c-4821-8a8c-3711fa3944b5	2	97540809	97545247	3	-1.503
27e5d58c-b04c-4821-8a8c-3711fa3944b5	2	97545726	111252609	8153	0.0043
27e5d58c-b04c-4821-8a8c-3711fa3944b5	2	111260223	111430941	40	0.4678
27e5d58c-b04c-4821-8a8c-3711fa3944b5	2	111438656	125684646	8827	0.0081
27e5d58c-b04c-4821-8a8c-3711fa3944b5	2	125694074	125694336	2	-1.9224
27e5d58c-b04c-4821-8a8c-3711fa3944b5	2	125694355	130031201	2828	0.0006
27e5d58c-b04c-4821-8a8c-3711fa3944b5	2	130036283	130116915	14	0.5956
27e5d58c-b04c-4821-8a8c-3711fa3944b5	2	130117303	242147305	68579	0.0055
27e5d58c-b04c-4821-8a8c-3711fa3944b5	3	20930	2722633	2356	0.0652
27e5d58c-b04c-4821-8a8c-3711fa3944b5	3	2727096	4623439	1791	0.0239
27e5d58c-b04c-4821-8a8c-3711fa3944b5	3	4623881	4623899	2	-1.5671
27e5d58c-b04c-4821-8a8c-3711fa3944b5	3	4624029	59709868	36122	0.0057
27e5d58c-b04c-4821-8a8c-3711fa3944b5	3	59714834	61009928	1459	0.0611
27e5d58c-b04c-4821-8a8c-3711fa3944b5	3	61010124	75483280	10971	0.006
27e5d58c-b04c-4821-8a8c-3711fa3944b5	3	75489692	75519398	14	0.4047
27e5d58c-b04c-4821-8a8c-3711fa3944b5	3	75523398	84650533	4981	0.0042
27e5d58c-b04c-4821-8a8c-3711fa3944b5	3	84650607	84652985	13	-0.6622
27e5d58c-b04c-4821-8a8c-3711fa3944b5	3	84653010	89337951	2698	0.0107
27e5d58c-b04c-4821-8a8c-3711fa3944b5	3	89345442	89355950	9	-0.7861
27e5d58c-b04c-4821-8a8c-3711fa3944b5	3	89355952	89355967	3	0.349
27e5d58c-b04c-4821-8a8c-3711fa3944b5	3	89356604	89368021	35	-0.7525
27e5d58c-b04c-4821-8a8c-3711fa3944b5	3	89368137	98573839	2869	0.0096
27e5d58c-b04c-4821-8a8c-3711fa3944b5	3	98577602	98577938	2	-1.4761
27e5d58c-b04c-4821-8a8c-3711fa3944b5	3	98578064	125717394	16634	0.0035
27e5d58c-b04c-4821-8a8c-3711fa3944b5	3	125724765	125739919	10	0.9547
27e5d58c-b04c-4821-8a8c-3711fa3944b5	3	125743486	131987852	3664	-0.0023
27e5d58c-b04c-4821-8a8c-3711fa3944b5	3	131989313	131989627	2	-1.9964
27e5d58c-b04c-4821-8a8c-3711fa3944b5	3	131996155	162790480	19088	0.0125
27e5d58c-b04c-4821-8a8c-3711fa3944b5	3	162794869	162908207	70	0.4104
27e5d58c-b04c-4821-8a8c-3711fa3944b5	3	162908784	169012392	3442	0.0116
27e5d58c-b04c-4821-8a8c-3711fa3944b5	3	169015614	169020840	2	-1.8318
27e5d58c-b04c-4821-8a8c-3711fa3944b5	3	169022039	193084253	15644	0.0105
27e5d58c-b04c-4821-8a8c-3711fa3944b5	3	193084604	193084770	3	-1.3696
27e5d58c-b04c-4821-8a8c-3711fa3944b5	3	193084990	193160173	65	-0.0192
27e5d58c-b04c-4821-8a8c-3711fa3944b5	3	193160256	193165114	18	-1.0862
27e5d58c-b04c-4821-8a8c-3711fa3944b5	3	193168646	194830659	1094	-0.0051
27e5d58c-b04c-4821-8a8c-3711fa3944b5	3	194831045	194831263	3	-0.8803
27e5d58c-b04c-4821-8a8c-3711fa3944b5	3	194834085	195720051	410	0.0264
27e5d58c-b04c-4821-8a8c-3711fa3944b5	3	195728637	195746925	17	0.4465
27e5d58c-b04c-4821-8a8c-3711fa3944b5	3	195747311	198169247	1167	0.0335
27e5d58c-b04c-4821-8a8c-3711fa3944b5	4	68929	10208766	5705	0.0106
27e5d58c-b04c-4821-8a8c-3711fa3944b5	4	10212536	10233644	36	0.8875
27e5d58c-b04c-4821-8a8c-3711fa3944b5	4	10234518	10389091	171	-0.0243
27e5d58c-b04c-4821-8a8c-3711fa3944b5	4	10390730	10399044	16	-2.1268
27e5d58c-b04c-4821-8a8c-3711fa3944b5	4	10401094	34777432	16781	0.006
27e5d58c-b04c-4821-8a8c-3711fa3944b5	4	34784878	34819718	36	-0.6797
27e5d58c-b04c-4821-8a8c-3711fa3944b5	4	34822561	68349208	19427	0.0102
27e5d58c-b04c-4821-8a8c-3711fa3944b5	4	68352050	69261934	410	0.1672
27e5d58c-b04c-4821-8a8c-3711fa3944b5	4	69262694	99371905	18375	0.0084
27e5d58c-b04c-4821-8a8c-3711fa3944b5	4	99372040	99375295	3	-1.6073
27e5d58c-b04c-4821-8a8c-3711fa3944b5	4	99377945	190106768	56133	0.0087
27e5d58c-b04c-4821-8a8c-3711fa3944b5	5	15532	17515692	13372	0.0084
27e5d58c-b04c-4821-8a8c-3711fa3944b5	5	17601444	17608147	10	-0.8248
27e5d58c-b04c-4821-8a8c-3711fa3944b5	5	17625524	21449167	2324	0.0166
27e5d58c-b04c-4821-8a8c-3711fa3944b5	5	21451091	21452329	5	-1.8436
27e5d58c-b04c-4821-8a8c-3711fa3944b5	5	21452387	26678484	3055	0.0136
27e5d58c-b04c-4821-8a8c-3711fa3944b5	5	26679257	26679825	2	-1.331
27e5d58c-b04c-4821-8a8c-3711fa3944b5	5	26679861	27524345	469	0.0198
27e5d58c-b04c-4821-8a8c-3711fa3944b5	5	27525283	27525913	10	-0.7277
27e5d58c-b04c-4821-8a8c-3711fa3944b5	5	27527372	58033288	16496	0.0099
27e5d58c-b04c-4821-8a8c-3711fa3944b5	5	58033703	58036817	23	-0.4615
27e5d58c-b04c-4821-8a8c-3711fa3944b5	5	58037089	63340029	3477	0.0049
27e5d58c-b04c-4821-8a8c-3711fa3944b5	5	63340115	63772769	265	0.099
27e5d58c-b04c-4821-8a8c-3711fa3944b5	5	63773255	97709417	19173	0.0031
27e5d58c-b04c-4821-8a8c-3711fa3944b5	5	97712762	97763616	43	-1.0546
27e5d58c-b04c-4821-8a8c-3711fa3944b5	5	97763980	104515520	3878	0.015
27e5d58c-b04c-4821-8a8c-3711fa3944b5	5	104524672	104524903	4	1.2753
27e5d58c-b04c-4821-8a8c-3711fa3944b5	5	104525348	152134610	30755	0.0065
27e5d58c-b04c-4821-8a8c-3711fa3944b5	5	152135825	152138790	14	-0.6168
27e5d58c-b04c-4821-8a8c-3711fa3944b5	5	152140710	180947523	19269	0.004
27e5d58c-b04c-4821-8a8c-3711fa3944b5	5	180951710	180990911	18	0.4355
27e5d58c-b04c-4821-8a8c-3711fa3944b5	5	180991103	181363319	171	0.008
27e5d58c-b04c-4821-8a8c-3711fa3944b5	6	149661	294725	122	0.0523
27e5d58c-b04c-4821-8a8c-3711fa3944b5	6	294837	382897	81	0.5726
27e5d58c-b04c-4821-8a8c-3711fa3944b5	6	384109	29869411	21442	0.0087
27e5d58c-b04c-4821-8a8c-3711fa3944b5	6	29869537	29869681	2	-2.1228
27e5d58c-b04c-4821-8a8c-3711fa3944b5	6	29869700	29876257	6	0.1255
27e5d58c-b04c-4821-8a8c-3711fa3944b5	6	29876595	29881490	6	-1.0543
27e5d58c-b04c-4821-8a8c-3711fa3944b5	6	29882419	32614112	1214	0.0413
27e5d58c-b04c-4821-8a8c-3711fa3944b5	6	32614426	32658841	21	-0.8482
27e5d58c-b04c-4821-8a8c-3711fa3944b5	6	32682835	64627049	17917	0.0085
27e5d58c-b04c-4821-8a8c-3711fa3944b5	6	64637651	64639099	2	-2.2885
27e5d58c-b04c-4821-8a8c-3711fa3944b5	6	64640883	73882142	6157	0.0142
27e5d58c-b04c-4821-8a8c-3711fa3944b5	6	73882509	73887625	9	0.7701
27e5d58c-b04c-4821-8a8c-3711fa3944b5	6	73891694	78253172	2766	0.0069
27e5d58c-b04c-4821-8a8c-3711fa3944b5	6	78259348	78325457	111	-0.4627
27e5d58c-b04c-4821-8a8c-3711fa3944b5	6	78325468	80568269	1428	0.0154
27e5d58c-b04c-4821-8a8c-3711fa3944b5	6	80568270	80579817	34	-0.7068
27e5d58c-b04c-4821-8a8c-3711fa3944b5	6	80584624	93776524	8442	0.0076
27e5d58c-b04c-4821-8a8c-3711fa3944b5	6	93776860	94742546	634	0.0784
27e5d58c-b04c-4821-8a8c-3711fa3944b5	6	94743705	107853969	7882	0.0008
27e5d58c-b04c-4821-8a8c-3711fa3944b5	6	107854424	107863373	3	-1.4575
27e5d58c-b04c-4821-8a8c-3711fa3944b5	6	107863954	117793235	5950	0.0018
27e5d58c-b04c-4821-8a8c-3711fa3944b5	6	117793842	117812369	18	-1.088
27e5d58c-b04c-4821-8a8c-3711fa3944b5	6	117813347	118222352	264	0.0058
27e5d58c-b04c-4821-8a8c-3711fa3944b5	6	118222644	118788242	344	0.1021
27e5d58c-b04c-4821-8a8c-3711fa3944b5	6	118789162	133960464	9583	0.0065
27e5d58c-b04c-4821-8a8c-3711fa3944b5	6	133964942	133967936	5	-0.9511
27e5d58c-b04c-4821-8a8c-3711fa3944b5	6	133970280	161996883	18927	0.0017
27e5d58c-b04c-4821-8a8c-3711fa3944b5	6	161997415	162487557	432	0.0809
27e5d58c-b04c-4821-8a8c-3711fa3944b5	6	162491356	162539169	50	-1.0367
27e5d58c-b04c-4821-8a8c-3711fa3944b5	6	162541228	170741917	5666	0.0165
27e5d58c-b04c-4821-8a8c-3711fa3944b5	7	43355	62695960	40588	0.0127
27e5d58c-b04c-4821-8a8c-3711fa3944b5	7	62696111	62696358	10	-0.7054
27e5d58c-b04c-4821-8a8c-3711fa3944b5	7	62701241	64115014	376	0.0001
27e5d58c-b04c-4821-8a8c-3711fa3944b5	7	64115152	64300703	124	0.1568
27e5d58c-b04c-4821-8a8c-3711fa3944b5	7	64301127	88583905	13281	0.0057
27e5d58c-b04c-4821-8a8c-3711fa3944b5	7	88584134	90224640	1098	0.0878
27e5d58c-b04c-4821-8a8c-3711fa3944b5	7	90226705	96932773	4307	0.0025
27e5d58c-b04c-4821-8a8c-3711fa3944b5	7	96933032	96933646	3	-1.0857
27e5d58c-b04c-4821-8a8c-3711fa3944b5	7	96938238	97744357	493	-0.0017
27e5d58c-b04c-4821-8a8c-3711fa3944b5	7	97744431	97772620	16	0.3926
27e5d58c-b04c-4821-8a8c-3711fa3944b5	7	97772647	109793741	6608	0.0053
27e5d58c-b04c-4821-8a8c-3711fa3944b5	7	109797035	109797715	15	-0.9377
27e5d58c-b04c-4821-8a8c-3711fa3944b5	7	109797717	109801155	9	0.0449
27e5d58c-b04c-4821-8a8c-3711fa3944b5	7	109801187	109813853	11	-2.0452
27e5d58c-b04c-4821-8a8c-3711fa3944b5	7	109813925	134100442	14731	0.0072
27e5d58c-b04c-4821-8a8c-3711fa3944b5	7	134100458	134113790	31	0.5674
27e5d58c-b04c-4821-8a8c-3711fa3944b5	7	134113805	142415520	5487	0.001
27e5d58c-b04c-4821-8a8c-3711fa3944b5	7	142418298	142805592	195	0.1436
27e5d58c-b04c-4821-8a8c-3711fa3944b5	7	142807470	159334314	10403	0.0116
27e5d58c-b04c-4821-8a8c-3711fa3944b5	8	81254	1418902	897	0.0294
27e5d58c-b04c-4821-8a8c-3711fa3944b5	8	1419196	1419436	2	-1.5147
27e5d58c-b04c-4821-8a8c-3711fa3944b5	8	1419522	3926665	2453	0.0247
27e5d58c-b04c-4821-8a8c-3711fa3944b5	8	3929538	3932584	24	-0.6735
27e5d58c-b04c-4821-8a8c-3711fa3944b5	8	3933696	4144546	320	-0.0141
27e5d58c-b04c-4821-8a8c-3711fa3944b5	8	4144670	4144794	4	-1.3137
27e5d58c-b04c-4821-8a8c-3711fa3944b5	8	4145131	4145783	10	0.0194
27e5d58c-b04c-4821-8a8c-3711fa3944b5	8	4145941	4145956	2	-2.195
27e5d58c-b04c-4821-8a8c-3711fa3944b5	8	4146039	5504257	1964	0.0205
27e5d58c-b04c-4821-8a8c-3711fa3944b5	8	5504294	5990065	676	0.0976
27e5d58c-b04c-4821-8a8c-3711fa3944b5	8	5990557	7360232	1391	0.015
27e5d58c-b04c-4821-8a8c-3711fa3944b5	8	7364659	7941868	36	-1.0584
27e5d58c-b04c-4821-8a8c-3711fa3944b5	8	7974123	8196822	15	-0.0217
27e5d58c-b04c-4821-8a8c-3711fa3944b5	8	8197738	8214781	3	-1.542
27e5d58c-b04c-4821-8a8c-3711fa3944b5	8	8234503	12092042	3218	0.018
27e5d58c-b04c-4821-8a8c-3711fa3944b5	8	12130217	12143614	6	-2.0397
27e5d58c-b04c-4821-8a8c-3711fa3944b5	8	12176798	13947089	1334	0.0219
27e5d58c-b04c-4821-8a8c-3711fa3944b5	8	13947497	13950160	2	-1.402
27e5d58c-b04c-4821-8a8c-3711fa3944b5	8	13950378	25116961	9115	0.0107
27e5d58c-b04c-4821-8a8c-3711fa3944b5	8	25117007	25126735	24	-2.3671
27e5d58c-b04c-4821-8a8c-3711fa3944b5	8	25133589	39368524	9008	0.0089
27e5d58c-b04c-4821-8a8c-3711fa3944b5	8	39368830	39531496	66	-0.2317
27e5d58c-b04c-4821-8a8c-3711fa3944b5	8	39531510	114619814	43822	0.0112
27e5d58c-b04c-4821-8a8c-3711fa3944b5	8	114622258	114626121	14	-0.5758
27e5d58c-b04c-4821-8a8c-3711fa3944b5	8	114626166	114628588	8	0.1354
27e5d58c-b04c-4821-8a8c-3711fa3944b5	8	114628679	114638558	15	-0.7538
27e5d58c-b04c-4821-8a8c-3711fa3944b5	8	114642539	140010640	18722	0.0084
27e5d58c-b04c-4821-8a8c-3711fa3944b5	8	140010712	140016348	4	-1.0498
27e5d58c-b04c-4821-8a8c-3711fa3944b5	8	140016459	143622987	1822	0.0144
27e5d58c-b04c-4821-8a8c-3711fa3944b5	8	143623027	143625638	8	-1.6299
27e5d58c-b04c-4821-8a8c-3711fa3944b5	8	143636819	145072769	502	0.0253
27e5d58c-b04c-4821-8a8c-3711fa3944b5	9	46587	2147099	2314	0.0438
27e5d58c-b04c-4821-8a8c-3711fa3944b5	9	2148837	2150662	6	-0.9341
27e5d58c-b04c-4821-8a8c-3711fa3944b5	9	2152115	6695986	4047	0.0111
27e5d58c-b04c-4821-8a8c-3711fa3944b5	9	6701145	6708357	7	-0.9453
27e5d58c-b04c-4821-8a8c-3711fa3944b5	9	6712314	6990926	229	0.0693
27e5d58c-b04c-4821-8a8c-3711fa3944b5	9	6993701	6993811	2	-1.4354
27e5d58c-b04c-4821-8a8c-3711fa3944b5	9	6993827	11275227	4088	0.0094
27e5d58c-b04c-4821-8a8c-3711fa3944b5	9	11276172	12549348	995	0.0672
27e5d58c-b04c-4821-8a8c-3711fa3944b5	9	12549582	17605640	4152	0
27e5d58c-b04c-4821-8a8c-3711fa3944b5	9	17606539	17720177	132	0.1455
27e5d58c-b04c-4821-8a8c-3711fa3944b5	9	17720190	39484077	15179	0.0044
27e5d58c-b04c-4821-8a8c-3711fa3944b5	9	39484262	39547285	6	-0.8032
27e5d58c-b04c-4821-8a8c-3711fa3944b5	9	39547299	41644288	98	0.1622
27e5d58c-b04c-4821-8a8c-3711fa3944b5	9	41644336	42720266	60	-0.3706
27e5d58c-b04c-4821-8a8c-3711fa3944b5	9	42726239	61405110	43	0.0556
27e5d58c-b04c-4821-8a8c-3711fa3944b5	9	61520021	61629689	28	0.6323
27e5d58c-b04c-4821-8a8c-3711fa3944b5	9	61633080	77151858	6673	0.0079
27e5d58c-b04c-4821-8a8c-3711fa3944b5	9	77153394	77162488	32	0.6257
27e5d58c-b04c-4821-8a8c-3711fa3944b5	9	77171212	95605529	12845	-0.0008
27e5d58c-b04c-4821-8a8c-3711fa3944b5	9	95607442	95614444	8	-0.7061
27e5d58c-b04c-4821-8a8c-3711fa3944b5	9	95614839	116767769	15330	0.0051
27e5d58c-b04c-4821-8a8c-3711fa3944b5	9	116767970	116768146	2	-1.3403
27e5d58c-b04c-4821-8a8c-3711fa3944b5	9	116768284	133250790	10851	0.0055
27e5d58c-b04c-4821-8a8c-3711fa3944b5	9	133253159	133257486	4	-1.1841
27e5d58c-b04c-4821-8a8c-3711fa3944b5	9	133258308	138200944	2329	0.0012
27e5d58c-b04c-4821-8a8c-3711fa3944b5	10	45792	9753953	8337	0.004
27e5d58c-b04c-4821-8a8c-3711fa3944b5	10	9754575	9754775	3	-1.2007
27e5d58c-b04c-4821-8a8c-3711fa3944b5	10	9759132	30957581	15870	0.0056
27e5d58c-b04c-4821-8a8c-3711fa3944b5	10	30962405	30962850	11	-0.6485
27e5d58c-b04c-4821-8a8c-3711fa3944b5	10	30962893	42125733	4849	0.0017
27e5d58c-b04c-4821-8a8c-3711fa3944b5	10	42127710	42264605	23	0.4072
27e5d58c-b04c-4821-8a8c-3711fa3944b5	10	42267782	46102824	2383	0.0048
27e5d58c-b04c-4821-8a8c-3711fa3944b5	10	46116171	46836986	235	0.5056
27e5d58c-b04c-4821-8a8c-3711fa3944b5	10	46898735	47437705	286	0.024
27e5d58c-b04c-4821-8a8c-3711fa3944b5	10	47460004	48125747	21	0.4231
27e5d58c-b04c-4821-8a8c-3711fa3944b5	10	48154966	54685856	4853	0.0061
27e5d58c-b04c-4821-8a8c-3711fa3944b5	10	54693189	54708677	13	0.9992
27e5d58c-b04c-4821-8a8c-3711fa3944b5	10	54712504	65546518	7513	0.0059
27e5d58c-b04c-4821-8a8c-3711fa3944b5	10	65548165	65563168	30	-0.4539
27e5d58c-b04c-4821-8a8c-3711fa3944b5	10	65565695	67152260	1223	0.0506
27e5d58c-b04c-4821-8a8c-3711fa3944b5	10	67154416	122574497	37078	0.0019
27e5d58c-b04c-4821-8a8c-3711fa3944b5	10	122584593	122591497	6	-1.0009
27e5d58c-b04c-4821-8a8c-3711fa3944b5	10	122597296	133654968	7898	0.0073
27e5d58c-b04c-4821-8a8c-3711fa3944b5	11	198510	4705210	2143	0.0038
27e5d58c-b04c-4821-8a8c-3711fa3944b5	11	4705388	4705661	5	-1.056
27e5d58c-b04c-4821-8a8c-3711fa3944b5	11	4707904	4946166	267	0.0166
27e5d58c-b04c-4821-8a8c-3711fa3944b5	11	4946420	4954475	29	-0.424
27e5d58c-b04c-4821-8a8c-3711fa3944b5	11	4955027	4973997	14	0.1577
27e5d58c-b04c-4821-8a8c-3711fa3944b5	11	4974218	5769582	779	0.0208
27e5d58c-b04c-4821-8a8c-3711fa3944b5	11	5769733	5787909	25	-0.6534
27e5d58c-b04c-4821-8a8c-3711fa3944b5	11	5788108	18919323	9402	0.0102
27e5d58c-b04c-4821-8a8c-3711fa3944b5	11	18927525	18953905	62	0.4094
27e5d58c-b04c-4821-8a8c-3711fa3944b5	11	18956113	22723817	3185	0.0133
27e5d58c-b04c-4821-8a8c-3711fa3944b5	11	22724347	22724756	2	-1.603
27e5d58c-b04c-4821-8a8c-3711fa3944b5	11	22726199	48576870	17368	0.0026
27e5d58c-b04c-4821-8a8c-3711fa3944b5	11	48579882	48581124	2	-1.3338
27e5d58c-b04c-4821-8a8c-3711fa3944b5	11	48584766	54743970	888	0.0232
27e5d58c-b04c-4821-8a8c-3711fa3944b5	11	54762035	54766290	3	-1.4154
27e5d58c-b04c-4821-8a8c-3711fa3944b5	11	54782119	55595864	285	0.0621
27e5d58c-b04c-4821-8a8c-3711fa3944b5	11	55606556	55685533	59	-2.0296
27e5d58c-b04c-4821-8a8c-3711fa3944b5	11	55686100	135074876	52265	0.0068
27e5d58c-b04c-4821-8a8c-3711fa3944b5	12	51460	31112123	21390	0.01
27e5d58c-b04c-4821-8a8c-3711fa3944b5	12	31116364	31257350	90	0.5715
27e5d58c-b04c-4821-8a8c-3711fa3944b5	12	31257887	87369772	32536	0.0089
27e5d58c-b04c-4821-8a8c-3711fa3944b5	12	87369832	87369847	2	-1.5697
27e5d58c-b04c-4821-8a8c-3711fa3944b5	12	87370018	99386810	8043	0.0024
27e5d58c-b04c-4821-8a8c-3711fa3944b5	12	99388588	99409355	41	-0.3621
27e5d58c-b04c-4821-8a8c-3711fa3944b5	12	99409410	119790988	13818	0.007
27e5d58c-b04c-4821-8a8c-3711fa3944b5	12	119791867	119791877	2	-1.4245
27e5d58c-b04c-4821-8a8c-3711fa3944b5	12	119792138	131632590	8305	0.0124
27e5d58c-b04c-4821-8a8c-3711fa3944b5	12	131632994	131658450	19	0.4074
27e5d58c-b04c-4821-8a8c-3711fa3944b5	12	131658829	133201603	557	0.0048
27e5d58c-b04c-4821-8a8c-3711fa3944b5	13	18452809	21842035	1916	0.0165
27e5d58c-b04c-4821-8a8c-3711fa3944b5	13	21845143	21845865	3	-1.461
27e5d58c-b04c-4821-8a8c-3711fa3944b5	13	21848162	23055048	935	0.0052
27e5d58c-b04c-4821-8a8c-3711fa3944b5	13	23055071	23059376	13	-2.0971
27e5d58c-b04c-4821-8a8c-3711fa3944b5	13	23064056	31958485	6690	0.0068
27e5d58c-b04c-4821-8a8c-3711fa3944b5	13	31958590	31964286	17	-0.7448
27e5d58c-b04c-4821-8a8c-3711fa3944b5	13	31965910	37501767	3901	-0.002
27e5d58c-b04c-4821-8a8c-3711fa3944b5	13	37501828	37510620	13	0.4515
27e5d58c-b04c-4821-8a8c-3711fa3944b5	13	37514193	48957415	8023	0.0048
27e5d58c-b04c-4821-8a8c-3711fa3944b5	13	48959579	48962368	2	-2.7598
27e5d58c-b04c-4821-8a8c-3711fa3944b5	13	48963569	52520664	1871	0.0262
27e5d58c-b04c-4821-8a8c-3711fa3944b5	13	52523849	52531650	3	-1.815
27e5d58c-b04c-4821-8a8c-3711fa3944b5	13	52543744	114342922	40719	0.0062
27e5d58c-b04c-4821-8a8c-3711fa3944b5	14	18239283	19958583	174	0.2631
27e5d58c-b04c-4821-8a8c-3711fa3944b5	14	19959343	21634977	1106	-0.0012
27e5d58c-b04c-4821-8a8c-3711fa3944b5	14	21635439	22731447	913	0.0945
27e5d58c-b04c-4821-8a8c-3711fa3944b5	14	22731742	73077682	31807	0.0077
27e5d58c-b04c-4821-8a8c-3711fa3944b5	14	73077910	73080036	2	-1.7125
27e5d58c-b04c-4821-8a8c-3711fa3944b5	14	73080716	105935639	20953	0.0052
27e5d58c-b04c-4821-8a8c-3711fa3944b5	14	105935821	106258891	103	0.175
27e5d58c-b04c-4821-8a8c-3711fa3944b5	14	106260759	106290506	15	-0.2478
27e5d58c-b04c-4821-8a8c-3711fa3944b5	14	106294285	106321086	19	0.1347
27e5d58c-b04c-4821-8a8c-3711fa3944b5	14	106340102	106365807	11	1.0075
27e5d58c-b04c-4821-8a8c-3711fa3944b5	14	106369985	106877229	270	0.076
27e5d58c-b04c-4821-8a8c-3711fa3944b5	15	19811075	23199669	522	0.0193
27e5d58c-b04c-4821-8a8c-3711fa3944b5	15	23396367	23425837	12	-1.2373
27e5d58c-b04c-4821-8a8c-3711fa3944b5	15	23426699	32217691	5377	0.0197
27e5d58c-b04c-4821-8a8c-3711fa3944b5	15	32217891	32323432	15	0.5968
27e5d58c-b04c-4821-8a8c-3711fa3944b5	15	32339520	53902792	13492	0.0017
27e5d58c-b04c-4821-8a8c-3711fa3944b5	15	53908153	53910302	3	-1.0668
27e5d58c-b04c-4821-8a8c-3711fa3944b5	15	53912031	65521764	7939	0.0057
27e5d58c-b04c-4821-8a8c-3711fa3944b5	15	65524604	65526049	3	-2.471
27e5d58c-b04c-4821-8a8c-3711fa3944b5	15	65530196	70227738	3112	0.0038
27e5d58c-b04c-4821-8a8c-3711fa3944b5	15	70232168	70233040	3	-1.3404
27e5d58c-b04c-4821-8a8c-3711fa3944b5	15	70236858	93350887	14616	0.004
27e5d58c-b04c-4821-8a8c-3711fa3944b5	15	93351865	93672948	307	0.1022
27e5d58c-b04c-4821-8a8c-3711fa3944b5	15	93673368	101675562	6004	0.0064
27e5d58c-b04c-4821-8a8c-3711fa3944b5	15	101684138	101684770	2	-1.1278
27e5d58c-b04c-4821-8a8c-3711fa3944b5	15	101685418	101888922	113	0.0463
27e5d58c-b04c-4821-8a8c-3711fa3944b5	15	101894806	101928837	5	0.8774
27e5d58c-b04c-4821-8a8c-3711fa3944b5	16	10777	11086016	8334	0.0145
27e5d58c-b04c-4821-8a8c-3711fa3944b5	16	11091351	11108087	22	-1.075
27e5d58c-b04c-4821-8a8c-3711fa3944b5	16	11110872	21401082	6029	0.0155
27e5d58c-b04c-4821-8a8c-3711fa3944b5	16	21503753	21580019	22	0.5175
27e5d58c-b04c-4821-8a8c-3711fa3944b5	16	21582134	22546611	363	0.0146
27e5d58c-b04c-4821-8a8c-3711fa3944b5	16	22546990	22693199	71	0.5025
27e5d58c-b04c-4821-8a8c-3711fa3944b5	16	22699421	55762682	12084	0.0052
27e5d58c-b04c-4821-8a8c-3711fa3944b5	16	55764310	55764867	3	2.419
27e5d58c-b04c-4821-8a8c-3711fa3944b5	16	55770436	78337711	14291	0.0035
27e5d58c-b04c-4821-8a8c-3711fa3944b5	16	78338543	78350841	16	-2.3477
27e5d58c-b04c-4821-8a8c-3711fa3944b5	16	78350868	88076816	9772	0.0114
27e5d58c-b04c-4821-8a8c-3711fa3944b5	16	88080057	88081232	3	-1.7969
27e5d58c-b04c-4821-8a8c-3711fa3944b5	16	88081785	90096867	836	0.0141
27e5d58c-b04c-4821-8a8c-3711fa3944b5	17	150733	6197464	3359	0.0083
27e5d58c-b04c-4821-8a8c-3711fa3944b5	17	6197476	6197491	2	-1.8869
27e5d58c-b04c-4821-8a8c-3711fa3944b5	17	6197723	14255737	5555	-0.0014
27e5d58c-b04c-4821-8a8c-3711fa3944b5	17	14255970	15479474	1028	0.0607
27e5d58c-b04c-4821-8a8c-3711fa3944b5	17	15480356	41265456	10866	0.0124
27e5d58c-b04c-4821-8a8c-3711fa3944b5	17	41266762	41274198	23	-1.1178
27e5d58c-b04c-4821-8a8c-3711fa3944b5	17	41274279	46135062	2531	-0.0011
27e5d58c-b04c-4821-8a8c-3711fa3944b5	17	46135838	46707312	99	0.2761
27e5d58c-b04c-4821-8a8c-3711fa3944b5	17	46707616	58134739	7353	0.0036
27e5d58c-b04c-4821-8a8c-3711fa3944b5	17	58135153	58136733	4	-0.9681
27e5d58c-b04c-4821-8a8c-3711fa3944b5	17	58140037	63876752	2712	-0.0009
27e5d58c-b04c-4821-8a8c-3711fa3944b5	17	63876795	63906939	10	-0.8525
27e5d58c-b04c-4821-8a8c-3711fa3944b5	17	63911447	83091923	11471	0.0041
27e5d58c-b04c-4821-8a8c-3711fa3944b5	18	48133	28613464	15056	0.0108
27e5d58c-b04c-4821-8a8c-3711fa3944b5	18	28613572	28616166	4	-3.2726
27e5d58c-b04c-4821-8a8c-3711fa3944b5	18	28616668	66239629	25377	0.0033
27e5d58c-b04c-4821-8a8c-3711fa3944b5	18	66240197	66244352	10	-0.7643
27e5d58c-b04c-4821-8a8c-3711fa3944b5	18	66244639	71412112	3695	0.0099
27e5d58c-b04c-4821-8a8c-3711fa3944b5	18	71412709	73940973	2033	0.052
27e5d58c-b04c-4821-8a8c-3711fa3944b5	18	73941247	80257174	4537	0.0079
27e5d58c-b04c-4821-8a8c-3711fa3944b5	19	90910	8346772	2935	0.0065
27e5d58c-b04c-4821-8a8c-3711fa3944b5	19	8347288	8349417	2	-2.9636
27e5d58c-b04c-4821-8a8c-3711fa3944b5	19	8356123	14417440	2819	-0.0016
27e5d58c-b04c-4821-8a8c-3711fa3944b5	19	14419298	14421216	2	-1.5776
27e5d58c-b04c-4821-8a8c-3711fa3944b5	19	14423620	58586487	23333	0.0082
27e5d58c-b04c-4821-8a8c-3711fa3944b5	20	80664	1580353	1203	0.0114
27e5d58c-b04c-4821-8a8c-3711fa3944b5	20	1580934	1601446	35	1.117
27e5d58c-b04c-4821-8a8c-3711fa3944b5	20	1601561	11555772	7677	0.0133
27e5d58c-b04c-4821-8a8c-3711fa3944b5	20	11556641	11565851	3	-1.1343
27e5d58c-b04c-4821-8a8c-3711fa3944b5	20	11566610	14812166	2244	0.0121
27e5d58c-b04c-4821-8a8c-3711fa3944b5	20	14812188	14812192	2	-2.1205
27e5d58c-b04c-4821-8a8c-3711fa3944b5	20	14812769	64324800	31196	0.0085
27e5d58c-b04c-4821-8a8c-3711fa3944b5	21	10354168	13583316	268	0.137
27e5d58c-b04c-4821-8a8c-3711fa3944b5	21	13612103	13677975	4	-0.9624
27e5d58c-b04c-4821-8a8c-3711fa3944b5	21	13803967	22358323	6087	0.0065
27e5d58c-b04c-4821-8a8c-3711fa3944b5	21	22358849	23061396	524	0.0853
27e5d58c-b04c-4821-8a8c-3711fa3944b5	21	23061463	46677045	16960	0.0044
27e5d58c-b04c-4821-8a8c-3711fa3944b5	22	15294547	25340705	5265	0.0206
27e5d58c-b04c-4821-8a8c-3711fa3944b5	22	25340707	25340710	4	-1.0592
27e5d58c-b04c-4821-8a8c-3711fa3944b5	22	25340711	48872888	16766	0.0024
27e5d58c-b04c-4821-8a8c-3711fa3944b5	22	48874111	48874730	2	-1.6564
27e5d58c-b04c-4821-8a8c-3711fa3944b5	22	48877479	50796027	1230	0.0331
27e5d58c-b04c-4821-8a8c-3711fa3944b5	X	251810	144607841	76615	0.0141
27e5d58c-b04c-4821-8a8c-3711fa3944b5	X	144608013	144612017	3	-3.4967
27e5d58c-b04c-4821-8a8c-3711fa3944b5	X	144612261	155952689	6758	0.013
27e5d58c-b04c-4821-8a8c-3711fa3944b5	Y	2782397	22427135	6432	-1.1619
27e5d58c-b04c-4821-8a8c-3711fa3944b5	Y	22731761	23014812	9	-2.9204
27e5d58c-b04c-4821-8a8c-3711fa3944b5	Y	23029591	56872112	199	-1.176
