GDC_Aliquot	Chromosome	Start	End	Num_Probes	Segment_Mean
0b83b1fa-7ef7-48f1-a7e3-c4cf249de09e	1	62920	5042084	2062	-0.0099
0b83b1fa-7ef7-48f1-a7e3-c4cf249de09e	1	5051997	5113957	40	-0.9093
0b83b1fa-7ef7-48f1-a7e3-c4cf249de09e	1	5119746	16569132	6545	0.0026
0b83b1fa-7ef7-48f1-a7e3-c4cf249de09e	1	16570326	16855942	54	0.2929
0b83b1fa-7ef7-48f1-a7e3-c4cf249de09e	1	16863509	25256850	5312	-0.0032
0b83b1fa-7ef7-48f1-a7e3-c4cf249de09e	1	25266637	25320253	23	0.4236
0b83b1fa-7ef7-48f1-a7e3-c4cf249de09e	1	25320455	72302815	28722	0.0008
0b83b1fa-7ef7-48f1-a7e3-c4cf249de09e	1	72303233	72345465	46	-1.4057
0b83b1fa-7ef7-48f1-a7e3-c4cf249de09e	1	72346221	105470754	20937	0.0011
0b83b1fa-7ef7-48f1-a7e3-c4cf249de09e	1	105476583	105479753	17	-2.0341
0b83b1fa-7ef7-48f1-a7e3-c4cf249de09e	1	105481433	106199033	472	0.0064
0b83b1fa-7ef7-48f1-a7e3-c4cf249de09e	1	106199579	106200860	2	-2.248
0b83b1fa-7ef7-48f1-a7e3-c4cf249de09e	1	106201239	109684893	2160	-0.0082
0b83b1fa-7ef7-48f1-a7e3-c4cf249de09e	1	109690352	109692006	10	-1.0175
0b83b1fa-7ef7-48f1-a7e3-c4cf249de09e	1	109696900	152784298	9777	-0.0032
0b83b1fa-7ef7-48f1-a7e3-c4cf249de09e	1	152784330	152796094	39	-0.4197
0b83b1fa-7ef7-48f1-a7e3-c4cf249de09e	1	152796224	196758720	29444	0.0023
0b83b1fa-7ef7-48f1-a7e3-c4cf249de09e	1	196761905	196832720	57	-0.4851
0b83b1fa-7ef7-48f1-a7e3-c4cf249de09e	1	196843377	229675422	21820	0.0007
0b83b1fa-7ef7-48f1-a7e3-c4cf249de09e	1	229681109	229684383	2	-3.245
0b83b1fa-7ef7-48f1-a7e3-c4cf249de09e	1	229684449	248930189	13967	-0.0002
0b83b1fa-7ef7-48f1-a7e3-c4cf249de09e	2	12784	14562225	11035	0.0061
0b83b1fa-7ef7-48f1-a7e3-c4cf249de09e	2	14563383	14569968	16	-0.8236
0b83b1fa-7ef7-48f1-a7e3-c4cf249de09e	2	14570240	34466002	13033	0.0057
0b83b1fa-7ef7-48f1-a7e3-c4cf249de09e	2	34474248	34511990	46	0.5074
0b83b1fa-7ef7-48f1-a7e3-c4cf249de09e	2	34512096	52527330	12999	0.009
0b83b1fa-7ef7-48f1-a7e3-c4cf249de09e	2	52527342	52554404	39	-2.2309
0b83b1fa-7ef7-48f1-a7e3-c4cf249de09e	2	52560811	76617340	15530	0.0085
0b83b1fa-7ef7-48f1-a7e3-c4cf249de09e	2	76618047	76618300	5	-3.3907
0b83b1fa-7ef7-48f1-a7e3-c4cf249de09e	2	76620460	87260822	6485	0.0077
0b83b1fa-7ef7-48f1-a7e3-c4cf249de09e	2	87261116	87321376	18	-0.4311
0b83b1fa-7ef7-48f1-a7e3-c4cf249de09e	2	87321424	146104517	31184	0.0018
0b83b1fa-7ef7-48f1-a7e3-c4cf249de09e	2	146106836	146109366	24	0.4621
0b83b1fa-7ef7-48f1-a7e3-c4cf249de09e	2	146120238	159102108	7785	0.0056
0b83b1fa-7ef7-48f1-a7e3-c4cf249de09e	2	159103831	159104461	2	-2.1728
0b83b1fa-7ef7-48f1-a7e3-c4cf249de09e	2	159106775	232444356	45098	0.0047
0b83b1fa-7ef7-48f1-a7e3-c4cf249de09e	2	232447215	232453368	2	-1.9888
0b83b1fa-7ef7-48f1-a7e3-c4cf249de09e	2	232454022	239031202	4461	0.0073
0b83b1fa-7ef7-48f1-a7e3-c4cf249de09e	2	239037544	239090914	32	-0.3452
0b83b1fa-7ef7-48f1-a7e3-c4cf249de09e	2	239093767	242147305	1661	0.0024
0b83b1fa-7ef7-48f1-a7e3-c4cf249de09e	3	20930	10195613	8636	0.018
0b83b1fa-7ef7-48f1-a7e3-c4cf249de09e	3	10200191	10202027	10	-0.9211
0b83b1fa-7ef7-48f1-a7e3-c4cf249de09e	3	10202045	13579820	2504	-0.0019
0b83b1fa-7ef7-48f1-a7e3-c4cf249de09e	3	13580032	13580411	4	-1.1154
0b83b1fa-7ef7-48f1-a7e3-c4cf249de09e	3	13583399	16199049	1739	-0.0065
0b83b1fa-7ef7-48f1-a7e3-c4cf249de09e	3	16199122	16199672	5	-1.9995
0b83b1fa-7ef7-48f1-a7e3-c4cf249de09e	3	16199818	37935926	14714	0.0081
0b83b1fa-7ef7-48f1-a7e3-c4cf249de09e	3	37940617	37945437	18	-0.7813
0b83b1fa-7ef7-48f1-a7e3-c4cf249de09e	3	37945615	68697013	20131	0.0048
0b83b1fa-7ef7-48f1-a7e3-c4cf249de09e	3	68697108	68698262	14	0.9283
0b83b1fa-7ef7-48f1-a7e3-c4cf249de09e	3	68699607	84649706	9905	0.0037
0b83b1fa-7ef7-48f1-a7e3-c4cf249de09e	3	84649839	84650033	2	1.3893
0b83b1fa-7ef7-48f1-a7e3-c4cf249de09e	3	84650533	99218940	5995	0.0047
0b83b1fa-7ef7-48f1-a7e3-c4cf249de09e	3	99225614	99230225	28	-0.6931
0b83b1fa-7ef7-48f1-a7e3-c4cf249de09e	3	99230232	119001132	12255	0.0026
0b83b1fa-7ef7-48f1-a7e3-c4cf249de09e	3	119012086	119064025	20	0.5592
0b83b1fa-7ef7-48f1-a7e3-c4cf249de09e	3	119068109	119101810	25	0.9545
0b83b1fa-7ef7-48f1-a7e3-c4cf249de09e	3	119107036	119631498	322	0.0025
0b83b1fa-7ef7-48f1-a7e3-c4cf249de09e	3	119632551	119639066	8	-0.7444
0b83b1fa-7ef7-48f1-a7e3-c4cf249de09e	3	119639472	130044855	6075	0.0014
0b83b1fa-7ef7-48f1-a7e3-c4cf249de09e	3	130047743	130087393	37	0.4538
0b83b1fa-7ef7-48f1-a7e3-c4cf249de09e	3	130088081	146609884	10331	0.0054
0b83b1fa-7ef7-48f1-a7e3-c4cf249de09e	3	146610015	146611171	3	-1.3829
0b83b1fa-7ef7-48f1-a7e3-c4cf249de09e	3	146611832	146661402	54	-0.0165
0b83b1fa-7ef7-48f1-a7e3-c4cf249de09e	3	146665207	146668345	4	-1.7266
0b83b1fa-7ef7-48f1-a7e3-c4cf249de09e	3	146674197	193162684	29093	0.0054
0b83b1fa-7ef7-48f1-a7e3-c4cf249de09e	3	193162798	193165114	12	-1.4908
0b83b1fa-7ef7-48f1-a7e3-c4cf249de09e	3	193168646	194939881	1186	0.0015
0b83b1fa-7ef7-48f1-a7e3-c4cf249de09e	3	194941224	194948867	2	-2.4956
0b83b1fa-7ef7-48f1-a7e3-c4cf249de09e	3	194952897	198118700	1487	-0.0028
0b83b1fa-7ef7-48f1-a7e3-c4cf249de09e	3	198119032	198169247	15	-0.521
0b83b1fa-7ef7-48f1-a7e3-c4cf249de09e	4	68929	34777432	22704	-0.0009
0b83b1fa-7ef7-48f1-a7e3-c4cf249de09e	4	34784878	34828250	39	-0.7168
0b83b1fa-7ef7-48f1-a7e3-c4cf249de09e	4	34828291	63839646	16572	0.0066
0b83b1fa-7ef7-48f1-a7e3-c4cf249de09e	4	63839797	63861672	24	0.4128
0b83b1fa-7ef7-48f1-a7e3-c4cf249de09e	4	63865087	68394833	2843	0.0066
0b83b1fa-7ef7-48f1-a7e3-c4cf249de09e	4	68395346	68422424	6	-1.2237
0b83b1fa-7ef7-48f1-a7e3-c4cf249de09e	4	68429081	160958989	55725	0.0066
0b83b1fa-7ef7-48f1-a7e3-c4cf249de09e	4	160959045	160963756	18	-2.3294
0b83b1fa-7ef7-48f1-a7e3-c4cf249de09e	4	160963767	169922993	5687	0
0b83b1fa-7ef7-48f1-a7e3-c4cf249de09e	4	169923329	169925890	4	-1.0924
0b83b1fa-7ef7-48f1-a7e3-c4cf249de09e	4	169926381	171448195	968	-0.0073
0b83b1fa-7ef7-48f1-a7e3-c4cf249de09e	4	171453733	171456625	12	0.5635
0b83b1fa-7ef7-48f1-a7e3-c4cf249de09e	4	171459220	172066777	396	0.004
0b83b1fa-7ef7-48f1-a7e3-c4cf249de09e	4	172067997	172068382	12	0.7876
0b83b1fa-7ef7-48f1-a7e3-c4cf249de09e	4	172074828	172501371	228	0.0072
0b83b1fa-7ef7-48f1-a7e3-c4cf249de09e	4	172503796	172507492	7	1.7964
0b83b1fa-7ef7-48f1-a7e3-c4cf249de09e	4	172519981	190106768	11836	0.0084
0b83b1fa-7ef7-48f1-a7e3-c4cf249de09e	5	15532	71196	27	0.2428
0b83b1fa-7ef7-48f1-a7e3-c4cf249de09e	5	71213	733497	295	-0.0649
0b83b1fa-7ef7-48f1-a7e3-c4cf249de09e	5	741924	818640	20	-0.3979
0b83b1fa-7ef7-48f1-a7e3-c4cf249de09e	5	819700	823655	6	-1.2383
0b83b1fa-7ef7-48f1-a7e3-c4cf249de09e	5	823951	833513	5	-0.5304
0b83b1fa-7ef7-48f1-a7e3-c4cf249de09e	5	852451	12785139	9833	-0.0016
0b83b1fa-7ef7-48f1-a7e3-c4cf249de09e	5	12785150	13042994	87	0.2067
0b83b1fa-7ef7-48f1-a7e3-c4cf249de09e	5	13043119	18449552	3669	0.0027
0b83b1fa-7ef7-48f1-a7e3-c4cf249de09e	5	18450505	18453901	2	-1.6123
0b83b1fa-7ef7-48f1-a7e3-c4cf249de09e	5	18458441	45859920	16630	0.0037
0b83b1fa-7ef7-48f1-a7e3-c4cf249de09e	5	45860834	45878225	10	-1.0097
0b83b1fa-7ef7-48f1-a7e3-c4cf249de09e	5	45888402	181363319	82226	0.0039
0b83b1fa-7ef7-48f1-a7e3-c4cf249de09e	6	149661	303017	126	-0.018
0b83b1fa-7ef7-48f1-a7e3-c4cf249de09e	6	303121	381149	76	0.4304
0b83b1fa-7ef7-48f1-a7e3-c4cf249de09e	6	382559	19038504	14563	0.0055
0b83b1fa-7ef7-48f1-a7e3-c4cf249de09e	6	19039888	19050511	11	-0.6026
0b83b1fa-7ef7-48f1-a7e3-c4cf249de09e	6	19050737	29869411	6872	-0.0021
0b83b1fa-7ef7-48f1-a7e3-c4cf249de09e	6	29869537	29881490	14	-0.8963
0b83b1fa-7ef7-48f1-a7e3-c4cf249de09e	6	29882419	31313046	662	-0.0069
0b83b1fa-7ef7-48f1-a7e3-c4cf249de09e	6	31318499	31342147	12	0.9394
0b83b1fa-7ef7-48f1-a7e3-c4cf249de09e	6	31349570	32722250	605	0.0052
0b83b1fa-7ef7-48f1-a7e3-c4cf249de09e	6	32723020	32723035	2	2.1712
0b83b1fa-7ef7-48f1-a7e3-c4cf249de09e	6	32723053	33970966	754	0.0057
0b83b1fa-7ef7-48f1-a7e3-c4cf249de09e	6	33974234	33974928	6	-0.8563
0b83b1fa-7ef7-48f1-a7e3-c4cf249de09e	6	33976809	54066353	12881	-0.0028
0b83b1fa-7ef7-48f1-a7e3-c4cf249de09e	6	54066432	54067057	6	-1.696
0b83b1fa-7ef7-48f1-a7e3-c4cf249de09e	6	54070550	64627049	4225	0.0037
0b83b1fa-7ef7-48f1-a7e3-c4cf249de09e	6	64637651	64639099	2	-2.5308
0b83b1fa-7ef7-48f1-a7e3-c4cf249de09e	6	64640883	66328153	1137	0.0262
0b83b1fa-7ef7-48f1-a7e3-c4cf249de09e	6	66331020	66333299	7	-0.8921
0b83b1fa-7ef7-48f1-a7e3-c4cf249de09e	6	66333342	69820689	2355	0.0145
0b83b1fa-7ef7-48f1-a7e3-c4cf249de09e	6	69823053	69823577	2	-1.3578
0b83b1fa-7ef7-48f1-a7e3-c4cf249de09e	6	69823591	73882142	2655	-0.0033
0b83b1fa-7ef7-48f1-a7e3-c4cf249de09e	6	73882509	73891694	10	0.6557
0b83b1fa-7ef7-48f1-a7e3-c4cf249de09e	6	73893839	74399693	341	-0.0032
0b83b1fa-7ef7-48f1-a7e3-c4cf249de09e	6	74402433	74403891	4	-1.0238
0b83b1fa-7ef7-48f1-a7e3-c4cf249de09e	6	74407031	76726815	1426	-0.0003
0b83b1fa-7ef7-48f1-a7e3-c4cf249de09e	6	76730151	76743040	21	-0.7281
0b83b1fa-7ef7-48f1-a7e3-c4cf249de09e	6	76751356	78253172	975	0.0051
0b83b1fa-7ef7-48f1-a7e3-c4cf249de09e	6	78259348	78322600	106	-0.7485
0b83b1fa-7ef7-48f1-a7e3-c4cf249de09e	6	78322875	128107408	30597	0.0012
0b83b1fa-7ef7-48f1-a7e3-c4cf249de09e	6	128111285	128120461	10	-0.8735
0b83b1fa-7ef7-48f1-a7e3-c4cf249de09e	6	128122690	133945130	3975	0.0032
0b83b1fa-7ef7-48f1-a7e3-c4cf249de09e	6	133947933	133948494	2	-1.7884
0b83b1fa-7ef7-48f1-a7e3-c4cf249de09e	6	133950934	135014291	722	-0.0114
0b83b1fa-7ef7-48f1-a7e3-c4cf249de09e	6	135021116	135022100	2	-1.8021
0b83b1fa-7ef7-48f1-a7e3-c4cf249de09e	6	135028432	148180808	8497	-0.0003
0b83b1fa-7ef7-48f1-a7e3-c4cf249de09e	6	148185476	148185808	2	-1.5427
0b83b1fa-7ef7-48f1-a7e3-c4cf249de09e	6	148186119	151054485	2025	0.0035
0b83b1fa-7ef7-48f1-a7e3-c4cf249de09e	6	151054982	151055325	2	-1.5027
0b83b1fa-7ef7-48f1-a7e3-c4cf249de09e	6	151055449	157360232	4438	-0.0077
0b83b1fa-7ef7-48f1-a7e3-c4cf249de09e	6	157366396	157375044	2	-2.1782
0b83b1fa-7ef7-48f1-a7e3-c4cf249de09e	6	157375962	170741917	9388	-0.0062
0b83b1fa-7ef7-48f1-a7e3-c4cf249de09e	7	43355	15392007	10377	0.0107
0b83b1fa-7ef7-48f1-a7e3-c4cf249de09e	7	15392045	15393664	2	-1.9462
0b83b1fa-7ef7-48f1-a7e3-c4cf249de09e	7	15394440	22395161	5674	0.0116
0b83b1fa-7ef7-48f1-a7e3-c4cf249de09e	7	22395853	22396868	2	-2.7987
0b83b1fa-7ef7-48f1-a7e3-c4cf249de09e	7	22399135	26092670	2763	-0.008
0b83b1fa-7ef7-48f1-a7e3-c4cf249de09e	7	26102772	26105793	4	-0.8718
0b83b1fa-7ef7-48f1-a7e3-c4cf249de09e	7	26107599	28062854	1282	0.0011
0b83b1fa-7ef7-48f1-a7e3-c4cf249de09e	7	28062910	28063792	2	-1.4199
0b83b1fa-7ef7-48f1-a7e3-c4cf249de09e	7	28065884	40369980	8695	0.001
0b83b1fa-7ef7-48f1-a7e3-c4cf249de09e	7	40373714	40473488	74	-0.9451
0b83b1fa-7ef7-48f1-a7e3-c4cf249de09e	7	40474019	54305455	9591	0.0043
0b83b1fa-7ef7-48f1-a7e3-c4cf249de09e	7	54318812	54318824	6	-2.2973
0b83b1fa-7ef7-48f1-a7e3-c4cf249de09e	7	54325795	109793741	28429	0.0108
0b83b1fa-7ef7-48f1-a7e3-c4cf249de09e	7	109797035	109797700	14	-1.0505
0b83b1fa-7ef7-48f1-a7e3-c4cf249de09e	7	109797715	109801155	10	-0.1885
0b83b1fa-7ef7-48f1-a7e3-c4cf249de09e	7	109801187	109813853	11	-2.2994
0b83b1fa-7ef7-48f1-a7e3-c4cf249de09e	7	109813925	116294646	3897	0.021
0b83b1fa-7ef7-48f1-a7e3-c4cf249de09e	7	116294957	116301612	6	-1.0211
0b83b1fa-7ef7-48f1-a7e3-c4cf249de09e	7	116303460	119930455	2193	-0.0048
0b83b1fa-7ef7-48f1-a7e3-c4cf249de09e	7	119932912	119995400	35	-0.9371
0b83b1fa-7ef7-48f1-a7e3-c4cf249de09e	7	119998079	144207186	15060	0.0096
0b83b1fa-7ef7-48f1-a7e3-c4cf249de09e	7	144249785	144352208	14	0.7305
0b83b1fa-7ef7-48f1-a7e3-c4cf249de09e	7	144377836	159334314	9641	-0.0017
0b83b1fa-7ef7-48f1-a7e3-c4cf249de09e	8	81254	6181655	6580	0.0066
0b83b1fa-7ef7-48f1-a7e3-c4cf249de09e	8	6182584	6182629	2	-1.6099
0b83b1fa-7ef7-48f1-a7e3-c4cf249de09e	8	6182984	7167045	1139	0.0029
0b83b1fa-7ef7-48f1-a7e3-c4cf249de09e	8	7172468	7296545	6	-1.0659
0b83b1fa-7ef7-48f1-a7e3-c4cf249de09e	8	7312952	7329110	2	-0.2163
0b83b1fa-7ef7-48f1-a7e3-c4cf249de09e	8	7329124	7397588	23	0.5096
0b83b1fa-7ef7-48f1-a7e3-c4cf249de09e	8	7414835	12092042	3263	0.0125
0b83b1fa-7ef7-48f1-a7e3-c4cf249de09e	8	12130217	12142800	5	-0.9022
0b83b1fa-7ef7-48f1-a7e3-c4cf249de09e	8	12143614	25114672	10445	0.0013
0b83b1fa-7ef7-48f1-a7e3-c4cf249de09e	8	25116928	25126818	27	0.697
0b83b1fa-7ef7-48f1-a7e3-c4cf249de09e	8	25133589	50119451	13648	0.0013
0b83b1fa-7ef7-48f1-a7e3-c4cf249de09e	8	50119464	50120863	8	-0.9973
0b83b1fa-7ef7-48f1-a7e3-c4cf249de09e	8	50126018	114619814	39224	0.002
0b83b1fa-7ef7-48f1-a7e3-c4cf249de09e	8	114622258	114629502	35	-0.5635
0b83b1fa-7ef7-48f1-a7e3-c4cf249de09e	8	114638468	131217816	11516	0.001
0b83b1fa-7ef7-48f1-a7e3-c4cf249de09e	8	131218034	131218965	2	-1.5672
0b83b1fa-7ef7-48f1-a7e3-c4cf249de09e	8	131219510	145044132	9510	-0.0009
0b83b1fa-7ef7-48f1-a7e3-c4cf249de09e	8	145045275	145072769	16	0.4764
0b83b1fa-7ef7-48f1-a7e3-c4cf249de09e	9	46587	5079156	5242	0.0113
0b83b1fa-7ef7-48f1-a7e3-c4cf249de09e	9	5081416	5081953	10	-0.7679
0b83b1fa-7ef7-48f1-a7e3-c4cf249de09e	9	5082995	11992604	5998	0.0198
0b83b1fa-7ef7-48f1-a7e3-c4cf249de09e	9	11995297	12126326	105	-0.9134
0b83b1fa-7ef7-48f1-a7e3-c4cf249de09e	9	12126632	23361807	9061	0.0035
0b83b1fa-7ef7-48f1-a7e3-c4cf249de09e	9	23363117	23373486	8	-2.391
0b83b1fa-7ef7-48f1-a7e3-c4cf249de09e	9	23378490	61543517	10954	0.0135
0b83b1fa-7ef7-48f1-a7e3-c4cf249de09e	9	61544101	61668104	22	0.7179
0b83b1fa-7ef7-48f1-a7e3-c4cf249de09e	9	61680289	63580418	36	-0.0455
0b83b1fa-7ef7-48f1-a7e3-c4cf249de09e	9	63590317	63592813	7	1.4578
0b83b1fa-7ef7-48f1-a7e3-c4cf249de09e	9	63614182	75337570	5056	0.0034
0b83b1fa-7ef7-48f1-a7e3-c4cf249de09e	9	75337679	75341442	3	-1.6571
0b83b1fa-7ef7-48f1-a7e3-c4cf249de09e	9	75350902	138200944	42966	0.0057
0b83b1fa-7ef7-48f1-a7e3-c4cf249de09e	10	45792	6369109	5390	-0.0025
0b83b1fa-7ef7-48f1-a7e3-c4cf249de09e	10	6369253	6369519	6	1.0412
0b83b1fa-7ef7-48f1-a7e3-c4cf249de09e	10	6376792	20551945	11587	0.0025
0b83b1fa-7ef7-48f1-a7e3-c4cf249de09e	10	20561183	20564574	5	-0.9065
0b83b1fa-7ef7-48f1-a7e3-c4cf249de09e	10	20564605	24086334	2196	-0.0003
0b83b1fa-7ef7-48f1-a7e3-c4cf249de09e	10	24088745	24089125	11	-2.0698
0b83b1fa-7ef7-48f1-a7e3-c4cf249de09e	10	24089979	46332377	12454	-0.0039
0b83b1fa-7ef7-48f1-a7e3-c4cf249de09e	10	46333369	46370859	2	-1.5937
0b83b1fa-7ef7-48f1-a7e3-c4cf249de09e	10	46442116	65548178	12745	0.0047
0b83b1fa-7ef7-48f1-a7e3-c4cf249de09e	10	65548193	65554672	25	-0.5853
0b83b1fa-7ef7-48f1-a7e3-c4cf249de09e	10	65554688	133654968	46186	0.0013
0b83b1fa-7ef7-48f1-a7e3-c4cf249de09e	11	198510	4946420	2417	0.0024
0b83b1fa-7ef7-48f1-a7e3-c4cf249de09e	11	4947280	4955042	30	-1.5112
0b83b1fa-7ef7-48f1-a7e3-c4cf249de09e	11	4955781	5762693	781	0.0038
0b83b1fa-7ef7-48f1-a7e3-c4cf249de09e	11	5766175	5787909	33	-0.7286
0b83b1fa-7ef7-48f1-a7e3-c4cf249de09e	11	5788108	6094875	243	0.0191
0b83b1fa-7ef7-48f1-a7e3-c4cf249de09e	11	6095613	6100864	5	-1.516
0b83b1fa-7ef7-48f1-a7e3-c4cf249de09e	11	6101273	18919323	9160	0.0033
0b83b1fa-7ef7-48f1-a7e3-c4cf249de09e	11	18927525	18940066	41	0.3375
0b83b1fa-7ef7-48f1-a7e3-c4cf249de09e	11	18940191	37111870	13430	0.0038
0b83b1fa-7ef7-48f1-a7e3-c4cf249de09e	11	37111923	37112518	6	1.015
0b83b1fa-7ef7-48f1-a7e3-c4cf249de09e	11	37112608	49686823	7568	0.0057
0b83b1fa-7ef7-48f1-a7e3-c4cf249de09e	11	49689309	49736119	16	-0.8612
0b83b1fa-7ef7-48f1-a7e3-c4cf249de09e	11	49736215	55606572	736	0.0064
0b83b1fa-7ef7-48f1-a7e3-c4cf249de09e	11	55606712	55693207	59	0.4442
0b83b1fa-7ef7-48f1-a7e3-c4cf249de09e	11	55693312	135074876	52259	0.0023
0b83b1fa-7ef7-48f1-a7e3-c4cf249de09e	12	51460	756804	416	-0.0002
0b83b1fa-7ef7-48f1-a7e3-c4cf249de09e	12	759943	764863	18	-0.7962
0b83b1fa-7ef7-48f1-a7e3-c4cf249de09e	12	766188	11062773	6795	-0.0017
0b83b1fa-7ef7-48f1-a7e3-c4cf249de09e	12	11064250	11088933	12	-1.2635
0b83b1fa-7ef7-48f1-a7e3-c4cf249de09e	12	11099275	133201603	77558	0.0011
0b83b1fa-7ef7-48f1-a7e3-c4cf249de09e	13	18452809	21321896	1572	0.0026
0b83b1fa-7ef7-48f1-a7e3-c4cf249de09e	13	21322180	21322360	2	-1.2885
0b83b1fa-7ef7-48f1-a7e3-c4cf249de09e	13	21322617	23055071	1282	0
0b83b1fa-7ef7-48f1-a7e3-c4cf249de09e	13	23058539	23059376	12	-0.7536
0b83b1fa-7ef7-48f1-a7e3-c4cf249de09e	13	23064056	37493438	10603	0.0003
0b83b1fa-7ef7-48f1-a7e3-c4cf249de09e	13	37495907	37510620	19	-0.5024
0b83b1fa-7ef7-48f1-a7e3-c4cf249de09e	13	37514193	39543554	1571	0.0047
0b83b1fa-7ef7-48f1-a7e3-c4cf249de09e	13	39543684	39543855	3	1.1618
0b83b1fa-7ef7-48f1-a7e3-c4cf249de09e	13	39543931	52485081	8316	0.0129
0b83b1fa-7ef7-48f1-a7e3-c4cf249de09e	13	52497017	52571523	14	-0.8927
0b83b1fa-7ef7-48f1-a7e3-c4cf249de09e	13	52578000	57176962	2615	0.0045
0b83b1fa-7ef7-48f1-a7e3-c4cf249de09e	13	57184136	57204246	34	-2.448
0b83b1fa-7ef7-48f1-a7e3-c4cf249de09e	13	57215580	68668123	6885	0.0103
0b83b1fa-7ef7-48f1-a7e3-c4cf249de09e	13	68674167	68675349	7	-0.9419
0b83b1fa-7ef7-48f1-a7e3-c4cf249de09e	13	68676647	68677373	6	0.156
0b83b1fa-7ef7-48f1-a7e3-c4cf249de09e	13	68677517	68694110	25	-0.844
0b83b1fa-7ef7-48f1-a7e3-c4cf249de09e	13	68694987	114342922	31144	0.001
0b83b1fa-7ef7-48f1-a7e3-c4cf249de09e	14	18239283	18646056	16	0.2085
0b83b1fa-7ef7-48f1-a7e3-c4cf249de09e	14	18656322	18693043	9	1.3941
0b83b1fa-7ef7-48f1-a7e3-c4cf249de09e	14	18950560	19957701	145	0.2495
0b83b1fa-7ef7-48f1-a7e3-c4cf249de09e	14	19957752	73540003	34044	0.0098
0b83b1fa-7ef7-48f1-a7e3-c4cf249de09e	14	73540147	73554275	7	-1.7353
0b83b1fa-7ef7-48f1-a7e3-c4cf249de09e	14	73563196	106877229	21145	0.0082
0b83b1fa-7ef7-48f1-a7e3-c4cf249de09e	15	19811075	20206773	59	0.1007
0b83b1fa-7ef7-48f1-a7e3-c4cf249de09e	15	20207225	22395047	149	0.5847
0b83b1fa-7ef7-48f1-a7e3-c4cf249de09e	15	22413894	24424598	990	0.0058
0b83b1fa-7ef7-48f1-a7e3-c4cf249de09e	15	24429604	24462170	24	-0.6249
0b83b1fa-7ef7-48f1-a7e3-c4cf249de09e	15	24467876	30252720	3614	-0.007
0b83b1fa-7ef7-48f1-a7e3-c4cf249de09e	15	30253290	30269364	4	-1.312
0b83b1fa-7ef7-48f1-a7e3-c4cf249de09e	15	30281107	70741674	25952	-0.0014
0b83b1fa-7ef7-48f1-a7e3-c4cf249de09e	15	70741805	70741906	3	1.4464
0b83b1fa-7ef7-48f1-a7e3-c4cf249de09e	15	70741930	76586021	3095	-0.0035
0b83b1fa-7ef7-48f1-a7e3-c4cf249de09e	15	76598900	76603434	22	-1.7823
0b83b1fa-7ef7-48f1-a7e3-c4cf249de09e	15	76609838	101928837	17602	-0.0002
0b83b1fa-7ef7-48f1-a7e3-c4cf249de09e	16	10777	22420049	14759	-0.0069
0b83b1fa-7ef7-48f1-a7e3-c4cf249de09e	16	22430653	22701658	76	-0.3263
0b83b1fa-7ef7-48f1-a7e3-c4cf249de09e	16	22706267	55762682	12087	-0.0033
0b83b1fa-7ef7-48f1-a7e3-c4cf249de09e	16	55764310	55764867	3	3.1244
0b83b1fa-7ef7-48f1-a7e3-c4cf249de09e	16	55770436	78338543	14286	-0.0033
0b83b1fa-7ef7-48f1-a7e3-c4cf249de09e	16	78338714	78350868	16	0.6888
0b83b1fa-7ef7-48f1-a7e3-c4cf249de09e	16	78351104	90096867	10605	-0.0069
0b83b1fa-7ef7-48f1-a7e3-c4cf249de09e	17	150733	46085732	23323	0.0009
0b83b1fa-7ef7-48f1-a7e3-c4cf249de09e	17	46088437	46286804	124	0.625
0b83b1fa-7ef7-48f1-a7e3-c4cf249de09e	17	46323701	46446360	4	-0.7969
0b83b1fa-7ef7-48f1-a7e3-c4cf249de09e	17	46569894	83091923	21552	-0.001
0b83b1fa-7ef7-48f1-a7e3-c4cf249de09e	18	48133	40680526	22779	0.0022
0b83b1fa-7ef7-48f1-a7e3-c4cf249de09e	18	40680642	40685399	11	-0.6579
0b83b1fa-7ef7-48f1-a7e3-c4cf249de09e	18	40685413	42471713	1215	0.0238
0b83b1fa-7ef7-48f1-a7e3-c4cf249de09e	18	42476604	42477802	25	-0.7986
0b83b1fa-7ef7-48f1-a7e3-c4cf249de09e	18	42478430	66054343	16240	0.0076
0b83b1fa-7ef7-48f1-a7e3-c4cf249de09e	18	66060256	66061104	12	-1.8041
0b83b1fa-7ef7-48f1-a7e3-c4cf249de09e	18	66065502	66239629	148	0.0463
0b83b1fa-7ef7-48f1-a7e3-c4cf249de09e	18	66240197	66244124	9	-0.8289
0b83b1fa-7ef7-48f1-a7e3-c4cf249de09e	18	66244352	80257174	10265	0.006
0b83b1fa-7ef7-48f1-a7e3-c4cf249de09e	19	90910	5506648	1592	0.0028
0b83b1fa-7ef7-48f1-a7e3-c4cf249de09e	19	5510228	5510569	2	-3.002
0b83b1fa-7ef7-48f1-a7e3-c4cf249de09e	19	5510642	19720735	6900	0.0079
0b83b1fa-7ef7-48f1-a7e3-c4cf249de09e	19	19724944	19725867	2	-1.4734
0b83b1fa-7ef7-48f1-a7e3-c4cf249de09e	19	19729959	35358420	8199	0.0037
0b83b1fa-7ef7-48f1-a7e3-c4cf249de09e	19	35364451	35370268	17	-0.6062
0b83b1fa-7ef7-48f1-a7e3-c4cf249de09e	19	35370747	40845091	2772	0.0041
0b83b1fa-7ef7-48f1-a7e3-c4cf249de09e	19	40846734	40886250	24	0.6378
0b83b1fa-7ef7-48f1-a7e3-c4cf249de09e	19	40886749	55771003	7742	0.0119
0b83b1fa-7ef7-48f1-a7e3-c4cf249de09e	19	55771169	55771701	3	-2.411
0b83b1fa-7ef7-48f1-a7e3-c4cf249de09e	19	55774927	58429147	1783	-0.0052
0b83b1fa-7ef7-48f1-a7e3-c4cf249de09e	19	58432041	58433008	2	-3.5033
0b83b1fa-7ef7-48f1-a7e3-c4cf249de09e	19	58434689	58586487	52	0.0107
0b83b1fa-7ef7-48f1-a7e3-c4cf249de09e	20	80664	1576544	1183	-0.0066
0b83b1fa-7ef7-48f1-a7e3-c4cf249de09e	20	1576573	1580353	20	-0.8221
0b83b1fa-7ef7-48f1-a7e3-c4cf249de09e	20	1580934	1590626	15	0.0425
0b83b1fa-7ef7-48f1-a7e3-c4cf249de09e	20	1590679	1591489	9	-0.4645
0b83b1fa-7ef7-48f1-a7e3-c4cf249de09e	20	1591557	1601561	12	0.1107
0b83b1fa-7ef7-48f1-a7e3-c4cf249de09e	20	1609611	1613203	4	1.7968
0b83b1fa-7ef7-48f1-a7e3-c4cf249de09e	20	1613247	64324800	41093	-0.0062
0b83b1fa-7ef7-48f1-a7e3-c4cf249de09e	21	10354168	18683769	3546	0.0014
0b83b1fa-7ef7-48f1-a7e3-c4cf249de09e	21	18685360	18708616	27	0.6296
0b83b1fa-7ef7-48f1-a7e3-c4cf249de09e	21	18709557	46677045	20277	0.0087
0b83b1fa-7ef7-48f1-a7e3-c4cf249de09e	22	15294547	17014661	300	-0.0204
0b83b1fa-7ef7-48f1-a7e3-c4cf249de09e	22	17018144	17018618	2	1.2655
0b83b1fa-7ef7-48f1-a7e3-c4cf249de09e	22	17019000	18760927	832	0.0147
0b83b1fa-7ef7-48f1-a7e3-c4cf249de09e	22	18760941	18783014	2	-1.6349
0b83b1fa-7ef7-48f1-a7e3-c4cf249de09e	22	18818348	33776814	10495	-0.0075
0b83b1fa-7ef7-48f1-a7e3-c4cf249de09e	22	33777419	33785435	6	-1.4109
0b83b1fa-7ef7-48f1-a7e3-c4cf249de09e	22	33785487	35642220	1655	-0.0015
0b83b1fa-7ef7-48f1-a7e3-c4cf249de09e	22	35642653	35644067	2	-1.1845
0b83b1fa-7ef7-48f1-a7e3-c4cf249de09e	22	35644117	38967614	1931	-0.0011
0b83b1fa-7ef7-48f1-a7e3-c4cf249de09e	22	38967679	38993700	24	-0.5923
0b83b1fa-7ef7-48f1-a7e3-c4cf249de09e	22	38993715	48980885	6859	-0.0031
0b83b1fa-7ef7-48f1-a7e3-c4cf249de09e	22	48980999	48982081	2	-1.6252
0b83b1fa-7ef7-48f1-a7e3-c4cf249de09e	22	48982443	50796027	1149	-0.0224
0b83b1fa-7ef7-48f1-a7e3-c4cf249de09e	X	251810	112737834	57521	0.0021
0b83b1fa-7ef7-48f1-a7e3-c4cf249de09e	X	112737848	112738012	2	2.464
0b83b1fa-7ef7-48f1-a7e3-c4cf249de09e	X	112740745	155952689	24897	-0.0009
0b83b1fa-7ef7-48f1-a7e3-c4cf249de09e	Y	2782397	56872112	6639	-0.8378
