GDC_Aliquot	Chromosome	Start	End	Num_Probes	Segment_Mean
e85b5411-ad09-4057-b162-dbb6706d09fe	1	62920	3339544	773	0.1354
e85b5411-ad09-4057-b162-dbb6706d09fe	1	3339638	15841285	7576	0.0085
e85b5411-ad09-4057-b162-dbb6706d09fe	1	15841304	15841360	2	-1.6295
e85b5411-ad09-4057-b162-dbb6706d09fe	1	15843965	16932568	396	-0.023
e85b5411-ad09-4057-b162-dbb6706d09fe	1	16934716	17018588	39	0.2543
e85b5411-ad09-4057-b162-dbb6706d09fe	1	17022352	19033451	1490	-0.0027
e85b5411-ad09-4057-b162-dbb6706d09fe	1	19035841	19044494	7	-1.0738
e85b5411-ad09-4057-b162-dbb6706d09fe	1	19045592	25256850	3735	0.0083
e85b5411-ad09-4057-b162-dbb6706d09fe	1	25266637	25320455	24	0.582
e85b5411-ad09-4057-b162-dbb6706d09fe	1	25336819	30689681	2748	0.007
e85b5411-ad09-4057-b162-dbb6706d09fe	1	30690609	30778851	65	0.3112
e85b5411-ad09-4057-b162-dbb6706d09fe	1	30789158	37418515	3646	0.0043
e85b5411-ad09-4057-b162-dbb6706d09fe	1	37418690	37436534	14	0.5156
e85b5411-ad09-4057-b162-dbb6706d09fe	1	37436730	45785652	4683	0.0058
e85b5411-ad09-4057-b162-dbb6706d09fe	1	45785677	45786472	2	-1.4878
e85b5411-ad09-4057-b162-dbb6706d09fe	1	45787045	72293826	17573	0.0055
e85b5411-ad09-4057-b162-dbb6706d09fe	1	72293841	72345393	50	0.3656
e85b5411-ad09-4057-b162-dbb6706d09fe	1	72345450	105459522	20945	0.0025
e85b5411-ad09-4057-b162-dbb6706d09fe	1	105459540	105487394	29	-0.3607
e85b5411-ad09-4057-b162-dbb6706d09fe	1	105487979	108187137	1930	0.013
e85b5411-ad09-4057-b162-dbb6706d09fe	1	108191613	108192255	2	-4.035
e85b5411-ad09-4057-b162-dbb6706d09fe	1	108194874	108223733	18	-0.1974
e85b5411-ad09-4057-b162-dbb6706d09fe	1	108226680	108274557	2	-2.6445
e85b5411-ad09-4057-b162-dbb6706d09fe	1	108310648	109679105	674	0.0022
e85b5411-ad09-4057-b162-dbb6706d09fe	1	109684695	109697556	15	1.2207
e85b5411-ad09-4057-b162-dbb6706d09fe	1	109702376	112147589	1948	0.0064
e85b5411-ad09-4057-b162-dbb6706d09fe	1	112147626	112163496	32	-0.4069
e85b5411-ad09-4057-b162-dbb6706d09fe	1	112163506	152782154	7794	0.0166
e85b5411-ad09-4057-b162-dbb6706d09fe	1	152783832	152806082	49	0.3678
e85b5411-ad09-4057-b162-dbb6706d09fe	1	152806100	174827267	14795	0.001
e85b5411-ad09-4057-b162-dbb6706d09fe	1	174827418	174832702	16	-0.8483
e85b5411-ad09-4057-b162-dbb6706d09fe	1	174832716	175499875	464	0.0042
e85b5411-ad09-4057-b162-dbb6706d09fe	1	175499896	175790059	259	0.1138
e85b5411-ad09-4057-b162-dbb6706d09fe	1	175790156	196780731	13942	-0.0059
e85b5411-ad09-4057-b162-dbb6706d09fe	1	196788011	196846661	32	0.3789
e85b5411-ad09-4057-b162-dbb6706d09fe	1	196847600	222193326	17393	0.0013
e85b5411-ad09-4057-b162-dbb6706d09fe	1	222201492	222203662	2	-3.4775
e85b5411-ad09-4057-b162-dbb6706d09fe	1	222208792	248525284	18231	0.0057
e85b5411-ad09-4057-b162-dbb6706d09fe	1	248525299	248631988	36	-0.4871
e85b5411-ad09-4057-b162-dbb6706d09fe	1	248633821	248930189	143	0.122
e85b5411-ad09-4057-b162-dbb6706d09fe	2	12784	2160904	1401	0.0795
e85b5411-ad09-4057-b162-dbb6706d09fe	2	2165482	34295406	22586	0.004
e85b5411-ad09-4057-b162-dbb6706d09fe	2	34298911	34300513	2	-2.5518
e85b5411-ad09-4057-b162-dbb6706d09fe	2	34300900	34466002	95	-0.0041
e85b5411-ad09-4057-b162-dbb6706d09fe	2	34474248	34502718	41	0.7609
e85b5411-ad09-4057-b162-dbb6706d09fe	2	34502784	36108463	1157	0.0137
e85b5411-ad09-4057-b162-dbb6706d09fe	2	36109476	36112364	12	-1.2359
e85b5411-ad09-4057-b162-dbb6706d09fe	2	36112411	37593930	1148	0.0116
e85b5411-ad09-4057-b162-dbb6706d09fe	2	37600376	37892352	266	0.1655
e85b5411-ad09-4057-b162-dbb6706d09fe	2	37892371	75154574	24935	0.0046
e85b5411-ad09-4057-b162-dbb6706d09fe	2	75154602	75154617	2	-1.6966
e85b5411-ad09-4057-b162-dbb6706d09fe	2	75154670	86710564	7432	0.0043
e85b5411-ad09-4057-b162-dbb6706d09fe	2	86725947	86726731	2	-1.9619
e85b5411-ad09-4057-b162-dbb6706d09fe	2	86743283	128880504	20905	0.0064
e85b5411-ad09-4057-b162-dbb6706d09fe	2	128880904	128882741	15	-0.8186
e85b5411-ad09-4057-b162-dbb6706d09fe	2	128882755	130031187	873	0.0124
e85b5411-ad09-4057-b162-dbb6706d09fe	2	130031201	130116915	15	0.9822
e85b5411-ad09-4057-b162-dbb6706d09fe	2	130117303	134154672	2090	0.0129
e85b5411-ad09-4057-b162-dbb6706d09fe	2	134154691	134154900	2	-1.7355
e85b5411-ad09-4057-b162-dbb6706d09fe	2	134155369	170604130	22342	0.0011
e85b5411-ad09-4057-b162-dbb6706d09fe	2	170604792	170608530	7	-0.9427
e85b5411-ad09-4057-b162-dbb6706d09fe	2	170609149	238934164	42409	-0.0008
e85b5411-ad09-4057-b162-dbb6706d09fe	2	238935487	239100676	99	0.2326
e85b5411-ad09-4057-b162-dbb6706d09fe	2	239102564	240671904	1049	0.0129
e85b5411-ad09-4057-b162-dbb6706d09fe	2	240686640	240766810	29	0.3781
e85b5411-ad09-4057-b162-dbb6706d09fe	2	240776486	242147305	576	-0.0037
e85b5411-ad09-4057-b162-dbb6706d09fe	3	20930	37935209	27615	0.0082
e85b5411-ad09-4057-b162-dbb6706d09fe	3	37935926	37945437	19	-0.692
e85b5411-ad09-4057-b162-dbb6706d09fe	3	37945615	68697013	20146	0.0046
e85b5411-ad09-4057-b162-dbb6706d09fe	3	68697108	68697672	7	-0.5464
e85b5411-ad09-4057-b162-dbb6706d09fe	3	68697689	68698262	7	-1.3368
e85b5411-ad09-4057-b162-dbb6706d09fe	3	68699607	75813297	4989	0.0042
e85b5411-ad09-4057-b162-dbb6706d09fe	3	75813498	75816580	2	-1.7057
e85b5411-ad09-4057-b162-dbb6706d09fe	3	75826754	82347740	3749	-0.0008
e85b5411-ad09-4057-b162-dbb6706d09fe	3	82348461	82353641	4	-1.3289
e85b5411-ad09-4057-b162-dbb6706d09fe	3	82356145	83195370	482	0.0063
e85b5411-ad09-4057-b162-dbb6706d09fe	3	83202478	83214604	7	-1.0557
e85b5411-ad09-4057-b162-dbb6706d09fe	3	83214849	85385719	1123	-0.0057
e85b5411-ad09-4057-b162-dbb6706d09fe	3	85385858	85443633	32	-1.0951
e85b5411-ad09-4057-b162-dbb6706d09fe	3	85448528	130047743	24261	0.0037
e85b5411-ad09-4057-b162-dbb6706d09fe	3	130057015	130087393	36	0.693
e85b5411-ad09-4057-b162-dbb6706d09fe	3	130088081	135974271	3888	0.005
e85b5411-ad09-4057-b162-dbb6706d09fe	3	135977444	135981035	4	-1.0343
e85b5411-ad09-4057-b162-dbb6706d09fe	3	135983695	136300257	136	-0.0207
e85b5411-ad09-4057-b162-dbb6706d09fe	3	136304109	136306584	2	-2.4593
e85b5411-ad09-4057-b162-dbb6706d09fe	3	136319699	152629305	10072	0.0073
e85b5411-ad09-4057-b162-dbb6706d09fe	3	152629338	152638413	45	-0.6027
e85b5411-ad09-4057-b162-dbb6706d09fe	3	152638694	198169247	28058	0.0017
e85b5411-ad09-4057-b162-dbb6706d09fe	4	68929	10186757	5655	0.0244
e85b5411-ad09-4057-b162-dbb6706d09fe	4	10186925	10248679	99	0.2317
e85b5411-ad09-4057-b162-dbb6706d09fe	4	10248775	34777432	16956	0.0024
e85b5411-ad09-4057-b162-dbb6706d09fe	4	34784878	34817589	35	0.6386
e85b5411-ad09-4057-b162-dbb6706d09fe	4	34819718	68506285	19457	-0.0027
e85b5411-ad09-4057-b162-dbb6706d09fe	4	68509223	68620261	65	-1.6908
e85b5411-ad09-4057-b162-dbb6706d09fe	4	68623617	69257792	315	-0.0183
e85b5411-ad09-4057-b162-dbb6706d09fe	4	69261926	69366081	54	-0.7045
e85b5411-ad09-4057-b162-dbb6706d09fe	4	69366304	148314795	47504	-0.0051
e85b5411-ad09-4057-b162-dbb6706d09fe	4	148316489	148317860	3	-1.9255
e85b5411-ad09-4057-b162-dbb6706d09fe	4	148329631	157631156	5718	0.0013
e85b5411-ad09-4057-b162-dbb6706d09fe	4	157631247	157640571	9	-0.6966
e85b5411-ad09-4057-b162-dbb6706d09fe	4	157640707	160958972	2065	-0.0055
e85b5411-ad09-4057-b162-dbb6706d09fe	4	160958989	160960185	12	-0.6629
e85b5411-ad09-4057-b162-dbb6706d09fe	4	160963111	171448195	6667	-0.0137
e85b5411-ad09-4057-b162-dbb6706d09fe	4	171453733	171456307	9	1.1834
e85b5411-ad09-4057-b162-dbb6706d09fe	4	171456559	172066777	400	0.0161
e85b5411-ad09-4057-b162-dbb6706d09fe	4	172067997	172068382	12	0.8228
e85b5411-ad09-4057-b162-dbb6706d09fe	4	172074828	188300104	10930	0.0037
e85b5411-ad09-4057-b162-dbb6706d09fe	4	188300206	188300221	2	-1.7059
e85b5411-ad09-4057-b162-dbb6706d09fe	4	188300270	190106768	1142	0.0148
e85b5411-ad09-4057-b162-dbb6706d09fe	5	15532	150161	67	-0.1196
e85b5411-ad09-4057-b162-dbb6706d09fe	5	154674	685633	239	0.1141
e85b5411-ad09-4057-b162-dbb6706d09fe	5	698256	742574	18	-0.3787
e85b5411-ad09-4057-b162-dbb6706d09fe	5	760901	1936939	632	0.1307
e85b5411-ad09-4057-b162-dbb6706d09fe	5	1937749	2136555	158	0.0043
e85b5411-ad09-4057-b162-dbb6706d09fe	5	2139261	2139263	2	-1.6958
e85b5411-ad09-4057-b162-dbb6706d09fe	5	2139389	21376735	14550	0.0009
e85b5411-ad09-4057-b162-dbb6706d09fe	5	21377730	21377744	2	-2.1018
e85b5411-ad09-4057-b162-dbb6706d09fe	5	21385957	42024090	13122	-0.0034
e85b5411-ad09-4057-b162-dbb6706d09fe	5	42027782	42030862	3	-1.375
e85b5411-ad09-4057-b162-dbb6706d09fe	5	42033749	44346222	1132	-0.0087
e85b5411-ad09-4057-b162-dbb6706d09fe	5	44348597	44351503	3	-1.1975
e85b5411-ad09-4057-b162-dbb6706d09fe	5	44354605	50382297	836	-0.0245
e85b5411-ad09-4057-b162-dbb6706d09fe	5	50393257	50394817	2	-1.8332
e85b5411-ad09-4057-b162-dbb6706d09fe	5	50395441	97575366	27844	-0.0016
e85b5411-ad09-4057-b162-dbb6706d09fe	5	97575825	97580979	2	-2.6094
e85b5411-ad09-4057-b162-dbb6706d09fe	5	97582130	99838195	1270	-0.0094
e85b5411-ad09-4057-b162-dbb6706d09fe	5	99840037	99841417	4	-1.3087
e85b5411-ad09-4057-b162-dbb6706d09fe	5	99841435	104515520	2731	-0.004
e85b5411-ad09-4057-b162-dbb6706d09fe	5	104524672	104524903	4	-1.1542
e85b5411-ad09-4057-b162-dbb6706d09fe	5	104525348	112353065	5056	-0.0013
e85b5411-ad09-4057-b162-dbb6706d09fe	5	112353597	112353817	4	-1.1551
e85b5411-ad09-4057-b162-dbb6706d09fe	5	112355319	140839137	18148	0.0017
e85b5411-ad09-4057-b162-dbb6706d09fe	5	140844251	140864171	13	-0.8729
e85b5411-ad09-4057-b162-dbb6706d09fe	5	140872578	150819676	6567	0.0006
e85b5411-ad09-4057-b162-dbb6706d09fe	5	150822643	150839042	9	-1.0163
e85b5411-ad09-4057-b162-dbb6706d09fe	5	150843825	176657520	17980	-0.002
e85b5411-ad09-4057-b162-dbb6706d09fe	5	176658167	176857712	114	0.1811
e85b5411-ad09-4057-b162-dbb6706d09fe	5	176882170	177771448	354	0.0062
e85b5411-ad09-4057-b162-dbb6706d09fe	5	177800550	177801578	2	2.4105
e85b5411-ad09-4057-b162-dbb6706d09fe	5	177805604	178270175	161	0.0353
e85b5411-ad09-4057-b162-dbb6706d09fe	5	178271325	178275580	3	1.1015
e85b5411-ad09-4057-b162-dbb6706d09fe	5	178277026	178680689	283	-0.0011
e85b5411-ad09-4057-b162-dbb6706d09fe	5	178680821	178686162	4	-0.7809
e85b5411-ad09-4057-b162-dbb6706d09fe	5	178691854	179498842	507	0.025
e85b5411-ad09-4057-b162-dbb6706d09fe	5	179501760	179509670	4	-1.741
e85b5411-ad09-4057-b162-dbb6706d09fe	5	179509694	180766779	732	0.0161
e85b5411-ad09-4057-b162-dbb6706d09fe	5	180767185	180768522	3	-1.4128
e85b5411-ad09-4057-b162-dbb6706d09fe	5	180769816	180951710	101	0.0518
e85b5411-ad09-4057-b162-dbb6706d09fe	5	180951888	180991103	18	0.7033
e85b5411-ad09-4057-b162-dbb6706d09fe	5	181006225	181363319	170	0.069
e85b5411-ad09-4057-b162-dbb6706d09fe	6	149661	280399	115	0.0179
e85b5411-ad09-4057-b162-dbb6706d09fe	6	285695	379015	84	-0.3544
e85b5411-ad09-4057-b162-dbb6706d09fe	6	380821	29869411	21450	0.0034
e85b5411-ad09-4057-b162-dbb6706d09fe	6	29869537	29907031	22	-0.6984
e85b5411-ad09-4057-b162-dbb6706d09fe	6	29909182	33051866	1487	0.1047
e85b5411-ad09-4057-b162-dbb6706d09fe	6	33052196	50946613	11255	0.0049
e85b5411-ad09-4057-b162-dbb6706d09fe	6	50947083	50947099	3	-1.4161
e85b5411-ad09-4057-b162-dbb6706d09fe	6	50948562	73882509	12577	-0.0011
e85b5411-ad09-4057-b162-dbb6706d09fe	6	73882741	73887625	8	-2.3793
e85b5411-ad09-4057-b162-dbb6706d09fe	6	73891694	76726815	1771	-0.001
e85b5411-ad09-4057-b162-dbb6706d09fe	6	76730151	76742924	18	0.7862
e85b5411-ad09-4057-b162-dbb6706d09fe	6	76742956	78252864	975	0.0009
e85b5411-ad09-4057-b162-dbb6706d09fe	6	78252909	78325468	116	0.3307
e85b5411-ad09-4057-b162-dbb6706d09fe	6	78329517	144811571	41574	-0.0033
e85b5411-ad09-4057-b162-dbb6706d09fe	6	144813092	144814448	4	-1.2794
e85b5411-ad09-4057-b162-dbb6706d09fe	6	144819604	167080909	15914	0.0008
e85b5411-ad09-4057-b162-dbb6706d09fe	6	167088034	168436950	670	0.1144
e85b5411-ad09-4057-b162-dbb6706d09fe	6	168439729	170741917	1506	0.0382
e85b5411-ad09-4057-b162-dbb6706d09fe	7	43355	50257	11	0.0603
e85b5411-ad09-4057-b162-dbb6706d09fe	7	50354	65765	18	0.5772
e85b5411-ad09-4057-b162-dbb6706d09fe	7	68316	6791067	3386	0.0275
e85b5411-ad09-4057-b162-dbb6706d09fe	7	6791305	6799093	4	-1.6684
e85b5411-ad09-4057-b162-dbb6706d09fe	7	6814479	38271122	23951	0.0057
e85b5411-ad09-4057-b162-dbb6706d09fe	7	38271497	38356373	116	0.2263
e85b5411-ad09-4057-b162-dbb6706d09fe	7	38356875	70955452	17120	0.0018
e85b5411-ad09-4057-b162-dbb6706d09fe	7	70958264	70961155	2	-2.0881
e85b5411-ad09-4057-b162-dbb6706d09fe	7	70963257	105457859	19457	0.006
e85b5411-ad09-4057-b162-dbb6706d09fe	7	105458908	105475995	6	-0.8957
e85b5411-ad09-4057-b162-dbb6706d09fe	7	105480299	109797612	2855	0.0053
e85b5411-ad09-4057-b162-dbb6706d09fe	7	109797616	109813853	26	0.5337
e85b5411-ad09-4057-b162-dbb6706d09fe	7	109813925	113230304	2213	0.0081
e85b5411-ad09-4057-b162-dbb6706d09fe	7	113246205	113256317	2	1.8187
e85b5411-ad09-4057-b162-dbb6706d09fe	7	113257275	126404869	7806	0.0093
e85b5411-ad09-4057-b162-dbb6706d09fe	7	126404920	126406561	13	-0.5812
e85b5411-ad09-4057-b162-dbb6706d09fe	7	126406822	142087330	9943	0.0069
e85b5411-ad09-4057-b162-dbb6706d09fe	7	142087441	142092307	16	0.6192
e85b5411-ad09-4057-b162-dbb6706d09fe	7	142099190	142334575	176	0.0067
e85b5411-ad09-4057-b162-dbb6706d09fe	7	142337897	142829989	297	0.1634
e85b5411-ad09-4057-b162-dbb6706d09fe	7	142830723	144295437	738	0.03
e85b5411-ad09-4057-b162-dbb6706d09fe	7	144306653	144312471	2	1.4909
e85b5411-ad09-4057-b162-dbb6706d09fe	7	144326306	146302932	1171	-0.0201
e85b5411-ad09-4057-b162-dbb6706d09fe	7	146304264	146309211	2	-1.6679
e85b5411-ad09-4057-b162-dbb6706d09fe	7	146310700	156599096	6848	0.0173
e85b5411-ad09-4057-b162-dbb6706d09fe	7	156600474	156601485	3	-1.3263
e85b5411-ad09-4057-b162-dbb6706d09fe	7	156602214	159334314	1625	0.0203
e85b5411-ad09-4057-b162-dbb6706d09fe	8	81254	643041	322	0.0845
e85b5411-ad09-4057-b162-dbb6706d09fe	8	644944	645875	8	1.1569
e85b5411-ad09-4057-b162-dbb6706d09fe	8	645892	645908	2	4.2271
e85b5411-ad09-4057-b162-dbb6706d09fe	8	656117	9454621	8670	0.0193
e85b5411-ad09-4057-b162-dbb6706d09fe	8	9455371	9457823	8	-1.1599
e85b5411-ad09-4057-b162-dbb6706d09fe	8	9458297	11539309	1673	0.0201
e85b5411-ad09-4057-b162-dbb6706d09fe	8	11539347	12727927	428	0.117
e85b5411-ad09-4057-b162-dbb6706d09fe	8	12728221	23544795	9217	-0.0036
e85b5411-ad09-4057-b162-dbb6706d09fe	8	23550227	23550358	5	-1.0345
e85b5411-ad09-4057-b162-dbb6706d09fe	8	23550392	25116961	1138	0.0007
e85b5411-ad09-4057-b162-dbb6706d09fe	8	25117007	25126735	24	-2.0703
e85b5411-ad09-4057-b162-dbb6706d09fe	8	25126818	39373140	9009	0.0021
e85b5411-ad09-4057-b162-dbb6706d09fe	8	39378084	39529446	59	0.6842
e85b5411-ad09-4057-b162-dbb6706d09fe	8	39530780	40914477	1074	-0.0096
e85b5411-ad09-4057-b162-dbb6706d09fe	8	40920333	40920952	2	1.6183
e85b5411-ad09-4057-b162-dbb6706d09fe	8	40926161	43775490	1483	-0.01
e85b5411-ad09-4057-b162-dbb6706d09fe	8	43781896	43802560	6	-1.1397
e85b5411-ad09-4057-b162-dbb6706d09fe	8	43807613	54296370	4692	0.0005
e85b5411-ad09-4057-b162-dbb6706d09fe	8	54296488	54298653	8	-1.0145
e85b5411-ad09-4057-b162-dbb6706d09fe	8	54298880	81076786	16720	-0.0075
e85b5411-ad09-4057-b162-dbb6706d09fe	8	81079463	81081544	5	-0.979
e85b5411-ad09-4057-b162-dbb6706d09fe	8	81083357	98165953	10208	-0.0024
e85b5411-ad09-4057-b162-dbb6706d09fe	8	98166303	98166385	2	-2.6019
e85b5411-ad09-4057-b162-dbb6706d09fe	8	98171461	111282417	7803	-0.0043
e85b5411-ad09-4057-b162-dbb6706d09fe	8	111282441	111283031	6	1.7256
e85b5411-ad09-4057-b162-dbb6706d09fe	8	111288052	114615356	1820	-0.0157
e85b5411-ad09-4057-b162-dbb6706d09fe	8	114619065	114653157	44	-0.5844
e85b5411-ad09-4057-b162-dbb6706d09fe	8	114660731	141023031	19287	-0.0031
e85b5411-ad09-4057-b162-dbb6706d09fe	8	141023343	141323326	186	0.0753
e85b5411-ad09-4057-b162-dbb6706d09fe	8	141323524	141831028	308	0.247
e85b5411-ad09-4057-b162-dbb6706d09fe	8	141831064	143227585	632	0.0856
e85b5411-ad09-4057-b162-dbb6706d09fe	8	143227622	143228432	8	0.8531
e85b5411-ad09-4057-b162-dbb6706d09fe	8	143228447	145072769	632	0.0754
e85b5411-ad09-4057-b162-dbb6706d09fe	9	46587	18303986	16555	0.0159
e85b5411-ad09-4057-b162-dbb6706d09fe	9	18312497	18319314	9	-0.8943
e85b5411-ad09-4057-b162-dbb6706d09fe	9	18324391	42037471	14719	0.0036
e85b5411-ad09-4057-b162-dbb6706d09fe	9	42042339	42156306	15	-0.5199
e85b5411-ad09-4057-b162-dbb6706d09fe	9	42159409	63580418	144	0.0887
e85b5411-ad09-4057-b162-dbb6706d09fe	9	63590317	63592813	7	1.3543
e85b5411-ad09-4057-b162-dbb6706d09fe	9	63614182	64493528	50	0.0458
e85b5411-ad09-4057-b162-dbb6706d09fe	9	64495298	64510407	8	-1.452
e85b5411-ad09-4057-b162-dbb6706d09fe	9	64520620	68425024	90	0.1995
e85b5411-ad09-4057-b162-dbb6706d09fe	9	68426962	135271897	46755	0.0047
e85b5411-ad09-4057-b162-dbb6706d09fe	9	135272148	135465539	135	0.2056
e85b5411-ad09-4057-b162-dbb6706d09fe	9	135472087	138037754	883	0.0332
e85b5411-ad09-4057-b162-dbb6706d09fe	9	138041170	138200944	123	0.1759
e85b5411-ad09-4057-b162-dbb6706d09fe	10	45792	4248622	3575	0.0464
e85b5411-ad09-4057-b162-dbb6706d09fe	10	4248646	4248732	2	1.8108
e85b5411-ad09-4057-b162-dbb6706d09fe	10	4248824	5204659	889	0.0267
e85b5411-ad09-4057-b162-dbb6706d09fe	10	5204707	5269112	35	0.328
e85b5411-ad09-4057-b162-dbb6706d09fe	10	5269470	24086334	14691	0.019
e85b5411-ad09-4057-b162-dbb6706d09fe	10	24088745	24090078	14	0.7861
e85b5411-ad09-4057-b162-dbb6706d09fe	10	24090110	46606240	12503	0.0164
e85b5411-ad09-4057-b162-dbb6706d09fe	10	46617422	46810571	14	-0.6046
e85b5411-ad09-4057-b162-dbb6706d09fe	10	46836986	56107841	6120	0.0221
e85b5411-ad09-4057-b162-dbb6706d09fe	10	56111995	56113194	2	-2.428
e85b5411-ad09-4057-b162-dbb6706d09fe	10	56115394	70710957	10093	0.0234
e85b5411-ad09-4057-b162-dbb6706d09fe	10	70711451	70741603	36	0.3524
e85b5411-ad09-4057-b162-dbb6706d09fe	10	70743067	76493093	3249	0.0069
e85b5411-ad09-4057-b162-dbb6706d09fe	10	76497303	76497852	2	2.0403
e85b5411-ad09-4057-b162-dbb6706d09fe	10	76501509	130390390	37368	0.0177
e85b5411-ad09-4057-b162-dbb6706d09fe	10	130390609	131843393	1237	0.1432
e85b5411-ad09-4057-b162-dbb6706d09fe	10	131844301	133654968	828	0.055
e85b5411-ad09-4057-b162-dbb6706d09fe	11	198510	241489	22	0.0121
e85b5411-ad09-4057-b162-dbb6706d09fe	11	242112	456012	81	0.2551
e85b5411-ad09-4057-b162-dbb6706d09fe	11	456120	4946420	2311	0.0194
e85b5411-ad09-4057-b162-dbb6706d09fe	11	4947280	4952799	25	0.6246
e85b5411-ad09-4057-b162-dbb6706d09fe	11	4953934	18919323	10227	0.0065
e85b5411-ad09-4057-b162-dbb6706d09fe	11	18927525	18940469	46	0.8088
e85b5411-ad09-4057-b162-dbb6706d09fe	11	18940586	24422703	4364	0.008
e85b5411-ad09-4057-b162-dbb6706d09fe	11	24424822	24428711	5	-1.3525
e85b5411-ad09-4057-b162-dbb6706d09fe	11	24433630	49738003	16653	0.0023
e85b5411-ad09-4057-b162-dbb6706d09fe	11	49738039	49739136	5	-2.4546
e85b5411-ad09-4057-b162-dbb6706d09fe	11	49744609	55172866	515	0
e85b5411-ad09-4057-b162-dbb6706d09fe	11	55198132	55214735	6	-1.6965
e85b5411-ad09-4057-b162-dbb6706d09fe	11	55241999	55679761	255	0.098
e85b5411-ad09-4057-b162-dbb6706d09fe	11	55679856	64773022	5108	-0.0045
e85b5411-ad09-4057-b162-dbb6706d09fe	11	64773081	65903039	425	0.1333
e85b5411-ad09-4057-b162-dbb6706d09fe	11	65906669	67483658	601	-0.0135
e85b5411-ad09-4057-b162-dbb6706d09fe	11	67484132	68002597	167	0.202
e85b5411-ad09-4057-b162-dbb6706d09fe	11	68002801	81792426	8274	0.0062
e85b5411-ad09-4057-b162-dbb6706d09fe	11	81792950	81806116	10	-1.1459
e85b5411-ad09-4057-b162-dbb6706d09fe	11	81811590	101723653	13975	0.0019
e85b5411-ad09-4057-b162-dbb6706d09fe	11	101727129	101727233	4	1.54
e85b5411-ad09-4057-b162-dbb6706d09fe	11	101727481	133034076	22180	0.0011
e85b5411-ad09-4057-b162-dbb6706d09fe	11	133034672	133243408	192	0.1609
e85b5411-ad09-4057-b162-dbb6706d09fe	11	133246272	133898991	473	-0.0017
e85b5411-ad09-4057-b162-dbb6706d09fe	11	133902940	135074876	873	0.12
e85b5411-ad09-4057-b162-dbb6706d09fe	12	51460	83054	8	-0.149
e85b5411-ad09-4057-b162-dbb6706d09fe	12	83454	232838	95	0.2743
e85b5411-ad09-4057-b162-dbb6706d09fe	12	233990	519070	154	-0.0205
e85b5411-ad09-4057-b162-dbb6706d09fe	12	519503	632053	98	0.2389
e85b5411-ad09-4057-b162-dbb6706d09fe	12	632344	9481274	5818	0.0222
e85b5411-ad09-4057-b162-dbb6706d09fe	12	9485313	9562969	22	-1.3832
e85b5411-ad09-4057-b162-dbb6706d09fe	12	9575696	27493059	12403	0.011
e85b5411-ad09-4057-b162-dbb6706d09fe	12	27494808	27498429	28	-1.0462
e85b5411-ad09-4057-b162-dbb6706d09fe	12	27504228	27540918	23	0.0404
e85b5411-ad09-4057-b162-dbb6706d09fe	12	27541105	27545818	2	-1.3066
e85b5411-ad09-4057-b162-dbb6706d09fe	12	27545944	30086978	1855	0.0173
e85b5411-ad09-4057-b162-dbb6706d09fe	12	30087113	30090657	14	-0.8081
e85b5411-ad09-4057-b162-dbb6706d09fe	12	30090681	86030957	32829	0.011
e85b5411-ad09-4057-b162-dbb6706d09fe	12	86035018	86038765	3	-1.6263
e85b5411-ad09-4057-b162-dbb6706d09fe	12	86044650	127860544	27586	0.0104
e85b5411-ad09-4057-b162-dbb6706d09fe	12	127864973	128744341	818	0.0848
e85b5411-ad09-4057-b162-dbb6706d09fe	12	128745968	128748000	7	-0.8825
e85b5411-ad09-4057-b162-dbb6706d09fe	12	128749443	133201603	3062	0.074
e85b5411-ad09-4057-b162-dbb6706d09fe	13	18452809	19547319	532	0.0186
e85b5411-ad09-4057-b162-dbb6706d09fe	13	19549755	19549770	2	-1.6274
e85b5411-ad09-4057-b162-dbb6706d09fe	13	19550361	20294473	368	0.0127
e85b5411-ad09-4057-b162-dbb6706d09fe	13	20298963	20361146	57	0.2632
e85b5411-ad09-4057-b162-dbb6706d09fe	13	20361584	23736955	2432	0.0076
e85b5411-ad09-4057-b162-dbb6706d09fe	13	23738307	23787998	42	0.3122
e85b5411-ad09-4057-b162-dbb6706d09fe	13	23788873	24465457	567	0.037
e85b5411-ad09-4057-b162-dbb6706d09fe	13	24465460	24465904	4	-0.8149
e85b5411-ad09-4057-b162-dbb6706d09fe	13	24465919	24597505	110	-0.0118
e85b5411-ad09-4057-b162-dbb6706d09fe	13	24599368	24671763	62	0.2336
e85b5411-ad09-4057-b162-dbb6706d09fe	13	24680006	37496998	9301	-0.0021
e85b5411-ad09-4057-b162-dbb6706d09fe	13	37497899	37510620	16	-0.6668
e85b5411-ad09-4057-b162-dbb6706d09fe	13	37514193	48957415	8027	0.0079
e85b5411-ad09-4057-b162-dbb6706d09fe	13	48959579	48962368	2	-2.9029
e85b5411-ad09-4057-b162-dbb6706d09fe	13	48963569	57176962	4496	0.0052
e85b5411-ad09-4057-b162-dbb6706d09fe	13	57184136	57204246	34	-0.7105
e85b5411-ad09-4057-b162-dbb6706d09fe	13	57215580	66522308	5547	-0.0089
e85b5411-ad09-4057-b162-dbb6706d09fe	13	66525086	66591941	55	-0.8882
e85b5411-ad09-4057-b162-dbb6706d09fe	13	66596862	71903417	3386	-0.0012
e85b5411-ad09-4057-b162-dbb6706d09fe	13	71905409	71906418	3	1.5244
e85b5411-ad09-4057-b162-dbb6706d09fe	13	71906467	72320699	354	-0.0233
e85b5411-ad09-4057-b162-dbb6706d09fe	13	72321162	72324390	3	-1.2015
e85b5411-ad09-4057-b162-dbb6706d09fe	13	72324442	114342922	28719	0.0041
e85b5411-ad09-4057-b162-dbb6706d09fe	14	18239283	19749414	75	0.2729
e85b5411-ad09-4057-b162-dbb6706d09fe	14	19753692	20485383	478	0.0224
e85b5411-ad09-4057-b162-dbb6706d09fe	14	20486838	20489274	2	-1.6335
e85b5411-ad09-4057-b162-dbb6706d09fe	14	20489312	21899370	913	0.013
e85b5411-ad09-4057-b162-dbb6706d09fe	14	21900671	22608000	650	0.2008
e85b5411-ad09-4057-b162-dbb6706d09fe	14	22608509	26314707	2391	0.0034
e85b5411-ad09-4057-b162-dbb6706d09fe	14	26314708	26314711	4	-1.1728
e85b5411-ad09-4057-b162-dbb6706d09fe	14	26314712	32859758	3812	-0.002
e85b5411-ad09-4057-b162-dbb6706d09fe	14	32861435	32867729	9	-1.0507
e85b5411-ad09-4057-b162-dbb6706d09fe	14	32868148	42385962	6205	0.0027
e85b5411-ad09-4057-b162-dbb6706d09fe	14	42386263	42386514	3	-1.2541
e85b5411-ad09-4057-b162-dbb6706d09fe	14	42387773	64739718	14182	-0.0015
e85b5411-ad09-4057-b162-dbb6706d09fe	14	64740321	64740324	2	-1.4864
e85b5411-ad09-4057-b162-dbb6706d09fe	14	64740470	73534419	5508	0.0032
e85b5411-ad09-4057-b162-dbb6706d09fe	14	73540003	73554275	8	0.8667
e85b5411-ad09-4057-b162-dbb6706d09fe	14	73563196	106877229	21154	0.0046
e85b5411-ad09-4057-b162-dbb6706d09fe	15	19811075	20026653	47	-0.0055
e85b5411-ad09-4057-b162-dbb6706d09fe	15	20041119	20064520	7	-0.7981
e85b5411-ad09-4057-b162-dbb6706d09fe	15	20187568	21268107	118	0.3386
e85b5411-ad09-4057-b162-dbb6706d09fe	15	21271643	28268218	3793	0.006
e85b5411-ad09-4057-b162-dbb6706d09fe	15	28268316	29926909	768	0.1108
e85b5411-ad09-4057-b162-dbb6706d09fe	15	29927421	34447671	2709	0.0102
e85b5411-ad09-4057-b162-dbb6706d09fe	15	34447704	34508394	48	-0.9419
e85b5411-ad09-4057-b162-dbb6706d09fe	15	34517887	67876315	21409	0.0056
e85b5411-ad09-4057-b162-dbb6706d09fe	15	67880348	67903828	13	-0.6879
e85b5411-ad09-4057-b162-dbb6706d09fe	15	67906284	76586021	4990	0.0021
e85b5411-ad09-4057-b162-dbb6706d09fe	15	76598900	76603433	21	0.7284
e85b5411-ad09-4057-b162-dbb6706d09fe	15	76603434	96537469	13690	0.0018
e85b5411-ad09-4057-b162-dbb6706d09fe	15	96541956	96546471	8	-1.031
e85b5411-ad09-4057-b162-dbb6706d09fe	15	96546965	101928837	3916	0.0189
e85b5411-ad09-4057-b162-dbb6706d09fe	16	10777	592610	248	0.1469
e85b5411-ad09-4057-b162-dbb6706d09fe	16	592632	16606206	11536	0.0225
e85b5411-ad09-4057-b162-dbb6706d09fe	16	16614737	16692214	8	-0.8952
e85b5411-ad09-4057-b162-dbb6706d09fe	16	16693237	29261283	7266	0.0131
e85b5411-ad09-4057-b162-dbb6706d09fe	16	29265473	29270444	6	0.8906
e85b5411-ad09-4057-b162-dbb6706d09fe	16	29272383	78338543	22177	0.0014
e85b5411-ad09-4057-b162-dbb6706d09fe	16	78338714	78349243	13	1.0179
e85b5411-ad09-4057-b162-dbb6706d09fe	16	78350841	83995067	6328	0.0215
e85b5411-ad09-4057-b162-dbb6706d09fe	16	83995248	84910730	825	0.136
e85b5411-ad09-4057-b162-dbb6706d09fe	16	84913508	88605592	2829	0.0193
e85b5411-ad09-4057-b162-dbb6706d09fe	16	88606003	90096867	635	0.134
e85b5411-ad09-4057-b162-dbb6706d09fe	17	150733	33633617	16407	0.0134
e85b5411-ad09-4057-b162-dbb6706d09fe	17	33634172	34622679	938	0.1236
e85b5411-ad09-4057-b162-dbb6706d09fe	17	34623281	36103020	896	0.0207
e85b5411-ad09-4057-b162-dbb6706d09fe	17	36103057	36157718	40	0.5774
e85b5411-ad09-4057-b162-dbb6706d09fe	17	36200725	45395141	4675	0.0077
e85b5411-ad09-4057-b162-dbb6706d09fe	17	45403165	46687628	505	0.157
e85b5411-ad09-4057-b162-dbb6706d09fe	17	46707286	73741253	16736	0.0062
e85b5411-ad09-4057-b162-dbb6706d09fe	17	73742096	74684398	633	0.1251
e85b5411-ad09-4057-b162-dbb6706d09fe	17	74684915	83091923	4195	0.0217
e85b5411-ad09-4057-b162-dbb6706d09fe	18	48133	5959259	4215	-0.0252
e85b5411-ad09-4057-b162-dbb6706d09fe	18	5960166	6487466	381	0.1013
e85b5411-ad09-4057-b162-dbb6706d09fe	18	6489609	40680484	18188	-0.0285
e85b5411-ad09-4057-b162-dbb6706d09fe	18	40680506	40689848	19	-0.7354
e85b5411-ad09-4057-b162-dbb6706d09fe	18	40690108	59474321	12776	-0.0275
e85b5411-ad09-4057-b162-dbb6706d09fe	18	59474885	59475548	3	-2.0517
e85b5411-ad09-4057-b162-dbb6706d09fe	18	59477319	80257174	15145	-0.0195
e85b5411-ad09-4057-b162-dbb6706d09fe	19	90910	24274155	11134	0.0077
e85b5411-ad09-4057-b162-dbb6706d09fe	19	24278016	24304880	11	-0.6981
e85b5411-ad09-4057-b162-dbb6706d09fe	19	24320970	27653592	72	0.0144
e85b5411-ad09-4057-b162-dbb6706d09fe	19	27662310	27706033	13	-0.6796
e85b5411-ad09-4057-b162-dbb6706d09fe	19	27707365	31974785	3248	-0.0022
e85b5411-ad09-4057-b162-dbb6706d09fe	19	31978780	31981045	4	-1.3169
e85b5411-ad09-4057-b162-dbb6706d09fe	19	31981104	51639099	10278	0.0041
e85b5411-ad09-4057-b162-dbb6706d09fe	19	51639362	51654299	18	0.6197
e85b5411-ad09-4057-b162-dbb6706d09fe	19	51654433	54502555	1842	0.0289
e85b5411-ad09-4057-b162-dbb6706d09fe	19	54505682	54506683	5	-1.1189
e85b5411-ad09-4057-b162-dbb6706d09fe	19	54507512	58586487	2481	0.0222
e85b5411-ad09-4057-b162-dbb6706d09fe	20	80664	80941	9	0.6186
e85b5411-ad09-4057-b162-dbb6706d09fe	20	81034	574708	343	0.0811
e85b5411-ad09-4057-b162-dbb6706d09fe	20	575113	1562763	815	0.0282
e85b5411-ad09-4057-b162-dbb6706d09fe	20	1564197	1590106	47	0.3113
e85b5411-ad09-4057-b162-dbb6706d09fe	20	1590128	20139770	14685	0.0128
e85b5411-ad09-4057-b162-dbb6706d09fe	20	20140022	20141247	3	-1.1218
e85b5411-ad09-4057-b162-dbb6706d09fe	20	20143935	38376710	7846	0.011
e85b5411-ad09-4057-b162-dbb6706d09fe	20	38382143	38383652	5	-1.106
e85b5411-ad09-4057-b162-dbb6706d09fe	20	38390010	47148347	6313	0.004
e85b5411-ad09-4057-b162-dbb6706d09fe	20	47151467	47156382	11	-0.7871
e85b5411-ad09-4057-b162-dbb6706d09fe	20	47160047	62982512	11793	0.0052
e85b5411-ad09-4057-b162-dbb6706d09fe	20	62982821	64324800	510	0.1224
e85b5411-ad09-4057-b162-dbb6706d09fe	21	10354168	43189751	22103	0.001
e85b5411-ad09-4057-b162-dbb6706d09fe	21	43189772	43572694	89	0.2174
e85b5411-ad09-4057-b162-dbb6706d09fe	21	43575190	45471652	970	0.0387
e85b5411-ad09-4057-b162-dbb6706d09fe	21	45472737	45511546	19	0.628
e85b5411-ad09-4057-b162-dbb6706d09fe	21	45513553	46677045	686	0.0495
e85b5411-ad09-4057-b162-dbb6706d09fe	22	15294547	15570064	12	-0.2382
e85b5411-ad09-4057-b162-dbb6706d09fe	22	15583346	15696762	7	-1.6235
e85b5411-ad09-4057-b162-dbb6706d09fe	22	15729257	23411162	4029	0.0607
e85b5411-ad09-4057-b162-dbb6706d09fe	22	23413604	23981995	345	-0.0124
e85b5411-ad09-4057-b162-dbb6706d09fe	22	23987520	23989773	3	-2.4883
e85b5411-ad09-4057-b162-dbb6706d09fe	22	23990431	36130914	9177	0.0022
e85b5411-ad09-4057-b162-dbb6706d09fe	22	36131814	36324734	150	0.1612
e85b5411-ad09-4057-b162-dbb6706d09fe	22	36325269	38969594	1526	0.0072
e85b5411-ad09-4057-b162-dbb6706d09fe	22	38969616	38975824	9	-0.8513
e85b5411-ad09-4057-b162-dbb6706d09fe	22	38975837	48821133	6766	0.0065
e85b5411-ad09-4057-b162-dbb6706d09fe	22	48824330	50796027	1251	0.1359
e85b5411-ad09-4057-b162-dbb6706d09fe	X	251810	55000115	31741	0.0017
e85b5411-ad09-4057-b162-dbb6706d09fe	X	55000139	55004028	3	1.9447
e85b5411-ad09-4057-b162-dbb6706d09fe	X	55007244	90193798	14892	0.0023
e85b5411-ad09-4057-b162-dbb6706d09fe	X	90200964	90239457	9	-1.6183
e85b5411-ad09-4057-b162-dbb6706d09fe	X	90240074	124302211	18421	0.0057
e85b5411-ad09-4057-b162-dbb6706d09fe	X	124303635	124306440	4	1.8976
e85b5411-ad09-4057-b162-dbb6706d09fe	X	124306690	152849208	17171	0.0075
e85b5411-ad09-4057-b162-dbb6706d09fe	X	152849443	153043028	170	0.2184
e85b5411-ad09-4057-b162-dbb6706d09fe	X	153043127	155952689	1132	0.0269
e85b5411-ad09-4057-b162-dbb6706d09fe	Y	2782397	56872112	6640	-0.9661
