GDC_Aliquot	Chromosome	Start	End	Num_Probes	Segment_Mean
72fbfd7d-7786-40dd-bebf-d76166bb1b65	1	62920	259422	15	-0.2805
72fbfd7d-7786-40dd-bebf-d76166bb1b65	1	259926	3185299	666	0.0984
72fbfd7d-7786-40dd-bebf-d76166bb1b65	1	3185375	12778601	5810	0.0058
72fbfd7d-7786-40dd-bebf-d76166bb1b65	1	12779433	12867264	32	-0.6695
72fbfd7d-7786-40dd-bebf-d76166bb1b65	1	12868035	16542868	2127	-0.0025
72fbfd7d-7786-40dd-bebf-d76166bb1b65	1	16544783	16935752	111	-0.4705
72fbfd7d-7786-40dd-bebf-d76166bb1b65	1	16949746	72290430	34006	0.0056
72fbfd7d-7786-40dd-bebf-d76166bb1b65	1	72290459	72297687	8	-1.067
72fbfd7d-7786-40dd-bebf-d76166bb1b65	1	72302735	72345465	48	0.4832
72fbfd7d-7786-40dd-bebf-d76166bb1b65	1	72346221	105476614	20948	0.0081
72fbfd7d-7786-40dd-bebf-d76166bb1b65	1	105476688	105479753	15	1.0208
72fbfd7d-7786-40dd-bebf-d76166bb1b65	1	105481433	109690431	2636	0.015
72fbfd7d-7786-40dd-bebf-d76166bb1b65	1	109690640	109697556	10	-0.9881
72fbfd7d-7786-40dd-bebf-d76166bb1b65	1	109702376	121601998	7136	0.0069
72fbfd7d-7786-40dd-bebf-d76166bb1b65	1	121705338	143796140	121	-0.7982
72fbfd7d-7786-40dd-bebf-d76166bb1b65	1	143811517	152583051	2323	0.0235
72fbfd7d-7786-40dd-bebf-d76166bb1b65	1	152583230	152613762	31	-2.1637
72fbfd7d-7786-40dd-bebf-d76166bb1b65	1	152613802	174827267	15015	0.0038
72fbfd7d-7786-40dd-bebf-d76166bb1b65	1	174827418	174832702	16	-0.6334
72fbfd7d-7786-40dd-bebf-d76166bb1b65	1	174832716	248930189	50515	0.0068
72fbfd7d-7786-40dd-bebf-d76166bb1b65	2	12784	1513643	1022	0.0736
72fbfd7d-7786-40dd-bebf-d76166bb1b65	2	1514308	34466002	23066	0.01
72fbfd7d-7786-40dd-bebf-d76166bb1b65	2	34474248	34502800	44	-0.4782
72fbfd7d-7786-40dd-bebf-d76166bb1b65	2	34511446	35750907	874	0.03
72fbfd7d-7786-40dd-bebf-d76166bb1b65	2	35752724	35762850	6	1.1111
72fbfd7d-7786-40dd-bebf-d76166bb1b65	2	35762881	52527743	12132	0.019
72fbfd7d-7786-40dd-bebf-d76166bb1b65	2	52531615	52554404	33	-0.4842
72fbfd7d-7786-40dd-bebf-d76166bb1b65	2	52560811	87225631	22027	0.014
72fbfd7d-7786-40dd-bebf-d76166bb1b65	2	87228594	87400642	36	0.3368
72fbfd7d-7786-40dd-bebf-d76166bb1b65	2	87438887	88844392	532	0.0005
72fbfd7d-7786-40dd-bebf-d76166bb1b65	2	88844486	91844982	332	0.1192
72fbfd7d-7786-40dd-bebf-d76166bb1b65	2	91863697	106263639	6495	0.0153
72fbfd7d-7786-40dd-bebf-d76166bb1b65	2	106264257	106270799	12	0.9351
72fbfd7d-7786-40dd-bebf-d76166bb1b65	2	106270952	113604438	3783	0.0184
72fbfd7d-7786-40dd-bebf-d76166bb1b65	2	113604837	113604839	2	-1.9083
72fbfd7d-7786-40dd-bebf-d76166bb1b65	2	113623244	122718173	5702	0.0152
72fbfd7d-7786-40dd-bebf-d76166bb1b65	2	122718842	122724665	10	-0.6951
72fbfd7d-7786-40dd-bebf-d76166bb1b65	2	122726077	207490231	51307	0.0137
72fbfd7d-7786-40dd-bebf-d76166bb1b65	2	207490454	207494612	16	-0.9496
72fbfd7d-7786-40dd-bebf-d76166bb1b65	2	207494752	241841244	21956	0.0086
72fbfd7d-7786-40dd-bebf-d76166bb1b65	2	241973315	242092368	104	-1.0784
72fbfd7d-7786-40dd-bebf-d76166bb1b65	2	242095460	242147305	24	0.1934
72fbfd7d-7786-40dd-bebf-d76166bb1b65	3	20930	6604856	5814	0.0288
72fbfd7d-7786-40dd-bebf-d76166bb1b65	3	6609441	6613684	26	-0.8807
72fbfd7d-7786-40dd-bebf-d76166bb1b65	3	6613728	99218940	57864	0.0088
72fbfd7d-7786-40dd-bebf-d76166bb1b65	3	99225614	99230464	36	-2.438
72fbfd7d-7786-40dd-bebf-d76166bb1b65	3	99230470	123572968	14841	0.0013
72fbfd7d-7786-40dd-bebf-d76166bb1b65	3	123574134	123574257	2	-1.7016
72fbfd7d-7786-40dd-bebf-d76166bb1b65	3	123574589	125950205	1476	-0.0104
72fbfd7d-7786-40dd-bebf-d76166bb1b65	3	125954540	125957120	3	-2.0454
72fbfd7d-7786-40dd-bebf-d76166bb1b65	3	125961657	162807070	22693	0.0102
72fbfd7d-7786-40dd-bebf-d76166bb1b65	3	162810842	162822702	10	-0.8005
72fbfd7d-7786-40dd-bebf-d76166bb1b65	3	162827928	162908207	48	0.7609
72fbfd7d-7786-40dd-bebf-d76166bb1b65	3	162908784	176165961	8153	0.006
72fbfd7d-7786-40dd-bebf-d76166bb1b65	3	176170271	176198525	36	-0.7811
72fbfd7d-7786-40dd-bebf-d76166bb1b65	3	176198612	186668636	6210	0.0113
72fbfd7d-7786-40dd-bebf-d76166bb1b65	3	186668770	186704349	49	-0.9568
72fbfd7d-7786-40dd-bebf-d76166bb1b65	3	186709205	193160406	4724	0.0071
72fbfd7d-7786-40dd-bebf-d76166bb1b65	3	193160804	193165114	16	1.0399
72fbfd7d-7786-40dd-bebf-d76166bb1b65	3	193168646	193856142	464	0.025
72fbfd7d-7786-40dd-bebf-d76166bb1b65	3	193861172	193862597	4	-0.8213
72fbfd7d-7786-40dd-bebf-d76166bb1b65	3	193863470	194830659	628	-0.0045
72fbfd7d-7786-40dd-bebf-d76166bb1b65	3	194831045	194831263	3	-1.0911
72fbfd7d-7786-40dd-bebf-d76166bb1b65	3	194834085	195691392	391	0.0354
72fbfd7d-7786-40dd-bebf-d76166bb1b65	3	195695418	195715696	14	0.8502
72fbfd7d-7786-40dd-bebf-d76166bb1b65	3	195715711	198169247	1190	0.015
72fbfd7d-7786-40dd-bebf-d76166bb1b65	4	68929	4108503	1625	0.015
72fbfd7d-7786-40dd-bebf-d76166bb1b65	4	4112194	4133854	8	-0.8592
72fbfd7d-7786-40dd-bebf-d76166bb1b65	4	4151033	9858273	3694	0.0048
72fbfd7d-7786-40dd-bebf-d76166bb1b65	4	9858277	9862603	3	-1.3067
72fbfd7d-7786-40dd-bebf-d76166bb1b65	4	9863418	10208766	378	0.0115
72fbfd7d-7786-40dd-bebf-d76166bb1b65	4	10221792	10229874	28	-2.1876
72fbfd7d-7786-40dd-bebf-d76166bb1b65	4	10232590	10233644	7	-0.7763
72fbfd7d-7786-40dd-bebf-d76166bb1b65	4	10234518	34777340	16963	0.0079
72fbfd7d-7786-40dd-bebf-d76166bb1b65	4	34777353	34830245	50	0.288
72fbfd7d-7786-40dd-bebf-d76166bb1b65	4	34833940	45003738	6629	0.0083
72fbfd7d-7786-40dd-bebf-d76166bb1b65	4	45003835	45004318	4	-2.5457
72fbfd7d-7786-40dd-bebf-d76166bb1b65	4	45008952	67236698	12126	0.0052
72fbfd7d-7786-40dd-bebf-d76166bb1b65	4	67238772	67252667	10	-0.9758
72fbfd7d-7786-40dd-bebf-d76166bb1b65	4	67258185	68478894	680	0.0226
72fbfd7d-7786-40dd-bebf-d76166bb1b65	4	68494770	68674307	75	0.556
72fbfd7d-7786-40dd-bebf-d76166bb1b65	4	68686026	69257792	308	0.0038
72fbfd7d-7786-40dd-bebf-d76166bb1b65	4	69261926	69366081	54	-1.998
72fbfd7d-7786-40dd-bebf-d76166bb1b65	4	69366304	86054941	10437	0.0037
72fbfd7d-7786-40dd-bebf-d76166bb1b65	4	86055238	86058791	19	-0.8763
72fbfd7d-7786-40dd-bebf-d76166bb1b65	4	86058936	137021755	30025	0.0058
72fbfd7d-7786-40dd-bebf-d76166bb1b65	4	137021888	137021901	3	-2.0418
72fbfd7d-7786-40dd-bebf-d76166bb1b65	4	137025215	151868634	8934	0.0002
72fbfd7d-7786-40dd-bebf-d76166bb1b65	4	151870381	151871415	12	-1.009
72fbfd7d-7786-40dd-bebf-d76166bb1b65	4	151871739	160958989	5871	0.0003
72fbfd7d-7786-40dd-bebf-d76166bb1b65	4	160959045	160963756	18	-0.6686
72fbfd7d-7786-40dd-bebf-d76166bb1b65	4	160963767	171448195	6665	0.009
72fbfd7d-7786-40dd-bebf-d76166bb1b65	4	171453733	171456573	11	0.6579
72fbfd7d-7786-40dd-bebf-d76166bb1b65	4	171456625	172066777	398	0.0208
72fbfd7d-7786-40dd-bebf-d76166bb1b65	4	172067997	172068382	12	0.9148
72fbfd7d-7786-40dd-bebf-d76166bb1b65	4	172074828	190106768	12078	0.0098
72fbfd7d-7786-40dd-bebf-d76166bb1b65	5	15532	23627774	16928	0.0133
72fbfd7d-7786-40dd-bebf-d76166bb1b65	5	23628608	23629341	3	-1.4264
72fbfd7d-7786-40dd-bebf-d76166bb1b65	5	23630852	80348869	32019	0.0071
72fbfd7d-7786-40dd-bebf-d76166bb1b65	5	80350100	80355812	5	-1.3251
72fbfd7d-7786-40dd-bebf-d76166bb1b65	5	80356448	86815939	3773	0.0016
72fbfd7d-7786-40dd-bebf-d76166bb1b65	5	86819561	86823329	3	-2.0228
72fbfd7d-7786-40dd-bebf-d76166bb1b65	5	86825812	104515520	9884	0.0007
72fbfd7d-7786-40dd-bebf-d76166bb1b65	5	104524672	104524903	4	-1.4143
72fbfd7d-7786-40dd-bebf-d76166bb1b65	5	104525348	177926412	48271	0.0053
72fbfd7d-7786-40dd-bebf-d76166bb1b65	5	177929702	177933867	3	1.7797
72fbfd7d-7786-40dd-bebf-d76166bb1b65	5	177950647	180951888	1784	0.0147
72fbfd7d-7786-40dd-bebf-d76166bb1b65	5	180953203	181015400	20	-0.4045
72fbfd7d-7786-40dd-bebf-d76166bb1b65	5	181015441	181363319	167	0.0491
72fbfd7d-7786-40dd-bebf-d76166bb1b65	6	149661	285695	116	0.0354
72fbfd7d-7786-40dd-bebf-d76166bb1b65	6	286393	381149	86	-0.3828
72fbfd7d-7786-40dd-bebf-d76166bb1b65	6	382559	19039888	14575	0.007
72fbfd7d-7786-40dd-bebf-d76166bb1b65	6	19041950	19044471	4	-1.1374
72fbfd7d-7786-40dd-bebf-d76166bb1b65	6	19044485	23060763	2935	0.0021
72fbfd7d-7786-40dd-bebf-d76166bb1b65	6	23060767	23060771	2	-2.144
72fbfd7d-7786-40dd-bebf-d76166bb1b65	6	23064026	23742789	497	-0.0078
72fbfd7d-7786-40dd-bebf-d76166bb1b65	6	23744444	23745202	2	-2.3119
72fbfd7d-7786-40dd-bebf-d76166bb1b65	6	23747504	31313046	4124	0.0085
72fbfd7d-7786-40dd-bebf-d76166bb1b65	6	31318499	31319724	6	-2.2182
72fbfd7d-7786-40dd-bebf-d76166bb1b65	6	31327629	31380423	52	-0.0381
72fbfd7d-7786-40dd-bebf-d76166bb1b65	6	31380693	31380871	3	1.4535
72fbfd7d-7786-40dd-bebf-d76166bb1b65	6	31383258	32656527	508	0.064
72fbfd7d-7786-40dd-bebf-d76166bb1b65	6	32656814	32658841	5	-1.5194
72fbfd7d-7786-40dd-bebf-d76166bb1b65	6	32682835	54066353	13702	0.0018
72fbfd7d-7786-40dd-bebf-d76166bb1b65	6	54066432	54067057	6	-2.1201
72fbfd7d-7786-40dd-bebf-d76166bb1b65	6	54070550	64627049	4223	0.0137
72fbfd7d-7786-40dd-bebf-d76166bb1b65	6	64637651	64639099	2	-2.4781
72fbfd7d-7786-40dd-bebf-d76166bb1b65	6	64640883	78261995	8935	0.0058
72fbfd7d-7786-40dd-bebf-d76166bb1b65	6	78262064	78325457	107	-0.4696
72fbfd7d-7786-40dd-bebf-d76166bb1b65	6	78325468	170741917	59696	0.0046
72fbfd7d-7786-40dd-bebf-d76166bb1b65	7	43355	11880724	7559	0.0199
72fbfd7d-7786-40dd-bebf-d76166bb1b65	7	11881383	11881793	4	-1.2611
72fbfd7d-7786-40dd-bebf-d76166bb1b65	7	11884626	15392007	2812	0.0099
72fbfd7d-7786-40dd-bebf-d76166bb1b65	7	15392045	15393664	2	-1.9602
72fbfd7d-7786-40dd-bebf-d76166bb1b65	7	15394440	54318812	28095	0.0089
72fbfd7d-7786-40dd-bebf-d76166bb1b65	7	54318816	54327513	8	-1.6919
72fbfd7d-7786-40dd-bebf-d76166bb1b65	7	54329793	55048023	562	0.0078
72fbfd7d-7786-40dd-bebf-d76166bb1b65	7	55048129	55055653	8	-0.8219
72fbfd7d-7786-40dd-bebf-d76166bb1b65	7	55055765	63500432	1768	0.0309
72fbfd7d-7786-40dd-bebf-d76166bb1b65	7	63510457	63624175	10	0.815
72fbfd7d-7786-40dd-bebf-d76166bb1b65	7	63636802	65502854	846	0.0167
72fbfd7d-7786-40dd-bebf-d76166bb1b65	7	65539561	65560736	3	-3.5195
72fbfd7d-7786-40dd-bebf-d76166bb1b65	7	65561579	67164253	531	0.0106
72fbfd7d-7786-40dd-bebf-d76166bb1b65	7	67164342	67180245	8	-1.6702
72fbfd7d-7786-40dd-bebf-d76166bb1b65	7	67182652	101408644	19643	0.0061
72fbfd7d-7786-40dd-bebf-d76166bb1b65	7	101409205	101416668	3	-2.4209
72fbfd7d-7786-40dd-bebf-d76166bb1b65	7	101419630	104389001	1495	0.0019
72fbfd7d-7786-40dd-bebf-d76166bb1b65	7	104389028	104392978	2	-2.5531
72fbfd7d-7786-40dd-bebf-d76166bb1b65	7	104394421	104428116	26	-0.1129
72fbfd7d-7786-40dd-bebf-d76166bb1b65	7	104431485	104432518	2	-1.7021
72fbfd7d-7786-40dd-bebf-d76166bb1b65	7	104432904	109793741	3527	0.0056
72fbfd7d-7786-40dd-bebf-d76166bb1b65	7	109797035	109813801	34	0.3348
72fbfd7d-7786-40dd-bebf-d76166bb1b65	7	109813853	126405502	10031	0.0087
72fbfd7d-7786-40dd-bebf-d76166bb1b65	7	126405597	126406561	10	-1.1634
72fbfd7d-7786-40dd-bebf-d76166bb1b65	7	126406822	159334314	20826	0.006
72fbfd7d-7786-40dd-bebf-d76166bb1b65	8	81254	643041	322	0.0801
72fbfd7d-7786-40dd-bebf-d76166bb1b65	8	644944	645908	10	-0.8537
72fbfd7d-7786-40dd-bebf-d76166bb1b65	8	656117	5736610	5668	0.0311
72fbfd7d-7786-40dd-bebf-d76166bb1b65	8	5736745	5746464	24	-0.8236
72fbfd7d-7786-40dd-bebf-d76166bb1b65	8	5746485	5914308	182	0.0243
72fbfd7d-7786-40dd-bebf-d76166bb1b65	8	5914950	5953367	72	-1.1376
72fbfd7d-7786-40dd-bebf-d76166bb1b65	8	5954362	7473830	1483	0.0279
72fbfd7d-7786-40dd-bebf-d76166bb1b65	8	7477487	8288489	97	0.5742
72fbfd7d-7786-40dd-bebf-d76166bb1b65	8	8290477	18991998	9058	0.0138
72fbfd7d-7786-40dd-bebf-d76166bb1b65	8	18994029	19001036	26	-1.1727
72fbfd7d-7786-40dd-bebf-d76166bb1b65	8	19001217	39378084	13576	0.005
72fbfd7d-7786-40dd-bebf-d76166bb1b65	8	39389156	39511389	49	0.6706
72fbfd7d-7786-40dd-bebf-d76166bb1b65	8	39512955	71300130	17904	0.0074
72fbfd7d-7786-40dd-bebf-d76166bb1b65	8	71303076	71304364	8	-0.9366
72fbfd7d-7786-40dd-bebf-d76166bb1b65	8	71307628	140544364	44997	0.003
72fbfd7d-7786-40dd-bebf-d76166bb1b65	8	140548704	145072769	2028	0.0473
72fbfd7d-7786-40dd-bebf-d76166bb1b65	9	46587	23361807	20416	0.0141
72fbfd7d-7786-40dd-bebf-d76166bb1b65	9	23363117	23373486	8	0.8433
72fbfd7d-7786-40dd-bebf-d76166bb1b65	9	23378490	24503818	796	0.0084
72fbfd7d-7786-40dd-bebf-d76166bb1b65	9	24504127	24517684	19	-0.997
72fbfd7d-7786-40dd-bebf-d76166bb1b65	9	24519686	39313823	9900	0.0035
72fbfd7d-7786-40dd-bebf-d76166bb1b65	9	39337296	39833357	33	-0.5924
72fbfd7d-7786-40dd-bebf-d76166bb1b65	9	39840169	40887290	16	0.3317
72fbfd7d-7786-40dd-bebf-d76166bb1b65	9	40922005	42727685	137	-0.3484
72fbfd7d-7786-40dd-bebf-d76166bb1b65	9	42729302	61371448	37	-0.0063
72fbfd7d-7786-40dd-bebf-d76166bb1b65	9	61372857	61629689	32	0.7277
72fbfd7d-7786-40dd-bebf-d76166bb1b65	9	61633080	64853789	122	-0.0607
72fbfd7d-7786-40dd-bebf-d76166bb1b65	9	64866665	64881149	3	-1.3315
72fbfd7d-7786-40dd-bebf-d76166bb1b65	9	64890167	77157211	6558	0.0065
72fbfd7d-7786-40dd-bebf-d76166bb1b65	9	77157248	77162488	22	0.7613
72fbfd7d-7786-40dd-bebf-d76166bb1b65	9	77171212	93707815	11579	0.005
72fbfd7d-7786-40dd-bebf-d76166bb1b65	9	93708429	93708675	2	-3.2424
72fbfd7d-7786-40dd-bebf-d76166bb1b65	9	93710664	138200944	29804	0.007
72fbfd7d-7786-40dd-bebf-d76166bb1b65	10	45792	24086334	19193	0.0109
72fbfd7d-7786-40dd-bebf-d76166bb1b65	10	24088745	24089979	12	0.6945
72fbfd7d-7786-40dd-bebf-d76166bb1b65	10	24090022	59167378	20875	0.0122
72fbfd7d-7786-40dd-bebf-d76166bb1b65	10	59169417	59169705	2	-2.3545
72fbfd7d-7786-40dd-bebf-d76166bb1b65	10	59170158	59604357	302	0.0105
72fbfd7d-7786-40dd-bebf-d76166bb1b65	10	59604372	59605506	7	-2.0543
72fbfd7d-7786-40dd-bebf-d76166bb1b65	10	59605724	65546518	4023	0.0038
72fbfd7d-7786-40dd-bebf-d76166bb1b65	10	65548165	65551602	22	0.4493
72fbfd7d-7786-40dd-bebf-d76166bb1b65	10	65554104	87310039	14452	0.0075
72fbfd7d-7786-40dd-bebf-d76166bb1b65	10	87310988	87353136	11	-0.7366
72fbfd7d-7786-40dd-bebf-d76166bb1b65	10	87357543	133415502	31617	0.0083
72fbfd7d-7786-40dd-bebf-d76166bb1b65	10	133415637	133416364	3	-2.1639
72fbfd7d-7786-40dd-bebf-d76166bb1b65	10	133419150	133654968	148	0.0306
72fbfd7d-7786-40dd-bebf-d76166bb1b65	11	198510	4946420	2418	0.0148
72fbfd7d-7786-40dd-bebf-d76166bb1b65	11	4947280	4954475	28	0.82
72fbfd7d-7786-40dd-bebf-d76166bb1b65	11	4955027	18919323	10227	0.0082
72fbfd7d-7786-40dd-bebf-d76166bb1b65	11	18927525	18940441	45	0.8281
72fbfd7d-7786-40dd-bebf-d76166bb1b65	11	18940469	22322609	2892	0.0039
72fbfd7d-7786-40dd-bebf-d76166bb1b65	11	22329922	22330059	2	-2.6149
72fbfd7d-7786-40dd-bebf-d76166bb1b65	11	22333699	54743970	18573	0.0096
72fbfd7d-7786-40dd-bebf-d76166bb1b65	11	54762035	54766290	3	-1.601
72fbfd7d-7786-40dd-bebf-d76166bb1b65	11	54782119	55595864	285	0.0267
72fbfd7d-7786-40dd-bebf-d76166bb1b65	11	55606556	55685533	59	-2.0654
72fbfd7d-7786-40dd-bebf-d76166bb1b65	11	55686100	88750564	19330	0.0053
72fbfd7d-7786-40dd-bebf-d76166bb1b65	11	88753471	88757237	4	-1.2514
72fbfd7d-7786-40dd-bebf-d76166bb1b65	11	88757738	101723653	9225	0.0028
72fbfd7d-7786-40dd-bebf-d76166bb1b65	11	101727129	101727233	4	1.8578
72fbfd7d-7786-40dd-bebf-d76166bb1b65	11	101727481	107910653	4186	0.006
72fbfd7d-7786-40dd-bebf-d76166bb1b65	11	107913781	107914372	2	-1.5555
72fbfd7d-7786-40dd-bebf-d76166bb1b65	11	107916987	134280635	18905	0.0061
72fbfd7d-7786-40dd-bebf-d76166bb1b65	11	134282136	134340968	37	-1.1307
72fbfd7d-7786-40dd-bebf-d76166bb1b65	11	134346971	134915689	487	0.089
72fbfd7d-7786-40dd-bebf-d76166bb1b65	11	134916257	134960188	22	0.7407
72fbfd7d-7786-40dd-bebf-d76166bb1b65	11	134963962	135074876	80	0.1065
72fbfd7d-7786-40dd-bebf-d76166bb1b65	12	51460	756804	417	0.0677
72fbfd7d-7786-40dd-bebf-d76166bb1b65	12	759943	766188	19	-0.9027
72fbfd7d-7786-40dd-bebf-d76166bb1b65	12	767080	9477960	5738	0.0087
72fbfd7d-7786-40dd-bebf-d76166bb1b65	12	9481274	9575696	24	1.1257
72fbfd7d-7786-40dd-bebf-d76166bb1b65	12	9582373	11060192	1032	0.013
72fbfd7d-7786-40dd-bebf-d76166bb1b65	12	11061546	11088933	14	0.7282
72fbfd7d-7786-40dd-bebf-d76166bb1b65	12	11099275	12383285	985	0.0053
72fbfd7d-7786-40dd-bebf-d76166bb1b65	12	12383363	12388935	16	-0.7901
72fbfd7d-7786-40dd-bebf-d76166bb1b65	12	12389946	33141726	14541	0.0075
72fbfd7d-7786-40dd-bebf-d76166bb1b65	12	33148472	33154440	27	-3.2859
72fbfd7d-7786-40dd-bebf-d76166bb1b65	12	33155426	45506042	5586	0.0153
72fbfd7d-7786-40dd-bebf-d76166bb1b65	12	45510655	45515754	4	-2.5216
72fbfd7d-7786-40dd-bebf-d76166bb1b65	12	45519509	48331259	1718	0.0067
72fbfd7d-7786-40dd-bebf-d76166bb1b65	12	48331456	48331632	3	-2.0542
72fbfd7d-7786-40dd-bebf-d76166bb1b65	12	48336253	53088385	2687	0.0025
72fbfd7d-7786-40dd-bebf-d76166bb1b65	12	53090582	53093911	3	1.2889
72fbfd7d-7786-40dd-bebf-d76166bb1b65	12	53094409	99397830	29270	0.0042
72fbfd7d-7786-40dd-bebf-d76166bb1b65	12	99397874	99404412	30	0.4512
72fbfd7d-7786-40dd-bebf-d76166bb1b65	12	99404577	133201603	22713	0.013
72fbfd7d-7786-40dd-bebf-d76166bb1b65	13	18452809	23058721	2859	0.0228
72fbfd7d-7786-40dd-bebf-d76166bb1b65	13	23058737	23059376	10	-0.793
72fbfd7d-7786-40dd-bebf-d76166bb1b65	13	23064056	37496998	10616	0.0078
72fbfd7d-7786-40dd-bebf-d76166bb1b65	13	37497899	37510620	16	-0.6577
72fbfd7d-7786-40dd-bebf-d76166bb1b65	13	37514193	54358733	11055	0.0114
72fbfd7d-7786-40dd-bebf-d76166bb1b65	13	54365231	54365500	2	-1.6121
72fbfd7d-7786-40dd-bebf-d76166bb1b65	13	54367990	57184492	1471	-0.002
72fbfd7d-7786-40dd-bebf-d76166bb1b65	13	57189013	57204246	29	0.5026
72fbfd7d-7786-40dd-bebf-d76166bb1b65	13	57215580	68622841	6845	0.0077
72fbfd7d-7786-40dd-bebf-d76166bb1b65	13	68625391	68627113	5	-1.011
72fbfd7d-7786-40dd-bebf-d76166bb1b65	13	68634242	71902850	2142	0.0163
72fbfd7d-7786-40dd-bebf-d76166bb1b65	13	71903417	71906418	4	-1.9064
72fbfd7d-7786-40dd-bebf-d76166bb1b65	13	71906467	114342922	29089	0.0066
72fbfd7d-7786-40dd-bebf-d76166bb1b65	14	18239283	19650668	60	0.012
72fbfd7d-7786-40dd-bebf-d76166bb1b65	14	19667065	19952080	105	-0.2128
72fbfd7d-7786-40dd-bebf-d76166bb1b65	14	19954424	26314697	4342	0.0027
72fbfd7d-7786-40dd-bebf-d76166bb1b65	14	26314707	26314712	6	1.1236
72fbfd7d-7786-40dd-bebf-d76166bb1b65	14	26315707	47227057	12787	0.0081
72fbfd7d-7786-40dd-bebf-d76166bb1b65	14	47238133	47247780	8	-1.1014
72fbfd7d-7786-40dd-bebf-d76166bb1b65	14	47248244	106877229	38092	0.0058
72fbfd7d-7786-40dd-bebf-d76166bb1b65	15	19811075	20001686	45	0.0025
72fbfd7d-7786-40dd-bebf-d76166bb1b65	15	20011702	22283167	155	0.648
72fbfd7d-7786-40dd-bebf-d76166bb1b65	15	22283807	24429986	1002	0.0369
72fbfd7d-7786-40dd-bebf-d76166bb1b65	15	24435245	24493015	38	-0.5791
72fbfd7d-7786-40dd-bebf-d76166bb1b65	15	24493092	25174845	452	0.002
72fbfd7d-7786-40dd-bebf-d76166bb1b65	15	25176460	25185096	7	-1.2731
72fbfd7d-7786-40dd-bebf-d76166bb1b65	15	25188158	47221056	13399	0.0064
72fbfd7d-7786-40dd-bebf-d76166bb1b65	15	47226610	47227348	5	-1.4246
72fbfd7d-7786-40dd-bebf-d76166bb1b65	15	47227357	76598900	18816	0.0051
72fbfd7d-7786-40dd-bebf-d76166bb1b65	15	76599170	76603434	21	-2.1721
72fbfd7d-7786-40dd-bebf-d76166bb1b65	15	76609838	97265179	14178	0.0104
72fbfd7d-7786-40dd-bebf-d76166bb1b65	15	97274562	97288957	11	-2.4511
72fbfd7d-7786-40dd-bebf-d76166bb1b65	15	97290419	101425587	3108	0.0186
72fbfd7d-7786-40dd-bebf-d76166bb1b65	15	101425591	101429067	2	-1.7667
72fbfd7d-7786-40dd-bebf-d76166bb1b65	15	101429334	101905038	315	0.0315
72fbfd7d-7786-40dd-bebf-d76166bb1b65	15	101919053	101928837	2	1.525
72fbfd7d-7786-40dd-bebf-d76166bb1b65	16	10777	22604483	14788	0.0216
72fbfd7d-7786-40dd-bebf-d76166bb1b65	16	22614263	22693199	58	-0.4492
72fbfd7d-7786-40dd-bebf-d76166bb1b65	16	22699421	30635374	4564	0.0099
72fbfd7d-7786-40dd-bebf-d76166bb1b65	16	30635952	30657191	4	1.1735
72fbfd7d-7786-40dd-bebf-d76166bb1b65	16	30657469	55761136	7516	0.0075
72fbfd7d-7786-40dd-bebf-d76166bb1b65	16	55762477	55788485	21	-0.7753
72fbfd7d-7786-40dd-bebf-d76166bb1b65	16	55788532	78337711	14279	0.007
72fbfd7d-7786-40dd-bebf-d76166bb1b65	16	78338543	78350841	16	1.0825
72fbfd7d-7786-40dd-bebf-d76166bb1b65	16	78350868	84267822	6557	0.0138
72fbfd7d-7786-40dd-bebf-d76166bb1b65	16	84269635	84296556	44	0.6236
72fbfd7d-7786-40dd-bebf-d76166bb1b65	16	84298672	90096867	4013	0.0129
72fbfd7d-7786-40dd-bebf-d76166bb1b65	17	150733	46148399	23382	0.0072
72fbfd7d-7786-40dd-bebf-d76166bb1b65	17	46148467	46214760	56	-0.6745
72fbfd7d-7786-40dd-bebf-d76166bb1b65	17	46214792	46248188	8	-0.1042
72fbfd7d-7786-40dd-bebf-d76166bb1b65	17	46267493	46286804	12	0.6544
72fbfd7d-7786-40dd-bebf-d76166bb1b65	17	46323701	82613629	21325	0.0094
72fbfd7d-7786-40dd-bebf-d76166bb1b65	17	82613819	82614057	2	1.7956
72fbfd7d-7786-40dd-bebf-d76166bb1b65	17	82616656	83091923	245	-0.0007
72fbfd7d-7786-40dd-bebf-d76166bb1b65	18	48133	40678763	22785	0.0075
72fbfd7d-7786-40dd-bebf-d76166bb1b65	18	40680456	40689848	22	-1.957
72fbfd7d-7786-40dd-bebf-d76166bb1b65	18	40690108	53997831	9130	0.0057
72fbfd7d-7786-40dd-bebf-d76166bb1b65	18	53998472	53998782	3	-1.5115
72fbfd7d-7786-40dd-bebf-d76166bb1b65	18	54001998	63708396	6717	0.0052
72fbfd7d-7786-40dd-bebf-d76166bb1b65	18	63711936	63712166	2	-2.7586
72fbfd7d-7786-40dd-bebf-d76166bb1b65	18	63712604	66095064	1693	0.0121
72fbfd7d-7786-40dd-bebf-d76166bb1b65	18	66099904	66100686	3	1.3266
72fbfd7d-7786-40dd-bebf-d76166bb1b65	18	66108359	69076108	2165	0.0103
72fbfd7d-7786-40dd-bebf-d76166bb1b65	18	69078869	69090459	39	-0.8823
72fbfd7d-7786-40dd-bebf-d76166bb1b65	18	69090472	80257174	8173	0.0172
72fbfd7d-7786-40dd-bebf-d76166bb1b65	19	90910	3012450	802	0.0145
72fbfd7d-7786-40dd-bebf-d76166bb1b65	19	3012885	3034536	4	-1.0984
72fbfd7d-7786-40dd-bebf-d76166bb1b65	19	3051552	4823677	482	-0.0047
72fbfd7d-7786-40dd-bebf-d76166bb1b65	19	4825749	4829309	3	-1.0882
72fbfd7d-7786-40dd-bebf-d76166bb1b65	19	4833823	8346772	1648	-0.0007
72fbfd7d-7786-40dd-bebf-d76166bb1b65	19	8347288	8349417	2	-3.3662
72fbfd7d-7786-40dd-bebf-d76166bb1b65	19	8356123	55770704	24330	0.0079
72fbfd7d-7786-40dd-bebf-d76166bb1b65	19	55771003	55771701	4	-2.4432
72fbfd7d-7786-40dd-bebf-d76166bb1b65	19	55774927	58586487	1839	-0.003
72fbfd7d-7786-40dd-bebf-d76166bb1b65	20	80664	384103	228	0.0577
72fbfd7d-7786-40dd-bebf-d76166bb1b65	20	390693	397598	5	-0.9756
72fbfd7d-7786-40dd-bebf-d76166bb1b65	20	401164	1580353	971	0.0321
72fbfd7d-7786-40dd-bebf-d76166bb1b65	20	1580934	1601561	36	2.1335
72fbfd7d-7786-40dd-bebf-d76166bb1b65	20	1609611	32852422	19586	0.0101
72fbfd7d-7786-40dd-bebf-d76166bb1b65	20	32852794	32853342	2	-1.9092
72fbfd7d-7786-40dd-bebf-d76166bb1b65	20	32854150	59977070	18797	0.0122
72fbfd7d-7786-40dd-bebf-d76166bb1b65	20	59977622	59994623	10	0.818
72fbfd7d-7786-40dd-bebf-d76166bb1b65	20	59995534	64284215	2737	0.0219
72fbfd7d-7786-40dd-bebf-d76166bb1b65	20	64284715	64324800	6	-1.2535
72fbfd7d-7786-40dd-bebf-d76166bb1b65	21	10354168	12996806	90	0.3486
72fbfd7d-7786-40dd-bebf-d76166bb1b65	21	12996886	42585053	21692	0.0111
72fbfd7d-7786-40dd-bebf-d76166bb1b65	21	42585091	42587431	5	-1.5159
72fbfd7d-7786-40dd-bebf-d76166bb1b65	21	42595062	46677045	2063	0.0318
72fbfd7d-7786-40dd-bebf-d76166bb1b65	22	15294547	24015674	4414	0.0557
72fbfd7d-7786-40dd-bebf-d76166bb1b65	22	24020015	38967614	10822	0.0068
72fbfd7d-7786-40dd-bebf-d76166bb1b65	22	38967679	38979302	23	-0.5817
72fbfd7d-7786-40dd-bebf-d76166bb1b65	22	38993700	49067741	6971	0.0011
72fbfd7d-7786-40dd-bebf-d76166bb1b65	22	49068709	50796027	1047	0.0615
72fbfd7d-7786-40dd-bebf-d76166bb1b65	X	251810	2869059	163	0.0555
72fbfd7d-7786-40dd-bebf-d76166bb1b65	X	2869414	2871807	2	-2.4395
72fbfd7d-7786-40dd-bebf-d76166bb1b65	X	2873775	9605751	5077	0.0193
72fbfd7d-7786-40dd-bebf-d76166bb1b65	X	9610023	9610705	3	-4.39
72fbfd7d-7786-40dd-bebf-d76166bb1b65	X	9613189	22535305	8192	0.012
72fbfd7d-7786-40dd-bebf-d76166bb1b65	X	22538144	22546313	13	-0.8691
72fbfd7d-7786-40dd-bebf-d76166bb1b65	X	22548408	122641382	50534	0.003
72fbfd7d-7786-40dd-bebf-d76166bb1b65	X	122642314	122642433	2	-5.2025
72fbfd7d-7786-40dd-bebf-d76166bb1b65	X	122644818	155952689	19544	0.002
72fbfd7d-7786-40dd-bebf-d76166bb1b65	Y	2782397	56872112	6637	-0.8834
