GDC_Aliquot	Chromosome	Start	End	Num_Probes	Segment_Mean
879bb2d6-ef98-4384-99e5-83afab87e987	1	62920	28133942	15239	0.0367
879bb2d6-ef98-4384-99e5-83afab87e987	1	28134195	28278795	70	0.0931
879bb2d6-ef98-4384-99e5-83afab87e987	1	28278808	28581458	105	0.3911
879bb2d6-ef98-4384-99e5-83afab87e987	1	28586907	31511749	1823	0.0677
879bb2d6-ef98-4384-99e5-83afab87e987	1	31513718	31650619	79	0.4158
879bb2d6-ef98-4384-99e5-83afab87e987	1	31651771	34626073	1680	0.0951
879bb2d6-ef98-4384-99e5-83afab87e987	1	34637053	34638890	20	-0.6285
879bb2d6-ef98-4384-99e5-83afab87e987	1	34648667	36322037	750	0.0871
879bb2d6-ef98-4384-99e5-83afab87e987	1	36324918	36448466	63	0.358
879bb2d6-ef98-4384-99e5-83afab87e987	1	36448941	72303233	22951	0.0988
879bb2d6-ef98-4384-99e5-83afab87e987	1	72303253	72345465	45	0.6288
879bb2d6-ef98-4384-99e5-83afab87e987	1	72346221	89009572	10936	0.1115
879bb2d6-ef98-4384-99e5-83afab87e987	1	89012275	89012522	2	-2.7732
879bb2d6-ef98-4384-99e5-83afab87e987	1	89015841	103557298	9056	0.1068
879bb2d6-ef98-4384-99e5-83afab87e987	1	103560166	103616762	30	0.5455
879bb2d6-ef98-4384-99e5-83afab87e987	1	103620877	103717410	5	-0.933
879bb2d6-ef98-4384-99e5-83afab87e987	1	103717617	105476583	920	0.1183
879bb2d6-ef98-4384-99e5-83afab87e987	1	105476614	105479722	14	0.8092
879bb2d6-ef98-4384-99e5-83afab87e987	1	105479738	109690352	2640	0.1125
879bb2d6-ef98-4384-99e5-83afab87e987	1	109690415	109697533	11	-0.9234
879bb2d6-ef98-4384-99e5-83afab87e987	1	109697556	152583291	9580	0.0983
879bb2d6-ef98-4384-99e5-83afab87e987	1	152583319	152614118	33	-0.6554
879bb2d6-ef98-4384-99e5-83afab87e987	1	152618018	152787202	166	0.0968
879bb2d6-ef98-4384-99e5-83afab87e987	1	152789447	152796224	37	-0.9226
879bb2d6-ef98-4384-99e5-83afab87e987	1	152801429	158989785	3677	0.089
879bb2d6-ef98-4384-99e5-83afab87e987	1	158992249	158993006	2	-3.8246
879bb2d6-ef98-4384-99e5-83afab87e987	1	158997074	165366171	4557	0.0942
879bb2d6-ef98-4384-99e5-83afab87e987	1	165366381	165430340	78	0.4133
879bb2d6-ef98-4384-99e5-83afab87e987	1	165434638	179192567	9433	0.0953
879bb2d6-ef98-4384-99e5-83afab87e987	1	179192616	179201082	10	1.0768
879bb2d6-ef98-4384-99e5-83afab87e987	1	179203821	193634535	9644	0.1006
879bb2d6-ef98-4384-99e5-83afab87e987	1	193635073	193883425	199	-0.4133
879bb2d6-ef98-4384-99e5-83afab87e987	1	193885850	196740630	1849	0.111
879bb2d6-ef98-4384-99e5-83afab87e987	1	196741937	196855470	71	0.4671
879bb2d6-ef98-4384-99e5-83afab87e987	1	196858725	197518247	349	0.1452
879bb2d6-ef98-4384-99e5-83afab87e987	1	197520595	225996737	19318	0.0926
879bb2d6-ef98-4384-99e5-83afab87e987	1	226000948	239735942	9816	0.1323
879bb2d6-ef98-4384-99e5-83afab87e987	1	239736746	240176757	389	-2.2845
879bb2d6-ef98-4384-99e5-83afab87e987	1	240176813	240189490	12	-5.403
879bb2d6-ef98-4384-99e5-83afab87e987	1	240189960	241498839	1054	-2.3136
879bb2d6-ef98-4384-99e5-83afab87e987	1	241503902	248930189	4852	0.1317
879bb2d6-ef98-4384-99e5-83afab87e987	2	12784	3164948	2198	0.0923
879bb2d6-ef98-4384-99e5-83afab87e987	2	3166763	3253510	93	-0.0991
879bb2d6-ef98-4384-99e5-83afab87e987	2	3253629	10116571	5481	0.1137
879bb2d6-ef98-4384-99e5-83afab87e987	2	10125726	10191793	42	0.462
879bb2d6-ef98-4384-99e5-83afab87e987	2	10194885	12642957	1911	0.0875
879bb2d6-ef98-4384-99e5-83afab87e987	2	12647693	23718478	7902	0.1207
879bb2d6-ef98-4384-99e5-83afab87e987	2	23721969	34295406	6363	0.0948
879bb2d6-ef98-4384-99e5-83afab87e987	2	34298911	34300513	2	-1.833
879bb2d6-ef98-4384-99e5-83afab87e987	2	34300900	35742057	1009	0.1001
879bb2d6-ef98-4384-99e5-83afab87e987	2	35742319	35761842	8	0.7792
879bb2d6-ef98-4384-99e5-83afab87e987	2	35762850	52514599	12126	0.0987
879bb2d6-ef98-4384-99e5-83afab87e987	2	52516787	52554157	33	0.6057
879bb2d6-ef98-4384-99e5-83afab87e987	2	52554188	146104517	53246	0.1019
879bb2d6-ef98-4384-99e5-83afab87e987	2	146106836	146109366	24	-1.3454
879bb2d6-ef98-4384-99e5-83afab87e987	2	146120238	163780342	10589	0.0997
879bb2d6-ef98-4384-99e5-83afab87e987	2	163786978	163788616	5	-0.9627
879bb2d6-ef98-4384-99e5-83afab87e987	2	163790132	184451949	13094	0.0945
879bb2d6-ef98-4384-99e5-83afab87e987	2	184452153	184453319	2	1.7718
879bb2d6-ef98-4384-99e5-83afab87e987	2	184453824	190718340	3409	0.1053
879bb2d6-ef98-4384-99e5-83afab87e987	2	190720549	190871013	97	0.376
879bb2d6-ef98-4384-99e5-83afab87e987	2	190871768	193823021	1661	0.1004
879bb2d6-ef98-4384-99e5-83afab87e987	2	193825580	193829074	2	1.7112
879bb2d6-ef98-4384-99e5-83afab87e987	2	193837590	228394089	21690	0.0979
879bb2d6-ef98-4384-99e5-83afab87e987	2	228397576	228401658	3	1.1939
879bb2d6-ef98-4384-99e5-83afab87e987	2	228404140	232428050	2336	0.0777
879bb2d6-ef98-4384-99e5-83afab87e987	2	232428154	232447215	9	-0.59
879bb2d6-ef98-4384-99e5-83afab87e987	2	232453368	237703575	3706	0.1004
879bb2d6-ef98-4384-99e5-83afab87e987	2	237707738	237752115	33	0.429
879bb2d6-ef98-4384-99e5-83afab87e987	2	237753068	242147305	2417	0.0868
879bb2d6-ef98-4384-99e5-83afab87e987	3	20930	37935926	27619	0.0973
879bb2d6-ef98-4384-99e5-83afab87e987	3	37940617	37945437	18	-0.8525
879bb2d6-ef98-4384-99e5-83afab87e987	3	37945615	53190213	8228	0.0881
879bb2d6-ef98-4384-99e5-83afab87e987	3	53200041	53304484	72	0.353
879bb2d6-ef98-4384-99e5-83afab87e987	3	53305952	75372019	16727	0.0995
879bb2d6-ef98-4384-99e5-83afab87e987	3	75377956	75496021	50	-0.7993
879bb2d6-ef98-4384-99e5-83afab87e987	3	75496671	75564023	20	-0.3107
879bb2d6-ef98-4384-99e5-83afab87e987	3	75566288	75590356	4	-0.8681
879bb2d6-ef98-4384-99e5-83afab87e987	3	75596233	90240774	8086	0.112
879bb2d6-ef98-4384-99e5-83afab87e987	3	90246648	90261906	8	-0.705
879bb2d6-ef98-4384-99e5-83afab87e987	3	90267926	93851254	43	0.0723
879bb2d6-ef98-4384-99e5-83afab87e987	3	93856804	93907348	25	0.8443
879bb2d6-ef98-4384-99e5-83afab87e987	3	93915077	94756178	382	0.4685
879bb2d6-ef98-4384-99e5-83afab87e987	3	94758610	94901152	74	0.7867
879bb2d6-ef98-4384-99e5-83afab87e987	3	94904292	94962580	24	0.4383
879bb2d6-ef98-4384-99e5-83afab87e987	3	94971286	95098458	66	0.7656
879bb2d6-ef98-4384-99e5-83afab87e987	3	95101567	95171984	51	0.5019
879bb2d6-ef98-4384-99e5-83afab87e987	3	95174941	96084078	519	0.7856
879bb2d6-ef98-4384-99e5-83afab87e987	3	96092538	96105815	6	0.1455
879bb2d6-ef98-4384-99e5-83afab87e987	3	96106635	96140425	22	0.5003
879bb2d6-ef98-4384-99e5-83afab87e987	3	96144481	96163441	7	0.8831
879bb2d6-ef98-4384-99e5-83afab87e987	3	96164052	96425185	149	0.4557
879bb2d6-ef98-4384-99e5-83afab87e987	3	96425393	97271954	412	0.7425
879bb2d6-ef98-4384-99e5-83afab87e987	3	97275064	97455264	76	0.5216
879bb2d6-ef98-4384-99e5-83afab87e987	3	97459146	97766169	164	0.7606
879bb2d6-ef98-4384-99e5-83afab87e987	3	97769174	98144444	228	0.4543
879bb2d6-ef98-4384-99e5-83afab87e987	3	98146380	98678368	317	0.7783
879bb2d6-ef98-4384-99e5-83afab87e987	3	98678664	99217783	299	0.4731
879bb2d6-ef98-4384-99e5-83afab87e987	3	99218119	99230464	38	0.7485
879bb2d6-ef98-4384-99e5-83afab87e987	3	99230470	99763076	355	0.4477
879bb2d6-ef98-4384-99e5-83afab87e987	3	99764014	104269374	2483	0.0953
879bb2d6-ef98-4384-99e5-83afab87e987	3	104271031	104504487	138	0.731
879bb2d6-ef98-4384-99e5-83afab87e987	3	104510404	104610431	85	0.0943
879bb2d6-ef98-4384-99e5-83afab87e987	3	104610642	105288878	536	0.4394
879bb2d6-ef98-4384-99e5-83afab87e987	3	105290258	108337173	1900	0.0976
879bb2d6-ef98-4384-99e5-83afab87e987	3	108338684	109403436	646	0.734
879bb2d6-ef98-4384-99e5-83afab87e987	3	109405333	109589686	76	0.4708
879bb2d6-ef98-4384-99e5-83afab87e987	3	109595930	109909644	166	0.7814
879bb2d6-ef98-4384-99e5-83afab87e987	3	109921000	110692763	496	0.1164
879bb2d6-ef98-4384-99e5-83afab87e987	3	110694089	111782338	633	0.7184
879bb2d6-ef98-4384-99e5-83afab87e987	3	111785177	111933226	115	0.9523
879bb2d6-ef98-4384-99e5-83afab87e987	3	111933361	112252643	217	0.6737
879bb2d6-ef98-4384-99e5-83afab87e987	3	112258185	116726847	2793	0.0986
879bb2d6-ef98-4384-99e5-83afab87e987	3	116728438	116829116	136	0.4493
879bb2d6-ef98-4384-99e5-83afab87e987	3	116833757	116845438	8	0.0691
879bb2d6-ef98-4384-99e5-83afab87e987	3	116848809	116917156	48	-0.4051
879bb2d6-ef98-4384-99e5-83afab87e987	3	116918089	117147171	190	0.1291
879bb2d6-ef98-4384-99e5-83afab87e987	3	117149316	117296552	111	0.9466
879bb2d6-ef98-4384-99e5-83afab87e987	3	117296984	118271677	661	1.1185
879bb2d6-ef98-4384-99e5-83afab87e987	3	118273652	118796169	324	0.9725
879bb2d6-ef98-4384-99e5-83afab87e987	3	118796399	118987317	129	0.7415
879bb2d6-ef98-4384-99e5-83afab87e987	3	118988462	119380694	210	0.9455
879bb2d6-ef98-4384-99e5-83afab87e987	3	119381369	119502021	72	0.7311
879bb2d6-ef98-4384-99e5-83afab87e987	3	119503609	119605351	69	0.9196
879bb2d6-ef98-4384-99e5-83afab87e987	3	119607060	120249014	386	0.6827
879bb2d6-ef98-4384-99e5-83afab87e987	3	120249039	122597683	1232	0.9241
879bb2d6-ef98-4384-99e5-83afab87e987	3	122601796	123050067	297	1.1052
879bb2d6-ef98-4384-99e5-83afab87e987	3	123050636	123284451	154	0.9621
879bb2d6-ef98-4384-99e5-83afab87e987	3	123285991	123419675	81	0.6964
879bb2d6-ef98-4384-99e5-83afab87e987	3	123420037	123533916	69	0.893
879bb2d6-ef98-4384-99e5-83afab87e987	3	123535351	123556551	11	0.614
879bb2d6-ef98-4384-99e5-83afab87e987	3	123559893	126630614	2012	0.0902
879bb2d6-ef98-4384-99e5-83afab87e987	3	126630834	126922475	142	0.7311
879bb2d6-ef98-4384-99e5-83afab87e987	3	126923707	127198287	190	0.9816
879bb2d6-ef98-4384-99e5-83afab87e987	3	127198587	127411603	138	0.7313
879bb2d6-ef98-4384-99e5-83afab87e987	3	127413886	127574583	88	0.081
879bb2d6-ef98-4384-99e5-83afab87e987	3	127577701	127947948	245	0.4453
879bb2d6-ef98-4384-99e5-83afab87e987	3	127948282	128031390	56	0.0844
879bb2d6-ef98-4384-99e5-83afab87e987	3	128036388	128120156	40	0.7242
879bb2d6-ef98-4384-99e5-83afab87e987	3	128126107	128654829	330	0.47
879bb2d6-ef98-4384-99e5-83afab87e987	3	128656671	128797609	94	0.6859
879bb2d6-ef98-4384-99e5-83afab87e987	3	128798673	129165415	154	0.9272
879bb2d6-ef98-4384-99e5-83afab87e987	3	129170630	129228914	21	1.3003
879bb2d6-ef98-4384-99e5-83afab87e987	3	129235870	129277438	26	1.0177
879bb2d6-ef98-4384-99e5-83afab87e987	3	129287249	129480724	86	0.703
879bb2d6-ef98-4384-99e5-83afab87e987	3	129484351	129611757	60	1.027
879bb2d6-ef98-4384-99e5-83afab87e987	3	129616601	129674092	35	1.8164
879bb2d6-ef98-4384-99e5-83afab87e987	3	129677749	130067097	171	0.6567
879bb2d6-ef98-4384-99e5-83afab87e987	3	130067366	130087393	32	1.007
879bb2d6-ef98-4384-99e5-83afab87e987	3	130088081	131188657	639	0.4651
879bb2d6-ef98-4384-99e5-83afab87e987	3	131190512	132564871	983	0.0976
879bb2d6-ef98-4384-99e5-83afab87e987	3	132567828	132799945	95	0.4842
879bb2d6-ef98-4384-99e5-83afab87e987	3	132800280	133094253	231	0.1145
879bb2d6-ef98-4384-99e5-83afab87e987	3	133095293	133508670	299	0.7278
879bb2d6-ef98-4384-99e5-83afab87e987	3	133511487	133532177	16	0.0887
879bb2d6-ef98-4384-99e5-83afab87e987	3	133532512	133801274	189	0.7689
879bb2d6-ef98-4384-99e5-83afab87e987	3	133804318	134315359	318	0.4501
879bb2d6-ef98-4384-99e5-83afab87e987	3	134317451	137112469	1570	0.0862
879bb2d6-ef98-4384-99e5-83afab87e987	3	137113907	137314218	160	0.4105
879bb2d6-ef98-4384-99e5-83afab87e987	3	137314418	137314581	5	-0.2048
879bb2d6-ef98-4384-99e5-83afab87e987	3	137314582	138123658	460	0.4724
879bb2d6-ef98-4384-99e5-83afab87e987	3	138124264	138733322	282	0.0623
879bb2d6-ef98-4384-99e5-83afab87e987	3	138735767	139413361	348	0.7405
879bb2d6-ef98-4384-99e5-83afab87e987	3	139418220	140260303	657	0.9595
879bb2d6-ef98-4384-99e5-83afab87e987	3	140261653	140559887	286	0.7523
879bb2d6-ef98-4384-99e5-83afab87e987	3	140560039	140560160	3	-0.8012
879bb2d6-ef98-4384-99e5-83afab87e987	3	140563242	140758986	146	0.8479
879bb2d6-ef98-4384-99e5-83afab87e987	3	140761673	140918089	84	1.1363
879bb2d6-ef98-4384-99e5-83afab87e987	3	140919431	141516549	342	1.2802
879bb2d6-ef98-4384-99e5-83afab87e987	3	141520375	141861058	209	1.1024
879bb2d6-ef98-4384-99e5-83afab87e987	3	141866752	141998008	66	0.4557
879bb2d6-ef98-4384-99e5-83afab87e987	3	141998894	142612466	265	0.8049
879bb2d6-ef98-4384-99e5-83afab87e987	3	142614183	142706338	53	0.4661
879bb2d6-ef98-4384-99e5-83afab87e987	3	142711933	142954696	167	0.0885
879bb2d6-ef98-4384-99e5-83afab87e987	3	142957764	142992828	23	-0.4083
879bb2d6-ef98-4384-99e5-83afab87e987	3	142992966	143145384	116	0.1146
879bb2d6-ef98-4384-99e5-83afab87e987	3	143145790	143428951	247	0.4108
879bb2d6-ef98-4384-99e5-83afab87e987	3	143429537	151403313	5046	0.0963
879bb2d6-ef98-4384-99e5-83afab87e987	3	151404083	151469109	50	0.3788
879bb2d6-ef98-4384-99e5-83afab87e987	3	151471371	153653867	1383	0.7354
879bb2d6-ef98-4384-99e5-83afab87e987	3	153658415	162822221	5548	0.0982
879bb2d6-ef98-4384-99e5-83afab87e987	3	162822685	162908815	52	-0.2275
879bb2d6-ef98-4384-99e5-83afab87e987	3	162910826	163312048	265	0.0869
879bb2d6-ef98-4384-99e5-83afab87e987	3	163312450	163498030	81	0.4476
879bb2d6-ef98-4384-99e5-83afab87e987	3	163498653	163653203	65	0.1058
879bb2d6-ef98-4384-99e5-83afab87e987	3	163657180	164432715	476	0.4549
879bb2d6-ef98-4384-99e5-83afab87e987	3	164440407	165730209	726	0.1049
879bb2d6-ef98-4384-99e5-83afab87e987	3	165730361	165809480	50	0.3959
879bb2d6-ef98-4384-99e5-83afab87e987	3	165816735	167881369	1092	0.109
879bb2d6-ef98-4384-99e5-83afab87e987	3	167884604	168018972	90	1.0219
879bb2d6-ef98-4384-99e5-83afab87e987	3	168022405	168094368	57	0.0976
879bb2d6-ef98-4384-99e5-83afab87e987	3	168108371	168418915	183	0.9687
879bb2d6-ef98-4384-99e5-83afab87e987	3	168421786	169038625	376	1.1505
879bb2d6-ef98-4384-99e5-83afab87e987	3	169039699	170176087	764	0.9596
879bb2d6-ef98-4384-99e5-83afab87e987	3	170176555	170660469	260	1.1555
879bb2d6-ef98-4384-99e5-83afab87e987	3	170660620	172375745	1104	0.9587
879bb2d6-ef98-4384-99e5-83afab87e987	3	172378127	173723734	903	1.136
879bb2d6-ef98-4384-99e5-83afab87e987	3	173723886	174316658	420	0.9947
879bb2d6-ef98-4384-99e5-83afab87e987	3	174316677	174365968	37	0.6924
879bb2d6-ef98-4384-99e5-83afab87e987	3	174366604	174424690	36	0.9533
879bb2d6-ef98-4384-99e5-83afab87e987	3	174425592	176978323	1714	0.1002
879bb2d6-ef98-4384-99e5-83afab87e987	3	176978838	177262432	159	0.4328
879bb2d6-ef98-4384-99e5-83afab87e987	3	177263787	179840895	1636	0.0914
879bb2d6-ef98-4384-99e5-83afab87e987	3	179841985	180287794	273	0.4422
879bb2d6-ef98-4384-99e5-83afab87e987	3	180288964	180332535	32	0.1061
879bb2d6-ef98-4384-99e5-83afab87e987	3	180335106	180896328	259	0.4562
879bb2d6-ef98-4384-99e5-83afab87e987	3	180899679	181071397	83	0.0939
879bb2d6-ef98-4384-99e5-83afab87e987	3	181074175	182745626	920	0.4529
879bb2d6-ef98-4384-99e5-83afab87e987	3	182750665	182869433	65	0.7032
879bb2d6-ef98-4384-99e5-83afab87e987	3	182869463	182974658	59	0.9443
879bb2d6-ef98-4384-99e5-83afab87e987	3	182976788	183057389	41	1.2735
879bb2d6-ef98-4384-99e5-83afab87e987	3	183058822	183686936	400	0.9557
879bb2d6-ef98-4384-99e5-83afab87e987	3	183689593	184075934	187	0.6831
879bb2d6-ef98-4384-99e5-83afab87e987	3	184077707	184217471	66	0.0996
879bb2d6-ef98-4384-99e5-83afab87e987	3	184218240	184363800	54	0.4581
879bb2d6-ef98-4384-99e5-83afab87e987	3	184369669	184631309	140	0.0723
879bb2d6-ef98-4384-99e5-83afab87e987	3	184631812	184636311	3	-0.8197
879bb2d6-ef98-4384-99e5-83afab87e987	3	184637335	188808860	2993	0.091
879bb2d6-ef98-4384-99e5-83afab87e987	3	188810954	189360695	369	0.7285
879bb2d6-ef98-4384-99e5-83afab87e987	3	189366721	192915862	2569	0.1057
879bb2d6-ef98-4384-99e5-83afab87e987	3	192921643	193154050	144	0.4637
879bb2d6-ef98-4384-99e5-83afab87e987	3	193154554	193160113	10	0.0567
879bb2d6-ef98-4384-99e5-83afab87e987	3	193160173	193165114	19	-1.3482
879bb2d6-ef98-4384-99e5-83afab87e987	3	193168646	193340484	115	0.4435
879bb2d6-ef98-4384-99e5-83afab87e987	3	193341218	193416596	62	0.0693
879bb2d6-ef98-4384-99e5-83afab87e987	3	193425505	193425759	6	-0.5506
879bb2d6-ef98-4384-99e5-83afab87e987	3	193426083	193456335	28	0.0816
879bb2d6-ef98-4384-99e5-83afab87e987	3	193456993	194239878	513	0.7479
879bb2d6-ef98-4384-99e5-83afab87e987	3	194242675	195185885	624	0.4585
879bb2d6-ef98-4384-99e5-83afab87e987	3	195188712	195343345	73	0.6853
879bb2d6-ef98-4384-99e5-83afab87e987	3	195345024	197408948	907	0.0701
879bb2d6-ef98-4384-99e5-83afab87e987	3	197420615	197471811	34	0.9121
879bb2d6-ef98-4384-99e5-83afab87e987	3	197475006	197601344	81	0.0231
879bb2d6-ef98-4384-99e5-83afab87e987	3	197607658	197621717	8	0.2908
879bb2d6-ef98-4384-99e5-83afab87e987	3	197627117	197730947	29	0.4992
879bb2d6-ef98-4384-99e5-83afab87e987	3	197746211	198107699	186	0.0874
879bb2d6-ef98-4384-99e5-83afab87e987	3	198107849	198122834	19	-0.3001
879bb2d6-ef98-4384-99e5-83afab87e987	3	198124354	198169247	8	0.1694
879bb2d6-ef98-4384-99e5-83afab87e987	4	68929	62802116	38739	0.1046
879bb2d6-ef98-4384-99e5-83afab87e987	4	62804218	62805944	8	-1.6696
879bb2d6-ef98-4384-99e5-83afab87e987	4	62813912	68354665	3432	0.1052
879bb2d6-ef98-4384-99e5-83afab87e987	4	68361130	68395346	7	1.0043
879bb2d6-ef98-4384-99e5-83afab87e987	4	68416487	68422424	5	-1.0039
879bb2d6-ef98-4384-99e5-83afab87e987	4	68429081	68506285	12	0.1932
879bb2d6-ef98-4384-99e5-83afab87e987	4	68509223	68639397	67	0.5881
879bb2d6-ef98-4384-99e5-83afab87e987	4	68640616	73684231	2905	0.1059
879bb2d6-ef98-4384-99e5-83afab87e987	4	73684261	73711112	45	0.3721
879bb2d6-ef98-4384-99e5-83afab87e987	4	73717515	86054070	7851	0.0995
879bb2d6-ef98-4384-99e5-83afab87e987	4	86054941	86058791	20	-1.495
879bb2d6-ef98-4384-99e5-83afab87e987	4	86058936	86797605	385	0.0993
879bb2d6-ef98-4384-99e5-83afab87e987	4	86798039	86843310	24	0.504
879bb2d6-ef98-4384-99e5-83afab87e987	4	86847364	103824414	10153	0.1073
879bb2d6-ef98-4384-99e5-83afab87e987	4	103830473	103830480	5	1.6159
879bb2d6-ef98-4384-99e5-83afab87e987	4	103830487	107147141	1870	0.0927
879bb2d6-ef98-4384-99e5-83afab87e987	4	107147161	107150731	7	0.9226
879bb2d6-ef98-4384-99e5-83afab87e987	4	107152350	172066777	39496	0.1072
879bb2d6-ef98-4384-99e5-83afab87e987	4	172067997	172068382	12	-1.4825
879bb2d6-ef98-4384-99e5-83afab87e987	4	172074828	172501371	231	0.0868
879bb2d6-ef98-4384-99e5-83afab87e987	4	172503796	172507492	7	1.6294
879bb2d6-ef98-4384-99e5-83afab87e987	4	172519981	190106768	11837	0.1097
879bb2d6-ef98-4384-99e5-83afab87e987	5	15532	29341	7	-0.0659
879bb2d6-ef98-4384-99e5-83afab87e987	5	30499	1437883	645	-0.4888
879bb2d6-ef98-4384-99e5-83afab87e987	5	1438059	1438239	2	-2.594
879bb2d6-ef98-4384-99e5-83afab87e987	5	1442700	1892645	268	-0.5472
879bb2d6-ef98-4384-99e5-83afab87e987	5	1893813	7473941	5004	-0.4133
879bb2d6-ef98-4384-99e5-83afab87e987	5	7477808	7479840	6	-2.378
879bb2d6-ef98-4384-99e5-83afab87e987	5	7480790	50146124	24730	-0.3984
879bb2d6-ef98-4384-99e5-83afab87e987	5	50151472	181363319	82156	0.092
879bb2d6-ef98-4384-99e5-83afab87e987	6	149661	294837	123	-0.4081
879bb2d6-ef98-4384-99e5-83afab87e987	6	302306	506231	182	-0.6229
879bb2d6-ef98-4384-99e5-83afab87e987	6	506794	18788547	14234	-0.4203
879bb2d6-ef98-4384-99e5-83afab87e987	6	18789526	18789733	2	-2.6812
879bb2d6-ef98-4384-99e5-83afab87e987	6	18791200	19039888	213	-0.3885
879bb2d6-ef98-4384-99e5-83afab87e987	6	19041950	19042587	3	-2.0327
879bb2d6-ef98-4384-99e5-83afab87e987	6	19044471	32463515	8057	-0.4179
879bb2d6-ef98-4384-99e5-83afab87e987	6	32463775	32533522	19	0.6247
879bb2d6-ef98-4384-99e5-83afab87e987	6	32540699	32636595	37	-0.2751
879bb2d6-ef98-4384-99e5-83afab87e987	6	32637799	32658841	10	0.5997
879bb2d6-ef98-4384-99e5-83afab87e987	6	32682835	63495750	17344	-0.418
879bb2d6-ef98-4384-99e5-83afab87e987	6	63507004	63680156	79	0.071
879bb2d6-ef98-4384-99e5-83afab87e987	6	63692994	64627049	496	-0.384
879bb2d6-ef98-4384-99e5-83afab87e987	6	64637651	64639099	2	-1.9606
879bb2d6-ef98-4384-99e5-83afab87e987	6	64640883	73882142	6156	-0.3884
879bb2d6-ef98-4384-99e5-83afab87e987	6	73882509	73893839	11	0.3649
879bb2d6-ef98-4384-99e5-83afab87e987	6	73893889	76726442	1765	-0.3806
879bb2d6-ef98-4384-99e5-83afab87e987	6	76726815	76733530	12	-1.3
879bb2d6-ef98-4384-99e5-83afab87e987	6	76736482	78253172	985	-0.3955
879bb2d6-ef98-4384-99e5-83afab87e987	6	78259348	78325457	111	-2.0925
879bb2d6-ef98-4384-99e5-83afab87e987	6	78325468	103286950	15455	-0.4008
879bb2d6-ef98-4384-99e5-83afab87e987	6	103286954	103314157	45	0.3095
879bb2d6-ef98-4384-99e5-83afab87e987	6	103314174	106643737	2165	-0.4084
879bb2d6-ef98-4384-99e5-83afab87e987	6	106645048	106714773	42	-0.039
879bb2d6-ef98-4384-99e5-83afab87e987	6	106718020	166870317	39605	-0.4083
879bb2d6-ef98-4384-99e5-83afab87e987	6	166871936	166872485	2	-2.4178
879bb2d6-ef98-4384-99e5-83afab87e987	6	166872690	167166538	217	-0.4194
879bb2d6-ef98-4384-99e5-83afab87e987	6	167179041	170113953	1816	-0.4817
879bb2d6-ef98-4384-99e5-83afab87e987	6	170114955	170159880	23	-1.1631
879bb2d6-ef98-4384-99e5-83afab87e987	6	170159988	170263653	48	-0.6069
879bb2d6-ef98-4384-99e5-83afab87e987	6	170263910	170741917	222	-0.3759
879bb2d6-ef98-4384-99e5-83afab87e987	7	43355	5897269	3061	0.0783
879bb2d6-ef98-4384-99e5-83afab87e987	7	5900408	5964274	11	0.964
879bb2d6-ef98-4384-99e5-83afab87e987	7	5986976	56999885	37024	0.1108
879bb2d6-ef98-4384-99e5-83afab87e987	7	57001033	57016425	2	1.943
879bb2d6-ef98-4384-99e5-83afab87e987	7	57048761	68934786	3290	0.1062
879bb2d6-ef98-4384-99e5-83afab87e987	7	68941073	68942063	2	-2.0941
879bb2d6-ef98-4384-99e5-83afab87e987	7	68942209	70588120	951	0.1138
879bb2d6-ef98-4384-99e5-83afab87e987	7	70591789	70951346	261	0.4811
879bb2d6-ef98-4384-99e5-83afab87e987	7	70951976	70961155	6	-0.3845
879bb2d6-ef98-4384-99e5-83afab87e987	7	70963257	72236310	863	0.1176
879bb2d6-ef98-4384-99e5-83afab87e987	7	72236463	76524046	1282	0.0676
879bb2d6-ef98-4384-99e5-83afab87e987	7	76527224	91728135	9797	0.1288
879bb2d6-ef98-4384-99e5-83afab87e987	7	91728539	91729718	9	0.788
879bb2d6-ef98-4384-99e5-83afab87e987	7	91730021	97766148	3745	0.1191
879bb2d6-ef98-4384-99e5-83afab87e987	7	97766150	97772915	13	-0.7322
879bb2d6-ef98-4384-99e5-83afab87e987	7	97772976	109801187	6626	0.1091
879bb2d6-ef98-4384-99e5-83afab87e987	7	109801572	109813801	9	0.9441
879bb2d6-ef98-4384-99e5-83afab87e987	7	109813853	116742876	4251	0.1279
879bb2d6-ef98-4384-99e5-83afab87e987	7	116751299	116890142	142	0.4581
879bb2d6-ef98-4384-99e5-83afab87e987	7	116894950	126404920	5629	0.1277
879bb2d6-ef98-4384-99e5-83afab87e987	7	126405428	126406824	15	-0.6311
879bb2d6-ef98-4384-99e5-83afab87e987	7	126406825	141512016	9648	0.1141
879bb2d6-ef98-4384-99e5-83afab87e987	7	141515486	141711552	87	-0.4244
879bb2d6-ef98-4384-99e5-83afab87e987	7	141715302	144199159	1425	0.1259
879bb2d6-ef98-4384-99e5-83afab87e987	7	144207186	144295437	9	0.9555
879bb2d6-ef98-4384-99e5-83afab87e987	7	144306653	154598185	6412	0.1195
879bb2d6-ef98-4384-99e5-83afab87e987	7	154601461	154607903	4	-1.6988
879bb2d6-ef98-4384-99e5-83afab87e987	7	154609120	157929111	2362	0.124
879bb2d6-ef98-4384-99e5-83afab87e987	7	157931756	158004543	66	-0.1303
879bb2d6-ef98-4384-99e5-83afab87e987	7	158004708	159082876	635	0.1031
879bb2d6-ef98-4384-99e5-83afab87e987	7	159083701	159156673	62	-0.1063
879bb2d6-ef98-4384-99e5-83afab87e987	7	159161823	159334314	111	0.1124
879bb2d6-ef98-4384-99e5-83afab87e987	8	81254	644973	324	0.0977
879bb2d6-ef98-4384-99e5-83afab87e987	8	645220	645790	5	0.9098
879bb2d6-ef98-4384-99e5-83afab87e987	8	645875	645908	3	3.5958
879bb2d6-ef98-4384-99e5-83afab87e987	8	656117	1449249	597	0.1186
879bb2d6-ef98-4384-99e5-83afab87e987	8	1451422	4145783	2781	0.1611
879bb2d6-ef98-4384-99e5-83afab87e987	8	4145941	4145956	2	-3.2521
879bb2d6-ef98-4384-99e5-83afab87e987	8	4146039	8007744	4071	0.1522
879bb2d6-ef98-4384-99e5-83afab87e987	8	8078333	8250448	21	-0.3574
879bb2d6-ef98-4384-99e5-83afab87e987	8	8251046	15916847	6365	0.1559
879bb2d6-ef98-4384-99e5-83afab87e987	8	15920406	15930760	8	-0.9995
879bb2d6-ef98-4384-99e5-83afab87e987	8	15931492	19228843	2985	0.1679
879bb2d6-ef98-4384-99e5-83afab87e987	8	19228857	62754815	26374	0.106
879bb2d6-ef98-4384-99e5-83afab87e987	8	62756694	67635434	2564	0.4575
879bb2d6-ef98-4384-99e5-83afab87e987	8	67635897	67636256	7	-0.2357
879bb2d6-ef98-4384-99e5-83afab87e987	8	67636294	69294368	1147	0.4662
879bb2d6-ef98-4384-99e5-83afab87e987	8	69295362	69296056	6	-0.2835
879bb2d6-ef98-4384-99e5-83afab87e987	8	69296082	84046819	9004	0.4718
879bb2d6-ef98-4384-99e5-83afab87e987	8	84047236	84050102	2	-0.9558
879bb2d6-ef98-4384-99e5-83afab87e987	8	84053763	111279265	16301	0.465
879bb2d6-ef98-4384-99e5-83afab87e987	8	111282050	111283031	10	1.2486
879bb2d6-ef98-4384-99e5-83afab87e987	8	111288052	128117802	11186	0.4588
879bb2d6-ef98-4384-99e5-83afab87e987	8	128121013	128263160	132	0.7271
879bb2d6-ef98-4384-99e5-83afab87e987	8	128265394	140990632	9781	0.4654
879bb2d6-ef98-4384-99e5-83afab87e987	8	140990666	142662564	949	0.3877
879bb2d6-ef98-4384-99e5-83afab87e987	8	142668300	143209006	220	0.4779
879bb2d6-ef98-4384-99e5-83afab87e987	8	143217232	143227843	11	-0.3456
879bb2d6-ef98-4384-99e5-83afab87e987	8	143228213	144865512	512	0.4092
879bb2d6-ef98-4384-99e5-83afab87e987	8	144866324	144968405	65	0.8538
879bb2d6-ef98-4384-99e5-83afab87e987	8	144969769	145057117	48	0.4624
879bb2d6-ef98-4384-99e5-83afab87e987	8	145058439	145072769	10	-0.0224
879bb2d6-ef98-4384-99e5-83afab87e987	9	46587	246397	78	-0.4053
879bb2d6-ef98-4384-99e5-83afab87e987	9	246702	246725	2	1.7823
879bb2d6-ef98-4384-99e5-83afab87e987	9	249281	35645229	28920	-0.3881
879bb2d6-ef98-4384-99e5-83afab87e987	9	35651600	35708095	37	0.2173
879bb2d6-ef98-4384-99e5-83afab87e987	9	35714032	39214987	2095	-0.408
879bb2d6-ef98-4384-99e5-83afab87e987	9	39242280	39337296	6	0.701
879bb2d6-ef98-4384-99e5-83afab87e987	9	39342578	39833357	32	-0.4191
879bb2d6-ef98-4384-99e5-83afab87e987	9	39840169	41741096	100	0.0431
879bb2d6-ef98-4384-99e5-83afab87e987	9	41741113	42585140	40	0.6003
879bb2d6-ef98-4384-99e5-83afab87e987	9	42697878	138200944	48170	0.0969
879bb2d6-ef98-4384-99e5-83afab87e987	10	45792	1190390	685	0.0614
879bb2d6-ef98-4384-99e5-83afab87e987	10	1190536	6369412	4713	0.1078
879bb2d6-ef98-4384-99e5-83afab87e987	10	6369488	6369519	3	1.5961
879bb2d6-ef98-4384-99e5-83afab87e987	10	6376792	30957581	18818	0.1049
879bb2d6-ef98-4384-99e5-83afab87e987	10	30962405	30962850	11	-0.617
879bb2d6-ef98-4384-99e5-83afab87e987	10	30962893	45798061	7201	0.096
879bb2d6-ef98-4384-99e5-83afab87e987	10	45798171	45817039	2	-1.8059
879bb2d6-ef98-4384-99e5-83afab87e987	10	45936113	46538819	255	0.0219
879bb2d6-ef98-4384-99e5-83afab87e987	10	46543248	46617422	21	-0.3078
879bb2d6-ef98-4384-99e5-83afab87e987	10	46618028	46632302	3	-1.0045
879bb2d6-ef98-4384-99e5-83afab87e987	10	46657149	48523157	573	0.0745
879bb2d6-ef98-4384-99e5-83afab87e987	10	48524930	48524943	2	-1.3888
879bb2d6-ef98-4384-99e5-83afab87e987	10	48525216	65545353	12118	0.1082
879bb2d6-ef98-4384-99e5-83afab87e987	10	65546321	65554643	29	0.5443
879bb2d6-ef98-4384-99e5-83afab87e987	10	65554672	97215337	20930	0.0975
879bb2d6-ef98-4384-99e5-83afab87e987	10	97215962	104713597	4262	0.0278
879bb2d6-ef98-4384-99e5-83afab87e987	10	104718608	122584593	13118	0.0524
879bb2d6-ef98-4384-99e5-83afab87e987	10	122584707	122587462	4	-0.8829
879bb2d6-ef98-4384-99e5-83afab87e987	10	122591497	129764480	5365	0.0574
879bb2d6-ef98-4384-99e5-83afab87e987	10	129764671	133654968	2538	0.01
879bb2d6-ef98-4384-99e5-83afab87e987	11	198510	18919309	12666	0.101
879bb2d6-ef98-4384-99e5-83afab87e987	11	18919323	18939550	34	-0.2382
879bb2d6-ef98-4384-99e5-83afab87e987	11	18939631	55592077	21758	0.1123
879bb2d6-ef98-4384-99e5-83afab87e987	11	55592092	55685533	64	0.4389
879bb2d6-ef98-4384-99e5-83afab87e987	11	55686100	56073606	291	0.1357
879bb2d6-ef98-4384-99e5-83afab87e987	11	56075036	56081518	7	-0.4672
879bb2d6-ef98-4384-99e5-83afab87e987	11	56081540	56494574	256	0.1656
879bb2d6-ef98-4384-99e5-83afab87e987	11	56496063	59129711	1566	0.0924
879bb2d6-ef98-4384-99e5-83afab87e987	11	59131385	59479767	205	0.1589
879bb2d6-ef98-4384-99e5-83afab87e987	11	59480603	78324098	9429	0.0781
879bb2d6-ef98-4384-99e5-83afab87e987	11	78324786	83373229	3842	0.111
879bb2d6-ef98-4384-99e5-83afab87e987	11	83373962	92097323	5697	-0.3856
879bb2d6-ef98-4384-99e5-83afab87e987	11	92097492	92097877	2	2.21
879bb2d6-ef98-4384-99e5-83afab87e987	11	92099538	96460017	3205	-0.399
879bb2d6-ef98-4384-99e5-83afab87e987	11	96460414	108675850	8637	-0.3771
879bb2d6-ef98-4384-99e5-83afab87e987	11	108681514	125205483	11558	-0.4072
879bb2d6-ef98-4384-99e5-83afab87e987	11	125205555	125218374	28	-0.9257
879bb2d6-ef98-4384-99e5-83afab87e987	11	125218431	133947577	6696	-0.4072
879bb2d6-ef98-4384-99e5-83afab87e987	11	133947761	133948202	2	1.5858
879bb2d6-ef98-4384-99e5-83afab87e987	11	133949547	134739499	559	-0.4624
879bb2d6-ef98-4384-99e5-83afab87e987	11	134739663	134744086	5	0.6833
879bb2d6-ef98-4384-99e5-83afab87e987	11	134744971	135074876	273	-0.5058
879bb2d6-ef98-4384-99e5-83afab87e987	12	51460	233990	104	-0.0474
879bb2d6-ef98-4384-99e5-83afab87e987	12	238493	9283548	5985	0.1026
879bb2d6-ef98-4384-99e5-83afab87e987	12	9290254	9481274	84	-0.0851
879bb2d6-ef98-4384-99e5-83afab87e987	12	9485313	9562969	22	-1.5721
879bb2d6-ef98-4384-99e5-83afab87e987	12	9575696	30082648	14306	0.108
879bb2d6-ef98-4384-99e5-83afab87e987	12	30086334	30088437	15	-0.473
879bb2d6-ef98-4384-99e5-83afab87e987	12	30090521	33141726	2260	0.0932
879bb2d6-ef98-4384-99e5-83afab87e987	12	33148472	33154440	27	-0.3913
879bb2d6-ef98-4384-99e5-83afab87e987	12	33155426	34701563	788	0.1368
879bb2d6-ef98-4384-99e5-83afab87e987	12	37463949	38301917	238	-0.3784
879bb2d6-ef98-4384-99e5-83afab87e987	12	38305159	40907561	1620	0.1067
879bb2d6-ef98-4384-99e5-83afab87e987	12	40910508	41302320	241	0.4565
879bb2d6-ef98-4384-99e5-83afab87e987	12	41302449	42043736	612	0.1108
879bb2d6-ef98-4384-99e5-83afab87e987	12	42053059	42082342	16	0.5129
879bb2d6-ef98-4384-99e5-83afab87e987	12	42085648	42192891	68	0.7718
879bb2d6-ef98-4384-99e5-83afab87e987	12	42193008	44349488	1326	0.4824
879bb2d6-ef98-4384-99e5-83afab87e987	12	44358025	44729198	226	0.0577
879bb2d6-ef98-4384-99e5-83afab87e987	12	44736797	45647137	553	0.473
879bb2d6-ef98-4384-99e5-83afab87e987	12	45647595	51162671	2951	0.0873
879bb2d6-ef98-4384-99e5-83afab87e987	12	51167273	51228126	27	0.85
879bb2d6-ef98-4384-99e5-83afab87e987	12	51236830	51437965	120	0.4294
879bb2d6-ef98-4384-99e5-83afab87e987	12	51439934	52281314	512	0.0637
879bb2d6-ef98-4384-99e5-83afab87e987	12	52281549	63711417	6980	0.1054
879bb2d6-ef98-4384-99e5-83afab87e987	12	63716253	63751525	13	-0.5415
879bb2d6-ef98-4384-99e5-83afab87e987	12	63757045	70478078	4468	0.0899
879bb2d6-ef98-4384-99e5-83afab87e987	12	70478895	70484247	9	-0.5579
879bb2d6-ef98-4384-99e5-83afab87e987	12	70485605	72848336	1515	0.103
879bb2d6-ef98-4384-99e5-83afab87e987	12	72851624	72851625	2	1.9782
879bb2d6-ef98-4384-99e5-83afab87e987	12	72859412	108515980	23309	0.1022
879bb2d6-ef98-4384-99e5-83afab87e987	12	108516777	121549464	8444	0.0692
879bb2d6-ef98-4384-99e5-83afab87e987	12	121554822	121832018	92	0.45
879bb2d6-ef98-4384-99e5-83afab87e987	12	121843049	133201603	7889	0.0549
879bb2d6-ef98-4384-99e5-83afab87e987	13	18452809	52026917	23231	-0.4002
879bb2d6-ef98-4384-99e5-83afab87e987	13	52027324	52442401	132	0.1039
879bb2d6-ef98-4384-99e5-83afab87e987	13	52446446	64406137	6904	-0.367
879bb2d6-ef98-4384-99e5-83afab87e987	13	64406265	64406673	2	-2.294
879bb2d6-ef98-4384-99e5-83afab87e987	13	64407767	68674201	2651	-0.3783
879bb2d6-ef98-4384-99e5-83afab87e987	13	68674425	68675349	5	-2.5248
879bb2d6-ef98-4384-99e5-83afab87e987	13	68676647	68677517	7	-0.2219
879bb2d6-ef98-4384-99e5-83afab87e987	13	68677848	68694110	24	-2.3246
879bb2d6-ef98-4384-99e5-83afab87e987	13	68694987	70181629	972	-0.3761
879bb2d6-ef98-4384-99e5-83afab87e987	13	70181721	70188804	2	-1.7785
879bb2d6-ef98-4384-99e5-83afab87e987	13	70189130	71902850	1087	-0.3733
879bb2d6-ef98-4384-99e5-83afab87e987	13	71903417	71906418	4	-2.5227
879bb2d6-ef98-4384-99e5-83afab87e987	13	71906467	80500992	6023	-0.3967
879bb2d6-ef98-4384-99e5-83afab87e987	13	80502057	93459957	8015	-0.3703
879bb2d6-ef98-4384-99e5-83afab87e987	13	93460193	112974526	14434	-0.4016
879bb2d6-ef98-4384-99e5-83afab87e987	13	112976829	113017083	12	-1.0393
879bb2d6-ef98-4384-99e5-83afab87e987	13	113019631	114342922	568	-0.4295
879bb2d6-ef98-4384-99e5-83afab87e987	14	18239283	19955213	167	0.0106
879bb2d6-ef98-4384-99e5-83afab87e987	14	19956767	21833069	1245	-0.3984
879bb2d6-ef98-4384-99e5-83afab87e987	14	21835401	22508237	613	-0.2691
879bb2d6-ef98-4384-99e5-83afab87e987	14	22508264	50929645	17419	-0.3881
879bb2d6-ef98-4384-99e5-83afab87e987	14	50932248	51061924	120	0.0977
879bb2d6-ef98-4384-99e5-83afab87e987	14	51066558	73529070	14656	-0.4017
879bb2d6-ef98-4384-99e5-83afab87e987	14	73534419	73563211	11	0.5185
879bb2d6-ef98-4384-99e5-83afab87e987	14	73564027	90695533	11281	-0.3978
879bb2d6-ef98-4384-99e5-83afab87e987	14	90695719	90915773	142	0.0662
879bb2d6-ef98-4384-99e5-83afab87e987	14	90920154	106294689	9412	-0.4124
879bb2d6-ef98-4384-99e5-83afab87e987	14	106297265	106297273	3	2.3333
879bb2d6-ef98-4384-99e5-83afab87e987	14	106297409	106340102	15	-0.172
879bb2d6-ef98-4384-99e5-83afab87e987	14	106340305	106346129	6	-1.189
879bb2d6-ef98-4384-99e5-83afab87e987	14	106360014	106416146	30	-0.3721
879bb2d6-ef98-4384-99e5-83afab87e987	14	106418444	106502306	59	-0.048
879bb2d6-ef98-4384-99e5-83afab87e987	14	106503707	106877229	185	-0.4371
879bb2d6-ef98-4384-99e5-83afab87e987	15	19811075	20001686	45	0.072
879bb2d6-ef98-4384-99e5-83afab87e987	15	20011702	20056983	5	-1.6712
879bb2d6-ef98-4384-99e5-83afab87e987	15	20059033	20376202	43	0.195
879bb2d6-ef98-4384-99e5-83afab87e987	15	20376309	20381704	12	0.8342
879bb2d6-ef98-4384-99e5-83afab87e987	15	20384774	20401445	13	0.3644
879bb2d6-ef98-4384-99e5-83afab87e987	15	20402240	20406256	6	0.7862
879bb2d6-ef98-4384-99e5-83afab87e987	15	20410054	42020694	12273	0.0961
879bb2d6-ef98-4384-99e5-83afab87e987	15	42031437	42183494	122	0.4638
879bb2d6-ef98-4384-99e5-83afab87e987	15	42183631	47226922	2577	0.091
879bb2d6-ef98-4384-99e5-83afab87e987	15	47227348	47227357	2	1.6842
879bb2d6-ef98-4384-99e5-83afab87e987	15	47233464	60733281	9028	0.1034
879bb2d6-ef98-4384-99e5-83afab87e987	15	60739770	60740902	5	-0.8424
879bb2d6-ef98-4384-99e5-83afab87e987	15	60743552	61205388	486	0.1074
879bb2d6-ef98-4384-99e5-83afab87e987	15	61212956	61213480	2	-1.1888
879bb2d6-ef98-4384-99e5-83afab87e987	15	61213585	69398792	5244	0.0918
879bb2d6-ef98-4384-99e5-83afab87e987	15	69399132	69491689	62	0.4468
879bb2d6-ef98-4384-99e5-83afab87e987	15	69491885	76586021	3979	0.0911
879bb2d6-ef98-4384-99e5-83afab87e987	15	76598900	76603434	22	0.7741
879bb2d6-ef98-4384-99e5-83afab87e987	15	76609838	82882631	3897	0.0958
879bb2d6-ef98-4384-99e5-83afab87e987	15	82889131	82889319	3	-1.2745
879bb2d6-ef98-4384-99e5-83afab87e987	15	82890669	85536603	1259	0.0988
879bb2d6-ef98-4384-99e5-83afab87e987	15	85536891	85542083	3	1.7178
879bb2d6-ef98-4384-99e5-83afab87e987	15	85542545	97290419	9028	0.102
879bb2d6-ef98-4384-99e5-83afab87e987	15	97290421	97290422	2	1.5972
879bb2d6-ef98-4384-99e5-83afab87e987	15	97301760	101888834	3415	0.0921
879bb2d6-ef98-4384-99e5-83afab87e987	15	101888850	101928837	7	0.9683
879bb2d6-ef98-4384-99e5-83afab87e987	16	10777	35827	4	-0.68
879bb2d6-ef98-4384-99e5-83afab87e987	16	36125	11232014	8454	0.4507
879bb2d6-ef98-4384-99e5-83afab87e987	16	11235381	11362136	103	0.717
879bb2d6-ef98-4384-99e5-83afab87e987	16	11368621	12555002	855	0.449
879bb2d6-ef98-4384-99e5-83afab87e987	16	12555121	12555138	2	-0.8017
879bb2d6-ef98-4384-99e5-83afab87e987	16	12556390	15674076	1944	0.4489
879bb2d6-ef98-4384-99e5-83afab87e987	16	15675891	15735679	44	0.9782
879bb2d6-ef98-4384-99e5-83afab87e987	16	15736878	23640264	4047	0.4405
879bb2d6-ef98-4384-99e5-83afab87e987	16	23647007	23685849	21	-0.4048
879bb2d6-ef98-4384-99e5-83afab87e987	16	23688097	34209701	4597	0.4377
879bb2d6-ef98-4384-99e5-83afab87e987	16	35080991	35236333	103	-0.3697
879bb2d6-ef98-4384-99e5-83afab87e987	16	35236927	35522700	166	0.266
879bb2d6-ef98-4384-99e5-83afab87e987	16	35526596	55761039	6592	-0.3927
879bb2d6-ef98-4384-99e5-83afab87e987	16	55761136	55762682	5	-1.7298
879bb2d6-ef98-4384-99e5-83afab87e987	16	55764310	55764867	3	1.3403
879bb2d6-ef98-4384-99e5-83afab87e987	16	55770436	55774768	5	-1.7008
879bb2d6-ef98-4384-99e5-83afab87e987	16	55775312	55782331	5	-0.7655
879bb2d6-ef98-4384-99e5-83afab87e987	16	55782734	58709798	1750	-0.4231
879bb2d6-ef98-4384-99e5-83afab87e987	16	58712185	66080319	5082	-0.3718
879bb2d6-ef98-4384-99e5-83afab87e987	16	66081173	70163864	1935	-0.4153
879bb2d6-ef98-4384-99e5-83afab87e987	16	70164427	70200633	6	0.5978
879bb2d6-ef98-4384-99e5-83afab87e987	16	70212022	72952907	1249	-0.3886
879bb2d6-ef98-4384-99e5-83afab87e987	16	72961653	73260485	178	0.103
879bb2d6-ef98-4384-99e5-83afab87e987	16	73263515	78337711	4080	-0.3931
879bb2d6-ef98-4384-99e5-83afab87e987	16	78338543	78350868	16	0.2694
879bb2d6-ef98-4384-99e5-83afab87e987	16	78351104	83940279	6291	-0.4131
879bb2d6-ef98-4384-99e5-83afab87e987	16	83940293	88690404	3705	-0.4637
879bb2d6-ef98-4384-99e5-83afab87e987	16	88690624	88907529	59	-0.8324
879bb2d6-ef98-4384-99e5-83afab87e987	16	88916848	90096867	545	-0.4847
879bb2d6-ef98-4384-99e5-83afab87e987	17	150733	1537674	671	-0.4677
879bb2d6-ef98-4384-99e5-83afab87e987	17	1540057	1618251	41	0.0569
879bb2d6-ef98-4384-99e5-83afab87e987	17	1618676	18414080	10665	-0.4191
879bb2d6-ef98-4384-99e5-83afab87e987	17	18452078	18626375	36	0.215
879bb2d6-ef98-4384-99e5-83afab87e987	17	18626760	22736323	1468	-0.4058
879bb2d6-ef98-4384-99e5-83afab87e987	17	26943491	28681774	867	0.0752
879bb2d6-ef98-4384-99e5-83afab87e987	17	28682158	28927759	88	0.444
879bb2d6-ef98-4384-99e5-83afab87e987	17	28929837	36109315	4401	0.0867
879bb2d6-ef98-4384-99e5-83afab87e987	17	36109735	36157718	35	0.5956
879bb2d6-ef98-4384-99e5-83afab87e987	17	36200725	36549144	82	-0.0734
879bb2d6-ef98-4384-99e5-83afab87e987	17	36553073	37541272	667	0.1011
879bb2d6-ef98-4384-99e5-83afab87e987	17	37549384	37838711	212	0.4216
879bb2d6-ef98-4384-99e5-83afab87e987	17	37846312	41271598	1576	0.0843
879bb2d6-ef98-4384-99e5-83afab87e987	17	41271807	41274279	10	-0.561
879bb2d6-ef98-4384-99e5-83afab87e987	17	41276472	44192048	1568	0.0803
879bb2d6-ef98-4384-99e5-83afab87e987	17	44193597	46060044	912	0.5357
879bb2d6-ef98-4384-99e5-83afab87e987	17	46062296	46286804	144	0.6925
879bb2d6-ef98-4384-99e5-83afab87e987	17	46323701	46446360	4	-1.0721
879bb2d6-ef98-4384-99e5-83afab87e987	17	46569894	58135153	7358	0.5873
879bb2d6-ef98-4384-99e5-83afab87e987	17	58136082	58136733	2	-3.1217
879bb2d6-ef98-4384-99e5-83afab87e987	17	58140037	59742449	765	0.5784
879bb2d6-ef98-4384-99e5-83afab87e987	17	59747149	59859553	46	0.8201
879bb2d6-ef98-4384-99e5-83afab87e987	17	59861138	60110554	106	0.5051
879bb2d6-ef98-4384-99e5-83afab87e987	17	60111524	60129815	3	-0.5771
879bb2d6-ef98-4384-99e5-83afab87e987	17	60130677	65420712	2594	0.5612
879bb2d6-ef98-4384-99e5-83afab87e987	17	65421124	73742096	5866	0.605
879bb2d6-ef98-4384-99e5-83afab87e987	17	73742947	83091923	4828	0.5639
879bb2d6-ef98-4384-99e5-83afab87e987	18	48133	21862337	10760	0.1072
879bb2d6-ef98-4384-99e5-83afab87e987	18	21862805	22020499	84	0.3718
879bb2d6-ef98-4384-99e5-83afab87e987	18	22020699	28613464	4220	0.1075
879bb2d6-ef98-4384-99e5-83afab87e987	18	28613572	28616668	6	-0.7952
879bb2d6-ef98-4384-99e5-83afab87e987	18	28616694	32335298	2361	0.106
879bb2d6-ef98-4384-99e5-83afab87e987	18	32338109	32370661	29	-0.4635
879bb2d6-ef98-4384-99e5-83afab87e987	18	32371197	42471713	6552	0.1125
879bb2d6-ef98-4384-99e5-83afab87e987	18	42476604	42477436	21	-0.4878
879bb2d6-ef98-4384-99e5-83afab87e987	18	42477469	78651219	25828	0.1059
879bb2d6-ef98-4384-99e5-83afab87e987	18	78655570	78656004	2	-1.5685
879bb2d6-ef98-4384-99e5-83afab87e987	18	78656278	80257174	861	0.0701
879bb2d6-ef98-4384-99e5-83afab87e987	19	90910	5506648	1592	0.0605
879bb2d6-ef98-4384-99e5-83afab87e987	19	5510228	5510569	2	-1.9651
879bb2d6-ef98-4384-99e5-83afab87e987	19	5510642	15709528	5029	0.0721
879bb2d6-ef98-4384-99e5-83afab87e987	19	15712794	15714133	4	1.1064
879bb2d6-ef98-4384-99e5-83afab87e987	19	15714788	18290215	1292	0.0581
879bb2d6-ef98-4384-99e5-83afab87e987	19	18290422	18449282	59	0.2902
879bb2d6-ef98-4384-99e5-83afab87e987	19	18456229	19749686	532	0.0711
879bb2d6-ef98-4384-99e5-83afab87e987	19	19750873	19752822	2	-1.245
879bb2d6-ef98-4384-99e5-83afab87e987	19	19758535	20411869	409	0.0911
879bb2d6-ef98-4384-99e5-83afab87e987	19	20413400	20533543	67	-0.6144
879bb2d6-ef98-4384-99e5-83afab87e987	19	20533583	35364547	7718	0.1014
879bb2d6-ef98-4384-99e5-83afab87e987	19	35365141	35379446	24	-0.4518
879bb2d6-ef98-4384-99e5-83afab87e987	19	35379534	36261319	423	0.0751
879bb2d6-ef98-4384-99e5-83afab87e987	19	36261773	36339409	12	-0.1631
879bb2d6-ef98-4384-99e5-83afab87e987	19	36354973	36356596	11	-0.5093
879bb2d6-ef98-4384-99e5-83afab87e987	19	36356735	40983543	2412	0.0727
879bb2d6-ef98-4384-99e5-83afab87e987	19	40984651	40988149	3	1.2058
879bb2d6-ef98-4384-99e5-83afab87e987	19	40989012	42184857	576	0.0911
879bb2d6-ef98-4384-99e5-83afab87e987	19	42191863	42192546	2	-3.9249
879bb2d6-ef98-4384-99e5-83afab87e987	19	42196376	55766684	7094	0.0751
879bb2d6-ef98-4384-99e5-83afab87e987	19	55770704	55771701	5	1.3312
879bb2d6-ef98-4384-99e5-83afab87e987	19	55774927	58586487	1839	0.0955
879bb2d6-ef98-4384-99e5-83afab87e987	20	80664	1566116	1170	0.1109
879bb2d6-ef98-4384-99e5-83afab87e987	20	1566165	1591572	60	-0.3208
879bb2d6-ef98-4384-99e5-83afab87e987	20	1591597	1601446	9	0.2287
879bb2d6-ef98-4384-99e5-83afab87e987	20	1601561	1613247	6	1.662
879bb2d6-ef98-4384-99e5-83afab87e987	20	1617300	2820269	1022	0.1091
879bb2d6-ef98-4384-99e5-83afab87e987	20	2825817	2931919	65	0.4317
879bb2d6-ef98-4384-99e5-83afab87e987	20	2936134	63598636	39738	0.1043
879bb2d6-ef98-4384-99e5-83afab87e987	20	63598754	64324800	305	-0.0108
879bb2d6-ef98-4384-99e5-83afab87e987	21	10354168	10388521	6	0.04
879bb2d6-ef98-4384-99e5-83afab87e987	21	10404309	12996886	85	-0.4482
879bb2d6-ef98-4384-99e5-83afab87e987	21	13004391	36153237	16375	0.1131
879bb2d6-ef98-4384-99e5-83afab87e987	21	36153531	36185606	38	-0.2008
879bb2d6-ef98-4384-99e5-83afab87e987	21	36185635	44827515	6288	0.1036
879bb2d6-ef98-4384-99e5-83afab87e987	21	44834696	44974217	85	0.4746
879bb2d6-ef98-4384-99e5-83afab87e987	21	44988315	46677045	986	0.0646
879bb2d6-ef98-4384-99e5-83afab87e987	22	15294547	15925481	37	-0.0956
879bb2d6-ef98-4384-99e5-83afab87e987	22	16392123	18142004	1072	-0.4118
879bb2d6-ef98-4384-99e5-83afab87e987	22	18143362	20217268	856	-0.5284
879bb2d6-ef98-4384-99e5-83afab87e987	22	20217401	20223805	6	-1.7456
879bb2d6-ef98-4384-99e5-83afab87e987	22	20226155	20768143	374	-0.4992
879bb2d6-ef98-4384-99e5-83afab87e987	22	20768184	23140531	1531	-0.4196
879bb2d6-ef98-4384-99e5-83afab87e987	22	23144275	23162471	12	-1.2047
879bb2d6-ef98-4384-99e5-83afab87e987	22	23162729	23611017	282	-0.5057
879bb2d6-ef98-4384-99e5-83afab87e987	22	23611131	35389042	8938	-0.4124
879bb2d6-ef98-4384-99e5-83afab87e987	22	35389678	40397256	2834	-0.4562
879bb2d6-ef98-4384-99e5-83afab87e987	22	40398586	40398816	2	-2.6866
879bb2d6-ef98-4384-99e5-83afab87e987	22	40401668	48935200	6113	-0.4297
879bb2d6-ef98-4384-99e5-83afab87e987	22	48940621	50577669	1081	-0.542
879bb2d6-ef98-4384-99e5-83afab87e987	22	50578924	50796027	111	-0.3824
879bb2d6-ef98-4384-99e5-83afab87e987	X	251810	66506192	34950	0.0212
879bb2d6-ef98-4384-99e5-83afab87e987	X	66506389	66508559	2	-1.4598
879bb2d6-ef98-4384-99e5-83afab87e987	X	66512042	92608480	12637	0.0208
879bb2d6-ef98-4384-99e5-83afab87e987	X	92609989	93129992	180	-0.4737
879bb2d6-ef98-4384-99e5-83afab87e987	X	93132151	155952689	35851	0.0162
879bb2d6-ef98-4384-99e5-83afab87e987	Y	2782397	3314408	191	-2.6666
879bb2d6-ef98-4384-99e5-83afab87e987	Y	3326047	5688797	449	-2.2746
879bb2d6-ef98-4384-99e5-83afab87e987	Y	5692308	7967672	856	-2.7834
879bb2d6-ef98-4384-99e5-83afab87e987	Y	7967799	7967806	2	-7.7959
879bb2d6-ef98-4384-99e5-83afab87e987	Y	7968337	13478396	1765	-2.8274
879bb2d6-ef98-4384-99e5-83afab87e987	Y	13478462	13482643	3	-7.6439
879bb2d6-ef98-4384-99e5-83afab87e987	Y	13483009	56872112	3371	-2.7946
