GDC_Aliquot	Chromosome	Start	End	Num_Probes	Segment_Mean
5e8860c2-7e83-4bdf-aeb8-2365413dda7b	1	62920	259422	15	-0.6638
5e8860c2-7e83-4bdf-aeb8-2365413dda7b	1	259926	2026474	326	-0.0155
5e8860c2-7e83-4bdf-aeb8-2365413dda7b	1	2038310	3259896	381	-0.1103
5e8860c2-7e83-4bdf-aeb8-2365413dda7b	1	3260916	12779433	5755	0.0021
5e8860c2-7e83-4bdf-aeb8-2365413dda7b	1	12792599	12867264	31	0.6392
5e8860c2-7e83-4bdf-aeb8-2365413dda7b	1	12868035	25256850	7481	0.006
5e8860c2-7e83-4bdf-aeb8-2365413dda7b	1	25266637	25336819	25	-0.6199
5e8860c2-7e83-4bdf-aeb8-2365413dda7b	1	25336853	30864570	2871	0.001
5e8860c2-7e83-4bdf-aeb8-2365413dda7b	1	30867589	30872377	4	-1.2483
5e8860c2-7e83-4bdf-aeb8-2365413dda7b	1	30872938	72303233	25799	0.0098
5e8860c2-7e83-4bdf-aeb8-2365413dda7b	1	72303253	72345465	45	-1.4678
5e8860c2-7e83-4bdf-aeb8-2365413dda7b	1	72346221	73206222	532	0.0094
5e8860c2-7e83-4bdf-aeb8-2365413dda7b	1	73209281	73226560	10	-0.6942
5e8860c2-7e83-4bdf-aeb8-2365413dda7b	1	73227972	81171201	5027	0.0154
5e8860c2-7e83-4bdf-aeb8-2365413dda7b	1	81173488	81174024	3	-1.3855
5e8860c2-7e83-4bdf-aeb8-2365413dda7b	1	81174735	105470754	15328	0.0114
5e8860c2-7e83-4bdf-aeb8-2365413dda7b	1	105476583	105479753	17	1.2067
5e8860c2-7e83-4bdf-aeb8-2365413dda7b	1	105481433	108223733	1956	0.0103
5e8860c2-7e83-4bdf-aeb8-2365413dda7b	1	108226680	108274557	2	-2.8838
5e8860c2-7e83-4bdf-aeb8-2365413dda7b	1	108310648	109684893	675	0.0034
5e8860c2-7e83-4bdf-aeb8-2365413dda7b	1	109690352	109692006	10	-1.7439
5e8860c2-7e83-4bdf-aeb8-2365413dda7b	1	109696900	110837398	855	0.0072
5e8860c2-7e83-4bdf-aeb8-2365413dda7b	1	110839857	110850883	23	0.394
5e8860c2-7e83-4bdf-aeb8-2365413dda7b	1	110851091	114289343	2411	0.0156
5e8860c2-7e83-4bdf-aeb8-2365413dda7b	1	114291004	114291088	2	-1.8676
5e8860c2-7e83-4bdf-aeb8-2365413dda7b	1	114291180	143748012	3921	0.0077
5e8860c2-7e83-4bdf-aeb8-2365413dda7b	1	143748074	143811517	23	0.4731
5e8860c2-7e83-4bdf-aeb8-2365413dda7b	1	143890323	152555333	2273	0.0263
5e8860c2-7e83-4bdf-aeb8-2365413dda7b	1	152557146	152614118	75	-1.3511
5e8860c2-7e83-4bdf-aeb8-2365413dda7b	1	152618018	152794991	187	-0.0102
5e8860c2-7e83-4bdf-aeb8-2365413dda7b	1	152795006	152796224	16	-0.7435
5e8860c2-7e83-4bdf-aeb8-2365413dda7b	1	152801429	184194268	21131	0.0076
5e8860c2-7e83-4bdf-aeb8-2365413dda7b	1	184195951	184199379	2	-1.8754
5e8860c2-7e83-4bdf-aeb8-2365413dda7b	1	184199676	194479104	6776	0.0062
5e8860c2-7e83-4bdf-aeb8-2365413dda7b	1	194482281	194485888	2	-1.9836
5e8860c2-7e83-4bdf-aeb8-2365413dda7b	1	194487886	196762480	1453	0.0174
5e8860c2-7e83-4bdf-aeb8-2365413dda7b	1	196762956	196772237	13	-1.9304
5e8860c2-7e83-4bdf-aeb8-2365413dda7b	1	196775006	196820637	29	0.4417
5e8860c2-7e83-4bdf-aeb8-2365413dda7b	1	196820704	215318153	12490	0.0069
5e8860c2-7e83-4bdf-aeb8-2365413dda7b	1	215320126	215325761	7	-1.1755
5e8860c2-7e83-4bdf-aeb8-2365413dda7b	1	215327688	248585918	23040	0.0112
5e8860c2-7e83-4bdf-aeb8-2365413dda7b	1	248586259	248664935	37	0.4336
5e8860c2-7e83-4bdf-aeb8-2365413dda7b	1	248668953	248930189	134	0.0176
5e8860c2-7e83-4bdf-aeb8-2365413dda7b	2	12784	52527330	37054	0.0192
5e8860c2-7e83-4bdf-aeb8-2365413dda7b	2	52527342	52554404	39	-2.5229
5e8860c2-7e83-4bdf-aeb8-2365413dda7b	2	52560811	146104517	53127	0.0144
5e8860c2-7e83-4bdf-aeb8-2365413dda7b	2	146106836	146109366	24	-1.7538
5e8860c2-7e83-4bdf-aeb8-2365413dda7b	2	146120238	151104609	2935	0.0037
5e8860c2-7e83-4bdf-aeb8-2365413dda7b	2	151106477	151106661	4	-1.3215
5e8860c2-7e83-4bdf-aeb8-2365413dda7b	2	151111523	242147305	55982	0.0104
5e8860c2-7e83-4bdf-aeb8-2365413dda7b	3	20930	2078531	1840	0.0437
5e8860c2-7e83-4bdf-aeb8-2365413dda7b	3	2080181	2081164	4	-2.5068
5e8860c2-7e83-4bdf-aeb8-2365413dda7b	3	2088365	89337951	58409	0.0126
5e8860c2-7e83-4bdf-aeb8-2365413dda7b	3	89345442	89376731	57	-0.6401
5e8860c2-7e83-4bdf-aeb8-2365413dda7b	3	89376780	130044016	21904	0.009
5e8860c2-7e83-4bdf-aeb8-2365413dda7b	3	130044855	130087393	38	-2.0151
5e8860c2-7e83-4bdf-aeb8-2365413dda7b	3	130088081	136300257	4018	0.007
5e8860c2-7e83-4bdf-aeb8-2365413dda7b	3	136304109	136306584	2	-2.3381
5e8860c2-7e83-4bdf-aeb8-2365413dda7b	3	136319699	152625038	10042	0.0158
5e8860c2-7e83-4bdf-aeb8-2365413dda7b	3	152629305	152638413	45	-0.7926
5e8860c2-7e83-4bdf-aeb8-2365413dda7b	3	152638694	155757674	1811	0.0075
5e8860c2-7e83-4bdf-aeb8-2365413dda7b	3	155758758	155774388	29	0.6068
5e8860c2-7e83-4bdf-aeb8-2365413dda7b	3	155795620	162795304	4262	0.0181
5e8860c2-7e83-4bdf-aeb8-2365413dda7b	3	162795361	162898127	61	-1.4565
5e8860c2-7e83-4bdf-aeb8-2365413dda7b	3	162906054	193155915	19115	0.0116
5e8860c2-7e83-4bdf-aeb8-2365413dda7b	3	193156018	193165114	22	0.7257
5e8860c2-7e83-4bdf-aeb8-2365413dda7b	3	193168646	195685341	1481	0.0011
5e8860c2-7e83-4bdf-aeb8-2365413dda7b	3	195691392	195728990	22	0.7599
5e8860c2-7e83-4bdf-aeb8-2365413dda7b	3	195729005	198169247	1183	0.0046
5e8860c2-7e83-4bdf-aeb8-2365413dda7b	4	68929	9455251	5148	0.0023
5e8860c2-7e83-4bdf-aeb8-2365413dda7b	4	9459504	9477560	5	1.0903
5e8860c2-7e83-4bdf-aeb8-2365413dda7b	4	9477699	10208766	540	-0.0155
5e8860c2-7e83-4bdf-aeb8-2365413dda7b	4	10221792	10229874	28	-2.1084
5e8860c2-7e83-4bdf-aeb8-2365413dda7b	4	10232590	10233644	7	-0.9041
5e8860c2-7e83-4bdf-aeb8-2365413dda7b	4	10234518	34788894	16942	0.0057
5e8860c2-7e83-4bdf-aeb8-2365413dda7b	4	34789072	34823103	31	0.4736
5e8860c2-7e83-4bdf-aeb8-2365413dda7b	4	34828250	63828222	16513	0.0079
5e8860c2-7e83-4bdf-aeb8-2365413dda7b	4	63831751	63842540	28	-0.5506
5e8860c2-7e83-4bdf-aeb8-2365413dda7b	4	63850713	68394355	2849	0.0085
5e8860c2-7e83-4bdf-aeb8-2365413dda7b	4	68394833	68616004	79	-0.2814
5e8860c2-7e83-4bdf-aeb8-2365413dda7b	4	68618331	68663241	10	0.2808
5e8860c2-7e83-4bdf-aeb8-2365413dda7b	4	68671434	68686026	3	-1.155
5e8860c2-7e83-4bdf-aeb8-2365413dda7b	4	68725894	69090632	212	0.077
5e8860c2-7e83-4bdf-aeb8-2365413dda7b	4	69093407	69093961	2	-2.042
5e8860c2-7e83-4bdf-aeb8-2365413dda7b	4	69096028	69257792	92	-0.0402
5e8860c2-7e83-4bdf-aeb8-2365413dda7b	4	69261926	69361181	49	-0.4983
5e8860c2-7e83-4bdf-aeb8-2365413dda7b	4	69362906	156035480	52085	0.0069
5e8860c2-7e83-4bdf-aeb8-2365413dda7b	4	156046823	156052053	16	-0.7116
5e8860c2-7e83-4bdf-aeb8-2365413dda7b	4	156053545	160119586	2418	0.0121
5e8860c2-7e83-4bdf-aeb8-2365413dda7b	4	160120116	160145978	29	0.332
5e8860c2-7e83-4bdf-aeb8-2365413dda7b	4	160145993	160952848	605	0.0073
5e8860c2-7e83-4bdf-aeb8-2365413dda7b	4	160958866	160963971	28	-0.6057
5e8860c2-7e83-4bdf-aeb8-2365413dda7b	4	160964013	169922993	5676	0.0159
5e8860c2-7e83-4bdf-aeb8-2365413dda7b	4	169923329	169925890	4	-1.1045
5e8860c2-7e83-4bdf-aeb8-2365413dda7b	4	169926381	171447380	967	-0.0029
5e8860c2-7e83-4bdf-aeb8-2365413dda7b	4	171448195	171456573	12	0.9628
5e8860c2-7e83-4bdf-aeb8-2365413dda7b	4	171456625	172066777	397	0.0001
5e8860c2-7e83-4bdf-aeb8-2365413dda7b	4	172067997	172068382	12	0.4961
5e8860c2-7e83-4bdf-aeb8-2365413dda7b	4	172074828	172501371	230	0.0178
5e8860c2-7e83-4bdf-aeb8-2365413dda7b	4	172503796	172503878	2	2.114
5e8860c2-7e83-4bdf-aeb8-2365413dda7b	4	172504076	190106768	11819	0.0128
5e8860c2-7e83-4bdf-aeb8-2365413dda7b	5	15532	31775118	21981	0.0101
5e8860c2-7e83-4bdf-aeb8-2365413dda7b	5	31775735	31775918	2	-3.0541
5e8860c2-7e83-4bdf-aeb8-2365413dda7b	5	31779271	46271006	8624	0.0119
5e8860c2-7e83-4bdf-aeb8-2365413dda7b	5	46271828	46273400	6	-2.7365
5e8860c2-7e83-4bdf-aeb8-2365413dda7b	5	46278110	56367975	3879	0.0129
5e8860c2-7e83-4bdf-aeb8-2365413dda7b	5	56367989	56371463	6	-1.0352
5e8860c2-7e83-4bdf-aeb8-2365413dda7b	5	56371478	69550476	8478	0.0058
5e8860c2-7e83-4bdf-aeb8-2365413dda7b	5	69571467	69822308	5	-1.2723
5e8860c2-7e83-4bdf-aeb8-2365413dda7b	5	69937600	99156292	16404	0.0064
5e8860c2-7e83-4bdf-aeb8-2365413dda7b	5	99157253	100545701	770	0.0838
5e8860c2-7e83-4bdf-aeb8-2365413dda7b	5	100547648	121346678	13809	0.013
5e8860c2-7e83-4bdf-aeb8-2365413dda7b	5	121347646	121367606	13	-1.0159
5e8860c2-7e83-4bdf-aeb8-2365413dda7b	5	121369685	180947523	38416	0.0072
5e8860c2-7e83-4bdf-aeb8-2365413dda7b	5	180951710	180990207	15	0.729
5e8860c2-7e83-4bdf-aeb8-2365413dda7b	5	180990614	181363319	174	-0.0364
5e8860c2-7e83-4bdf-aeb8-2365413dda7b	6	149661	254283	101	-0.0227
5e8860c2-7e83-4bdf-aeb8-2365413dda7b	6	257353	294837	23	-1.0626
5e8860c2-7e83-4bdf-aeb8-2365413dda7b	6	302306	381149	78	0.283
5e8860c2-7e83-4bdf-aeb8-2365413dda7b	6	382559	2604411	1807	0.0014
5e8860c2-7e83-4bdf-aeb8-2365413dda7b	6	2604486	2604964	2	-2.1522
5e8860c2-7e83-4bdf-aeb8-2365413dda7b	6	2608562	19039888	12722	0.0036
5e8860c2-7e83-4bdf-aeb8-2365413dda7b	6	19041950	19044517	6	-0.9525
5e8860c2-7e83-4bdf-aeb8-2365413dda7b	6	19044532	24321809	3834	0.0021
5e8860c2-7e83-4bdf-aeb8-2365413dda7b	6	24325581	24326057	2	-2.228
5e8860c2-7e83-4bdf-aeb8-2365413dda7b	6	24328478	26739499	1601	0.0044
5e8860c2-7e83-4bdf-aeb8-2365413dda7b	6	26743855	26759781	6	-0.8473
5e8860c2-7e83-4bdf-aeb8-2365413dda7b	6	26831719	29869295	1411	0.0107
5e8860c2-7e83-4bdf-aeb8-2365413dda7b	6	29869410	29969327	56	0.3401
5e8860c2-7e83-4bdf-aeb8-2365413dda7b	6	29969485	32656527	1184	-0.0068
5e8860c2-7e83-4bdf-aeb8-2365413dda7b	6	32656814	32658841	5	-1.3334
5e8860c2-7e83-4bdf-aeb8-2365413dda7b	6	32682835	80574921	28349	0.0058
5e8860c2-7e83-4bdf-aeb8-2365413dda7b	6	80574999	80579817	29	-0.8902
5e8860c2-7e83-4bdf-aeb8-2365413dda7b	6	80584624	103286954	13982	0.009
5e8860c2-7e83-4bdf-aeb8-2365413dda7b	6	103290101	103314186	46	-1.0466
5e8860c2-7e83-4bdf-aeb8-2365413dda7b	6	103317795	147686008	27814	0.0045
5e8860c2-7e83-4bdf-aeb8-2365413dda7b	6	147687001	147687744	2	-2.4365
5e8860c2-7e83-4bdf-aeb8-2365413dda7b	6	147693411	154639748	5087	-0.0006
5e8860c2-7e83-4bdf-aeb8-2365413dda7b	6	154642532	154643380	2	-3.4695
5e8860c2-7e83-4bdf-aeb8-2365413dda7b	6	154645133	155875471	814	-0.0035
5e8860c2-7e83-4bdf-aeb8-2365413dda7b	6	155876368	155876644	2	-1.449
5e8860c2-7e83-4bdf-aeb8-2365413dda7b	6	155877247	156128615	209	0.0309
5e8860c2-7e83-4bdf-aeb8-2365413dda7b	6	156128624	156129007	2	-1.6589
5e8860c2-7e83-4bdf-aeb8-2365413dda7b	6	156130360	160944597	3095	0.0137
5e8860c2-7e83-4bdf-aeb8-2365413dda7b	6	160947236	160947815	3	-1.2914
5e8860c2-7e83-4bdf-aeb8-2365413dda7b	6	160948774	164699851	2976	0.0229
5e8860c2-7e83-4bdf-aeb8-2365413dda7b	6	164702603	164774062	42	0.6256
5e8860c2-7e83-4bdf-aeb8-2365413dda7b	6	164790550	170741917	3990	0.0023
5e8860c2-7e83-4bdf-aeb8-2365413dda7b	7	43355	22867612	16375	0.0194
5e8860c2-7e83-4bdf-aeb8-2365413dda7b	7	22868429	22868471	2	-1.8508
5e8860c2-7e83-4bdf-aeb8-2365413dda7b	7	22869489	26135922	2410	0.0206
5e8860c2-7e83-4bdf-aeb8-2365413dda7b	7	26138083	26141434	2	1.6335
5e8860c2-7e83-4bdf-aeb8-2365413dda7b	7	26142049	38271122	8506	0.0175
5e8860c2-7e83-4bdf-aeb8-2365413dda7b	7	38271497	38362895	118	0.2382
5e8860c2-7e83-4bdf-aeb8-2365413dda7b	7	38364786	70955452	17087	0.0127
5e8860c2-7e83-4bdf-aeb8-2365413dda7b	7	70958264	70961155	2	-2.1781
5e8860c2-7e83-4bdf-aeb8-2365413dda7b	7	70963257	126405502	32303	0.0148
5e8860c2-7e83-4bdf-aeb8-2365413dda7b	7	126405597	126406561	10	-1.2044
5e8860c2-7e83-4bdf-aeb8-2365413dda7b	7	126406822	134093715	4688	0.0075
5e8860c2-7e83-4bdf-aeb8-2365413dda7b	7	134093884	134105690	28	0.6076
5e8860c2-7e83-4bdf-aeb8-2365413dda7b	7	134110881	142069843	5196	0.0123
5e8860c2-7e83-4bdf-aeb8-2365413dda7b	7	142069880	142088203	27	0.4426
5e8860c2-7e83-4bdf-aeb8-2365413dda7b	7	142090177	144207186	1207	0.0453
5e8860c2-7e83-4bdf-aeb8-2365413dda7b	7	144249785	144312471	10	-0.8207
5e8860c2-7e83-4bdf-aeb8-2365413dda7b	7	144326306	159334314	9622	0.016
5e8860c2-7e83-4bdf-aeb8-2365413dda7b	8	81254	643041	322	0.0144
5e8860c2-7e83-4bdf-aeb8-2365413dda7b	8	644944	645875	8	0.6694
5e8860c2-7e83-4bdf-aeb8-2365413dda7b	8	645892	645908	2	4.4079
5e8860c2-7e83-4bdf-aeb8-2365413dda7b	8	656117	12143614	10650	0.0277
5e8860c2-7e83-4bdf-aeb8-2365413dda7b	8	12176798	12389977	31	-0.4851
5e8860c2-7e83-4bdf-aeb8-2365413dda7b	8	12418301	39368332	19390	0.0083
5e8860c2-7e83-4bdf-aeb8-2365413dda7b	8	39368369	39499356	53	0.3446
5e8860c2-7e83-4bdf-aeb8-2365413dda7b	8	39504170	50119451	4595	0.0125
5e8860c2-7e83-4bdf-aeb8-2365413dda7b	8	50119464	50119827	7	-1.7924
5e8860c2-7e83-4bdf-aeb8-2365413dda7b	8	50126018	63936079	9030	0.0021
5e8860c2-7e83-4bdf-aeb8-2365413dda7b	8	63936340	63936561	6	0.9404
5e8860c2-7e83-4bdf-aeb8-2365413dda7b	8	63936953	67631798	1870	-0.0046
5e8860c2-7e83-4bdf-aeb8-2365413dda7b	8	67635224	67637971	30	-0.7712
5e8860c2-7e83-4bdf-aeb8-2365413dda7b	8	67644593	111279265	26356	0.0041
5e8860c2-7e83-4bdf-aeb8-2365413dda7b	8	111282050	111283031	10	1.2923
5e8860c2-7e83-4bdf-aeb8-2365413dda7b	8	111288052	114619207	1817	0.0033
5e8860c2-7e83-4bdf-aeb8-2365413dda7b	8	114619814	114629340	33	-0.4204
5e8860c2-7e83-4bdf-aeb8-2365413dda7b	8	114629356	145072769	21007	0.0049
5e8860c2-7e83-4bdf-aeb8-2365413dda7b	9	46587	9803112	9311	0.0161
5e8860c2-7e83-4bdf-aeb8-2365413dda7b	9	9803232	12521650	2324	0.0577
5e8860c2-7e83-4bdf-aeb8-2365413dda7b	9	12521813	41473533	19531	0.003
5e8860c2-7e83-4bdf-aeb8-2365413dda7b	9	41533430	41741113	29	-0.5836
5e8860c2-7e83-4bdf-aeb8-2365413dda7b	9	42014203	42308537	33	0.213
5e8860c2-7e83-4bdf-aeb8-2365413dda7b	9	42501791	42727685	19	-0.8406
5e8860c2-7e83-4bdf-aeb8-2365413dda7b	9	42729302	138200944	48003	-0.0005
5e8860c2-7e83-4bdf-aeb8-2365413dda7b	10	45792	24086334	19143	0.0096
5e8860c2-7e83-4bdf-aeb8-2365413dda7b	10	24088745	24089979	12	0.9782
5e8860c2-7e83-4bdf-aeb8-2365413dda7b	10	24090022	46780843	12489	0.0059
5e8860c2-7e83-4bdf-aeb8-2365413dda7b	10	46792335	46810571	4	-1.6515
5e8860c2-7e83-4bdf-aeb8-2365413dda7b	10	46836986	65546321	12647	0.0125
5e8860c2-7e83-4bdf-aeb8-2365413dda7b	10	65546400	65563168	32	0.434
5e8860c2-7e83-4bdf-aeb8-2365413dda7b	10	65565695	69522716	2536	0.018
5e8860c2-7e83-4bdf-aeb8-2365413dda7b	10	69522730	69523086	4	-2.0318
5e8860c2-7e83-4bdf-aeb8-2365413dda7b	10	69531858	76493093	4222	0.0014
5e8860c2-7e83-4bdf-aeb8-2365413dda7b	10	76497303	76497852	2	-1.9855
5e8860c2-7e83-4bdf-aeb8-2365413dda7b	10	76501509	79684125	2443	0.0011
5e8860c2-7e83-4bdf-aeb8-2365413dda7b	10	79689251	79857864	30	-0.6095
5e8860c2-7e83-4bdf-aeb8-2365413dda7b	10	79870100	118414286	25654	0.0049
5e8860c2-7e83-4bdf-aeb8-2365413dda7b	10	118416205	118418795	7	-1.0021
5e8860c2-7e83-4bdf-aeb8-2365413dda7b	10	118419847	133654968	11186	0.0063
5e8860c2-7e83-4bdf-aeb8-2365413dda7b	11	198510	4946420	2411	-0.0191
5e8860c2-7e83-4bdf-aeb8-2365413dda7b	11	4947280	4955042	30	-1.8634
5e8860c2-7e83-4bdf-aeb8-2365413dda7b	11	4955781	18917623	10192	0.012
5e8860c2-7e83-4bdf-aeb8-2365413dda7b	11	18918546	18949628	54	0.4543
5e8860c2-7e83-4bdf-aeb8-2365413dda7b	11	18949833	49737435	20973	0.0079
5e8860c2-7e83-4bdf-aeb8-2365413dda7b	11	49738003	49739136	6	-1.0077
5e8860c2-7e83-4bdf-aeb8-2365413dda7b	11	49744609	50343073	272	0.0306
5e8860c2-7e83-4bdf-aeb8-2365413dda7b	11	50384671	50386219	5	-1.0111
5e8860c2-7e83-4bdf-aeb8-2365413dda7b	11	50397885	55198132	240	0.0926
5e8860c2-7e83-4bdf-aeb8-2365413dda7b	11	55202385	55214735	5	-0.7385
5e8860c2-7e83-4bdf-aeb8-2365413dda7b	11	55241999	55595864	201	0.0755
5e8860c2-7e83-4bdf-aeb8-2365413dda7b	11	55606556	55701288	69	0.3988
5e8860c2-7e83-4bdf-aeb8-2365413dda7b	11	55706718	60457362	2920	0.0185
5e8860c2-7e83-4bdf-aeb8-2365413dda7b	11	60461274	60463593	11	-0.7143
5e8860c2-7e83-4bdf-aeb8-2365413dda7b	11	60464342	86594775	14763	0.0037
5e8860c2-7e83-4bdf-aeb8-2365413dda7b	11	86594833	86595012	3	-2.7727
5e8860c2-7e83-4bdf-aeb8-2365413dda7b	11	86604132	101723653	10775	0.012
5e8860c2-7e83-4bdf-aeb8-2365413dda7b	11	101727129	101727233	4	3.1052
5e8860c2-7e83-4bdf-aeb8-2365413dda7b	11	101727481	107777591	4098	0.0199
5e8860c2-7e83-4bdf-aeb8-2365413dda7b	11	107778084	107800802	16	0.6248
5e8860c2-7e83-4bdf-aeb8-2365413dda7b	11	107800875	135074876	19536	0.0091
5e8860c2-7e83-4bdf-aeb8-2365413dda7b	12	51460	11358643	7348	0.0086
5e8860c2-7e83-4bdf-aeb8-2365413dda7b	12	11358644	11388095	28	0.8412
5e8860c2-7e83-4bdf-aeb8-2365413dda7b	12	11390452	22162587	7328	0.0054
5e8860c2-7e83-4bdf-aeb8-2365413dda7b	12	22162594	22165080	3	-1.7864
5e8860c2-7e83-4bdf-aeb8-2365413dda7b	12	22165521	33148472	8009	0.0078
5e8860c2-7e83-4bdf-aeb8-2365413dda7b	12	33148492	33155426	27	-0.6088
5e8860c2-7e83-4bdf-aeb8-2365413dda7b	12	33155453	38283793	1012	0.042
5e8860c2-7e83-4bdf-aeb8-2365413dda7b	12	38285997	38814144	315	0.1426
5e8860c2-7e83-4bdf-aeb8-2365413dda7b	12	38815067	63527063	14873	0.009
5e8860c2-7e83-4bdf-aeb8-2365413dda7b	12	63531025	63751525	66	0.6455
5e8860c2-7e83-4bdf-aeb8-2365413dda7b	12	63757045	133201603	45635	0.0093
5e8860c2-7e83-4bdf-aeb8-2365413dda7b	13	18452809	19547319	530	0.0053
5e8860c2-7e83-4bdf-aeb8-2365413dda7b	13	19549755	19549770	2	-2.3988
5e8860c2-7e83-4bdf-aeb8-2365413dda7b	13	19550361	52520664	22807	0.0102
5e8860c2-7e83-4bdf-aeb8-2365413dda7b	13	52523849	52531650	3	-1.8743
5e8860c2-7e83-4bdf-aeb8-2365413dda7b	13	52543744	57176962	2613	0.0027
5e8860c2-7e83-4bdf-aeb8-2365413dda7b	13	57184136	57189923	15	0.843
5e8860c2-7e83-4bdf-aeb8-2365413dda7b	13	57189965	57189979	2	-0.5929
5e8860c2-7e83-4bdf-aeb8-2365413dda7b	13	57190029	57336060	96	0.2275
5e8860c2-7e83-4bdf-aeb8-2365413dda7b	13	57337226	66431999	5385	0.0107
5e8860c2-7e83-4bdf-aeb8-2365413dda7b	13	66432049	66514237	61	0.2479
5e8860c2-7e83-4bdf-aeb8-2365413dda7b	13	66514299	105209065	25963	0.0051
5e8860c2-7e83-4bdf-aeb8-2365413dda7b	13	105209200	105532089	252	0.1283
5e8860c2-7e83-4bdf-aeb8-2365413dda7b	13	105532531	114342922	6238	-0.0006
5e8860c2-7e83-4bdf-aeb8-2365413dda7b	14	18239283	18693043	25	-0.1333
5e8860c2-7e83-4bdf-aeb8-2365413dda7b	14	18950560	19957350	143	-0.3927
5e8860c2-7e83-4bdf-aeb8-2365413dda7b	14	19957701	21919236	1331	0.0197
5e8860c2-7e83-4bdf-aeb8-2365413dda7b	14	21919594	22509533	530	0.2015
5e8860c2-7e83-4bdf-aeb8-2365413dda7b	14	22509594	44031914	13417	0.0123
5e8860c2-7e83-4bdf-aeb8-2365413dda7b	14	44032725	44061252	20	-1.0245
5e8860c2-7e83-4bdf-aeb8-2365413dda7b	14	44063093	106320716	39493	0.0067
5e8860c2-7e83-4bdf-aeb8-2365413dda7b	14	106321086	106360014	9	0.89
5e8860c2-7e83-4bdf-aeb8-2365413dda7b	14	106362628	106877229	273	0.0441
5e8860c2-7e83-4bdf-aeb8-2365413dda7b	15	19811075	20001686	45	-0.0418
5e8860c2-7e83-4bdf-aeb8-2365413dda7b	15	20011702	20056983	5	-1.7012
5e8860c2-7e83-4bdf-aeb8-2365413dda7b	15	20059033	22635920	174	0.2036
5e8860c2-7e83-4bdf-aeb8-2365413dda7b	15	22646628	24424598	973	0.0116
5e8860c2-7e83-4bdf-aeb8-2365413dda7b	15	24429604	24482084	36	-0.6557
5e8860c2-7e83-4bdf-aeb8-2365413dda7b	15	24485848	101928837	50165	0.0091
5e8860c2-7e83-4bdf-aeb8-2365413dda7b	16	10777	5557889	2619	-0.0189
5e8860c2-7e83-4bdf-aeb8-2365413dda7b	16	5558088	5558150	2	-2.4577
5e8860c2-7e83-4bdf-aeb8-2365413dda7b	16	5558336	14843467	8457	0.0209
5e8860c2-7e83-4bdf-aeb8-2365413dda7b	16	14845483	14991827	50	-0.3401
5e8860c2-7e83-4bdf-aeb8-2365413dda7b	16	14993314	16202055	592	0.0308
5e8860c2-7e83-4bdf-aeb8-2365413dda7b	16	16236633	16563603	24	-0.4446
5e8860c2-7e83-4bdf-aeb8-2365413dda7b	16	16569719	78337711	29399	0.0146
5e8860c2-7e83-4bdf-aeb8-2365413dda7b	16	78338543	78350841	16	-2.3349
5e8860c2-7e83-4bdf-aeb8-2365413dda7b	16	78350868	90096867	10578	0.0035
5e8860c2-7e83-4bdf-aeb8-2365413dda7b	17	150733	15134796	9647	0.0111
5e8860c2-7e83-4bdf-aeb8-2365413dda7b	17	15140609	15151185	30	-0.9403
5e8860c2-7e83-4bdf-aeb8-2365413dda7b	17	15155674	18414080	1680	0.0163
5e8860c2-7e83-4bdf-aeb8-2365413dda7b	17	18452078	18571332	29	0.407
5e8860c2-7e83-4bdf-aeb8-2365413dda7b	17	18592992	36109139	6809	0.0146
5e8860c2-7e83-4bdf-aeb8-2365413dda7b	17	36109735	36134521	22	-0.5299
5e8860c2-7e83-4bdf-aeb8-2365413dda7b	17	36135943	41265456	2535	0.0059
5e8860c2-7e83-4bdf-aeb8-2365413dda7b	17	41266762	41274279	24	-1.1636
5e8860c2-7e83-4bdf-aeb8-2365413dda7b	17	41276472	46161868	2553	0.0031
5e8860c2-7e83-4bdf-aeb8-2365413dda7b	17	46162808	46162893	3	-1.3118
5e8860c2-7e83-4bdf-aeb8-2365413dda7b	17	46162908	46323701	65	-0.1632
5e8860c2-7e83-4bdf-aeb8-2365413dda7b	17	46351954	46446360	3	2.4547
5e8860c2-7e83-4bdf-aeb8-2365413dda7b	17	46569894	83091923	21497	0.0029
5e8860c2-7e83-4bdf-aeb8-2365413dda7b	18	48133	67292086	41017	-0.0221
5e8860c2-7e83-4bdf-aeb8-2365413dda7b	18	67292135	67300028	18	-0.7484
5e8860c2-7e83-4bdf-aeb8-2365413dda7b	18	67300481	71771454	3299	0.0011
5e8860c2-7e83-4bdf-aeb8-2365413dda7b	18	71771837	73404078	1262	0.0552
5e8860c2-7e83-4bdf-aeb8-2365413dda7b	18	73404135	80257174	5001	-0.023
5e8860c2-7e83-4bdf-aeb8-2365413dda7b	19	90910	8994873	3297	-0.0122
5e8860c2-7e83-4bdf-aeb8-2365413dda7b	19	8995829	8995943	2	-2.2781
5e8860c2-7e83-4bdf-aeb8-2365413dda7b	19	8995948	35358420	13372	0.0099
5e8860c2-7e83-4bdf-aeb8-2365413dda7b	19	35364451	35370268	17	-0.6741
5e8860c2-7e83-4bdf-aeb8-2365413dda7b	19	35370747	54226329	9771	0.0072
5e8860c2-7e83-4bdf-aeb8-2365413dda7b	19	54226360	54237443	15	0.7141
5e8860c2-7e83-4bdf-aeb8-2365413dda7b	19	54249482	55770704	744	0.018
5e8860c2-7e83-4bdf-aeb8-2365413dda7b	19	55771003	55771701	4	-2.3084
5e8860c2-7e83-4bdf-aeb8-2365413dda7b	19	55774927	58586487	1835	0.0134
5e8860c2-7e83-4bdf-aeb8-2365413dda7b	20	80664	1580934	1201	-0.0057
5e8860c2-7e83-4bdf-aeb8-2365413dda7b	20	1581021	1617300	41	-0.3544
5e8860c2-7e83-4bdf-aeb8-2365413dda7b	20	1617460	60990189	39232	0.01
5e8860c2-7e83-4bdf-aeb8-2365413dda7b	20	60993969	61015145	50	0.7241
5e8860c2-7e83-4bdf-aeb8-2365413dda7b	20	61015428	64324800	1739	-0.0044
5e8860c2-7e83-4bdf-aeb8-2365413dda7b	21	10354168	13160229	109	0.2566
5e8860c2-7e83-4bdf-aeb8-2365413dda7b	21	13166157	46677045	23677	0.0057
5e8860c2-7e83-4bdf-aeb8-2365413dda7b	22	15294547	15570064	12	0.0803
5e8860c2-7e83-4bdf-aeb8-2365413dda7b	22	15583346	15696762	7	-1.2992
5e8860c2-7e83-4bdf-aeb8-2365413dda7b	22	15729257	19976143	1798	-0.0125
5e8860c2-7e83-4bdf-aeb8-2365413dda7b	22	19978797	19984760	2	-1.983
5e8860c2-7e83-4bdf-aeb8-2365413dda7b	22	19989173	42508600	15286	0.0047
5e8860c2-7e83-4bdf-aeb8-2365413dda7b	22	42510995	42538456	19	0.6928
5e8860c2-7e83-4bdf-aeb8-2365413dda7b	22	42546956	50528603	5941	-0.0117
5e8860c2-7e83-4bdf-aeb8-2365413dda7b	22	50534679	50534687	5	-1.3755
5e8860c2-7e83-4bdf-aeb8-2365413dda7b	22	50535325	50796027	143	-0.1064
5e8860c2-7e83-4bdf-aeb8-2365413dda7b	X	251810	155952689	83273	0.0054
5e8860c2-7e83-4bdf-aeb8-2365413dda7b	Y	2782397	56872112	6640	-0.946
