GDC_Aliquot	Chromosome	Start	End	Num_Probes	Segment_Mean
53c5d889-a5c7-4aa9-bddb-19140e67bc1c	1	62920	668210	21	0.2769
53c5d889-a5c7-4aa9-bddb-19140e67bc1c	1	771719	1948516	299	-0.6194
53c5d889-a5c7-4aa9-bddb-19140e67bc1c	1	1956754	1956930	2	-3.1338
53c5d889-a5c7-4aa9-bddb-19140e67bc1c	1	1958678	25256850	13647	-0.7145
53c5d889-a5c7-4aa9-bddb-19140e67bc1c	1	25266637	25361053	38	-0.1738
53c5d889-a5c7-4aa9-bddb-19140e67bc1c	1	25361096	51067956	14034	-0.6889
53c5d889-a5c7-4aa9-bddb-19140e67bc1c	1	51073136	72302815	14632	0.1009
53c5d889-a5c7-4aa9-bddb-19140e67bc1c	1	72303233	72345465	46	1.0818
53c5d889-a5c7-4aa9-bddb-19140e67bc1c	1	72346221	103560608	19958	0.1105
53c5d889-a5c7-4aa9-bddb-19140e67bc1c	1	103566616	103616762	26	0.4582
53c5d889-a5c7-4aa9-bddb-19140e67bc1c	1	103620877	105470754	919	0.117
53c5d889-a5c7-4aa9-bddb-19140e67bc1c	1	105476583	105479753	17	0.7705
53c5d889-a5c7-4aa9-bddb-19140e67bc1c	1	105481433	109679105	2628	0.1049
53c5d889-a5c7-4aa9-bddb-19140e67bc1c	1	109684695	109692006	12	-0.4868
53c5d889-a5c7-4aa9-bddb-19140e67bc1c	1	109696900	110834746	839	0.1078
53c5d889-a5c7-4aa9-bddb-19140e67bc1c	1	110834943	110834953	4	-2.2245
53c5d889-a5c7-4aa9-bddb-19140e67bc1c	1	110836273	110836709	8	-3.9878
53c5d889-a5c7-4aa9-bddb-19140e67bc1c	1	110836717	110845604	26	-1.9406
53c5d889-a5c7-4aa9-bddb-19140e67bc1c	1	110849445	111769532	707	0.0997
53c5d889-a5c7-4aa9-bddb-19140e67bc1c	1	111769589	111769929	3	1.095
53c5d889-a5c7-4aa9-bddb-19140e67bc1c	1	111770456	112147704	363	0.1207
53c5d889-a5c7-4aa9-bddb-19140e67bc1c	1	112153343	112154768	25	0.6342
53c5d889-a5c7-4aa9-bddb-19140e67bc1c	1	112163334	119758152	4879	0.0995
53c5d889-a5c7-4aa9-bddb-19140e67bc1c	1	119762883	119762902	2	-1.0581
53c5d889-a5c7-4aa9-bddb-19140e67bc1c	1	119763366	121705338	272	0.1058
53c5d889-a5c7-4aa9-bddb-19140e67bc1c	1	143459641	144432083	129	-0.6063
53c5d889-a5c7-4aa9-bddb-19140e67bc1c	1	144432313	146150530	179	0.1797
53c5d889-a5c7-4aa9-bddb-19140e67bc1c	1	146161924	146250588	3	1.387
53c5d889-a5c7-4aa9-bddb-19140e67bc1c	1	146716041	152583668	2130	0.0951
53c5d889-a5c7-4aa9-bddb-19140e67bc1c	1	152583938	152624895	50	0.3448
53c5d889-a5c7-4aa9-bddb-19140e67bc1c	1	152625520	152787202	146	0.1
53c5d889-a5c7-4aa9-bddb-19140e67bc1c	1	152789447	152795805	33	-0.2654
53c5d889-a5c7-4aa9-bddb-19140e67bc1c	1	152795862	191438535	25875	0.1001
53c5d889-a5c7-4aa9-bddb-19140e67bc1c	1	191440536	191495299	39	-0.6354
53c5d889-a5c7-4aa9-bddb-19140e67bc1c	1	191497153	193186662	1117	0.1071
53c5d889-a5c7-4aa9-bddb-19140e67bc1c	1	193187149	193187218	4	-0.6553
53c5d889-a5c7-4aa9-bddb-19140e67bc1c	1	193190593	196762956	2394	0.1193
53c5d889-a5c7-4aa9-bddb-19140e67bc1c	1	196769493	196847600	58	-0.4068
53c5d889-a5c7-4aa9-bddb-19140e67bc1c	1	196854187	209897717	8772	0.0976
53c5d889-a5c7-4aa9-bddb-19140e67bc1c	1	209908268	209913207	4	1.362
53c5d889-a5c7-4aa9-bddb-19140e67bc1c	1	209920149	248626391	26823	0.1018
53c5d889-a5c7-4aa9-bddb-19140e67bc1c	1	248626572	248664935	14	0.5369
53c5d889-a5c7-4aa9-bddb-19140e67bc1c	1	248668953	248930189	134	0.1128
53c5d889-a5c7-4aa9-bddb-19140e67bc1c	2	12784	3680971	2565	0.0973
53c5d889-a5c7-4aa9-bddb-19140e67bc1c	2	3684956	3685265	3	-0.8504
53c5d889-a5c7-4aa9-bddb-19140e67bc1c	2	3685683	4158097	416	0.0676
53c5d889-a5c7-4aa9-bddb-19140e67bc1c	2	4166274	4175577	36	-0.6675
53c5d889-a5c7-4aa9-bddb-19140e67bc1c	2	4175922	18139320	10663	0.0937
53c5d889-a5c7-4aa9-bddb-19140e67bc1c	2	18147073	18171139	22	0.5787
53c5d889-a5c7-4aa9-bddb-19140e67bc1c	2	18171735	34492061	10372	0.0984
53c5d889-a5c7-4aa9-bddb-19140e67bc1c	2	34492401	34511990	23	0.5744
53c5d889-a5c7-4aa9-bddb-19140e67bc1c	2	34512096	35750907	868	0.1327
53c5d889-a5c7-4aa9-bddb-19140e67bc1c	2	35752724	35762850	6	-1.7986
53c5d889-a5c7-4aa9-bddb-19140e67bc1c	2	35762881	86710564	34032	0.1
53c5d889-a5c7-4aa9-bddb-19140e67bc1c	2	86725947	86726731	2	-1.4301
53c5d889-a5c7-4aa9-bddb-19140e67bc1c	2	86743283	97359885	1930	0.0933
53c5d889-a5c7-4aa9-bddb-19140e67bc1c	2	97524284	97545726	9	-1.0439
53c5d889-a5c7-4aa9-bddb-19140e67bc1c	2	97550415	139603816	25367	0.0982
53c5d889-a5c7-4aa9-bddb-19140e67bc1c	2	139608522	139615765	2	-3.4742
53c5d889-a5c7-4aa9-bddb-19140e67bc1c	2	139620979	146104517	4002	0.1038
53c5d889-a5c7-4aa9-bddb-19140e67bc1c	2	146106836	146109366	24	-1.686
53c5d889-a5c7-4aa9-bddb-19140e67bc1c	2	146120238	182188931	22208	0.1026
53c5d889-a5c7-4aa9-bddb-19140e67bc1c	2	182190268	182194473	5	-0.7327
53c5d889-a5c7-4aa9-bddb-19140e67bc1c	2	182201207	188254196	3474	0.1146
53c5d889-a5c7-4aa9-bddb-19140e67bc1c	2	188255201	188264331	5	-2.0128
53c5d889-a5c7-4aa9-bddb-19140e67bc1c	2	188264452	194779078	3637	0.115
53c5d889-a5c7-4aa9-bddb-19140e67bc1c	2	194781329	195341649	340	0.1922
53c5d889-a5c7-4aa9-bddb-19140e67bc1c	2	195345584	220175437	15295	0.1003
53c5d889-a5c7-4aa9-bddb-19140e67bc1c	2	220181066	220202970	24	-0.6165
53c5d889-a5c7-4aa9-bddb-19140e67bc1c	2	220204586	242147305	14001	0.091
53c5d889-a5c7-4aa9-bddb-19140e67bc1c	3	20930	2696967	2314	0.1511
53c5d889-a5c7-4aa9-bddb-19140e67bc1c	3	2697017	25953763	17262	0.1086
53c5d889-a5c7-4aa9-bddb-19140e67bc1c	3	25954483	26384700	272	0.1768
53c5d889-a5c7-4aa9-bddb-19140e67bc1c	3	26392633	26397852	5	-1.0212
53c5d889-a5c7-4aa9-bddb-19140e67bc1c	3	26404482	59704936	20349	0.0983
53c5d889-a5c7-4aa9-bddb-19140e67bc1c	3	59705352	60985136	1452	0.1667
53c5d889-a5c7-4aa9-bddb-19140e67bc1c	3	60987005	68697013	6055	0.1017
53c5d889-a5c7-4aa9-bddb-19140e67bc1c	3	68697108	68698262	14	1.1312
53c5d889-a5c7-4aa9-bddb-19140e67bc1c	3	68699607	75519398	4914	0.1029
53c5d889-a5c7-4aa9-bddb-19140e67bc1c	3	75523398	75559488	9	0.8417
53c5d889-a5c7-4aa9-bddb-19140e67bc1c	3	75564023	82815398	4092	0.119
53c5d889-a5c7-4aa9-bddb-19140e67bc1c	3	82823628	82831894	7	-0.5558
53c5d889-a5c7-4aa9-bddb-19140e67bc1c	3	82833626	83254573	208	0.1278
53c5d889-a5c7-4aa9-bddb-19140e67bc1c	3	83256215	83256584	2	-1.1226
53c5d889-a5c7-4aa9-bddb-19140e67bc1c	3	83263666	84053071	353	0.1369
53c5d889-a5c7-4aa9-bddb-19140e67bc1c	3	84056282	84057015	2	-1.1814
53c5d889-a5c7-4aa9-bddb-19140e67bc1c	3	84061816	89337951	3010	0.1174
53c5d889-a5c7-4aa9-bddb-19140e67bc1c	3	89345442	89345592	8	-0.5774
53c5d889-a5c7-4aa9-bddb-19140e67bc1c	3	89355950	89355967	4	0.0719
53c5d889-a5c7-4aa9-bddb-19140e67bc1c	3	89356604	89370231	39	-0.6467
53c5d889-a5c7-4aa9-bddb-19140e67bc1c	3	89370771	162790480	42206	0.107
53c5d889-a5c7-4aa9-bddb-19140e67bc1c	3	162794869	162807070	12	0.8005
53c5d889-a5c7-4aa9-bddb-19140e67bc1c	3	162810842	162813082	3	-0.4338
53c5d889-a5c7-4aa9-bddb-19140e67bc1c	3	162815162	162822702	7	-1.4909
53c5d889-a5c7-4aa9-bddb-19140e67bc1c	3	162827928	162849883	10	0.9603
53c5d889-a5c7-4aa9-bddb-19140e67bc1c	3	162849938	162906093	35	0.4182
53c5d889-a5c7-4aa9-bddb-19140e67bc1c	3	162906109	162908815	5	0.9737
53c5d889-a5c7-4aa9-bddb-19140e67bc1c	3	162910826	193160113	19123	0.1078
53c5d889-a5c7-4aa9-bddb-19140e67bc1c	3	193160173	193161217	6	1.5478
53c5d889-a5c7-4aa9-bddb-19140e67bc1c	3	193162684	198124600	2696	0.1082
53c5d889-a5c7-4aa9-bddb-19140e67bc1c	3	198125948	198169247	6	-0.7047
53c5d889-a5c7-4aa9-bddb-19140e67bc1c	4	68929	10208670	5700	0.1033
53c5d889-a5c7-4aa9-bddb-19140e67bc1c	4	10208766	10228296	18	0.9308
53c5d889-a5c7-4aa9-bddb-19140e67bc1c	4	10228326	10233644	19	0.4377
53c5d889-a5c7-4aa9-bddb-19140e67bc1c	4	10234518	10396694	174	0.1014
53c5d889-a5c7-4aa9-bddb-19140e67bc1c	4	10396835	10398532	11	-0.6043
53c5d889-a5c7-4aa9-bddb-19140e67bc1c	4	10398887	34777238	16759	0.111
53c5d889-a5c7-4aa9-bddb-19140e67bc1c	4	34777340	34828306	47	0.4867
53c5d889-a5c7-4aa9-bddb-19140e67bc1c	4	34828327	42857623	5308	0.1012
53c5d889-a5c7-4aa9-bddb-19140e67bc1c	4	42858175	44168648	804	0.1387
53c5d889-a5c7-4aa9-bddb-19140e67bc1c	4	44171456	44184810	9	-0.3513
53c5d889-a5c7-4aa9-bddb-19140e67bc1c	4	44187478	51955153	2938	0.1245
53c5d889-a5c7-4aa9-bddb-19140e67bc1c	4	51956008	54353318	1520	0.0806
53c5d889-a5c7-4aa9-bddb-19140e67bc1c	4	54353363	54354188	8	-0.6893
53c5d889-a5c7-4aa9-bddb-19140e67bc1c	4	54355243	63828222	5946	0.1153
53c5d889-a5c7-4aa9-bddb-19140e67bc1c	4	63831751	63841887	22	-1.2108
53c5d889-a5c7-4aa9-bddb-19140e67bc1c	4	63842036	63842540	6	-3.1228
53c5d889-a5c7-4aa9-bddb-19140e67bc1c	4	63850713	68354665	2841	0.1322
53c5d889-a5c7-4aa9-bddb-19140e67bc1c	4	68361130	68663241	94	-0.0853
53c5d889-a5c7-4aa9-bddb-19140e67bc1c	4	68671434	69255532	308	0.1315
53c5d889-a5c7-4aa9-bddb-19140e67bc1c	4	69255545	69385210	67	0.3992
53c5d889-a5c7-4aa9-bddb-19140e67bc1c	4	69386698	82356608	8070	0.1112
53c5d889-a5c7-4aa9-bddb-19140e67bc1c	4	82357640	82358250	2	-1.3182
53c5d889-a5c7-4aa9-bddb-19140e67bc1c	4	82363007	115244637	19820	0.1117
53c5d889-a5c7-4aa9-bddb-19140e67bc1c	4	115244651	115254969	25	-0.5945
53c5d889-a5c7-4aa9-bddb-19140e67bc1c	4	115259026	118804851	2045	0.1268
53c5d889-a5c7-4aa9-bddb-19140e67bc1c	4	118808925	118813334	2	-2.9074
53c5d889-a5c7-4aa9-bddb-19140e67bc1c	4	118814724	171448195	31921	0.1192
53c5d889-a5c7-4aa9-bddb-19140e67bc1c	4	171453733	171456307	9	-1.4248
53c5d889-a5c7-4aa9-bddb-19140e67bc1c	4	171456559	190106768	12477	0.1156
53c5d889-a5c7-4aa9-bddb-19140e67bc1c	5	15532	722281	315	0.1198
53c5d889-a5c7-4aa9-bddb-19140e67bc1c	5	724612	779766	19	-0.336
53c5d889-a5c7-4aa9-bddb-19140e67bc1c	5	800724	1309352	248	0.077
53c5d889-a5c7-4aa9-bddb-19140e67bc1c	5	1313552	1325688	8	-0.703
53c5d889-a5c7-4aa9-bddb-19140e67bc1c	5	1340343	46251204	30023	0.1047
53c5d889-a5c7-4aa9-bddb-19140e67bc1c	5	46270906	46273400	8	-2.2881
53c5d889-a5c7-4aa9-bddb-19140e67bc1c	5	46278110	58025819	5067	0.1032
53c5d889-a5c7-4aa9-bddb-19140e67bc1c	5	58030200	58037706	32	2.2098
53c5d889-a5c7-4aa9-bddb-19140e67bc1c	5	58042530	69550476	7280	0.1064
53c5d889-a5c7-4aa9-bddb-19140e67bc1c	5	69571467	69822308	5	-0.6513
53c5d889-a5c7-4aa9-bddb-19140e67bc1c	5	69937600	73756096	1491	0.1029
53c5d889-a5c7-4aa9-bddb-19140e67bc1c	5	73756496	73756931	3	-1.8628
53c5d889-a5c7-4aa9-bddb-19140e67bc1c	5	73764951	99279835	14977	0.108
53c5d889-a5c7-4aa9-bddb-19140e67bc1c	5	99280815	100219788	563	0.1818
53c5d889-a5c7-4aa9-bddb-19140e67bc1c	5	100219990	104171056	2246	0.1137
53c5d889-a5c7-4aa9-bddb-19140e67bc1c	5	104174079	104198425	22	-0.9857
53c5d889-a5c7-4aa9-bddb-19140e67bc1c	5	104199787	112924706	5790	0.1107
53c5d889-a5c7-4aa9-bddb-19140e67bc1c	5	112928842	112940950	9	-0.8576
53c5d889-a5c7-4aa9-bddb-19140e67bc1c	5	112948526	118050922	3779	0.1137
53c5d889-a5c7-4aa9-bddb-19140e67bc1c	5	118052727	118053390	11	-0.5254
53c5d889-a5c7-4aa9-bddb-19140e67bc1c	5	118068645	150825938	20377	0.1043
53c5d889-a5c7-4aa9-bddb-19140e67bc1c	5	150826533	150839042	7	-0.5743
53c5d889-a5c7-4aa9-bddb-19140e67bc1c	5	150843825	152135937	967	0.0958
53c5d889-a5c7-4aa9-bddb-19140e67bc1c	5	152136158	152138790	10	-0.5935
53c5d889-a5c7-4aa9-bddb-19140e67bc1c	5	152140710	175946505	16718	0.1006
53c5d889-a5c7-4aa9-bddb-19140e67bc1c	5	175960543	175999690	8	0.8247
53c5d889-a5c7-4aa9-bddb-19140e67bc1c	5	176004572	178680821	1178	0.1093
53c5d889-a5c7-4aa9-bddb-19140e67bc1c	5	178682974	178686162	3	-2.6391
53c5d889-a5c7-4aa9-bddb-19140e67bc1c	5	178691854	180947523	1345	0.0933
53c5d889-a5c7-4aa9-bddb-19140e67bc1c	5	180951710	180971271	6	1.0333
53c5d889-a5c7-4aa9-bddb-19140e67bc1c	5	180972373	181015400	16	0.5528
53c5d889-a5c7-4aa9-bddb-19140e67bc1c	5	181015441	181363319	167	0.1181
53c5d889-a5c7-4aa9-bddb-19140e67bc1c	6	149661	253861	99	0.1007
53c5d889-a5c7-4aa9-bddb-19140e67bc1c	6	254267	265113	7	0.3385
53c5d889-a5c7-4aa9-bddb-19140e67bc1c	6	265143	285695	10	0.7049
53c5d889-a5c7-4aa9-bddb-19140e67bc1c	6	286393	294837	8	0.364
53c5d889-a5c7-4aa9-bddb-19140e67bc1c	6	302306	2701830	1996	0.1045
53c5d889-a5c7-4aa9-bddb-19140e67bc1c	6	2701887	2701901	2	-1.0426
53c5d889-a5c7-4aa9-bddb-19140e67bc1c	6	2704200	5877417	2593	0.1055
53c5d889-a5c7-4aa9-bddb-19140e67bc1c	6	5883488	5898125	17	-0.5921
53c5d889-a5c7-4aa9-bddb-19140e67bc1c	6	5898142	29931900	16924	0.1019
53c5d889-a5c7-4aa9-bddb-19140e67bc1c	6	29933787	29993660	43	-0.2272
53c5d889-a5c7-4aa9-bddb-19140e67bc1c	6	29993662	31313046	602	0.0914
53c5d889-a5c7-4aa9-bddb-19140e67bc1c	6	31318499	31342147	12	-1.1721
53c5d889-a5c7-4aa9-bddb-19140e67bc1c	6	31349570	32529429	513	0.0614
53c5d889-a5c7-4aa9-bddb-19140e67bc1c	6	32533522	32562367	8	-1.232
53c5d889-a5c7-4aa9-bddb-19140e67bc1c	6	32562521	32627306	25	-0.1033
53c5d889-a5c7-4aa9-bddb-19140e67bc1c	6	32627455	32658841	15	-1.2812
53c5d889-a5c7-4aa9-bddb-19140e67bc1c	6	32682835	48963228	10377	0.1043
53c5d889-a5c7-4aa9-bddb-19140e67bc1c	6	48964092	48967563	5	-0.8075
53c5d889-a5c7-4aa9-bddb-19140e67bc1c	6	48978926	49997330	569	0.121
53c5d889-a5c7-4aa9-bddb-19140e67bc1c	6	49999731	55598090	3721	-0.6903
53c5d889-a5c7-4aa9-bddb-19140e67bc1c	6	55598641	63773415	2758	0.0899
53c5d889-a5c7-4aa9-bddb-19140e67bc1c	6	63777867	73882142	6606	-0.662
53c5d889-a5c7-4aa9-bddb-19140e67bc1c	6	73882509	73887625	9	0.1765
53c5d889-a5c7-4aa9-bddb-19140e67bc1c	6	73891694	76730151	1769	-0.6535
53c5d889-a5c7-4aa9-bddb-19140e67bc1c	6	76730331	76733530	10	-2.379
53c5d889-a5c7-4aa9-bddb-19140e67bc1c	6	76736482	78253172	983	-0.6471
53c5d889-a5c7-4aa9-bddb-19140e67bc1c	6	78259348	78317411	102	-0.1199
53c5d889-a5c7-4aa9-bddb-19140e67bc1c	6	78317528	103286954	15445	-0.6688
53c5d889-a5c7-4aa9-bddb-19140e67bc1c	6	103290101	103317795	47	-1.2338
53c5d889-a5c7-4aa9-bddb-19140e67bc1c	6	103317836	134416870	19344	-0.6766
53c5d889-a5c7-4aa9-bddb-19140e67bc1c	6	134416950	134419531	4	-2.3761
53c5d889-a5c7-4aa9-bddb-19140e67bc1c	6	134419622	147489658	8302	-0.6781
53c5d889-a5c7-4aa9-bddb-19140e67bc1c	6	147490576	170741917	16363	-0.7117
53c5d889-a5c7-4aa9-bddb-19140e67bc1c	7	43355	89116	39	0.4186
53c5d889-a5c7-4aa9-bddb-19140e67bc1c	7	90302	7033442	3465	0.1
53c5d889-a5c7-4aa9-bddb-19140e67bc1c	7	7034421	9172717	1922	0.1251
53c5d889-a5c7-4aa9-bddb-19140e67bc1c	7	9173358	9174112	3	-0.8769
53c5d889-a5c7-4aa9-bddb-19140e67bc1c	7	9174265	20550037	9164	0.1279
53c5d889-a5c7-4aa9-bddb-19140e67bc1c	7	20552826	38251092	12728	0.0992
53c5d889-a5c7-4aa9-bddb-19140e67bc1c	7	38251113	38263833	8	0.9381
53c5d889-a5c7-4aa9-bddb-19140e67bc1c	7	38271122	38345240	110	0.3764
53c5d889-a5c7-4aa9-bddb-19140e67bc1c	7	38347190	44983904	4188	0.1044
53c5d889-a5c7-4aa9-bddb-19140e67bc1c	7	44987625	44993067	4	-0.7529
53c5d889-a5c7-4aa9-bddb-19140e67bc1c	7	44993578	56999885	8408	0.1074
53c5d889-a5c7-4aa9-bddb-19140e67bc1c	7	57001033	57016425	2	-1.1454
53c5d889-a5c7-4aa9-bddb-19140e67bc1c	7	57048761	62905324	544	0.1068
53c5d889-a5c7-4aa9-bddb-19140e67bc1c	7	62909455	62909456	2	-1.1966
53c5d889-a5c7-4aa9-bddb-19140e67bc1c	7	62924899	65502854	1030	0.1057
53c5d889-a5c7-4aa9-bddb-19140e67bc1c	7	65539561	65561579	4	-0.72
53c5d889-a5c7-4aa9-bddb-19140e67bc1c	7	65586825	70955452	2926	0.0851
53c5d889-a5c7-4aa9-bddb-19140e67bc1c	7	70958264	70961155	2	-2.0299
53c5d889-a5c7-4aa9-bddb-19140e67bc1c	7	70963257	78335418	3110	0.082
53c5d889-a5c7-4aa9-bddb-19140e67bc1c	7	78335978	88837005	6859	0.1207
53c5d889-a5c7-4aa9-bddb-19140e67bc1c	7	88838395	90242406	915	0.18
53c5d889-a5c7-4aa9-bddb-19140e67bc1c	7	90242436	97980107	4903	0.1047
53c5d889-a5c7-4aa9-bddb-19140e67bc1c	7	97982029	97982736	3	-1.8112
53c5d889-a5c7-4aa9-bddb-19140e67bc1c	7	97984459	98648166	315	0.0954
53c5d889-a5c7-4aa9-bddb-19140e67bc1c	7	98648778	98649773	2	-0.9142
53c5d889-a5c7-4aa9-bddb-19140e67bc1c	7	98652585	100727566	852	0.0862
53c5d889-a5c7-4aa9-bddb-19140e67bc1c	7	100731621	100735219	3	-0.7512
53c5d889-a5c7-4aa9-bddb-19140e67bc1c	7	100753382	101437642	273	0.06
53c5d889-a5c7-4aa9-bddb-19140e67bc1c	7	101438517	101438705	2	-1.1315
53c5d889-a5c7-4aa9-bddb-19140e67bc1c	7	101442977	111420729	6145	0.1036
53c5d889-a5c7-4aa9-bddb-19140e67bc1c	7	111425236	111426603	6	-0.7435
53c5d889-a5c7-4aa9-bddb-19140e67bc1c	7	111429358	126404920	8926	0.1152
53c5d889-a5c7-4aa9-bddb-19140e67bc1c	7	126405428	126406096	7	-0.4927
53c5d889-a5c7-4aa9-bddb-19140e67bc1c	7	126406113	126406561	5	-1.7209
53c5d889-a5c7-4aa9-bddb-19140e67bc1c	7	126406822	126607677	143	0.1073
53c5d889-a5c7-4aa9-bddb-19140e67bc1c	7	126620696	126638307	9	0.6046
53c5d889-a5c7-4aa9-bddb-19140e67bc1c	7	126638754	134090386	4537	0.095
53c5d889-a5c7-4aa9-bddb-19140e67bc1c	7	134090399	134130675	48	0.4599
53c5d889-a5c7-4aa9-bddb-19140e67bc1c	7	134130692	142063324	5181	0.0952
53c5d889-a5c7-4aa9-bddb-19140e67bc1c	7	142069843	142090279	29	-0.5121
53c5d889-a5c7-4aa9-bddb-19140e67bc1c	7	142090383	142294701	151	0.1264
53c5d889-a5c7-4aa9-bddb-19140e67bc1c	7	142295019	142810364	310	0.2664
53c5d889-a5c7-4aa9-bddb-19140e67bc1c	7	142810692	159334314	10389	0.096
53c5d889-a5c7-4aa9-bddb-19140e67bc1c	8	81254	1418902	897	0.0879
53c5d889-a5c7-4aa9-bddb-19140e67bc1c	8	1419196	1419436	2	-1.7225
53c5d889-a5c7-4aa9-bddb-19140e67bc1c	8	1419522	3624354	2000	0.1122
53c5d889-a5c7-4aa9-bddb-19140e67bc1c	8	3630124	3630404	2	1.601
53c5d889-a5c7-4aa9-bddb-19140e67bc1c	8	3630522	5680637	3010	0.132
53c5d889-a5c7-4aa9-bddb-19140e67bc1c	8	5681009	5681159	2	1.637
53c5d889-a5c7-4aa9-bddb-19140e67bc1c	8	5682227	6511937	1153	0.1323
53c5d889-a5c7-4aa9-bddb-19140e67bc1c	8	6512275	6512526	4	-1.2237
53c5d889-a5c7-4aa9-bddb-19140e67bc1c	8	6517201	7357323	656	0.1112
53c5d889-a5c7-4aa9-bddb-19140e67bc1c	8	7357997	8214781	64	-0.2798
53c5d889-a5c7-4aa9-bddb-19140e67bc1c	8	8234503	14427702	4990	0.1048
53c5d889-a5c7-4aa9-bddb-19140e67bc1c	8	14428681	14428811	3	-1.0346
53c5d889-a5c7-4aa9-bddb-19140e67bc1c	8	14429043	25117062	8668	0.1006
53c5d889-a5c7-4aa9-bddb-19140e67bc1c	8	25117985	25126818	23	0.7479
53c5d889-a5c7-4aa9-bddb-19140e67bc1c	8	25133589	39373140	8998	0.09
53c5d889-a5c7-4aa9-bddb-19140e67bc1c	8	39378084	39529446	59	1.0498
53c5d889-a5c7-4aa9-bddb-19140e67bc1c	8	39530780	39973181	268	0.0788
53c5d889-a5c7-4aa9-bddb-19140e67bc1c	8	39973438	39974128	3	-0.7899
53c5d889-a5c7-4aa9-bddb-19140e67bc1c	8	39977300	40914477	802	0.0908
53c5d889-a5c7-4aa9-bddb-19140e67bc1c	8	40920333	40920952	2	-2.1332
53c5d889-a5c7-4aa9-bddb-19140e67bc1c	8	40926161	43487492	1423	0.0729
53c5d889-a5c7-4aa9-bddb-19140e67bc1c	8	43488411	46000692	89	0.2872
53c5d889-a5c7-4aa9-bddb-19140e67bc1c	8	46007651	60076827	8525	0.0988
53c5d889-a5c7-4aa9-bddb-19140e67bc1c	8	60076857	60095060	31	0.3754
53c5d889-a5c7-4aa9-bddb-19140e67bc1c	8	60095079	71300130	6734	0.0961
53c5d889-a5c7-4aa9-bddb-19140e67bc1c	8	71303076	71304364	8	-2.0658
53c5d889-a5c7-4aa9-bddb-19140e67bc1c	8	71307628	91441387	11953	0.1107
53c5d889-a5c7-4aa9-bddb-19140e67bc1c	8	91443140	103592469	7517	0.091
53c5d889-a5c7-4aa9-bddb-19140e67bc1c	8	103592707	111483733	4697	0.1238
53c5d889-a5c7-4aa9-bddb-19140e67bc1c	8	111490173	111825737	184	-0.6322
53c5d889-a5c7-4aa9-bddb-19140e67bc1c	8	111829860	117004137	3051	0.1195
53c5d889-a5c7-4aa9-bddb-19140e67bc1c	8	117004604	117397995	269	-0.6933
53c5d889-a5c7-4aa9-bddb-19140e67bc1c	8	117398387	145072769	19289	0.1026
53c5d889-a5c7-4aa9-bddb-19140e67bc1c	9	46587	23361807	20391	0.1094
53c5d889-a5c7-4aa9-bddb-19140e67bc1c	9	23363117	23373486	8	-1.9858
53c5d889-a5c7-4aa9-bddb-19140e67bc1c	9	23378490	24504127	796	0.1242
53c5d889-a5c7-4aa9-bddb-19140e67bc1c	9	24504670	24517684	18	-0.9143
53c5d889-a5c7-4aa9-bddb-19140e67bc1c	9	24519686	41741113	10017	0.1061
53c5d889-a5c7-4aa9-bddb-19140e67bc1c	9	42014203	42308537	33	-1.4005
53c5d889-a5c7-4aa9-bddb-19140e67bc1c	9	42501791	42697878	7	-0.111
53c5d889-a5c7-4aa9-bddb-19140e67bc1c	9	42698168	42715632	8	-0.7969
53c5d889-a5c7-4aa9-bddb-19140e67bc1c	9	42719891	63580418	113	0.0722
53c5d889-a5c7-4aa9-bddb-19140e67bc1c	9	63590317	63592813	7	1.8133
53c5d889-a5c7-4aa9-bddb-19140e67bc1c	9	63614182	67832599	120	0.1321
53c5d889-a5c7-4aa9-bddb-19140e67bc1c	9	67915741	68328914	4	-0.7647
53c5d889-a5c7-4aa9-bddb-19140e67bc1c	9	68335112	75387644	4953	0.1044
53c5d889-a5c7-4aa9-bddb-19140e67bc1c	9	75390261	75393245	3	-1.1195
53c5d889-a5c7-4aa9-bddb-19140e67bc1c	9	75397543	87907679	9228	0.0963
53c5d889-a5c7-4aa9-bddb-19140e67bc1c	9	87939236	87939304	2	-1.9507
53c5d889-a5c7-4aa9-bddb-19140e67bc1c	9	87943042	137358495	33245	0.0975
53c5d889-a5c7-4aa9-bddb-19140e67bc1c	9	137361190	137361381	3	-1.7551
53c5d889-a5c7-4aa9-bddb-19140e67bc1c	9	137378551	138200944	406	0.0857
53c5d889-a5c7-4aa9-bddb-19140e67bc1c	10	45792	20551945	16960	0.0926
53c5d889-a5c7-4aa9-bddb-19140e67bc1c	10	20561183	20564574	5	-1.5857
53c5d889-a5c7-4aa9-bddb-19140e67bc1c	10	20564605	24088746	2196	0.0882
53c5d889-a5c7-4aa9-bddb-19140e67bc1c	10	24088747	24089125	9	-2.4784
53c5d889-a5c7-4aa9-bddb-19140e67bc1c	10	24089979	44314788	11251	0.0919
53c5d889-a5c7-4aa9-bddb-19140e67bc1c	10	44315181	45817039	967	-0.7049
53c5d889-a5c7-4aa9-bddb-19140e67bc1c	10	45936113	45998155	2	1.7179
53c5d889-a5c7-4aa9-bddb-19140e67bc1c	10	45999975	46016391	7	0.024
53c5d889-a5c7-4aa9-bddb-19140e67bc1c	10	46017981	46221032	79	-0.716
53c5d889-a5c7-4aa9-bddb-19140e67bc1c	10	46221236	46225568	5	-3.3423
53c5d889-a5c7-4aa9-bddb-19140e67bc1c	10	46225606	87869199	27565	-0.6868
53c5d889-a5c7-4aa9-bddb-19140e67bc1c	10	87869528	87956677	150	-0.4268
53c5d889-a5c7-4aa9-bddb-19140e67bc1c	10	87956690	97104601	5923	-0.6852
53c5d889-a5c7-4aa9-bddb-19140e67bc1c	10	97105529	97105622	2	-3.3511
53c5d889-a5c7-4aa9-bddb-19140e67bc1c	10	97105868	118541732	14230	-0.6878
53c5d889-a5c7-4aa9-bddb-19140e67bc1c	10	118542492	122564250	3193	-0.7147
53c5d889-a5c7-4aa9-bddb-19140e67bc1c	10	122574497	122591497	7	0.2517
53c5d889-a5c7-4aa9-bddb-19140e67bc1c	10	122597296	132193685	7247	-0.7235
53c5d889-a5c7-4aa9-bddb-19140e67bc1c	10	132208366	132212708	4	-1.9265
53c5d889-a5c7-4aa9-bddb-19140e67bc1c	10	132212754	132382993	77	-0.7633
53c5d889-a5c7-4aa9-bddb-19140e67bc1c	10	132385563	132385605	2	-3.6808
53c5d889-a5c7-4aa9-bddb-19140e67bc1c	10	132390781	133654968	540	-0.7372
53c5d889-a5c7-4aa9-bddb-19140e67bc1c	11	198510	4274526	1750	0.092
53c5d889-a5c7-4aa9-bddb-19140e67bc1c	11	4280126	4306942	10	-0.4226
53c5d889-a5c7-4aa9-bddb-19140e67bc1c	11	4314648	4705388	384	0.1149
53c5d889-a5c7-4aa9-bddb-19140e67bc1c	11	4705492	4705661	4	-1.0611
53c5d889-a5c7-4aa9-bddb-19140e67bc1c	11	4707904	5766175	1080	0.114
53c5d889-a5c7-4aa9-bddb-19140e67bc1c	11	5766850	5788108	33	-0.4307
53c5d889-a5c7-4aa9-bddb-19140e67bc1c	11	5788231	42940281	26712	0.0994
53c5d889-a5c7-4aa9-bddb-19140e67bc1c	11	42948034	42955081	7	0.8876
53c5d889-a5c7-4aa9-bddb-19140e67bc1c	11	42955811	45706009	2006	0.0935
53c5d889-a5c7-4aa9-bddb-19140e67bc1c	11	45706905	48115058	1038	0.0447
53c5d889-a5c7-4aa9-bddb-19140e67bc1c	11	48115438	48688875	272	0.1196
53c5d889-a5c7-4aa9-bddb-19140e67bc1c	11	48688877	48871638	49	0.291
53c5d889-a5c7-4aa9-bddb-19140e67bc1c	11	48871667	49737304	355	0.0901
53c5d889-a5c7-4aa9-bddb-19140e67bc1c	11	49738003	49739136	6	-0.8437
53c5d889-a5c7-4aa9-bddb-19140e67bc1c	11	49744609	50302950	252	0.1146
53c5d889-a5c7-4aa9-bddb-19140e67bc1c	11	50308448	55816599	623	0.194
53c5d889-a5c7-4aa9-bddb-19140e67bc1c	11	55818495	80256460	13146	0.0923
53c5d889-a5c7-4aa9-bddb-19140e67bc1c	11	80256469	80256504	2	-1.7839
53c5d889-a5c7-4aa9-bddb-19140e67bc1c	11	80256520	81792426	1304	0.1125
53c5d889-a5c7-4aa9-bddb-19140e67bc1c	11	81792950	81806116	10	-0.7739
53c5d889-a5c7-4aa9-bddb-19140e67bc1c	11	81811590	101723638	13956	0.1069
53c5d889-a5c7-4aa9-bddb-19140e67bc1c	11	101723653	101727233	5	1.077
53c5d889-a5c7-4aa9-bddb-19140e67bc1c	11	101727481	103342191	1048	0.0999
53c5d889-a5c7-4aa9-bddb-19140e67bc1c	11	103344903	103765624	296	0.1906
53c5d889-a5c7-4aa9-bddb-19140e67bc1c	11	103768862	135074876	22351	0.0969
53c5d889-a5c7-4aa9-bddb-19140e67bc1c	12	51460	9481274	6171	0.0874
53c5d889-a5c7-4aa9-bddb-19140e67bc1c	12	9485313	9575696	23	-1.26
53c5d889-a5c7-4aa9-bddb-19140e67bc1c	12	9582373	30082648	14279	0.1044
53c5d889-a5c7-4aa9-bddb-19140e67bc1c	12	30086334	30090756	23	-1.8044
53c5d889-a5c7-4aa9-bddb-19140e67bc1c	12	30090789	32176775	1572	0.0951
53c5d889-a5c7-4aa9-bddb-19140e67bc1c	12	32177423	32181558	5	-0.7998
53c5d889-a5c7-4aa9-bddb-19140e67bc1c	12	32183952	48513377	8104	0.1055
53c5d889-a5c7-4aa9-bddb-19140e67bc1c	12	48516156	48517434	2	-1.5346
53c5d889-a5c7-4aa9-bddb-19140e67bc1c	12	48523224	72371106	14575	0.0942
53c5d889-a5c7-4aa9-bddb-19140e67bc1c	12	72374775	72385942	8	-0.5232
53c5d889-a5c7-4aa9-bddb-19140e67bc1c	12	72386128	72413852	13	-1.0567
53c5d889-a5c7-4aa9-bddb-19140e67bc1c	12	72418653	72437511	20	-0.4946
53c5d889-a5c7-4aa9-bddb-19140e67bc1c	12	72442846	90089573	10756	0.1145
53c5d889-a5c7-4aa9-bddb-19140e67bc1c	12	90097892	90098297	7	-1.4106
53c5d889-a5c7-4aa9-bddb-19140e67bc1c	12	90099780	131636170	28599	0.0953
53c5d889-a5c7-4aa9-bddb-19140e67bc1c	12	131648039	131648790	13	-2.427
53c5d889-a5c7-4aa9-bddb-19140e67bc1c	12	131657925	133201603	559	0.0962
53c5d889-a5c7-4aa9-bddb-19140e67bc1c	13	18452809	25635565	4781	0.095
53c5d889-a5c7-4aa9-bddb-19140e67bc1c	13	25636685	25652773	7	-0.6253
53c5d889-a5c7-4aa9-bddb-19140e67bc1c	13	25653063	32251851	4980	0.0923
53c5d889-a5c7-4aa9-bddb-19140e67bc1c	13	32255105	45837695	9466	-0.6898
53c5d889-a5c7-4aa9-bddb-19140e67bc1c	13	45838354	45851273	11	-1.5886
53c5d889-a5c7-4aa9-bddb-19140e67bc1c	13	45856652	51839016	3805	-0.6619
53c5d889-a5c7-4aa9-bddb-19140e67bc1c	13	51839852	51841319	2	-2.7791
53c5d889-a5c7-4aa9-bddb-19140e67bc1c	13	51842143	67428917	9127	-0.6528
53c5d889-a5c7-4aa9-bddb-19140e67bc1c	13	67429104	67490350	22	0.081
53c5d889-a5c7-4aa9-bddb-19140e67bc1c	13	67490787	68674167	656	-0.6288
53c5d889-a5c7-4aa9-bddb-19140e67bc1c	13	68674201	68676647	7	-0.1058
53c5d889-a5c7-4aa9-bddb-19140e67bc1c	13	68676727	68676903	4	0.4837
53c5d889-a5c7-4aa9-bddb-19140e67bc1c	13	68677373	68685607	11	-0.2317
53c5d889-a5c7-4aa9-bddb-19140e67bc1c	13	68685697	69083104	319	-0.6446
53c5d889-a5c7-4aa9-bddb-19140e67bc1c	13	69088540	69478332	243	0.1347
53c5d889-a5c7-4aa9-bddb-19140e67bc1c	13	69484487	71902850	1510	-0.6534
53c5d889-a5c7-4aa9-bddb-19140e67bc1c	13	71903417	71906418	4	-2.3642
53c5d889-a5c7-4aa9-bddb-19140e67bc1c	13	71906467	83213828	7667	-0.6736
53c5d889-a5c7-4aa9-bddb-19140e67bc1c	13	83213898	83218058	11	-1.9237
53c5d889-a5c7-4aa9-bddb-19140e67bc1c	13	83218079	93857425	6635	-0.6604
53c5d889-a5c7-4aa9-bddb-19140e67bc1c	13	93858741	102968268	6320	0.0977
53c5d889-a5c7-4aa9-bddb-19140e67bc1c	13	102969957	106539457	3004	-0.6906
53c5d889-a5c7-4aa9-bddb-19140e67bc1c	13	106551530	114342922	5392	0.1008
53c5d889-a5c7-4aa9-bddb-19140e67bc1c	14	18239283	19280948	44	0.0953
53c5d889-a5c7-4aa9-bddb-19140e67bc1c	14	19289821	19294475	3	-1.1434
53c5d889-a5c7-4aa9-bddb-19140e67bc1c	14	19298389	19950798	115	-0.2955
53c5d889-a5c7-4aa9-bddb-19140e67bc1c	14	19951100	19955213	5	-0.8582
53c5d889-a5c7-4aa9-bddb-19140e67bc1c	14	19956767	21900817	1300	0.1127
53c5d889-a5c7-4aa9-bddb-19140e67bc1c	14	21903901	22133815	217	0.3116
53c5d889-a5c7-4aa9-bddb-19140e67bc1c	14	22133868	22486728	291	0.4643
53c5d889-a5c7-4aa9-bddb-19140e67bc1c	14	22490304	22535762	69	0.2893
53c5d889-a5c7-4aa9-bddb-19140e67bc1c	14	22535852	24009685	839	0.0892
53c5d889-a5c7-4aa9-bddb-19140e67bc1c	14	24010178	24015250	5	-0.8157
53c5d889-a5c7-4aa9-bddb-19140e67bc1c	14	24018934	34548665	6818	0.1085
53c5d889-a5c7-4aa9-bddb-19140e67bc1c	14	34551068	34551779	3	-1.1228
53c5d889-a5c7-4aa9-bddb-19140e67bc1c	14	34567720	41139155	4019	0.0959
53c5d889-a5c7-4aa9-bddb-19140e67bc1c	14	41141293	41188146	15	-0.6184
53c5d889-a5c7-4aa9-bddb-19140e67bc1c	14	41200899	47285126	3546	0.1309
53c5d889-a5c7-4aa9-bddb-19140e67bc1c	14	47286414	73523958	16869	0.0935
53c5d889-a5c7-4aa9-bddb-19140e67bc1c	14	73526068	73563196	12	0.632
53c5d889-a5c7-4aa9-bddb-19140e67bc1c	14	73563211	105691429	20641	0.0994
53c5d889-a5c7-4aa9-bddb-19140e67bc1c	14	105700900	105701150	2	-1.1748
53c5d889-a5c7-4aa9-bddb-19140e67bc1c	14	105728140	105962324	80	0.1113
53c5d889-a5c7-4aa9-bddb-19140e67bc1c	14	105963902	106340305	132	0.1542
53c5d889-a5c7-4aa9-bddb-19140e67bc1c	14	106340774	106364815	8	-0.6921
53c5d889-a5c7-4aa9-bddb-19140e67bc1c	14	106365807	106407614	25	0.1184
53c5d889-a5c7-4aa9-bddb-19140e67bc1c	14	106412640	106462169	50	-0.5298
53c5d889-a5c7-4aa9-bddb-19140e67bc1c	14	106462183	106877229	196	0.1202
53c5d889-a5c7-4aa9-bddb-19140e67bc1c	15	19811075	20026653	47	0.0539
53c5d889-a5c7-4aa9-bddb-19140e67bc1c	15	20041119	20056983	3	-2.0976
53c5d889-a5c7-4aa9-bddb-19140e67bc1c	15	20059033	20206773	9	-0.3654
53c5d889-a5c7-4aa9-bddb-19140e67bc1c	15	20207225	20376202	34	0.1988
53c5d889-a5c7-4aa9-bddb-19140e67bc1c	15	20376309	20381704	12	-0.5984
53c5d889-a5c7-4aa9-bddb-19140e67bc1c	15	20384774	20670989	46	0.1863
53c5d889-a5c7-4aa9-bddb-19140e67bc1c	15	20981071	20988347	5	1.4619
53c5d889-a5c7-4aa9-bddb-19140e67bc1c	15	21005443	30284526	4689	0.1021
53c5d889-a5c7-4aa9-bddb-19140e67bc1c	15	30291233	30297594	2	-1.6547
53c5d889-a5c7-4aa9-bddb-19140e67bc1c	15	30300815	101928837	46630	0.0923
53c5d889-a5c7-4aa9-bddb-19140e67bc1c	16	10777	5901423	3029	0.0833
53c5d889-a5c7-4aa9-bddb-19140e67bc1c	16	5901721	7363392	1814	0.142
53c5d889-a5c7-4aa9-bddb-19140e67bc1c	16	7363534	18104860	7909	0.091
53c5d889-a5c7-4aa9-bddb-19140e67bc1c	16	18134261	18144432	2	-1.8408
53c5d889-a5c7-4aa9-bddb-19140e67bc1c	16	18148869	32198778	7207	0.083
53c5d889-a5c7-4aa9-bddb-19140e67bc1c	16	32295899	32513457	10	-1.7656
53c5d889-a5c7-4aa9-bddb-19140e67bc1c	16	32553191	33045427	27	0.3784
53c5d889-a5c7-4aa9-bddb-19140e67bc1c	16	33340712	78338543	21203	0.0919
53c5d889-a5c7-4aa9-bddb-19140e67bc1c	16	78338714	78347366	13	1.0039
53c5d889-a5c7-4aa9-bddb-19140e67bc1c	16	78349243	90096867	10604	0.1019
53c5d889-a5c7-4aa9-bddb-19140e67bc1c	17	150733	18523147	11408	0.0935
53c5d889-a5c7-4aa9-bddb-19140e67bc1c	17	18529764	18561907	9	-1.1369
53c5d889-a5c7-4aa9-bddb-19140e67bc1c	17	18565883	28452035	2252	0.0899
53c5d889-a5c7-4aa9-bddb-19140e67bc1c	17	28454323	28455301	2	-1.9455
53c5d889-a5c7-4aa9-bddb-19140e67bc1c	17	28462253	33634172	2741	0.0936
53c5d889-a5c7-4aa9-bddb-19140e67bc1c	17	33634345	34409246	717	0.158
53c5d889-a5c7-4aa9-bddb-19140e67bc1c	17	34410027	36109139	1117	0.0937
53c5d889-a5c7-4aa9-bddb-19140e67bc1c	17	36109315	36137721	26	-0.2468
53c5d889-a5c7-4aa9-bddb-19140e67bc1c	17	36137995	41265456	2532	0.0965
53c5d889-a5c7-4aa9-bddb-19140e67bc1c	17	41266762	41274279	24	-1.0767
53c5d889-a5c7-4aa9-bddb-19140e67bc1c	17	41276472	43348789	1102	0.0875
53c5d889-a5c7-4aa9-bddb-19140e67bc1c	17	43349580	43362553	5	-0.5281
53c5d889-a5c7-4aa9-bddb-19140e67bc1c	17	43366336	45497555	1041	0.0966
53c5d889-a5c7-4aa9-bddb-19140e67bc1c	17	45508731	45571174	5	-0.7684
53c5d889-a5c7-4aa9-bddb-19140e67bc1c	17	45577724	46085732	344	0.1021
53c5d889-a5c7-4aa9-bddb-19140e67bc1c	17	46088437	46131308	33	0.4016
53c5d889-a5c7-4aa9-bddb-19140e67bc1c	17	46135062	46286804	91	0.6381
53c5d889-a5c7-4aa9-bddb-19140e67bc1c	17	46323701	57610128	6992	0.0944
53c5d889-a5c7-4aa9-bddb-19140e67bc1c	17	57610972	57611632	2	-2.0306
53c5d889-a5c7-4aa9-bddb-19140e67bc1c	17	57614632	83091923	14548	0.0898
53c5d889-a5c7-4aa9-bddb-19140e67bc1c	18	48133	40678741	22756	0.0989
53c5d889-a5c7-4aa9-bddb-19140e67bc1c	18	40678763	40689848	22	-0.3554
53c5d889-a5c7-4aa9-bddb-19140e67bc1c	18	40690108	53740491	8951	0.102
53c5d889-a5c7-4aa9-bddb-19140e67bc1c	18	53740727	53741022	6	1.1979
53c5d889-a5c7-4aa9-bddb-19140e67bc1c	18	53741814	66054343	8501	0.0989
53c5d889-a5c7-4aa9-bddb-19140e67bc1c	18	66060256	66061104	12	0.8234
53c5d889-a5c7-4aa9-bddb-19140e67bc1c	18	66065502	66099904	48	0.0805
53c5d889-a5c7-4aa9-bddb-19140e67bc1c	18	66100052	66100686	2	-3.3362
53c5d889-a5c7-4aa9-bddb-19140e67bc1c	18	66108359	71350482	3736	0.1095
53c5d889-a5c7-4aa9-bddb-19140e67bc1c	18	71352086	73941247	2093	0.1437
53c5d889-a5c7-4aa9-bddb-19140e67bc1c	18	73941300	78900693	3816	0.0957
53c5d889-a5c7-4aa9-bddb-19140e67bc1c	18	78902714	78904863	5	-1.0259
53c5d889-a5c7-4aa9-bddb-19140e67bc1c	18	78906449	80257174	703	0.0939
53c5d889-a5c7-4aa9-bddb-19140e67bc1c	19	90910	23019035	10377	0.0811
53c5d889-a5c7-4aa9-bddb-19140e67bc1c	19	23021506	23047317	14	-0.6037
53c5d889-a5c7-4aa9-bddb-19140e67bc1c	19	23048937	30793899	3163	0.0852
53c5d889-a5c7-4aa9-bddb-19140e67bc1c	19	30797211	30797633	2	1.3137
53c5d889-a5c7-4aa9-bddb-19140e67bc1c	19	30799692	35358319	3137	0.0865
53c5d889-a5c7-4aa9-bddb-19140e67bc1c	19	35358407	35370946	23	-0.5226
53c5d889-a5c7-4aa9-bddb-19140e67bc1c	19	35375842	41551655	3155	0.0761
53c5d889-a5c7-4aa9-bddb-19140e67bc1c	19	41553480	41555483	4	-1.186
53c5d889-a5c7-4aa9-bddb-19140e67bc1c	19	41555868	51626613	4860	0.0845
53c5d889-a5c7-4aa9-bddb-19140e67bc1c	19	51627084	51644944	17	-0.3503
53c5d889-a5c7-4aa9-bddb-19140e67bc1c	19	51651652	53427064	1247	0.0928
53c5d889-a5c7-4aa9-bddb-19140e67bc1c	19	53435080	53511924	66	0.6403
53c5d889-a5c7-4aa9-bddb-19140e67bc1c	19	53513852	58586487	3020	0.0835
53c5d889-a5c7-4aa9-bddb-19140e67bc1c	20	80664	1571811	1181	0.097
53c5d889-a5c7-4aa9-bddb-19140e67bc1c	20	1576544	1580934	22	0.4187
53c5d889-a5c7-4aa9-bddb-19140e67bc1c	20	1581021	1590091	8	-0.7965
53c5d889-a5c7-4aa9-bddb-19140e67bc1c	20	1590106	1601561	27	-0.1679
53c5d889-a5c7-4aa9-bddb-19140e67bc1c	20	1609611	1613247	5	-1.9831
53c5d889-a5c7-4aa9-bddb-19140e67bc1c	20	1617300	30206919	18749	0.0957
53c5d889-a5c7-4aa9-bddb-19140e67bc1c	20	30208745	30271154	13	-0.567
53c5d889-a5c7-4aa9-bddb-19140e67bc1c	20	30293217	64284715	22317	0.0841
53c5d889-a5c7-4aa9-bddb-19140e67bc1c	20	64323342	64324800	5	-0.7172
53c5d889-a5c7-4aa9-bddb-19140e67bc1c	21	10354168	13278352	133	-0.0332
53c5d889-a5c7-4aa9-bddb-19140e67bc1c	21	13278406	13634568	136	0.1095
53c5d889-a5c7-4aa9-bddb-19140e67bc1c	21	13647365	13677975	2	-1.0952
53c5d889-a5c7-4aa9-bddb-19140e67bc1c	21	13803967	18683769	3264	0.1112
53c5d889-a5c7-4aa9-bddb-19140e67bc1c	21	18685360	18708616	26	0.6357
53c5d889-a5c7-4aa9-bddb-19140e67bc1c	21	18709557	28354134	7377	0.1121
53c5d889-a5c7-4aa9-bddb-19140e67bc1c	21	28355227	44744566	11782	0.0881
53c5d889-a5c7-4aa9-bddb-19140e67bc1c	21	44744963	46677045	1115	0.115
53c5d889-a5c7-4aa9-bddb-19140e67bc1c	22	15294547	15484297	10	0.2679
53c5d889-a5c7-4aa9-bddb-19140e67bc1c	22	15484302	15755268	19	-0.3366
53c5d889-a5c7-4aa9-bddb-19140e67bc1c	22	15771752	17014661	272	0.1064
53c5d889-a5c7-4aa9-bddb-19140e67bc1c	22	17018144	17018618	2	1.6488
53c5d889-a5c7-4aa9-bddb-19140e67bc1c	22	17019000	19991035	1524	0.0876
53c5d889-a5c7-4aa9-bddb-19140e67bc1c	22	19996490	20000742	6	-0.7938
53c5d889-a5c7-4aa9-bddb-19140e67bc1c	22	20000761	23929558	2548	0.1077
53c5d889-a5c7-4aa9-bddb-19140e67bc1c	22	23940911	23946247	5	1.0777
53c5d889-a5c7-4aa9-bddb-19140e67bc1c	22	23950883	23987520	9	0.1849
53c5d889-a5c7-4aa9-bddb-19140e67bc1c	22	23988078	23990739	4	1.1217
53c5d889-a5c7-4aa9-bddb-19140e67bc1c	22	23995113	50796027	18862	0.0853
53c5d889-a5c7-4aa9-bddb-19140e67bc1c	X	251810	47933585	28817	0.0036
53c5d889-a5c7-4aa9-bddb-19140e67bc1c	X	47933652	47935686	2	-3.2696
53c5d889-a5c7-4aa9-bddb-19140e67bc1c	X	47939894	50895685	1251	-0.0051
53c5d889-a5c7-4aa9-bddb-19140e67bc1c	X	50895783	50896531	2	1.8673
53c5d889-a5c7-4aa9-bddb-19140e67bc1c	X	50897971	65932561	4414	-0.0048
53c5d889-a5c7-4aa9-bddb-19140e67bc1c	X	65940832	65961622	6	-1.5344
53c5d889-a5c7-4aa9-bddb-19140e67bc1c	X	65968872	88492347	11296	0.0031
53c5d889-a5c7-4aa9-bddb-19140e67bc1c	X	88492378	88496104	5	-1.5999
53c5d889-a5c7-4aa9-bddb-19140e67bc1c	X	88496539	88496907	2	-4.7469
53c5d889-a5c7-4aa9-bddb-19140e67bc1c	X	88499780	155952689	37582	0.0023
53c5d889-a5c7-4aa9-bddb-19140e67bc1c	Y	2782397	56872112	6639	-0.7972
