GDC_Aliquot	Chromosome	Start	End	Num_Probes	Segment_Mean
c196057d-676f-4b40-a0e8-a11cb12d3520	1	62920	1265550	140	0.1888
c196057d-676f-4b40-a0e8-a11cb12d3520	1	1265937	5678400	2433	0.017
c196057d-676f-4b40-a0e8-a11cb12d3520	1	5678440	5679529	2	-1.9398
c196057d-676f-4b40-a0e8-a11cb12d3520	1	5679578	16583114	6068	0.0082
c196057d-676f-4b40-a0e8-a11cb12d3520	1	16604834	16679239	27	-0.4287
c196057d-676f-4b40-a0e8-a11cb12d3520	1	16679281	16863509	26	-0.0239
c196057d-676f-4b40-a0e8-a11cb12d3520	1	16864367	16927043	38	0.4312
c196057d-676f-4b40-a0e8-a11cb12d3520	1	16930822	103614695	54071	0.0046
c196057d-676f-4b40-a0e8-a11cb12d3520	1	103614714	103760781	11	-0.7759
c196057d-676f-4b40-a0e8-a11cb12d3520	1	103760879	105503306	958	0.0039
c196057d-676f-4b40-a0e8-a11cb12d3520	1	105505965	105522656	18	-0.8981
c196057d-676f-4b40-a0e8-a11cb12d3520	1	105532789	109690431	2596	0.0075
c196057d-676f-4b40-a0e8-a11cb12d3520	1	109690640	109702376	11	1.1121
c196057d-676f-4b40-a0e8-a11cb12d3520	1	109703504	110833598	835	0.0259
c196057d-676f-4b40-a0e8-a11cb12d3520	1	110834746	110841332	36	-0.5469
c196057d-676f-4b40-a0e8-a11cb12d3520	1	110841350	112147626	1077	0.0018
c196057d-676f-4b40-a0e8-a11cb12d3520	1	112147704	112154552	20	0.4427
c196057d-676f-4b40-a0e8-a11cb12d3520	1	112154566	121170716	5084	0.005
c196057d-676f-4b40-a0e8-a11cb12d3520	1	121201569	147872937	986	0.0715
c196057d-676f-4b40-a0e8-a11cb12d3520	1	147879250	152582700	1533	0.0135
c196057d-676f-4b40-a0e8-a11cb12d3520	1	152583051	152614118	36	0.3524
c196057d-676f-4b40-a0e8-a11cb12d3520	1	152618018	196737547	29640	0.0033
c196057d-676f-4b40-a0e8-a11cb12d3520	1	196737736	196758720	9	-0.2429
c196057d-676f-4b40-a0e8-a11cb12d3520	1	196761905	196762956	3	-1.3148
c196057d-676f-4b40-a0e8-a11cb12d3520	1	196769493	196829435	45	-0.2955
c196057d-676f-4b40-a0e8-a11cb12d3520	1	196829513	248525264	35620	0.002
c196057d-676f-4b40-a0e8-a11cb12d3520	1	248525284	248626987	35	0.3957
c196057d-676f-4b40-a0e8-a11cb12d3520	1	248631163	248930189	143	0.0542
c196057d-676f-4b40-a0e8-a11cb12d3520	2	12784	4158097	2985	0.0121
c196057d-676f-4b40-a0e8-a11cb12d3520	2	4166274	4175113	35	-0.6747
c196057d-676f-4b40-a0e8-a11cb12d3520	2	4175577	34295406	20956	0.0087
c196057d-676f-4b40-a0e8-a11cb12d3520	2	34298911	34300513	2	-1.6358
c196057d-676f-4b40-a0e8-a11cb12d3520	2	34300900	34460213	94	0.0524
c196057d-676f-4b40-a0e8-a11cb12d3520	2	34466002	34512965	50	-0.3064
c196057d-676f-4b40-a0e8-a11cb12d3520	2	34515572	48810859	10327	0.0039
c196057d-676f-4b40-a0e8-a11cb12d3520	2	48813994	48826572	14	-1.0123
c196057d-676f-4b40-a0e8-a11cb12d3520	2	48829828	49018125	157	0.0203
c196057d-676f-4b40-a0e8-a11cb12d3520	2	49018219	49018269	2	1.4119
c196057d-676f-4b40-a0e8-a11cb12d3520	2	49018422	52527330	2492	0.018
c196057d-676f-4b40-a0e8-a11cb12d3520	2	52527342	52554404	39	-1.9048
c196057d-676f-4b40-a0e8-a11cb12d3520	2	52560811	86901078	21971	0.0032
c196057d-676f-4b40-a0e8-a11cb12d3520	2	86902080	86910262	2	-2.0181
c196057d-676f-4b40-a0e8-a11cb12d3520	2	86934730	87516129	102	0.001
c196057d-676f-4b40-a0e8-a11cb12d3520	2	87516162	87528459	7	-0.8211
c196057d-676f-4b40-a0e8-a11cb12d3520	2	87542032	105730759	6877	0.0092
c196057d-676f-4b40-a0e8-a11cb12d3520	2	105731655	105734741	8	-0.6787
c196057d-676f-4b40-a0e8-a11cb12d3520	2	105734754	106263639	442	0.0144
c196057d-676f-4b40-a0e8-a11cb12d3520	2	106264257	106270799	12	0.6659
c196057d-676f-4b40-a0e8-a11cb12d3520	2	106270952	128880904	13377	0.0068
c196057d-676f-4b40-a0e8-a11cb12d3520	2	128880928	128882741	14	-2.33
c196057d-676f-4b40-a0e8-a11cb12d3520	2	128882755	197322317	41312	0.004
c196057d-676f-4b40-a0e8-a11cb12d3520	2	197322440	197323179	2	-1.9258
c196057d-676f-4b40-a0e8-a11cb12d3520	2	197323199	242147305	28148	0.0041
c196057d-676f-4b40-a0e8-a11cb12d3520	3	20930	6609441	5814	0.0357
c196057d-676f-4b40-a0e8-a11cb12d3520	3	6609524	6610853	14	-0.6722
c196057d-676f-4b40-a0e8-a11cb12d3520	3	6610904	22036676	10767	0.0081
c196057d-676f-4b40-a0e8-a11cb12d3520	3	22038799	22043948	22	0.4572
c196057d-676f-4b40-a0e8-a11cb12d3520	3	22044115	65202778	28668	0.0099
c196057d-676f-4b40-a0e8-a11cb12d3520	3	65203560	65224777	52	-0.5346
c196057d-676f-4b40-a0e8-a11cb12d3520	3	65230674	68697013	2423	-0.0069
c196057d-676f-4b40-a0e8-a11cb12d3520	3	68697108	68698262	14	-1.4389
c196057d-676f-4b40-a0e8-a11cb12d3520	3	68699607	70656052	1542	0.0022
c196057d-676f-4b40-a0e8-a11cb12d3520	3	70656095	70663179	2	-1.7132
c196057d-676f-4b40-a0e8-a11cb12d3520	3	70665704	130047743	33087	0.0056
c196057d-676f-4b40-a0e8-a11cb12d3520	3	130057015	130087393	36	-1.4353
c196057d-676f-4b40-a0e8-a11cb12d3520	3	130088081	143566923	8352	0.0071
c196057d-676f-4b40-a0e8-a11cb12d3520	3	143566958	143567132	4	1.2019
c196057d-676f-4b40-a0e8-a11cb12d3520	3	143567959	148628282	3104	0.0155
c196057d-676f-4b40-a0e8-a11cb12d3520	3	148635419	148635953	2	-1.4815
c196057d-676f-4b40-a0e8-a11cb12d3520	3	148637834	162795304	8796	-0.0014
c196057d-676f-4b40-a0e8-a11cb12d3520	3	162795361	162807070	9	0.7028
c196057d-676f-4b40-a0e8-a11cb12d3520	3	162810842	162815162	4	-0.4522
c196057d-676f-4b40-a0e8-a11cb12d3520	3	162816942	162822685	5	-1.6102
c196057d-676f-4b40-a0e8-a11cb12d3520	3	162822702	162908207	49	0.4568
c196057d-676f-4b40-a0e8-a11cb12d3520	3	162908784	193160256	19160	0.0108
c196057d-676f-4b40-a0e8-a11cb12d3520	3	193160406	193165114	17	-0.8788
c196057d-676f-4b40-a0e8-a11cb12d3520	3	193168646	195558822	1483	0.0083
c196057d-676f-4b40-a0e8-a11cb12d3520	3	195559056	195720051	26	-0.623
c196057d-676f-4b40-a0e8-a11cb12d3520	3	195728637	196935404	559	0.0145
c196057d-676f-4b40-a0e8-a11cb12d3520	3	196935650	196950538	13	0.5798
c196057d-676f-4b40-a0e8-a11cb12d3520	3	196951464	198169247	613	0.035
c196057d-676f-4b40-a0e8-a11cb12d3520	4	68929	114252544	69934	0.0064
c196057d-676f-4b40-a0e8-a11cb12d3520	4	114254167	114261019	23	0.6825
c196057d-676f-4b40-a0e8-a11cb12d3520	4	114263073	115244651	609	-0.0123
c196057d-676f-4b40-a0e8-a11cb12d3520	4	115244712	115259214	28	-0.3995
c196057d-676f-4b40-a0e8-a11cb12d3520	4	115259399	121353499	3700	0.0027
c196057d-676f-4b40-a0e8-a11cb12d3520	4	121360818	121370367	31	-0.8415
c196057d-676f-4b40-a0e8-a11cb12d3520	4	121371000	154881396	19668	0.0035
c196057d-676f-4b40-a0e8-a11cb12d3520	4	154881853	154881905	2	-2.3753
c196057d-676f-4b40-a0e8-a11cb12d3520	4	154881926	160958989	3921	0.0077
c196057d-676f-4b40-a0e8-a11cb12d3520	4	160959045	160963756	18	-2.2032
c196057d-676f-4b40-a0e8-a11cb12d3520	4	160963767	190106768	19151	0.0157
c196057d-676f-4b40-a0e8-a11cb12d3520	5	15532	180951888	112619	0.0072
c196057d-676f-4b40-a0e8-a11cb12d3520	5	180953203	180990911	16	0.708
c196057d-676f-4b40-a0e8-a11cb12d3520	5	180991103	181363319	171	0.0646
c196057d-676f-4b40-a0e8-a11cb12d3520	6	149661	22390290	17154	-0.0017
c196057d-676f-4b40-a0e8-a11cb12d3520	6	22390351	22390389	2	-3.0028
c196057d-676f-4b40-a0e8-a11cb12d3520	6	22390871	23057409	537	0.0082
c196057d-676f-4b40-a0e8-a11cb12d3520	6	23060763	23060771	3	-1.44
c196057d-676f-4b40-a0e8-a11cb12d3520	6	23064026	27306706	2726	0.0105
c196057d-676f-4b40-a0e8-a11cb12d3520	6	27307000	27346292	25	0.3702
c196057d-676f-4b40-a0e8-a11cb12d3520	6	27348402	29868964	1187	0.026
c196057d-676f-4b40-a0e8-a11cb12d3520	6	29869295	29881490	17	-1.0043
c196057d-676f-4b40-a0e8-a11cb12d3520	6	29882419	32533522	1189	0.0508
c196057d-676f-4b40-a0e8-a11cb12d3520	6	32540699	32541506	2	-1.8933
c196057d-676f-4b40-a0e8-a11cb12d3520	6	32541699	32612840	22	-0.2021
c196057d-676f-4b40-a0e8-a11cb12d3520	6	32614061	32633540	10	0.6436
c196057d-676f-4b40-a0e8-a11cb12d3520	6	32634330	54066353	13701	0.0051
c196057d-676f-4b40-a0e8-a11cb12d3520	6	54066432	54067057	6	-1.6434
c196057d-676f-4b40-a0e8-a11cb12d3520	6	54070550	65683455	4924	0.0075
c196057d-676f-4b40-a0e8-a11cb12d3520	6	65684197	65693959	24	-0.4821
c196057d-676f-4b40-a0e8-a11cb12d3520	6	65697234	73882142	5434	-0.0051
c196057d-676f-4b40-a0e8-a11cb12d3520	6	73882509	73887625	9	0.7028
c196057d-676f-4b40-a0e8-a11cb12d3520	6	73891694	75443734	989	0.003
c196057d-676f-4b40-a0e8-a11cb12d3520	6	75446008	75455894	9	-0.7079
c196057d-676f-4b40-a0e8-a11cb12d3520	6	75455959	76751356	791	0.0037
c196057d-676f-4b40-a0e8-a11cb12d3520	6	76758214	76758749	2	1.292
c196057d-676f-4b40-a0e8-a11cb12d3520	6	76758871	78270686	1002	0.0315
c196057d-676f-4b40-a0e8-a11cb12d3520	6	78270700	78317255	73	-0.3653
c196057d-676f-4b40-a0e8-a11cb12d3520	6	78317411	159187949	51369	0.0028
c196057d-676f-4b40-a0e8-a11cb12d3520	6	159189135	170741917	8293	0.0256
c196057d-676f-4b40-a0e8-a11cb12d3520	7	43355	26092670	18812	0.0147
c196057d-676f-4b40-a0e8-a11cb12d3520	7	26102772	26105793	4	-2.8295
c196057d-676f-4b40-a0e8-a11cb12d3520	7	26107599	36187089	6967	0.0062
c196057d-676f-4b40-a0e8-a11cb12d3520	7	36188778	36188858	2	-1.7808
c196057d-676f-4b40-a0e8-a11cb12d3520	7	36189798	38271497	1575	0.0157
c196057d-676f-4b40-a0e8-a11cb12d3520	7	38271765	38326911	99	0.2528
c196057d-676f-4b40-a0e8-a11cb12d3520	7	38331191	46208492	5007	0.0009
c196057d-676f-4b40-a0e8-a11cb12d3520	7	46211803	46211818	2	-1.7846
c196057d-676f-4b40-a0e8-a11cb12d3520	7	46212145	54318812	5990	0.0027
c196057d-676f-4b40-a0e8-a11cb12d3520	7	54318816	54318824	5	-1.6765
c196057d-676f-4b40-a0e8-a11cb12d3520	7	54325795	158324903	58669	0.0077
c196057d-676f-4b40-a0e8-a11cb12d3520	7	158335896	158339473	2	2.2448
c196057d-676f-4b40-a0e8-a11cb12d3520	7	158344294	159334314	633	0.0534
c196057d-676f-4b40-a0e8-a11cb12d3520	8	81254	4720879	4649	0.0367
c196057d-676f-4b40-a0e8-a11cb12d3520	8	4720957	4721096	2	-1.6352
c196057d-676f-4b40-a0e8-a11cb12d3520	8	4722029	7890177	3123	0.0522
c196057d-676f-4b40-a0e8-a11cb12d3520	8	7919608	8120649	16	-0.4931
c196057d-676f-4b40-a0e8-a11cb12d3520	8	8132772	12385031	3249	0.0258
c196057d-676f-4b40-a0e8-a11cb12d3520	8	12387683	12389977	7	0.7335
c196057d-676f-4b40-a0e8-a11cb12d3520	8	12418301	12981292	295	0.03
c196057d-676f-4b40-a0e8-a11cb12d3520	8	12981490	16209075	3093	0.0007
c196057d-676f-4b40-a0e8-a11cb12d3520	8	16209240	16209338	2	-1.418
c196057d-676f-4b40-a0e8-a11cb12d3520	8	16209556	25114672	7034	0.0061
c196057d-676f-4b40-a0e8-a11cb12d3520	8	25116928	25126735	26	0.9631
c196057d-676f-4b40-a0e8-a11cb12d3520	8	25126818	40326286	9663	0.0073
c196057d-676f-4b40-a0e8-a11cb12d3520	8	40326425	40331978	30	0.4583
c196057d-676f-4b40-a0e8-a11cb12d3520	8	40331992	46471179	2081	0.011
c196057d-676f-4b40-a0e8-a11cb12d3520	8	46473341	46473470	2	-1.3535
c196057d-676f-4b40-a0e8-a11cb12d3520	8	46485467	51959900	3025	0.0223
c196057d-676f-4b40-a0e8-a11cb12d3520	8	51960810	51974217	3	-1.3547
c196057d-676f-4b40-a0e8-a11cb12d3520	8	51974981	111282852	36260	0.0058
c196057d-676f-4b40-a0e8-a11cb12d3520	8	111282973	111283031	3	-2.5992
c196057d-676f-4b40-a0e8-a11cb12d3520	8	111288052	136665653	17731	0.0053
c196057d-676f-4b40-a0e8-a11cb12d3520	8	136669376	136848226	168	-0.7477
c196057d-676f-4b40-a0e8-a11cb12d3520	8	136848758	145072769	5002	0.007
c196057d-676f-4b40-a0e8-a11cb12d3520	9	46587	23361807	20402	0.0124
c196057d-676f-4b40-a0e8-a11cb12d3520	9	23363117	23373486	8	-1.9673
c196057d-676f-4b40-a0e8-a11cb12d3520	9	23378490	61405110	10940	0.0139
c196057d-676f-4b40-a0e8-a11cb12d3520	9	61520021	61647899	30	-1.4731
c196057d-676f-4b40-a0e8-a11cb12d3520	9	61665362	87907679	14369	0.0002
c196057d-676f-4b40-a0e8-a11cb12d3520	9	87939236	87939304	2	-2.1349
c196057d-676f-4b40-a0e8-a11cb12d3520	9	87943042	102929782	9970	0.0126
c196057d-676f-4b40-a0e8-a11cb12d3520	9	102933157	102951749	14	0.4962
c196057d-676f-4b40-a0e8-a11cb12d3520	9	102952188	138200944	23701	0.0072
c196057d-676f-4b40-a0e8-a11cb12d3520	10	45792	24088746	19182	0.0048
c196057d-676f-4b40-a0e8-a11cb12d3520	10	24088747	24089125	9	-1.8076
c196057d-676f-4b40-a0e8-a11cb12d3520	10	24089979	30957581	5010	0.0041
c196057d-676f-4b40-a0e8-a11cb12d3520	10	30962405	30962809	10	-0.69
c196057d-676f-4b40-a0e8-a11cb12d3520	10	30962850	42190201	4860	0.0058
c196057d-676f-4b40-a0e8-a11cb12d3520	10	42194724	42287436	14	-0.4619
c196057d-676f-4b40-a0e8-a11cb12d3520	10	42288046	46657149	2604	0.0087
c196057d-676f-4b40-a0e8-a11cb12d3520	10	46693480	47044272	22	0.4262
c196057d-676f-4b40-a0e8-a11cb12d3520	10	47045228	50070600	1668	-0.0062
c196057d-676f-4b40-a0e8-a11cb12d3520	10	50081224	50097459	2	-1.585
c196057d-676f-4b40-a0e8-a11cb12d3520	10	50107474	57336456	5360	0.027
c196057d-676f-4b40-a0e8-a11cb12d3520	10	57336471	64526836	4909	-0.009
c196057d-676f-4b40-a0e8-a11cb12d3520	10	64529346	65548272	736	0.0182
c196057d-676f-4b40-a0e8-a11cb12d3520	10	65548833	65566426	29	0.397
c196057d-676f-4b40-a0e8-a11cb12d3520	10	65566936	66330120	628	-0.003
c196057d-676f-4b40-a0e8-a11cb12d3520	10	66338822	67196647	614	0.0841
c196057d-676f-4b40-a0e8-a11cb12d3520	10	67196741	80439034	8336	-0.0027
c196057d-676f-4b40-a0e8-a11cb12d3520	10	80446592	80447136	2	-1.9898
c196057d-676f-4b40-a0e8-a11cb12d3520	10	80448770	82646692	1624	0.0001
c196057d-676f-4b40-a0e8-a11cb12d3520	10	82650973	82671561	37	0.784
c196057d-676f-4b40-a0e8-a11cb12d3520	10	82672084	130568993	33026	0.0001
c196057d-676f-4b40-a0e8-a11cb12d3520	10	130571002	130574030	2	-2.3258
c196057d-676f-4b40-a0e8-a11cb12d3520	10	130574400	133654968	1904	0.0189
c196057d-676f-4b40-a0e8-a11cb12d3520	11	198510	4947280	2416	0.0085
c196057d-676f-4b40-a0e8-a11cb12d3520	11	4949013	4955042	29	0.6439
c196057d-676f-4b40-a0e8-a11cb12d3520	11	4955781	5772353	794	-0.0026
c196057d-676f-4b40-a0e8-a11cb12d3520	11	5773015	5787110	19	0.452
c196057d-676f-4b40-a0e8-a11cb12d3520	11	5787146	18919323	9403	0.0074
c196057d-676f-4b40-a0e8-a11cb12d3520	11	18927525	18939631	34	-0.9827
c196057d-676f-4b40-a0e8-a11cb12d3520	11	18939734	48571176	20568	0.0024
c196057d-676f-4b40-a0e8-a11cb12d3520	11	48571573	48700204	53	0.2839
c196057d-676f-4b40-a0e8-a11cb12d3520	11	48700215	55606712	1130	0.0267
c196057d-676f-4b40-a0e8-a11cb12d3520	11	55606727	55667651	41	-0.4804
c196057d-676f-4b40-a0e8-a11cb12d3520	11	55670243	107368088	32349	0.0058
c196057d-676f-4b40-a0e8-a11cb12d3520	11	107368205	107368402	2	-3.3357
c196057d-676f-4b40-a0e8-a11cb12d3520	11	107381636	135074876	19904	0.0032
c196057d-676f-4b40-a0e8-a11cb12d3520	12	51460	756804	416	0.0737
c196057d-676f-4b40-a0e8-a11cb12d3520	12	759943	767080	20	-0.723
c196057d-676f-4b40-a0e8-a11cb12d3520	12	767122	11350271	6925	0.0041
c196057d-676f-4b40-a0e8-a11cb12d3520	12	11350303	11388095	38	0.3247
c196057d-676f-4b40-a0e8-a11cb12d3520	12	11390452	17435653	4248	0.0003
c196057d-676f-4b40-a0e8-a11cb12d3520	12	17437510	17447616	7	-0.843
c196057d-676f-4b40-a0e8-a11cb12d3520	12	17448674	33148627	11120	0.0053
c196057d-676f-4b40-a0e8-a11cb12d3520	12	33148706	33150645	12	0.5534
c196057d-676f-4b40-a0e8-a11cb12d3520	12	33150676	34108746	598	0.0463
c196057d-676f-4b40-a0e8-a11cb12d3520	12	34109617	34111154	3	-1.5851
c196057d-676f-4b40-a0e8-a11cb12d3520	12	34122447	45506042	4992	0.0063
c196057d-676f-4b40-a0e8-a11cb12d3520	12	45510655	45515754	4	-1.9034
c196057d-676f-4b40-a0e8-a11cb12d3520	12	45519509	131636170	55829	0.0036
c196057d-676f-4b40-a0e8-a11cb12d3520	12	131648039	131648790	13	-1.9778
c196057d-676f-4b40-a0e8-a11cb12d3520	12	131657925	133201603	559	0.0536
c196057d-676f-4b40-a0e8-a11cb12d3520	13	18452809	23555001	3254	0.019
c196057d-676f-4b40-a0e8-a11cb12d3520	13	23556715	23929142	272	0.121
c196057d-676f-4b40-a0e8-a11cb12d3520	13	23929679	37496233	9945	0.0025
c196057d-676f-4b40-a0e8-a11cb12d3520	13	37496998	37510620	17	0.7847
c196057d-676f-4b40-a0e8-a11cb12d3520	13	37514193	114342922	50615	0.0081
c196057d-676f-4b40-a0e8-a11cb12d3520	14	18239283	19280948	44	0.1374
c196057d-676f-4b40-a0e8-a11cb12d3520	14	19289821	19326853	5	-1.4702
c196057d-676f-4b40-a0e8-a11cb12d3520	14	19367655	21956321	1506	-0.003
c196057d-676f-4b40-a0e8-a11cb12d3520	14	21959698	22508264	473	0.1809
c196057d-676f-4b40-a0e8-a11cb12d3520	14	22508844	23977508	852	0.0095
c196057d-676f-4b40-a0e8-a11cb12d3520	14	23982222	24020067	27	-0.7379
c196057d-676f-4b40-a0e8-a11cb12d3520	14	24024866	106769689	52383	0.0057
c196057d-676f-4b40-a0e8-a11cb12d3520	14	106770215	106770361	3	-1.8194
c196057d-676f-4b40-a0e8-a11cb12d3520	14	106775945	106877229	68	0.1386
c196057d-676f-4b40-a0e8-a11cb12d3520	15	19811075	20206773	59	0.0609
c196057d-676f-4b40-a0e8-a11cb12d3520	15	20207225	20373168	29	0.6956
c196057d-676f-4b40-a0e8-a11cb12d3520	15	20376198	20384774	18	-0.0017
c196057d-676f-4b40-a0e8-a11cb12d3520	15	20384789	21417107	69	0.4574
c196057d-676f-4b40-a0e8-a11cb12d3520	15	21975606	22385639	32	1.1264
c196057d-676f-4b40-a0e8-a11cb12d3520	15	22395047	29693161	4384	0.0267
c196057d-676f-4b40-a0e8-a11cb12d3520	15	29693871	29926110	139	0.2067
c196057d-676f-4b40-a0e8-a11cb12d3520	15	29926909	43603508	8443	0.0053
c196057d-676f-4b40-a0e8-a11cb12d3520	15	43604064	43703182	18	-0.8932
c196057d-676f-4b40-a0e8-a11cb12d3520	15	43703690	76598900	20693	0.0014
c196057d-676f-4b40-a0e8-a11cb12d3520	15	76599170	76603434	21	0.6186
c196057d-676f-4b40-a0e8-a11cb12d3520	15	76609838	101928837	17607	0.0038
c196057d-676f-4b40-a0e8-a11cb12d3520	16	10777	22614281	14780	0.0177
c196057d-676f-4b40-a0e8-a11cb12d3520	16	22614298	22693199	56	-0.4355
c196057d-676f-4b40-a0e8-a11cb12d3520	16	22699421	71321410	21233	0.0065
c196057d-676f-4b40-a0e8-a11cb12d3520	16	71322232	71325697	4	-1.4203
c196057d-676f-4b40-a0e8-a11cb12d3520	16	71327558	78337711	5126	0.0049
c196057d-676f-4b40-a0e8-a11cb12d3520	16	78338543	78347366	14	0.8725
c196057d-676f-4b40-a0e8-a11cb12d3520	16	78349243	81153284	3227	0.0155
c196057d-676f-4b40-a0e8-a11cb12d3520	16	81154247	81222257	87	0.2374
c196057d-676f-4b40-a0e8-a11cb12d3520	16	81223032	83572538	2539	0.0046
c196057d-676f-4b40-a0e8-a11cb12d3520	16	83575668	83583989	11	-0.868
c196057d-676f-4b40-a0e8-a11cb12d3520	16	83586805	90096867	4751	0.0113
c196057d-676f-4b40-a0e8-a11cb12d3520	17	150733	10363653	6015	0.019
c196057d-676f-4b40-a0e8-a11cb12d3520	17	10363678	10363914	3	-1.6018
c196057d-676f-4b40-a0e8-a11cb12d3520	17	10364293	14389591	3002	0.0111
c196057d-676f-4b40-a0e8-a11cb12d3520	17	14389716	14389946	2	-1.4921
c196057d-676f-4b40-a0e8-a11cb12d3520	17	14389950	18455632	2368	0.0267
c196057d-676f-4b40-a0e8-a11cb12d3520	17	18455635	18561907	25	0.6646
c196057d-676f-4b40-a0e8-a11cb12d3520	17	18565883	41265433	9387	0.0101
c196057d-676f-4b40-a0e8-a11cb12d3520	17	41265456	41274279	25	-0.7863
c196057d-676f-4b40-a0e8-a11cb12d3520	17	41276472	46120237	2517	0.0246
c196057d-676f-4b40-a0e8-a11cb12d3520	17	46120280	46284643	100	-0.2726
c196057d-676f-4b40-a0e8-a11cb12d3520	17	46284997	83091923	21554	0.0077
c196057d-676f-4b40-a0e8-a11cb12d3520	18	48133	746846	529	0.1015
c196057d-676f-4b40-a0e8-a11cb12d3520	18	748595	58265973	34171	0.0027
c196057d-676f-4b40-a0e8-a11cb12d3520	18	58266021	58268730	8	-0.8996
c196057d-676f-4b40-a0e8-a11cb12d3520	18	58271707	64021058	4171	0.003
c196057d-676f-4b40-a0e8-a11cb12d3520	18	64021980	80257174	11821	0.0262
c196057d-676f-4b40-a0e8-a11cb12d3520	19	90910	896231	169	0.0594
c196057d-676f-4b40-a0e8-a11cb12d3520	19	896244	896499	2	-1.5781
c196057d-676f-4b40-a0e8-a11cb12d3520	19	896644	35172871	16346	0.0121
c196057d-676f-4b40-a0e8-a11cb12d3520	19	35172940	35173140	5	-0.8674
c196057d-676f-4b40-a0e8-a11cb12d3520	19	35175144	44402845	4823	0.0237
c196057d-676f-4b40-a0e8-a11cb12d3520	19	44403018	44425643	14	-0.5674
c196057d-676f-4b40-a0e8-a11cb12d3520	19	44425774	58586487	7723	0.0212
c196057d-676f-4b40-a0e8-a11cb12d3520	20	80664	1580353	1203	0.0075
c196057d-676f-4b40-a0e8-a11cb12d3520	20	1580934	1609809	38	1.2916
c196057d-676f-4b40-a0e8-a11cb12d3520	20	1609888	64324800	41111	0.0058
c196057d-676f-4b40-a0e8-a11cb12d3520	21	10354168	46677045	23852	0.0067
c196057d-676f-4b40-a0e8-a11cb12d3520	22	15294547	23929558	4378	0.0332
c196057d-676f-4b40-a0e8-a11cb12d3520	22	23940911	24002228	21	-0.5285
c196057d-676f-4b40-a0e8-a11cb12d3520	22	24005083	38894915	10781	0.0047
c196057d-676f-4b40-a0e8-a11cb12d3520	22	38899250	38900899	3	-2.5982
c196057d-676f-4b40-a0e8-a11cb12d3520	22	38903109	50796027	8070	0.0097
c196057d-676f-4b40-a0e8-a11cb12d3520	X	251810	130489630	68411	0.0134
c196057d-676f-4b40-a0e8-a11cb12d3520	X	130489669	130492344	2	-5.8009
c196057d-676f-4b40-a0e8-a11cb12d3520	X	130493249	144041545	7854	0.0133
c196057d-676f-4b40-a0e8-a11cb12d3520	X	144042383	144044881	2	-4.1424
c196057d-676f-4b40-a0e8-a11cb12d3520	X	144045055	151624251	4980	0.0155
c196057d-676f-4b40-a0e8-a11cb12d3520	X	151624357	151624443	3	-3.6706
c196057d-676f-4b40-a0e8-a11cb12d3520	X	151624817	155164107	1799	0.01
c196057d-676f-4b40-a0e8-a11cb12d3520	X	155167645	155180293	6	-1.158
c196057d-676f-4b40-a0e8-a11cb12d3520	X	155188794	155189126	2	-3.4997
c196057d-676f-4b40-a0e8-a11cb12d3520	X	155190019	155952689	224	0.0118
c196057d-676f-4b40-a0e8-a11cb12d3520	Y	2782397	3432225	209	-1.1296
c196057d-676f-4b40-a0e8-a11cb12d3520	Y	3433200	3575356	29	-0.6825
c196057d-676f-4b40-a0e8-a11cb12d3520	Y	3608930	56872112	6402	-1.1322
