GDC_Aliquot	Chromosome	Start	End	Num_Probes	Segment_Mean
cda8fa43-078d-45c4-8d03-5f8f034fd0b0	1	62920	62937	2	-1.5115
cda8fa43-078d-45c4-8d03-5f8f034fd0b0	1	72704	15822848	8328	-0.0134
cda8fa43-078d-45c4-8d03-5f8f034fd0b0	1	15823420	15827430	7	-2.4848
cda8fa43-078d-45c4-8d03-5f8f034fd0b0	1	15827706	15828515	4	-1.0815
cda8fa43-078d-45c4-8d03-5f8f034fd0b0	1	15839166	16018760	84	-0.0043
cda8fa43-078d-45c4-8d03-5f8f034fd0b0	1	16037445	16052921	7	-0.5761
cda8fa43-078d-45c4-8d03-5f8f034fd0b0	1	16063071	16504325	203	0.0148
cda8fa43-078d-45c4-8d03-5f8f034fd0b0	1	16505368	16686246	39	-0.2663
cda8fa43-078d-45c4-8d03-5f8f034fd0b0	1	16689764	16864367	23	0.0092
cda8fa43-078d-45c4-8d03-5f8f034fd0b0	1	16868660	16956580	57	-0.5261
cda8fa43-078d-45c4-8d03-5f8f034fd0b0	1	16958425	25301974	5275	-0.0059
cda8fa43-078d-45c4-8d03-5f8f034fd0b0	1	25318693	25320455	6	-0.7112
cda8fa43-078d-45c4-8d03-5f8f034fd0b0	1	25336819	34626073	4950	-0.0046
cda8fa43-078d-45c4-8d03-5f8f034fd0b0	1	34637053	34648667	21	-0.7114
cda8fa43-078d-45c4-8d03-5f8f034fd0b0	1	34649941	37433067	1500	0.0017
cda8fa43-078d-45c4-8d03-5f8f034fd0b0	1	37434572	37434814	2	-1.2724
cda8fa43-078d-45c4-8d03-5f8f034fd0b0	1	37436534	60509857	14107	0.0046
cda8fa43-078d-45c4-8d03-5f8f034fd0b0	1	60510134	60518110	6	-0.8012
cda8fa43-078d-45c4-8d03-5f8f034fd0b0	1	60519714	61647430	850	0.0035
cda8fa43-078d-45c4-8d03-5f8f034fd0b0	1	61648334	61652515	4	-0.8793
cda8fa43-078d-45c4-8d03-5f8f034fd0b0	1	61654137	72284670	7287	0.004
cda8fa43-078d-45c4-8d03-5f8f034fd0b0	1	72290430	72297687	9	-3.9695
cda8fa43-078d-45c4-8d03-5f8f034fd0b0	1	72302735	72345465	48	1.028
cda8fa43-078d-45c4-8d03-5f8f034fd0b0	1	72346221	103620877	20027	0.0073
cda8fa43-078d-45c4-8d03-5f8f034fd0b0	1	103621165	103717410	4	0.9933
cda8fa43-078d-45c4-8d03-5f8f034fd0b0	1	103717617	105476583	919	0.0115
cda8fa43-078d-45c4-8d03-5f8f034fd0b0	1	105476614	105479753	16	0.9408
cda8fa43-078d-45c4-8d03-5f8f034fd0b0	1	105481433	108187137	1938	0.0175
cda8fa43-078d-45c4-8d03-5f8f034fd0b0	1	108191613	108192255	2	-4.529
cda8fa43-078d-45c4-8d03-5f8f034fd0b0	1	108194874	109028555	403	0.0168
cda8fa43-078d-45c4-8d03-5f8f034fd0b0	1	109031904	109061619	3	-1.2236
cda8fa43-078d-45c4-8d03-5f8f034fd0b0	1	109062756	109690352	290	-0.0048
cda8fa43-078d-45c4-8d03-5f8f034fd0b0	1	109690415	109697556	12	-2.1005
cda8fa43-078d-45c4-8d03-5f8f034fd0b0	1	109702376	112147704	1949	-0.003
cda8fa43-078d-45c4-8d03-5f8f034fd0b0	1	112153343	112154768	25	-0.6955
cda8fa43-078d-45c4-8d03-5f8f034fd0b0	1	112163334	144442098	5294	0.0057
cda8fa43-078d-45c4-8d03-5f8f034fd0b0	1	144442342	144491166	9	-0.6684
cda8fa43-078d-45c4-8d03-5f8f034fd0b0	1	144503849	152583051	2301	0.0058
cda8fa43-078d-45c4-8d03-5f8f034fd0b0	1	152583230	152614064	33	-2.4746
cda8fa43-078d-45c4-8d03-5f8f034fd0b0	1	152614100	152787202	169	-0.0646
cda8fa43-078d-45c4-8d03-5f8f034fd0b0	1	152789447	152796224	37	-2.2443
cda8fa43-078d-45c4-8d03-5f8f034fd0b0	1	152801429	187746723	23494	-0.0017
cda8fa43-078d-45c4-8d03-5f8f034fd0b0	1	187748429	187752238	2	-2.9573
cda8fa43-078d-45c4-8d03-5f8f034fd0b0	1	187755479	193186662	3571	0.0148
cda8fa43-078d-45c4-8d03-5f8f034fd0b0	1	193187149	193187218	4	-1.2556
cda8fa43-078d-45c4-8d03-5f8f034fd0b0	1	193190593	194479104	943	0.005
cda8fa43-078d-45c4-8d03-5f8f034fd0b0	1	194482281	194485888	2	-2.4981
cda8fa43-078d-45c4-8d03-5f8f034fd0b0	1	194487886	196758720	1452	0.0108
cda8fa43-078d-45c4-8d03-5f8f034fd0b0	1	196761905	196832720	57	0.4682
cda8fa43-078d-45c4-8d03-5f8f034fd0b0	1	196843377	209897717	8787	-0.0011
cda8fa43-078d-45c4-8d03-5f8f034fd0b0	1	209908268	209908720	2	-2.08
cda8fa43-078d-45c4-8d03-5f8f034fd0b0	1	209910639	213643968	2435	-0.0103
cda8fa43-078d-45c4-8d03-5f8f034fd0b0	1	213651067	213657482	4	-0.7387
cda8fa43-078d-45c4-8d03-5f8f034fd0b0	1	213657558	214464465	658	0.0039
cda8fa43-078d-45c4-8d03-5f8f034fd0b0	1	214465093	214465114	2	-3.1003
cda8fa43-078d-45c4-8d03-5f8f034fd0b0	1	214465910	248930189	23933	0.001
cda8fa43-078d-45c4-8d03-5f8f034fd0b0	2	12784	34474248	24087	0.0058
cda8fa43-078d-45c4-8d03-5f8f034fd0b0	2	34476327	34492841	28	-2.227
cda8fa43-078d-45c4-8d03-5f8f034fd0b0	2	34492907	34511990	17	-4.1483
cda8fa43-078d-45c4-8d03-5f8f034fd0b0	2	34512096	35750907	872	0.021
cda8fa43-078d-45c4-8d03-5f8f034fd0b0	2	35752724	35762850	6	0.7423
cda8fa43-078d-45c4-8d03-5f8f034fd0b0	2	35762881	36108463	275	0.026
cda8fa43-078d-45c4-8d03-5f8f034fd0b0	2	36109476	36112411	13	-0.9744
cda8fa43-078d-45c4-8d03-5f8f034fd0b0	2	36123960	38727353	2014	0.0074
cda8fa43-078d-45c4-8d03-5f8f034fd0b0	2	38728724	38745139	8	0.6953
cda8fa43-078d-45c4-8d03-5f8f034fd0b0	2	38745684	52527330	9817	0.0135
cda8fa43-078d-45c4-8d03-5f8f034fd0b0	2	52527342	52554404	39	-0.7401
cda8fa43-078d-45c4-8d03-5f8f034fd0b0	2	52560811	97192190	23817	0.0096
cda8fa43-078d-45c4-8d03-5f8f034fd0b0	2	97199600	97210536	11	0.6202
cda8fa43-078d-45c4-8d03-5f8f034fd0b0	2	97211069	97534580	19	-0.09
cda8fa43-078d-45c4-8d03-5f8f034fd0b0	2	97535071	97545247	5	-1.5956
cda8fa43-078d-45c4-8d03-5f8f034fd0b0	2	97545726	132523270	20694	0.0068
cda8fa43-078d-45c4-8d03-5f8f034fd0b0	2	132523411	132545002	46	0.4592
cda8fa43-078d-45c4-8d03-5f8f034fd0b0	2	132556272	146103818	8658	0.0111
cda8fa43-078d-45c4-8d03-5f8f034fd0b0	2	146103836	146109366	27	-0.3151
cda8fa43-078d-45c4-8d03-5f8f034fd0b0	2	146120238	183706582	23141	0.007
cda8fa43-078d-45c4-8d03-5f8f034fd0b0	2	183706597	183707062	4	0.8576
cda8fa43-078d-45c4-8d03-5f8f034fd0b0	2	183709047	183929673	146	0.0535
cda8fa43-078d-45c4-8d03-5f8f034fd0b0	2	183929787	183937714	16	-0.7845
cda8fa43-078d-45c4-8d03-5f8f034fd0b0	2	183943862	242147305	35767	0.0071
cda8fa43-078d-45c4-8d03-5f8f034fd0b0	3	20930	26384700	19884	0.0123
cda8fa43-078d-45c4-8d03-5f8f034fd0b0	3	26392633	26397852	5	-1.0674
cda8fa43-078d-45c4-8d03-5f8f034fd0b0	3	26404482	29748930	2349	0.0008
cda8fa43-078d-45c4-8d03-5f8f034fd0b0	3	29750149	29750207	2	-1.3684
cda8fa43-078d-45c4-8d03-5f8f034fd0b0	3	29756943	35762590	3860	0.0066
cda8fa43-078d-45c4-8d03-5f8f034fd0b0	3	35763779	35905339	81	0.6763
cda8fa43-078d-45c4-8d03-5f8f034fd0b0	3	35905882	46750055	6996	0.0068
cda8fa43-078d-45c4-8d03-5f8f034fd0b0	3	46751887	46817989	42	0.2801
cda8fa43-078d-45c4-8d03-5f8f034fd0b0	3	46818342	47358421	239	-0.026
cda8fa43-078d-45c4-8d03-5f8f034fd0b0	3	47358841	47363961	3	-1.4386
cda8fa43-078d-45c4-8d03-5f8f034fd0b0	3	47367722	59934278	7064	0.0017
cda8fa43-078d-45c4-8d03-5f8f034fd0b0	3	59934401	60855786	1063	0.0562
cda8fa43-078d-45c4-8d03-5f8f034fd0b0	3	60855893	89337951	18836	0.0057
cda8fa43-078d-45c4-8d03-5f8f034fd0b0	3	89345442	89370231	51	-0.7693
cda8fa43-078d-45c4-8d03-5f8f034fd0b0	3	89370771	130044016	21977	0.0068
cda8fa43-078d-45c4-8d03-5f8f034fd0b0	3	130044855	130067097	6	-0.8672
cda8fa43-078d-45c4-8d03-5f8f034fd0b0	3	130067366	130087209	31	-1.9392
cda8fa43-078d-45c4-8d03-5f8f034fd0b0	3	130087393	146682191	10404	0.0092
cda8fa43-078d-45c4-8d03-5f8f034fd0b0	3	146682508	147743379	558	0.0769
cda8fa43-078d-45c4-8d03-5f8f034fd0b0	3	147744009	161053331	8183	0.0093
cda8fa43-078d-45c4-8d03-5f8f034fd0b0	3	161056456	161060410	6	-0.8275
cda8fa43-078d-45c4-8d03-5f8f034fd0b0	3	161061806	162405578	842	0.0137
cda8fa43-078d-45c4-8d03-5f8f034fd0b0	3	162419812	162424917	14	-0.7609
cda8fa43-078d-45c4-8d03-5f8f034fd0b0	3	162426460	162795304	261	0.0282
cda8fa43-078d-45c4-8d03-5f8f034fd0b0	3	162795361	162908815	69	0.5195
cda8fa43-078d-45c4-8d03-5f8f034fd0b0	3	162910826	162996729	70	0.0374
cda8fa43-078d-45c4-8d03-5f8f034fd0b0	3	162999939	163001774	2	1.3417
cda8fa43-078d-45c4-8d03-5f8f034fd0b0	3	163008371	180753918	10933	0.0194
cda8fa43-078d-45c4-8d03-5f8f034fd0b0	3	180755037	180759715	4	-0.9256
cda8fa43-078d-45c4-8d03-5f8f034fd0b0	3	180761369	193160804	8159	0.0056
cda8fa43-078d-45c4-8d03-5f8f034fd0b0	3	193161032	193165114	15	-1.9415
cda8fa43-078d-45c4-8d03-5f8f034fd0b0	3	193168646	198169247	2692	0.0064
cda8fa43-078d-45c4-8d03-5f8f034fd0b0	4	68929	5322738	2535	0.0005
cda8fa43-078d-45c4-8d03-5f8f034fd0b0	4	5322852	5323715	3	-1.1597
cda8fa43-078d-45c4-8d03-5f8f034fd0b0	4	5328588	9455251	2623	-0.0146
cda8fa43-078d-45c4-8d03-5f8f034fd0b0	4	9459504	9477699	6	-1.307
cda8fa43-078d-45c4-8d03-5f8f034fd0b0	4	9484440	10208766	540	-0.0219
cda8fa43-078d-45c4-8d03-5f8f034fd0b0	4	10221792	10229874	28	-2.6366
cda8fa43-078d-45c4-8d03-5f8f034fd0b0	4	10232590	10233644	7	-0.858
cda8fa43-078d-45c4-8d03-5f8f034fd0b0	4	10234518	34785333	16974	0.0007
cda8fa43-078d-45c4-8d03-5f8f034fd0b0	4	34785368	34823103	36	0.2611
cda8fa43-078d-45c4-8d03-5f8f034fd0b0	4	34828250	36008312	769	0.0229
cda8fa43-078d-45c4-8d03-5f8f034fd0b0	4	36009771	36011231	3	-1.9841
cda8fa43-078d-45c4-8d03-5f8f034fd0b0	4	36011519	68354665	18665	0.0032
cda8fa43-078d-45c4-8d03-5f8f034fd0b0	4	68361130	68389352	3	-1.5768
cda8fa43-078d-45c4-8d03-5f8f034fd0b0	4	68394355	68506285	20	-0.03
cda8fa43-078d-45c4-8d03-5f8f034fd0b0	4	68509223	68726064	74	0.5388
cda8fa43-078d-45c4-8d03-5f8f034fd0b0	4	68729873	69265191	310	0.0474
cda8fa43-078d-45c4-8d03-5f8f034fd0b0	4	69265628	69366081	49	0.4674
cda8fa43-078d-45c4-8d03-5f8f034fd0b0	4	69366304	71539972	1279	0.0028
cda8fa43-078d-45c4-8d03-5f8f034fd0b0	4	71540749	71541012	2	-1.2138
cda8fa43-078d-45c4-8d03-5f8f034fd0b0	4	71544631	114252544	26046	0.0038
cda8fa43-078d-45c4-8d03-5f8f034fd0b0	4	114254167	114261019	23	0.8168
cda8fa43-078d-45c4-8d03-5f8f034fd0b0	4	114263073	190030808	47146	0.0054
cda8fa43-078d-45c4-8d03-5f8f034fd0b0	4	190036331	190106768	7	0.7073
cda8fa43-078d-45c4-8d03-5f8f034fd0b0	5	15532	779766	334	-0.0016
cda8fa43-078d-45c4-8d03-5f8f034fd0b0	5	800724	833513	19	-0.7439
cda8fa43-078d-45c4-8d03-5f8f034fd0b0	5	852451	8702002	6588	-0.0003
cda8fa43-078d-45c4-8d03-5f8f034fd0b0	5	8702128	8747030	48	-0.8773
cda8fa43-078d-45c4-8d03-5f8f034fd0b0	5	8749619	12800777	3205	0.0036
cda8fa43-078d-45c4-8d03-5f8f034fd0b0	5	12815668	12826538	11	-2.4081
cda8fa43-078d-45c4-8d03-5f8f034fd0b0	5	12833745	16124136	2225	0.0172
cda8fa43-078d-45c4-8d03-5f8f034fd0b0	5	16125019	16125105	3	-0.9094
cda8fa43-078d-45c4-8d03-5f8f034fd0b0	5	16127435	25479982	5610	0.0071
cda8fa43-078d-45c4-8d03-5f8f034fd0b0	5	25480195	25488243	4	-0.997
cda8fa43-078d-45c4-8d03-5f8f034fd0b0	5	25488952	27524345	1206	0.016
cda8fa43-078d-45c4-8d03-5f8f034fd0b0	5	27525283	27525913	9	-1.0032
cda8fa43-078d-45c4-8d03-5f8f034fd0b0	5	27527372	29077540	898	0.007
cda8fa43-078d-45c4-8d03-5f8f034fd0b0	5	29077675	29078527	11	-0.8504
cda8fa43-078d-45c4-8d03-5f8f034fd0b0	5	29082473	33813889	3231	0.005
cda8fa43-078d-45c4-8d03-5f8f034fd0b0	5	33814068	33814383	2	-1.2868
cda8fa43-078d-45c4-8d03-5f8f034fd0b0	5	33814600	46191782	7253	0.0123
cda8fa43-078d-45c4-8d03-5f8f034fd0b0	5	46195781	46199333	4	-0.8573
cda8fa43-078d-45c4-8d03-5f8f034fd0b0	5	46209197	46271006	15	0.0963
cda8fa43-078d-45c4-8d03-5f8f034fd0b0	5	46271828	46273400	6	1.1579
cda8fa43-078d-45c4-8d03-5f8f034fd0b0	5	46278110	58025819	5073	0.0078
cda8fa43-078d-45c4-8d03-5f8f034fd0b0	5	58030200	58037706	32	1.9919
cda8fa43-078d-45c4-8d03-5f8f034fd0b0	5	58042530	153194405	58304	0.012
cda8fa43-078d-45c4-8d03-5f8f034fd0b0	5	153196537	153196755	2	-1.6255
cda8fa43-078d-45c4-8d03-5f8f034fd0b0	5	153200230	156048095	1976	0.001
cda8fa43-078d-45c4-8d03-5f8f034fd0b0	5	156049762	156055719	14	-0.6701
cda8fa43-078d-45c4-8d03-5f8f034fd0b0	5	156068240	177770954	14800	0.0017
cda8fa43-078d-45c4-8d03-5f8f034fd0b0	5	177771448	177832414	6	1.1573
cda8fa43-078d-45c4-8d03-5f8f034fd0b0	5	177833329	180964302	1797	0.0107
cda8fa43-078d-45c4-8d03-5f8f034fd0b0	5	180971271	180990614	11	0.5659
cda8fa43-078d-45c4-8d03-5f8f034fd0b0	5	180990660	181363319	173	-0.024
cda8fa43-078d-45c4-8d03-5f8f034fd0b0	6	149661	3955157	3097	0.0057
cda8fa43-078d-45c4-8d03-5f8f034fd0b0	6	3955926	3958029	6	-0.74
cda8fa43-078d-45c4-8d03-5f8f034fd0b0	6	3960139	26747504	17135	0
cda8fa43-078d-45c4-8d03-5f8f034fd0b0	6	26749330	26759781	3	-1.5827
cda8fa43-078d-45c4-8d03-5f8f034fd0b0	6	26831719	29869295	1413	-0.01
cda8fa43-078d-45c4-8d03-5f8f034fd0b0	6	29869410	29907031	24	0.6019
cda8fa43-078d-45c4-8d03-5f8f034fd0b0	6	29909182	31313046	655	-0.0489
cda8fa43-078d-45c4-8d03-5f8f034fd0b0	6	31318499	31328674	11	1.1147
cda8fa43-078d-45c4-8d03-5f8f034fd0b0	6	31342147	32463515	497	-0.0341
cda8fa43-078d-45c4-8d03-5f8f034fd0b0	6	32463775	32593518	31	1.621
cda8fa43-078d-45c4-8d03-5f8f034fd0b0	6	32602269	32658841	34	0.462
cda8fa43-078d-45c4-8d03-5f8f034fd0b0	6	32682835	32718419	36	0.0688
cda8fa43-078d-45c4-8d03-5f8f034fd0b0	6	32720838	32722250	8	0.3308
cda8fa43-078d-45c4-8d03-5f8f034fd0b0	6	32723020	32723053	3	1.5846
cda8fa43-078d-45c4-8d03-5f8f034fd0b0	6	32732907	54066286	13645	-0.0078
cda8fa43-078d-45c4-8d03-5f8f034fd0b0	6	54066353	54067057	7	-2.2917
cda8fa43-078d-45c4-8d03-5f8f034fd0b0	6	54070550	64627049	4228	0.0049
cda8fa43-078d-45c4-8d03-5f8f034fd0b0	6	64637651	64639099	2	-2.5212
cda8fa43-078d-45c4-8d03-5f8f034fd0b0	6	64640883	73882509	6160	0.0048
cda8fa43-078d-45c4-8d03-5f8f034fd0b0	6	73882741	73891694	9	-2.8611
cda8fa43-078d-45c4-8d03-5f8f034fd0b0	6	73893839	78261995	2770	0.0049
cda8fa43-078d-45c4-8d03-5f8f034fd0b0	6	78262064	78325468	107	-0.6284
cda8fa43-078d-45c4-8d03-5f8f034fd0b0	6	78329517	103286954	15471	0.0025
cda8fa43-078d-45c4-8d03-5f8f034fd0b0	6	103290101	103314186	46	0.6747
cda8fa43-078d-45c4-8d03-5f8f034fd0b0	6	103317795	167187860	42067	-0.0019
cda8fa43-078d-45c4-8d03-5f8f034fd0b0	6	167194108	167194527	2	-1.4066
cda8fa43-078d-45c4-8d03-5f8f034fd0b0	6	167199775	170741917	2105	-0.0171
cda8fa43-078d-45c4-8d03-5f8f034fd0b0	7	43355	5888325	3058	0.0056
cda8fa43-078d-45c4-8d03-5f8f034fd0b0	7	5890914	5963982	14	-0.576
cda8fa43-078d-45c4-8d03-5f8f034fd0b0	7	5964274	38251092	24293	0.0186
cda8fa43-078d-45c4-8d03-5f8f034fd0b0	7	38251113	38263543	7	0.8181
cda8fa43-078d-45c4-8d03-5f8f034fd0b0	7	38263833	38301061	66	0.2933
cda8fa43-078d-45c4-8d03-5f8f034fd0b0	7	38301430	54305455	11045	0.01
cda8fa43-078d-45c4-8d03-5f8f034fd0b0	7	54318812	54318824	6	-1.7083
cda8fa43-078d-45c4-8d03-5f8f034fd0b0	7	54325795	88714145	16014	0.014
cda8fa43-078d-45c4-8d03-5f8f034fd0b0	7	88714509	90208648	993	0.0777
cda8fa43-078d-45c4-8d03-5f8f034fd0b0	7	90209495	109801155	11463	0.0123
cda8fa43-078d-45c4-8d03-5f8f034fd0b0	7	109801187	109813925	12	0.746
cda8fa43-078d-45c4-8d03-5f8f034fd0b0	7	109814172	117379081	4680	0.014
cda8fa43-078d-45c4-8d03-5f8f034fd0b0	7	117380927	117383481	6	-0.7643
cda8fa43-078d-45c4-8d03-5f8f034fd0b0	7	117386946	134100587	10061	0.0136
cda8fa43-078d-45c4-8d03-5f8f034fd0b0	7	134100624	134105690	20	-0.6042
cda8fa43-078d-45c4-8d03-5f8f034fd0b0	7	134110881	142069843	5205	0.0074
cda8fa43-078d-45c4-8d03-5f8f034fd0b0	7	142069880	142092307	33	-0.8098
cda8fa43-078d-45c4-8d03-5f8f034fd0b0	7	142099190	159334314	10863	0.0167
cda8fa43-078d-45c4-8d03-5f8f034fd0b0	8	81254	643041	322	-0.0256
cda8fa43-078d-45c4-8d03-5f8f034fd0b0	8	644944	645908	10	-1.346
cda8fa43-078d-45c4-8d03-5f8f034fd0b0	8	656117	4048687	3227	-0.001
cda8fa43-078d-45c4-8d03-5f8f034fd0b0	8	4050319	4050928	4	-1.0522
cda8fa43-078d-45c4-8d03-5f8f034fd0b0	8	4052574	5668141	2339	0.0122
cda8fa43-078d-45c4-8d03-5f8f034fd0b0	8	5668461	5668992	3	-1.0734
cda8fa43-078d-45c4-8d03-5f8f034fd0b0	8	5669103	8102048	1884	0.005
cda8fa43-078d-45c4-8d03-5f8f034fd0b0	8	8104937	8132772	5	-1.1303
cda8fa43-078d-45c4-8d03-5f8f034fd0b0	8	8139659	16576873	6958	0.0041
cda8fa43-078d-45c4-8d03-5f8f034fd0b0	8	16578065	16679975	77	-1.0094
cda8fa43-078d-45c4-8d03-5f8f034fd0b0	8	16682002	25114672	6645	-0.0007
cda8fa43-078d-45c4-8d03-5f8f034fd0b0	8	25116928	25126818	27	-0.5121
cda8fa43-078d-45c4-8d03-5f8f034fd0b0	8	25133589	25715749	444	0.0122
cda8fa43-078d-45c4-8d03-5f8f034fd0b0	8	25723252	25730126	5	0.7443
cda8fa43-078d-45c4-8d03-5f8f034fd0b0	8	25736760	32828250	4985	-0.0039
cda8fa43-078d-45c4-8d03-5f8f034fd0b0	8	32829101	32829941	2	-1.2179
cda8fa43-078d-45c4-8d03-5f8f034fd0b0	8	32830685	39389156	3583	-0.0005
cda8fa43-078d-45c4-8d03-5f8f034fd0b0	8	39389592	39526605	53	-0.537
cda8fa43-078d-45c4-8d03-5f8f034fd0b0	8	39527181	40914477	1077	0.0016
cda8fa43-078d-45c4-8d03-5f8f034fd0b0	8	40920333	40920952	2	-2.2284
cda8fa43-078d-45c4-8d03-5f8f034fd0b0	8	40926161	71300130	16827	-0.0007
cda8fa43-078d-45c4-8d03-5f8f034fd0b0	8	71303076	71304364	8	-0.7349
cda8fa43-078d-45c4-8d03-5f8f034fd0b0	8	71307628	111279265	24098	0.0015
cda8fa43-078d-45c4-8d03-5f8f034fd0b0	8	111282050	111283016	8	-2.1059
cda8fa43-078d-45c4-8d03-5f8f034fd0b0	8	111283031	145072769	22912	-0.0015
cda8fa43-078d-45c4-8d03-5f8f034fd0b0	9	46587	602903	508	-0.0062
cda8fa43-078d-45c4-8d03-5f8f034fd0b0	9	606699	606961	4	1.3282
cda8fa43-078d-45c4-8d03-5f8f034fd0b0	9	607307	672786	139	0.0964
cda8fa43-078d-45c4-8d03-5f8f034fd0b0	9	672895	40949640	30552	0.002
cda8fa43-078d-45c4-8d03-5f8f034fd0b0	9	40949727	42574420	119	0.1852
cda8fa43-078d-45c4-8d03-5f8f034fd0b0	9	42585140	42719891	11	-0.8462
cda8fa43-078d-45c4-8d03-5f8f034fd0b0	9	42720266	61405110	44	-0.0649
cda8fa43-078d-45c4-8d03-5f8f034fd0b0	9	61520021	61647899	30	-1.6444
cda8fa43-078d-45c4-8d03-5f8f034fd0b0	9	61665362	138200944	48079	-0.0032
cda8fa43-078d-45c4-8d03-5f8f034fd0b0	10	45792	4244878	3574	-0.0071
cda8fa43-078d-45c4-8d03-5f8f034fd0b0	10	4248622	4248732	3	-1.4193
cda8fa43-078d-45c4-8d03-5f8f034fd0b0	10	4248824	6973852	2454	0.0096
cda8fa43-078d-45c4-8d03-5f8f034fd0b0	10	6973974	6974102	2	1.0454
cda8fa43-078d-45c4-8d03-5f8f034fd0b0	10	6974736	9754575	2310	0.0041
cda8fa43-078d-45c4-8d03-5f8f034fd0b0	10	9754737	9754775	2	-1.3563
cda8fa43-078d-45c4-8d03-5f8f034fd0b0	10	9759132	20551945	8650	0.0161
cda8fa43-078d-45c4-8d03-5f8f034fd0b0	10	20561183	20564574	5	-0.752
cda8fa43-078d-45c4-8d03-5f8f034fd0b0	10	20564605	24086334	2195	0.0159
cda8fa43-078d-45c4-8d03-5f8f034fd0b0	10	24088745	24089125	11	-2.7302
cda8fa43-078d-45c4-8d03-5f8f034fd0b0	10	24089979	26938239	1990	0.0071
cda8fa43-078d-45c4-8d03-5f8f034fd0b0	10	26938752	26939544	8	0.8597
cda8fa43-078d-45c4-8d03-5f8f034fd0b0	10	26941064	46254156	10352	0.0101
cda8fa43-078d-45c4-8d03-5f8f034fd0b0	10	46255943	46522514	115	-0.1117
cda8fa43-078d-45c4-8d03-5f8f034fd0b0	10	46522571	46526061	11	-0.6877
cda8fa43-078d-45c4-8d03-5f8f034fd0b0	10	46526086	46901552	46	-0.216
cda8fa43-078d-45c4-8d03-5f8f034fd0b0	10	46967412	50081224	1678	0.0068
cda8fa43-078d-45c4-8d03-5f8f034fd0b0	10	50097459	50150838	5	-0.9658
cda8fa43-078d-45c4-8d03-5f8f034fd0b0	10	50178219	76493093	17817	0.0136
cda8fa43-078d-45c4-8d03-5f8f034fd0b0	10	76497303	76497852	2	-1.909
cda8fa43-078d-45c4-8d03-5f8f034fd0b0	10	76501509	90700170	10135	0.0087
cda8fa43-078d-45c4-8d03-5f8f034fd0b0	10	90702958	90703534	4	-0.864
cda8fa43-078d-45c4-8d03-5f8f034fd0b0	10	90711823	119645034	18876	0.0109
cda8fa43-078d-45c4-8d03-5f8f034fd0b0	10	119648469	119648559	2	-1.2243
cda8fa43-078d-45c4-8d03-5f8f034fd0b0	10	119649612	121891034	1995	0.0132
cda8fa43-078d-45c4-8d03-5f8f034fd0b0	10	121891186	121893417	2	-1.0634
cda8fa43-078d-45c4-8d03-5f8f034fd0b0	10	121894510	122470997	431	0.0122
cda8fa43-078d-45c4-8d03-5f8f034fd0b0	10	122471096	122471425	2	-1.31
cda8fa43-078d-45c4-8d03-5f8f034fd0b0	10	122475364	133654968	7983	0.0008
cda8fa43-078d-45c4-8d03-5f8f034fd0b0	11	198510	4949013	2420	-0.0026
cda8fa43-078d-45c4-8d03-5f8f034fd0b0	11	4949047	4955042	28	0.5137
cda8fa43-078d-45c4-8d03-5f8f034fd0b0	11	4955781	5766850	785	0.0057
cda8fa43-078d-45c4-8d03-5f8f034fd0b0	11	5766862	5795055	37	0.4911
cda8fa43-078d-45c4-8d03-5f8f034fd0b0	11	5797091	18929959	9414	0.0017
cda8fa43-078d-45c4-8d03-5f8f034fd0b0	11	18930146	18940066	28	0.3835
cda8fa43-078d-45c4-8d03-5f8f034fd0b0	11	18940191	25197565	4964	0.0082
cda8fa43-078d-45c4-8d03-5f8f034fd0b0	11	25197599	25199466	2	-1.7595
cda8fa43-078d-45c4-8d03-5f8f034fd0b0	11	25202707	49686823	16052	0.0013
cda8fa43-078d-45c4-8d03-5f8f034fd0b0	11	49689309	49736119	16	-0.6919
cda8fa43-078d-45c4-8d03-5f8f034fd0b0	11	49736215	55606572	736	0.0099
cda8fa43-078d-45c4-8d03-5f8f034fd0b0	11	55606712	55685501	56	0.4054
cda8fa43-078d-45c4-8d03-5f8f034fd0b0	11	55685533	80256469	13258	-0.0026
cda8fa43-078d-45c4-8d03-5f8f034fd0b0	11	80256504	80256520	2	-2.6549
cda8fa43-078d-45c4-8d03-5f8f034fd0b0	11	80256642	95451191	10448	0.0042
cda8fa43-078d-45c4-8d03-5f8f034fd0b0	11	95452865	95453143	3	-1.4331
cda8fa43-078d-45c4-8d03-5f8f034fd0b0	11	95453749	135074876	28571	0.0008
cda8fa43-078d-45c4-8d03-5f8f034fd0b0	12	51460	760032	419	-0.014
cda8fa43-078d-45c4-8d03-5f8f034fd0b0	12	760097	764863	16	-0.971
cda8fa43-078d-45c4-8d03-5f8f034fd0b0	12	766188	9481274	5741	-0.0003
cda8fa43-078d-45c4-8d03-5f8f034fd0b0	12	9485313	9575696	23	-2.0824
cda8fa43-078d-45c4-8d03-5f8f034fd0b0	12	9582373	10430768	633	0.0155
cda8fa43-078d-45c4-8d03-5f8f034fd0b0	12	10434196	10443207	4	-1.6726
cda8fa43-078d-45c4-8d03-5f8f034fd0b0	12	10446203	20991368	7092	0.0106
cda8fa43-078d-45c4-8d03-5f8f034fd0b0	12	20991497	20991572	3	0.9885
cda8fa43-078d-45c4-8d03-5f8f034fd0b0	12	20991608	27941830	5019	0.0152
cda8fa43-078d-45c4-8d03-5f8f034fd0b0	12	27941988	27944711	12	-3.0037
cda8fa43-078d-45c4-8d03-5f8f034fd0b0	12	27950527	30086381	1544	0.0034
cda8fa43-078d-45c4-8d03-5f8f034fd0b0	12	30086486	30090698	20	-0.7321
cda8fa43-078d-45c4-8d03-5f8f034fd0b0	12	30090732	33239086	2332	0.0199
cda8fa43-078d-45c4-8d03-5f8f034fd0b0	12	33242207	33242483	2	1.5965
cda8fa43-078d-45c4-8d03-5f8f034fd0b0	12	33246118	34210024	597	0.0783
cda8fa43-078d-45c4-8d03-5f8f034fd0b0	12	34210344	45506042	4941	0.0058
cda8fa43-078d-45c4-8d03-5f8f034fd0b0	12	45510655	45515754	4	-2.2889
cda8fa43-078d-45c4-8d03-5f8f034fd0b0	12	45519509	77600447	19695	0.005
cda8fa43-078d-45c4-8d03-5f8f034fd0b0	12	77600817	77607659	13	0.5544
cda8fa43-078d-45c4-8d03-5f8f034fd0b0	12	77608674	99398036	13992	0.0082
cda8fa43-078d-45c4-8d03-5f8f034fd0b0	12	99401515	99404031	21	-0.5501
cda8fa43-078d-45c4-8d03-5f8f034fd0b0	12	99404140	121203706	14596	0.0038
cda8fa43-078d-45c4-8d03-5f8f034fd0b0	12	121203822	121206053	2	-1.6587
cda8fa43-078d-45c4-8d03-5f8f034fd0b0	12	121206766	133201603	8127	-0.0085
cda8fa43-078d-45c4-8d03-5f8f034fd0b0	13	18452809	19044000	209	0.0221
cda8fa43-078d-45c4-8d03-5f8f034fd0b0	13	19044164	19052801	12	0.4927
cda8fa43-078d-45c4-8d03-5f8f034fd0b0	13	19056620	19199374	108	-0.0386
cda8fa43-078d-45c4-8d03-5f8f034fd0b0	13	19202953	19203130	2	-1.6354
cda8fa43-078d-45c4-8d03-5f8f034fd0b0	13	19207320	23055071	2527	-0.0045
cda8fa43-078d-45c4-8d03-5f8f034fd0b0	13	23058539	23059376	12	-0.5394
cda8fa43-078d-45c4-8d03-5f8f034fd0b0	13	23064056	52288372	20458	-0.0009
cda8fa43-078d-45c4-8d03-5f8f034fd0b0	13	52293586	52345221	13	0.4818
cda8fa43-078d-45c4-8d03-5f8f034fd0b0	13	52349637	52483236	49	0.0339
cda8fa43-078d-45c4-8d03-5f8f034fd0b0	13	52485081	52571523	15	-0.6521
cda8fa43-078d-45c4-8d03-5f8f034fd0b0	13	52578000	57176962	2618	0.001
cda8fa43-078d-45c4-8d03-5f8f034fd0b0	13	57184136	57204246	34	0.6949
cda8fa43-078d-45c4-8d03-5f8f034fd0b0	13	57215580	97875020	25948	-0.0012
cda8fa43-078d-45c4-8d03-5f8f034fd0b0	13	97877870	97879211	6	-1.0084
cda8fa43-078d-45c4-8d03-5f8f034fd0b0	13	97881576	114342922	12142	-0.0033
cda8fa43-078d-45c4-8d03-5f8f034fd0b0	14	18239283	18625765	13	0.0226
cda8fa43-078d-45c4-8d03-5f8f034fd0b0	14	18639714	19955213	154	-0.2715
cda8fa43-078d-45c4-8d03-5f8f034fd0b0	14	19956767	22011358	1418	0.0201
cda8fa43-078d-45c4-8d03-5f8f034fd0b0	14	22011573	22490565	403	0.2261
cda8fa43-078d-45c4-8d03-5f8f034fd0b0	14	22490580	23977508	893	-0.0037
cda8fa43-078d-45c4-8d03-5f8f034fd0b0	14	23982222	23995303	11	-0.8817
cda8fa43-078d-45c4-8d03-5f8f034fd0b0	14	24009685	24015250	6	0.1262
cda8fa43-078d-45c4-8d03-5f8f034fd0b0	14	24018934	24020067	10	-0.8724
cda8fa43-078d-45c4-8d03-5f8f034fd0b0	14	24024866	26314697	1597	0.0069
cda8fa43-078d-45c4-8d03-5f8f034fd0b0	14	26314707	26314712	6	0.6667
cda8fa43-078d-45c4-8d03-5f8f034fd0b0	14	26315707	41139155	9251	0.0048
cda8fa43-078d-45c4-8d03-5f8f034fd0b0	14	41141293	41188046	14	-0.6628
cda8fa43-078d-45c4-8d03-5f8f034fd0b0	14	41188146	106412640	41377	-0.0003
cda8fa43-078d-45c4-8d03-5f8f034fd0b0	14	106416146	106487515	53	-0.6659
cda8fa43-078d-45c4-8d03-5f8f034fd0b0	14	106487827	106877229	192	0.0281
cda8fa43-078d-45c4-8d03-5f8f034fd0b0	15	19811075	20056983	50	0.0019
cda8fa43-078d-45c4-8d03-5f8f034fd0b0	15	20059033	20235285	13	-0.4526
cda8fa43-078d-45c4-8d03-5f8f034fd0b0	15	20240885	20376202	30	-0.085
cda8fa43-078d-45c4-8d03-5f8f034fd0b0	15	20376309	20381704	12	-1.3855
cda8fa43-078d-45c4-8d03-5f8f034fd0b0	15	20384774	22572323	107	0.0425
cda8fa43-078d-45c4-8d03-5f8f034fd0b0	15	22576496	22635920	12	0.5417
cda8fa43-078d-45c4-8d03-5f8f034fd0b0	15	22646628	26315045	2338	0.0045
cda8fa43-078d-45c4-8d03-5f8f034fd0b0	15	26317005	26318009	2	1.5997
cda8fa43-078d-45c4-8d03-5f8f034fd0b0	15	26318441	27163944	599	-0.0014
cda8fa43-078d-45c4-8d03-5f8f034fd0b0	15	27163961	27164655	3	-1.0463
cda8fa43-078d-45c4-8d03-5f8f034fd0b0	15	27165523	44931456	10550	0.0034
cda8fa43-078d-45c4-8d03-5f8f034fd0b0	15	44933059	44942249	6	-1.1704
cda8fa43-078d-45c4-8d03-5f8f034fd0b0	15	44942884	76598900	20194	-0.0026
cda8fa43-078d-45c4-8d03-5f8f034fd0b0	15	76599170	76603434	21	-2.5703
cda8fa43-078d-45c4-8d03-5f8f034fd0b0	15	76609838	101928837	17613	0.0016
cda8fa43-078d-45c4-8d03-5f8f034fd0b0	16	10777	16539504	11767	-0.0041
cda8fa43-078d-45c4-8d03-5f8f034fd0b0	16	16539715	16743769	27	-0.3804
cda8fa43-078d-45c4-8d03-5f8f034fd0b0	16	16761504	90096867	40074	-0.0052
cda8fa43-078d-45c4-8d03-5f8f034fd0b0	17	150733	18414080	11392	-0.0019
cda8fa43-078d-45c4-8d03-5f8f034fd0b0	17	18452078	18537994	21	-0.4966
cda8fa43-078d-45c4-8d03-5f8f034fd0b0	17	18540308	41265456	9406	-0.0058
cda8fa43-078d-45c4-8d03-5f8f034fd0b0	17	41266762	41274279	24	-1.3023
cda8fa43-078d-45c4-8d03-5f8f034fd0b0	17	41276472	46084941	2497	-0.0083
cda8fa43-078d-45c4-8d03-5f8f034fd0b0	17	46085231	46664059	133	0.4835
cda8fa43-078d-45c4-8d03-5f8f034fd0b0	17	46687628	83091923	21565	-0.0029
cda8fa43-078d-45c4-8d03-5f8f034fd0b0	18	48133	27267187	14224	-0.0204
cda8fa43-078d-45c4-8d03-5f8f034fd0b0	18	27276596	27278371	3	-1.3252
cda8fa43-078d-45c4-8d03-5f8f034fd0b0	18	27278614	40678763	8560	-0.0187
cda8fa43-078d-45c4-8d03-5f8f034fd0b0	18	40680456	40685425	19	-0.6776
cda8fa43-078d-45c4-8d03-5f8f034fd0b0	18	40688060	80257174	27927	-0.0198
cda8fa43-078d-45c4-8d03-5f8f034fd0b0	19	90910	20411869	8922	-0.0039
cda8fa43-078d-45c4-8d03-5f8f034fd0b0	19	20413400	20538428	70	-0.7774
cda8fa43-078d-45c4-8d03-5f8f034fd0b0	19	20538656	35358420	7716	-0.0002
cda8fa43-078d-45c4-8d03-5f8f034fd0b0	19	35364451	35370946	21	-2.1083
cda8fa43-078d-45c4-8d03-5f8f034fd0b0	19	35375842	51623881	8024	-0.0062
cda8fa43-078d-45c4-8d03-5f8f034fd0b0	19	51624018	51628560	9	-0.9639
cda8fa43-078d-45c4-8d03-5f8f034fd0b0	19	51639099	55771003	2506	0.0064
cda8fa43-078d-45c4-8d03-5f8f034fd0b0	19	55771169	55771701	3	-1.0904
cda8fa43-078d-45c4-8d03-5f8f034fd0b0	19	55774927	58429147	1784	-0.0077
cda8fa43-078d-45c4-8d03-5f8f034fd0b0	19	58432041	58434689	3	-0.9976
cda8fa43-078d-45c4-8d03-5f8f034fd0b0	19	58434793	58586487	51	-0.0365
cda8fa43-078d-45c4-8d03-5f8f034fd0b0	20	80664	1580156	1201	-0.0068
cda8fa43-078d-45c4-8d03-5f8f034fd0b0	20	1580276	1613247	44	-0.7085
cda8fa43-078d-45c4-8d03-5f8f034fd0b0	20	1617300	2013704	341	-0.0172
cda8fa43-078d-45c4-8d03-5f8f034fd0b0	20	2016124	2016802	2	-1.138
cda8fa43-078d-45c4-8d03-5f8f034fd0b0	20	2017002	3846662	1234	0.0061
cda8fa43-078d-45c4-8d03-5f8f034fd0b0	20	3849020	3862380	5	-0.9191
cda8fa43-078d-45c4-8d03-5f8f034fd0b0	20	3862746	30185676	17191	0.0013
cda8fa43-078d-45c4-8d03-5f8f034fd0b0	20	30193847	30295239	18	-0.7308
cda8fa43-078d-45c4-8d03-5f8f034fd0b0	20	30299006	64324800	22330	-0.003
cda8fa43-078d-45c4-8d03-5f8f034fd0b0	21	10354168	10756733	86	0.276
cda8fa43-078d-45c4-8d03-5f8f034fd0b0	21	10775586	22264558	6205	0.0054
cda8fa43-078d-45c4-8d03-5f8f034fd0b0	21	22265046	22278814	12	0.1934
cda8fa43-078d-45c4-8d03-5f8f034fd0b0	21	22283580	22292338	9	-0.9824
cda8fa43-078d-45c4-8d03-5f8f034fd0b0	21	22294679	27072333	3710	0.0098
cda8fa43-078d-45c4-8d03-5f8f034fd0b0	21	27079051	27085616	10	-0.6896
cda8fa43-078d-45c4-8d03-5f8f034fd0b0	21	27087592	35048091	5568	-0.0033
cda8fa43-078d-45c4-8d03-5f8f034fd0b0	21	35048489	35048578	2	-3.4117
cda8fa43-078d-45c4-8d03-5f8f034fd0b0	21	35048776	46677045	8260	-0.0057
cda8fa43-078d-45c4-8d03-5f8f034fd0b0	22	15294547	18167915	1129	0.0009
cda8fa43-078d-45c4-8d03-5f8f034fd0b0	22	18190590	18918078	13	-0.5576
cda8fa43-078d-45c4-8d03-5f8f034fd0b0	22	18918093	23929558	3237	-0.0231
cda8fa43-078d-45c4-8d03-5f8f034fd0b0	22	23940911	23990739	18	-0.8375
cda8fa43-078d-45c4-8d03-5f8f034fd0b0	22	23995113	50796027	18876	-0.0144
cda8fa43-078d-45c4-8d03-5f8f034fd0b0	X	251810	90640076	46382	0.0026
cda8fa43-078d-45c4-8d03-5f8f034fd0b0	X	90640088	90652526	9	-1.9514
cda8fa43-078d-45c4-8d03-5f8f034fd0b0	X	90656859	138488312	25856	-0.0018
cda8fa43-078d-45c4-8d03-5f8f034fd0b0	X	138489575	138491611	10	-0.8294
cda8fa43-078d-45c4-8d03-5f8f034fd0b0	X	138491705	152337437	9071	0.002
cda8fa43-078d-45c4-8d03-5f8f034fd0b0	X	152342526	152348153	3	-1.7549
cda8fa43-078d-45c4-8d03-5f8f034fd0b0	X	152348845	153031937	384	-0.0289
cda8fa43-078d-45c4-8d03-5f8f034fd0b0	X	153033320	153033368	2	-1.7401
cda8fa43-078d-45c4-8d03-5f8f034fd0b0	X	153033676	155952689	1122	0.0016
cda8fa43-078d-45c4-8d03-5f8f034fd0b0	Y	2782397	56872112	6634	-0.7698
