GDC_Aliquot	Chromosome	Start	End	Num_Probes	Segment_Mean
4bc3e59a-31df-49e2-9c88-745372e92b39	1	62920	98602	13	0.767
4bc3e59a-31df-49e2-9c88-745372e92b39	1	259407	3301765	725	-0.2153
4bc3e59a-31df-49e2-9c88-745372e92b39	1	3302046	25256850	13273	-0.0201
4bc3e59a-31df-49e2-9c88-745372e92b39	1	25266637	25273831	6	0.745
4bc3e59a-31df-49e2-9c88-745372e92b39	1	25275368	25319693	15	0.1226
4bc3e59a-31df-49e2-9c88-745372e92b39	1	25320198	25320455	3	1.0388
4bc3e59a-31df-49e2-9c88-745372e92b39	1	25336819	30667100	2726	-0.0157
4bc3e59a-31df-49e2-9c88-745372e92b39	1	30670188	30789158	83	-0.2773
4bc3e59a-31df-49e2-9c88-745372e92b39	1	30789990	72302815	25898	-0.0188
4bc3e59a-31df-49e2-9c88-745372e92b39	1	72303233	72345465	46	-1.3031
4bc3e59a-31df-49e2-9c88-745372e92b39	1	72346221	103560608	19981	-0.0113
4bc3e59a-31df-49e2-9c88-745372e92b39	1	103566616	103587546	17	0.6398
4bc3e59a-31df-49e2-9c88-745372e92b39	1	103589737	109677464	3579	-0.0092
4bc3e59a-31df-49e2-9c88-745372e92b39	1	109677968	109684893	5	-0.3763
4bc3e59a-31df-49e2-9c88-745372e92b39	1	109690352	109697556	13	1.2334
4bc3e59a-31df-49e2-9c88-745372e92b39	1	109702376	113625158	2883	-0.0073
4bc3e59a-31df-49e2-9c88-745372e92b39	1	113630788	113631057	2	-2.2828
4bc3e59a-31df-49e2-9c88-745372e92b39	1	113632670	152784298	6885	-0.0179
4bc3e59a-31df-49e2-9c88-745372e92b39	1	152784330	152796224	40	-0.3883
4bc3e59a-31df-49e2-9c88-745372e92b39	1	152801429	179354603	17884	-0.0185
4bc3e59a-31df-49e2-9c88-745372e92b39	1	179361393	179362247	2	-2.5954
4bc3e59a-31df-49e2-9c88-745372e92b39	1	179364180	191744838	8180	-0.0071
4bc3e59a-31df-49e2-9c88-745372e92b39	1	191747585	191757028	9	-1.0346
4bc3e59a-31df-49e2-9c88-745372e92b39	1	191758819	196843377	3427	-0.0171
4bc3e59a-31df-49e2-9c88-745372e92b39	1	196843400	196846661	2	3.8504
4bc3e59a-31df-49e2-9c88-745372e92b39	1	196847600	209897717	8780	-0.0129
4bc3e59a-31df-49e2-9c88-745372e92b39	1	209908268	209910639	3	1.4607
4bc3e59a-31df-49e2-9c88-745372e92b39	1	209913207	230741398	13884	-0.0203
4bc3e59a-31df-49e2-9c88-745372e92b39	1	230744206	230744409	2	-1.7372
4bc3e59a-31df-49e2-9c88-745372e92b39	1	230746647	248546369	12936	-0.0129
4bc3e59a-31df-49e2-9c88-745372e92b39	1	248550567	248633912	35	-0.9126
4bc3e59a-31df-49e2-9c88-745372e92b39	1	248645563	248930189	140	-0.028
4bc3e59a-31df-49e2-9c88-745372e92b39	2	12784	1287127	842	-0.0524
4bc3e59a-31df-49e2-9c88-745372e92b39	2	1287324	1289488	2	-1.7042
4bc3e59a-31df-49e2-9c88-745372e92b39	2	1289899	1434794	113	-0.0207
4bc3e59a-31df-49e2-9c88-745372e92b39	2	1434843	1912858	280	-0.1721
4bc3e59a-31df-49e2-9c88-745372e92b39	2	1913832	4145344	1739	-0.0379
4bc3e59a-31df-49e2-9c88-745372e92b39	2	4148895	4176429	52	0.2975
4bc3e59a-31df-49e2-9c88-745372e92b39	2	4182472	24376380	14885	-0.0096
4bc3e59a-31df-49e2-9c88-745372e92b39	2	24378642	24388259	19	-0.7731
4bc3e59a-31df-49e2-9c88-745372e92b39	2	24388858	29418334	2698	-0.014
4bc3e59a-31df-49e2-9c88-745372e92b39	2	29419008	29422071	11	-0.9021
4bc3e59a-31df-49e2-9c88-745372e92b39	2	29423558	34466002	3424	-0.0119
4bc3e59a-31df-49e2-9c88-745372e92b39	2	34474248	34512096	47	0.7539
4bc3e59a-31df-49e2-9c88-745372e92b39	2	34512489	35750907	869	0.0203
4bc3e59a-31df-49e2-9c88-745372e92b39	2	35752724	35761650	4	-2.3961
4bc3e59a-31df-49e2-9c88-745372e92b39	2	35761842	38455856	2139	-0.0304
4bc3e59a-31df-49e2-9c88-745372e92b39	2	38455981	38457548	2	-1.5452
4bc3e59a-31df-49e2-9c88-745372e92b39	2	38458671	40707395	1540	0.0022
4bc3e59a-31df-49e2-9c88-745372e92b39	2	40707796	40707895	2	-1.9659
4bc3e59a-31df-49e2-9c88-745372e92b39	2	40713914	52527330	8432	-0.0093
4bc3e59a-31df-49e2-9c88-745372e92b39	2	52527342	52554404	39	0.5894
4bc3e59a-31df-49e2-9c88-745372e92b39	2	52560811	106263639	29396	-0.0106
4bc3e59a-31df-49e2-9c88-745372e92b39	2	106264257	106268901	11	-2.0464
4bc3e59a-31df-49e2-9c88-745372e92b39	2	106270799	146107526	23815	-0.0084
4bc3e59a-31df-49e2-9c88-745372e92b39	2	146107615	146109230	15	0.7989
4bc3e59a-31df-49e2-9c88-745372e92b39	2	146109341	173728221	16909	-0.0134
4bc3e59a-31df-49e2-9c88-745372e92b39	2	173728383	173732840	3	-1.657
4bc3e59a-31df-49e2-9c88-745372e92b39	2	173732928	185456379	7314	-0.0094
4bc3e59a-31df-49e2-9c88-745372e92b39	2	185458220	185983055	242	0.1473
4bc3e59a-31df-49e2-9c88-745372e92b39	2	185983937	188254196	1239	0.0002
4bc3e59a-31df-49e2-9c88-745372e92b39	2	188255201	188262203	4	-2.0279
4bc3e59a-31df-49e2-9c88-745372e92b39	2	188264331	194038022	3220	0.0022
4bc3e59a-31df-49e2-9c88-745372e92b39	2	194039367	194043206	2	-1.8548
4bc3e59a-31df-49e2-9c88-745372e92b39	2	194043831	194735945	404	0.0143
4bc3e59a-31df-49e2-9c88-745372e92b39	2	194736377	195137473	243	0.1144
4bc3e59a-31df-49e2-9c88-745372e92b39	2	195137489	238842563	27676	-0.015
4bc3e59a-31df-49e2-9c88-745372e92b39	2	238910991	239132666	139	-0.1837
4bc3e59a-31df-49e2-9c88-745372e92b39	2	239132679	241573649	1465	-0.019
4bc3e59a-31df-49e2-9c88-745372e92b39	2	241575466	242049595	112	-0.2007
4bc3e59a-31df-49e2-9c88-745372e92b39	2	242052623	242147305	56	0.0601
4bc3e59a-31df-49e2-9c88-745372e92b39	3	20930	306319	273	-0.0373
4bc3e59a-31df-49e2-9c88-745372e92b39	3	307429	1703863	1226	0.0504
4bc3e59a-31df-49e2-9c88-745372e92b39	3	1704177	14385441	10201	-0.0164
4bc3e59a-31df-49e2-9c88-745372e92b39	3	14385576	14386043	2	-2.033
4bc3e59a-31df-49e2-9c88-745372e92b39	3	14386623	68697013	36056	-0.0156
4bc3e59a-31df-49e2-9c88-745372e92b39	3	68697108	68698262	14	-1.6572
4bc3e59a-31df-49e2-9c88-745372e92b39	3	68699607	98180575	15304	-0.0113
4bc3e59a-31df-49e2-9c88-745372e92b39	3	98189826	98199423	6	-1.2486
4bc3e59a-31df-49e2-9c88-745372e92b39	3	98199693	146785370	29819	-0.0168
4bc3e59a-31df-49e2-9c88-745372e92b39	3	146786108	147568670	396	0.1012
4bc3e59a-31df-49e2-9c88-745372e92b39	3	147575031	162786507	9383	-0.0129
4bc3e59a-31df-49e2-9c88-745372e92b39	3	162786879	162898127	69	0.4271
4bc3e59a-31df-49e2-9c88-745372e92b39	3	162906054	162996729	78	-0.0148
4bc3e59a-31df-49e2-9c88-745372e92b39	3	162999939	163001774	2	-2.9668
4bc3e59a-31df-49e2-9c88-745372e92b39	3	163008371	195730018	20601	-0.0059
4bc3e59a-31df-49e2-9c88-745372e92b39	3	195733825	195921637	76	-0.2904
4bc3e59a-31df-49e2-9c88-745372e92b39	3	195922360	198169247	1096	-0.0163
4bc3e59a-31df-49e2-9c88-745372e92b39	4	68929	776118	260	-0.0206
4bc3e59a-31df-49e2-9c88-745372e92b39	4	776373	1051535	90	-0.2685
4bc3e59a-31df-49e2-9c88-745372e92b39	4	1057724	3597665	1087	-0.0126
4bc3e59a-31df-49e2-9c88-745372e92b39	4	3597723	3612441	5	-1.2335
4bc3e59a-31df-49e2-9c88-745372e92b39	4	3622609	8720526	3647	-0.0479
4bc3e59a-31df-49e2-9c88-745372e92b39	4	8722817	9484440	67	0.564
4bc3e59a-31df-49e2-9c88-745372e92b39	4	9494650	10208766	538	-0.0619
4bc3e59a-31df-49e2-9c88-745372e92b39	4	10212536	10229874	29	1.1611
4bc3e59a-31df-49e2-9c88-745372e92b39	4	10232590	10233644	7	0.4139
4bc3e59a-31df-49e2-9c88-745372e92b39	4	10234518	10390730	172	-0.0781
4bc3e59a-31df-49e2-9c88-745372e92b39	4	10391530	10399044	15	-0.6042
4bc3e59a-31df-49e2-9c88-745372e92b39	4	10401094	15254560	3840	-0.0348
4bc3e59a-31df-49e2-9c88-745372e92b39	4	15255864	15255992	2	-3.2909
4bc3e59a-31df-49e2-9c88-745372e92b39	4	15256761	20558955	3558	-0.0364
4bc3e59a-31df-49e2-9c88-745372e92b39	4	20558970	20562319	38	-0.8295
4bc3e59a-31df-49e2-9c88-745372e92b39	4	20566943	32398977	7999	-0.0339
4bc3e59a-31df-49e2-9c88-745372e92b39	4	32399891	32416611	10	-0.8009
4bc3e59a-31df-49e2-9c88-745372e92b39	4	32418784	49091769	10329	-0.0196
4bc3e59a-31df-49e2-9c88-745372e92b39	4	49112078	49141246	3	2.2799
4bc3e59a-31df-49e2-9c88-745372e92b39	4	49146817	63839438	7598	-0.0166
4bc3e59a-31df-49e2-9c88-745372e92b39	4	63839445	63850713	21	0.726
4bc3e59a-31df-49e2-9c88-745372e92b39	4	63851308	66278820	1578	0.0079
4bc3e59a-31df-49e2-9c88-745372e92b39	4	66279216	66285719	3	-1.3071
4bc3e59a-31df-49e2-9c88-745372e92b39	4	66293150	68354665	1266	-0.0073
4bc3e59a-31df-49e2-9c88-745372e92b39	4	68361130	68450733	14	-0.5959
4bc3e59a-31df-49e2-9c88-745372e92b39	4	68455239	68686026	82	0.3194
4bc3e59a-31df-49e2-9c88-745372e92b39	4	68725894	69129791	245	0.0512
4bc3e59a-31df-49e2-9c88-745372e92b39	4	69131915	69164605	21	0.6986
4bc3e59a-31df-49e2-9c88-745372e92b39	4	69165902	69266652	49	0.0733
4bc3e59a-31df-49e2-9c88-745372e92b39	4	69268962	69366406	48	-0.5158
4bc3e59a-31df-49e2-9c88-745372e92b39	4	69370433	171448195	61953	-0.0158
4bc3e59a-31df-49e2-9c88-745372e92b39	4	171453733	171456625	12	0.763
4bc3e59a-31df-49e2-9c88-745372e92b39	4	171459220	177666684	3733	-0.0087
4bc3e59a-31df-49e2-9c88-745372e92b39	4	177675377	177688544	41	-0.7032
4bc3e59a-31df-49e2-9c88-745372e92b39	4	177688559	180215981	1748	0.0088
4bc3e59a-31df-49e2-9c88-745372e92b39	4	180216027	180217172	7	-1.0425
4bc3e59a-31df-49e2-9c88-745372e92b39	4	180225002	189067525	6423	-0.0135
4bc3e59a-31df-49e2-9c88-745372e92b39	4	189068277	189069532	4	-1.3078
4bc3e59a-31df-49e2-9c88-745372e92b39	4	189071423	190106768	519	0.0033
4bc3e59a-31df-49e2-9c88-745372e92b39	5	15532	681187	304	-0.1096
4bc3e59a-31df-49e2-9c88-745372e92b39	5	685389	741924	19	-1.1184
4bc3e59a-31df-49e2-9c88-745372e92b39	5	742574	773453	10	-0.4573
4bc3e59a-31df-49e2-9c88-745372e92b39	5	779766	825192	18	0.6987
4bc3e59a-31df-49e2-9c88-745372e92b39	5	825538	1049424	79	-0.061
4bc3e59a-31df-49e2-9c88-745372e92b39	5	1054716	1928775	515	-0.1773
4bc3e59a-31df-49e2-9c88-745372e92b39	5	1930253	58025819	34777	-0.0134
4bc3e59a-31df-49e2-9c88-745372e92b39	5	58030200	58037706	32	1.4069
4bc3e59a-31df-49e2-9c88-745372e92b39	5	58042530	96680865	22245	-0.0143
4bc3e59a-31df-49e2-9c88-745372e92b39	5	96680912	97567051	553	0.4606
4bc3e59a-31df-49e2-9c88-745372e92b39	5	97573581	107339441	5747	0.503
4bc3e59a-31df-49e2-9c88-745372e92b39	5	107342309	140838745	21475	0.4604
4bc3e59a-31df-49e2-9c88-745372e92b39	5	140839137	140852254	11	-0.9148
4bc3e59a-31df-49e2-9c88-745372e92b39	5	140861442	181363319	27010	0.456
4bc3e59a-31df-49e2-9c88-745372e92b39	6	149661	9196445	7381	-0.0213
4bc3e59a-31df-49e2-9c88-745372e92b39	6	9201267	9211994	4	-1.5769
4bc3e59a-31df-49e2-9c88-745372e92b39	6	9221510	29575996	14042	-0.0192
4bc3e59a-31df-49e2-9c88-745372e92b39	6	29577938	29584084	8	-1.2243
4bc3e59a-31df-49e2-9c88-745372e92b39	6	29594073	29869295	204	-0.0232
4bc3e59a-31df-49e2-9c88-745372e92b39	6	29869410	29906865	22	0.8914
4bc3e59a-31df-49e2-9c88-745372e92b39	6	29906932	31318528	655	-0.055
4bc3e59a-31df-49e2-9c88-745372e92b39	6	31318754	31328674	9	-1.4001
4bc3e59a-31df-49e2-9c88-745372e92b39	6	31342147	32641650	557	-0.1227
4bc3e59a-31df-49e2-9c88-745372e92b39	6	32656527	32658841	6	1.4235
4bc3e59a-31df-49e2-9c88-745372e92b39	6	32682835	54066269	13690	-0.0197
4bc3e59a-31df-49e2-9c88-745372e92b39	6	54066286	54070550	9	1.1282
4bc3e59a-31df-49e2-9c88-745372e92b39	6	54070617	71544988	8876	-0.0033
4bc3e59a-31df-49e2-9c88-745372e92b39	6	71565028	71566964	2	-1.4189
4bc3e59a-31df-49e2-9c88-745372e92b39	6	71567348	74823796	2118	-0.0176
4bc3e59a-31df-49e2-9c88-745372e92b39	6	74824464	74824465	2	1.5291
4bc3e59a-31df-49e2-9c88-745372e92b39	6	74824680	78252576	2150	-0.0089
4bc3e59a-31df-49e2-9c88-745372e92b39	6	78252864	78343128	129	0.4255
4bc3e59a-31df-49e2-9c88-745372e92b39	6	78343294	79842717	937	-0.0345
4bc3e59a-31df-49e2-9c88-745372e92b39	6	79846733	79897833	39	-0.9324
4bc3e59a-31df-49e2-9c88-745372e92b39	6	79898577	92866148	8245	-0.0193
4bc3e59a-31df-49e2-9c88-745372e92b39	6	92866163	92868912	30	-0.8649
4bc3e59a-31df-49e2-9c88-745372e92b39	6	92873205	93772923	644	-0.0249
4bc3e59a-31df-49e2-9c88-745372e92b39	6	93776524	94953395	772	0.0987
4bc3e59a-31df-49e2-9c88-745372e92b39	6	94955213	167147930	46842	-0.0166
4bc3e59a-31df-49e2-9c88-745372e92b39	6	167156031	168725230	838	-0.149
4bc3e59a-31df-49e2-9c88-745372e92b39	6	168725351	170741917	1286	-0.0557
4bc3e59a-31df-49e2-9c88-745372e92b39	7	43355	1717321	498	-0.1554
4bc3e59a-31df-49e2-9c88-745372e92b39	7	1718481	7293760	3222	-0.0265
4bc3e59a-31df-49e2-9c88-745372e92b39	7	7296237	7296339	2	-2.4438
4bc3e59a-31df-49e2-9c88-745372e92b39	7	7296792	157744445	93043	-0.0138
4bc3e59a-31df-49e2-9c88-745372e92b39	7	157745860	159334314	986	-0.0822
4bc3e59a-31df-49e2-9c88-745372e92b39	8	81254	288866	81	-0.1309
4bc3e59a-31df-49e2-9c88-745372e92b39	8	288882	289189	2	-1.6107
4bc3e59a-31df-49e2-9c88-745372e92b39	8	289299	2665364	1762	-0.0617
4bc3e59a-31df-49e2-9c88-745372e92b39	8	2665735	6029835	4549	0.0094
4bc3e59a-31df-49e2-9c88-745372e92b39	8	6034516	7974123	1384	-0.0532
4bc3e59a-31df-49e2-9c88-745372e92b39	8	7981252	8007744	3	2.0722
4bc3e59a-31df-49e2-9c88-745372e92b39	8	8078333	8528287	300	-0.0035
4bc3e59a-31df-49e2-9c88-745372e92b39	8	8528640	8528932	4	-1.8868
4bc3e59a-31df-49e2-9c88-745372e92b39	8	8530797	12358500	2934	-0.041
4bc3e59a-31df-49e2-9c88-745372e92b39	8	12359339	12382326	10	-1.4918
4bc3e59a-31df-49e2-9c88-745372e92b39	8	12382653	12389977	17	-0.5107
4bc3e59a-31df-49e2-9c88-745372e92b39	8	12418301	17379961	4325	-0.0099
4bc3e59a-31df-49e2-9c88-745372e92b39	8	17380027	17380099	2	-1.64
4bc3e59a-31df-49e2-9c88-745372e92b39	8	17381144	25114672	6082	-0.015
4bc3e59a-31df-49e2-9c88-745372e92b39	8	25116928	25126818	27	0.6422
4bc3e59a-31df-49e2-9c88-745372e92b39	8	25133589	32828250	5428	-0.0127
4bc3e59a-31df-49e2-9c88-745372e92b39	8	32829101	32829941	2	-1.6488
4bc3e59a-31df-49e2-9c88-745372e92b39	8	32830685	39391223	3582	-0.0121
4bc3e59a-31df-49e2-9c88-745372e92b39	8	39393453	39517639	49	-0.4228
4bc3e59a-31df-49e2-9c88-745372e92b39	8	39522148	40324598	593	0.0024
4bc3e59a-31df-49e2-9c88-745372e92b39	8	40326278	40331992	34	-0.8855
4bc3e59a-31df-49e2-9c88-745372e92b39	8	40335391	101606009	35496	-0.0121
4bc3e59a-31df-49e2-9c88-745372e92b39	8	101608378	101613484	10	-0.8171
4bc3e59a-31df-49e2-9c88-745372e92b39	8	101617168	141338950	27179	-0.0174
4bc3e59a-31df-49e2-9c88-745372e92b39	8	141345643	142423108	623	-0.2832
4bc3e59a-31df-49e2-9c88-745372e92b39	8	142423309	144284502	624	-0.0262
4bc3e59a-31df-49e2-9c88-745372e92b39	8	144284925	144924001	236	-0.1973
4bc3e59a-31df-49e2-9c88-745372e92b39	8	144924090	145072769	85	0.0535
4bc3e59a-31df-49e2-9c88-745372e92b39	9	46587	1756845	1909	-0.0249
4bc3e59a-31df-49e2-9c88-745372e92b39	9	1757039	1757501	2	-1.8748
4bc3e59a-31df-49e2-9c88-745372e92b39	9	1757693	11275208	8779	-0.0137
4bc3e59a-31df-49e2-9c88-745372e92b39	9	11275227	12562294	1004	0.0754
4bc3e59a-31df-49e2-9c88-745372e92b39	9	12565520	15156134	2096	-0.0113
4bc3e59a-31df-49e2-9c88-745372e92b39	9	15158905	15159851	5	-1.2789
4bc3e59a-31df-49e2-9c88-745372e92b39	9	15159930	23363117	6617	-0.0186
4bc3e59a-31df-49e2-9c88-745372e92b39	9	23363935	23372401	6	1.1524
4bc3e59a-31df-49e2-9c88-745372e92b39	9	23373486	39089393	10697	-0.0046
4bc3e59a-31df-49e2-9c88-745372e92b39	9	39105077	42585140	192	0.2248
4bc3e59a-31df-49e2-9c88-745372e92b39	9	42697878	126206607	41609	-0.0174
4bc3e59a-31df-49e2-9c88-745372e92b39	9	126206708	126220371	20	-0.6
4bc3e59a-31df-49e2-9c88-745372e92b39	9	126221236	127193283	641	0.0025
4bc3e59a-31df-49e2-9c88-745372e92b39	9	127195745	127196633	2	-1.6784
4bc3e59a-31df-49e2-9c88-745372e92b39	9	127196857	127227714	26	-0.0343
4bc3e59a-31df-49e2-9c88-745372e92b39	9	127228152	127240343	7	-1.2476
4bc3e59a-31df-49e2-9c88-745372e92b39	9	127240351	135247961	4686	-0.0109
4bc3e59a-31df-49e2-9c88-745372e92b39	9	135248141	135419715	120	-0.3147
4bc3e59a-31df-49e2-9c88-745372e92b39	9	135420175	136432364	396	-0.0251
4bc3e59a-31df-49e2-9c88-745372e92b39	9	136433406	136444175	2	-1.9977
4bc3e59a-31df-49e2-9c88-745372e92b39	9	136447127	138200944	637	-0.0506
4bc3e59a-31df-49e2-9c88-745372e92b39	10	45792	65208	6	0.0073
4bc3e59a-31df-49e2-9c88-745372e92b39	10	66015	3396143	2783	-0.8735
4bc3e59a-31df-49e2-9c88-745372e92b39	10	3396892	3776030	297	-0.009
4bc3e59a-31df-49e2-9c88-745372e92b39	10	3776060	3776285	5	1.0764
4bc3e59a-31df-49e2-9c88-745372e92b39	10	3776848	6369109	2265	-0.0122
4bc3e59a-31df-49e2-9c88-745372e92b39	10	6369253	6369519	6	1.0842
4bc3e59a-31df-49e2-9c88-745372e92b39	10	6376792	7074332	741	-0.0245
4bc3e59a-31df-49e2-9c88-745372e92b39	10	7074486	7074754	5	-1.6773
4bc3e59a-31df-49e2-9c88-745372e92b39	10	7075305	15888456	7221	-0.013
4bc3e59a-31df-49e2-9c88-745372e92b39	10	15888627	15888642	2	-2.3416
4bc3e59a-31df-49e2-9c88-745372e92b39	10	15888669	17885034	1469	-0.0241
4bc3e59a-31df-49e2-9c88-745372e92b39	10	17896194	17907840	2	-2.0243
4bc3e59a-31df-49e2-9c88-745372e92b39	10	17910884	24090022	4350	-0.0224
4bc3e59a-31df-49e2-9c88-745372e92b39	10	24090078	24092095	10	-0.7057
4bc3e59a-31df-49e2-9c88-745372e92b39	10	24096443	25305430	797	-0.0268
4bc3e59a-31df-49e2-9c88-745372e92b39	10	25305708	25311279	5	-1.2503
4bc3e59a-31df-49e2-9c88-745372e92b39	10	25312104	25348019	24	-0.0625
4bc3e59a-31df-49e2-9c88-745372e92b39	10	25348641	25350434	4	-1.3021
4bc3e59a-31df-49e2-9c88-745372e92b39	10	25352008	46560525	11654	-0.022
4bc3e59a-31df-49e2-9c88-745372e92b39	10	46606240	46708198	10	0.6317
4bc3e59a-31df-49e2-9c88-745372e92b39	10	46780843	50070600	1686	-0.0288
4bc3e59a-31df-49e2-9c88-745372e92b39	10	50081224	50210870	8	0.9029
4bc3e59a-31df-49e2-9c88-745372e92b39	10	50222104	53166023	2313	-0.0117
4bc3e59a-31df-49e2-9c88-745372e92b39	10	53167767	53181641	12	-0.8364
4bc3e59a-31df-49e2-9c88-745372e92b39	10	53185673	55113507	1424	-0.0118
4bc3e59a-31df-49e2-9c88-745372e92b39	10	55116477	55865060	527	0.0829
4bc3e59a-31df-49e2-9c88-745372e92b39	10	55865668	65548833	6710	-0.0186
4bc3e59a-31df-49e2-9c88-745372e92b39	10	65548951	65554672	21	0.6153
4bc3e59a-31df-49e2-9c88-745372e92b39	10	65554688	130401217	44146	-0.0202
4bc3e59a-31df-49e2-9c88-745372e92b39	10	130401306	131845008	1227	-0.1417
4bc3e59a-31df-49e2-9c88-745372e92b39	10	131914143	133654968	822	-0.0532
4bc3e59a-31df-49e2-9c88-745372e92b39	11	198510	4254774	1751	-0.0413
4bc3e59a-31df-49e2-9c88-745372e92b39	11	4274526	4331751	15	0.6765
4bc3e59a-31df-49e2-9c88-745372e92b39	11	4337579	4946021	650	-0.0106
4bc3e59a-31df-49e2-9c88-745372e92b39	11	4946166	4955027	31	1.2625
4bc3e59a-31df-49e2-9c88-745372e92b39	11	4955042	5762693	783	0.0218
4bc3e59a-31df-49e2-9c88-745372e92b39	11	5766175	5788108	34	-0.6172
4bc3e59a-31df-49e2-9c88-745372e92b39	11	5788231	5850293	68	0.0412
4bc3e59a-31df-49e2-9c88-745372e92b39	11	5851007	5862087	7	-0.7957
4bc3e59a-31df-49e2-9c88-745372e92b39	11	5864481	6096746	170	0.0193
4bc3e59a-31df-49e2-9c88-745372e92b39	11	6099417	6100864	2	1.3937
4bc3e59a-31df-49e2-9c88-745372e92b39	11	6101273	10640404	3096	-0.0076
4bc3e59a-31df-49e2-9c88-745372e92b39	11	10640506	10640802	3	-1.6259
4bc3e59a-31df-49e2-9c88-745372e92b39	11	10642486	18919323	6053	-0.0174
4bc3e59a-31df-49e2-9c88-745372e92b39	11	18927525	18931581	25	-1.0811
4bc3e59a-31df-49e2-9c88-745372e92b39	11	18933261	18938568	8	-3.7441
4bc3e59a-31df-49e2-9c88-745372e92b39	11	18939550	61182288	25196	-0.0107
4bc3e59a-31df-49e2-9c88-745372e92b39	11	61184956	61187740	9	-1.077
4bc3e59a-31df-49e2-9c88-745372e92b39	11	61192925	93964792	19277	-0.0208
4bc3e59a-31df-49e2-9c88-745372e92b39	11	93964894	93968422	8	-1.1356
4bc3e59a-31df-49e2-9c88-745372e92b39	11	93971294	134355703	28996	-0.0157
4bc3e59a-31df-49e2-9c88-745372e92b39	11	134355798	134882820	450	-0.1592
4bc3e59a-31df-49e2-9c88-745372e92b39	11	134883697	135074876	136	-0.0542
4bc3e59a-31df-49e2-9c88-745372e92b39	12	51460	244192	112	-0.2953
4bc3e59a-31df-49e2-9c88-745372e92b39	12	246384	548948	172	-0.0351
4bc3e59a-31df-49e2-9c88-745372e92b39	12	549052	572388	32	-0.3791
4bc3e59a-31df-49e2-9c88-745372e92b39	12	572564	9464487	5847	-0.0179
4bc3e59a-31df-49e2-9c88-745372e92b39	12	9466572	9477960	8	-0.4973
4bc3e59a-31df-49e2-9c88-745372e92b39	12	9481274	9575696	24	-1.8785
4bc3e59a-31df-49e2-9c88-745372e92b39	12	9582373	11078856	1040	0.0039
4bc3e59a-31df-49e2-9c88-745372e92b39	12	11080319	11088933	5	-1.698
4bc3e59a-31df-49e2-9c88-745372e92b39	12	11099275	27493059	11344	-0.0117
4bc3e59a-31df-49e2-9c88-745372e92b39	12	27494808	27498429	28	-0.8575
4bc3e59a-31df-49e2-9c88-745372e92b39	12	27504228	27536274	20	-0.2593
4bc3e59a-31df-49e2-9c88-745372e92b39	12	27540451	29006848	1068	-0.0224
4bc3e59a-31df-49e2-9c88-745372e92b39	12	29010695	29011589	3	-0.9575
4bc3e59a-31df-49e2-9c88-745372e92b39	12	29015050	30082648	782	-0.0156
4bc3e59a-31df-49e2-9c88-745372e92b39	12	30086334	30091017	27	-0.5785
4bc3e59a-31df-49e2-9c88-745372e92b39	12	30091052	31753738	1233	-0.0105
4bc3e59a-31df-49e2-9c88-745372e92b39	12	31754340	31755423	3	-1.1128
4bc3e59a-31df-49e2-9c88-745372e92b39	12	31756974	34276010	1715	-0.0015
4bc3e59a-31df-49e2-9c88-745372e92b39	12	34282041	34396183	51	-0.3259
4bc3e59a-31df-49e2-9c88-745372e92b39	12	34398052	45505721	4853	-0.0085
4bc3e59a-31df-49e2-9c88-745372e92b39	12	45506042	45515754	5	1.2043
4bc3e59a-31df-49e2-9c88-745372e92b39	12	45519509	113819403	42908	-0.0173
4bc3e59a-31df-49e2-9c88-745372e92b39	12	113819629	114099052	258	-0.1724
4bc3e59a-31df-49e2-9c88-745372e92b39	12	114099388	127954724	9428	-0.0169
4bc3e59a-31df-49e2-9c88-745372e92b39	12	127955011	131311902	2923	-0.077
4bc3e59a-31df-49e2-9c88-745372e92b39	12	131320393	131332260	10	-1.5744
4bc3e59a-31df-49e2-9c88-745372e92b39	12	131337551	133201603	871	-0.0669
4bc3e59a-31df-49e2-9c88-745372e92b39	13	18452809	23055038	2853	-0.0102
4bc3e59a-31df-49e2-9c88-745372e92b39	13	23055048	23064056	15	0.5255
4bc3e59a-31df-49e2-9c88-745372e92b39	13	23064071	37502130	10609	-0.0152
4bc3e59a-31df-49e2-9c88-745372e92b39	13	37502150	37514193	12	0.6185
4bc3e59a-31df-49e2-9c88-745372e92b39	13	37514237	53624821	10563	-0.0142
4bc3e59a-31df-49e2-9c88-745372e92b39	13	53626611	57036364	1879	0.0066
4bc3e59a-31df-49e2-9c88-745372e92b39	13	57036675	57422271	238	0.1471
4bc3e59a-31df-49e2-9c88-745372e92b39	13	57425103	63596036	3618	-0.0045
4bc3e59a-31df-49e2-9c88-745372e92b39	13	63596259	64359700	451	0.1048
4bc3e59a-31df-49e2-9c88-745372e92b39	13	64360027	68990491	2949	0.0146
4bc3e59a-31df-49e2-9c88-745372e92b39	13	68990984	95367202	17315	-0.0183
4bc3e59a-31df-49e2-9c88-745372e92b39	13	95367535	95371532	3	-2.7514
4bc3e59a-31df-49e2-9c88-745372e92b39	13	95374731	101127963	3654	-0.0268
4bc3e59a-31df-49e2-9c88-745372e92b39	13	101130288	101134806	4	-1.3246
4bc3e59a-31df-49e2-9c88-745372e92b39	13	101137537	112862607	9263	-0.0164
4bc3e59a-31df-49e2-9c88-745372e92b39	13	112866048	113081740	122	-0.2417
4bc3e59a-31df-49e2-9c88-745372e92b39	13	113081812	114342922	533	-0.055
4bc3e59a-31df-49e2-9c88-745372e92b39	14	18239283	19289821	45	-0.2498
4bc3e59a-31df-49e2-9c88-745372e92b39	14	19294457	19675350	18	0.197
4bc3e59a-31df-49e2-9c88-745372e92b39	14	19689684	19957752	108	-0.4748
4bc3e59a-31df-49e2-9c88-745372e92b39	14	19958388	21863177	1267	-0.0087
4bc3e59a-31df-49e2-9c88-745372e92b39	14	21863904	22526139	602	0.1778
4bc3e59a-31df-49e2-9c88-745372e92b39	14	22526849	106314594	53030	-0.0131
4bc3e59a-31df-49e2-9c88-745372e92b39	14	106320716	106346129	9	-0.9661
4bc3e59a-31df-49e2-9c88-745372e92b39	14	106360014	106423925	32	-0.0352
4bc3e59a-31df-49e2-9c88-745372e92b39	14	106425447	106462183	47	-0.7242
4bc3e59a-31df-49e2-9c88-745372e92b39	14	106462724	106877229	195	-0.0522
4bc3e59a-31df-49e2-9c88-745372e92b39	15	19811075	20011702	46	0.0583
4bc3e59a-31df-49e2-9c88-745372e92b39	15	20026653	22455811	164	-0.3908
4bc3e59a-31df-49e2-9c88-745372e92b39	15	22483983	30077828	4613	-0.0249
4bc3e59a-31df-49e2-9c88-745372e92b39	15	30094208	30259942	16	-1.2525
4bc3e59a-31df-49e2-9c88-745372e92b39	15	30269364	34589465	2665	-0.0215
4bc3e59a-31df-49e2-9c88-745372e92b39	15	34599421	34600848	2	-1.9239
4bc3e59a-31df-49e2-9c88-745372e92b39	15	34600903	76599170	26393	-0.0124
4bc3e59a-31df-49e2-9c88-745372e92b39	15	76599286	76603434	20	0.8861
4bc3e59a-31df-49e2-9c88-745372e92b39	15	76609838	92222525	10179	-0.0163
4bc3e59a-31df-49e2-9c88-745372e92b39	15	92222644	92223064	3	2.3453
4bc3e59a-31df-49e2-9c88-745372e92b39	15	92223528	101928837	7422	-0.0245
4bc3e59a-31df-49e2-9c88-745372e92b39	16	10777	1529010	494	-0.1587
4bc3e59a-31df-49e2-9c88-745372e92b39	16	1529759	12555002	8906	-0.0217
4bc3e59a-31df-49e2-9c88-745372e92b39	16	12555121	12555138	2	1.7625
4bc3e59a-31df-49e2-9c88-745372e92b39	16	12556390	14686797	1681	-0.0214
4bc3e59a-31df-49e2-9c88-745372e92b39	16	14794738	14954987	19	-0.7015
4bc3e59a-31df-49e2-9c88-745372e92b39	16	14955003	14991827	39	-0.2048
4bc3e59a-31df-49e2-9c88-745372e92b39	16	14993314	15036048	15	-0.5252
4bc3e59a-31df-49e2-9c88-745372e92b39	16	15036083	17930235	1459	-0.0768
4bc3e59a-31df-49e2-9c88-745372e92b39	16	17930252	35225230	7526	-0.0188
4bc3e59a-31df-49e2-9c88-745372e92b39	16	35225338	35522700	169	0.4536
4bc3e59a-31df-49e2-9c88-745372e92b39	16	35526596	35981677	131	-0.0223
4bc3e59a-31df-49e2-9c88-745372e92b39	16	35989290	55191171	5945	0.4682
4bc3e59a-31df-49e2-9c88-745372e92b39	16	55193627	55197424	7	-0.9734
4bc3e59a-31df-49e2-9c88-745372e92b39	16	55197828	78337711	14807	0.4635
4bc3e59a-31df-49e2-9c88-745372e92b39	16	78338543	78350868	17	1.4675
4bc3e59a-31df-49e2-9c88-745372e92b39	16	78351104	80716088	2809	0.4453
4bc3e59a-31df-49e2-9c88-745372e92b39	16	80720358	89295205	7298	-0.8844
4bc3e59a-31df-49e2-9c88-745372e92b39	16	89298878	90096867	401	-0.1496
4bc3e59a-31df-49e2-9c88-745372e92b39	17	150733	16798212	10471	-0.0262
4bc3e59a-31df-49e2-9c88-745372e92b39	17	16806233	16815664	3	-2.1775
4bc3e59a-31df-49e2-9c88-745372e92b39	17	16815729	18414080	911	-0.044
4bc3e59a-31df-49e2-9c88-745372e92b39	17	18452078	18561907	27	0.9335
4bc3e59a-31df-49e2-9c88-745372e92b39	17	18565883	34354947	5627	-0.015
4bc3e59a-31df-49e2-9c88-745372e92b39	17	34355364	34641198	313	-0.1626
4bc3e59a-31df-49e2-9c88-745372e92b39	17	34644744	41262120	3447	-0.0156
4bc3e59a-31df-49e2-9c88-745372e92b39	17	41265433	41274279	26	-0.6335
4bc3e59a-31df-49e2-9c88-745372e92b39	17	41276472	45680765	2203	-0.0024
4bc3e59a-31df-49e2-9c88-745372e92b39	17	45682353	46032403	246	-0.1997
4bc3e59a-31df-49e2-9c88-745372e92b39	17	46032661	46085732	48	0.0017
4bc3e59a-31df-49e2-9c88-745372e92b39	17	46088437	46136800	37	0.4239
4bc3e59a-31df-49e2-9c88-745372e92b39	17	46137998	46162808	21	-0.0524
4bc3e59a-31df-49e2-9c88-745372e92b39	17	46162842	46215253	48	0.2701
4bc3e59a-31df-49e2-9c88-745372e92b39	17	46215389	73820787	16816	-0.0106
4bc3e59a-31df-49e2-9c88-745372e92b39	17	73829384	74684398	563	-0.1674
4bc3e59a-31df-49e2-9c88-745372e92b39	17	74684915	83091923	4191	-0.03
4bc3e59a-31df-49e2-9c88-745372e92b39	18	48133	71491834	44202	-0.0113
4bc3e59a-31df-49e2-9c88-745372e92b39	18	71492356	73282655	1378	0.068
4bc3e59a-31df-49e2-9c88-745372e92b39	18	73282846	73283977	8	-0.6265
4bc3e59a-31df-49e2-9c88-745372e92b39	18	73284838	79413893	4698	-0.0072
4bc3e59a-31df-49e2-9c88-745372e92b39	18	79413979	80257174	407	-0.1364
4bc3e59a-31df-49e2-9c88-745372e92b39	19	90910	58586487	29090	-0.017
4bc3e59a-31df-49e2-9c88-745372e92b39	20	80664	1571811	1182	-0.0421
4bc3e59a-31df-49e2-9c88-745372e92b39	20	1576544	1601446	56	-0.6661
4bc3e59a-31df-49e2-9c88-745372e92b39	20	1601561	5400794	2769	-0.0039
4bc3e59a-31df-49e2-9c88-745372e92b39	20	5400844	5401843	3	-1.5503
4bc3e59a-31df-49e2-9c88-745372e92b39	20	5402497	64015174	38178	-0.0143
4bc3e59a-31df-49e2-9c88-745372e92b39	20	64016831	64279990	147	-0.2547
4bc3e59a-31df-49e2-9c88-745372e92b39	20	64281110	64324800	9	0.2596
4bc3e59a-31df-49e2-9c88-745372e92b39	21	10354168	13084095	100	0.0648
4bc3e59a-31df-49e2-9c88-745372e92b39	21	13092058	13166236	11	-0.8097
4bc3e59a-31df-49e2-9c88-745372e92b39	21	13169048	22066955	6033	-0.0018
4bc3e59a-31df-49e2-9c88-745372e92b39	21	22067340	23626224	1179	0.0547
4bc3e59a-31df-49e2-9c88-745372e92b39	21	23626226	43201650	14765	-0.0169
4bc3e59a-31df-49e2-9c88-745372e92b39	21	43202361	43373568	76	-0.3498
4bc3e59a-31df-49e2-9c88-745372e92b39	21	43374861	45235470	847	-0.0098
4bc3e59a-31df-49e2-9c88-745372e92b39	21	45235870	45559862	163	-0.2617
4bc3e59a-31df-49e2-9c88-745372e92b39	21	45561461	46677045	666	-0.0531
4bc3e59a-31df-49e2-9c88-745372e92b39	22	15294547	19498868	1488	-0.0297
4bc3e59a-31df-49e2-9c88-745372e92b39	22	19499077	20111021	421	-0.1862
4bc3e59a-31df-49e2-9c88-745372e92b39	22	20114567	20295256	92	-0.4308
4bc3e59a-31df-49e2-9c88-745372e92b39	22	20295284	20756014	298	-0.1724
4bc3e59a-31df-49e2-9c88-745372e92b39	22	20756038	22685456	1291	-0.0882
4bc3e59a-31df-49e2-9c88-745372e92b39	22	22688887	22743135	35	-1.2802
4bc3e59a-31df-49e2-9c88-745372e92b39	22	22748392	23418608	431	-0.1553
4bc3e59a-31df-49e2-9c88-745372e92b39	22	23419049	26920405	2726	-0.0451
4bc3e59a-31df-49e2-9c88-745372e92b39	22	26920472	26922255	2	-1.9536
4bc3e59a-31df-49e2-9c88-745372e92b39	22	26922339	42501276	10352	-0.0197
4bc3e59a-31df-49e2-9c88-745372e92b39	22	42503434	42554485	24	0.7893
4bc3e59a-31df-49e2-9c88-745372e92b39	22	42559425	44737460	1627	-0.0212
4bc3e59a-31df-49e2-9c88-745372e92b39	22	44739926	44740755	3	-3.2486
4bc3e59a-31df-49e2-9c88-745372e92b39	22	44741026	48942839	3278	-0.0205
4bc3e59a-31df-49e2-9c88-745372e92b39	22	48942893	49087169	164	-0.1847
4bc3e59a-31df-49e2-9c88-745372e92b39	22	49090879	49091605	6	-1.5789
4bc3e59a-31df-49e2-9c88-745372e92b39	22	49093113	50796027	1018	-0.1715
4bc3e59a-31df-49e2-9c88-745372e92b39	X	251810	587305	43	-0.0997
4bc3e59a-31df-49e2-9c88-745372e92b39	X	601325	601487	4	-1.463
4bc3e59a-31df-49e2-9c88-745372e92b39	X	605191	4585638	1309	-0.0104
4bc3e59a-31df-49e2-9c88-745372e92b39	X	4587289	4587477	3	-2.2264
4bc3e59a-31df-49e2-9c88-745372e92b39	X	4590176	55674826	30694	0.0036
4bc3e59a-31df-49e2-9c88-745372e92b39	X	55676226	55681123	3	-2.7531
4bc3e59a-31df-49e2-9c88-745372e92b39	X	55681253	137966939	40448	0.0038
4bc3e59a-31df-49e2-9c88-745372e92b39	X	137968518	137969511	2	-1.803
4bc3e59a-31df-49e2-9c88-745372e92b39	X	137977232	152354804	9491	0.0105
4bc3e59a-31df-49e2-9c88-745372e92b39	X	152355128	155210673	1311	-0.0703
4bc3e59a-31df-49e2-9c88-745372e92b39	X	155211188	155952689	217	0.0227
4bc3e59a-31df-49e2-9c88-745372e92b39	Y	2782397	6249869	785	-2.6384
4bc3e59a-31df-49e2-9c88-745372e92b39	Y	6252391	23586854	5660	-3.0525
4bc3e59a-31df-49e2-9c88-745372e92b39	Y	23784615	56872112	192	-2.7645
