GDC_Aliquot	Chromosome	Start	End	Num_Probes	Segment_Mean
71aa4b00-35d3-4f2a-a929-556e7e955f32	1	62920	16689764	8658	-0.0109
71aa4b00-35d3-4f2a-a929-556e7e955f32	1	16718963	16787932	18	-0.7044
71aa4b00-35d3-4f2a-a929-556e7e955f32	1	16788139	25256800	5295	-0.0058
71aa4b00-35d3-4f2a-a929-556e7e955f32	1	25256850	25320455	25	-2.0706
71aa4b00-35d3-4f2a-a929-556e7e955f32	1	25336819	72284670	28640	-0.0019
71aa4b00-35d3-4f2a-a929-556e7e955f32	1	72290430	72297687	9	-0.9166
71aa4b00-35d3-4f2a-a929-556e7e955f32	1	72302735	105470754	20931	0.0048
71aa4b00-35d3-4f2a-a929-556e7e955f32	1	105476583	105479753	17	-1.7237
71aa4b00-35d3-4f2a-a929-556e7e955f32	1	105481433	108187137	1935	0.0044
71aa4b00-35d3-4f2a-a929-556e7e955f32	1	108191613	108194874	3	-3.0046
71aa4b00-35d3-4f2a-a929-556e7e955f32	1	108196482	109684893	691	-0.005
71aa4b00-35d3-4f2a-a929-556e7e955f32	1	109690352	109702376	14	1.0349
71aa4b00-35d3-4f2a-a929-556e7e955f32	1	109703504	143494500	7104	0.002
71aa4b00-35d3-4f2a-a929-556e7e955f32	1	143541857	143927887	124	-0.8129
71aa4b00-35d3-4f2a-a929-556e7e955f32	1	143928045	152582700	2306	-0.0068
71aa4b00-35d3-4f2a-a929-556e7e955f32	1	152583051	152614118	36	1.1629
71aa4b00-35d3-4f2a-a929-556e7e955f32	1	152618018	152794991	187	-0.0289
71aa4b00-35d3-4f2a-a929-556e7e955f32	1	152795006	152801429	17	-0.6683
71aa4b00-35d3-4f2a-a929-556e7e955f32	1	152804279	190017263	24920	0.0041
71aa4b00-35d3-4f2a-a929-556e7e955f32	1	190017280	190017296	2	-1.631
71aa4b00-35d3-4f2a-a929-556e7e955f32	1	190021937	193186662	2030	-0.0014
71aa4b00-35d3-4f2a-a929-556e7e955f32	1	193187149	193187202	3	-1.6539
71aa4b00-35d3-4f2a-a929-556e7e955f32	1	193187218	196769851	2398	0.0081
71aa4b00-35d3-4f2a-a929-556e7e955f32	1	196770842	196843377	50	0.3831
71aa4b00-35d3-4f2a-a929-556e7e955f32	1	196843400	196846661	2	4.3197
71aa4b00-35d3-4f2a-a929-556e7e955f32	1	196847600	248574146	35496	-0.0029
71aa4b00-35d3-4f2a-a929-556e7e955f32	1	248585893	248668953	40	0.3613
71aa4b00-35d3-4f2a-a929-556e7e955f32	1	248670664	248930189	133	-0.0106
71aa4b00-35d3-4f2a-a929-556e7e955f32	2	12784	295136	179	0.0175
71aa4b00-35d3-4f2a-a929-556e7e955f32	2	295255	296852	4	-1.5844
71aa4b00-35d3-4f2a-a929-556e7e955f32	2	300879	14563570	10825	-0.0005
71aa4b00-35d3-4f2a-a929-556e7e955f32	2	14564825	14569897	11	-1.2053
71aa4b00-35d3-4f2a-a929-556e7e955f32	2	14570240	34295406	12901	0.0022
71aa4b00-35d3-4f2a-a929-556e7e955f32	2	34298911	34300513	2	1.7638
71aa4b00-35d3-4f2a-a929-556e7e955f32	2	34300900	34466002	95	0.0208
71aa4b00-35d3-4f2a-a929-556e7e955f32	2	34474248	34512096	47	-0.726
71aa4b00-35d3-4f2a-a929-556e7e955f32	2	34512489	35750907	867	0.0258
71aa4b00-35d3-4f2a-a929-556e7e955f32	2	35752724	35762850	6	1.0332
71aa4b00-35d3-4f2a-a929-556e7e955f32	2	35762881	47119429	8503	-0.0034
71aa4b00-35d3-4f2a-a929-556e7e955f32	2	47123589	47128137	8	-1.0544
71aa4b00-35d3-4f2a-a929-556e7e955f32	2	47132527	52516787	3573	0.0031
71aa4b00-35d3-4f2a-a929-556e7e955f32	2	52527330	52527743	7	-1.4623
71aa4b00-35d3-4f2a-a929-556e7e955f32	2	52531615	52554366	31	-0.7509
71aa4b00-35d3-4f2a-a929-556e7e955f32	2	52554384	89251705	22680	0.0034
71aa4b00-35d3-4f2a-a929-556e7e955f32	2	89251710	94681256	210	0.2097
71aa4b00-35d3-4f2a-a929-556e7e955f32	2	94682300	97359885	870	0.0088
71aa4b00-35d3-4f2a-a929-556e7e955f32	2	97524284	97600326	22	0.5372
71aa4b00-35d3-4f2a-a929-556e7e955f32	2	97608974	106258266	5532	-0.0025
71aa4b00-35d3-4f2a-a929-556e7e955f32	2	106263639	106268901	12	0.8045
71aa4b00-35d3-4f2a-a929-556e7e955f32	2	106270799	179744116	44382	0.0035
71aa4b00-35d3-4f2a-a929-556e7e955f32	2	179744126	179745960	2	-4.0522
71aa4b00-35d3-4f2a-a929-556e7e955f32	2	179746258	242147305	38286	0.0035
71aa4b00-35d3-4f2a-a929-556e7e955f32	3	20930	28807547	21389	-0.0026
71aa4b00-35d3-4f2a-a929-556e7e955f32	3	28808743	28810589	2	-2.1726
71aa4b00-35d3-4f2a-a929-556e7e955f32	3	28810977	68697013	26213	-0.0052
71aa4b00-35d3-4f2a-a929-556e7e955f32	3	68697108	68698262	14	-1.0842
71aa4b00-35d3-4f2a-a929-556e7e955f32	3	68699607	75519398	4911	-0.0128
71aa4b00-35d3-4f2a-a929-556e7e955f32	3	75523398	75537654	6	1.182
71aa4b00-35d3-4f2a-a929-556e7e955f32	3	75546030	162795304	49859	-0.0049
71aa4b00-35d3-4f2a-a929-556e7e955f32	3	162795361	162807070	9	1.3135
71aa4b00-35d3-4f2a-a929-556e7e955f32	3	162810842	162822702	10	-1.0027
71aa4b00-35d3-4f2a-a929-556e7e955f32	3	162827928	162908192	47	0.7839
71aa4b00-35d3-4f2a-a929-556e7e955f32	3	162908207	162996729	73	0.0342
71aa4b00-35d3-4f2a-a929-556e7e955f32	3	162999939	163001774	2	-2.8268
71aa4b00-35d3-4f2a-a929-556e7e955f32	3	163008371	167395417	2427	0.0074
71aa4b00-35d3-4f2a-a929-556e7e955f32	3	167397011	167397309	3	-1.2664
71aa4b00-35d3-4f2a-a929-556e7e955f32	3	167399355	169012392	931	-0.0162
71aa4b00-35d3-4f2a-a929-556e7e955f32	3	169015614	169020840	2	-1.9347
71aa4b00-35d3-4f2a-a929-556e7e955f32	3	169022039	183464103	8997	-0.0003
71aa4b00-35d3-4f2a-a929-556e7e955f32	3	183464588	183595998	105	-0.2083
71aa4b00-35d3-4f2a-a929-556e7e955f32	3	183597683	193160113	6556	-0.0026
71aa4b00-35d3-4f2a-a929-556e7e955f32	3	193160173	193168669	21	0.8315
71aa4b00-35d3-4f2a-a929-556e7e955f32	3	193168714	195559056	1472	-0.0054
71aa4b00-35d3-4f2a-a929-556e7e955f32	3	195656271	195728637	26	-0.5512
71aa4b00-35d3-4f2a-a929-556e7e955f32	3	195728990	198169247	1184	-0.0234
71aa4b00-35d3-4f2a-a929-556e7e955f32	4	68929	780829	266	0.0815
71aa4b00-35d3-4f2a-a929-556e7e955f32	4	783123	800143	4	-1.1968
71aa4b00-35d3-4f2a-a929-556e7e955f32	4	802433	9858273	5032	-0.0101
71aa4b00-35d3-4f2a-a929-556e7e955f32	4	9858277	9862603	3	-1.5082
71aa4b00-35d3-4f2a-a929-556e7e955f32	4	9863418	10222004	377	0.0004
71aa4b00-35d3-4f2a-a929-556e7e955f32	4	10222224	10232642	28	-2.0716
71aa4b00-35d3-4f2a-a929-556e7e955f32	4	10232984	34777432	16932	0.0001
71aa4b00-35d3-4f2a-a929-556e7e955f32	4	34784878	34823103	38	-2.4313
71aa4b00-35d3-4f2a-a929-556e7e955f32	4	34828250	36012790	773	0.0171
71aa4b00-35d3-4f2a-a929-556e7e955f32	4	36013359	36013896	4	-1.2143
71aa4b00-35d3-4f2a-a929-556e7e955f32	4	36015896	48146591	7578	-0.0033
71aa4b00-35d3-4f2a-a929-556e7e955f32	4	48146606	48188981	100	0.1947
71aa4b00-35d3-4f2a-a929-556e7e955f32	4	48189428	49214614	481	0.044
71aa4b00-35d3-4f2a-a929-556e7e955f32	4	49289175	49289338	2	1.8643
71aa4b00-35d3-4f2a-a929-556e7e955f32	4	49295203	57944287	4167	0.0013
71aa4b00-35d3-4f2a-a929-556e7e955f32	4	57944326	57950644	9	-1.1054
71aa4b00-35d3-4f2a-a929-556e7e955f32	4	57963380	62802116	2818	-0.004
71aa4b00-35d3-4f2a-a929-556e7e955f32	4	62804218	62805944	8	-0.7387
71aa4b00-35d3-4f2a-a929-556e7e955f32	4	62813912	63839936	575	0.0157
71aa4b00-35d3-4f2a-a929-556e7e955f32	4	63840033	63842540	9	-0.7592
71aa4b00-35d3-4f2a-a929-556e7e955f32	4	63850713	64931515	626	-0.0141
71aa4b00-35d3-4f2a-a929-556e7e955f32	4	64935303	64935596	3	-1.3223
71aa4b00-35d3-4f2a-a929-556e7e955f32	4	64935932	68509442	2241	0.0034
71aa4b00-35d3-4f2a-a929-556e7e955f32	4	68509630	68530206	7	1.0898
71aa4b00-35d3-4f2a-a929-556e7e955f32	4	68530744	68548225	10	-0.1255
71aa4b00-35d3-4f2a-a929-556e7e955f32	4	68554305	68623617	46	0.702
71aa4b00-35d3-4f2a-a929-556e7e955f32	4	68639397	69257792	311	0.0791
71aa4b00-35d3-4f2a-a929-556e7e955f32	4	69261926	69366304	55	-0.5386
71aa4b00-35d3-4f2a-a929-556e7e955f32	4	69366406	114252544	27227	0.0056
71aa4b00-35d3-4f2a-a929-556e7e955f32	4	114254167	114261019	23	-1.2956
71aa4b00-35d3-4f2a-a929-556e7e955f32	4	114263073	171448195	34538	0.0039
71aa4b00-35d3-4f2a-a929-556e7e955f32	4	171453733	171456573	11	-0.9811
71aa4b00-35d3-4f2a-a929-556e7e955f32	4	171456625	172066777	397	0.0352
71aa4b00-35d3-4f2a-a929-556e7e955f32	4	172067997	172068382	12	0.584
71aa4b00-35d3-4f2a-a929-556e7e955f32	4	172074828	172501178	228	0.0007
71aa4b00-35d3-4f2a-a929-556e7e955f32	4	172501190	172532557	11	0.8638
71aa4b00-35d3-4f2a-a929-556e7e955f32	4	172534095	188300104	10659	0.0022
71aa4b00-35d3-4f2a-a929-556e7e955f32	4	188300206	188300221	2	-2.1475
71aa4b00-35d3-4f2a-a929-556e7e955f32	4	188300270	190106768	1143	0.0292
71aa4b00-35d3-4f2a-a929-556e7e955f32	5	15532	685633	306	-0.0373
71aa4b00-35d3-4f2a-a929-556e7e955f32	5	698256	773432	26	0.4462
71aa4b00-35d3-4f2a-a929-556e7e955f32	5	773453	1175656	141	-0.0531
71aa4b00-35d3-4f2a-a929-556e7e955f32	5	1185971	1189341	5	-1.2673
71aa4b00-35d3-4f2a-a929-556e7e955f32	5	1189973	7169363	5221	-0.0182
71aa4b00-35d3-4f2a-a929-556e7e955f32	5	7177225	7189812	26	-1.063
71aa4b00-35d3-4f2a-a929-556e7e955f32	5	7202522	58025819	29917	0.0044
71aa4b00-35d3-4f2a-a929-556e7e955f32	5	58030200	58037706	32	1.6445
71aa4b00-35d3-4f2a-a929-556e7e955f32	5	58042530	58099860	49	-0.0327
71aa4b00-35d3-4f2a-a929-556e7e955f32	5	58104928	58106211	4	-1.5316
71aa4b00-35d3-4f2a-a929-556e7e955f32	5	58107231	176033084	74058	0.0038
71aa4b00-35d3-4f2a-a929-556e7e955f32	5	176038686	176042504	2	-2.3451
71aa4b00-35d3-4f2a-a929-556e7e955f32	5	176043321	180951710	2514	-0.0095
71aa4b00-35d3-4f2a-a929-556e7e955f32	5	180951888	180987465	13	0.6499
71aa4b00-35d3-4f2a-a929-556e7e955f32	5	180990207	181363319	175	-0.0431
71aa4b00-35d3-4f2a-a929-556e7e955f32	6	149661	286393	116	-0.0458
71aa4b00-35d3-4f2a-a929-556e7e955f32	6	290598	387532	93	-0.363
71aa4b00-35d3-4f2a-a929-556e7e955f32	6	387659	29869295	21365	-0.0046
71aa4b00-35d3-4f2a-a929-556e7e955f32	6	29869410	29933799	36	0.514
71aa4b00-35d3-4f2a-a929-556e7e955f32	6	29940692	31318499	637	-0.0284
71aa4b00-35d3-4f2a-a929-556e7e955f32	6	31318528	31328674	10	0.9619
71aa4b00-35d3-4f2a-a929-556e7e955f32	6	31342147	32486746	499	-0.0735
71aa4b00-35d3-4f2a-a929-556e7e955f32	6	32488906	32606604	33	1.058
71aa4b00-35d3-4f2a-a929-556e7e955f32	6	32610305	32722250	71	0.156
71aa4b00-35d3-4f2a-a929-556e7e955f32	6	32723020	32723053	3	2.2971
71aa4b00-35d3-4f2a-a929-556e7e955f32	6	32732907	33970222	749	-0.0072
71aa4b00-35d3-4f2a-a929-556e7e955f32	6	33970966	33976809	8	-1.2515
71aa4b00-35d3-4f2a-a929-556e7e955f32	6	33976846	65683455	17769	-0.0016
71aa4b00-35d3-4f2a-a929-556e7e955f32	6	65684197	65693959	24	-0.8301
71aa4b00-35d3-4f2a-a929-556e7e955f32	6	65697234	78270700	8227	0.0027
71aa4b00-35d3-4f2a-a929-556e7e955f32	6	78270730	78316969	70	0.3475
71aa4b00-35d3-4f2a-a929-556e7e955f32	6	78316984	102895219	15206	0.0061
71aa4b00-35d3-4f2a-a929-556e7e955f32	6	102906510	102907785	4	-1.352
71aa4b00-35d3-4f2a-a929-556e7e955f32	6	102909873	103286299	234	0.0255
71aa4b00-35d3-4f2a-a929-556e7e955f32	6	103286770	103290349	10	0.6214
71aa4b00-35d3-4f2a-a929-556e7e955f32	6	103290414	114996934	7305	-0.0041
71aa4b00-35d3-4f2a-a929-556e7e955f32	6	114997858	115004524	3	-1.7616
71aa4b00-35d3-4f2a-a929-556e7e955f32	6	115004900	170741917	36741	-0.0098
71aa4b00-35d3-4f2a-a929-556e7e955f32	7	43355	9065141	5331	0.0056
71aa4b00-35d3-4f2a-a929-556e7e955f32	7	9065396	9065942	3	-1.7188
71aa4b00-35d3-4f2a-a929-556e7e955f32	7	9074105	38239007	21932	0.024
71aa4b00-35d3-4f2a-a929-556e7e955f32	7	38239282	38312559	94	0.3549
71aa4b00-35d3-4f2a-a929-556e7e955f32	7	38312638	105946044	36860	0.0177
71aa4b00-35d3-4f2a-a929-556e7e955f32	7	105946407	105946995	6	-1.2738
71aa4b00-35d3-4f2a-a929-556e7e955f32	7	105947907	126405502	12527	0.0214
71aa4b00-35d3-4f2a-a929-556e7e955f32	7	126405597	126406561	10	-1.1929
71aa4b00-35d3-4f2a-a929-556e7e955f32	7	126406822	134100442	4692	0.0194
71aa4b00-35d3-4f2a-a929-556e7e955f32	7	134100458	134105690	22	-2.2711
71aa4b00-35d3-4f2a-a929-556e7e955f32	7	134110881	134114444	12	-0.6004
71aa4b00-35d3-4f2a-a929-556e7e955f32	7	134121491	140396375	4039	0.0111
71aa4b00-35d3-4f2a-a929-556e7e955f32	7	140397009	140414366	5	-0.5805
71aa4b00-35d3-4f2a-a929-556e7e955f32	7	140414623	140414747	2	-1.9018
71aa4b00-35d3-4f2a-a929-556e7e955f32	7	140419019	142063324	1131	0.0142
71aa4b00-35d3-4f2a-a929-556e7e955f32	7	142069843	142092108	33	-0.683
71aa4b00-35d3-4f2a-a929-556e7e955f32	7	142092307	142619143	346	0.0042
71aa4b00-35d3-4f2a-a929-556e7e955f32	7	142623838	142804157	103	0.2343
71aa4b00-35d3-4f2a-a929-556e7e955f32	7	142804972	143521765	447	0.025
71aa4b00-35d3-4f2a-a929-556e7e955f32	7	143529806	143603307	5	1.1212
71aa4b00-35d3-4f2a-a929-556e7e955f32	7	143728285	155671335	7617	0.015
71aa4b00-35d3-4f2a-a929-556e7e955f32	7	155673169	155674244	2	2.0817
71aa4b00-35d3-4f2a-a929-556e7e955f32	7	155676942	159334314	2310	0.0068
71aa4b00-35d3-4f2a-a929-556e7e955f32	8	81254	2844412	2028	-0.0384
71aa4b00-35d3-4f2a-a929-556e7e955f32	8	2846011	2849649	8	0.9372
71aa4b00-35d3-4f2a-a929-556e7e955f32	8	2849664	4218559	1820	-0.0139
71aa4b00-35d3-4f2a-a929-556e7e955f32	8	4218866	4219236	3	-1.553
71aa4b00-35d3-4f2a-a929-556e7e955f32	8	4219668	6968934	3735	0.0044
71aa4b00-35d3-4f2a-a929-556e7e955f32	8	6968962	6969664	8	-1.7549
71aa4b00-35d3-4f2a-a929-556e7e955f32	8	6969677	7397588	118	0.0603
71aa4b00-35d3-4f2a-a929-556e7e955f32	8	7414835	7941868	28	-0.6113
71aa4b00-35d3-4f2a-a929-556e7e955f32	8	7974123	15435453	5908	-0.0033
71aa4b00-35d3-4f2a-a929-556e7e955f32	8	15436422	15437936	2	-2.8999
71aa4b00-35d3-4f2a-a929-556e7e955f32	8	15439194	17061577	1415	0.0111
71aa4b00-35d3-4f2a-a929-556e7e955f32	8	17061615	17062159	2	-2.6419
71aa4b00-35d3-4f2a-a929-556e7e955f32	8	17067188	145072769	80067	0.0005
71aa4b00-35d3-4f2a-a929-556e7e955f32	9	46587	5131039	5301	-0.0113
71aa4b00-35d3-4f2a-a929-556e7e955f32	9	5134065	5134627	2	-1.7798
71aa4b00-35d3-4f2a-a929-556e7e955f32	9	5138417	8602323	2962	-0.0109
71aa4b00-35d3-4f2a-a929-556e7e955f32	9	8602352	12220100	3127	0.0342
71aa4b00-35d3-4f2a-a929-556e7e955f32	9	12220601	23361807	8955	-0.0044
71aa4b00-35d3-4f2a-a929-556e7e955f32	9	23363117	23373486	8	-1.8732
71aa4b00-35d3-4f2a-a929-556e7e955f32	9	23378490	28044706	3530	0.0094
71aa4b00-35d3-4f2a-a929-556e7e955f32	9	28047590	28050693	5	-1.3991
71aa4b00-35d3-4f2a-a929-556e7e955f32	9	28055605	39588611	7179	-0.0011
71aa4b00-35d3-4f2a-a929-556e7e955f32	9	39747848	40189830	9	0.7805
71aa4b00-35d3-4f2a-a929-556e7e955f32	9	40228981	42585140	135	-0.1768
71aa4b00-35d3-4f2a-a929-556e7e955f32	9	42697878	61612703	79	0.0007
71aa4b00-35d3-4f2a-a929-556e7e955f32	9	61616425	61629689	3	1.1639
71aa4b00-35d3-4f2a-a929-556e7e955f32	9	61633080	64794598	115	0.0181
71aa4b00-35d3-4f2a-a929-556e7e955f32	9	64800092	64945250	14	-0.5737
71aa4b00-35d3-4f2a-a929-556e7e955f32	9	64965577	83587542	11019	0.0018
71aa4b00-35d3-4f2a-a929-556e7e955f32	9	83588127	83588386	2	-3.0044
71aa4b00-35d3-4f2a-a929-556e7e955f32	9	83588506	138200944	36748	-0.0005
71aa4b00-35d3-4f2a-a929-556e7e955f32	10	45792	24088746	19137	0.022
71aa4b00-35d3-4f2a-a929-556e7e955f32	10	24088747	24089125	9	-1.8061
71aa4b00-35d3-4f2a-a929-556e7e955f32	10	24089979	64638921	24471	0.0296
71aa4b00-35d3-4f2a-a929-556e7e955f32	10	64639652	64640112	2	-2.3113
71aa4b00-35d3-4f2a-a929-556e7e955f32	10	64643074	65548272	656	0.0224
71aa4b00-35d3-4f2a-a929-556e7e955f32	10	65548833	65554672	22	-0.586
71aa4b00-35d3-4f2a-a929-556e7e955f32	10	65554688	83182468	11637	0.0278
71aa4b00-35d3-4f2a-a929-556e7e955f32	10	83187390	83187966	4	-1.1379
71aa4b00-35d3-4f2a-a929-556e7e955f32	10	83188127	87216840	2743	0.0181
71aa4b00-35d3-4f2a-a929-556e7e955f32	10	87269486	87286741	3	1.32
71aa4b00-35d3-4f2a-a929-556e7e955f32	10	87310039	90700170	2471	0.0214
71aa4b00-35d3-4f2a-a929-556e7e955f32	10	90702958	90703534	4	-1.4458
71aa4b00-35d3-4f2a-a929-556e7e955f32	10	90711823	133654968	29177	0.0207
71aa4b00-35d3-4f2a-a929-556e7e955f32	11	198510	302565	60	-0.1022
71aa4b00-35d3-4f2a-a929-556e7e955f32	11	307036	324880	5	-0.9216
71aa4b00-35d3-4f2a-a929-556e7e955f32	11	336192	4949013	2351	-0.0024
71aa4b00-35d3-4f2a-a929-556e7e955f32	11	4949047	4955042	28	0.5091
71aa4b00-35d3-4f2a-a929-556e7e955f32	11	4955781	5762693	776	0.0005
71aa4b00-35d3-4f2a-a929-556e7e955f32	11	5766175	5787909	33	-0.6284
71aa4b00-35d3-4f2a-a929-556e7e955f32	11	5788108	18919323	9386	0.0034
71aa4b00-35d3-4f2a-a929-556e7e955f32	11	18927525	18940375	44	0.5193
71aa4b00-35d3-4f2a-a929-556e7e955f32	11	18940441	42791601	17111	0.0043
71aa4b00-35d3-4f2a-a929-556e7e955f32	11	42794936	42796489	2	-2.777
71aa4b00-35d3-4f2a-a929-556e7e955f32	11	42799053	55606572	4571	0.0145
71aa4b00-35d3-4f2a-a929-556e7e955f32	11	55606712	55674842	46	-1.8499
71aa4b00-35d3-4f2a-a929-556e7e955f32	11	55676735	55677818	4	0.5641
71aa4b00-35d3-4f2a-a929-556e7e955f32	11	55678469	55685533	7	-2.239
71aa4b00-35d3-4f2a-a929-556e7e955f32	11	55686100	92096931	21219	0.0027
71aa4b00-35d3-4f2a-a929-556e7e955f32	11	92097323	92097877	3	-1.557
71aa4b00-35d3-4f2a-a929-556e7e955f32	11	92099538	101723653	7238	0.006
71aa4b00-35d3-4f2a-a929-556e7e955f32	11	101727129	101727233	4	1.6461
71aa4b00-35d3-4f2a-a929-556e7e955f32	11	101727481	134272636	23010	0.0007
71aa4b00-35d3-4f2a-a929-556e7e955f32	11	134272740	134755445	388	-0.1199
71aa4b00-35d3-4f2a-a929-556e7e955f32	11	134755564	135074876	242	-0.0078
71aa4b00-35d3-4f2a-a929-556e7e955f32	12	51460	9481274	6146	-0.0088
71aa4b00-35d3-4f2a-a929-556e7e955f32	12	9485313	9575696	23	-1.6806
71aa4b00-35d3-4f2a-a929-556e7e955f32	12	9582373	11068125	1031	0.0236
71aa4b00-35d3-4f2a-a929-556e7e955f32	12	11070111	11088933	9	-1.3005
71aa4b00-35d3-4f2a-a929-556e7e955f32	12	11099275	30081111	13214	0.0044
71aa4b00-35d3-4f2a-a929-556e7e955f32	12	30082346	30090628	21	-0.6703
71aa4b00-35d3-4f2a-a929-556e7e955f32	12	30090642	131636170	63554	0.0018
71aa4b00-35d3-4f2a-a929-556e7e955f32	12	131648039	131648790	13	-2.4377
71aa4b00-35d3-4f2a-a929-556e7e955f32	12	131657925	133201603	557	0.0102
71aa4b00-35d3-4f2a-a929-556e7e955f32	13	18452809	37496998	13434	-0.0056
71aa4b00-35d3-4f2a-a929-556e7e955f32	13	37497899	37510620	16	0.6158
71aa4b00-35d3-4f2a-a929-556e7e955f32	13	37514193	38478674	699	-0.0041
71aa4b00-35d3-4f2a-a929-556e7e955f32	13	38483435	38483919	2	-2.0644
71aa4b00-35d3-4f2a-a929-556e7e955f32	13	38490920	114342922	49757	0.0019
71aa4b00-35d3-4f2a-a929-556e7e955f32	14	18239283	19298389	48	0.0341
71aa4b00-35d3-4f2a-a929-556e7e955f32	14	19326853	19957752	121	-0.3932
71aa4b00-35d3-4f2a-a929-556e7e955f32	14	19958388	20569189	461	-0.0124
71aa4b00-35d3-4f2a-a929-556e7e955f32	14	20570547	20574058	2	-2.0535
71aa4b00-35d3-4f2a-a929-556e7e955f32	14	20574803	21840190	780	-0.0168
71aa4b00-35d3-4f2a-a929-556e7e955f32	14	21840629	22506715	603	0.1493
71aa4b00-35d3-4f2a-a929-556e7e955f32	14	22506743	41141293	11693	0.0002
71aa4b00-35d3-4f2a-a929-556e7e955f32	14	41141487	41219527	24	0.4394
71aa4b00-35d3-4f2a-a929-556e7e955f32	14	41220038	73529070	20366	-0.0006
71aa4b00-35d3-4f2a-a929-556e7e955f32	14	73534419	73563196	10	0.8596
71aa4b00-35d3-4f2a-a929-556e7e955f32	14	73563211	105613310	20572	-0.0047
71aa4b00-35d3-4f2a-a929-556e7e955f32	14	105616252	105757523	22	0.5605
71aa4b00-35d3-4f2a-a929-556e7e955f32	14	105758017	106877229	482	0.0851
71aa4b00-35d3-4f2a-a929-556e7e955f32	15	19811075	20001686	45	0.0867
71aa4b00-35d3-4f2a-a929-556e7e955f32	15	20011702	20064520	9	-1.37
71aa4b00-35d3-4f2a-a929-556e7e955f32	15	20187568	25174845	1634	-0.0069
71aa4b00-35d3-4f2a-a929-556e7e955f32	15	25176460	25185096	7	-1.5152
71aa4b00-35d3-4f2a-a929-556e7e955f32	15	25188158	34421922	5709	0.0009
71aa4b00-35d3-4f2a-a929-556e7e955f32	15	34430601	34453518	15	-0.5884
71aa4b00-35d3-4f2a-a929-556e7e955f32	15	34453577	34455921	4	-1.9737
71aa4b00-35d3-4f2a-a929-556e7e955f32	15	34458524	34520918	43	-0.7921
71aa4b00-35d3-4f2a-a929-556e7e955f32	15	34522159	101928837	43896	-0.001
71aa4b00-35d3-4f2a-a929-556e7e955f32	16	10777	18134261	12722	-0.0057
71aa4b00-35d3-4f2a-a929-556e7e955f32	16	18144432	18704933	26	0.6335
71aa4b00-35d3-4f2a-a929-556e7e955f32	16	18705983	55762682	14105	0.0069
71aa4b00-35d3-4f2a-a929-556e7e955f32	16	55764310	55764867	3	2.4673
71aa4b00-35d3-4f2a-a929-556e7e955f32	16	55770436	70105639	8749	0.0067
71aa4b00-35d3-4f2a-a929-556e7e955f32	16	70117657	70177541	16	-0.6143
71aa4b00-35d3-4f2a-a929-556e7e955f32	16	70179141	74350360	2294	0.0088
71aa4b00-35d3-4f2a-a929-556e7e955f32	16	74363160	74373481	7	-0.9106
71aa4b00-35d3-4f2a-a929-556e7e955f32	16	74418138	78338543	3191	0.0046
71aa4b00-35d3-4f2a-a929-556e7e955f32	16	78338714	78343264	9	1.0636
71aa4b00-35d3-4f2a-a929-556e7e955f32	16	78343361	90096867	10582	-0.0154
71aa4b00-35d3-4f2a-a929-556e7e955f32	17	150733	28452035	13625	-0.0019
71aa4b00-35d3-4f2a-a929-556e7e955f32	17	28454323	28455301	2	-2.5728
71aa4b00-35d3-4f2a-a929-556e7e955f32	17	28462253	36109139	4559	0.0025
71aa4b00-35d3-4f2a-a929-556e7e955f32	17	36109735	36208249	37	0.5673
71aa4b00-35d3-4f2a-a929-556e7e955f32	17	36460442	41265456	2519	0
71aa4b00-35d3-4f2a-a929-556e7e955f32	17	41266762	41274279	24	-1.1307
71aa4b00-35d3-4f2a-a929-556e7e955f32	17	41276472	46131308	2527	-0.0124
71aa4b00-35d3-4f2a-a929-556e7e955f32	17	46135062	46351954	93	0.233
71aa4b00-35d3-4f2a-a929-556e7e955f32	17	46446345	74539182	17185	0.0014
71aa4b00-35d3-4f2a-a929-556e7e955f32	17	74539870	74544702	7	-0.9827
71aa4b00-35d3-4f2a-a929-556e7e955f32	17	74546893	83091923	4286	-0.0174
71aa4b00-35d3-4f2a-a929-556e7e955f32	18	48133	40678763	22712	-0.027
71aa4b00-35d3-4f2a-a929-556e7e955f32	18	40680456	40685425	19	0.5958
71aa4b00-35d3-4f2a-a929-556e7e955f32	18	40689534	53677765	8874	-0.0225
71aa4b00-35d3-4f2a-a929-556e7e955f32	18	53680839	53684270	5	-0.9317
71aa4b00-35d3-4f2a-a929-556e7e955f32	18	53685778	54961131	810	-0.0299
71aa4b00-35d3-4f2a-a929-556e7e955f32	18	54963617	54964101	2	-1.7776
71aa4b00-35d3-4f2a-a929-556e7e955f32	18	54967298	65535759	7363	-0.0293
71aa4b00-35d3-4f2a-a929-556e7e955f32	18	65535772	65537481	15	1.1813
71aa4b00-35d3-4f2a-a929-556e7e955f32	18	65540037	66054343	358	0.0034
71aa4b00-35d3-4f2a-a929-556e7e955f32	18	66060256	66061104	12	-1.6093
71aa4b00-35d3-4f2a-a929-556e7e955f32	18	66065502	66095064	47	-0.0185
71aa4b00-35d3-4f2a-a929-556e7e955f32	18	66099904	66100686	3	1.4113
71aa4b00-35d3-4f2a-a929-556e7e955f32	18	66108359	67292086	771	-0.0132
71aa4b00-35d3-4f2a-a929-556e7e955f32	18	67292135	67292264	2	-1.514
71aa4b00-35d3-4f2a-a929-556e7e955f32	18	67292676	69539991	1783	-0.0077
71aa4b00-35d3-4f2a-a929-556e7e955f32	18	69540616	69550035	8	-0.9354
71aa4b00-35d3-4f2a-a929-556e7e955f32	18	69550306	71669759	1429	-0.0248
71aa4b00-35d3-4f2a-a929-556e7e955f32	18	71670651	71670822	2	-1.6535
71aa4b00-35d3-4f2a-a929-556e7e955f32	18	71673476	71867599	164	-0.0527
71aa4b00-35d3-4f2a-a929-556e7e955f32	18	71867955	73543556	1300	0.0383
71aa4b00-35d3-4f2a-a929-556e7e955f32	18	73543873	80257174	4880	-0.0384
71aa4b00-35d3-4f2a-a929-556e7e955f32	19	90910	5506648	1584	-0.0254
71aa4b00-35d3-4f2a-a929-556e7e955f32	19	5510228	5510689	4	-1.7216
71aa4b00-35d3-4f2a-a929-556e7e955f32	19	5513048	21228753	7766	-0.0073
71aa4b00-35d3-4f2a-a929-556e7e955f32	19	21229261	21231280	2	-3.0486
71aa4b00-35d3-4f2a-a929-556e7e955f32	19	21231526	40846832	10096	0.0009
71aa4b00-35d3-4f2a-a929-556e7e955f32	19	40854267	40870114	20	-0.8673
71aa4b00-35d3-4f2a-a929-556e7e955f32	19	40886250	58586487	9564	-0.0063
71aa4b00-35d3-4f2a-a929-556e7e955f32	20	80664	1580353	1199	-0.0225
71aa4b00-35d3-4f2a-a929-556e7e955f32	20	1580934	1613247	41	1.7086
71aa4b00-35d3-4f2a-a929-556e7e955f32	20	1617300	58094330	36859	-0.0024
71aa4b00-35d3-4f2a-a929-556e7e955f32	20	58094923	58095551	3	1.3856
71aa4b00-35d3-4f2a-a929-556e7e955f32	20	58095773	64324800	4122	-0.0064
71aa4b00-35d3-4f2a-a929-556e7e955f32	21	10354168	13081432	99	0.1649
71aa4b00-35d3-4f2a-a929-556e7e955f32	21	13084095	13231256	23	-0.4142
71aa4b00-35d3-4f2a-a929-556e7e955f32	21	13240288	13583316	147	0.0844
71aa4b00-35d3-4f2a-a929-556e7e955f32	21	13612103	13677975	4	1.1146
71aa4b00-35d3-4f2a-a929-556e7e955f32	21	13803967	19868740	4182	0.0064
71aa4b00-35d3-4f2a-a929-556e7e955f32	21	19869305	23699011	2914	0.0357
71aa4b00-35d3-4f2a-a929-556e7e955f32	21	23699137	46677045	16401	-0.0054
71aa4b00-35d3-4f2a-a929-556e7e955f32	22	15294547	23981995	4379	-0.0257
71aa4b00-35d3-4f2a-a929-556e7e955f32	22	23988078	23990739	4	-2.4187
71aa4b00-35d3-4f2a-a929-556e7e955f32	22	23995113	48872888	17583	-0.0079
71aa4b00-35d3-4f2a-a929-556e7e955f32	22	48874111	48874730	2	-2.5248
71aa4b00-35d3-4f2a-a929-556e7e955f32	22	48877479	49295146	422	-0.0663
71aa4b00-35d3-4f2a-a929-556e7e955f32	22	49295323	49295374	3	-1.7811
71aa4b00-35d3-4f2a-a929-556e7e955f32	22	49300926	50796027	805	-0.0805
71aa4b00-35d3-4f2a-a929-556e7e955f32	X	251810	91954079	47182	0.002
71aa4b00-35d3-4f2a-a929-556e7e955f32	X	91958023	91977114	8	-0.9017
71aa4b00-35d3-4f2a-a929-556e7e955f32	X	92005804	103556728	6150	0.0011
71aa4b00-35d3-4f2a-a929-556e7e955f32	X	103561393	103568703	8	-1.0956
71aa4b00-35d3-4f2a-a929-556e7e955f32	X	103576424	151124426	27663	0.0031
71aa4b00-35d3-4f2a-a929-556e7e955f32	X	151125462	151126987	2	1.7691
71aa4b00-35d3-4f2a-a929-556e7e955f32	X	151128083	155952689	2355	-0.0164
71aa4b00-35d3-4f2a-a929-556e7e955f32	Y	2782397	6075631	719	-2.579
71aa4b00-35d3-4f2a-a929-556e7e955f32	Y	6076562	9330531	1509	-3.0937
71aa4b00-35d3-4f2a-a929-556e7e955f32	Y	9332936	9554275	25	-4.8222
71aa4b00-35d3-4f2a-a929-556e7e955f32	Y	9554586	13478396	1012	-2.9053
71aa4b00-35d3-4f2a-a929-556e7e955f32	Y	13478462	13482643	3	-7.6945
71aa4b00-35d3-4f2a-a929-556e7e955f32	Y	13483009	17058562	1755	-2.9529
71aa4b00-35d3-4f2a-a929-556e7e955f32	Y	17067455	17067660	3	-7.7695
71aa4b00-35d3-4f2a-a929-556e7e955f32	Y	17070391	23586854	1420	-3.0369
71aa4b00-35d3-4f2a-a929-556e7e955f32	Y	23784615	56872112	192	-2.6945
