GDC_Aliquot	Chromosome	Start	End	Num_Probes	Segment_Mean
c1e150da-77d6-4d00-bd15-9d263a0d1474	1	62920	98588	12	1.0443
c1e150da-77d6-4d00-bd15-9d263a0d1474	1	98602	3040102	615	-0.1966
c1e150da-77d6-4d00-bd15-9d263a0d1474	1	3040551	3248703	85	-0.5449
c1e150da-77d6-4d00-bd15-9d263a0d1474	1	3249525	15006745	7060	-0.256
c1e150da-77d6-4d00-bd15-9d263a0d1474	1	15007252	15009363	2	-2.6243
c1e150da-77d6-4d00-bd15-9d263a0d1474	1	15010026	16636818	862	-0.2233
c1e150da-77d6-4d00-bd15-9d263a0d1474	1	16637050	16679281	17	0.2998
c1e150da-77d6-4d00-bd15-9d263a0d1474	1	16679483	16863509	25	-0.2227
c1e150da-77d6-4d00-bd15-9d263a0d1474	1	16864367	16932568	46	-0.8177
c1e150da-77d6-4d00-bd15-9d263a0d1474	1	16934716	25256850	5256	-0.2488
c1e150da-77d6-4d00-bd15-9d263a0d1474	1	25266637	25284961	14	-1.1847
c1e150da-77d6-4d00-bd15-9d263a0d1474	1	25289805	72297687	28675	-0.2242
c1e150da-77d6-4d00-bd15-9d263a0d1474	1	72302735	72345465	48	1.2479
c1e150da-77d6-4d00-bd15-9d263a0d1474	1	72346221	102198316	19233	-0.2059
c1e150da-77d6-4d00-bd15-9d263a0d1474	1	102204411	102465039	202	0.0022
c1e150da-77d6-4d00-bd15-9d263a0d1474	1	102465714	152784298	13870	-0.1974
c1e150da-77d6-4d00-bd15-9d263a0d1474	1	152784330	152796094	39	0.3454
c1e150da-77d6-4d00-bd15-9d263a0d1474	1	152796224	155687178	1547	-0.207
c1e150da-77d6-4d00-bd15-9d263a0d1474	1	155691436	155693566	3	-1.5106
c1e150da-77d6-4d00-bd15-9d263a0d1474	1	155697170	158896783	2050	-0.2088
c1e150da-77d6-4d00-bd15-9d263a0d1474	1	158898711	158899969	2	1.8341
c1e150da-77d6-4d00-bd15-9d263a0d1474	1	158905028	178690874	13668	-0.2099
c1e150da-77d6-4d00-bd15-9d263a0d1474	1	178691010	178705053	52	0.2239
c1e150da-77d6-4d00-bd15-9d263a0d1474	1	178707731	179361393	510	-0.2295
c1e150da-77d6-4d00-bd15-9d263a0d1474	1	179362247	179370127	5	-1.426
c1e150da-77d6-4d00-bd15-9d263a0d1474	1	179370199	196745743	11525	-0.2012
c1e150da-77d6-4d00-bd15-9d263a0d1474	1	196758720	196846661	61	-0.6471
c1e150da-77d6-4d00-bd15-9d263a0d1474	1	196847600	199142235	1367	-0.1822
c1e150da-77d6-4d00-bd15-9d263a0d1474	1	199142298	199144712	8	0.767
c1e150da-77d6-4d00-bd15-9d263a0d1474	1	199145110	240228440	28472	-0.2137
c1e150da-77d6-4d00-bd15-9d263a0d1474	1	240230715	240230824	5	-1.8119
c1e150da-77d6-4d00-bd15-9d263a0d1474	1	240230839	240876471	493	-0.2471
c1e150da-77d6-4d00-bd15-9d263a0d1474	1	240877655	242863256	1536	-1.1752
c1e150da-77d6-4d00-bd15-9d263a0d1474	1	242864283	243189078	115	-0.7841
c1e150da-77d6-4d00-bd15-9d263a0d1474	1	243190549	243389196	96	-1.1378
c1e150da-77d6-4d00-bd15-9d263a0d1474	1	243391917	243396021	2	-4.3586
c1e150da-77d6-4d00-bd15-9d263a0d1474	1	243397920	244268866	641	-1.102
c1e150da-77d6-4d00-bd15-9d263a0d1474	1	244271585	244271679	2	-4.6078
c1e150da-77d6-4d00-bd15-9d263a0d1474	1	244282687	248477891	2726	-1.0875
c1e150da-77d6-4d00-bd15-9d263a0d1474	1	248520099	248661836	51	-0.5049
c1e150da-77d6-4d00-bd15-9d263a0d1474	1	248661962	248930189	135	-1.109
c1e150da-77d6-4d00-bd15-9d263a0d1474	2	12784	717732	509	-0.217
c1e150da-77d6-4d00-bd15-9d263a0d1474	2	724368	724472	2	-2.5674
c1e150da-77d6-4d00-bd15-9d263a0d1474	2	725808	34466002	23536	-0.1913
c1e150da-77d6-4d00-bd15-9d263a0d1474	2	34474248	34502800	44	-0.8751
c1e150da-77d6-4d00-bd15-9d263a0d1474	2	34511446	52504841	12952	-0.18
c1e150da-77d6-4d00-bd15-9d263a0d1474	2	52508010	52554404	55	0.269
c1e150da-77d6-4d00-bd15-9d263a0d1474	2	52560811	88826790	22527	-0.184
c1e150da-77d6-4d00-bd15-9d263a0d1474	2	88828606	91965299	372	-0.016
c1e150da-77d6-4d00-bd15-9d263a0d1474	2	91967906	97210040	870	-0.1828
c1e150da-77d6-4d00-bd15-9d263a0d1474	2	97210463	97211436	5	-1.4217
c1e150da-77d6-4d00-bd15-9d263a0d1474	2	97310327	123780660	15816	-0.1957
c1e150da-77d6-4d00-bd15-9d263a0d1474	2	123794562	128881337	3124	-0.1761
c1e150da-77d6-4d00-bd15-9d263a0d1474	2	128881387	128882741	10	-1.091
c1e150da-77d6-4d00-bd15-9d263a0d1474	2	128882755	132514420	1697	-0.1795
c1e150da-77d6-4d00-bd15-9d263a0d1474	2	132516017	132516148	2	-2.0875
c1e150da-77d6-4d00-bd15-9d263a0d1474	2	132520905	184250642	32141	-0.1768
c1e150da-77d6-4d00-bd15-9d263a0d1474	2	184251612	184399818	160	0.0089
c1e150da-77d6-4d00-bd15-9d263a0d1474	2	184399858	214117356	17496	-0.169
c1e150da-77d6-4d00-bd15-9d263a0d1474	2	214119885	242147305	17854	-0.2002
c1e150da-77d6-4d00-bd15-9d263a0d1474	3	20930	4055218	3623	-0.176
c1e150da-77d6-4d00-bd15-9d263a0d1474	3	4056262	4110326	76	0.1292
c1e150da-77d6-4d00-bd15-9d263a0d1474	3	4112446	4221523	73	-0.1498
c1e150da-77d6-4d00-bd15-9d263a0d1474	3	4224848	4226736	4	1.083
c1e150da-77d6-4d00-bd15-9d263a0d1474	3	4227067	6183790	1626	-0.1701
c1e150da-77d6-4d00-bd15-9d263a0d1474	3	6183908	6191850	13	0.4553
c1e150da-77d6-4d00-bd15-9d263a0d1474	3	6192210	13004439	5256	-0.206
c1e150da-77d6-4d00-bd15-9d263a0d1474	3	13005502	13006102	2	-2.0487
c1e150da-77d6-4d00-bd15-9d263a0d1474	3	13009993	13579496	426	-0.2197
c1e150da-77d6-4d00-bd15-9d263a0d1474	3	13579820	13580089	4	-1.6651
c1e150da-77d6-4d00-bd15-9d263a0d1474	3	13580411	30864925	11912	-0.1924
c1e150da-77d6-4d00-bd15-9d263a0d1474	3	30869657	30872153	5	-1.3936
c1e150da-77d6-4d00-bd15-9d263a0d1474	3	30874413	32422552	1084	-0.1885
c1e150da-77d6-4d00-bd15-9d263a0d1474	3	32428993	32432020	5	-1.1879
c1e150da-77d6-4d00-bd15-9d263a0d1474	3	32438095	37940617	3423	-0.2053
c1e150da-77d6-4d00-bd15-9d263a0d1474	3	37940970	37945437	17	-1.1617
c1e150da-77d6-4d00-bd15-9d263a0d1474	3	37945615	45218187	4470	-0.1964
c1e150da-77d6-4d00-bd15-9d263a0d1474	3	45222259	45250467	21	0.2672
c1e150da-77d6-4d00-bd15-9d263a0d1474	3	45250752	46760327	1030	-0.1797
c1e150da-77d6-4d00-bd15-9d263a0d1474	3	46760374	46818342	41	-0.8958
c1e150da-77d6-4d00-bd15-9d263a0d1474	3	46827338	52987053	2481	-0.2094
c1e150da-77d6-4d00-bd15-9d263a0d1474	3	52987994	53000364	29	0.2331
c1e150da-77d6-4d00-bd15-9d263a0d1474	3	53000433	65211623	9567	-0.2154
c1e150da-77d6-4d00-bd15-9d263a0d1474	3	65211639	65231087	41	0.1405
c1e150da-77d6-4d00-bd15-9d263a0d1474	3	65231155	68697013	2410	-0.2156
c1e150da-77d6-4d00-bd15-9d263a0d1474	3	68697108	68698262	14	-1.0298
c1e150da-77d6-4d00-bd15-9d263a0d1474	3	68699607	89334971	12591	-0.2053
c1e150da-77d6-4d00-bd15-9d263a0d1474	3	89335001	89371081	62	0.1339
c1e150da-77d6-4d00-bd15-9d263a0d1474	3	89371323	99229557	3241	-0.2027
c1e150da-77d6-4d00-bd15-9d263a0d1474	3	99229699	99233599	26	0.473
c1e150da-77d6-4d00-bd15-9d263a0d1474	3	99234917	162405578	38619	-0.1934
c1e150da-77d6-4d00-bd15-9d263a0d1474	3	162419812	162424917	14	-1.0813
c1e150da-77d6-4d00-bd15-9d263a0d1474	3	162426460	162498841	57	-0.2027
c1e150da-77d6-4d00-bd15-9d263a0d1474	3	162498857	162519502	36	0.168
c1e150da-77d6-4d00-bd15-9d263a0d1474	3	162519707	162790480	162	-0.2093
c1e150da-77d6-4d00-bd15-9d263a0d1474	3	162794869	162908207	70	0.9116
c1e150da-77d6-4d00-bd15-9d263a0d1474	3	162908784	183801928	12641	-0.1873
c1e150da-77d6-4d00-bd15-9d263a0d1474	3	183803815	184062277	126	-0.3927
c1e150da-77d6-4d00-bd15-9d263a0d1474	3	184062435	187869587	2519	-0.1961
c1e150da-77d6-4d00-bd15-9d263a0d1474	3	187869686	187878586	27	0.3335
c1e150da-77d6-4d00-bd15-9d263a0d1474	3	187878673	193162684	3801	-0.2014
c1e150da-77d6-4d00-bd15-9d263a0d1474	3	193162798	193165114	12	-1.3333
c1e150da-77d6-4d00-bd15-9d263a0d1474	3	193168646	195691392	1481	-0.2253
c1e150da-77d6-4d00-bd15-9d263a0d1474	3	195695418	195715711	15	0.4964
c1e150da-77d6-4d00-bd15-9d263a0d1474	3	195719726	196958869	582	-0.2079
c1e150da-77d6-4d00-bd15-9d263a0d1474	3	196959053	197012082	26	-0.7573
c1e150da-77d6-4d00-bd15-9d263a0d1474	3	197013890	197169956	82	-0.1759
c1e150da-77d6-4d00-bd15-9d263a0d1474	3	197170217	197229955	27	0.2709
c1e150da-77d6-4d00-bd15-9d263a0d1474	3	197234030	198169247	472	-0.2444
c1e150da-77d6-4d00-bd15-9d263a0d1474	4	68929	3597723	1438	0.3386
c1e150da-77d6-4d00-bd15-9d263a0d1474	4	3598142	3600457	2	-1.637
c1e150da-77d6-4d00-bd15-9d263a0d1474	4	3607663	3772224	93	0.4097
c1e150da-77d6-4d00-bd15-9d263a0d1474	4	3774747	4026744	64	-0.025
c1e150da-77d6-4d00-bd15-9d263a0d1474	4	4028735	5759639	1363	0.3344
c1e150da-77d6-4d00-bd15-9d263a0d1474	4	5760119	5768383	6	-0.8872
c1e150da-77d6-4d00-bd15-9d263a0d1474	4	5769007	9383234	2128	0.3328
c1e150da-77d6-4d00-bd15-9d263a0d1474	4	9383421	9450197	51	0.8116
c1e150da-77d6-4d00-bd15-9d263a0d1474	4	9455251	9477699	7	-0.738
c1e150da-77d6-4d00-bd15-9d263a0d1474	4	9484440	17028780	5866	0.3561
c1e150da-77d6-4d00-bd15-9d263a0d1474	4	17034567	17038211	7	-1.3506
c1e150da-77d6-4d00-bd15-9d263a0d1474	4	17040213	19727043	1826	0.3517
c1e150da-77d6-4d00-bd15-9d263a0d1474	4	19733858	19736654	5	-0.4996
c1e150da-77d6-4d00-bd15-9d263a0d1474	4	19740095	21342516	1044	0.3589
c1e150da-77d6-4d00-bd15-9d263a0d1474	4	21343617	21349269	3	-0.6637
c1e150da-77d6-4d00-bd15-9d263a0d1474	4	21349637	21367070	15	0.5567
c1e150da-77d6-4d00-bd15-9d263a0d1474	4	21370380	21375228	15	-0.6954
c1e150da-77d6-4d00-bd15-9d263a0d1474	4	21382117	29224087	5370	0.348
c1e150da-77d6-4d00-bd15-9d263a0d1474	4	29225148	29229022	4	-1.1627
c1e150da-77d6-4d00-bd15-9d263a0d1474	4	29234815	34777432	3361	0.3549
c1e150da-77d6-4d00-bd15-9d263a0d1474	4	34784878	34786399	6	-1.2278
c1e150da-77d6-4d00-bd15-9d263a0d1474	4	34788894	34814449	25	-0.5093
c1e150da-77d6-4d00-bd15-9d263a0d1474	4	34816858	34823103	7	-1.0824
c1e150da-77d6-4d00-bd15-9d263a0d1474	4	34828250	48134914	8336	0.362
c1e150da-77d6-4d00-bd15-9d263a0d1474	4	48136357	48250227	226	0.5369
c1e150da-77d6-4d00-bd15-9d263a0d1474	4	48250245	49295203	389	0.4033
c1e150da-77d6-4d00-bd15-9d263a0d1474	4	49501149	49656595	17	-0.4219
c1e150da-77d6-4d00-bd15-9d263a0d1474	4	51819533	54353318	1598	0.3252
c1e150da-77d6-4d00-bd15-9d263a0d1474	4	54353363	54354188	8	-0.9499
c1e150da-77d6-4d00-bd15-9d263a0d1474	4	54355243	68478894	8832	0.3527
c1e150da-77d6-4d00-bd15-9d263a0d1474	4	68494770	68623617	68	-1.5421
c1e150da-77d6-4d00-bd15-9d263a0d1474	4	68639397	68686026	7	1.2356
c1e150da-77d6-4d00-bd15-9d263a0d1474	4	68725894	69255545	305	0.3972
c1e150da-77d6-4d00-bd15-9d263a0d1474	4	69257792	69412731	77	0.722
c1e150da-77d6-4d00-bd15-9d263a0d1474	4	69414814	114252544	27225	0.368
c1e150da-77d6-4d00-bd15-9d263a0d1474	4	114254167	114261019	23	1.3504
c1e150da-77d6-4d00-bd15-9d263a0d1474	4	114263073	114587010	227	0.3852
c1e150da-77d6-4d00-bd15-9d263a0d1474	4	114588837	114589298	2	-2.053
c1e150da-77d6-4d00-bd15-9d263a0d1474	4	114593270	126545880	7136	0.374
c1e150da-77d6-4d00-bd15-9d263a0d1474	4	126545886	126546186	2	-1.424
c1e150da-77d6-4d00-bd15-9d263a0d1474	4	126546699	150955254	14186	0.3685
c1e150da-77d6-4d00-bd15-9d263a0d1474	4	150957105	150959643	13	-0.3361
c1e150da-77d6-4d00-bd15-9d263a0d1474	4	150959971	160141783	5707	0.3739
c1e150da-77d6-4d00-bd15-9d263a0d1474	4	160141817	160145729	9	1.1523
c1e150da-77d6-4d00-bd15-9d263a0d1474	4	160145875	160146931	7	0.3167
c1e150da-77d6-4d00-bd15-9d263a0d1474	4	160149036	160149115	3	1.864
c1e150da-77d6-4d00-bd15-9d263a0d1474	4	160149352	168010639	5067	0.3755
c1e150da-77d6-4d00-bd15-9d263a0d1474	4	168014450	168064696	53	0.6997
c1e150da-77d6-4d00-bd15-9d263a0d1474	4	168064711	172066777	2562	0.3693
c1e150da-77d6-4d00-bd15-9d263a0d1474	4	172067997	172068382	12	-0.498
c1e150da-77d6-4d00-bd15-9d263a0d1474	4	172074828	172501371	230	0.378
c1e150da-77d6-4d00-bd15-9d263a0d1474	4	172503796	172507320	5	0.8823
c1e150da-77d6-4d00-bd15-9d263a0d1474	4	172507437	172507492	2	2.2891
c1e150da-77d6-4d00-bd15-9d263a0d1474	4	172519981	177962126	3319	0.3651
c1e150da-77d6-4d00-bd15-9d263a0d1474	4	177969027	177971395	13	-0.9506
c1e150da-77d6-4d00-bd15-9d263a0d1474	4	177974753	180209402	1540	0.383
c1e150da-77d6-4d00-bd15-9d263a0d1474	4	180215918	180225002	10	-1.4724
c1e150da-77d6-4d00-bd15-9d263a0d1474	4	180225071	188300104	5790	0.3639
c1e150da-77d6-4d00-bd15-9d263a0d1474	4	188300206	188300221	2	-1.547
c1e150da-77d6-4d00-bd15-9d263a0d1474	4	188300270	190106768	1143	0.4
c1e150da-77d6-4d00-bd15-9d263a0d1474	5	15532	185229	96	0.8254
c1e150da-77d6-4d00-bd15-9d263a0d1474	5	185383	403991	77	-0.1046
c1e150da-77d6-4d00-bd15-9d263a0d1474	5	404073	417799	12	-0.9126
c1e150da-77d6-4d00-bd15-9d263a0d1474	5	417910	580938	53	-0.2408
c1e150da-77d6-4d00-bd15-9d263a0d1474	5	588360	653751	50	0.2198
c1e150da-77d6-4d00-bd15-9d263a0d1474	5	653950	1107313	157	-0.3446
c1e150da-77d6-4d00-bd15-9d263a0d1474	5	1108135	1392112	178	0.3498
c1e150da-77d6-4d00-bd15-9d263a0d1474	5	1394962	2188462	524	0.752
c1e150da-77d6-4d00-bd15-9d263a0d1474	5	2188505	2254843	58	0.3023
c1e150da-77d6-4d00-bd15-9d263a0d1474	5	2256759	4154627	1822	0.7605
c1e150da-77d6-4d00-bd15-9d263a0d1474	5	4156845	4831574	540	0.3167
c1e150da-77d6-4d00-bd15-9d263a0d1474	5	4833238	5068443	225	-0.2648
c1e150da-77d6-4d00-bd15-9d263a0d1474	5	5068581	5317368	266	0.3206
c1e150da-77d6-4d00-bd15-9d263a0d1474	5	5317769	5380628	63	-0.2237
c1e150da-77d6-4d00-bd15-9d263a0d1474	5	5381618	5615235	204	0.3305
c1e150da-77d6-4d00-bd15-9d263a0d1474	5	5615269	7036791	1274	-0.229
c1e150da-77d6-4d00-bd15-9d263a0d1474	5	7037405	7486175	334	0.4003
c1e150da-77d6-4d00-bd15-9d263a0d1474	5	7486411	7757754	221	0.7734
c1e150da-77d6-4d00-bd15-9d263a0d1474	5	7758848	8031338	214	0.3292
c1e150da-77d6-4d00-bd15-9d263a0d1474	5	8034427	8070600	43	0.7086
c1e150da-77d6-4d00-bd15-9d263a0d1474	5	8072397	8164637	65	0.3693
c1e150da-77d6-4d00-bd15-9d263a0d1474	5	8164998	8334269	144	0.7616
c1e150da-77d6-4d00-bd15-9d263a0d1474	5	8335905	8883563	456	0.3149
c1e150da-77d6-4d00-bd15-9d263a0d1474	5	8883610	9144555	230	-0.2751
c1e150da-77d6-4d00-bd15-9d263a0d1474	5	9147139	9355941	211	0.3442
c1e150da-77d6-4d00-bd15-9d263a0d1474	5	9356001	9382749	30	0.8803
c1e150da-77d6-4d00-bd15-9d263a0d1474	5	9383254	9428204	50	0.272
c1e150da-77d6-4d00-bd15-9d263a0d1474	5	9432225	9566542	121	-0.2012
c1e150da-77d6-4d00-bd15-9d263a0d1474	5	9574929	10113421	489	0.3591
c1e150da-77d6-4d00-bd15-9d263a0d1474	5	10113923	10240297	105	0.781
c1e150da-77d6-4d00-bd15-9d263a0d1474	5	10240679	10780716	403	0.3453
c1e150da-77d6-4d00-bd15-9d263a0d1474	5	10784894	10870961	85	0.7409
c1e150da-77d6-4d00-bd15-9d263a0d1474	5	10871266	10881970	9	1.5816
c1e150da-77d6-4d00-bd15-9d263a0d1474	5	10883400	10912270	39	0.8506
c1e150da-77d6-4d00-bd15-9d263a0d1474	5	10916528	11038874	109	0.346
c1e150da-77d6-4d00-bd15-9d263a0d1474	5	11043667	11514730	443	0.7789
c1e150da-77d6-4d00-bd15-9d263a0d1474	5	11517147	11782974	192	0.3854
c1e150da-77d6-4d00-bd15-9d263a0d1474	5	11786814	11966638	131	-0.2691
c1e150da-77d6-4d00-bd15-9d263a0d1474	5	11966983	12240661	158	0.3145
c1e150da-77d6-4d00-bd15-9d263a0d1474	5	12241344	12460689	104	0.7802
c1e150da-77d6-4d00-bd15-9d263a0d1474	5	12462530	12608223	90	0.3325
c1e150da-77d6-4d00-bd15-9d263a0d1474	5	12616193	12791608	95	0.8152
c1e150da-77d6-4d00-bd15-9d263a0d1474	5	12800777	12815668	2	-0.4363
c1e150da-77d6-4d00-bd15-9d263a0d1474	5	12815753	12826538	10	-1.6893
c1e150da-77d6-4d00-bd15-9d263a0d1474	5	12833745	12996466	52	0.7435
c1e150da-77d6-4d00-bd15-9d263a0d1474	5	12996778	13014395	8	1.4711
c1e150da-77d6-4d00-bd15-9d263a0d1474	5	13014933	13214508	64	0.8038
c1e150da-77d6-4d00-bd15-9d263a0d1474	5	13217697	14167985	757	0.3392
c1e150da-77d6-4d00-bd15-9d263a0d1474	5	14168378	14220459	63	-0.2846
c1e150da-77d6-4d00-bd15-9d263a0d1474	5	14221566	14379701	176	0.3777
c1e150da-77d6-4d00-bd15-9d263a0d1474	5	14379711	14386385	6	0.8459
c1e150da-77d6-4d00-bd15-9d263a0d1474	5	14386546	14400846	20	0.3721
c1e150da-77d6-4d00-bd15-9d263a0d1474	5	14400962	14545789	121	0.8354
c1e150da-77d6-4d00-bd15-9d263a0d1474	5	14545898	14761459	136	0.3515
c1e150da-77d6-4d00-bd15-9d263a0d1474	5	14761633	15382528	370	0.789
c1e150da-77d6-4d00-bd15-9d263a0d1474	5	15383507	15419906	11	0.1217
c1e150da-77d6-4d00-bd15-9d263a0d1474	5	15420131	15478235	33	0.6371
c1e150da-77d6-4d00-bd15-9d263a0d1474	5	15480933	16046169	356	-0.1177
c1e150da-77d6-4d00-bd15-9d263a0d1474	5	16048599	16455942	291	0.3675
c1e150da-77d6-4d00-bd15-9d263a0d1474	5	16456022	16957924	374	-0.2475
c1e150da-77d6-4d00-bd15-9d263a0d1474	5	16969283	17601444	332	0.3502
c1e150da-77d6-4d00-bd15-9d263a0d1474	5	17601619	17992795	256	0.8121
c1e150da-77d6-4d00-bd15-9d263a0d1474	5	17992819	18398728	272	0.3172
c1e150da-77d6-4d00-bd15-9d263a0d1474	5	18403994	19098560	432	0.8273
c1e150da-77d6-4d00-bd15-9d263a0d1474	5	19101496	20144486	613	0.3425
c1e150da-77d6-4d00-bd15-9d263a0d1474	5	20145223	20394617	134	-0.178
c1e150da-77d6-4d00-bd15-9d263a0d1474	5	20394697	20403294	11	0.6129
c1e150da-77d6-4d00-bd15-9d263a0d1474	5	20404601	21197541	465	-0.1682
c1e150da-77d6-4d00-bd15-9d263a0d1474	5	21199482	21221940	16	0.3745
c1e150da-77d6-4d00-bd15-9d263a0d1474	5	21222456	21409252	103	-0.1516
c1e150da-77d6-4d00-bd15-9d263a0d1474	5	21409463	21451168	28	0.4872
c1e150da-77d6-4d00-bd15-9d263a0d1474	5	21451855	21452329	3	1.6631
c1e150da-77d6-4d00-bd15-9d263a0d1474	5	21452387	21633574	71	0.3448
c1e150da-77d6-4d00-bd15-9d263a0d1474	5	21634922	21761990	78	0.7817
c1e150da-77d6-4d00-bd15-9d263a0d1474	5	21764904	21792217	20	0.3282
c1e150da-77d6-4d00-bd15-9d263a0d1474	5	21794432	22141493	203	0.7606
c1e150da-77d6-4d00-bd15-9d263a0d1474	5	22145187	22196525	25	0.3568
c1e150da-77d6-4d00-bd15-9d263a0d1474	5	22201512	22356778	62	0.8005
c1e150da-77d6-4d00-bd15-9d263a0d1474	5	22358647	22818812	246	0.3601
c1e150da-77d6-4d00-bd15-9d263a0d1474	5	22818919	23138912	198	-0.2175
c1e150da-77d6-4d00-bd15-9d263a0d1474	5	23140738	24149324	589	0.3545
c1e150da-77d6-4d00-bd15-9d263a0d1474	5	24149962	24347548	118	0.7687
c1e150da-77d6-4d00-bd15-9d263a0d1474	5	24348193	24609261	178	0.3861
c1e150da-77d6-4d00-bd15-9d263a0d1474	5	24610113	24775588	93	0.7294
c1e150da-77d6-4d00-bd15-9d263a0d1474	5	24777133	24786866	27	1.1345
c1e150da-77d6-4d00-bd15-9d263a0d1474	5	24786900	24900376	66	0.7822
c1e150da-77d6-4d00-bd15-9d263a0d1474	5	24905609	25496851	351	0.3779
c1e150da-77d6-4d00-bd15-9d263a0d1474	5	25497810	25642298	74	0.6957
c1e150da-77d6-4d00-bd15-9d263a0d1474	5	25643246	26217027	375	0.3615
c1e150da-77d6-4d00-bd15-9d263a0d1474	5	26220020	26303482	43	-0.2561
c1e150da-77d6-4d00-bd15-9d263a0d1474	5	26305612	26762483	283	0.3773
c1e150da-77d6-4d00-bd15-9d263a0d1474	5	26763000	26789372	25	-0.2949
c1e150da-77d6-4d00-bd15-9d263a0d1474	5	26789387	26797735	3	0.942
c1e150da-77d6-4d00-bd15-9d263a0d1474	5	26803775	26888639	72	-0.2816
c1e150da-77d6-4d00-bd15-9d263a0d1474	5	26893583	27255908	175	0.3798
c1e150da-77d6-4d00-bd15-9d263a0d1474	5	27257214	27335121	41	-0.2213
c1e150da-77d6-4d00-bd15-9d263a0d1474	5	27337416	27370464	22	0.2278
c1e150da-77d6-4d00-bd15-9d263a0d1474	5	27371408	28869705	853	0.7827
c1e150da-77d6-4d00-bd15-9d263a0d1474	5	28873983	30000478	727	0.3611
c1e150da-77d6-4d00-bd15-9d263a0d1474	5	30006447	30704250	378	-0.2231
c1e150da-77d6-4d00-bd15-9d263a0d1474	5	30706841	30856296	101	0.3176
c1e150da-77d6-4d00-bd15-9d263a0d1474	5	30857655	30927573	64	0.7315
c1e150da-77d6-4d00-bd15-9d263a0d1474	5	30929542	30944698	17	0.228
c1e150da-77d6-4d00-bd15-9d263a0d1474	5	30944739	31019498	53	0.7769
c1e150da-77d6-4d00-bd15-9d263a0d1474	5	31019951	31808175	691	0.3453
c1e150da-77d6-4d00-bd15-9d263a0d1474	5	31809379	32234491	296	-0.2866
c1e150da-77d6-4d00-bd15-9d263a0d1474	5	32237368	32691310	302	0.3292
c1e150da-77d6-4d00-bd15-9d263a0d1474	5	32691619	32835106	104	-0.2394
c1e150da-77d6-4d00-bd15-9d263a0d1474	5	32835364	33312353	291	0.3517
c1e150da-77d6-4d00-bd15-9d263a0d1474	5	33312633	33580076	191	0.7712
c1e150da-77d6-4d00-bd15-9d263a0d1474	5	33580649	33581278	2	-0.5408
c1e150da-77d6-4d00-bd15-9d263a0d1474	5	33582052	33732129	106	0.849
c1e150da-77d6-4d00-bd15-9d263a0d1474	5	33733657	33886614	105	0.2709
c1e150da-77d6-4d00-bd15-9d263a0d1474	5	33887074	34010534	106	0.8278
c1e150da-77d6-4d00-bd15-9d263a0d1474	5	34010549	34045804	27	0.0682
c1e150da-77d6-4d00-bd15-9d263a0d1474	5	34046642	34608632	265	0.8214
c1e150da-77d6-4d00-bd15-9d263a0d1474	5	34611378	35063015	312	0.3333
c1e150da-77d6-4d00-bd15-9d263a0d1474	5	35073236	35486557	296	-0.2048
c1e150da-77d6-4d00-bd15-9d263a0d1474	5	35487325	36058316	413	0.3832
c1e150da-77d6-4d00-bd15-9d263a0d1474	5	36059500	36106878	38	-0.1511
c1e150da-77d6-4d00-bd15-9d263a0d1474	5	36116486	36929231	560	0.3677
c1e150da-77d6-4d00-bd15-9d263a0d1474	5	36932358	37021397	42	-0.2387
c1e150da-77d6-4d00-bd15-9d263a0d1474	5	37021866	37057294	15	0.3974
c1e150da-77d6-4d00-bd15-9d263a0d1474	5	37059902	38255953	729	0.7827
c1e150da-77d6-4d00-bd15-9d263a0d1474	5	38260201	38721537	349	0.3128
c1e150da-77d6-4d00-bd15-9d263a0d1474	5	38723787	39574923	583	0.7641
c1e150da-77d6-4d00-bd15-9d263a0d1474	5	39577819	39632941	43	0.3705
c1e150da-77d6-4d00-bd15-9d263a0d1474	5	39633085	39696851	54	-0.1331
c1e150da-77d6-4d00-bd15-9d263a0d1474	5	39696866	40752982	701	0.3834
c1e150da-77d6-4d00-bd15-9d263a0d1474	5	40758740	40910422	88	-0.2526
c1e150da-77d6-4d00-bd15-9d263a0d1474	5	40911144	40972492	62	0.3888
c1e150da-77d6-4d00-bd15-9d263a0d1474	5	40973107	40976233	3	1.0792
c1e150da-77d6-4d00-bd15-9d263a0d1474	5	40976567	41061769	67	0.3046
c1e150da-77d6-4d00-bd15-9d263a0d1474	5	41061980	41062012	2	-1.4442
c1e150da-77d6-4d00-bd15-9d263a0d1474	5	41062636	41370542	225	0.3463
c1e150da-77d6-4d00-bd15-9d263a0d1474	5	41370663	41425370	31	0.7906
c1e150da-77d6-4d00-bd15-9d263a0d1474	5	41435415	41559902	77	0.3466
c1e150da-77d6-4d00-bd15-9d263a0d1474	5	41564024	41564336	2	-1.1756
c1e150da-77d6-4d00-bd15-9d263a0d1474	5	41564460	41974108	218	0.3987
c1e150da-77d6-4d00-bd15-9d263a0d1474	5	41974551	42844019	457	-0.2123
c1e150da-77d6-4d00-bd15-9d263a0d1474	5	42844101	43146227	154	0.3188
c1e150da-77d6-4d00-bd15-9d263a0d1474	5	43148573	43212488	35	0.7661
c1e150da-77d6-4d00-bd15-9d263a0d1474	5	43230514	43704122	219	0.3448
c1e150da-77d6-4d00-bd15-9d263a0d1474	5	43707298	44121430	178	-0.2443
c1e150da-77d6-4d00-bd15-9d263a0d1474	5	44130513	44201111	35	0.3274
c1e150da-77d6-4d00-bd15-9d263a0d1474	5	44201913	44602071	220	0.8566
c1e150da-77d6-4d00-bd15-9d263a0d1474	5	44603800	44612045	6	0.4181
c1e150da-77d6-4d00-bd15-9d263a0d1474	5	44620113	44889954	114	-0.2485
c1e150da-77d6-4d00-bd15-9d263a0d1474	5	44890091	45306120	174	0.347
c1e150da-77d6-4d00-bd15-9d263a0d1474	5	45308261	45473494	57	0.8438
c1e150da-77d6-4d00-bd15-9d263a0d1474	5	45475062	50163220	282	0.4517
c1e150da-77d6-4d00-bd15-9d263a0d1474	5	50163701	50547440	134	-0.0722
c1e150da-77d6-4d00-bd15-9d263a0d1474	5	50549640	50684769	59	0.3017
c1e150da-77d6-4d00-bd15-9d263a0d1474	5	50684968	51477654	440	0.817
c1e150da-77d6-4d00-bd15-9d263a0d1474	5	51478256	51812857	166	0.4041
c1e150da-77d6-4d00-bd15-9d263a0d1474	5	51813065	51881837	33	0.7913
c1e150da-77d6-4d00-bd15-9d263a0d1474	5	51884204	52667742	472	0.3421
c1e150da-77d6-4d00-bd15-9d263a0d1474	5	52667904	52685818	22	-0.1806
c1e150da-77d6-4d00-bd15-9d263a0d1474	5	52690841	52767845	78	0.3753
c1e150da-77d6-4d00-bd15-9d263a0d1474	5	52767960	52867566	79	-0.2788
c1e150da-77d6-4d00-bd15-9d263a0d1474	5	52869557	53020082	136	0.3723
c1e150da-77d6-4d00-bd15-9d263a0d1474	5	53021633	53473802	350	-0.2366
c1e150da-77d6-4d00-bd15-9d263a0d1474	5	53487526	53667131	97	0.3449
c1e150da-77d6-4d00-bd15-9d263a0d1474	5	53669401	54324772	436	-0.221
c1e150da-77d6-4d00-bd15-9d263a0d1474	5	54327483	54928831	468	0.3728
c1e150da-77d6-4d00-bd15-9d263a0d1474	5	54928964	55359636	273	0.7888
c1e150da-77d6-4d00-bd15-9d263a0d1474	5	55360967	55483938	76	0.3303
c1e150da-77d6-4d00-bd15-9d263a0d1474	5	55492016	55615559	52	-0.2886
c1e150da-77d6-4d00-bd15-9d263a0d1474	5	55630060	56637007	737	0.3763
c1e150da-77d6-4d00-bd15-9d263a0d1474	5	56637938	57055039	308	-0.2057
c1e150da-77d6-4d00-bd15-9d263a0d1474	5	57060251	57093639	16	0.5458
c1e150da-77d6-4d00-bd15-9d263a0d1474	5	57093978	57111617	9	0.878
c1e150da-77d6-4d00-bd15-9d263a0d1474	5	57111652	57211302	41	0.3731
c1e150da-77d6-4d00-bd15-9d263a0d1474	5	57215423	57544005	212	0.7581
c1e150da-77d6-4d00-bd15-9d263a0d1474	5	57545748	57810240	181	0.3815
c1e150da-77d6-4d00-bd15-9d263a0d1474	5	57811304	57897764	62	-0.2268
c1e150da-77d6-4d00-bd15-9d263a0d1474	5	57900729	58025819	100	0.3313
c1e150da-77d6-4d00-bd15-9d263a0d1474	5	58030200	58037706	32	1.5775
c1e150da-77d6-4d00-bd15-9d263a0d1474	5	58042530	58470087	328	0.3494
c1e150da-77d6-4d00-bd15-9d263a0d1474	5	58474049	58526655	36	0.7276
c1e150da-77d6-4d00-bd15-9d263a0d1474	5	58527651	58659637	75	0.3513
c1e150da-77d6-4d00-bd15-9d263a0d1474	5	58660999	58663305	24	-0.8939
c1e150da-77d6-4d00-bd15-9d263a0d1474	5	58663865	58882719	174	0.3682
c1e150da-77d6-4d00-bd15-9d263a0d1474	5	58892759	59097505	176	0.7745
c1e150da-77d6-4d00-bd15-9d263a0d1474	5	59098933	59195580	96	0.3859
c1e150da-77d6-4d00-bd15-9d263a0d1474	5	59195712	59514540	271	-0.2128
c1e150da-77d6-4d00-bd15-9d263a0d1474	5	59519537	59841962	223	0.323
c1e150da-77d6-4d00-bd15-9d263a0d1474	5	59844517	61104666	637	-0.1916
c1e150da-77d6-4d00-bd15-9d263a0d1474	5	61105615	61107557	3	-1.6302
c1e150da-77d6-4d00-bd15-9d263a0d1474	5	61111400	62001456	610	-0.218
c1e150da-77d6-4d00-bd15-9d263a0d1474	5	62002936	63070182	652	0.3215
c1e150da-77d6-4d00-bd15-9d263a0d1474	5	63071368	63384177	179	-0.2328
c1e150da-77d6-4d00-bd15-9d263a0d1474	5	63384743	64239447	445	0.4077
c1e150da-77d6-4d00-bd15-9d263a0d1474	5	64248865	64282955	21	-0.2137
c1e150da-77d6-4d00-bd15-9d263a0d1474	5	64283886	64794740	292	0.385
c1e150da-77d6-4d00-bd15-9d263a0d1474	5	64797954	65930106	645	-0.1885
c1e150da-77d6-4d00-bd15-9d263a0d1474	5	65931665	66363720	271	0.3687
c1e150da-77d6-4d00-bd15-9d263a0d1474	5	66366305	69550476	2108	-0.2104
c1e150da-77d6-4d00-bd15-9d263a0d1474	5	69571467	69822096	4	0.9931
c1e150da-77d6-4d00-bd15-9d263a0d1474	5	69822308	70959071	8	0.151
c1e150da-77d6-4d00-bd15-9d263a0d1474	5	70959073	70959079	5	1.0652
c1e150da-77d6-4d00-bd15-9d263a0d1474	5	71010832	78812085	4928	-0.2084
c1e150da-77d6-4d00-bd15-9d263a0d1474	5	78814168	78815348	2	-4.1416
c1e150da-77d6-4d00-bd15-9d263a0d1474	5	78819688	91318603	7092	-0.2106
c1e150da-77d6-4d00-bd15-9d263a0d1474	5	91321397	91325097	2	-3.1047
c1e150da-77d6-4d00-bd15-9d263a0d1474	5	91328710	99500868	4542	-0.1978
c1e150da-77d6-4d00-bd15-9d263a0d1474	5	99504170	99504922	2	-2.2937
c1e150da-77d6-4d00-bd15-9d263a0d1474	5	99508633	104546948	2942	-0.1728
c1e150da-77d6-4d00-bd15-9d263a0d1474	5	104546969	106895197	1373	0.3714
c1e150da-77d6-4d00-bd15-9d263a0d1474	5	106896815	106897416	13	0.9986
c1e150da-77d6-4d00-bd15-9d263a0d1474	5	106904875	150822643	28302	0.3756
c1e150da-77d6-4d00-bd15-9d263a0d1474	5	150825938	150839042	8	-2.7946
c1e150da-77d6-4d00-bd15-9d263a0d1474	5	150843825	176033084	17679	0.364
c1e150da-77d6-4d00-bd15-9d263a0d1474	5	176038686	176042504	2	2.448
c1e150da-77d6-4d00-bd15-9d263a0d1474	5	176043321	176657520	254	0.3462
c1e150da-77d6-4d00-bd15-9d263a0d1474	5	176658167	176659737	4	-0.8817
c1e150da-77d6-4d00-bd15-9d263a0d1474	5	176665468	176678539	12	0.4354
c1e150da-77d6-4d00-bd15-9d263a0d1474	5	176678584	176679429	3	-0.7325
c1e150da-77d6-4d00-bd15-9d263a0d1474	5	176682873	176707919	16	0.4402
c1e150da-77d6-4d00-bd15-9d263a0d1474	5	176708175	176710877	4	-0.6788
c1e150da-77d6-4d00-bd15-9d263a0d1474	5	176711246	177739139	426	0.3505
c1e150da-77d6-4d00-bd15-9d263a0d1474	5	177740962	177771448	3	1.9065
c1e150da-77d6-4d00-bd15-9d263a0d1474	5	177800550	177805604	3	-1.4595
c1e150da-77d6-4d00-bd15-9d263a0d1474	5	177827964	179677599	1068	0.3368
c1e150da-77d6-4d00-bd15-9d263a0d1474	5	179678006	179678151	4	1.6568
c1e150da-77d6-4d00-bd15-9d263a0d1474	5	179678266	180945168	716	0.3857
c1e150da-77d6-4d00-bd15-9d263a0d1474	5	180947484	180972373	9	-1.0743
c1e150da-77d6-4d00-bd15-9d263a0d1474	5	180975764	180991103	12	-0.433
c1e150da-77d6-4d00-bd15-9d263a0d1474	5	181006225	181363319	170	0.3929
c1e150da-77d6-4d00-bd15-9d263a0d1474	6	149661	254283	101	-0.168
c1e150da-77d6-4d00-bd15-9d263a0d1474	6	257353	380821	100	0.3418
c1e150da-77d6-4d00-bd15-9d263a0d1474	6	381149	722716	272	-0.2452
c1e150da-77d6-4d00-bd15-9d263a0d1474	6	722974	724957	4	-1.6338
c1e150da-77d6-4d00-bd15-9d263a0d1474	6	726515	1115662	379	-0.2297
c1e150da-77d6-4d00-bd15-9d263a0d1474	6	1116387	1123147	5	-1.4129
c1e150da-77d6-4d00-bd15-9d263a0d1474	6	1123253	2604486	1148	-0.2203
c1e150da-77d6-4d00-bd15-9d263a0d1474	6	2604964	2608562	2	-2.2668
c1e150da-77d6-4d00-bd15-9d263a0d1474	6	2608761	6025978	2815	-0.2242
c1e150da-77d6-4d00-bd15-9d263a0d1474	6	6033698	6034203	3	-3.4782
c1e150da-77d6-4d00-bd15-9d263a0d1474	6	6036812	10473506	3447	-0.2202
c1e150da-77d6-4d00-bd15-9d263a0d1474	6	10474607	10478209	5	0.9887
c1e150da-77d6-4d00-bd15-9d263a0d1474	6	10478619	19042587	6453	-0.2133
c1e150da-77d6-4d00-bd15-9d263a0d1474	6	19044471	19050511	7	1.0931
c1e150da-77d6-4d00-bd15-9d263a0d1474	6	19050737	29869411	6849	-0.2129
c1e150da-77d6-4d00-bd15-9d263a0d1474	6	29869537	29869681	2	-2.3873
c1e150da-77d6-4d00-bd15-9d263a0d1474	6	29869700	30449682	296	-0.2276
c1e150da-77d6-4d00-bd15-9d263a0d1474	6	30455138	30455340	2	-2.4542
c1e150da-77d6-4d00-bd15-9d263a0d1474	6	30462743	32444815	862	-0.1981
c1e150da-77d6-4d00-bd15-9d263a0d1474	6	32459971	32735385	134	-0.4326
c1e150da-77d6-4d00-bd15-9d263a0d1474	6	32743878	36968921	2428	-0.2045
c1e150da-77d6-4d00-bd15-9d263a0d1474	6	36969871	36970022	2	-2.0022
c1e150da-77d6-4d00-bd15-9d263a0d1474	6	36970415	38421922	966	-0.2099
c1e150da-77d6-4d00-bd15-9d263a0d1474	6	38424030	38433925	4	-1.3937
c1e150da-77d6-4d00-bd15-9d263a0d1474	6	38434845	56932884	11984	-0.2221
c1e150da-77d6-4d00-bd15-9d263a0d1474	6	56948388	60908261	594	-0.1523
c1e150da-77d6-4d00-bd15-9d263a0d1474	6	60910478	60910849	2	-1.7015
c1e150da-77d6-4d00-bd15-9d263a0d1474	6	60913145	61811425	370	-0.1121
c1e150da-77d6-4d00-bd15-9d263a0d1474	6	61813251	65000836	1714	-0.2038
c1e150da-77d6-4d00-bd15-9d263a0d1474	6	65001506	65007491	4	-1.2373
c1e150da-77d6-4d00-bd15-9d263a0d1474	6	65021673	65679198	453	-0.1824
c1e150da-77d6-4d00-bd15-9d263a0d1474	6	65679268	65692978	15	0.335
c1e150da-77d6-4d00-bd15-9d263a0d1474	6	65693033	66279165	379	-0.2354
c1e150da-77d6-4d00-bd15-9d263a0d1474	6	66281941	66392825	110	0.0799
c1e150da-77d6-4d00-bd15-9d263a0d1474	6	66395583	71015111	3060	-0.1897
c1e150da-77d6-4d00-bd15-9d263a0d1474	6	71016836	71017016	2	-1.846
c1e150da-77d6-4d00-bd15-9d263a0d1474	6	71017861	76305231	3364	-0.195
c1e150da-77d6-4d00-bd15-9d263a0d1474	6	76307183	76307209	3	1.2589
c1e150da-77d6-4d00-bd15-9d263a0d1474	6	76307276	76726442	294	-0.1684
c1e150da-77d6-4d00-bd15-9d263a0d1474	6	76726815	76742924	19	-1.0603
c1e150da-77d6-4d00-bd15-9d263a0d1474	6	76742956	78253157	978	-0.2132
c1e150da-77d6-4d00-bd15-9d263a0d1474	6	78253172	78322875	110	-0.9012
c1e150da-77d6-4d00-bd15-9d263a0d1474	6	78325223	80874297	1664	-0.2119
c1e150da-77d6-4d00-bd15-9d263a0d1474	6	80875005	80911590	33	-1.0814
c1e150da-77d6-4d00-bd15-9d263a0d1474	6	80922705	81699049	538	-0.2044
c1e150da-77d6-4d00-bd15-9d263a0d1474	6	81700080	81712003	14	0.2539
c1e150da-77d6-4d00-bd15-9d263a0d1474	6	81715754	82022608	212	-0.2151
c1e150da-77d6-4d00-bd15-9d263a0d1474	6	82027440	82036882	4	-1.3749
c1e150da-77d6-4d00-bd15-9d263a0d1474	6	82037980	92866214	6761	-0.1982
c1e150da-77d6-4d00-bd15-9d263a0d1474	6	92866382	92868912	27	-0.8489
c1e150da-77d6-4d00-bd15-9d263a0d1474	6	92873205	103280350	6188	-0.2004
c1e150da-77d6-4d00-bd15-9d263a0d1474	6	103282618	103314186	54	0.6664
c1e150da-77d6-4d00-bd15-9d263a0d1474	6	103317795	121197655	10881	-0.1994
c1e150da-77d6-4d00-bd15-9d263a0d1474	6	121200760	121202909	5	-1.5632
c1e150da-77d6-4d00-bd15-9d263a0d1474	6	121205634	129067386	4753	-0.2059
c1e150da-77d6-4d00-bd15-9d263a0d1474	6	129067741	129082749	16	-0.9291
c1e150da-77d6-4d00-bd15-9d263a0d1474	6	129083943	158219339	19504	-0.196
c1e150da-77d6-4d00-bd15-9d263a0d1474	6	158219370	158219477	2	2.2025
c1e150da-77d6-4d00-bd15-9d263a0d1474	6	158219955	160540043	1596	-0.2085
c1e150da-77d6-4d00-bd15-9d263a0d1474	6	160541471	160541594	2	-1.7308
c1e150da-77d6-4d00-bd15-9d263a0d1474	6	160543620	162075640	1234	-0.2077
c1e150da-77d6-4d00-bd15-9d263a0d1474	6	162075756	162076799	7	-1.0438
c1e150da-77d6-4d00-bd15-9d263a0d1474	6	162076944	162152962	64	-0.0165
c1e150da-77d6-4d00-bd15-9d263a0d1474	6	162154189	162154267	2	-2.1193
c1e150da-77d6-4d00-bd15-9d263a0d1474	6	162154482	167989043	4147	-0.2201
c1e150da-77d6-4d00-bd15-9d263a0d1474	6	167989168	167989221	2	-2.2228
c1e150da-77d6-4d00-bd15-9d263a0d1474	6	167992526	170741917	1820	-0.2478
c1e150da-77d6-4d00-bd15-9d263a0d1474	7	43355	38244598	27277	-0.2073
c1e150da-77d6-4d00-bd15-9d263a0d1474	7	38246926	38361356	129	0.0796
c1e150da-77d6-4d00-bd15-9d263a0d1474	7	38362895	41423672	1990	-0.2131
c1e150da-77d6-4d00-bd15-9d263a0d1474	7	41424240	41424585	3	-1.6426
c1e150da-77d6-4d00-bd15-9d263a0d1474	7	41427675	43236829	1298	-0.2097
c1e150da-77d6-4d00-bd15-9d263a0d1474	7	43243207	43263085	15	-0.8794
c1e150da-77d6-4d00-bd15-9d263a0d1474	7	43263185	49880311	4355	-0.225
c1e150da-77d6-4d00-bd15-9d263a0d1474	7	49883473	49884724	4	0.9917
c1e150da-77d6-4d00-bd15-9d263a0d1474	7	49889323	57214773	4982	-0.2255
c1e150da-77d6-4d00-bd15-9d263a0d1474	7	57216082	63510457	663	-0.1066
c1e150da-77d6-4d00-bd15-9d263a0d1474	7	63523944	71558892	4206	-0.245
c1e150da-77d6-4d00-bd15-9d263a0d1474	7	71568852	71820815	171	0.1931
c1e150da-77d6-4d00-bd15-9d263a0d1474	7	71823976	79178868	3215	-0.2247
c1e150da-77d6-4d00-bd15-9d263a0d1474	7	79182931	79215581	40	0.1663
c1e150da-77d6-4d00-bd15-9d263a0d1474	7	79216529	109793690	18414	-0.2125
c1e150da-77d6-4d00-bd15-9d263a0d1474	7	109793720	109813705	34	0.2599
c1e150da-77d6-4d00-bd15-9d263a0d1474	7	109813746	110654907	585	-0.2145
c1e150da-77d6-4d00-bd15-9d263a0d1474	7	110654919	110662318	5	0.5286
c1e150da-77d6-4d00-bd15-9d263a0d1474	7	110663471	111172930	313	-0.2256
c1e150da-77d6-4d00-bd15-9d263a0d1474	7	111177015	111636854	299	-0.0415
c1e150da-77d6-4d00-bd15-9d263a0d1474	7	111638221	111670103	12	0.504
c1e150da-77d6-4d00-bd15-9d263a0d1474	7	111670950	118491626	4111	-0.2058
c1e150da-77d6-4d00-bd15-9d263a0d1474	7	118495687	118519495	14	-1.2292
c1e150da-77d6-4d00-bd15-9d263a0d1474	7	118520678	119513204	527	-0.2077
c1e150da-77d6-4d00-bd15-9d263a0d1474	7	119513288	119520374	8	0.616
c1e150da-77d6-4d00-bd15-9d263a0d1474	7	119521006	126406113	4143	-0.225
c1e150da-77d6-4d00-bd15-9d263a0d1474	7	126406435	126406561	4	-1.7322
c1e150da-77d6-4d00-bd15-9d263a0d1474	7	126406822	134093899	4691	-0.2119
c1e150da-77d6-4d00-bd15-9d263a0d1474	7	134100424	134101035	12	-0.8623
c1e150da-77d6-4d00-bd15-9d263a0d1474	7	134101043	142063324	5205	-0.2179
c1e150da-77d6-4d00-bd15-9d263a0d1474	7	142069843	142070732	7	-1.9829
c1e150da-77d6-4d00-bd15-9d263a0d1474	7	142070827	142081713	4	-5.2522
c1e150da-77d6-4d00-bd15-9d263a0d1474	7	142081975	142092307	23	-2.286
c1e150da-77d6-4d00-bd15-9d263a0d1474	7	142099190	159334314	10837	-0.218
c1e150da-77d6-4d00-bd15-9d263a0d1474	8	81254	643041	322	0.8231
c1e150da-77d6-4d00-bd15-9d263a0d1474	8	644944	656356	12	-0.2441
c1e150da-77d6-4d00-bd15-9d263a0d1474	8	656452	2363253	1296	0.7686
c1e150da-77d6-4d00-bd15-9d263a0d1474	8	2363464	2497352	68	1.131
c1e150da-77d6-4d00-bd15-9d263a0d1474	8	2499690	2891346	393	0.7995
c1e150da-77d6-4d00-bd15-9d263a0d1474	8	2892679	2892774	2	2.4795
c1e150da-77d6-4d00-bd15-9d263a0d1474	8	2893240	3519507	659	0.7366
c1e150da-77d6-4d00-bd15-9d263a0d1474	8	3521518	3527044	12	-0.1459
c1e150da-77d6-4d00-bd15-9d263a0d1474	8	3527222	3912464	572	0.767
c1e150da-77d6-4d00-bd15-9d263a0d1474	8	3912594	3932345	26	0.3457
c1e150da-77d6-4d00-bd15-9d263a0d1474	8	3932399	4123091	300	0.7519
c1e150da-77d6-4d00-bd15-9d263a0d1474	8	4123120	5596854	2113	0.8332
c1e150da-77d6-4d00-bd15-9d263a0d1474	8	5601492	5602818	7	-0.177
c1e150da-77d6-4d00-bd15-9d263a0d1474	8	5603233	5914950	412	0.8524
c1e150da-77d6-4d00-bd15-9d263a0d1474	8	5915065	5917813	5	-0.2109
c1e150da-77d6-4d00-bd15-9d263a0d1474	8	5918594	6210888	442	0.8362
c1e150da-77d6-4d00-bd15-9d263a0d1474	8	6211055	6211594	7	-0.3517
c1e150da-77d6-4d00-bd15-9d263a0d1474	8	6213773	6224397	39	0.9449
c1e150da-77d6-4d00-bd15-9d263a0d1474	8	6224580	6225688	10	0.1627
c1e150da-77d6-4d00-bd15-9d263a0d1474	8	6225788	6377993	214	0.9217
c1e150da-77d6-4d00-bd15-9d263a0d1474	8	6378028	6968330	693	0.7282
c1e150da-77d6-4d00-bd15-9d263a0d1474	8	6968741	7598502	144	0.4713
c1e150da-77d6-4d00-bd15-9d263a0d1474	8	7775900	8007744	17	1.1765
c1e150da-77d6-4d00-bd15-9d263a0d1474	8	8078333	12035719	3218	0.7842
c1e150da-77d6-4d00-bd15-9d263a0d1474	8	12037736	12176798	9	1.4247
c1e150da-77d6-4d00-bd15-9d263a0d1474	8	12177488	12389977	30	-1.2287
c1e150da-77d6-4d00-bd15-9d263a0d1474	8	12418301	12555293	10	0.2669
c1e150da-77d6-4d00-bd15-9d263a0d1474	8	12561014	13679859	975	0.7623
c1e150da-77d6-4d00-bd15-9d263a0d1474	8	13682337	13682977	3	2.0374
c1e150da-77d6-4d00-bd15-9d263a0d1474	8	13685946	16339682	2487	0.7607
c1e150da-77d6-4d00-bd15-9d263a0d1474	8	16349445	16349614	8	-1.4952
c1e150da-77d6-4d00-bd15-9d263a0d1474	8	16354575	16404726	48	0.8661
c1e150da-77d6-4d00-bd15-9d263a0d1474	8	16404738	16417152	27	-0.1348
c1e150da-77d6-4d00-bd15-9d263a0d1474	8	16421186	25117062	6841	0.766
c1e150da-77d6-4d00-bd15-9d263a0d1474	8	25117985	25126708	21	1.4547
c1e150da-77d6-4d00-bd15-9d263a0d1474	8	25126735	39368524	8979	0.7613
c1e150da-77d6-4d00-bd15-9d263a0d1474	8	39368830	39522148	58	1.3188
c1e150da-77d6-4d00-bd15-9d263a0d1474	8	39526605	40326278	595	0.7391
c1e150da-77d6-4d00-bd15-9d263a0d1474	8	40326280	40331963	31	-0.2438
c1e150da-77d6-4d00-bd15-9d263a0d1474	8	40331978	50118212	3961	0.7563
c1e150da-77d6-4d00-bd15-9d263a0d1474	8	50119451	50119827	8	-1.6201
c1e150da-77d6-4d00-bd15-9d263a0d1474	8	50126018	69294368	12062	0.7807
c1e150da-77d6-4d00-bd15-9d263a0d1474	8	69295362	69299436	9	-0.1384
c1e150da-77d6-4d00-bd15-9d263a0d1474	8	69302872	71298513	1195	0.7653
c1e150da-77d6-4d00-bd15-9d263a0d1474	8	71299946	71300130	2	-1.4623
c1e150da-77d6-4d00-bd15-9d263a0d1474	8	71303076	114619207	25864	0.7825
c1e150da-77d6-4d00-bd15-9d263a0d1474	8	114619814	114629340	33	-0.014
c1e150da-77d6-4d00-bd15-9d263a0d1474	8	114629356	133158243	13014	0.7782
c1e150da-77d6-4d00-bd15-9d263a0d1474	8	133160540	133161027	9	1.6285
c1e150da-77d6-4d00-bd15-9d263a0d1474	8	133161042	133166762	12	0.7929
c1e150da-77d6-4d00-bd15-9d263a0d1474	8	133166859	133167797	7	1.595
c1e150da-77d6-4d00-bd15-9d263a0d1474	8	133167894	141066291	6243	0.7621
c1e150da-77d6-4d00-bd15-9d263a0d1474	8	141069730	141090415	13	0.0645
c1e150da-77d6-4d00-bd15-9d263a0d1474	8	141093670	143222462	1076	0.7403
c1e150da-77d6-4d00-bd15-9d263a0d1474	8	143227585	143228447	10	-0.1096
c1e150da-77d6-4d00-bd15-9d263a0d1474	8	143232207	145072769	630	0.7677
c1e150da-77d6-4d00-bd15-9d263a0d1474	9	46587	641751	568	-0.2533
c1e150da-77d6-4d00-bd15-9d263a0d1474	9	646036	646656	5	-2.5305
c1e150da-77d6-4d00-bd15-9d263a0d1474	9	648732	1073696	462	-0.2395
c1e150da-77d6-4d00-bd15-9d263a0d1474	9	1075173	1460019	442	-0.0885
c1e150da-77d6-4d00-bd15-9d263a0d1474	9	1460365	3131211	1848	-0.2161
c1e150da-77d6-4d00-bd15-9d263a0d1474	9	3131882	3137759	9	0.7029
c1e150da-77d6-4d00-bd15-9d263a0d1474	9	3137952	3159793	17	-0.2728
c1e150da-77d6-4d00-bd15-9d263a0d1474	9	3160292	3160565	2	-2.4739
c1e150da-77d6-4d00-bd15-9d263a0d1474	9	3168100	11967994	7843	-0.1835
c1e150da-77d6-4d00-bd15-9d263a0d1474	9	11975285	11975492	3	-2.1476
c1e150da-77d6-4d00-bd15-9d263a0d1474	9	11978913	22492890	8578	-0.2123
c1e150da-77d6-4d00-bd15-9d263a0d1474	9	22501914	22502700	2	-3.7253
c1e150da-77d6-4d00-bd15-9d263a0d1474	9	22509341	23361807	578	-0.206
c1e150da-77d6-4d00-bd15-9d263a0d1474	9	23363117	23373486	8	-1.8339
c1e150da-77d6-4d00-bd15-9d263a0d1474	9	23378490	28092893	3578	-0.1969
c1e150da-77d6-4d00-bd15-9d263a0d1474	9	28093234	28094177	4	-6.4836
c1e150da-77d6-4d00-bd15-9d263a0d1474	9	28094216	39455364	7103	-0.2112
c1e150da-77d6-4d00-bd15-9d263a0d1474	9	39455596	39588611	25	0.3535
c1e150da-77d6-4d00-bd15-9d263a0d1474	9	39747848	39840169	5	1.8859
c1e150da-77d6-4d00-bd15-9d263a0d1474	9	40018947	41571860	85	-0.0646
c1e150da-77d6-4d00-bd15-9d263a0d1474	9	41635766	61992642	154	0.3395
c1e150da-77d6-4d00-bd15-9d263a0d1474	9	62527527	63405715	14	-0.8346
c1e150da-77d6-4d00-bd15-9d263a0d1474	9	63555706	63580418	8	0.0257
c1e150da-77d6-4d00-bd15-9d263a0d1474	9	63590317	63592813	7	2.3264
c1e150da-77d6-4d00-bd15-9d263a0d1474	9	63614182	64510407	58	-0.0602
c1e150da-77d6-4d00-bd15-9d263a0d1474	9	64520620	64672853	9	1.5355
c1e150da-77d6-4d00-bd15-9d263a0d1474	9	64794598	66084268	22	0.0944
c1e150da-77d6-4d00-bd15-9d263a0d1474	9	66103744	69413658	902	-0.218
c1e150da-77d6-4d00-bd15-9d263a0d1474	9	69420283	69434112	16	1.141
c1e150da-77d6-4d00-bd15-9d263a0d1474	9	69434688	79862676	7475	-0.2179
c1e150da-77d6-4d00-bd15-9d263a0d1474	9	79862908	79863278	2	-2.9573
c1e150da-77d6-4d00-bd15-9d263a0d1474	9	79863585	138200944	39370	-0.2193
c1e150da-77d6-4d00-bd15-9d263a0d1474	10	45792	5609800	4767	-0.212
c1e150da-77d6-4d00-bd15-9d263a0d1474	10	5610055	5641864	19	-0.8904
c1e150da-77d6-4d00-bd15-9d263a0d1474	10	5650402	24083376	14360	-0.215
c1e150da-77d6-4d00-bd15-9d263a0d1474	10	24083828	24088753	9	0.8871
c1e150da-77d6-4d00-bd15-9d263a0d1474	10	24088989	46331850	12428	-0.2219
c1e150da-77d6-4d00-bd15-9d263a0d1474	10	46331879	46545913	36	0.3172
c1e150da-77d6-4d00-bd15-9d263a0d1474	10	46552712	55145308	5476	-0.2055
c1e150da-77d6-4d00-bd15-9d263a0d1474	10	55145471	56028329	603	-0.1012
c1e150da-77d6-4d00-bd15-9d263a0d1474	10	56029906	56750971	464	-0.203
c1e150da-77d6-4d00-bd15-9d263a0d1474	10	56751684	56773005	53	0.1017
c1e150da-77d6-4d00-bd15-9d263a0d1474	10	56773229	65540316	6086	-0.2224
c1e150da-77d6-4d00-bd15-9d263a0d1474	10	65545311	65565695	37	0.3136
c1e150da-77d6-4d00-bd15-9d263a0d1474	10	65566308	65569648	7	-0.4348
c1e150da-77d6-4d00-bd15-9d263a0d1474	10	65571741	65576730	5	-1.1976
c1e150da-77d6-4d00-bd15-9d263a0d1474	10	65580420	66286025	579	-0.2273
c1e150da-77d6-4d00-bd15-9d263a0d1474	10	66287302	66783618	357	-0.0784
c1e150da-77d6-4d00-bd15-9d263a0d1474	10	66783672	79624118	8250	-0.2338
c1e150da-77d6-4d00-bd15-9d263a0d1474	10	79624128	79624129	2	-2.3795
c1e150da-77d6-4d00-bd15-9d263a0d1474	10	79625643	87269486	5193	-0.2306
c1e150da-77d6-4d00-bd15-9d263a0d1474	10	87278584	87335788	11	0.5142
c1e150da-77d6-4d00-bd15-9d263a0d1474	10	87348659	105911087	11596	-0.2114
c1e150da-77d6-4d00-bd15-9d263a0d1474	10	105911210	105920183	19	0.4334
c1e150da-77d6-4d00-bd15-9d263a0d1474	10	105920301	122584593	12180	-0.2269
c1e150da-77d6-4d00-bd15-9d263a0d1474	10	122584707	122591497	5	-1.6092
c1e150da-77d6-4d00-bd15-9d263a0d1474	10	122597296	133654968	7877	-0.2413
c1e150da-77d6-4d00-bd15-9d263a0d1474	11	198510	297801	56	-0.2564
c1e150da-77d6-4d00-bd15-9d263a0d1474	11	297970	309508	5	-1.5028
c1e150da-77d6-4d00-bd15-9d263a0d1474	11	309746	3457151	1227	-0.2609
c1e150da-77d6-4d00-bd15-9d263a0d1474	11	3465494	3467311	4	-1.8703
c1e150da-77d6-4d00-bd15-9d263a0d1474	11	3485296	4215479	437	-0.2533
c1e150da-77d6-4d00-bd15-9d263a0d1474	11	4217176	4369227	40	0.1963
c1e150da-77d6-4d00-bd15-9d263a0d1474	11	4370044	4946166	641	-0.2147
c1e150da-77d6-4d00-bd15-9d263a0d1474	11	4946420	4954475	29	0.3902
c1e150da-77d6-4d00-bd15-9d263a0d1474	11	4955027	5186788	187	-0.2486
c1e150da-77d6-4d00-bd15-9d263a0d1474	11	5186944	5192046	10	0.5335
c1e150da-77d6-4d00-bd15-9d263a0d1474	11	5192235	5757241	572	-0.2288
c1e150da-77d6-4d00-bd15-9d263a0d1474	11	5757293	5787110	39	0.1945
c1e150da-77d6-4d00-bd15-9d263a0d1474	11	5787146	9626790	2661	-0.2143
c1e150da-77d6-4d00-bd15-9d263a0d1474	11	9627174	9627245	2	-2.1211
c1e150da-77d6-4d00-bd15-9d263a0d1474	11	9630128	18928121	6734	-0.2363
c1e150da-77d6-4d00-bd15-9d263a0d1474	11	18928175	18940441	39	0.4649
c1e150da-77d6-4d00-bd15-9d263a0d1474	11	18940469	21162819	2024	-0.2462
c1e150da-77d6-4d00-bd15-9d263a0d1474	11	21165449	21190440	43	0.0909
c1e150da-77d6-4d00-bd15-9d263a0d1474	11	21190531	25115183	2798	-0.2233
c1e150da-77d6-4d00-bd15-9d263a0d1474	11	25115211	25274944	137	0.0075
c1e150da-77d6-4d00-bd15-9d263a0d1474	11	25274945	33309703	5276	-0.2282
c1e150da-77d6-4d00-bd15-9d263a0d1474	11	33311154	33385425	42	0.1619
c1e150da-77d6-4d00-bd15-9d263a0d1474	11	33391158	36953879	2961	-0.2117
c1e150da-77d6-4d00-bd15-9d263a0d1474	11	36954020	37500561	380	-0.0497
c1e150da-77d6-4d00-bd15-9d263a0d1474	11	37501398	38432871	549	-0.2161
c1e150da-77d6-4d00-bd15-9d263a0d1474	11	38436398	38441637	16	-1.3301
c1e150da-77d6-4d00-bd15-9d263a0d1474	11	38445786	50300152	7003	-0.2334
c1e150da-77d6-4d00-bd15-9d263a0d1474	11	50302514	55595864	472	-0.1139
c1e150da-77d6-4d00-bd15-9d263a0d1474	11	55606556	55685533	59	0.2736
c1e150da-77d6-4d00-bd15-9d263a0d1474	11	55686100	56257482	406	-0.1013
c1e150da-77d6-4d00-bd15-9d263a0d1474	11	56260226	135074876	51737	-0.2243
c1e150da-77d6-4d00-bd15-9d263a0d1474	12	51460	8404097	5581	0.3632
c1e150da-77d6-4d00-bd15-9d263a0d1474	12	8405892	8432076	18	1.5599
c1e150da-77d6-4d00-bd15-9d263a0d1474	12	8442298	9466572	549	0.3655
c1e150da-77d6-4d00-bd15-9d263a0d1474	12	9467109	9481274	8	-0.1545
c1e150da-77d6-4d00-bd15-9d263a0d1474	12	9485313	9575696	23	-1.4723
c1e150da-77d6-4d00-bd15-9d263a0d1474	12	9582373	9587750	14	0.4342
c1e150da-77d6-4d00-bd15-9d263a0d1474	12	9590690	9590931	2	1.9427
c1e150da-77d6-4d00-bd15-9d263a0d1474	12	9591203	10761909	825	0.409
c1e150da-77d6-4d00-bd15-9d263a0d1474	12	10762760	10762948	2	-1.2035
c1e150da-77d6-4d00-bd15-9d263a0d1474	12	10762998	11068125	190	0.3864
c1e150da-77d6-4d00-bd15-9d263a0d1474	12	11070111	11088933	9	-0.3236
c1e150da-77d6-4d00-bd15-9d263a0d1474	12	11099275	11358644	132	0.5001
c1e150da-77d6-4d00-bd15-9d263a0d1474	12	11359558	11390472	29	-0.8861
c1e150da-77d6-4d00-bd15-9d263a0d1474	12	11399258	22095740	7260	0.3595
c1e150da-77d6-4d00-bd15-9d263a0d1474	12	22095754	22096195	8	-1.034
c1e150da-77d6-4d00-bd15-9d263a0d1474	12	22096272	33136024	8064	0.3646
c1e150da-77d6-4d00-bd15-9d263a0d1474	12	33137723	33252392	93	0.6538
c1e150da-77d6-4d00-bd15-9d263a0d1474	12	33254039	99401515	39168	0.3634
c1e150da-77d6-4d00-bd15-9d263a0d1474	12	99401690	99404956	30	-0.5656
c1e150da-77d6-4d00-bd15-9d263a0d1474	12	99409315	99607574	132	0.376
c1e150da-77d6-4d00-bd15-9d263a0d1474	12	99608908	99665236	33	0.6605
c1e150da-77d6-4d00-bd15-9d263a0d1474	12	99669398	116252303	11140	0.3554
c1e150da-77d6-4d00-bd15-9d263a0d1474	12	116255631	120702073	2910	0.3119
c1e150da-77d6-4d00-bd15-9d263a0d1474	12	120702825	127511714	4300	0.353
c1e150da-77d6-4d00-bd15-9d263a0d1474	12	127512471	127524116	11	1.0699
c1e150da-77d6-4d00-bd15-9d263a0d1474	12	127526539	127784079	195	0.3729
c1e150da-77d6-4d00-bd15-9d263a0d1474	12	127785458	127789789	6	1.3967
c1e150da-77d6-4d00-bd15-9d263a0d1474	12	127790649	128129593	293	0.403
c1e150da-77d6-4d00-bd15-9d263a0d1474	12	128132716	128132933	2	-1.2513
c1e150da-77d6-4d00-bd15-9d263a0d1474	12	128133294	128250393	121	0.3563
c1e150da-77d6-4d00-bd15-9d263a0d1474	12	128252363	128252472	3	1.5829
c1e150da-77d6-4d00-bd15-9d263a0d1474	12	128253076	129312094	983	0.3424
c1e150da-77d6-4d00-bd15-9d263a0d1474	12	129312264	130663412	1179	0.4325
c1e150da-77d6-4d00-bd15-9d263a0d1474	12	130663661	130665614	17	-0.5642
c1e150da-77d6-4d00-bd15-9d263a0d1474	12	130665824	133201603	1335	0.345
c1e150da-77d6-4d00-bd15-9d263a0d1474	13	18452809	18549355	9	0.7501
c1e150da-77d6-4d00-bd15-9d263a0d1474	13	18561151	18652488	21	0.1761
c1e150da-77d6-4d00-bd15-9d263a0d1474	13	18652580	20429648	1008	-0.1893
c1e150da-77d6-4d00-bd15-9d263a0d1474	13	20432557	20432732	2	-2.0968
c1e150da-77d6-4d00-bd15-9d263a0d1474	13	20433863	31957331	8492	-0.211
c1e150da-77d6-4d00-bd15-9d263a0d1474	13	31957431	31957984	6	0.1921
c1e150da-77d6-4d00-bd15-9d263a0d1474	13	31958485	31964286	18	-1.2637
c1e150da-77d6-4d00-bd15-9d263a0d1474	13	31965910	37496998	3891	-0.2239
c1e150da-77d6-4d00-bd15-9d263a0d1474	13	37497899	37510620	16	-1.002
c1e150da-77d6-4d00-bd15-9d263a0d1474	13	37514193	105720747	44406	-0.2054
c1e150da-77d6-4d00-bd15-9d263a0d1474	13	105723779	105725845	4	1.1637
c1e150da-77d6-4d00-bd15-9d263a0d1474	13	105727398	114342922	6100	-0.2236
c1e150da-77d6-4d00-bd15-9d263a0d1474	14	18239283	19280948	44	0.1615
c1e150da-77d6-4d00-bd15-9d263a0d1474	14	19289821	19926968	106	-0.5958
c1e150da-77d6-4d00-bd15-9d263a0d1474	14	19932561	21926607	1374	-0.208
c1e150da-77d6-4d00-bd15-9d263a0d1474	14	21928047	22509594	506	0.0082
c1e150da-77d6-4d00-bd15-9d263a0d1474	14	22509777	73529070	32093	-0.2122
c1e150da-77d6-4d00-bd15-9d263a0d1474	14	73534419	73578688	18	0.492
c1e150da-77d6-4d00-bd15-9d263a0d1474	14	73583560	73589769	3	-1.4256
c1e150da-77d6-4d00-bd15-9d263a0d1474	14	73589827	106258891	20779	-0.22
c1e150da-77d6-4d00-bd15-9d263a0d1474	14	106260759	106290131	13	-0.7213
c1e150da-77d6-4d00-bd15-9d263a0d1474	14	106290365	106300266	9	0.752
c1e150da-77d6-4d00-bd15-9d263a0d1474	14	106300707	106345838	17	-0.0866
c1e150da-77d6-4d00-bd15-9d263a0d1474	14	106346115	106346129	2	-2.2919
c1e150da-77d6-4d00-bd15-9d263a0d1474	14	106360014	106416146	30	-0.2934
c1e150da-77d6-4d00-bd15-9d263a0d1474	14	106418444	106462169	48	-0.808
c1e150da-77d6-4d00-bd15-9d263a0d1474	14	106462183	106689547	116	-0.1445
c1e150da-77d6-4d00-bd15-9d263a0d1474	14	106696326	106770361	12	-1.068
c1e150da-77d6-4d00-bd15-9d263a0d1474	14	106775945	106877229	68	-0.1701
c1e150da-77d6-4d00-bd15-9d263a0d1474	15	19811075	20056983	49	-0.1404
c1e150da-77d6-4d00-bd15-9d263a0d1474	15	20059033	22595648	167	0.2173
c1e150da-77d6-4d00-bd15-9d263a0d1474	15	22606745	25224912	1505	-0.226
c1e150da-77d6-4d00-bd15-9d263a0d1474	15	25225931	25230670	5	-1.4378
c1e150da-77d6-4d00-bd15-9d263a0d1474	15	25234008	27671788	1835	-0.2407
c1e150da-77d6-4d00-bd15-9d263a0d1474	15	27673477	27682660	14	-1.024
c1e150da-77d6-4d00-bd15-9d263a0d1474	15	27683648	30297594	1259	-0.2282
c1e150da-77d6-4d00-bd15-9d263a0d1474	15	30300815	30500366	12	-1.6884
c1e150da-77d6-4d00-bd15-9d263a0d1474	15	30503586	32179735	1045	-0.2093
c1e150da-77d6-4d00-bd15-9d263a0d1474	15	32212063	32307601	16	-1.5267
c1e150da-77d6-4d00-bd15-9d263a0d1474	15	32323432	34453518	1505	-0.2419
c1e150da-77d6-4d00-bd15-9d263a0d1474	15	34453577	34454261	2	-1.9107
c1e150da-77d6-4d00-bd15-9d263a0d1474	15	34455142	54836101	12648	-0.2211
c1e150da-77d6-4d00-bd15-9d263a0d1474	15	54837774	54845408	19	-1.7323
c1e150da-77d6-4d00-bd15-9d263a0d1474	15	54847092	56495478	980	-0.2473
c1e150da-77d6-4d00-bd15-9d263a0d1474	15	56495511	56521208	37	0.2247
c1e150da-77d6-4d00-bd15-9d263a0d1474	15	56528713	76598900	12717	-0.2268
c1e150da-77d6-4d00-bd15-9d263a0d1474	15	76599170	76603434	21	0.3804
c1e150da-77d6-4d00-bd15-9d263a0d1474	15	76609838	97834400	14560	-0.2187
c1e150da-77d6-4d00-bd15-9d263a0d1474	15	97834414	97836887	3	-2.0414
c1e150da-77d6-4d00-bd15-9d263a0d1474	15	97838532	99782419	1371	-0.231
c1e150da-77d6-4d00-bd15-9d263a0d1474	15	99786862	99799126	6	-1.0718
c1e150da-77d6-4d00-bd15-9d263a0d1474	15	99814289	99977198	117	-0.1629
c1e150da-77d6-4d00-bd15-9d263a0d1474	15	99980815	99988744	11	-0.969
c1e150da-77d6-4d00-bd15-9d263a0d1474	15	99989446	101928837	1491	-0.2019
c1e150da-77d6-4d00-bd15-9d263a0d1474	16	10777	5949017	3083	0.3298
c1e150da-77d6-4d00-bd15-9d263a0d1474	16	5955852	5956498	2	-1.6998
c1e150da-77d6-4d00-bd15-9d263a0d1474	16	5961339	6577458	746	0.3305
c1e150da-77d6-4d00-bd15-9d263a0d1474	16	6582487	7296095	957	0.461
c1e150da-77d6-4d00-bd15-9d263a0d1474	16	7296097	21335799	9560	0.3359
c1e150da-77d6-4d00-bd15-9d263a0d1474	16	21336298	22734077	504	0.4789
c1e150da-77d6-4d00-bd15-9d263a0d1474	16	22734107	32169655	5085	0.3386
c1e150da-77d6-4d00-bd15-9d263a0d1474	16	32197425	32198553	2	-2.0848
c1e150da-77d6-4d00-bd15-9d263a0d1474	16	32198778	35101611	105	0.4022
c1e150da-77d6-4d00-bd15-9d263a0d1474	16	35102363	35102486	2	-1.5987
c1e150da-77d6-4d00-bd15-9d263a0d1474	16	35104875	70117657	15594	0.3372
c1e150da-77d6-4d00-bd15-9d263a0d1474	16	70118419	70163864	11	-0.5288
c1e150da-77d6-4d00-bd15-9d263a0d1474	16	70164427	74346075	2298	0.335
c1e150da-77d6-4d00-bd15-9d263a0d1474	16	74350360	74431616	12	-0.3431
c1e150da-77d6-4d00-bd15-9d263a0d1474	16	74432668	78342480	3199	0.3316
c1e150da-77d6-4d00-bd15-9d263a0d1474	16	78342814	78343631	5	1.5353
c1e150da-77d6-4d00-bd15-9d263a0d1474	16	78345778	90096867	10590	0.3403
c1e150da-77d6-4d00-bd15-9d263a0d1474	17	150733	718345	310	0.7663
c1e150da-77d6-4d00-bd15-9d263a0d1474	17	719257	722334	4	-1.249
c1e150da-77d6-4d00-bd15-9d263a0d1474	17	722950	959009	131	0.8466
c1e150da-77d6-4d00-bd15-9d263a0d1474	17	960285	15195002	9281	0.7547
c1e150da-77d6-4d00-bd15-9d263a0d1474	17	15195256	15685870	267	0.9028
c1e150da-77d6-4d00-bd15-9d263a0d1474	17	15686825	15690340	3	-1.024
c1e150da-77d6-4d00-bd15-9d263a0d1474	17	15695893	41348341	10860	0.7611
c1e150da-77d6-4d00-bd15-9d263a0d1474	17	41348899	41366243	30	0.1259
c1e150da-77d6-4d00-bd15-9d263a0d1474	17	41370057	44285139	1506	0.7414
c1e150da-77d6-4d00-bd15-9d263a0d1474	17	44285591	44293433	3	-0.7544
c1e150da-77d6-4d00-bd15-9d263a0d1474	17	44296282	46351954	1010	0.7377
c1e150da-77d6-4d00-bd15-9d263a0d1474	17	46446345	46571001	4	3.332
c1e150da-77d6-4d00-bd15-9d263a0d1474	17	46664059	62184871	9292	0.7594
c1e150da-77d6-4d00-bd15-9d263a0d1474	17	62186411	62190081	7	1.6776
c1e150da-77d6-4d00-bd15-9d263a0d1474	17	62191558	66432620	2157	0.7655
c1e150da-77d6-4d00-bd15-9d263a0d1474	17	66434729	66435476	2	2.5103
c1e150da-77d6-4d00-bd15-9d263a0d1474	17	66435506	83091923	10044	0.7569
c1e150da-77d6-4d00-bd15-9d263a0d1474	18	48133	294045	111	-0.0378
c1e150da-77d6-4d00-bd15-9d263a0d1474	18	294169	1995823	1303	-0.2008
c1e150da-77d6-4d00-bd15-9d263a0d1474	18	1996182	2034525	29	0.2416
c1e150da-77d6-4d00-bd15-9d263a0d1474	18	2040408	6023964	2851	-0.2296
c1e150da-77d6-4d00-bd15-9d263a0d1474	18	6025094	6603955	382	-0.1048
c1e150da-77d6-4d00-bd15-9d263a0d1474	18	6604606	12201400	4184	-0.2248
c1e150da-77d6-4d00-bd15-9d263a0d1474	18	12201601	12210089	2	1.433
c1e150da-77d6-4d00-bd15-9d263a0d1474	18	12212958	14079532	1141	-0.2283
c1e150da-77d6-4d00-bd15-9d263a0d1474	18	14080785	21195837	470	-0.1054
c1e150da-77d6-4d00-bd15-9d263a0d1474	18	21202606	40678106	12239	-0.2251
c1e150da-77d6-4d00-bd15-9d263a0d1474	18	40678118	40685425	33	0.1935
c1e150da-77d6-4d00-bd15-9d263a0d1474	18	40689534	41092460	253	-0.2174
c1e150da-77d6-4d00-bd15-9d263a0d1474	18	41092514	41101437	39	0.1606
c1e150da-77d6-4d00-bd15-9d263a0d1474	18	41101586	42476720	925	-0.2165
c1e150da-77d6-4d00-bd15-9d263a0d1474	18	42476918	42477802	19	0.3724
c1e150da-77d6-4d00-bd15-9d263a0d1474	18	42478430	60249170	12148	-0.2226
c1e150da-77d6-4d00-bd15-9d263a0d1474	18	60250491	60256975	23	0.2557
c1e150da-77d6-4d00-bd15-9d263a0d1474	18	60257084	64486636	2982	-0.2075
c1e150da-77d6-4d00-bd15-9d263a0d1474	18	64488502	64586438	53	0.0864
c1e150da-77d6-4d00-bd15-9d263a0d1474	18	64586745	65532281	621	-0.2112
c1e150da-77d6-4d00-bd15-9d263a0d1474	18	65532329	65962328	319	-0.0961
c1e150da-77d6-4d00-bd15-9d263a0d1474	18	65969815	65972888	6	-1.9224
c1e150da-77d6-4d00-bd15-9d263a0d1474	18	65973172	80257174	10470	-0.1997
c1e150da-77d6-4d00-bd15-9d263a0d1474	19	90910	43181999	20540	-0.2298
c1e150da-77d6-4d00-bd15-9d263a0d1474	19	43183695	43266414	31	-0.8035
c1e150da-77d6-4d00-bd15-9d263a0d1474	19	43271565	54226449	5882	-0.2292
c1e150da-77d6-4d00-bd15-9d263a0d1474	19	54228112	54237443	11	0.8274
c1e150da-77d6-4d00-bd15-9d263a0d1474	19	54249482	58586487	2581	-0.2181
c1e150da-77d6-4d00-bd15-9d263a0d1474	20	80664	1580353	1201	0.7649
c1e150da-77d6-4d00-bd15-9d263a0d1474	20	1580934	1617300	42	-0.3052
c1e150da-77d6-4d00-bd15-9d263a0d1474	20	1617460	8389722	5032	0.7581
c1e150da-77d6-4d00-bd15-9d263a0d1474	20	8390866	8479916	71	1.0235
c1e150da-77d6-4d00-bd15-9d263a0d1474	20	8481358	14802096	4784	0.7465
c1e150da-77d6-4d00-bd15-9d263a0d1474	20	14803949	14812166	8	1.3891
c1e150da-77d6-4d00-bd15-9d263a0d1474	20	14812188	14812192	2	-2.2634
c1e150da-77d6-4d00-bd15-9d263a0d1474	20	14812769	37003756	11597	0.7412
c1e150da-77d6-4d00-bd15-9d263a0d1474	20	37003824	37171650	176	0.567
c1e150da-77d6-4d00-bd15-9d263a0d1474	20	37172340	64206133	19304	0.7411
c1e150da-77d6-4d00-bd15-9d263a0d1474	20	64209428	64209664	2	2.6672
c1e150da-77d6-4d00-bd15-9d263a0d1474	20	64213950	64324800	59	0.5661
c1e150da-77d6-4d00-bd15-9d263a0d1474	21	10354168	13028693	97	-0.043
c1e150da-77d6-4d00-bd15-9d263a0d1474	21	13080541	13189617	17	-1.2072
c1e150da-77d6-4d00-bd15-9d263a0d1474	21	13197963	13439418	107	0.43
c1e150da-77d6-4d00-bd15-9d263a0d1474	21	13439994	14101499	141	0.7227
c1e150da-77d6-4d00-bd15-9d263a0d1474	21	14101832	15285923	837	0.3886
c1e150da-77d6-4d00-bd15-9d263a0d1474	21	15288851	15547588	202	-0.176
c1e150da-77d6-4d00-bd15-9d263a0d1474	21	15547750	16222084	462	0.3516
c1e150da-77d6-4d00-bd15-9d263a0d1474	21	16235162	16358578	82	-0.2064
c1e150da-77d6-4d00-bd15-9d263a0d1474	21	16361926	16395453	44	0.3087
c1e150da-77d6-4d00-bd15-9d263a0d1474	21	16399902	16776175	234	-0.2119
c1e150da-77d6-4d00-bd15-9d263a0d1474	21	16779284	17520271	452	0.3425
c1e150da-77d6-4d00-bd15-9d263a0d1474	21	17520648	17780631	195	-0.2672
c1e150da-77d6-4d00-bd15-9d263a0d1474	21	17781047	18991157	925	0.3505
c1e150da-77d6-4d00-bd15-9d263a0d1474	21	18991602	19602275	478	0.7777
c1e150da-77d6-4d00-bd15-9d263a0d1474	21	19607921	19711026	75	0.3258
c1e150da-77d6-4d00-bd15-9d263a0d1474	21	19713129	20122045	252	0.728
c1e150da-77d6-4d00-bd15-9d263a0d1474	21	20122389	20357503	179	0.3909
c1e150da-77d6-4d00-bd15-9d263a0d1474	21	20361285	21539075	928	0.7786
c1e150da-77d6-4d00-bd15-9d263a0d1474	21	21545237	21651441	62	0.2594
c1e150da-77d6-4d00-bd15-9d263a0d1474	21	21651685	21750836	82	-0.2244
c1e150da-77d6-4d00-bd15-9d263a0d1474	21	21751277	22215584	393	0.3294
c1e150da-77d6-4d00-bd15-9d263a0d1474	21	22218072	22301584	47	0.6199
c1e150da-77d6-4d00-bd15-9d263a0d1474	21	22301967	22413165	81	0.3067
c1e150da-77d6-4d00-bd15-9d263a0d1474	21	22414619	22505072	77	-0.1983
c1e150da-77d6-4d00-bd15-9d263a0d1474	21	22505874	22863339	243	0.3934
c1e150da-77d6-4d00-bd15-9d263a0d1474	21	22865720	24397872	1276	-0.1642
c1e150da-77d6-4d00-bd15-9d263a0d1474	21	24397916	24425027	18	0.4544
c1e150da-77d6-4d00-bd15-9d263a0d1474	21	24433449	25577510	799	-0.2007
c1e150da-77d6-4d00-bd15-9d263a0d1474	21	25583157	25733628	100	0.3596
c1e150da-77d6-4d00-bd15-9d263a0d1474	21	25738996	26025139	208	0.7825
c1e150da-77d6-4d00-bd15-9d263a0d1474	21	26025291	26217324	151	0.3162
c1e150da-77d6-4d00-bd15-9d263a0d1474	21	26220781	26286586	50	0.699
c1e150da-77d6-4d00-bd15-9d263a0d1474	21	26288247	27871070	1316	0.3418
c1e150da-77d6-4d00-bd15-9d263a0d1474	21	27875712	28177390	188	0.7296
c1e150da-77d6-4d00-bd15-9d263a0d1474	21	28178488	28311144	83	0.3215
c1e150da-77d6-4d00-bd15-9d263a0d1474	21	28311427	28536252	195	0.7626
c1e150da-77d6-4d00-bd15-9d263a0d1474	21	28540130	28635089	58	0.3454
c1e150da-77d6-4d00-bd15-9d263a0d1474	21	28635728	29044421	317	0.7555
c1e150da-77d6-4d00-bd15-9d263a0d1474	21	29046549	29103159	33	0.3493
c1e150da-77d6-4d00-bd15-9d263a0d1474	21	29103285	29747302	459	0.766
c1e150da-77d6-4d00-bd15-9d263a0d1474	21	29747980	30204053	344	0.3932
c1e150da-77d6-4d00-bd15-9d263a0d1474	21	30204783	30321485	75	-0.2463
c1e150da-77d6-4d00-bd15-9d263a0d1474	21	30321652	30340902	21	0.3838
c1e150da-77d6-4d00-bd15-9d263a0d1474	21	30343654	30496229	100	0.7738
c1e150da-77d6-4d00-bd15-9d263a0d1474	21	30497716	31197195	440	0.3415
c1e150da-77d6-4d00-bd15-9d263a0d1474	21	31198263	31239029	33	-0.2391
c1e150da-77d6-4d00-bd15-9d263a0d1474	21	31239347	31351307	91	0.3226
c1e150da-77d6-4d00-bd15-9d263a0d1474	21	31353565	31360222	6	-0.2614
c1e150da-77d6-4d00-bd15-9d263a0d1474	21	31360597	31753926	255	0.3218
c1e150da-77d6-4d00-bd15-9d263a0d1474	21	31754816	32037760	211	0.7361
c1e150da-77d6-4d00-bd15-9d263a0d1474	21	32038318	32055539	13	1.1947
c1e150da-77d6-4d00-bd15-9d263a0d1474	21	32055736	32071267	10	0.7853
c1e150da-77d6-4d00-bd15-9d263a0d1474	21	32071917	32077973	10	0.0755
c1e150da-77d6-4d00-bd15-9d263a0d1474	21	32077990	32341277	201	0.7668
c1e150da-77d6-4d00-bd15-9d263a0d1474	21	32342924	32424749	57	0.3431
c1e150da-77d6-4d00-bd15-9d263a0d1474	21	32426840	32708334	183	-0.2082
c1e150da-77d6-4d00-bd15-9d263a0d1474	21	32712520	33693687	610	0.3452
c1e150da-77d6-4d00-bd15-9d263a0d1474	21	33700385	33759343	28	0.7459
c1e150da-77d6-4d00-bd15-9d263a0d1474	21	33760296	33821091	38	0.2799
c1e150da-77d6-4d00-bd15-9d263a0d1474	21	33827576	34046035	196	0.7623
c1e150da-77d6-4d00-bd15-9d263a0d1474	21	34046890	34182212	118	0.3511
c1e150da-77d6-4d00-bd15-9d263a0d1474	21	34184691	34299970	88	0.7703
c1e150da-77d6-4d00-bd15-9d263a0d1474	21	34302805	34350696	36	0.3699
c1e150da-77d6-4d00-bd15-9d263a0d1474	21	34352440	34713804	184	0.7642
c1e150da-77d6-4d00-bd15-9d263a0d1474	21	34715492	35050705	261	-0.1743
c1e150da-77d6-4d00-bd15-9d263a0d1474	21	35056135	35201427	129	0.3275
c1e150da-77d6-4d00-bd15-9d263a0d1474	21	35201575	35509097	245	0.7932
c1e150da-77d6-4d00-bd15-9d263a0d1474	21	35509133	35859582	275	0.4177
c1e150da-77d6-4d00-bd15-9d263a0d1474	21	35860840	36199369	267	0.8019
c1e150da-77d6-4d00-bd15-9d263a0d1474	21	36200103	36203237	3	1.8052
c1e150da-77d6-4d00-bd15-9d263a0d1474	21	36205157	36431390	111	0.7377
c1e150da-77d6-4d00-bd15-9d263a0d1474	21	36434775	36555500	83	0.3093
c1e150da-77d6-4d00-bd15-9d263a0d1474	21	36557014	36563687	6	0.9076
c1e150da-77d6-4d00-bd15-9d263a0d1474	21	36563890	36670114	96	0.3259
c1e150da-77d6-4d00-bd15-9d263a0d1474	21	36670241	36833855	102	-0.1681
c1e150da-77d6-4d00-bd15-9d263a0d1474	21	36834113	37431526	336	0.3413
c1e150da-77d6-4d00-bd15-9d263a0d1474	21	37434170	37530615	60	-0.1926
c1e150da-77d6-4d00-bd15-9d263a0d1474	21	37532389	37883476	322	0.3614
c1e150da-77d6-4d00-bd15-9d263a0d1474	21	37883949	37897771	9	0.4423
c1e150da-77d6-4d00-bd15-9d263a0d1474	21	37898303	38354082	310	0.7352
c1e150da-77d6-4d00-bd15-9d263a0d1474	21	38357618	38489002	268	0.3515
c1e150da-77d6-4d00-bd15-9d263a0d1474	21	38489070	38497370	26	0.6422
c1e150da-77d6-4d00-bd15-9d263a0d1474	21	38499352	38635780	119	0.3665
c1e150da-77d6-4d00-bd15-9d263a0d1474	21	38638047	38653052	23	1.2116
c1e150da-77d6-4d00-bd15-9d263a0d1474	21	38653325	38810253	113	0.7836
c1e150da-77d6-4d00-bd15-9d263a0d1474	21	38815826	38818612	6	-0.1537
c1e150da-77d6-4d00-bd15-9d263a0d1474	21	38818682	38951177	151	0.7699
c1e150da-77d6-4d00-bd15-9d263a0d1474	21	38955144	39565144	457	0.3251
c1e150da-77d6-4d00-bd15-9d263a0d1474	21	39566002	39676734	95	0.7483
c1e150da-77d6-4d00-bd15-9d263a0d1474	21	39682751	39886661	195	0.3154
c1e150da-77d6-4d00-bd15-9d263a0d1474	21	39893097	40833460	885	0.7257
c1e150da-77d6-4d00-bd15-9d263a0d1474	21	40833866	41465764	515	0.3304
c1e150da-77d6-4d00-bd15-9d263a0d1474	21	41468245	41470157	22	-0.3538
c1e150da-77d6-4d00-bd15-9d263a0d1474	21	41470223	41562754	136	0.2965
c1e150da-77d6-4d00-bd15-9d263a0d1474	21	41564593	42122520	428	-0.2563
c1e150da-77d6-4d00-bd15-9d263a0d1474	21	42124513	42534013	330	0.3813
c1e150da-77d6-4d00-bd15-9d263a0d1474	21	42536789	42833907	228	-0.2112
c1e150da-77d6-4d00-bd15-9d263a0d1474	21	42835078	42856162	16	0.4928
c1e150da-77d6-4d00-bd15-9d263a0d1474	21	42856277	43347592	170	-0.1766
c1e150da-77d6-4d00-bd15-9d263a0d1474	21	43348233	43371863	24	0.4713
c1e150da-77d6-4d00-bd15-9d263a0d1474	21	43371963	43966477	230	-0.2517
c1e150da-77d6-4d00-bd15-9d263a0d1474	21	43966678	44095664	69	0.3872
c1e150da-77d6-4d00-bd15-9d263a0d1474	21	44253766	44821767	306	-0.2339
c1e150da-77d6-4d00-bd15-9d263a0d1474	21	44821780	45128696	172	0.3693
c1e150da-77d6-4d00-bd15-9d263a0d1474	21	45128750	45511546	211	0.7695
c1e150da-77d6-4d00-bd15-9d263a0d1474	21	45513553	46144998	346	0.3232
c1e150da-77d6-4d00-bd15-9d263a0d1474	21	46152583	46677045	338	-0.2592
c1e150da-77d6-4d00-bd15-9d263a0d1474	22	15294547	22011421	2954	-0.2494
c1e150da-77d6-4d00-bd15-9d263a0d1474	22	22013299	22163433	254	-0.1468
c1e150da-77d6-4d00-bd15-9d263a0d1474	22	22164140	22165354	7	-1.2077
c1e150da-77d6-4d00-bd15-9d263a0d1474	22	22165674	23052262	600	-0.1265
c1e150da-77d6-4d00-bd15-9d263a0d1474	22	23054476	49035032	18304	-0.2523
c1e150da-77d6-4d00-bd15-9d263a0d1474	22	49035104	49040192	10	-1.154
c1e150da-77d6-4d00-bd15-9d263a0d1474	22	49041542	50796027	1081	-0.2998
c1e150da-77d6-4d00-bd15-9d263a0d1474	X	251810	2857879	145	0.1829
c1e150da-77d6-4d00-bd15-9d263a0d1474	X	2857957	2865066	12	-2.2046
c1e150da-77d6-4d00-bd15-9d263a0d1474	X	2865735	8310397	4081	-0.0255
c1e150da-77d6-4d00-bd15-9d263a0d1474	X	8310655	8310745	2	-4.3283
c1e150da-77d6-4d00-bd15-9d263a0d1474	X	8312271	9946907	1261	-0.0722
c1e150da-77d6-4d00-bd15-9d263a0d1474	X	9947125	9947809	3	-2.8834
c1e150da-77d6-4d00-bd15-9d263a0d1474	X	9948123	12916175	2154	-0.0339
c1e150da-77d6-4d00-bd15-9d263a0d1474	X	12916204	12916993	4	-5.0047
c1e150da-77d6-4d00-bd15-9d263a0d1474	X	12917362	19205432	3769	-0.0213
c1e150da-77d6-4d00-bd15-9d263a0d1474	X	19205603	19206342	3	-4.1131
c1e150da-77d6-4d00-bd15-9d263a0d1474	X	19206503	134954099	58667	0.0071
c1e150da-77d6-4d00-bd15-9d263a0d1474	X	134954131	134954143	2	-5.1773
c1e150da-77d6-4d00-bd15-9d263a0d1474	X	134954195	140954237	3539	-0.0329
c1e150da-77d6-4d00-bd15-9d263a0d1474	X	140956429	140956674	5	-4.2274
c1e150da-77d6-4d00-bd15-9d263a0d1474	X	140957632	155952689	8976	-0.0313
c1e150da-77d6-4d00-bd15-9d263a0d1474	Y	2782397	56872112	6638	-2.67
