GDC_Aliquot	Chromosome	Start	End	Num_Probes	Segment_Mean
c5b4c7df-ee2a-4176-ad49-e42b3115fe1a	1	62920	3306063	748	0.12
c5b4c7df-ee2a-4176-ad49-e42b3115fe1a	1	3306087	15822848	7570	0.0064
c5b4c7df-ee2a-4176-ad49-e42b3115fe1a	1	15823420	15828515	11	0.7204
c5b4c7df-ee2a-4176-ad49-e42b3115fe1a	1	15839166	16788139	352	-0.0343
c5b4c7df-ee2a-4176-ad49-e42b3115fe1a	1	16855942	16935393	54	-0.4928
c5b4c7df-ee2a-4176-ad49-e42b3115fe1a	1	16935737	38965465	12625	0.0023
c5b4c7df-ee2a-4176-ad49-e42b3115fe1a	1	38970964	38973330	3	-1.679
c5b4c7df-ee2a-4176-ad49-e42b3115fe1a	1	38973866	64459577	16017	-0.0024
c5b4c7df-ee2a-4176-ad49-e42b3115fe1a	1	64460208	64460862	3	-1.6685
c5b4c7df-ee2a-4176-ad49-e42b3115fe1a	1	64462151	72303233	5297	0.0022
c5b4c7df-ee2a-4176-ad49-e42b3115fe1a	1	72303253	72345465	41	3.1746
c5b4c7df-ee2a-4176-ad49-e42b3115fe1a	1	72346221	88599961	10652	0.0038
c5b4c7df-ee2a-4176-ad49-e42b3115fe1a	1	88602632	88603340	3	-1.3536
c5b4c7df-ee2a-4176-ad49-e42b3115fe1a	1	88603482	103560608	9294	-0.0028
c5b4c7df-ee2a-4176-ad49-e42b3115fe1a	1	103566616	103616762	27	0.9658
c5b4c7df-ee2a-4176-ad49-e42b3115fe1a	1	103620877	108951525	3224	-0.0054
c5b4c7df-ee2a-4176-ad49-e42b3115fe1a	1	108954232	108962290	16	-0.8084
c5b4c7df-ee2a-4176-ad49-e42b3115fe1a	1	108966266	109690352	328	0.0251
c5b4c7df-ee2a-4176-ad49-e42b3115fe1a	1	109690415	109702376	13	-1.2443
c5b4c7df-ee2a-4176-ad49-e42b3115fe1a	1	109703504	110834746	833	-0.0029
c5b4c7df-ee2a-4176-ad49-e42b3115fe1a	1	110834943	110845604	38	-0.7672
c5b4c7df-ee2a-4176-ad49-e42b3115fe1a	1	110849445	112147704	1070	0.022
c5b4c7df-ee2a-4176-ad49-e42b3115fe1a	1	112153343	112154768	25	0.4651
c5b4c7df-ee2a-4176-ad49-e42b3115fe1a	1	112163334	147770492	5983	0.0044
c5b4c7df-ee2a-4176-ad49-e42b3115fe1a	1	147772142	147772337	2	1.8351
c5b4c7df-ee2a-4176-ad49-e42b3115fe1a	1	147774791	155691436	3383	0.0052
c5b4c7df-ee2a-4176-ad49-e42b3115fe1a	1	155692180	155693566	2	-2.5587
c5b4c7df-ee2a-4176-ad49-e42b3115fe1a	1	155697170	161647641	3693	-0.007
c5b4c7df-ee2a-4176-ad49-e42b3115fe1a	1	161647657	161649268	8	-1.1736
c5b4c7df-ee2a-4176-ad49-e42b3115fe1a	1	161678447	174827561	9511	0.0024
c5b4c7df-ee2a-4176-ad49-e42b3115fe1a	1	174827576	174832716	15	0.5581
c5b4c7df-ee2a-4176-ad49-e42b3115fe1a	1	174832734	180443210	3751	0.0076
c5b4c7df-ee2a-4176-ad49-e42b3115fe1a	1	180443989	180444407	2	-1.6693
c5b4c7df-ee2a-4176-ad49-e42b3115fe1a	1	180456073	196745743	10849	-0.0011
c5b4c7df-ee2a-4176-ad49-e42b3115fe1a	1	196758720	196846661	61	-1.7671
c5b4c7df-ee2a-4176-ad49-e42b3115fe1a	1	196847600	229675422	21782	0.0009
c5b4c7df-ee2a-4176-ad49-e42b3115fe1a	1	229681109	229684449	3	-3.868
c5b4c7df-ee2a-4176-ad49-e42b3115fe1a	1	229684709	248546369	13754	-0.0001
c5b4c7df-ee2a-4176-ad49-e42b3115fe1a	1	248550567	248631988	33	-0.8002
c5b4c7df-ee2a-4176-ad49-e42b3115fe1a	1	248633821	248930189	143	0.0373
c5b4c7df-ee2a-4176-ad49-e42b3115fe1a	2	12784	41011095	28861	0.0072
c5b4c7df-ee2a-4176-ad49-e42b3115fe1a	2	41011303	41018747	22	-0.776
c5b4c7df-ee2a-4176-ad49-e42b3115fe1a	2	41024093	41651172	480	-0.0171
c5b4c7df-ee2a-4176-ad49-e42b3115fe1a	2	41651656	41652813	2	-1.7086
c5b4c7df-ee2a-4176-ad49-e42b3115fe1a	2	41654262	52527743	7672	0.0048
c5b4c7df-ee2a-4176-ad49-e42b3115fe1a	2	52531615	52563002	35	0.6698
c5b4c7df-ee2a-4176-ad49-e42b3115fe1a	2	52563355	77746919	16253	0.0029
c5b4c7df-ee2a-4176-ad49-e42b3115fe1a	2	77749572	77769540	45	1.2438
c5b4c7df-ee2a-4176-ad49-e42b3115fe1a	2	77769744	86477846	5475	0.001
c5b4c7df-ee2a-4176-ad49-e42b3115fe1a	2	86479310	86709715	95	0.6094
c5b4c7df-ee2a-4176-ad49-e42b3115fe1a	2	86710564	242147305	90243	0.0056
c5b4c7df-ee2a-4176-ad49-e42b3115fe1a	3	20930	46750055	33092	-0.0026
c5b4c7df-ee2a-4176-ad49-e42b3115fe1a	3	46751887	46806126	39	-0.8123
c5b4c7df-ee2a-4176-ad49-e42b3115fe1a	3	46807689	68697013	14529	-0.0017
c5b4c7df-ee2a-4176-ad49-e42b3115fe1a	3	68697108	68698262	14	1.1716
c5b4c7df-ee2a-4176-ad49-e42b3115fe1a	3	68699607	130047743	34595	0.0067
c5b4c7df-ee2a-4176-ad49-e42b3115fe1a	3	130057015	130080170	32	0.6783
c5b4c7df-ee2a-4176-ad49-e42b3115fe1a	3	130080754	143566276	8341	-0.0013
c5b4c7df-ee2a-4176-ad49-e42b3115fe1a	3	143566923	143567132	5	1.1206
c5b4c7df-ee2a-4176-ad49-e42b3115fe1a	3	143567959	144564302	622	-0.0107
c5b4c7df-ee2a-4176-ad49-e42b3115fe1a	3	144564317	144564331	2	-1.6166
c5b4c7df-ee2a-4176-ad49-e42b3115fe1a	3	144564365	155758758	6958	0.0003
c5b4c7df-ee2a-4176-ad49-e42b3115fe1a	3	155763308	155774353	27	0.5429
c5b4c7df-ee2a-4176-ad49-e42b3115fe1a	3	155774388	158632329	1661	0.0027
c5b4c7df-ee2a-4176-ad49-e42b3115fe1a	3	158633095	158633756	2	-3.2602
c5b4c7df-ee2a-4176-ad49-e42b3115fe1a	3	158641083	162815162	2615	0.0039
c5b4c7df-ee2a-4176-ad49-e42b3115fe1a	3	162816942	162818795	2	3.3885
c5b4c7df-ee2a-4176-ad49-e42b3115fe1a	3	162819035	168156007	2966	0.0106
c5b4c7df-ee2a-4176-ad49-e42b3115fe1a	3	168156361	168156754	2	-2.0326
c5b4c7df-ee2a-4176-ad49-e42b3115fe1a	3	168157416	187863073	12374	0.0058
c5b4c7df-ee2a-4176-ad49-e42b3115fe1a	3	187869052	187888723	55	-1.0124
c5b4c7df-ee2a-4176-ad49-e42b3115fe1a	3	187898642	189372662	1064	-0.0142
c5b4c7df-ee2a-4176-ad49-e42b3115fe1a	3	189376519	189380938	5	-0.9793
c5b4c7df-ee2a-4176-ad49-e42b3115fe1a	3	189384112	189645889	211	-0.0273
c5b4c7df-ee2a-4176-ad49-e42b3115fe1a	3	189646041	189653199	11	-0.854
c5b4c7df-ee2a-4176-ad49-e42b3115fe1a	3	189653225	193160113	2477	0.0077
c5b4c7df-ee2a-4176-ad49-e42b3115fe1a	3	193160173	193165099	18	1.2002
c5b4c7df-ee2a-4176-ad49-e42b3115fe1a	3	193165114	198169247	2683	0.0081
c5b4c7df-ee2a-4176-ad49-e42b3115fe1a	4	68929	9455251	5140	0.0091
c5b4c7df-ee2a-4176-ad49-e42b3115fe1a	4	9459504	9477699	5	1.7248
c5b4c7df-ee2a-4176-ad49-e42b3115fe1a	4	9484440	10208766	539	0.0056
c5b4c7df-ee2a-4176-ad49-e42b3115fe1a	4	10212536	10233644	36	1.2637
c5b4c7df-ee2a-4176-ad49-e42b3115fe1a	4	10234518	68478894	36399	0.0034
c5b4c7df-ee2a-4176-ad49-e42b3115fe1a	4	68494770	68618391	66	0.773
c5b4c7df-ee2a-4176-ad49-e42b3115fe1a	4	68620122	69257792	316	-0.015
c5b4c7df-ee2a-4176-ad49-e42b3115fe1a	4	69261926	69272329	12	-0.4132
c5b4c7df-ee2a-4176-ad49-e42b3115fe1a	4	69277656	69297175	12	-1.0927
c5b4c7df-ee2a-4176-ad49-e42b3115fe1a	4	69300013	69366081	30	-0.5772
c5b4c7df-ee2a-4176-ad49-e42b3115fe1a	4	69366304	76872059	4610	0.0053
c5b4c7df-ee2a-4176-ad49-e42b3115fe1a	4	76872087	76872625	6	-1.335
c5b4c7df-ee2a-4176-ad49-e42b3115fe1a	4	76872676	103824414	16360	0.0025
c5b4c7df-ee2a-4176-ad49-e42b3115fe1a	4	103830473	103830480	5	1.1024
c5b4c7df-ee2a-4176-ad49-e42b3115fe1a	4	103830487	114252544	6286	-0.0027
c5b4c7df-ee2a-4176-ad49-e42b3115fe1a	4	114254167	114261019	23	-1.7085
c5b4c7df-ee2a-4176-ad49-e42b3115fe1a	4	114263073	121360818	4333	-0.0036
c5b4c7df-ee2a-4176-ad49-e42b3115fe1a	4	121361313	121363400	25	-0.6296
c5b4c7df-ee2a-4176-ad49-e42b3115fe1a	4	121363434	137171041	8867	0.0052
c5b4c7df-ee2a-4176-ad49-e42b3115fe1a	4	137171085	137173804	15	-0.788
c5b4c7df-ee2a-4176-ad49-e42b3115fe1a	4	137173818	150955173	8329	-0.0009
c5b4c7df-ee2a-4176-ad49-e42b3115fe1a	4	150955199	150963148	23	-0.6262
c5b4c7df-ee2a-4176-ad49-e42b3115fe1a	4	150963154	151870502	457	-0.012
c5b4c7df-ee2a-4176-ad49-e42b3115fe1a	4	151870540	151871415	9	-1.1854
c5b4c7df-ee2a-4176-ad49-e42b3115fe1a	4	151871739	155958067	2694	-0.0081
c5b4c7df-ee2a-4176-ad49-e42b3115fe1a	4	155958172	155958597	7	-2.8968
c5b4c7df-ee2a-4176-ad49-e42b3115fe1a	4	155958612	155959563	7	-0.9002
c5b4c7df-ee2a-4176-ad49-e42b3115fe1a	4	155959729	156047028	77	0.0317
c5b4c7df-ee2a-4176-ad49-e42b3115fe1a	4	156047131	156047146	2	-1.2741
c5b4c7df-ee2a-4176-ad49-e42b3115fe1a	4	156047321	160958866	3073	0.0033
c5b4c7df-ee2a-4176-ad49-e42b3115fe1a	4	160958972	160963971	27	-0.6835
c5b4c7df-ee2a-4176-ad49-e42b3115fe1a	4	160964013	172068073	7051	-0.0023
c5b4c7df-ee2a-4176-ad49-e42b3115fe1a	4	172068149	172068354	7	-2.1916
c5b4c7df-ee2a-4176-ad49-e42b3115fe1a	4	172068368	172501371	233	-0.0457
c5b4c7df-ee2a-4176-ad49-e42b3115fe1a	4	172503796	172507492	7	1.5306
c5b4c7df-ee2a-4176-ad49-e42b3115fe1a	4	172519981	183247091	7248	0.0037
c5b4c7df-ee2a-4176-ad49-e42b3115fe1a	4	183250034	183250113	2	-1.6682
c5b4c7df-ee2a-4176-ad49-e42b3115fe1a	4	183250473	188300104	3423	0.005
c5b4c7df-ee2a-4176-ad49-e42b3115fe1a	4	188300206	188300221	2	-2.076
c5b4c7df-ee2a-4176-ad49-e42b3115fe1a	4	188300270	189092593	645	0.0026
c5b4c7df-ee2a-4176-ad49-e42b3115fe1a	4	189092691	189097835	2	2.604
c5b4c7df-ee2a-4176-ad49-e42b3115fe1a	4	189099096	190106768	496	-0.0333
c5b4c7df-ee2a-4176-ad49-e42b3115fe1a	5	15532	801456	335	0.0091
c5b4c7df-ee2a-4176-ad49-e42b3115fe1a	5	801650	822008	10	1.0657
c5b4c7df-ee2a-4176-ad49-e42b3115fe1a	5	823484	866255	10	0.4584
c5b4c7df-ee2a-4176-ad49-e42b3115fe1a	5	866315	8456618	6351	0.0035
c5b4c7df-ee2a-4176-ad49-e42b3115fe1a	5	8458549	8459420	6	-1.1013
c5b4c7df-ee2a-4176-ad49-e42b3115fe1a	5	8462465	19135936	7615	-0.0012
c5b4c7df-ee2a-4176-ad49-e42b3115fe1a	5	19136556	19136597	3	1.2098
c5b4c7df-ee2a-4176-ad49-e42b3115fe1a	5	19144624	19276865	84	0.0425
c5b4c7df-ee2a-4176-ad49-e42b3115fe1a	5	19279462	19287348	6	-1.2159
c5b4c7df-ee2a-4176-ad49-e42b3115fe1a	5	19289991	21376735	1213	-0.0014
c5b4c7df-ee2a-4176-ad49-e42b3115fe1a	5	21377730	21377744	2	-2.063
c5b4c7df-ee2a-4176-ad49-e42b3115fe1a	5	21385957	46191782	14952	0.0021
c5b4c7df-ee2a-4176-ad49-e42b3115fe1a	5	46195781	46199333	4	-1.2018
c5b4c7df-ee2a-4176-ad49-e42b3115fe1a	5	46209197	46251204	13	0.001
c5b4c7df-ee2a-4176-ad49-e42b3115fe1a	5	46270906	46273400	8	0.9007
c5b4c7df-ee2a-4176-ad49-e42b3115fe1a	5	46278110	55664781	3419	0
c5b4c7df-ee2a-4176-ad49-e42b3115fe1a	5	55666048	55666076	2	-1.9089
c5b4c7df-ee2a-4176-ad49-e42b3115fe1a	5	55668755	58660999	2124	0.0036
c5b4c7df-ee2a-4176-ad49-e42b3115fe1a	5	58661016	58661397	5	-1.4335
c5b4c7df-ee2a-4176-ad49-e42b3115fe1a	5	58661432	58663305	18	-0.8962
c5b4c7df-ee2a-4176-ad49-e42b3115fe1a	5	58663865	82122944	13698	0.0005
c5b4c7df-ee2a-4176-ad49-e42b3115fe1a	5	82123459	82123471	2	-2.4464
c5b4c7df-ee2a-4176-ad49-e42b3115fe1a	5	82131663	181363319	62728	0.0011
c5b4c7df-ee2a-4176-ad49-e42b3115fe1a	6	149661	252049	95	0.0042
c5b4c7df-ee2a-4176-ad49-e42b3115fe1a	6	252145	411110	130	0.2754
c5b4c7df-ee2a-4176-ad49-e42b3115fe1a	6	411125	2807487	1988	0.0043
c5b4c7df-ee2a-4176-ad49-e42b3115fe1a	6	2807526	2810655	2	-1.7004
c5b4c7df-ee2a-4176-ad49-e42b3115fe1a	6	2811616	19042587	12520	0.0016
c5b4c7df-ee2a-4176-ad49-e42b3115fe1a	6	19044471	19044667	6	2.1156
c5b4c7df-ee2a-4176-ad49-e42b3115fe1a	6	19050511	29869411	6855	-0.0008
c5b4c7df-ee2a-4176-ad49-e42b3115fe1a	6	29869537	29881490	14	-1.2062
c5b4c7df-ee2a-4176-ad49-e42b3115fe1a	6	29882419	31318528	659	0.0149
c5b4c7df-ee2a-4176-ad49-e42b3115fe1a	6	31318754	31328674	9	-1.6322
c5b4c7df-ee2a-4176-ad49-e42b3115fe1a	6	31342147	32614112	540	0.0341
c5b4c7df-ee2a-4176-ad49-e42b3115fe1a	6	32614426	32634330	9	-0.9938
c5b4c7df-ee2a-4176-ad49-e42b3115fe1a	6	32634492	54066286	13667	0.0016
c5b4c7df-ee2a-4176-ad49-e42b3115fe1a	6	54066353	54067057	7	1.1183
c5b4c7df-ee2a-4176-ad49-e42b3115fe1a	6	54070550	65689656	4915	-0.0027
c5b4c7df-ee2a-4176-ad49-e42b3115fe1a	6	65689660	65697234	20	-0.5756
c5b4c7df-ee2a-4176-ad49-e42b3115fe1a	6	65697317	73882142	5425	0.0043
c5b4c7df-ee2a-4176-ad49-e42b3115fe1a	6	73882509	73891694	10	0.725
c5b4c7df-ee2a-4176-ad49-e42b3115fe1a	6	73893839	74320900	265	0.0283
c5b4c7df-ee2a-4176-ad49-e42b3115fe1a	6	74321621	74322212	4	-0.8563
c5b4c7df-ee2a-4176-ad49-e42b3115fe1a	6	74322221	76726442	1497	0.0052
c5b4c7df-ee2a-4176-ad49-e42b3115fe1a	6	76726815	76758749	25	-0.7375
c5b4c7df-ee2a-4176-ad49-e42b3115fe1a	6	76758871	85998530	5893	0.0028
c5b4c7df-ee2a-4176-ad49-e42b3115fe1a	6	85998544	86010282	2	-2.1464
c5b4c7df-ee2a-4176-ad49-e42b3115fe1a	6	86011669	92864624	4405	0.0059
c5b4c7df-ee2a-4176-ad49-e42b3115fe1a	6	92866148	92868912	31	-0.9886
c5b4c7df-ee2a-4176-ad49-e42b3115fe1a	6	92873205	97019052	2411	-0.0027
c5b4c7df-ee2a-4176-ad49-e42b3115fe1a	6	97021018	97021514	3	-1.4521
c5b4c7df-ee2a-4176-ad49-e42b3115fe1a	6	97023263	103286954	3787	-0.009
c5b4c7df-ee2a-4176-ad49-e42b3115fe1a	6	103290101	103314186	46	0.6243
c5b4c7df-ee2a-4176-ad49-e42b3115fe1a	6	103317795	137068186	21170	0.0032
c5b4c7df-ee2a-4176-ad49-e42b3115fe1a	6	137069360	137097219	17	0.6107
c5b4c7df-ee2a-4176-ad49-e42b3115fe1a	6	137102642	150726801	8810	-0.0055
c5b4c7df-ee2a-4176-ad49-e42b3115fe1a	6	150730618	150735337	6	-1.3666
c5b4c7df-ee2a-4176-ad49-e42b3115fe1a	6	150736423	157358463	4678	-0.0001
c5b4c7df-ee2a-4176-ad49-e42b3115fe1a	6	157360232	157375962	4	-1.6641
c5b4c7df-ee2a-4176-ad49-e42b3115fe1a	6	157385644	168632576	8009	0.0042
c5b4c7df-ee2a-4176-ad49-e42b3115fe1a	6	168633092	168633436	2	-2.0366
c5b4c7df-ee2a-4176-ad49-e42b3115fe1a	6	168633598	170741917	1350	0.0018
c5b4c7df-ee2a-4176-ad49-e42b3115fe1a	7	43355	10960264	6721	0.0001
c5b4c7df-ee2a-4176-ad49-e42b3115fe1a	7	10968568	10968594	2	-2.2357
c5b4c7df-ee2a-4176-ad49-e42b3115fe1a	7	10968838	54117610	31513	0.0002
c5b4c7df-ee2a-4176-ad49-e42b3115fe1a	7	54117711	54123527	28	-0.9248
c5b4c7df-ee2a-4176-ad49-e42b3115fe1a	7	54129863	54305455	129	-0.0472
c5b4c7df-ee2a-4176-ad49-e42b3115fe1a	7	54318812	54318824	6	-2.6618
c5b4c7df-ee2a-4176-ad49-e42b3115fe1a	7	54325795	109801187	28410	0.0027
c5b4c7df-ee2a-4176-ad49-e42b3115fe1a	7	109801572	109814172	12	0.7397
c5b4c7df-ee2a-4176-ad49-e42b3115fe1a	7	109814214	119507968	5853	-0.0023
c5b4c7df-ee2a-4176-ad49-e42b3115fe1a	7	119508031	119509749	2	-1.7163
c5b4c7df-ee2a-4176-ad49-e42b3115fe1a	7	119509763	120015449	275	0.0305
c5b4c7df-ee2a-4176-ad49-e42b3115fe1a	7	120017693	120018937	4	-1.0736
c5b4c7df-ee2a-4176-ad49-e42b3115fe1a	7	120019553	126405502	3884	0.0022
c5b4c7df-ee2a-4176-ad49-e42b3115fe1a	7	126405597	126406561	10	-1.4501
c5b4c7df-ee2a-4176-ad49-e42b3115fe1a	7	126406822	134100424	4686	-0.0042
c5b4c7df-ee2a-4176-ad49-e42b3115fe1a	7	134100442	134114401	35	0.3492
c5b4c7df-ee2a-4176-ad49-e42b3115fe1a	7	134114444	149613475	9787	0.0035
c5b4c7df-ee2a-4176-ad49-e42b3115fe1a	7	149615066	149635539	12	0.6359
c5b4c7df-ee2a-4176-ad49-e42b3115fe1a	7	149636161	150209431	239	-0.0112
c5b4c7df-ee2a-4176-ad49-e42b3115fe1a	7	150211753	150212265	3	-1.8635
c5b4c7df-ee2a-4176-ad49-e42b3115fe1a	7	150224578	159334314	6011	0.0058
c5b4c7df-ee2a-4176-ad49-e42b3115fe1a	8	81254	380877	146	-0.0148
c5b4c7df-ee2a-4176-ad49-e42b3115fe1a	8	381550	381630	2	1.8902
c5b4c7df-ee2a-4176-ad49-e42b3115fe1a	8	384030	643041	173	-0.0194
c5b4c7df-ee2a-4176-ad49-e42b3115fe1a	8	644944	645908	10	1.0721
c5b4c7df-ee2a-4176-ad49-e42b3115fe1a	8	656117	2177460	1218	0.0042
c5b4c7df-ee2a-4176-ad49-e42b3115fe1a	8	2178209	2178964	4	-1.6013
c5b4c7df-ee2a-4176-ad49-e42b3115fe1a	8	2179870	3929538	1786	0.0043
c5b4c7df-ee2a-4176-ad49-e42b3115fe1a	8	3929561	3932584	23	-0.8301
c5b4c7df-ee2a-4176-ad49-e42b3115fe1a	8	3933696	6015571	3000	-0.0195
c5b4c7df-ee2a-4176-ad49-e42b3115fe1a	8	6017786	6018538	6	-1.2734
c5b4c7df-ee2a-4176-ad49-e42b3115fe1a	8	6019548	6980411	1250	0.0072
c5b4c7df-ee2a-4176-ad49-e42b3115fe1a	8	6982183	7020666	6	1.0349
c5b4c7df-ee2a-4176-ad49-e42b3115fe1a	8	7021331	7167045	77	-0.0477
c5b4c7df-ee2a-4176-ad49-e42b3115fe1a	8	7172468	7513956	42	-0.4019
c5b4c7df-ee2a-4176-ad49-e42b3115fe1a	8	7514723	11394661	2786	0.0086
c5b4c7df-ee2a-4176-ad49-e42b3115fe1a	8	11402019	11474517	65	-1.0161
c5b4c7df-ee2a-4176-ad49-e42b3115fe1a	8	11475093	12176798	397	0.012
c5b4c7df-ee2a-4176-ad49-e42b3115fe1a	8	12177488	12454103	33	-0.6411
c5b4c7df-ee2a-4176-ad49-e42b3115fe1a	8	12470324	13741542	1031	0.0037
c5b4c7df-ee2a-4176-ad49-e42b3115fe1a	8	13741592	13752159	27	-0.7476
c5b4c7df-ee2a-4176-ad49-e42b3115fe1a	8	13752181	16339682	2411	-0.0026
c5b4c7df-ee2a-4176-ad49-e42b3115fe1a	8	16349445	16349614	8	-1.7759
c5b4c7df-ee2a-4176-ad49-e42b3115fe1a	8	16354575	32821348	12339	-0.0038
c5b4c7df-ee2a-4176-ad49-e42b3115fe1a	8	32825580	32830895	8	1.7058
c5b4c7df-ee2a-4176-ad49-e42b3115fe1a	8	32834588	36280618	1905	0.0041
c5b4c7df-ee2a-4176-ad49-e42b3115fe1a	8	36284306	36300111	11	-0.6518
c5b4c7df-ee2a-4176-ad49-e42b3115fe1a	8	36300212	39389156	1654	0.0184
c5b4c7df-ee2a-4176-ad49-e42b3115fe1a	8	39389592	39527450	55	0.623
c5b4c7df-ee2a-4176-ad49-e42b3115fe1a	8	39527675	49753466	4351	0.0053
c5b4c7df-ee2a-4176-ad49-e42b3115fe1a	8	49756651	49757586	2	-1.8679
c5b4c7df-ee2a-4176-ad49-e42b3115fe1a	8	49760374	84345754	21487	0.0012
c5b4c7df-ee2a-4176-ad49-e42b3115fe1a	8	84350648	84356431	19	-1.0294
c5b4c7df-ee2a-4176-ad49-e42b3115fe1a	8	84358447	114619207	17903	0.0014
c5b4c7df-ee2a-4176-ad49-e42b3115fe1a	8	114619814	114629460	35	-0.6201
c5b4c7df-ee2a-4176-ad49-e42b3115fe1a	8	114629502	122047592	4995	-0.0086
c5b4c7df-ee2a-4176-ad49-e42b3115fe1a	8	122047640	122057972	24	-0.7176
c5b4c7df-ee2a-4176-ad49-e42b3115fe1a	8	122058035	135608540	10018	-0.0028
c5b4c7df-ee2a-4176-ad49-e42b3115fe1a	8	135611149	135612722	6	-0.9194
c5b4c7df-ee2a-4176-ad49-e42b3115fe1a	8	135618027	145072769	5969	0.0163
c5b4c7df-ee2a-4176-ad49-e42b3115fe1a	9	46587	344508	194	-0.0442
c5b4c7df-ee2a-4176-ad49-e42b3115fe1a	9	346739	346887	2	-2.0189
c5b4c7df-ee2a-4176-ad49-e42b3115fe1a	9	347825	589252	277	0.0851
c5b4c7df-ee2a-4176-ad49-e42b3115fe1a	9	591967	607937	45	-0.8554
c5b4c7df-ee2a-4176-ad49-e42b3115fe1a	9	608659	11941913	10659	0.0006
c5b4c7df-ee2a-4176-ad49-e42b3115fe1a	9	11945913	11952796	16	-1.0611
c5b4c7df-ee2a-4176-ad49-e42b3115fe1a	9	11957661	23361807	9177	0.0009
c5b4c7df-ee2a-4176-ad49-e42b3115fe1a	9	23363117	23380447	11	0.8989
c5b4c7df-ee2a-4176-ad49-e42b3115fe1a	9	23380836	42014203	10833	0.0023
c5b4c7df-ee2a-4176-ad49-e42b3115fe1a	9	42037471	42179276	20	-1.6235
c5b4c7df-ee2a-4176-ad49-e42b3115fe1a	9	42202227	133307114	45795	-0.0012
c5b4c7df-ee2a-4176-ad49-e42b3115fe1a	9	133307129	133307252	4	2.3859
c5b4c7df-ee2a-4176-ad49-e42b3115fe1a	9	133316268	138200944	2277	0.0084
c5b4c7df-ee2a-4176-ad49-e42b3115fe1a	10	45792	4197915	3514	0.0099
c5b4c7df-ee2a-4176-ad49-e42b3115fe1a	10	4198530	4199380	4	-1.464
c5b4c7df-ee2a-4176-ad49-e42b3115fe1a	10	4201806	4244878	45	-0.0265
c5b4c7df-ee2a-4176-ad49-e42b3115fe1a	10	4248622	4248732	3	1.7655
c5b4c7df-ee2a-4176-ad49-e42b3115fe1a	10	4248824	10178995	5051	-0.0033
c5b4c7df-ee2a-4176-ad49-e42b3115fe1a	10	10181823	10181894	2	-2.9511
c5b4c7df-ee2a-4176-ad49-e42b3115fe1a	10	10184383	25305864	11336	0.0003
c5b4c7df-ee2a-4176-ad49-e42b3115fe1a	10	25306444	25311279	3	-1.8384
c5b4c7df-ee2a-4176-ad49-e42b3115fe1a	10	25312104	46279715	11561	0.0014
c5b4c7df-ee2a-4176-ad49-e42b3115fe1a	10	46286440	46708198	120	0.4959
c5b4c7df-ee2a-4176-ad49-e42b3115fe1a	10	46780843	52098088	3140	-0.0072
c5b4c7df-ee2a-4176-ad49-e42b3115fe1a	10	52099680	52100076	4	-1.5263
c5b4c7df-ee2a-4176-ad49-e42b3115fe1a	10	52101550	53166023	859	0.004
c5b4c7df-ee2a-4176-ad49-e42b3115fe1a	10	53170094	53179393	10	-1.3459
c5b4c7df-ee2a-4176-ad49-e42b3115fe1a	10	53181641	53317022	82	-0.0036
c5b4c7df-ee2a-4176-ad49-e42b3115fe1a	10	53328068	53333771	5	-1.1505
c5b4c7df-ee2a-4176-ad49-e42b3115fe1a	10	53336771	130430374	52668	0.0019
c5b4c7df-ee2a-4176-ad49-e42b3115fe1a	10	130431007	130793527	317	0.1416
c5b4c7df-ee2a-4176-ad49-e42b3115fe1a	10	130797707	133429369	1565	0.0244
c5b4c7df-ee2a-4176-ad49-e42b3115fe1a	10	133432275	133563774	108	0.6145
c5b4c7df-ee2a-4176-ad49-e42b3115fe1a	10	133573736	133654968	34	-0.0478
c5b4c7df-ee2a-4176-ad49-e42b3115fe1a	11	198510	4946420	2414	0.0155
c5b4c7df-ee2a-4176-ad49-e42b3115fe1a	11	4947280	4955042	30	1.0391
c5b4c7df-ee2a-4176-ad49-e42b3115fe1a	11	4955781	5762693	782	-0.0031
c5b4c7df-ee2a-4176-ad49-e42b3115fe1a	11	5766175	5788231	35	-0.6492
c5b4c7df-ee2a-4176-ad49-e42b3115fe1a	11	5791130	5850293	67	0.0047
c5b4c7df-ee2a-4176-ad49-e42b3115fe1a	11	5851007	5862087	7	-1.2134
c5b4c7df-ee2a-4176-ad49-e42b3115fe1a	11	5864481	55613862	31098	-0.0002
c5b4c7df-ee2a-4176-ad49-e42b3115fe1a	11	55614346	55674842	31	-0.6367
c5b4c7df-ee2a-4176-ad49-e42b3115fe1a	11	55676735	80260060	13249	0.005
c5b4c7df-ee2a-4176-ad49-e42b3115fe1a	11	80261889	80272296	22	-0.9907
c5b4c7df-ee2a-4176-ad49-e42b3115fe1a	11	80272554	87911727	5409	-0.0039
c5b4c7df-ee2a-4176-ad49-e42b3115fe1a	11	87913110	87913778	6	-1.0669
c5b4c7df-ee2a-4176-ad49-e42b3115fe1a	11	87915296	90833345	1704	-0.0147
c5b4c7df-ee2a-4176-ad49-e42b3115fe1a	11	90835019	90837870	4	-3.7379
c5b4c7df-ee2a-4176-ad49-e42b3115fe1a	11	90838996	92097323	873	0.0043
c5b4c7df-ee2a-4176-ad49-e42b3115fe1a	11	92097492	92097877	2	1.5574
c5b4c7df-ee2a-4176-ad49-e42b3115fe1a	11	92099538	98293824	4522	-0.0083
c5b4c7df-ee2a-4176-ad49-e42b3115fe1a	11	98295892	98298020	3	-1.292
c5b4c7df-ee2a-4176-ad49-e42b3115fe1a	11	98302709	105049353	5032	0.0027
c5b4c7df-ee2a-4176-ad49-e42b3115fe1a	11	105053135	105060019	8	-0.9308
c5b4c7df-ee2a-4176-ad49-e42b3115fe1a	11	105060506	135074876	21341	0.0002
c5b4c7df-ee2a-4176-ad49-e42b3115fe1a	12	51460	246676	114	0.0815
c5b4c7df-ee2a-4176-ad49-e42b3115fe1a	12	247273	248145	2	2.8106
c5b4c7df-ee2a-4176-ad49-e42b3115fe1a	12	248153	11070111	7100	0.0034
c5b4c7df-ee2a-4176-ad49-e42b3115fe1a	12	11072090	11099275	9	-1.3592
c5b4c7df-ee2a-4176-ad49-e42b3115fe1a	12	11104230	99401870	54738	0.0028
c5b4c7df-ee2a-4176-ad49-e42b3115fe1a	12	99401959	99409340	30	-0.7294
c5b4c7df-ee2a-4176-ad49-e42b3115fe1a	12	99409355	133201603	22652	0.0057
c5b4c7df-ee2a-4176-ad49-e42b3115fe1a	13	18452809	57176962	25944	-0.0009
c5b4c7df-ee2a-4176-ad49-e42b3115fe1a	13	57184136	57204246	34	-2.0908
c5b4c7df-ee2a-4176-ad49-e42b3115fe1a	13	57215580	67468665	6219	0.002
c5b4c7df-ee2a-4176-ad49-e42b3115fe1a	13	67473007	67490350	9	-1.0697
c5b4c7df-ee2a-4176-ad49-e42b3115fe1a	13	67490787	114342922	31772	-0.0004
c5b4c7df-ee2a-4176-ad49-e42b3115fe1a	14	18239283	106294689	54966	-0.0006
c5b4c7df-ee2a-4176-ad49-e42b3115fe1a	14	106297265	106297273	3	1.7557
c5b4c7df-ee2a-4176-ad49-e42b3115fe1a	14	106297409	106423925	53	-0.0433
c5b4c7df-ee2a-4176-ad49-e42b3115fe1a	14	106425447	106462183	47	-0.6833
c5b4c7df-ee2a-4176-ad49-e42b3115fe1a	14	106462724	106877229	194	-0.0428
c5b4c7df-ee2a-4176-ad49-e42b3115fe1a	15	19811075	20190276	56	-0.0561
c5b4c7df-ee2a-4176-ad49-e42b3115fe1a	15	20206125	22299523	150	-0.6488
c5b4c7df-ee2a-4176-ad49-e42b3115fe1a	15	22385639	30094208	4610	0.0151
c5b4c7df-ee2a-4176-ad49-e42b3115fe1a	15	30106026	30157841	4	-1.3219
c5b4c7df-ee2a-4176-ad49-e42b3115fe1a	15	30158166	56498612	16271	-0.0041
c5b4c7df-ee2a-4176-ad49-e42b3115fe1a	15	56498641	56508779	23	-0.6834
c5b4c7df-ee2a-4176-ad49-e42b3115fe1a	15	56509425	65995632	6436	-0.0029
c5b4c7df-ee2a-4176-ad49-e42b3115fe1a	15	65995835	65995884	2	1.8008
c5b4c7df-ee2a-4176-ad49-e42b3115fe1a	15	65998930	76599170	6281	-0.0084
c5b4c7df-ee2a-4176-ad49-e42b3115fe1a	15	76599286	76603434	20	0.7345
c5b4c7df-ee2a-4176-ad49-e42b3115fe1a	15	76609838	99738589	15922	0.0075
c5b4c7df-ee2a-4176-ad49-e42b3115fe1a	15	99742036	99799126	30	-0.9434
c5b4c7df-ee2a-4176-ad49-e42b3115fe1a	15	99814289	100463841	533	0.0211
c5b4c7df-ee2a-4176-ad49-e42b3115fe1a	15	100466195	100466389	2	1.7981
c5b4c7df-ee2a-4176-ad49-e42b3115fe1a	15	100466408	101888798	1075	0.0242
c5b4c7df-ee2a-4176-ad49-e42b3115fe1a	15	101888834	101928837	8	-0.755
c5b4c7df-ee2a-4176-ad49-e42b3115fe1a	16	10777	19946001	13457	0.0147
c5b4c7df-ee2a-4176-ad49-e42b3115fe1a	16	19950243	19959496	14	-0.977
c5b4c7df-ee2a-4176-ad49-e42b3115fe1a	16	19959543	32169655	6461	0.0046
c5b4c7df-ee2a-4176-ad49-e42b3115fe1a	16	32197425	32629651	17	-0.874
c5b4c7df-ee2a-4176-ad49-e42b3115fe1a	16	32832214	90096867	31796	0.0063
c5b4c7df-ee2a-4176-ad49-e42b3115fe1a	17	150733	19598642	11746	0.0111
c5b4c7df-ee2a-4176-ad49-e42b3115fe1a	17	19598657	19635134	27	-0.6631
c5b4c7df-ee2a-4176-ad49-e42b3115fe1a	17	19635445	83091923	33148	0.0007
c5b4c7df-ee2a-4176-ad49-e42b3115fe1a	18	48133	73284838	45530	-0.0024
c5b4c7df-ee2a-4176-ad49-e42b3115fe1a	18	73286839	73287075	2	-2.0179
c5b4c7df-ee2a-4176-ad49-e42b3115fe1a	18	73287410	80257174	5095	0.0024
c5b4c7df-ee2a-4176-ad49-e42b3115fe1a	19	90910	6630907	2095	0.0247
c5b4c7df-ee2a-4176-ad49-e42b3115fe1a	19	6639604	6654948	13	-0.8536
c5b4c7df-ee2a-4176-ad49-e42b3115fe1a	19	6657559	20411294	6793	0.0024
c5b4c7df-ee2a-4176-ad49-e42b3115fe1a	19	20411336	20533583	71	-0.7249
c5b4c7df-ee2a-4176-ad49-e42b3115fe1a	19	20538075	22240132	969	-0.006
c5b4c7df-ee2a-4176-ad49-e42b3115fe1a	19	22241616	22243718	6	-1.2002
c5b4c7df-ee2a-4176-ad49-e42b3115fe1a	19	22245185	43193181	10586	0.0023
c5b4c7df-ee2a-4176-ad49-e42b3115fe1a	19	43198881	43252085	22	-0.6302
c5b4c7df-ee2a-4176-ad49-e42b3115fe1a	19	43262507	44401739	743	0.017
c5b4c7df-ee2a-4176-ad49-e42b3115fe1a	19	44402359	44402382	2	-2.2867
c5b4c7df-ee2a-4176-ad49-e42b3115fe1a	19	44402845	53013829	4338	0.0151
c5b4c7df-ee2a-4176-ad49-e42b3115fe1a	19	53015494	53050987	23	0.8621
c5b4c7df-ee2a-4176-ad49-e42b3115fe1a	19	53051066	58586487	3369	0.0058
c5b4c7df-ee2a-4176-ad49-e42b3115fe1a	20	80664	1571811	1178	0.0188
c5b4c7df-ee2a-4176-ad49-e42b3115fe1a	20	1576544	1580353	21	-2.4362
c5b4c7df-ee2a-4176-ad49-e42b3115fe1a	20	1580934	1601561	36	0.0499
c5b4c7df-ee2a-4176-ad49-e42b3115fe1a	20	1609611	1613203	4	3.1027
c5b4c7df-ee2a-4176-ad49-e42b3115fe1a	20	1613247	14739892	9840	0.0024
c5b4c7df-ee2a-4176-ad49-e42b3115fe1a	20	14747921	14807715	50	-1.002
c5b4c7df-ee2a-4176-ad49-e42b3115fe1a	20	14808097	64324800	31127	0.0089
c5b4c7df-ee2a-4176-ad49-e42b3115fe1a	21	10354168	13084095	100	-0.046
c5b4c7df-ee2a-4176-ad49-e42b3115fe1a	21	13092058	13189617	14	-1.4846
c5b4c7df-ee2a-4176-ad49-e42b3115fe1a	21	13197963	46677045	23690	0.0007
c5b4c7df-ee2a-4176-ad49-e42b3115fe1a	22	15294547	22395495	3441	0.031
c5b4c7df-ee2a-4176-ad49-e42b3115fe1a	22	22395652	22396262	6	1.1645
c5b4c7df-ee2a-4176-ad49-e42b3115fe1a	22	22397854	23929558	924	0.0353
c5b4c7df-ee2a-4176-ad49-e42b3115fe1a	22	23940911	24002228	21	0.5377
c5b4c7df-ee2a-4176-ad49-e42b3115fe1a	22	24005083	42517063	12722	0.0126
c5b4c7df-ee2a-4176-ad49-e42b3115fe1a	22	42517914	42559425	18	0.6168
c5b4c7df-ee2a-4176-ad49-e42b3115fe1a	22	42559782	50796027	6086	0.0187
c5b4c7df-ee2a-4176-ad49-e42b3115fe1a	X	251810	13836784	8230	-0.0002
c5b4c7df-ee2a-4176-ad49-e42b3115fe1a	X	13839515	13844054	7	-4.0318
c5b4c7df-ee2a-4176-ad49-e42b3115fe1a	X	13848256	140951372	65276	-0.002
c5b4c7df-ee2a-4176-ad49-e42b3115fe1a	X	140953918	140954237	2	-3.036
c5b4c7df-ee2a-4176-ad49-e42b3115fe1a	X	140956429	141559094	248	-0.0147
c5b4c7df-ee2a-4176-ad49-e42b3115fe1a	X	141578177	141598034	7	-1.3355
c5b4c7df-ee2a-4176-ad49-e42b3115fe1a	X	141601940	152337437	7164	-0.0035
c5b4c7df-ee2a-4176-ad49-e42b3115fe1a	X	152342526	152348153	3	-2.2871
c5b4c7df-ee2a-4176-ad49-e42b3115fe1a	X	152348845	155952689	1518	0.0551
c5b4c7df-ee2a-4176-ad49-e42b3115fe1a	Y	2782397	9759940	2306	-0.8107
c5b4c7df-ee2a-4176-ad49-e42b3115fe1a	Y	9810941	9811130	2	-3.6737
c5b4c7df-ee2a-4176-ad49-e42b3115fe1a	Y	9870332	56872112	4328	-0.8155
