GDC_Aliquot	Chromosome	Start	End	Num_Probes	Segment_Mean
e77282e5-d651-4cb5-831c-af7b2b6eabff	1	62920	86341	11	-0.7905
e77282e5-d651-4cb5-831c-af7b2b6eabff	1	98588	16518437	8602	-0.005
e77282e5-d651-4cb5-831c-af7b2b6eabff	1	16525019	16686246	37	-0.5532
e77282e5-d651-4cb5-831c-af7b2b6eabff	1	16689764	16864367	23	0.076
e77282e5-d651-4cb5-831c-af7b2b6eabff	1	16868660	16958425	58	-0.5363
e77282e5-d651-4cb5-831c-af7b2b6eabff	1	16959715	25256800	5236	-0.0068
e77282e5-d651-4cb5-831c-af7b2b6eabff	1	25256850	25336819	26	-0.4756
e77282e5-d651-4cb5-831c-af7b2b6eabff	1	25336853	72284670	28615	0.0033
e77282e5-d651-4cb5-831c-af7b2b6eabff	1	72290430	72297687	9	-0.9277
e77282e5-d651-4cb5-831c-af7b2b6eabff	1	72302735	72345465	48	1.1334
e77282e5-d651-4cb5-831c-af7b2b6eabff	1	72346221	89009572	10893	0.0025
e77282e5-d651-4cb5-831c-af7b2b6eabff	1	89012275	89012522	2	-3.0003
e77282e5-d651-4cb5-831c-af7b2b6eabff	1	89015841	103560608	9022	0.0043
e77282e5-d651-4cb5-831c-af7b2b6eabff	1	103566616	103621165	29	0.5157
e77282e5-d651-4cb5-831c-af7b2b6eabff	1	103697067	105476583	921	0.0022
e77282e5-d651-4cb5-831c-af7b2b6eabff	1	105476614	105479753	16	0.9558
e77282e5-d651-4cb5-831c-af7b2b6eabff	1	105481433	107316048	1241	0.0041
e77282e5-d651-4cb5-831c-af7b2b6eabff	1	107318961	107318987	2	-2.9833
e77282e5-d651-4cb5-831c-af7b2b6eabff	1	107319431	109690352	1387	-0.0055
e77282e5-d651-4cb5-831c-af7b2b6eabff	1	109690415	109697556	12	-1.6898
e77282e5-d651-4cb5-831c-af7b2b6eabff	1	109702376	194479104	37644	0.003
e77282e5-d651-4cb5-831c-af7b2b6eabff	1	194482281	194485888	2	2.0011
e77282e5-d651-4cb5-831c-af7b2b6eabff	1	194487886	196745743	1447	0.0044
e77282e5-d651-4cb5-831c-af7b2b6eabff	1	196758720	196762956	4	1.2435
e77282e5-d651-4cb5-831c-af7b2b6eabff	1	196769493	245473108	33505	0.0019
e77282e5-d651-4cb5-831c-af7b2b6eabff	1	245473737	245483602	11	-1.131
e77282e5-d651-4cb5-831c-af7b2b6eabff	1	245486349	248574146	1999	-0.0064
e77282e5-d651-4cb5-831c-af7b2b6eabff	1	248585893	248646068	35	-0.7978
e77282e5-d651-4cb5-831c-af7b2b6eabff	1	248661836	248930189	136	0.0049
e77282e5-d651-4cb5-831c-af7b2b6eabff	2	12784	4155597	2974	0.0017
e77282e5-d651-4cb5-831c-af7b2b6eabff	2	4155990	4174569	32	-0.7149
e77282e5-d651-4cb5-831c-af7b2b6eabff	2	4174842	4175113	5	-1.5239
e77282e5-d651-4cb5-831c-af7b2b6eabff	2	4175577	34466002	20988	0.0021
e77282e5-d651-4cb5-831c-af7b2b6eabff	2	34474248	34512096	47	-0.7215
e77282e5-d651-4cb5-831c-af7b2b6eabff	2	34512489	52527727	12948	0.0077
e77282e5-d651-4cb5-831c-af7b2b6eabff	2	52527743	52554404	34	-0.8361
e77282e5-d651-4cb5-831c-af7b2b6eabff	2	52560811	67924279	10080	0.0036
e77282e5-d651-4cb5-831c-af7b2b6eabff	2	67924487	68013406	81	-1.119
e77282e5-d651-4cb5-831c-af7b2b6eabff	2	68019427	119489910	26706	0.0033
e77282e5-d651-4cb5-831c-af7b2b6eabff	2	119490277	119490335	2	-2.1079
e77282e5-d651-4cb5-831c-af7b2b6eabff	2	119490362	127099470	4747	0.0075
e77282e5-d651-4cb5-831c-af7b2b6eabff	2	127100187	127100370	2	-2.439
e77282e5-d651-4cb5-831c-af7b2b6eabff	2	127101070	128880904	1022	-0.0198
e77282e5-d651-4cb5-831c-af7b2b6eabff	2	128880928	128882741	14	-2.5802
e77282e5-d651-4cb5-831c-af7b2b6eabff	2	128882755	129484957	505	0.0061
e77282e5-d651-4cb5-831c-af7b2b6eabff	2	129488165	129488370	2	-1.488
e77282e5-d651-4cb5-831c-af7b2b6eabff	2	129488770	130026710	361	-0.0219
e77282e5-d651-4cb5-831c-af7b2b6eabff	2	130031187	130116915	16	0.5321
e77282e5-d651-4cb5-831c-af7b2b6eabff	2	130117303	174465423	26776	0.0069
e77282e5-d651-4cb5-831c-af7b2b6eabff	2	174465765	174465997	2	-1.7458
e77282e5-d651-4cb5-831c-af7b2b6eabff	2	174466210	194500751	11840	0.0079
e77282e5-d651-4cb5-831c-af7b2b6eabff	2	194500790	194501795	4	-1.1616
e77282e5-d651-4cb5-831c-af7b2b6eabff	2	194510785	198026343	1979	0.0128
e77282e5-d651-4cb5-831c-af7b2b6eabff	2	198029788	198033415	3	-2.6698
e77282e5-d651-4cb5-831c-af7b2b6eabff	2	198033498	228894763	19570	0.0051
e77282e5-d651-4cb5-831c-af7b2b6eabff	2	228894930	228895120	6	-1.3266
e77282e5-d651-4cb5-831c-af7b2b6eabff	2	228895197	242147305	8175	0.0011
e77282e5-d651-4cb5-831c-af7b2b6eabff	3	20930	6604856	5779	0.0186
e77282e5-d651-4cb5-831c-af7b2b6eabff	3	6609441	6611645	23	-1.0321
e77282e5-d651-4cb5-831c-af7b2b6eabff	3	6613391	68697013	41763	0.0054
e77282e5-d651-4cb5-831c-af7b2b6eabff	3	68697108	68698262	14	-1.2075
e77282e5-d651-4cb5-831c-af7b2b6eabff	3	68699607	99225667	15861	0.0037
e77282e5-d651-4cb5-831c-af7b2b6eabff	3	99225703	99232120	36	-0.6841
e77282e5-d651-4cb5-831c-af7b2b6eabff	3	99232539	130047743	18627	-0.0003
e77282e5-d651-4cb5-831c-af7b2b6eabff	3	130057015	130087393	36	-2.1164
e77282e5-d651-4cb5-831c-af7b2b6eabff	3	130088081	132273893	1429	-0.0003
e77282e5-d651-4cb5-831c-af7b2b6eabff	3	132273929	132276840	3	-2.4633
e77282e5-d651-4cb5-831c-af7b2b6eabff	3	132281633	162794951	18741	0.0072
e77282e5-d651-4cb5-831c-af7b2b6eabff	3	162795304	162908207	68	0.7466
e77282e5-d651-4cb5-831c-af7b2b6eabff	3	162908784	169012392	3434	0.0087
e77282e5-d651-4cb5-831c-af7b2b6eabff	3	169015614	169020840	2	-2.0933
e77282e5-d651-4cb5-831c-af7b2b6eabff	3	169022039	175362822	4196	0.0097
e77282e5-d651-4cb5-831c-af7b2b6eabff	3	175362958	175363536	5	-1.0125
e77282e5-d651-4cb5-831c-af7b2b6eabff	3	175368999	176531008	747	0.0196
e77282e5-d651-4cb5-831c-af7b2b6eabff	3	176531395	176543725	4	-1.12
e77282e5-d651-4cb5-831c-af7b2b6eabff	3	176545911	176879427	201	0.0442
e77282e5-d651-4cb5-831c-af7b2b6eabff	3	176880101	176880387	2	-1.6258
e77282e5-d651-4cb5-831c-af7b2b6eabff	3	176880654	193160113	10497	0.0029
e77282e5-d651-4cb5-831c-af7b2b6eabff	3	193160173	193165114	19	-0.9841
e77282e5-d651-4cb5-831c-af7b2b6eabff	3	193168646	198169247	2682	0.0027
e77282e5-d651-4cb5-831c-af7b2b6eabff	4	68929	9455251	5138	-0.0093
e77282e5-d651-4cb5-831c-af7b2b6eabff	4	9459504	9477699	6	-1.6787
e77282e5-d651-4cb5-831c-af7b2b6eabff	4	9484440	10207627	530	-0.0006
e77282e5-d651-4cb5-831c-af7b2b6eabff	4	10208245	10229120	29	0.3779
e77282e5-d651-4cb5-831c-af7b2b6eabff	4	10229173	10389091	185	0.0067
e77282e5-d651-4cb5-831c-af7b2b6eabff	4	10390730	10399044	16	-0.8332
e77282e5-d651-4cb5-831c-af7b2b6eabff	4	10401094	13999897	2826	0.0083
e77282e5-d651-4cb5-831c-af7b2b6eabff	4	14000966	14001031	2	-1.387
e77282e5-d651-4cb5-831c-af7b2b6eabff	4	14006582	16322235	1792	0.0065
e77282e5-d651-4cb5-831c-af7b2b6eabff	4	16322360	16324584	2	-1.7904
e77282e5-d651-4cb5-831c-af7b2b6eabff	4	16328066	34777382	12108	0.0016
e77282e5-d651-4cb5-831c-af7b2b6eabff	4	34777403	34822561	40	0.46
e77282e5-d651-4cb5-831c-af7b2b6eabff	4	34823103	35234502	273	0.0019
e77282e5-d651-4cb5-831c-af7b2b6eabff	4	35237997	35242243	5	-0.8031
e77282e5-d651-4cb5-831c-af7b2b6eabff	4	35243095	40698556	3586	0.0013
e77282e5-d651-4cb5-831c-af7b2b6eabff	4	40701994	40702175	3	-1.3676
e77282e5-d651-4cb5-831c-af7b2b6eabff	4	40702670	49214614	5064	0.0024
e77282e5-d651-4cb5-831c-af7b2b6eabff	4	49289175	49289338	2	1.6204
e77282e5-d651-4cb5-831c-af7b2b6eabff	4	49295203	60174092	5474	0.0069
e77282e5-d651-4cb5-831c-af7b2b6eabff	4	60175594	60176081	2	-1.7545
e77282e5-d651-4cb5-831c-af7b2b6eabff	4	60181704	60461461	181	-0.0061
e77282e5-d651-4cb5-831c-af7b2b6eabff	4	60461594	60465899	3	1.6486
e77282e5-d651-4cb5-831c-af7b2b6eabff	4	60469846	63828222	1894	0.004
e77282e5-d651-4cb5-831c-af7b2b6eabff	4	63831751	63842540	28	-0.5725
e77282e5-d651-4cb5-831c-af7b2b6eabff	4	63850713	86054070	13691	-0.0009
e77282e5-d651-4cb5-831c-af7b2b6eabff	4	86054941	86058791	20	-0.7656
e77282e5-d651-4cb5-831c-af7b2b6eabff	4	86058936	91243990	3172	0.009
e77282e5-d651-4cb5-831c-af7b2b6eabff	4	91246003	91246433	2	-1.802
e77282e5-d651-4cb5-831c-af7b2b6eabff	4	91246705	103824414	7341	0.0031
e77282e5-d651-4cb5-831c-af7b2b6eabff	4	103830473	103830480	5	-1.269
e77282e5-d651-4cb5-831c-af7b2b6eabff	4	103830487	107130343	1849	-0.002
e77282e5-d651-4cb5-831c-af7b2b6eabff	4	107144594	107155376	38	-0.5475
e77282e5-d651-4cb5-831c-af7b2b6eabff	4	107156277	114252544	4386	0.0034
e77282e5-d651-4cb5-831c-af7b2b6eabff	4	114254167	114261019	23	0.6574
e77282e5-d651-4cb5-831c-af7b2b6eabff	4	114263073	137171085	13190	0.0002
e77282e5-d651-4cb5-831c-af7b2b6eabff	4	137171266	137172260	13	-0.8375
e77282e5-d651-4cb5-831c-af7b2b6eabff	4	137173804	170343840	20629	0.0028
e77282e5-d651-4cb5-831c-af7b2b6eabff	4	170346793	170352007	8	-0.7904
e77282e5-d651-4cb5-831c-af7b2b6eabff	4	170352863	171448195	683	-0.0172
e77282e5-d651-4cb5-831c-af7b2b6eabff	4	171453733	171456625	12	-1.1044
e77282e5-d651-4cb5-831c-af7b2b6eabff	4	171459220	190106768	12440	0.0007
e77282e5-d651-4cb5-831c-af7b2b6eabff	5	15532	3240947	2224	-0.0216
e77282e5-d651-4cb5-831c-af7b2b6eabff	5	3246547	3249853	2	-1.8303
e77282e5-d651-4cb5-831c-af7b2b6eabff	5	3250114	15719241	9903	-0.0004
e77282e5-d651-4cb5-831c-af7b2b6eabff	5	15719966	15720488	9	-0.9516
e77282e5-d651-4cb5-831c-af7b2b6eabff	5	15723237	21449167	3513	-0.0013
e77282e5-d651-4cb5-831c-af7b2b6eabff	5	21451091	21451889	4	-2.6011
e77282e5-d651-4cb5-831c-af7b2b6eabff	5	21452329	181363319	96752	0.0037
e77282e5-d651-4cb5-831c-af7b2b6eabff	6	149661	253861	99	-0.0349
e77282e5-d651-4cb5-831c-af7b2b6eabff	6	254267	379015	101	0.2667
e77282e5-d651-4cb5-831c-af7b2b6eabff	6	380821	19039888	14507	0.001
e77282e5-d651-4cb5-831c-af7b2b6eabff	6	19041950	19042587	3	-3.6585
e77282e5-d651-4cb5-831c-af7b2b6eabff	6	19044471	29869411	6845	-0.0006
e77282e5-d651-4cb5-831c-af7b2b6eabff	6	29869537	29875657	7	-0.5475
e77282e5-d651-4cb5-831c-af7b2b6eabff	6	29876257	29881490	7	-1.6057
e77282e5-d651-4cb5-831c-af7b2b6eabff	6	29882419	31305926	654	-0.0121
e77282e5-d651-4cb5-831c-af7b2b6eabff	6	31309909	31328674	13	0.8295
e77282e5-d651-4cb5-831c-af7b2b6eabff	6	31342147	32502142	502	-0.037
e77282e5-d651-4cb5-831c-af7b2b6eabff	6	32502190	32605994	26	-0.4865
e77282e5-d651-4cb5-831c-af7b2b6eabff	6	32606237	32656527	26	-0.1099
e77282e5-d651-4cb5-831c-af7b2b6eabff	6	32656814	32658841	5	-1.3742
e77282e5-d651-4cb5-831c-af7b2b6eabff	6	32682835	32718419	36	-0.0157
e77282e5-d651-4cb5-831c-af7b2b6eabff	6	32720838	32735244	15	-0.5497
e77282e5-d651-4cb5-831c-af7b2b6eabff	6	32735331	33966898	734	0.0044
e77282e5-d651-4cb5-831c-af7b2b6eabff	6	33969659	33970966	10	-0.7343
e77282e5-d651-4cb5-831c-af7b2b6eabff	6	33974234	48961234	9541	-0.0031
e77282e5-d651-4cb5-831c-af7b2b6eabff	6	48961930	48967563	8	-0.8195
e77282e5-d651-4cb5-831c-af7b2b6eabff	6	48978926	54066269	3290	-0.0022
e77282e5-d651-4cb5-831c-af7b2b6eabff	6	54066286	54067057	8	-1.6501
e77282e5-d651-4cb5-831c-af7b2b6eabff	6	54070550	55958495	1203	-0.0074
e77282e5-d651-4cb5-831c-af7b2b6eabff	6	55959654	55978862	12	-1.1483
e77282e5-d651-4cb5-831c-af7b2b6eabff	6	55986080	78240104	11896	0.0048
e77282e5-d651-4cb5-831c-af7b2b6eabff	6	78240510	78325223	125	0.2089
e77282e5-d651-4cb5-831c-af7b2b6eabff	6	78325310	80568270	1430	0.0073
e77282e5-d651-4cb5-831c-af7b2b6eabff	6	80574472	80579817	33	-0.9346
e77282e5-d651-4cb5-831c-af7b2b6eabff	6	80584624	85992372	3340	-0.0003
e77282e5-d651-4cb5-831c-af7b2b6eabff	6	85995537	85996204	3	-1.2012
e77282e5-d651-4cb5-831c-af7b2b6eabff	6	85998530	86364226	192	-0.007
e77282e5-d651-4cb5-831c-af7b2b6eabff	6	86364520	86372433	6	-0.9603
e77282e5-d651-4cb5-831c-af7b2b6eabff	6	86373855	113900791	17103	-0.0009
e77282e5-d651-4cb5-831c-af7b2b6eabff	6	113903677	113903852	2	-2.9349
e77282e5-d651-4cb5-831c-af7b2b6eabff	6	113904647	133945130	12360	0.0055
e77282e5-d651-4cb5-831c-af7b2b6eabff	6	133947933	133948494	2	-1.7598
e77282e5-d651-4cb5-831c-af7b2b6eabff	6	133950934	148528293	9443	0.0027
e77282e5-d651-4cb5-831c-af7b2b6eabff	6	148528426	148530173	2	-1.6173
e77282e5-d651-4cb5-831c-af7b2b6eabff	6	148530201	170741917	15541	0.0033
e77282e5-d651-4cb5-831c-af7b2b6eabff	7	43355	5845695	3030	-0.0104
e77282e5-d651-4cb5-831c-af7b2b6eabff	7	5849392	5999094	36	-0.3586
e77282e5-d651-4cb5-831c-af7b2b6eabff	7	5999270	15392007	7272	0.0057
e77282e5-d651-4cb5-831c-af7b2b6eabff	7	15392045	15393664	2	-2.2071
e77282e5-d651-4cb5-831c-af7b2b6eabff	7	15394440	16556132	938	0.0012
e77282e5-d651-4cb5-831c-af7b2b6eabff	7	16557026	16557233	3	-1.8564
e77282e5-d651-4cb5-831c-af7b2b6eabff	7	16557815	19158689	2200	0.0228
e77282e5-d651-4cb5-831c-af7b2b6eabff	7	19158704	19171422	32	-0.3781
e77282e5-d651-4cb5-831c-af7b2b6eabff	7	19171630	38271122	13756	-0.0026
e77282e5-d651-4cb5-831c-af7b2b6eabff	7	38271497	38342370	108	0.2519
e77282e5-d651-4cb5-831c-af7b2b6eabff	7	38345240	53599130	10446	-0.0009
e77282e5-d651-4cb5-831c-af7b2b6eabff	7	53599752	53615141	10	0.6855
e77282e5-d651-4cb5-831c-af7b2b6eabff	7	53615916	70955452	6617	-0.0028
e77282e5-d651-4cb5-831c-af7b2b6eabff	7	70958264	70961155	2	-2.5256
e77282e5-d651-4cb5-831c-af7b2b6eabff	7	70963257	109793741	22231	0.0041
e77282e5-d651-4cb5-831c-af7b2b6eabff	7	109797035	109797715	15	-1.0219
e77282e5-d651-4cb5-831c-af7b2b6eabff	7	109797717	109801187	10	-0.1646
e77282e5-d651-4cb5-831c-af7b2b6eabff	7	109801572	109813853	10	-2.6849
e77282e5-d651-4cb5-831c-af7b2b6eabff	7	109813925	111420729	1085	0.0189
e77282e5-d651-4cb5-831c-af7b2b6eabff	7	111425236	111429358	7	-0.8726
e77282e5-d651-4cb5-831c-af7b2b6eabff	7	111429478	116289971	2791	0.0126
e77282e5-d651-4cb5-831c-af7b2b6eabff	7	116294646	116301524	6	-0.9926
e77282e5-d651-4cb5-831c-af7b2b6eabff	7	116301612	121555689	3156	0.0011
e77282e5-d651-4cb5-831c-af7b2b6eabff	7	121556272	121559532	2	-1.7167
e77282e5-d651-4cb5-831c-af7b2b6eabff	7	121561238	126404480	2945	-0.0025
e77282e5-d651-4cb5-831c-af7b2b6eabff	7	126404869	126406561	14	-1.0678
e77282e5-d651-4cb5-831c-af7b2b6eabff	7	126406822	159334314	20745	0.0009
e77282e5-d651-4cb5-831c-af7b2b6eabff	8	81254	2844412	2027	-0.0036
e77282e5-d651-4cb5-831c-af7b2b6eabff	8	2846011	2846377	7	-1.1481
e77282e5-d651-4cb5-831c-af7b2b6eabff	8	2849649	3926665	1300	0.0124
e77282e5-d651-4cb5-831c-af7b2b6eabff	8	3929561	3932584	23	-0.8005
e77282e5-d651-4cb5-831c-af7b2b6eabff	8	3933696	8528287	4688	0.003
e77282e5-d651-4cb5-831c-af7b2b6eabff	8	8528640	8528932	4	-2.4082
e77282e5-d651-4cb5-831c-af7b2b6eabff	8	8530797	12177488	2916	0.0067
e77282e5-d651-4cb5-831c-af7b2b6eabff	8	12323772	12382326	12	-1.5816
e77282e5-d651-4cb5-831c-af7b2b6eabff	8	12382653	12385031	10	-0.1151
e77282e5-d651-4cb5-831c-af7b2b6eabff	8	12387683	12389977	7	-0.9043
e77282e5-d651-4cb5-831c-af7b2b6eabff	8	12418301	12788880	112	0.0193
e77282e5-d651-4cb5-831c-af7b2b6eabff	8	12791219	12795017	4	-1.4232
e77282e5-d651-4cb5-831c-af7b2b6eabff	8	12796024	15543669	2619	0.0001
e77282e5-d651-4cb5-831c-af7b2b6eabff	8	15545551	15555938	9	-0.8952
e77282e5-d651-4cb5-831c-af7b2b6eabff	8	15565761	39389156	16622	0.0024
e77282e5-d651-4cb5-831c-af7b2b6eabff	8	39389592	39529446	57	-0.6868
e77282e5-d651-4cb5-831c-af7b2b6eabff	8	39530780	71300130	17836	0.0047
e77282e5-d651-4cb5-831c-af7b2b6eabff	8	71303076	71304364	8	-2.5753
e77282e5-d651-4cb5-831c-af7b2b6eabff	8	71307628	111279265	23983	0.001
e77282e5-d651-4cb5-831c-af7b2b6eabff	8	111282050	111282809	6	-0.9885
e77282e5-d651-4cb5-831c-af7b2b6eabff	8	111282852	111283031	4	-3.1903
e77282e5-d651-4cb5-831c-af7b2b6eabff	8	111288052	143642893	22315	-0.0004
e77282e5-d651-4cb5-831c-af7b2b6eabff	8	143643300	143643786	2	-2.2071
e77282e5-d651-4cb5-831c-af7b2b6eabff	8	143645483	145072769	497	-0.0384
e77282e5-d651-4cb5-831c-af7b2b6eabff	9	46587	6695986	6342	0.0043
e77282e5-d651-4cb5-831c-af7b2b6eabff	9	6701145	6708357	7	-1.0015
e77282e5-d651-4cb5-831c-af7b2b6eabff	9	6712314	6994399	235	0.0019
e77282e5-d651-4cb5-831c-af7b2b6eabff	9	6994513	6994542	2	-2.197
e77282e5-d651-4cb5-831c-af7b2b6eabff	9	6994684	28309880	17512	0.0077
e77282e5-d651-4cb5-831c-af7b2b6eabff	9	28310572	28311631	2	-2.6548
e77282e5-d651-4cb5-831c-af7b2b6eabff	9	28312063	39807498	6941	0.0059
e77282e5-d651-4cb5-831c-af7b2b6eabff	9	39827488	40099921	6	-1.0932
e77282e5-d651-4cb5-831c-af7b2b6eabff	9	40189830	41741113	97	-0.026
e77282e5-d651-4cb5-831c-af7b2b6eabff	9	42014203	42308537	33	-1.5256
e77282e5-d651-4cb5-831c-af7b2b6eabff	9	42501791	61405110	60	-0.1794
e77282e5-d651-4cb5-831c-af7b2b6eabff	9	61520021	61647899	30	-1.5796
e77282e5-d651-4cb5-831c-af7b2b6eabff	9	61665362	87907679	14311	-0.0005
e77282e5-d651-4cb5-831c-af7b2b6eabff	9	87939236	87939304	2	-2.2857
e77282e5-d651-4cb5-831c-af7b2b6eabff	9	87943042	138200944	33541	0.0047
e77282e5-d651-4cb5-831c-af7b2b6eabff	10	45792	24088745	19115	0.0033
e77282e5-d651-4cb5-831c-af7b2b6eabff	10	24088746	24089125	10	-2.1999
e77282e5-d651-4cb5-831c-af7b2b6eabff	10	24089979	46560525	12458	0.0091
e77282e5-d651-4cb5-831c-af7b2b6eabff	10	46606240	46708198	10	-0.868
e77282e5-d651-4cb5-831c-af7b2b6eabff	10	46780843	65546400	12628	0.0051
e77282e5-d651-4cb5-831c-af7b2b6eabff	10	65546518	65565695	32	0.4476
e77282e5-d651-4cb5-831c-af7b2b6eabff	10	65566308	96015709	19953	0.0073
e77282e5-d651-4cb5-831c-af7b2b6eabff	10	96015810	96021459	5	-1.4842
e77282e5-d651-4cb5-831c-af7b2b6eabff	10	96023610	133654968	26035	0.0042
e77282e5-d651-4cb5-831c-af7b2b6eabff	11	198510	4940599	2390	-0.0078
e77282e5-d651-4cb5-831c-af7b2b6eabff	11	4940679	4940683	2	-1.6027
e77282e5-d651-4cb5-831c-af7b2b6eabff	11	4940884	4949137	26	0.0824
e77282e5-d651-4cb5-831c-af7b2b6eabff	11	4950775	4955042	23	-0.5763
e77282e5-d651-4cb5-831c-af7b2b6eabff	11	4955781	5761882	771	0.0002
e77282e5-d651-4cb5-831c-af7b2b6eabff	11	5762165	5781682	31	0.3165
e77282e5-d651-4cb5-831c-af7b2b6eabff	11	5787096	6456985	464	0.0293
e77282e5-d651-4cb5-831c-af7b2b6eabff	11	6459981	6462237	2	-1.4885
e77282e5-d651-4cb5-831c-af7b2b6eabff	11	6462280	18919323	8916	0.0019
e77282e5-d651-4cb5-831c-af7b2b6eabff	11	18927525	18940375	44	-1.1529
e77282e5-d651-4cb5-831c-af7b2b6eabff	11	18940441	55608547	21680	0.0009
e77282e5-d651-4cb5-831c-af7b2b6eabff	11	55608760	55667651	39	0.4831
e77282e5-d651-4cb5-831c-af7b2b6eabff	11	55670243	65922735	5535	-0.0051
e77282e5-d651-4cb5-831c-af7b2b6eabff	11	65925379	65925596	2	-2.3292
e77282e5-d651-4cb5-831c-af7b2b6eabff	11	65927337	69984330	1799	0.0026
e77282e5-d651-4cb5-831c-af7b2b6eabff	11	69991152	69991367	3	-1.6869
e77282e5-d651-4cb5-831c-af7b2b6eabff	11	69991545	101723653	21112	0.0037
e77282e5-d651-4cb5-831c-af7b2b6eabff	11	101727129	101727233	4	2.7001
e77282e5-d651-4cb5-831c-af7b2b6eabff	11	101727481	107359993	3784	-0.0007
e77282e5-d651-4cb5-831c-af7b2b6eabff	11	107367930	107368402	7	-1.5876
e77282e5-d651-4cb5-831c-af7b2b6eabff	11	107381636	107910653	384	-0.0289
e77282e5-d651-4cb5-831c-af7b2b6eabff	11	107913781	107916987	3	-2.8615
e77282e5-d651-4cb5-831c-af7b2b6eabff	11	107919044	135074876	19424	-0.0004
e77282e5-d651-4cb5-831c-af7b2b6eabff	12	51460	756804	415	-0.0573
e77282e5-d651-4cb5-831c-af7b2b6eabff	12	759943	767080	20	-0.9988
e77282e5-d651-4cb5-831c-af7b2b6eabff	12	767122	33141726	22247	0.0026
e77282e5-d651-4cb5-831c-af7b2b6eabff	12	33148472	33155426	28	-0.6529
e77282e5-d651-4cb5-831c-af7b2b6eabff	12	33155453	133201603	61806	0.0023
e77282e5-d651-4cb5-831c-af7b2b6eabff	13	18452809	19547319	530	-0.0086
e77282e5-d651-4cb5-831c-af7b2b6eabff	13	19549755	19549770	2	-2.1098
e77282e5-d651-4cb5-831c-af7b2b6eabff	13	19550361	23055071	2314	0.008
e77282e5-d651-4cb5-831c-af7b2b6eabff	13	23058539	23059376	12	-0.8665
e77282e5-d651-4cb5-831c-af7b2b6eabff	13	23064056	24056776	758	0.0207
e77282e5-d651-4cb5-831c-af7b2b6eabff	13	24058001	24058911	4	-1.1948
e77282e5-d651-4cb5-831c-af7b2b6eabff	13	24061115	52485081	19671	0.0021
e77282e5-d651-4cb5-831c-af7b2b6eabff	13	52497017	52520664	7	-0.8365
e77282e5-d651-4cb5-831c-af7b2b6eabff	13	52523849	58010656	3061	0.0024
e77282e5-d651-4cb5-831c-af7b2b6eabff	13	58016147	58022896	6	-1.1666
e77282e5-d651-4cb5-831c-af7b2b6eabff	13	58027918	63650072	3358	-0.0147
e77282e5-d651-4cb5-831c-af7b2b6eabff	13	63650659	63662559	9	-0.9053
e77282e5-d651-4cb5-831c-af7b2b6eabff	13	63665430	114342922	34114	-0.0005
e77282e5-d651-4cb5-831c-af7b2b6eabff	14	18239283	18646056	16	-0.041
e77282e5-d651-4cb5-831c-af7b2b6eabff	14	18656322	19326853	33	0.6036
e77282e5-d651-4cb5-831c-af7b2b6eabff	14	19367655	19650668	11	-0.0092
e77282e5-d651-4cb5-831c-af7b2b6eabff	14	19667065	19954424	106	0.6721
e77282e5-d651-4cb5-831c-af7b2b6eabff	14	19955213	21906219	1307	-0.0056
e77282e5-d651-4cb5-831c-af7b2b6eabff	14	21906816	22508264	552	0.1775
e77282e5-d651-4cb5-831c-af7b2b6eabff	14	22508844	24009685	861	-0.0166
e77282e5-d651-4cb5-831c-af7b2b6eabff	14	24010178	24015250	5	-1.2428
e77282e5-d651-4cb5-831c-af7b2b6eabff	14	24018934	98874961	48412	0.0026
e77282e5-d651-4cb5-831c-af7b2b6eabff	14	98875416	98883280	2	-1.8335
e77282e5-d651-4cb5-831c-af7b2b6eabff	14	98888868	106719325	3776	0.0025
e77282e5-d651-4cb5-831c-af7b2b6eabff	14	106770215	106770361	3	-1.9216
e77282e5-d651-4cb5-831c-af7b2b6eabff	14	106775945	106877229	68	0.0034
e77282e5-d651-4cb5-831c-af7b2b6eabff	15	19811075	20986997	155	-0.0418
e77282e5-d651-4cb5-831c-af7b2b6eabff	15	20988347	21272760	19	-0.9627
e77282e5-d651-4cb5-831c-af7b2b6eabff	15	21417107	101928837	51148	0.0025
e77282e5-d651-4cb5-831c-af7b2b6eabff	16	10777	19933041	13413	-0.0086
e77282e5-d651-4cb5-831c-af7b2b6eabff	16	19934328	19954553	28	-1.0395
e77282e5-d651-4cb5-831c-af7b2b6eabff	16	19956040	21368130	889	-0.0024
e77282e5-d651-4cb5-831c-af7b2b6eabff	16	21401082	21588178	28	-0.3789
e77282e5-d651-4cb5-831c-af7b2b6eabff	16	21590407	22407380	348	-0.0108
e77282e5-d651-4cb5-831c-af7b2b6eabff	16	22408871	22693199	81	-0.4059
e77282e5-d651-4cb5-831c-af7b2b6eabff	16	22699421	75190835	23557	-0.0026
e77282e5-d651-4cb5-831c-af7b2b6eabff	16	75194071	75194085	2	1.8674
e77282e5-d651-4cb5-831c-af7b2b6eabff	16	75195731	90096867	13297	-0.006
e77282e5-d651-4cb5-831c-af7b2b6eabff	17	150733	18455632	11345	-0.0093
e77282e5-d651-4cb5-831c-af7b2b6eabff	17	18455635	18550123	23	-0.9513
e77282e5-d651-4cb5-831c-af7b2b6eabff	17	18561272	36108119	6804	0.0024
e77282e5-d651-4cb5-831c-af7b2b6eabff	17	36108874	36208249	39	0.4828
e77282e5-d651-4cb5-831c-af7b2b6eabff	17	36460442	46085231	5033	0
e77282e5-d651-4cb5-831c-af7b2b6eabff	17	46085732	46215389	108	0.4805
e77282e5-d651-4cb5-831c-af7b2b6eabff	17	46218468	46286804	17	0.1158
e77282e5-d651-4cb5-831c-af7b2b6eabff	17	46323701	46446360	4	-1.4238
e77282e5-d651-4cb5-831c-af7b2b6eabff	17	46569894	76598042	18149	-0.0013
e77282e5-d651-4cb5-831c-af7b2b6eabff	17	76600300	76600320	2	-2.0765
e77282e5-d651-4cb5-831c-af7b2b6eabff	17	76601380	83091923	3306	-0.0152
e77282e5-d651-4cb5-831c-af7b2b6eabff	18	48133	78900693	49819	-0.0203
e77282e5-d651-4cb5-831c-af7b2b6eabff	18	78902714	78904863	5	-1.3684
e77282e5-d651-4cb5-831c-af7b2b6eabff	18	78906449	80257174	702	-0.0416
e77282e5-d651-4cb5-831c-af7b2b6eabff	19	90910	35358420	16647	-0.0062
e77282e5-d651-4cb5-831c-af7b2b6eabff	19	35364451	35370946	21	-0.6734
e77282e5-d651-4cb5-831c-af7b2b6eabff	19	35375842	36315613	433	-0.0279
e77282e5-d651-4cb5-831c-af7b2b6eabff	19	36316398	36356596	17	-0.551
e77282e5-d651-4cb5-831c-af7b2b6eabff	19	36356735	54215099	9304	-0.0046
e77282e5-d651-4cb5-831c-af7b2b6eabff	19	54215136	54237443	17	-0.9889
e77282e5-d651-4cb5-831c-af7b2b6eabff	19	54249482	58586487	2579	0.001
e77282e5-d651-4cb5-831c-af7b2b6eabff	20	80664	1586808	1201	-0.001
e77282e5-d651-4cb5-831c-af7b2b6eabff	20	1587007	1613247	38	1.3146
e77282e5-d651-4cb5-831c-af7b2b6eabff	20	1617300	26324943	18682	-0.0013
e77282e5-d651-4cb5-831c-af7b2b6eabff	20	30185676	30271154	16	-0.908
e77282e5-d651-4cb5-831c-af7b2b6eabff	20	30293217	64324800	22238	-0.0017
e77282e5-d651-4cb5-831c-af7b2b6eabff	21	10354168	46677045	23751	0.0013
e77282e5-d651-4cb5-831c-af7b2b6eabff	22	15294547	15737995	26	0.1378
e77282e5-d651-4cb5-831c-af7b2b6eabff	22	15738476	15825678	7	0.801
e77282e5-d651-4cb5-831c-af7b2b6eabff	22	15825902	18620743	1096	0
e77282e5-d651-4cb5-831c-af7b2b6eabff	22	18649244	18822597	7	1.5279
e77282e5-d651-4cb5-831c-af7b2b6eabff	22	18917479	22395495	2300	-0.0287
e77282e5-d651-4cb5-831c-af7b2b6eabff	22	22395652	22402989	13	-0.7966
e77282e5-d651-4cb5-831c-af7b2b6eabff	22	22415587	23929558	915	-0.0198
e77282e5-d651-4cb5-831c-af7b2b6eabff	22	23940911	23959448	8	-1.2382
e77282e5-d651-4cb5-831c-af7b2b6eabff	22	23971476	50796027	18809	-0.0088
e77282e5-d651-4cb5-831c-af7b2b6eabff	X	251810	7020997	3293	0.0239
e77282e5-d651-4cb5-831c-af7b2b6eabff	X	7030317	7931064	690	-1.1044
e77282e5-d651-4cb5-831c-af7b2b6eabff	X	7935257	155952689	79348	0.0121
e77282e5-d651-4cb5-831c-af7b2b6eabff	Y	2782397	3394523	204	-2.978
e77282e5-d651-4cb5-831c-af7b2b6eabff	Y	3394871	6075631	514	-2.6361
e77282e5-d651-4cb5-831c-af7b2b6eabff	Y	6076562	8484811	1138	-3.193
e77282e5-d651-4cb5-831c-af7b2b6eabff	Y	8485666	8492777	4	-5.271
e77282e5-d651-4cb5-831c-af7b2b6eabff	Y	8493078	8632342	101	-3.4387
e77282e5-d651-4cb5-831c-af7b2b6eabff	Y	8632861	8654617	9	-5.5213
e77282e5-d651-4cb5-831c-af7b2b6eabff	Y	8654875	9330531	257	-3.4112
e77282e5-d651-4cb5-831c-af7b2b6eabff	Y	9332936	9554275	25	-4.7712
e77282e5-d651-4cb5-831c-af7b2b6eabff	Y	9554586	13478396	1012	-3.0709
e77282e5-d651-4cb5-831c-af7b2b6eabff	Y	13478462	13482643	3	-7.6945
e77282e5-d651-4cb5-831c-af7b2b6eabff	Y	13483009	56872112	3372	-3.1345
