GDC_Aliquot	Chromosome	Start	End	Num_Probes	Segment_Mean
f7f0aa78-4f4c-486b-b6f5-cf426b07a3a5	1	62920	86341	11	0.9261
f7f0aa78-4f4c-486b-b6f5-cf426b07a3a5	1	98588	15158643	7898	0.0013
f7f0aa78-4f4c-486b-b6f5-cf426b07a3a5	1	15158818	15163114	4	-2.0471
f7f0aa78-4f4c-486b-b6f5-cf426b07a3a5	1	15163129	15163790	11	-0.4382
f7f0aa78-4f4c-486b-b6f5-cf426b07a3a5	1	15167414	72303233	34849	0.0025
f7f0aa78-4f4c-486b-b6f5-cf426b07a3a5	1	72303253	72345465	45	-1.194
f7f0aa78-4f4c-486b-b6f5-cf426b07a3a5	1	72346221	83350794	7083	0.001
f7f0aa78-4f4c-486b-b6f5-cf426b07a3a5	1	83359894	83359907	2	-1.8132
f7f0aa78-4f4c-486b-b6f5-cf426b07a3a5	1	83362590	105476583	13859	0.0069
f7f0aa78-4f4c-486b-b6f5-cf426b07a3a5	1	105476614	105479753	16	-2.1892
f7f0aa78-4f4c-486b-b6f5-cf426b07a3a5	1	105481433	109679105	2633	0.001
f7f0aa78-4f4c-486b-b6f5-cf426b07a3a5	1	109684695	109697556	15	1.3725
f7f0aa78-4f4c-486b-b6f5-cf426b07a3a5	1	109702376	111769532	1585	0.0132
f7f0aa78-4f4c-486b-b6f5-cf426b07a3a5	1	111769589	111769929	3	0.953
f7f0aa78-4f4c-486b-b6f5-cf426b07a3a5	1	111770456	112147704	363	-0.0175
f7f0aa78-4f4c-486b-b6f5-cf426b07a3a5	1	112153343	112154754	24	0.4536
f7f0aa78-4f4c-486b-b6f5-cf426b07a3a5	1	112154768	112449193	247	0.0069
f7f0aa78-4f4c-486b-b6f5-cf426b07a3a5	1	112449240	112449259	2	-1.3316
f7f0aa78-4f4c-486b-b6f5-cf426b07a3a5	1	112452243	147732310	5710	0.018
f7f0aa78-4f4c-486b-b6f5-cf426b07a3a5	1	147733603	147733635	2	-1.8824
f7f0aa78-4f4c-486b-b6f5-cf426b07a3a5	1	147735678	152599461	1658	0.0329
f7f0aa78-4f4c-486b-b6f5-cf426b07a3a5	1	152599705	152614118	20	0.4296
f7f0aa78-4f4c-486b-b6f5-cf426b07a3a5	1	152618018	152785214	166	0.0222
f7f0aa78-4f4c-486b-b6f5-cf426b07a3a5	1	152787202	152796224	38	0.3581
f7f0aa78-4f4c-486b-b6f5-cf426b07a3a5	1	152801429	155685557	1555	0.001
f7f0aa78-4f4c-486b-b6f5-cf426b07a3a5	1	155687178	155691436	2	-1.2796
f7f0aa78-4f4c-486b-b6f5-cf426b07a3a5	1	155692180	193186662	25497	0.0082
f7f0aa78-4f4c-486b-b6f5-cf426b07a3a5	1	193187149	193187187	2	1.4187
f7f0aa78-4f4c-486b-b6f5-cf426b07a3a5	1	193187202	194479104	944	0.0077
f7f0aa78-4f4c-486b-b6f5-cf426b07a3a5	1	194482281	194485888	2	1.388
f7f0aa78-4f4c-486b-b6f5-cf426b07a3a5	1	194487886	196762956	1454	-0.0049
f7f0aa78-4f4c-486b-b6f5-cf426b07a3a5	1	196769493	196788723	28	0.5756
f7f0aa78-4f4c-486b-b6f5-cf426b07a3a5	1	196788772	196829534	19	0.0639
f7f0aa78-4f4c-486b-b6f5-cf426b07a3a5	1	196829693	196832312	5	0.7523
f7f0aa78-4f4c-486b-b6f5-cf426b07a3a5	1	196832525	199138574	1378	0.0174
f7f0aa78-4f4c-486b-b6f5-cf426b07a3a5	1	199142235	199144712	9	-1.7494
f7f0aa78-4f4c-486b-b6f5-cf426b07a3a5	1	199145110	210425493	7751	-0.0018
f7f0aa78-4f4c-486b-b6f5-cf426b07a3a5	1	210431402	210438538	20	-0.8273
f7f0aa78-4f4c-486b-b6f5-cf426b07a3a5	1	210438566	240228440	20783	0.0009
f7f0aa78-4f4c-486b-b6f5-cf426b07a3a5	1	240230715	240230824	5	-1.9369
f7f0aa78-4f4c-486b-b6f5-cf426b07a3a5	1	240230839	248525284	5680	0.0109
f7f0aa78-4f4c-486b-b6f5-cf426b07a3a5	1	248525299	248633912	38	-0.7366
f7f0aa78-4f4c-486b-b6f5-cf426b07a3a5	1	248645563	248930189	140	0.0855
f7f0aa78-4f4c-486b-b6f5-cf426b07a3a5	2	12784	4870219	3627	0.0201
f7f0aa78-4f4c-486b-b6f5-cf426b07a3a5	2	4870307	4870552	7	-1.9332
f7f0aa78-4f4c-486b-b6f5-cf426b07a3a5	2	4876276	6160061	1057	0.0161
f7f0aa78-4f4c-486b-b6f5-cf426b07a3a5	2	6160351	6167718	29	-0.8838
f7f0aa78-4f4c-486b-b6f5-cf426b07a3a5	2	6167743	34466002	19366	0.0075
f7f0aa78-4f4c-486b-b6f5-cf426b07a3a5	2	34474248	34512096	47	0.7046
f7f0aa78-4f4c-486b-b6f5-cf426b07a3a5	2	34512489	41011478	4806	0.0143
f7f0aa78-4f4c-486b-b6f5-cf426b07a3a5	2	41011533	41018747	17	-0.5151
f7f0aa78-4f4c-486b-b6f5-cf426b07a3a5	2	41024093	52527743	8177	0.011
f7f0aa78-4f4c-486b-b6f5-cf426b07a3a5	2	52531615	52560811	34	0.5407
f7f0aa78-4f4c-486b-b6f5-cf426b07a3a5	2	52563002	109704919	31529	0.0088
f7f0aa78-4f4c-486b-b6f5-cf426b07a3a5	2	109743935	109984252	3	1.435
f7f0aa78-4f4c-486b-b6f5-cf426b07a3a5	2	110044146	118674701	4855	0.0071
f7f0aa78-4f4c-486b-b6f5-cf426b07a3a5	2	118677186	118678127	6	-0.9236
f7f0aa78-4f4c-486b-b6f5-cf426b07a3a5	2	118679746	129787992	7152	0.0186
f7f0aa78-4f4c-486b-b6f5-cf426b07a3a5	2	129791702	129801673	9	-0.7254
f7f0aa78-4f4c-486b-b6f5-cf426b07a3a5	2	129802474	130455273	249	0.0088
f7f0aa78-4f4c-486b-b6f5-cf426b07a3a5	2	130471073	130539652	5	0.8624
f7f0aa78-4f4c-486b-b6f5-cf426b07a3a5	2	130560276	132007187	531	-0.0063
f7f0aa78-4f4c-486b-b6f5-cf426b07a3a5	2	132015614	132051740	10	-0.8632
f7f0aa78-4f4c-486b-b6f5-cf426b07a3a5	2	132055162	146104517	8883	0.0126
f7f0aa78-4f4c-486b-b6f5-cf426b07a3a5	2	146106836	146109366	24	0.5589
f7f0aa78-4f4c-486b-b6f5-cf426b07a3a5	2	146120238	242147305	59051	0.0069
f7f0aa78-4f4c-486b-b6f5-cf426b07a3a5	3	20930	947081	746	0.039
f7f0aa78-4f4c-486b-b6f5-cf426b07a3a5	3	948533	956297	11	-0.865
f7f0aa78-4f4c-486b-b6f5-cf426b07a3a5	3	959260	45764574	31756	0.0026
f7f0aa78-4f4c-486b-b6f5-cf426b07a3a5	3	45767624	45767920	4	-1.0815
f7f0aa78-4f4c-486b-b6f5-cf426b07a3a5	3	45771022	46380815	408	0.0063
f7f0aa78-4f4c-486b-b6f5-cf426b07a3a5	3	46380864	46380896	2	-1.2399
f7f0aa78-4f4c-486b-b6f5-cf426b07a3a5	3	46381266	46751887	248	0.0163
f7f0aa78-4f4c-486b-b6f5-cf426b07a3a5	3	46760327	46807689	39	-2.4608
f7f0aa78-4f4c-486b-b6f5-cf426b07a3a5	3	46808099	68697013	14558	0.004
f7f0aa78-4f4c-486b-b6f5-cf426b07a3a5	3	68697108	68698262	14	1.0141
f7f0aa78-4f4c-486b-b6f5-cf426b07a3a5	3	68699607	164991161	56161	0.0044
f7f0aa78-4f4c-486b-b6f5-cf426b07a3a5	3	164993409	164993897	3	-2.5565
f7f0aa78-4f4c-486b-b6f5-cf426b07a3a5	3	164998574	166345542	826	-0.0034
f7f0aa78-4f4c-486b-b6f5-cf426b07a3a5	3	166345996	166347032	3	-1.2988
f7f0aa78-4f4c-486b-b6f5-cf426b07a3a5	3	166350305	173590412	4399	0.0089
f7f0aa78-4f4c-486b-b6f5-cf426b07a3a5	3	173590556	173590573	2	-1.6533
f7f0aa78-4f4c-486b-b6f5-cf426b07a3a5	3	173593604	193160113	12760	0.0115
f7f0aa78-4f4c-486b-b6f5-cf426b07a3a5	3	193160173	193165114	19	-1.3329
f7f0aa78-4f4c-486b-b6f5-cf426b07a3a5	3	193168646	195558822	1481	0.012
f7f0aa78-4f4c-486b-b6f5-cf426b07a3a5	3	195559056	195747892	45	0.4564
f7f0aa78-4f4c-486b-b6f5-cf426b07a3a5	3	195751823	195934679	80	-0.0121
f7f0aa78-4f4c-486b-b6f5-cf426b07a3a5	3	195963975	195991894	7	0.8378
f7f0aa78-4f4c-486b-b6f5-cf426b07a3a5	3	195998433	198169247	1078	0.0167
f7f0aa78-4f4c-486b-b6f5-cf426b07a3a5	4	68929	3597723	1440	0.0102
f7f0aa78-4f4c-486b-b6f5-cf426b07a3a5	4	3598142	3600457	2	-1.9098
f7f0aa78-4f4c-486b-b6f5-cf426b07a3a5	4	3607663	9455251	3716	-0.0048
f7f0aa78-4f4c-486b-b6f5-cf426b07a3a5	4	9459504	9477699	6	0.8039
f7f0aa78-4f4c-486b-b6f5-cf426b07a3a5	4	9484440	10208518	537	0.0052
f7f0aa78-4f4c-486b-b6f5-cf426b07a3a5	4	10208570	10236812	41	0.3347
f7f0aa78-4f4c-486b-b6f5-cf426b07a3a5	4	10237337	21486642	8294	0.0048
f7f0aa78-4f4c-486b-b6f5-cf426b07a3a5	4	21491844	21495655	8	-0.8137
f7f0aa78-4f4c-486b-b6f5-cf426b07a3a5	4	21496471	49214614	17677	0.0001
f7f0aa78-4f4c-486b-b6f5-cf426b07a3a5	4	49289175	49656206	20	-0.4895
f7f0aa78-4f4c-486b-b6f5-cf426b07a3a5	4	49656595	54353318	1602	0.0087
f7f0aa78-4f4c-486b-b6f5-cf426b07a3a5	4	54353363	54354188	8	-0.9051
f7f0aa78-4f4c-486b-b6f5-cf426b07a3a5	4	54355243	56677056	1571	0.0043
f7f0aa78-4f4c-486b-b6f5-cf426b07a3a5	4	56677154	56678187	10	-0.6721
f7f0aa78-4f4c-486b-b6f5-cf426b07a3a5	4	56678336	62802116	3808	0.0001
f7f0aa78-4f4c-486b-b6f5-cf426b07a3a5	4	62804218	62805944	8	-1.7232
f7f0aa78-4f4c-486b-b6f5-cf426b07a3a5	4	62813912	63828222	556	-0.011
f7f0aa78-4f4c-486b-b6f5-cf426b07a3a5	4	63831751	63842505	27	0.3416
f7f0aa78-4f4c-486b-b6f5-cf426b07a3a5	4	63842540	68395346	2856	-0.0055
f7f0aa78-4f4c-486b-b6f5-cf426b07a3a5	4	68416487	68422424	5	1.1985
f7f0aa78-4f4c-486b-b6f5-cf426b07a3a5	4	68429081	69257792	392	0.0398
f7f0aa78-4f4c-486b-b6f5-cf426b07a3a5	4	69261926	69366406	56	-0.4994
f7f0aa78-4f4c-486b-b6f5-cf426b07a3a5	4	69370433	72550201	1861	0.0012
f7f0aa78-4f4c-486b-b6f5-cf426b07a3a5	4	72553717	72559288	10	-1.184
f7f0aa78-4f4c-486b-b6f5-cf426b07a3a5	4	72559595	72598968	32	-0.0363
f7f0aa78-4f4c-486b-b6f5-cf426b07a3a5	4	72599956	72608343	7	-1.2096
f7f0aa78-4f4c-486b-b6f5-cf426b07a3a5	4	72608964	77370115	3144	0.0013
f7f0aa78-4f4c-486b-b6f5-cf426b07a3a5	4	77370213	77371023	6	-0.7791
f7f0aa78-4f4c-486b-b6f5-cf426b07a3a5	4	77371049	86054070	5372	0.0019
f7f0aa78-4f4c-486b-b6f5-cf426b07a3a5	4	86054941	86058611	19	-0.6673
f7f0aa78-4f4c-486b-b6f5-cf426b07a3a5	4	86058791	107155362	12458	0.0018
f7f0aa78-4f4c-486b-b6f5-cf426b07a3a5	4	107155376	107157129	4	-1.4843
f7f0aa78-4f4c-486b-b6f5-cf426b07a3a5	4	107157215	108200260	637	0.0091
f7f0aa78-4f4c-486b-b6f5-cf426b07a3a5	4	108200534	108205397	2	-1.2843
f7f0aa78-4f4c-486b-b6f5-cf426b07a3a5	4	108205560	114252544	3762	0.0006
f7f0aa78-4f4c-486b-b6f5-cf426b07a3a5	4	114254167	114261019	23	0.8518
f7f0aa78-4f4c-486b-b6f5-cf426b07a3a5	4	114263073	121360818	4337	0.0039
f7f0aa78-4f4c-486b-b6f5-cf426b07a3a5	4	121361313	121363980	28	-0.6341
f7f0aa78-4f4c-486b-b6f5-cf426b07a3a5	4	121369976	137171085	8870	0.0075
f7f0aa78-4f4c-486b-b6f5-cf426b07a3a5	4	137171266	137171910	12	-0.7231
f7f0aa78-4f4c-486b-b6f5-cf426b07a3a5	4	137172260	171448195	21382	0.003
f7f0aa78-4f4c-486b-b6f5-cf426b07a3a5	4	171453733	171456573	11	0.9224
f7f0aa78-4f4c-486b-b6f5-cf426b07a3a5	4	171456625	172066777	398	-0.0072
f7f0aa78-4f4c-486b-b6f5-cf426b07a3a5	4	172067997	172068354	10	-1.7029
f7f0aa78-4f4c-486b-b6f5-cf426b07a3a5	4	172068368	187731152	10599	0.0118
f7f0aa78-4f4c-486b-b6f5-cf426b07a3a5	4	187739802	187758153	13	-0.766
f7f0aa78-4f4c-486b-b6f5-cf426b07a3a5	4	187766612	190106768	1463	0.0234
f7f0aa78-4f4c-486b-b6f5-cf426b07a3a5	5	15532	88955	35	0.0935
f7f0aa78-4f4c-486b-b6f5-cf426b07a3a5	5	91321	106661	5	-0.6982
f7f0aa78-4f4c-486b-b6f5-cf426b07a3a5	5	106704	731776	280	0.0376
f7f0aa78-4f4c-486b-b6f5-cf426b07a3a5	5	732788	825192	31	1.1025
f7f0aa78-4f4c-486b-b6f5-cf426b07a3a5	5	825538	12791608	9831	0.0036
f7f0aa78-4f4c-486b-b6f5-cf426b07a3a5	5	12800777	12826538	12	0.7716
f7f0aa78-4f4c-486b-b6f5-cf426b07a3a5	5	12833745	15718383	1974	-0.0037
f7f0aa78-4f4c-486b-b6f5-cf426b07a3a5	5	15719113	15720488	11	-0.885
f7f0aa78-4f4c-486b-b6f5-cf426b07a3a5	5	15723237	21370468	3479	0.0046
f7f0aa78-4f4c-486b-b6f5-cf426b07a3a5	5	21376735	21377744	3	-1.4126
f7f0aa78-4f4c-486b-b6f5-cf426b07a3a5	5	21385957	26789387	3181	-0.0071
f7f0aa78-4f4c-486b-b6f5-cf426b07a3a5	5	26797651	26797735	2	-2.2531
f7f0aa78-4f4c-486b-b6f5-cf426b07a3a5	5	26803775	26948318	109	0.0154
f7f0aa78-4f4c-486b-b6f5-cf426b07a3a5	5	26948389	26949346	5	-0.9403
f7f0aa78-4f4c-486b-b6f5-cf426b07a3a5	5	26949391	34072810	4630	0.0039
f7f0aa78-4f4c-486b-b6f5-cf426b07a3a5	5	34074241	34083537	4	-1.202
f7f0aa78-4f4c-486b-b6f5-cf426b07a3a5	5	34087401	46191782	7052	0.0056
f7f0aa78-4f4c-486b-b6f5-cf426b07a3a5	5	46195781	46199333	4	-1.0491
f7f0aa78-4f4c-486b-b6f5-cf426b07a3a5	5	46209197	46271006	15	0.1167
f7f0aa78-4f4c-486b-b6f5-cf426b07a3a5	5	46271828	46273400	6	1.2252
f7f0aa78-4f4c-486b-b6f5-cf426b07a3a5	5	46278110	58660999	5546	0.0049
f7f0aa78-4f4c-486b-b6f5-cf426b07a3a5	5	58661016	58663305	23	-0.8846
f7f0aa78-4f4c-486b-b6f5-cf426b07a3a5	5	58663865	97575366	22341	0.0038
f7f0aa78-4f4c-486b-b6f5-cf426b07a3a5	5	97575825	97580979	2	-2.9732
f7f0aa78-4f4c-486b-b6f5-cf426b07a3a5	5	97582130	104524672	4004	0.004
f7f0aa78-4f4c-486b-b6f5-cf426b07a3a5	5	104524780	104524903	3	-1.3253
f7f0aa78-4f4c-486b-b6f5-cf426b07a3a5	5	104525348	156149576	33504	0.0065
f7f0aa78-4f4c-486b-b6f5-cf426b07a3a5	5	156150331	156163274	9	-1.0117
f7f0aa78-4f4c-486b-b6f5-cf426b07a3a5	5	156170444	156318017	96	0.0182
f7f0aa78-4f4c-486b-b6f5-cf426b07a3a5	5	156318895	156318929	2	-1.7811
f7f0aa78-4f4c-486b-b6f5-cf426b07a3a5	5	156321894	177771448	14633	-0.0013
f7f0aa78-4f4c-486b-b6f5-cf426b07a3a5	5	177800550	177805604	3	2.3042
f7f0aa78-4f4c-486b-b6f5-cf426b07a3a5	5	177827964	177952489	16	0.3951
f7f0aa78-4f4c-486b-b6f5-cf426b07a3a5	5	177956397	180951888	1782	0.0097
f7f0aa78-4f4c-486b-b6f5-cf426b07a3a5	5	180953203	180987465	12	-0.8752
f7f0aa78-4f4c-486b-b6f5-cf426b07a3a5	5	180990207	181363319	175	-0.0036
f7f0aa78-4f4c-486b-b6f5-cf426b07a3a5	6	149661	291082	119	0.0251
f7f0aa78-4f4c-486b-b6f5-cf426b07a3a5	6	294286	381149	83	-0.3227
f7f0aa78-4f4c-486b-b6f5-cf426b07a3a5	6	382559	993570	533	0.0223
f7f0aa78-4f4c-486b-b6f5-cf426b07a3a5	6	993588	1007188	12	0.5004
f7f0aa78-4f4c-486b-b6f5-cf426b07a3a5	6	1008068	16087418	11812	0.0032
f7f0aa78-4f4c-486b-b6f5-cf426b07a3a5	6	16088037	16088500	4	-1.3298
f7f0aa78-4f4c-486b-b6f5-cf426b07a3a5	6	16088820	29869295	9085	0.0011
f7f0aa78-4f4c-486b-b6f5-cf426b07a3a5	6	29869410	29913481	27	0.4955
f7f0aa78-4f4c-486b-b6f5-cf426b07a3a5	6	29913570	31305253	647	0.0225
f7f0aa78-4f4c-486b-b6f5-cf426b07a3a5	6	31305926	31328674	14	0.5688
f7f0aa78-4f4c-486b-b6f5-cf426b07a3a5	6	31342147	32463515	497	0.0619
f7f0aa78-4f4c-486b-b6f5-cf426b07a3a5	6	32463775	32533522	19	1.1199
f7f0aa78-4f4c-486b-b6f5-cf426b07a3a5	6	32540699	32658841	47	0.3077
f7f0aa78-4f4c-486b-b6f5-cf426b07a3a5	6	32682835	54066269	13696	-0.0035
f7f0aa78-4f4c-486b-b6f5-cf426b07a3a5	6	54066286	54067057	8	1.1035
f7f0aa78-4f4c-486b-b6f5-cf426b07a3a5	6	54070550	67994488	6605	-0.0035
f7f0aa78-4f4c-486b-b6f5-cf426b07a3a5	6	67997844	67998283	3	-1.0259
f7f0aa78-4f4c-486b-b6f5-cf426b07a3a5	6	68001264	73882142	3770	-0.0039
f7f0aa78-4f4c-486b-b6f5-cf426b07a3a5	6	73882509	73887625	9	1.07
f7f0aa78-4f4c-486b-b6f5-cf426b07a3a5	6	73891694	76317589	1503	0.0062
f7f0aa78-4f4c-486b-b6f5-cf426b07a3a5	6	76317890	76318064	2	-1.0307
f7f0aa78-4f4c-486b-b6f5-cf426b07a3a5	6	76323236	76707753	247	-0.0176
f7f0aa78-4f4c-486b-b6f5-cf426b07a3a5	6	76708370	76758906	44	0.2845
f7f0aa78-4f4c-486b-b6f5-cf426b07a3a5	6	76758921	78178938	914	-0.0048
f7f0aa78-4f4c-486b-b6f5-cf426b07a3a5	6	78181772	78188798	3	-0.9998
f7f0aa78-4f4c-486b-b6f5-cf426b07a3a5	6	78190303	78253172	55	0.0148
f7f0aa78-4f4c-486b-b6f5-cf426b07a3a5	6	78259348	78325457	111	0.37
f7f0aa78-4f4c-486b-b6f5-cf426b07a3a5	6	78325468	83379425	3208	0.0001
f7f0aa78-4f4c-486b-b6f5-cf426b07a3a5	6	83384309	83386221	4	-0.9524
f7f0aa78-4f4c-486b-b6f5-cf426b07a3a5	6	83388830	103290531	12268	-0.0032
f7f0aa78-4f4c-486b-b6f5-cf426b07a3a5	6	103299546	103299557	2	-1.8346
f7f0aa78-4f4c-486b-b6f5-cf426b07a3a5	6	103299578	125861617	13914	-0.005
f7f0aa78-4f4c-486b-b6f5-cf426b07a3a5	6	125862546	125865630	3	-2.5971
f7f0aa78-4f4c-486b-b6f5-cf426b07a3a5	6	125867747	170741917	30261	0.0011
f7f0aa78-4f4c-486b-b6f5-cf426b07a3a5	7	43355	6874832	3439	0.0252
f7f0aa78-4f4c-486b-b6f5-cf426b07a3a5	7	6875096	6880208	4	-1.3813
f7f0aa78-4f4c-486b-b6f5-cf426b07a3a5	7	6880649	22395161	12609	0.0178
f7f0aa78-4f4c-486b-b6f5-cf426b07a3a5	7	22395853	22396868	2	-2.2258
f7f0aa78-4f4c-486b-b6f5-cf426b07a3a5	7	22399135	38234132	11292	0.0139
f7f0aa78-4f4c-486b-b6f5-cf426b07a3a5	7	38238544	38362895	136	0.1918
f7f0aa78-4f4c-486b-b6f5-cf426b07a3a5	7	38364786	42816501	3014	0.0135
f7f0aa78-4f4c-486b-b6f5-cf426b07a3a5	7	42817232	42832898	12	-0.2692
f7f0aa78-4f4c-486b-b6f5-cf426b07a3a5	7	42832916	42834037	2	-1.2671
f7f0aa78-4f4c-486b-b6f5-cf426b07a3a5	7	42835198	43029963	124	0.0423
f7f0aa78-4f4c-486b-b6f5-cf426b07a3a5	7	43030049	43056011	13	-0.9893
f7f0aa78-4f4c-486b-b6f5-cf426b07a3a5	7	43058009	53146726	6964	0.0141
f7f0aa78-4f4c-486b-b6f5-cf426b07a3a5	7	53146819	53156532	10	-0.5767
f7f0aa78-4f4c-486b-b6f5-cf426b07a3a5	7	53156879	54305455	840	0.0314
f7f0aa78-4f4c-486b-b6f5-cf426b07a3a5	7	54318812	54318824	6	2.0019
f7f0aa78-4f4c-486b-b6f5-cf426b07a3a5	7	54325795	68530262	4597	0.016
f7f0aa78-4f4c-486b-b6f5-cf426b07a3a5	7	68537294	68542267	11	-0.827
f7f0aa78-4f4c-486b-b6f5-cf426b07a3a5	7	68548177	70955452	1514	0.017
f7f0aa78-4f4c-486b-b6f5-cf426b07a3a5	7	70958264	70961155	2	1.3539
f7f0aa78-4f4c-486b-b6f5-cf426b07a3a5	7	70963257	79840228	4264	0.015
f7f0aa78-4f4c-486b-b6f5-cf426b07a3a5	7	79849646	79850834	2	-3.5924
f7f0aa78-4f4c-486b-b6f5-cf426b07a3a5	7	79854214	134093899	32810	0.0159
f7f0aa78-4f4c-486b-b6f5-cf426b07a3a5	7	134100424	134111088	28	0.5601
f7f0aa78-4f4c-486b-b6f5-cf426b07a3a5	7	134113300	153865411	12300	0.0218
f7f0aa78-4f4c-486b-b6f5-cf426b07a3a5	7	153865465	153866347	2	-1.3493
f7f0aa78-4f4c-486b-b6f5-cf426b07a3a5	7	153866350	159334314	3790	0.0273
f7f0aa78-4f4c-486b-b6f5-cf426b07a3a5	8	81254	3621897	2889	0.0077
f7f0aa78-4f4c-486b-b6f5-cf426b07a3a5	8	3622064	3622262	3	-3.5777
f7f0aa78-4f4c-486b-b6f5-cf426b07a3a5	8	3622442	4130698	792	0.0313
f7f0aa78-4f4c-486b-b6f5-cf426b07a3a5	8	4130913	4140085	9	-0.1964
f7f0aa78-4f4c-486b-b6f5-cf426b07a3a5	8	4141366	4146490	27	-0.8252
f7f0aa78-4f4c-486b-b6f5-cf426b07a3a5	8	4146769	4192448	87	-0.007
f7f0aa78-4f4c-486b-b6f5-cf426b07a3a5	8	4192463	4194844	20	-0.4085
f7f0aa78-4f4c-486b-b6f5-cf426b07a3a5	8	4195288	7130946	3885	0.0156
f7f0aa78-4f4c-486b-b6f5-cf426b07a3a5	8	7131404	7890177	63	-0.3858
f7f0aa78-4f4c-486b-b6f5-cf426b07a3a5	8	7919608	8132772	17	0.439
f7f0aa78-4f4c-486b-b6f5-cf426b07a3a5	8	8139659	8528287	291	-0.0142
f7f0aa78-4f4c-486b-b6f5-cf426b07a3a5	8	8528640	8528932	4	-1.851
f7f0aa78-4f4c-486b-b6f5-cf426b07a3a5	8	8530797	12496252	2969	0.0146
f7f0aa78-4f4c-486b-b6f5-cf426b07a3a5	8	12519969	12624470	21	-0.4616
f7f0aa78-4f4c-486b-b6f5-cf426b07a3a5	8	12624538	13741542	1012	0.0081
f7f0aa78-4f4c-486b-b6f5-cf426b07a3a5	8	13741592	13745967	26	-0.6459
f7f0aa78-4f4c-486b-b6f5-cf426b07a3a5	8	13752159	16339682	2413	-0.0027
f7f0aa78-4f4c-486b-b6f5-cf426b07a3a5	8	16349445	16349614	8	-1.5143
f7f0aa78-4f4c-486b-b6f5-cf426b07a3a5	8	16354575	23544795	5786	0.0053
f7f0aa78-4f4c-486b-b6f5-cf426b07a3a5	8	23550227	23550298	4	-3.8727
f7f0aa78-4f4c-486b-b6f5-cf426b07a3a5	8	23550358	25114672	1139	0.0005
f7f0aa78-4f4c-486b-b6f5-cf426b07a3a5	8	25116928	25126818	27	0.4571
f7f0aa78-4f4c-486b-b6f5-cf426b07a3a5	8	25133589	30063772	3536	0.0013
f7f0aa78-4f4c-486b-b6f5-cf426b07a3a5	8	30064330	30068065	5	-0.7367
f7f0aa78-4f4c-486b-b6f5-cf426b07a3a5	8	30068205	32828250	1891	-0.0022
f7f0aa78-4f4c-486b-b6f5-cf426b07a3a5	8	32829101	32829941	2	1.32
f7f0aa78-4f4c-486b-b6f5-cf426b07a3a5	8	32830685	39373140	3578	0.0011
f7f0aa78-4f4c-486b-b6f5-cf426b07a3a5	8	39378084	39529446	59	0.6513
f7f0aa78-4f4c-486b-b6f5-cf426b07a3a5	8	39530780	40914477	1074	-0.003
f7f0aa78-4f4c-486b-b6f5-cf426b07a3a5	8	40920333	40920952	2	-1.2539
f7f0aa78-4f4c-486b-b6f5-cf426b07a3a5	8	40926161	62300819	11592	0.0089
f7f0aa78-4f4c-486b-b6f5-cf426b07a3a5	8	62304992	62311526	7	-0.8672
f7f0aa78-4f4c-486b-b6f5-cf426b07a3a5	8	62316587	67635292	2853	-0.0028
f7f0aa78-4f4c-486b-b6f5-cf426b07a3a5	8	67635325	67637971	28	-0.9797
f7f0aa78-4f4c-486b-b6f5-cf426b07a3a5	8	67644593	98165953	18631	0.0016
f7f0aa78-4f4c-486b-b6f5-cf426b07a3a5	8	98166303	98166385	2	-2.1871
f7f0aa78-4f4c-486b-b6f5-cf426b07a3a5	8	98171461	136369083	25337	0.0005
f7f0aa78-4f4c-486b-b6f5-cf426b07a3a5	8	136369378	136369716	2	-2.4487
f7f0aa78-4f4c-486b-b6f5-cf426b07a3a5	8	136372704	145072769	5370	0.014
f7f0aa78-4f4c-486b-b6f5-cf426b07a3a5	9	46587	39840169	31173	0.0037
f7f0aa78-4f4c-486b-b6f5-cf426b07a3a5	9	40018947	40099921	3	1.6365
f7f0aa78-4f4c-486b-b6f5-cf426b07a3a5	9	40189830	64846581	338	0.0291
f7f0aa78-4f4c-486b-b6f5-cf426b07a3a5	9	64847615	66170759	19	0.4656
f7f0aa78-4f4c-486b-b6f5-cf426b07a3a5	9	66189025	71641083	2588	0.0001
f7f0aa78-4f4c-486b-b6f5-cf426b07a3a5	9	71641820	71643908	19	-0.7167
f7f0aa78-4f4c-486b-b6f5-cf426b07a3a5	9	71647284	80365647	6178	-0.0076
f7f0aa78-4f4c-486b-b6f5-cf426b07a3a5	9	80367480	80369576	6	-0.9561
f7f0aa78-4f4c-486b-b6f5-cf426b07a3a5	9	80370811	95464077	10398	-0.0028
f7f0aa78-4f4c-486b-b6f5-cf426b07a3a5	9	95464121	95464418	2	-1.763
f7f0aa78-4f4c-486b-b6f5-cf426b07a3a5	9	95464468	103804216	5644	-0.0085
f7f0aa78-4f4c-486b-b6f5-cf426b07a3a5	9	103806415	103807009	2	-3.0344
f7f0aa78-4f4c-486b-b6f5-cf426b07a3a5	9	103808421	116760866	9891	0.0016
f7f0aa78-4f4c-486b-b6f5-cf426b07a3a5	9	116761157	116774380	51	0.5793
f7f0aa78-4f4c-486b-b6f5-cf426b07a3a5	9	116774487	138048503	13058	-0.0059
f7f0aa78-4f4c-486b-b6f5-cf426b07a3a5	9	138054254	138200944	113	0.1846
f7f0aa78-4f4c-486b-b6f5-cf426b07a3a5	10	45792	1037612	566	0.028
f7f0aa78-4f4c-486b-b6f5-cf426b07a3a5	10	1038135	1042806	2	-1.3087
f7f0aa78-4f4c-486b-b6f5-cf426b07a3a5	10	1045255	4248622	3009	0.0122
f7f0aa78-4f4c-486b-b6f5-cf426b07a3a5	10	4248646	4248732	2	1.2204
f7f0aa78-4f4c-486b-b6f5-cf426b07a3a5	10	4248824	17659538	11192	0.0077
f7f0aa78-4f4c-486b-b6f5-cf426b07a3a5	10	17664121	17664149	2	-1.2514
f7f0aa78-4f4c-486b-b6f5-cf426b07a3a5	10	17665872	24088745	4413	0.0004
f7f0aa78-4f4c-486b-b6f5-cf426b07a3a5	10	24088746	24090110	14	0.6109
f7f0aa78-4f4c-486b-b6f5-cf426b07a3a5	10	24091731	46617422	12500	0.0053
f7f0aa78-4f4c-486b-b6f5-cf426b07a3a5	10	46618028	46632302	3	-1.3955
f7f0aa78-4f4c-486b-b6f5-cf426b07a3a5	10	46657149	53359282	4118	0.0127
f7f0aa78-4f4c-486b-b6f5-cf426b07a3a5	10	53359467	53369244	28	-0.8229
f7f0aa78-4f4c-486b-b6f5-cf426b07a3a5	10	53371726	53376027	3	0.131
f7f0aa78-4f4c-486b-b6f5-cf426b07a3a5	10	53376283	53382341	18	-0.8578
f7f0aa78-4f4c-486b-b6f5-cf426b07a3a5	10	53382403	57332453	2846	0.0145
f7f0aa78-4f4c-486b-b6f5-cf426b07a3a5	10	57332483	57332870	7	-0.6585
f7f0aa78-4f4c-486b-b6f5-cf426b07a3a5	10	57332977	57450745	113	0.0515
f7f0aa78-4f4c-486b-b6f5-cf426b07a3a5	10	57450761	57451013	3	-1.7449
f7f0aa78-4f4c-486b-b6f5-cf426b07a3a5	10	57458735	62665349	3703	0.0059
f7f0aa78-4f4c-486b-b6f5-cf426b07a3a5	10	62668369	62670695	6	-1.0046
f7f0aa78-4f4c-486b-b6f5-cf426b07a3a5	10	62671446	65546321	1843	0.0057
f7f0aa78-4f4c-486b-b6f5-cf426b07a3a5	10	65546400	65554688	30	0.6022
f7f0aa78-4f4c-486b-b6f5-cf426b07a3a5	10	65563037	79625693	9228	0.0032
f7f0aa78-4f4c-486b-b6f5-cf426b07a3a5	10	79649470	79754434	12	-0.87
f7f0aa78-4f4c-486b-b6f5-cf426b07a3a5	10	79763550	133654968	36972	0.0054
f7f0aa78-4f4c-486b-b6f5-cf426b07a3a5	11	198510	4946420	2418	0.0072
f7f0aa78-4f4c-486b-b6f5-cf426b07a3a5	11	4947280	4955042	30	0.8298
f7f0aa78-4f4c-486b-b6f5-cf426b07a3a5	11	4955781	5850293	885	0.0116
f7f0aa78-4f4c-486b-b6f5-cf426b07a3a5	11	5851007	5864481	8	-0.7375
f7f0aa78-4f4c-486b-b6f5-cf426b07a3a5	11	5864616	18928175	9335	0.0071
f7f0aa78-4f4c-486b-b6f5-cf426b07a3a5	11	18928190	18940050	33	0.5197
f7f0aa78-4f4c-486b-b6f5-cf426b07a3a5	11	18940066	25680691	5337	0.0054
f7f0aa78-4f4c-486b-b6f5-cf426b07a3a5	11	25680787	25696107	19	-0.6261
f7f0aa78-4f4c-486b-b6f5-cf426b07a3a5	11	25696630	55595864	16401	-0.0026
f7f0aa78-4f4c-486b-b6f5-cf426b07a3a5	11	55606556	55672514	47	0.3443
f7f0aa78-4f4c-486b-b6f5-cf426b07a3a5	11	55674842	89741663	19861	0.0065
f7f0aa78-4f4c-486b-b6f5-cf426b07a3a5	11	89754781	89802498	7	-0.7254
f7f0aa78-4f4c-486b-b6f5-cf426b07a3a5	11	89810584	93964792	2815	0.0138
f7f0aa78-4f4c-486b-b6f5-cf426b07a3a5	11	93964894	93968422	8	-0.8651
f7f0aa78-4f4c-486b-b6f5-cf426b07a3a5	11	93971294	94327912	214	0.0006
f7f0aa78-4f4c-486b-b6f5-cf426b07a3a5	11	94328967	94334376	3	-1.0611
f7f0aa78-4f4c-486b-b6f5-cf426b07a3a5	11	94334657	107367930	9455	0.0064
f7f0aa78-4f4c-486b-b6f5-cf426b07a3a5	11	107367945	107368402	6	-1.7119
f7f0aa78-4f4c-486b-b6f5-cf426b07a3a5	11	107381636	135074876	19924	0.0046
f7f0aa78-4f4c-486b-b6f5-cf426b07a3a5	12	51460	965743	565	0.0572
f7f0aa78-4f4c-486b-b6f5-cf426b07a3a5	12	968694	970002	5	-0.8811
f7f0aa78-4f4c-486b-b6f5-cf426b07a3a5	12	971262	8289689	4990	0.012
f7f0aa78-4f4c-486b-b6f5-cf426b07a3a5	12	8296516	8296621	2	1.7267
f7f0aa78-4f4c-486b-b6f5-cf426b07a3a5	12	8300870	8404097	35	0.0289
f7f0aa78-4f4c-486b-b6f5-cf426b07a3a5	12	8405892	8432076	18	1.5495
f7f0aa78-4f4c-486b-b6f5-cf426b07a3a5	12	8442298	10430768	1213	0.0271
f7f0aa78-4f4c-486b-b6f5-cf426b07a3a5	12	10434196	10443207	4	-1.8115
f7f0aa78-4f4c-486b-b6f5-cf426b07a3a5	12	10446203	11083616	407	0.0232
f7f0aa78-4f4c-486b-b6f5-cf426b07a3a5	12	11084237	11088933	3	1.2674
f7f0aa78-4f4c-486b-b6f5-cf426b07a3a5	12	11099275	11351157	131	0.0352
f7f0aa78-4f4c-486b-b6f5-cf426b07a3a5	12	11358643	11390472	31	-0.5232
f7f0aa78-4f4c-486b-b6f5-cf426b07a3a5	12	11399258	17435653	4244	0.0115
f7f0aa78-4f4c-486b-b6f5-cf426b07a3a5	12	17437510	17448674	8	-0.7655
f7f0aa78-4f4c-486b-b6f5-cf426b07a3a5	12	17449829	27493059	6937	0.0115
f7f0aa78-4f4c-486b-b6f5-cf426b07a3a5	12	27494808	27498429	28	-0.7111
f7f0aa78-4f4c-486b-b6f5-cf426b07a3a5	12	27504228	29010695	1091	0.0188
f7f0aa78-4f4c-486b-b6f5-cf426b07a3a5	12	29011388	29011589	2	-1.2917
f7f0aa78-4f4c-486b-b6f5-cf426b07a3a5	12	29015050	33232895	3133	0.0086
f7f0aa78-4f4c-486b-b6f5-cf426b07a3a5	12	33233822	33242483	6	-1.8035
f7f0aa78-4f4c-486b-b6f5-cf426b07a3a5	12	33246118	38957095	1353	0.0488
f7f0aa78-4f4c-486b-b6f5-cf426b07a3a5	12	38959732	48601294	6053	0.0036
f7f0aa78-4f4c-486b-b6f5-cf426b07a3a5	12	48601771	48602200	2	-1.3026
f7f0aa78-4f4c-486b-b6f5-cf426b07a3a5	12	48604437	52981050	2488	0.0062
f7f0aa78-4f4c-486b-b6f5-cf426b07a3a5	12	52983361	52984569	2	-1.7078
f7f0aa78-4f4c-486b-b6f5-cf426b07a3a5	12	52989863	129369258	49564	0.0041
f7f0aa78-4f4c-486b-b6f5-cf426b07a3a5	12	129369614	130077016	635	0.068
f7f0aa78-4f4c-486b-b6f5-cf426b07a3a5	12	130077460	130086779	7	-0.5736
f7f0aa78-4f4c-486b-b6f5-cf426b07a3a5	12	130094548	131635702	1283	0.025
f7f0aa78-4f4c-486b-b6f5-cf426b07a3a5	12	131636170	131648777	13	0.6067
f7f0aa78-4f4c-486b-b6f5-cf426b07a3a5	12	131648790	133201603	560	0.0629
f7f0aa78-4f4c-486b-b6f5-cf426b07a3a5	13	18452809	18833025	88	0.0025
f7f0aa78-4f4c-486b-b6f5-cf426b07a3a5	13	18833965	18835707	4	-1.7082
f7f0aa78-4f4c-486b-b6f5-cf426b07a3a5	13	18842946	24580988	4012	0.0122
f7f0aa78-4f4c-486b-b6f5-cf426b07a3a5	13	24589082	24597505	5	-1.1469
f7f0aa78-4f4c-486b-b6f5-cf426b07a3a5	13	24599368	57176962	21904	0.005
f7f0aa78-4f4c-486b-b6f5-cf426b07a3a5	13	57184136	57204246	33	-1.7908
f7f0aa78-4f4c-486b-b6f5-cf426b07a3a5	13	57215580	71902850	8982	0.0056
f7f0aa78-4f4c-486b-b6f5-cf426b07a3a5	13	71903417	71906418	4	1.0432
f7f0aa78-4f4c-486b-b6f5-cf426b07a3a5	13	71906467	75530820	2667	0.0018
f7f0aa78-4f4c-486b-b6f5-cf426b07a3a5	13	75531469	75543632	12	0.5406
f7f0aa78-4f4c-486b-b6f5-cf426b07a3a5	13	75546492	111082863	24658	0.0013
f7f0aa78-4f4c-486b-b6f5-cf426b07a3a5	13	111084940	111085009	3	-1.2237
f7f0aa78-4f4c-486b-b6f5-cf426b07a3a5	13	111085873	114342922	1739	-0.0025
f7f0aa78-4f4c-486b-b6f5-cf426b07a3a5	14	18239283	19675350	63	-0.0226
f7f0aa78-4f4c-486b-b6f5-cf426b07a3a5	14	19689684	19954424	103	0.4388
f7f0aa78-4f4c-486b-b6f5-cf426b07a3a5	14	19955213	21858683	1260	0.0071
f7f0aa78-4f4c-486b-b6f5-cf426b07a3a5	14	21859138	21859825	2	-1.408
f7f0aa78-4f4c-486b-b6f5-cf426b07a3a5	14	21859885	21928968	103	-0.0104
f7f0aa78-4f4c-486b-b6f5-cf426b07a3a5	14	21929841	22546348	531	0.169
f7f0aa78-4f4c-486b-b6f5-cf426b07a3a5	14	22548589	22623202	64	0.0546
f7f0aa78-4f4c-486b-b6f5-cf426b07a3a5	14	22625942	22630304	7	-0.9399
f7f0aa78-4f4c-486b-b6f5-cf426b07a3a5	14	22630485	46128734	14500	0.0048
f7f0aa78-4f4c-486b-b6f5-cf426b07a3a5	14	46134584	46139772	5	-0.9496
f7f0aa78-4f4c-486b-b6f5-cf426b07a3a5	14	46148681	46337956	92	0.0047
f7f0aa78-4f4c-486b-b6f5-cf426b07a3a5	14	46340079	46398286	45	0.5899
f7f0aa78-4f4c-486b-b6f5-cf426b07a3a5	14	46402212	73529070	17445	0.0058
f7f0aa78-4f4c-486b-b6f5-cf426b07a3a5	14	73534419	73554275	9	0.7026
f7f0aa78-4f4c-486b-b6f5-cf426b07a3a5	14	73563196	99954659	18101	0.0014
f7f0aa78-4f4c-486b-b6f5-cf426b07a3a5	14	99962082	99962879	2	-1.4452
f7f0aa78-4f4c-486b-b6f5-cf426b07a3a5	14	99965119	106258891	2735	0.0068
f7f0aa78-4f4c-486b-b6f5-cf426b07a3a5	14	106260759	106266923	7	-0.8965
f7f0aa78-4f4c-486b-b6f5-cf426b07a3a5	14	106271566	106393323	53	0.0549
f7f0aa78-4f4c-486b-b6f5-cf426b07a3a5	14	106393765	106462183	60	-0.7132
f7f0aa78-4f4c-486b-b6f5-cf426b07a3a5	14	106462724	106877229	195	0.0038
f7f0aa78-4f4c-486b-b6f5-cf426b07a3a5	15	19811075	20001686	45	-0.0968
f7f0aa78-4f4c-486b-b6f5-cf426b07a3a5	15	20011702	22413894	164	0.5934
f7f0aa78-4f4c-486b-b6f5-cf426b07a3a5	15	22455811	24240681	918	0.0182
f7f0aa78-4f4c-486b-b6f5-cf426b07a3a5	15	24247869	24350809	47	0.2645
f7f0aa78-4f4c-486b-b6f5-cf426b07a3a5	15	24351409	24435889	31	-0.0409
f7f0aa78-4f4c-486b-b6f5-cf426b07a3a5	15	24441663	24469692	23	-0.4906
f7f0aa78-4f4c-486b-b6f5-cf426b07a3a5	15	24469711	27673477	2345	-0.0057
f7f0aa78-4f4c-486b-b6f5-cf426b07a3a5	15	27674351	27682660	13	-0.6893
f7f0aa78-4f4c-486b-b6f5-cf426b07a3a5	15	27683648	30077828	1241	0.0413
f7f0aa78-4f4c-486b-b6f5-cf426b07a3a5	15	30094208	30608675	38	-0.5151
f7f0aa78-4f4c-486b-b6f5-cf426b07a3a5	15	30621384	34454261	2582	0.0036
f7f0aa78-4f4c-486b-b6f5-cf426b07a3a5	15	34455142	34520918	45	0.6412
f7f0aa78-4f4c-486b-b6f5-cf426b07a3a5	15	34522159	76598900	26420	0.0025
f7f0aa78-4f4c-486b-b6f5-cf426b07a3a5	15	76599170	76603434	21	0.8114
f7f0aa78-4f4c-486b-b6f5-cf426b07a3a5	15	76609838	79255173	1431	-0.0017
f7f0aa78-4f4c-486b-b6f5-cf426b07a3a5	15	79256400	79261492	31	-0.7987
f7f0aa78-4f4c-486b-b6f5-cf426b07a3a5	15	79263049	92222525	8723	0.0029
f7f0aa78-4f4c-486b-b6f5-cf426b07a3a5	15	92222644	92223064	3	2.0643
f7f0aa78-4f4c-486b-b6f5-cf426b07a3a5	15	92223528	101928837	7426	0.0147
f7f0aa78-4f4c-486b-b6f5-cf426b07a3a5	16	10777	12555002	9407	0.0148
f7f0aa78-4f4c-486b-b6f5-cf426b07a3a5	16	12555121	12555138	2	-2.4949
f7f0aa78-4f4c-486b-b6f5-cf426b07a3a5	16	12556390	79025272	32743	0.0093
f7f0aa78-4f4c-486b-b6f5-cf426b07a3a5	16	79026255	79029259	15	-0.933
f7f0aa78-4f4c-486b-b6f5-cf426b07a3a5	16	79029776	79556720	591	-0.0026
f7f0aa78-4f4c-486b-b6f5-cf426b07a3a5	16	79557382	79558123	5	-1.118
f7f0aa78-4f4c-486b-b6f5-cf426b07a3a5	16	79561231	84795861	5534	0.0219
f7f0aa78-4f4c-486b-b6f5-cf426b07a3a5	16	84799614	84800743	6	-0.905
f7f0aa78-4f4c-486b-b6f5-cf426b07a3a5	16	84802423	85093377	220	0.0695
f7f0aa78-4f4c-486b-b6f5-cf426b07a3a5	16	85093912	85662846	325	-0.0038
f7f0aa78-4f4c-486b-b6f5-cf426b07a3a5	16	85663012	85665269	2	-1.1375
f7f0aa78-4f4c-486b-b6f5-cf426b07a3a5	16	85667144	88413672	2285	0.0021
f7f0aa78-4f4c-486b-b6f5-cf426b07a3a5	16	88423578	90096867	704	0.0639
f7f0aa78-4f4c-486b-b6f5-cf426b07a3a5	17	150733	36109735	18255	0.0089
f7f0aa78-4f4c-486b-b6f5-cf426b07a3a5	17	36112585	36200725	35	0.7935
f7f0aa78-4f4c-486b-b6f5-cf426b07a3a5	17	36208249	41224178	2507	0.0104
f7f0aa78-4f4c-486b-b6f5-cf426b07a3a5	17	41231308	41237517	5	-0.9555
f7f0aa78-4f4c-486b-b6f5-cf426b07a3a5	17	41239604	41265456	12	0.1705
f7f0aa78-4f4c-486b-b6f5-cf426b07a3a5	17	41266762	41274279	24	1.8838
f7f0aa78-4f4c-486b-b6f5-cf426b07a3a5	17	41276472	46074420	2490	0.0161
f7f0aa78-4f4c-486b-b6f5-cf426b07a3a5	17	46076156	46234609	120	0.247
f7f0aa78-4f4c-486b-b6f5-cf426b07a3a5	17	46248188	74000173	16942	0.001
f7f0aa78-4f4c-486b-b6f5-cf426b07a3a5	17	74001765	74769592	470	0.0776
f7f0aa78-4f4c-486b-b6f5-cf426b07a3a5	17	74769864	83091923	4166	0.0071
f7f0aa78-4f4c-486b-b6f5-cf426b07a3a5	18	48133	31301838	16690	0.0132
f7f0aa78-4f4c-486b-b6f5-cf426b07a3a5	18	31303544	31303658	2	-1.457
f7f0aa78-4f4c-486b-b6f5-cf426b07a3a5	18	31307542	61641006	20494	0.0076
f7f0aa78-4f4c-486b-b6f5-cf426b07a3a5	18	61641440	61657159	12	-0.4768
f7f0aa78-4f4c-486b-b6f5-cf426b07a3a5	18	61658166	63646883	1407	0.0146
f7f0aa78-4f4c-486b-b6f5-cf426b07a3a5	18	63648086	63656001	6	-0.7717
f7f0aa78-4f4c-486b-b6f5-cf426b07a3a5	18	63656542	67286412	2494	0.0195
f7f0aa78-4f4c-486b-b6f5-cf426b07a3a5	18	67291970	67300028	21	-0.5969
f7f0aa78-4f4c-486b-b6f5-cf426b07a3a5	18	67300481	80257174	9584	0.0188
f7f0aa78-4f4c-486b-b6f5-cf426b07a3a5	19	90910	21632117	9602	0.0096
f7f0aa78-4f4c-486b-b6f5-cf426b07a3a5	19	21632838	21637067	2	-1.4945
f7f0aa78-4f4c-486b-b6f5-cf426b07a3a5	19	21637309	43005501	10902	0.0049
f7f0aa78-4f4c-486b-b6f5-cf426b07a3a5	19	43010002	43249149	99	-0.7566
f7f0aa78-4f4c-486b-b6f5-cf426b07a3a5	19	43249358	51628560	4150	0.0083
f7f0aa78-4f4c-486b-b6f5-cf426b07a3a5	19	51639099	51644944	11	-0.8086
f7f0aa78-4f4c-486b-b6f5-cf426b07a3a5	19	51651652	54801157	2028	0.0277
f7f0aa78-4f4c-486b-b6f5-cf426b07a3a5	19	54801545	54802362	2	-1.3813
f7f0aa78-4f4c-486b-b6f5-cf426b07a3a5	19	54802832	58586487	2305	0.0217
f7f0aa78-4f4c-486b-b6f5-cf426b07a3a5	20	80664	1601561	1240	0.0313
f7f0aa78-4f4c-486b-b6f5-cf426b07a3a5	20	1609611	1617460	7	-1.1212
f7f0aa78-4f4c-486b-b6f5-cf426b07a3a5	20	1617690	23799193	17258	0.0079
f7f0aa78-4f4c-486b-b6f5-cf426b07a3a5	20	23799659	23802011	2	-1.5078
f7f0aa78-4f4c-486b-b6f5-cf426b07a3a5	20	23804620	30234698	1509	0.0095
f7f0aa78-4f4c-486b-b6f5-cf426b07a3a5	20	30245164	30271154	6	-0.8933
f7f0aa78-4f4c-486b-b6f5-cf426b07a3a5	20	30293217	64324800	22345	0.0022
f7f0aa78-4f4c-486b-b6f5-cf426b07a3a5	21	10354168	10559033	53	-0.1288
f7f0aa78-4f4c-486b-b6f5-cf426b07a3a5	21	10568903	10775586	34	0.2734
f7f0aa78-4f4c-486b-b6f5-cf426b07a3a5	21	12973348	13160229	22	-0.0011
f7f0aa78-4f4c-486b-b6f5-cf426b07a3a5	21	13166157	13227761	12	-0.5018
f7f0aa78-4f4c-486b-b6f5-cf426b07a3a5	21	13231256	46677045	23728	0.008
f7f0aa78-4f4c-486b-b6f5-cf426b07a3a5	22	15294547	19114465	1255	-0.0039
f7f0aa78-4f4c-486b-b6f5-cf426b07a3a5	22	19115785	22601004	2295	0.0644
f7f0aa78-4f4c-486b-b6f5-cf426b07a3a5	22	22601454	23981995	843	0.0182
f7f0aa78-4f4c-486b-b6f5-cf426b07a3a5	22	23987520	23995113	6	0.7069
f7f0aa78-4f4c-486b-b6f5-cf426b07a3a5	22	23995755	25265731	813	0.0034
f7f0aa78-4f4c-486b-b6f5-cf426b07a3a5	22	25268018	25522742	285	-0.7218
f7f0aa78-4f4c-486b-b6f5-cf426b07a3a5	22	25526375	42501276	11654	-0.0005
f7f0aa78-4f4c-486b-b6f5-cf426b07a3a5	22	42503434	42536412	20	0.6175
f7f0aa78-4f4c-486b-b6f5-cf426b07a3a5	22	42538456	44739926	1634	0.005
f7f0aa78-4f4c-486b-b6f5-cf426b07a3a5	22	44740431	44740755	2	-1.1921
f7f0aa78-4f4c-486b-b6f5-cf426b07a3a5	22	44741026	50796027	4465	0.0127
f7f0aa78-4f4c-486b-b6f5-cf426b07a3a5	X	251810	112540606	58153	0.0004
f7f0aa78-4f4c-486b-b6f5-cf426b07a3a5	X	112544549	112545108	2	-5.0934
f7f0aa78-4f4c-486b-b6f5-cf426b07a3a5	X	112545221	116822159	2351	0.0179
f7f0aa78-4f4c-486b-b6f5-cf426b07a3a5	X	116822426	116824146	3	-4.1637
f7f0aa78-4f4c-486b-b6f5-cf426b07a3a5	X	116826325	126748464	5915	0.0116
f7f0aa78-4f4c-486b-b6f5-cf426b07a3a5	X	126748546	126748570	2	-2.51
f7f0aa78-4f4c-486b-b6f5-cf426b07a3a5	X	126750409	137988550	6019	0.0035
f7f0aa78-4f4c-486b-b6f5-cf426b07a3a5	X	137988948	137989146	4	-1.5266
f7f0aa78-4f4c-486b-b6f5-cf426b07a3a5	X	137990110	140720572	1733	0.0049
f7f0aa78-4f4c-486b-b6f5-cf426b07a3a5	X	140722046	140722503	3	-2.9173
f7f0aa78-4f4c-486b-b6f5-cf426b07a3a5	X	140726391	141475512	434	-0.0101
f7f0aa78-4f4c-486b-b6f5-cf426b07a3a5	X	141559094	141585618	6	-1.1685
f7f0aa78-4f4c-486b-b6f5-cf426b07a3a5	X	141595849	142665107	839	0.018
f7f0aa78-4f4c-486b-b6f5-cf426b07a3a5	X	142669597	142670716	3	2.5686
f7f0aa78-4f4c-486b-b6f5-cf426b07a3a5	X	142670772	155952689	7964	0.0068
f7f0aa78-4f4c-486b-b6f5-cf426b07a3a5	Y	2782397	15730701	4441	-0.977
f7f0aa78-4f4c-486b-b6f5-cf426b07a3a5	Y	15732741	15736736	4	-3.8467
f7f0aa78-4f4c-486b-b6f5-cf426b07a3a5	Y	15737889	56872112	2189	-0.9818
