GDC_Aliquot	Chromosome	Start	End	Num_Probes	Segment_Mean
5a707a7e-6167-438e-a772-19b9ecafbe8a	1	62920	98588	12	1.3457
5a707a7e-6167-438e-a772-19b9ecafbe8a	1	98602	8116566	4017	0.0025
5a707a7e-6167-438e-a772-19b9ecafbe8a	1	8122528	8129225	9	-0.9879
5a707a7e-6167-438e-a772-19b9ecafbe8a	1	8131732	16868660	4656	0.0048
5a707a7e-6167-438e-a772-19b9ecafbe8a	1	16877002	16935752	52	-0.4184
5a707a7e-6167-438e-a772-19b9ecafbe8a	1	16949746	19353930	1707	0.0001
5a707a7e-6167-438e-a772-19b9ecafbe8a	1	19354038	19368318	12	-0.5381
5a707a7e-6167-438e-a772-19b9ecafbe8a	1	19369538	25256850	3537	0.0019
5a707a7e-6167-438e-a772-19b9ecafbe8a	1	25266637	25320455	24	0.9543
5a707a7e-6167-438e-a772-19b9ecafbe8a	1	25336819	72290459	28695	0.0004
5a707a7e-6167-438e-a772-19b9ecafbe8a	1	72290491	72356822	64	0.29
5a707a7e-6167-438e-a772-19b9ecafbe8a	1	72357114	87584432	9913	0.0027
5a707a7e-6167-438e-a772-19b9ecafbe8a	1	87586681	87610556	24	-1.1687
5a707a7e-6167-438e-a772-19b9ecafbe8a	1	87611605	87904660	265	0.0104
5a707a7e-6167-438e-a772-19b9ecafbe8a	1	87904826	87911044	5	-0.9136
5a707a7e-6167-438e-a772-19b9ecafbe8a	1	87911578	103616762	9804	-0.0011
5a707a7e-6167-438e-a772-19b9ecafbe8a	1	103620877	103717410	5	0.9898
5a707a7e-6167-438e-a772-19b9ecafbe8a	1	103717617	109690415	3571	0.0008
5a707a7e-6167-438e-a772-19b9ecafbe8a	1	109690431	109697556	11	-0.9913
5a707a7e-6167-438e-a772-19b9ecafbe8a	1	109702376	166215616	18771	0.0022
5a707a7e-6167-438e-a772-19b9ecafbe8a	1	166215770	166226465	8	0.8024
5a707a7e-6167-438e-a772-19b9ecafbe8a	1	166227575	172790039	4731	-0.0059
5a707a7e-6167-438e-a772-19b9ecafbe8a	1	172792610	172792701	2	-1.5194
5a707a7e-6167-438e-a772-19b9ecafbe8a	1	172795442	189679027	11008	0.0022
5a707a7e-6167-438e-a772-19b9ecafbe8a	1	189679353	189679397	2	-1.396
5a707a7e-6167-438e-a772-19b9ecafbe8a	1	189682917	193186662	2337	-0.0001
5a707a7e-6167-438e-a772-19b9ecafbe8a	1	193187149	193187202	3	1.2983
5a707a7e-6167-438e-a772-19b9ecafbe8a	1	193187218	196745743	2392	0.0012
5a707a7e-6167-438e-a772-19b9ecafbe8a	1	196758720	196846661	61	0.4986
5a707a7e-6167-438e-a772-19b9ecafbe8a	1	196847600	237441766	27677	-0.0026
5a707a7e-6167-438e-a772-19b9ecafbe8a	1	237442191	237443163	2	-1.9102
5a707a7e-6167-438e-a772-19b9ecafbe8a	1	237449098	240228440	2245	0.0056
5a707a7e-6167-438e-a772-19b9ecafbe8a	1	240230715	240230839	6	-1.8799
5a707a7e-6167-438e-a772-19b9ecafbe8a	1	240232805	248574146	5682	0.0085
5a707a7e-6167-438e-a772-19b9ecafbe8a	1	248585893	248631988	30	-2.1715
5a707a7e-6167-438e-a772-19b9ecafbe8a	1	248633821	248930189	143	-0.0141
5a707a7e-6167-438e-a772-19b9ecafbe8a	2	12784	4158097	2985	0.1797
5a707a7e-6167-438e-a772-19b9ecafbe8a	2	4166274	4175577	36	-0.3866
5a707a7e-6167-438e-a772-19b9ecafbe8a	2	4175922	34466002	21061	0.1714
5a707a7e-6167-438e-a772-19b9ecafbe8a	2	34474248	34512489	48	0.6089
5a707a7e-6167-438e-a772-19b9ecafbe8a	2	34512965	34850935	239	0.1629
5a707a7e-6167-438e-a772-19b9ecafbe8a	2	34855796	34865803	8	-0.7535
5a707a7e-6167-438e-a772-19b9ecafbe8a	2	34868226	52531677	12761	0.1734
5a707a7e-6167-438e-a772-19b9ecafbe8a	2	52531803	52554404	29	0.89
5a707a7e-6167-438e-a772-19b9ecafbe8a	2	52560811	52784623	196	0.1732
5a707a7e-6167-438e-a772-19b9ecafbe8a	2	52786182	52831056	54	-0.8206
5a707a7e-6167-438e-a772-19b9ecafbe8a	2	52832190	79131659	16960	0.1703
5a707a7e-6167-438e-a772-19b9ecafbe8a	2	79137248	87256891	4815	-0.0071
5a707a7e-6167-438e-a772-19b9ecafbe8a	2	87260822	87261116	2	-3.3216
5a707a7e-6167-438e-a772-19b9ecafbe8a	2	87262561	87295819	11	-0.4629
5a707a7e-6167-438e-a772-19b9ecafbe8a	2	87299357	88850125	573	0.0231
5a707a7e-6167-438e-a772-19b9ecafbe8a	2	88850280	88970247	62	-0.2892
5a707a7e-6167-438e-a772-19b9ecafbe8a	2	88971739	97192190	1135	0.024
5a707a7e-6167-438e-a772-19b9ecafbe8a	2	97199600	97211436	14	-0.552
5a707a7e-6167-438e-a772-19b9ecafbe8a	2	97310327	97359885	13	0.0835
5a707a7e-6167-438e-a772-19b9ecafbe8a	2	97524284	97545726	9	0.912
5a707a7e-6167-438e-a772-19b9ecafbe8a	2	97550415	105437873	4824	-0.0058
5a707a7e-6167-438e-a772-19b9ecafbe8a	2	105439214	105439227	2	-1.5955
5a707a7e-6167-438e-a772-19b9ecafbe8a	2	105443088	105519180	90	0.0265
5a707a7e-6167-438e-a772-19b9ecafbe8a	2	105521668	105522355	2	-1.5157
5a707a7e-6167-438e-a772-19b9ecafbe8a	2	105522759	109524935	2685	-0.0075
5a707a7e-6167-438e-a772-19b9ecafbe8a	2	109525639	109528189	6	-0.9113
5a707a7e-6167-438e-a772-19b9ecafbe8a	2	109530101	109704919	74	0.0156
5a707a7e-6167-438e-a772-19b9ecafbe8a	2	109743935	109984252	3	-1.0714
5a707a7e-6167-438e-a772-19b9ecafbe8a	2	110044146	114629270	2292	-0.0026
5a707a7e-6167-438e-a772-19b9ecafbe8a	2	114638844	114643422	18	-2.9388
5a707a7e-6167-438e-a772-19b9ecafbe8a	2	114645637	139719970	15431	0.0026
5a707a7e-6167-438e-a772-19b9ecafbe8a	2	139721414	139722387	2	-3.621
5a707a7e-6167-438e-a772-19b9ecafbe8a	2	139724689	146107801	3953	0.0066
5a707a7e-6167-438e-a772-19b9ecafbe8a	2	146108179	146109366	13	1.022
5a707a7e-6167-438e-a772-19b9ecafbe8a	2	146120238	168278638	13237	-0.0047
5a707a7e-6167-438e-a772-19b9ecafbe8a	2	168280989	168289357	7	-1.148
5a707a7e-6167-438e-a772-19b9ecafbe8a	2	168290041	179196928	7017	-0.0026
5a707a7e-6167-438e-a772-19b9ecafbe8a	2	179202465	179214417	3	-1.986
5a707a7e-6167-438e-a772-19b9ecafbe8a	2	179218864	188254196	5440	0.0074
5a707a7e-6167-438e-a772-19b9ecafbe8a	2	188255201	188264331	5	-1.8889
5a707a7e-6167-438e-a772-19b9ecafbe8a	2	188264452	202428368	8063	0.001
5a707a7e-6167-438e-a772-19b9ecafbe8a	2	202431052	202448759	42	-0.6058
5a707a7e-6167-438e-a772-19b9ecafbe8a	2	202448774	242030276	25130	-0.0105
5a707a7e-6167-438e-a772-19b9ecafbe8a	2	242030314	242147305	73	0.1455
5a707a7e-6167-438e-a772-19b9ecafbe8a	3	20930	1452268	1234	0.0581
5a707a7e-6167-438e-a772-19b9ecafbe8a	3	1452580	1454809	4	-1.5204
5a707a7e-6167-438e-a772-19b9ecafbe8a	3	1455137	46751887	31926	0.0026
5a707a7e-6167-438e-a772-19b9ecafbe8a	3	46760327	46808099	40	-0.8109
5a707a7e-6167-438e-a772-19b9ecafbe8a	3	46817989	59785867	7149	-0.001
5a707a7e-6167-438e-a772-19b9ecafbe8a	3	59786225	60998932	1364	0.0611
5a707a7e-6167-438e-a772-19b9ecafbe8a	3	61001899	68697013	6043	-0.0063
5a707a7e-6167-438e-a772-19b9ecafbe8a	3	68697108	68698262	14	-1.2779
5a707a7e-6167-438e-a772-19b9ecafbe8a	3	68699607	69124033	337	-0.0023
5a707a7e-6167-438e-a772-19b9ecafbe8a	3	69124224	69132032	3	-1.0757
5a707a7e-6167-438e-a772-19b9ecafbe8a	3	69132401	75519398	4587	0.0017
5a707a7e-6167-438e-a772-19b9ecafbe8a	3	75523398	75528153	3	-2.4486
5a707a7e-6167-438e-a772-19b9ecafbe8a	3	75529707	95737262	9118	0.0025
5a707a7e-6167-438e-a772-19b9ecafbe8a	3	95748036	95749266	2	-2.7708
5a707a7e-6167-438e-a772-19b9ecafbe8a	3	95749836	109045878	7818	-0.0042
5a707a7e-6167-438e-a772-19b9ecafbe8a	3	109046868	109049241	4	-1.268
5a707a7e-6167-438e-a772-19b9ecafbe8a	3	109051916	114936935	3518	0.0098
5a707a7e-6167-438e-a772-19b9ecafbe8a	3	114941745	114950103	7	-0.7946
5a707a7e-6167-438e-a772-19b9ecafbe8a	3	114950171	130133020	9288	0
5a707a7e-6167-438e-a772-19b9ecafbe8a	3	130137637	130137903	2	-2.4296
5a707a7e-6167-438e-a772-19b9ecafbe8a	3	130141782	137312012	4465	-0.0038
5a707a7e-6167-438e-a772-19b9ecafbe8a	3	137312065	137314591	23	0.3936
5a707a7e-6167-438e-a772-19b9ecafbe8a	3	137322651	162790480	15745	0.0018
5a707a7e-6167-438e-a772-19b9ecafbe8a	3	162794869	162807070	12	-2.4954
5a707a7e-6167-438e-a772-19b9ecafbe8a	3	162810842	162908207	58	-1.3984
5a707a7e-6167-438e-a772-19b9ecafbe8a	3	162908784	193160113	19158	0.0043
5a707a7e-6167-438e-a772-19b9ecafbe8a	3	193160173	193165099	18	1.4904
5a707a7e-6167-438e-a772-19b9ecafbe8a	3	193165114	194525202	900	-0.0144
5a707a7e-6167-438e-a772-19b9ecafbe8a	3	194532008	194532531	2	1.2389
5a707a7e-6167-438e-a772-19b9ecafbe8a	3	194532764	196935404	1165	0.0131
5a707a7e-6167-438e-a772-19b9ecafbe8a	3	196935650	196951464	13	-0.5898
5a707a7e-6167-438e-a772-19b9ecafbe8a	3	196955067	198169247	611	0.0479
5a707a7e-6167-438e-a772-19b9ecafbe8a	4	68929	8722817	5095	-0.0005
5a707a7e-6167-438e-a772-19b9ecafbe8a	4	9370577	9494650	67	0.5319
5a707a7e-6167-438e-a772-19b9ecafbe8a	4	9496201	21370380	8772	0.0013
5a707a7e-6167-438e-a772-19b9ecafbe8a	4	21370416	21375228	14	-0.7618
5a707a7e-6167-438e-a772-19b9ecafbe8a	4	21382117	68569894	28265	0.0046
5a707a7e-6167-438e-a772-19b9ecafbe8a	4	68570184	68570195	3	-2.5578
5a707a7e-6167-438e-a772-19b9ecafbe8a	4	68570854	68655691	36	-0.2821
5a707a7e-6167-438e-a772-19b9ecafbe8a	4	68663241	68671434	2	-1.8765
5a707a7e-6167-438e-a772-19b9ecafbe8a	4	68674307	121360818	32029	0
5a707a7e-6167-438e-a772-19b9ecafbe8a	4	121361313	121363980	28	-0.7061
5a707a7e-6167-438e-a772-19b9ecafbe8a	4	121369976	125073689	2083	0.0044
5a707a7e-6167-438e-a772-19b9ecafbe8a	4	125075205	125075658	3	-1.3949
5a707a7e-6167-438e-a772-19b9ecafbe8a	4	125075806	171448195	28170	0.0034
5a707a7e-6167-438e-a772-19b9ecafbe8a	4	171453733	171456625	12	1.0331
5a707a7e-6167-438e-a772-19b9ecafbe8a	4	171459220	172501190	635	0.0263
5a707a7e-6167-438e-a772-19b9ecafbe8a	4	172501371	172507492	8	0.8302
5a707a7e-6167-438e-a772-19b9ecafbe8a	4	172519981	190106768	11834	0.0149
5a707a7e-6167-438e-a772-19b9ecafbe8a	5	15532	772967	330	0.0073
5a707a7e-6167-438e-a772-19b9ecafbe8a	5	773075	779766	4	-1.0585
5a707a7e-6167-438e-a772-19b9ecafbe8a	5	800724	10528810	8178	0.0054
5a707a7e-6167-438e-a772-19b9ecafbe8a	5	10531508	10531645	2	-2.1635
5a707a7e-6167-438e-a772-19b9ecafbe8a	5	10531886	21376735	7137	0.0136
5a707a7e-6167-438e-a772-19b9ecafbe8a	5	21377730	21377744	2	-2.1779
5a707a7e-6167-438e-a772-19b9ecafbe8a	5	21385957	21449167	44	0.0773
5a707a7e-6167-438e-a772-19b9ecafbe8a	5	21451091	21452329	5	-1.5267
5a707a7e-6167-438e-a772-19b9ecafbe8a	5	21452387	180947523	96907	0.0032
5a707a7e-6167-438e-a772-19b9ecafbe8a	5	180951710	181006225	20	-0.5452
5a707a7e-6167-438e-a772-19b9ecafbe8a	5	181006264	181363319	169	0.0217
5a707a7e-6167-438e-a772-19b9ecafbe8a	6	149661	245798	87	-0.0304
5a707a7e-6167-438e-a772-19b9ecafbe8a	6	246178	423014	150	0.2767
5a707a7e-6167-438e-a772-19b9ecafbe8a	6	425573	29869411	21403	-0.0028
5a707a7e-6167-438e-a772-19b9ecafbe8a	6	29869537	29906865	20	-0.6101
5a707a7e-6167-438e-a772-19b9ecafbe8a	6	29906932	31318499	658	-0.0289
5a707a7e-6167-438e-a772-19b9ecafbe8a	6	31318528	31327629	6	-1.9702
5a707a7e-6167-438e-a772-19b9ecafbe8a	6	31328176	33970966	1367	-0.0079
5a707a7e-6167-438e-a772-19b9ecafbe8a	6	33974234	33974928	6	-0.9719
5a707a7e-6167-438e-a772-19b9ecafbe8a	6	33976809	72465625	22378	0.0028
5a707a7e-6167-438e-a772-19b9ecafbe8a	6	72466214	72483449	14	-0.7992
5a707a7e-6167-438e-a772-19b9ecafbe8a	6	72483900	73882142	873	0.0027
5a707a7e-6167-438e-a772-19b9ecafbe8a	6	73882509	73891694	10	0.7912
5a707a7e-6167-438e-a772-19b9ecafbe8a	6	73893839	78262064	2770	-0.0007
5a707a7e-6167-438e-a772-19b9ecafbe8a	6	78262085	78329517	109	0.447
5a707a7e-6167-438e-a772-19b9ecafbe8a	6	78331916	103286954	15462	0.0045
5a707a7e-6167-438e-a772-19b9ecafbe8a	6	103290101	103314186	46	0.7425
5a707a7e-6167-438e-a772-19b9ecafbe8a	6	103317795	104449094	730	0.0189
5a707a7e-6167-438e-a772-19b9ecafbe8a	6	104449598	104481736	22	0.586
5a707a7e-6167-438e-a772-19b9ecafbe8a	6	104495548	115057911	6551	-0.0044
5a707a7e-6167-438e-a772-19b9ecafbe8a	6	115057996	115086809	3	-1.53
5a707a7e-6167-438e-a772-19b9ecafbe8a	6	115087407	127987104	7688	0.002
5a707a7e-6167-438e-a772-19b9ecafbe8a	6	127987352	127987358	2	-3.2145
5a707a7e-6167-438e-a772-19b9ecafbe8a	6	127990334	170741917	29136	-0.0022
5a707a7e-6167-438e-a772-19b9ecafbe8a	7	43355	5897269	3057	-0.0043
5a707a7e-6167-438e-a772-19b9ecafbe8a	7	5900408	5909197	2	-1.9443
5a707a7e-6167-438e-a772-19b9ecafbe8a	7	5911197	23098855	13487	0.0146
5a707a7e-6167-438e-a772-19b9ecafbe8a	7	23100788	23101519	7	-1.1213
5a707a7e-6167-438e-a772-19b9ecafbe8a	7	23101556	53145660	21039	-0.0022
5a707a7e-6167-438e-a772-19b9ecafbe8a	7	53146318	53150930	10	-1.3945
5a707a7e-6167-438e-a772-19b9ecafbe8a	7	53151219	54305455	845	0.0009
5a707a7e-6167-438e-a772-19b9ecafbe8a	7	54318812	54318824	6	1.2666
5a707a7e-6167-438e-a772-19b9ecafbe8a	7	54325795	61093309	2043	0.0133
5a707a7e-6167-438e-a772-19b9ecafbe8a	7	62239187	62526866	24	-0.4152
5a707a7e-6167-438e-a772-19b9ecafbe8a	7	62526879	88927588	14102	0.0076
5a707a7e-6167-438e-a772-19b9ecafbe8a	7	88927669	90217022	830	0.0927
5a707a7e-6167-438e-a772-19b9ecafbe8a	7	90217494	94403081	2741	-0.0014
5a707a7e-6167-438e-a772-19b9ecafbe8a	7	94403441	94404025	5	-1.1792
5a707a7e-6167-438e-a772-19b9ecafbe8a	7	94409622	109801155	8705	0.0028
5a707a7e-6167-438e-a772-19b9ecafbe8a	7	109801187	109813853	11	0.6589
5a707a7e-6167-438e-a772-19b9ecafbe8a	7	109813925	118491626	5324	0.0024
5a707a7e-6167-438e-a772-19b9ecafbe8a	7	118495687	118521318	16	-0.7144
5a707a7e-6167-438e-a772-19b9ecafbe8a	7	118524676	125909474	4333	0.0088
5a707a7e-6167-438e-a772-19b9ecafbe8a	7	125921925	125953368	35	-0.9981
5a707a7e-6167-438e-a772-19b9ecafbe8a	7	125959150	153450553	17041	0.0009
5a707a7e-6167-438e-a772-19b9ecafbe8a	7	153450560	153450627	2	-2.8247
5a707a7e-6167-438e-a772-19b9ecafbe8a	7	153450630	154582175	835	0.0293
5a707a7e-6167-438e-a772-19b9ecafbe8a	7	154584676	154585411	2	-1.1901
5a707a7e-6167-438e-a772-19b9ecafbe8a	7	154585445	155673169	934	0.0056
5a707a7e-6167-438e-a772-19b9ecafbe8a	7	155674244	155676942	2	-1.7357
5a707a7e-6167-438e-a772-19b9ecafbe8a	7	155683042	159334314	2311	-0.0016
5a707a7e-6167-438e-a772-19b9ecafbe8a	8	81254	7185818	7718	0.0207
5a707a7e-6167-438e-a772-19b9ecafbe8a	8	7296545	7473830	35	-0.7982
5a707a7e-6167-438e-a772-19b9ecafbe8a	8	7477487	13757208	4375	0.013
5a707a7e-6167-438e-a772-19b9ecafbe8a	8	13757223	13794197	44	-0.728
5a707a7e-6167-438e-a772-19b9ecafbe8a	8	13794213	16339682	2349	0.0068
5a707a7e-6167-438e-a772-19b9ecafbe8a	8	16349445	16349614	8	-1.5868
5a707a7e-6167-438e-a772-19b9ecafbe8a	8	16354575	17752584	1261	0.0155
5a707a7e-6167-438e-a772-19b9ecafbe8a	8	17753125	17753205	2	-1.4475
5a707a7e-6167-438e-a772-19b9ecafbe8a	8	17753565	25116961	5667	-0.0033
5a707a7e-6167-438e-a772-19b9ecafbe8a	8	25117007	25126554	20	0.9301
5a707a7e-6167-438e-a772-19b9ecafbe8a	8	25126626	32821348	5433	-0.0006
5a707a7e-6167-438e-a772-19b9ecafbe8a	8	32825580	32829101	5	0.9063
5a707a7e-6167-438e-a772-19b9ecafbe8a	8	32829941	32830895	3	2.4114
5a707a7e-6167-438e-a772-19b9ecafbe8a	8	32834588	39389156	3577	0.0014
5a707a7e-6167-438e-a772-19b9ecafbe8a	8	39389592	39529446	57	0.6857
5a707a7e-6167-438e-a772-19b9ecafbe8a	8	39530780	67635292	15521	0.0002
5a707a7e-6167-438e-a772-19b9ecafbe8a	8	67635325	67635434	4	-0.5732
5a707a7e-6167-438e-a772-19b9ecafbe8a	8	67635897	67636071	5	-1.5352
5a707a7e-6167-438e-a772-19b9ecafbe8a	8	67636165	67637956	18	-0.723
5a707a7e-6167-438e-a772-19b9ecafbe8a	8	67637971	84345754	10318	0.0063
5a707a7e-6167-438e-a772-19b9ecafbe8a	8	84350648	84356431	19	-0.7076
5a707a7e-6167-438e-a772-19b9ecafbe8a	8	84358447	119139771	21074	0.0031
5a707a7e-6167-438e-a772-19b9ecafbe8a	8	119142545	119146644	3	-2.3294
5a707a7e-6167-438e-a772-19b9ecafbe8a	8	119147207	125500784	4221	0
5a707a7e-6167-438e-a772-19b9ecafbe8a	8	125503955	125504269	2	-1.9939
5a707a7e-6167-438e-a772-19b9ecafbe8a	8	125504579	141609467	12289	-0.0042
5a707a7e-6167-438e-a772-19b9ecafbe8a	8	141609806	141610086	2	-2.0732
5a707a7e-6167-438e-a772-19b9ecafbe8a	8	141610301	145072769	1416	0.0082
5a707a7e-6167-438e-a772-19b9ecafbe8a	9	46587	11359708	10748	0.0186
5a707a7e-6167-438e-a772-19b9ecafbe8a	9	11360225	12601977	978	0.0795
5a707a7e-6167-438e-a772-19b9ecafbe8a	9	12607155	19373257	5743	0.0054
5a707a7e-6167-438e-a772-19b9ecafbe8a	9	19374435	23361807	2939	-0.0261
5a707a7e-6167-438e-a772-19b9ecafbe8a	9	23363117	23372401	7	0.7928
5a707a7e-6167-438e-a772-19b9ecafbe8a	9	23373486	38052132	10079	-0.0288
5a707a7e-6167-438e-a772-19b9ecafbe8a	9	38056963	41569587	741	0.031
5a707a7e-6167-438e-a772-19b9ecafbe8a	9	41569588	42729302	78	0.4334
5a707a7e-6167-438e-a772-19b9ecafbe8a	9	42736668	61405110	40	0.0269
5a707a7e-6167-438e-a772-19b9ecafbe8a	9	61520021	61698293	36	0.5298
5a707a7e-6167-438e-a772-19b9ecafbe8a	9	61698704	138200944	48055	-0.0009
5a707a7e-6167-438e-a772-19b9ecafbe8a	10	45792	17896194	14845	-0.0003
5a707a7e-6167-438e-a772-19b9ecafbe8a	10	17907840	17910884	2	-2.2244
5a707a7e-6167-438e-a772-19b9ecafbe8a	10	17929793	22881836	3531	-0.0069
5a707a7e-6167-438e-a772-19b9ecafbe8a	10	22894648	22897802	3	-1.033
5a707a7e-6167-438e-a772-19b9ecafbe8a	10	22900616	24086334	802	0.0178
5a707a7e-6167-438e-a772-19b9ecafbe8a	10	24088745	24089125	11	0.7662
5a707a7e-6167-438e-a772-19b9ecafbe8a	10	24089979	65581714	25242	0.0098
5a707a7e-6167-438e-a772-19b9ecafbe8a	10	65581795	65584197	9	-0.7875
5a707a7e-6167-438e-a772-19b9ecafbe8a	10	65585009	76389430	6685	0.0058
5a707a7e-6167-438e-a772-19b9ecafbe8a	10	76390927	76391117	2	-1.7214
5a707a7e-6167-438e-a772-19b9ecafbe8a	10	76394568	76493093	64	0.0652
5a707a7e-6167-438e-a772-19b9ecafbe8a	10	76497303	76497852	2	1.4461
5a707a7e-6167-438e-a772-19b9ecafbe8a	10	76501509	79624118	2442	-0.0034
5a707a7e-6167-438e-a772-19b9ecafbe8a	10	79624128	79663484	6	-0.8949
5a707a7e-6167-438e-a772-19b9ecafbe8a	10	79663623	107452589	18058	0.0015
5a707a7e-6167-438e-a772-19b9ecafbe8a	10	107453022	107469847	21	-0.6527
5a707a7e-6167-438e-a772-19b9ecafbe8a	10	107471845	108074904	474	0.0007
5a707a7e-6167-438e-a772-19b9ecafbe8a	10	108082770	108091178	9	-0.8335
5a707a7e-6167-438e-a772-19b9ecafbe8a	10	108094065	117773530	6734	-0.0067
5a707a7e-6167-438e-a772-19b9ecafbe8a	10	117774246	117774296	2	-1.4018
5a707a7e-6167-438e-a772-19b9ecafbe8a	10	117774494	120018779	1458	-0.0079
5a707a7e-6167-438e-a772-19b9ecafbe8a	10	120021349	120022423	4	-1.1815
5a707a7e-6167-438e-a772-19b9ecafbe8a	10	120023302	121004162	882	-0.0078
5a707a7e-6167-438e-a772-19b9ecafbe8a	10	121011150	121017985	18	-0.4577
5a707a7e-6167-438e-a772-19b9ecafbe8a	10	121030029	130373277	7224	-0.0003
5a707a7e-6167-438e-a772-19b9ecafbe8a	10	130374334	131703613	1149	0.069
5a707a7e-6167-438e-a772-19b9ecafbe8a	10	131706559	133654968	932	-0.0008
5a707a7e-6167-438e-a772-19b9ecafbe8a	11	198510	3397122	1276	0.0062
5a707a7e-6167-438e-a772-19b9ecafbe8a	11	3398272	3591901	52	-0.5836
5a707a7e-6167-438e-a772-19b9ecafbe8a	11	3597187	4228783	408	-0.0158
5a707a7e-6167-438e-a772-19b9ecafbe8a	11	4234899	4331751	27	-0.7179
5a707a7e-6167-438e-a772-19b9ecafbe8a	11	4337579	4949137	660	-0.0109
5a707a7e-6167-438e-a772-19b9ecafbe8a	11	4950775	4954445	20	0.4874
5a707a7e-6167-438e-a772-19b9ecafbe8a	11	4954475	25584298	15516	0.0035
5a707a7e-6167-438e-a772-19b9ecafbe8a	11	25587000	25603195	23	-0.8661
5a707a7e-6167-438e-a772-19b9ecafbe8a	11	25612037	25632636	13	0.113
5a707a7e-6167-438e-a772-19b9ecafbe8a	11	25633389	25639130	3	-2.6232
5a707a7e-6167-438e-a772-19b9ecafbe8a	11	25641188	55593955	16456	0.0032
5a707a7e-6167-438e-a772-19b9ecafbe8a	11	55595864	55685501	59	0.311
5a707a7e-6167-438e-a772-19b9ecafbe8a	11	55685533	80260060	13261	0.0035
5a707a7e-6167-438e-a772-19b9ecafbe8a	11	80261889	80272296	22	-0.9338
5a707a7e-6167-438e-a772-19b9ecafbe8a	11	80272554	89741663	6556	0.0021
5a707a7e-6167-438e-a772-19b9ecafbe8a	11	89754781	89834373	13	-0.9753
5a707a7e-6167-438e-a772-19b9ecafbe8a	11	89847184	90833345	554	-0.0192
5a707a7e-6167-438e-a772-19b9ecafbe8a	11	90835019	90837870	4	-3.2204
5a707a7e-6167-438e-a772-19b9ecafbe8a	11	90838996	93964770	2250	0.0053
5a707a7e-6167-438e-a772-19b9ecafbe8a	11	93964792	93968422	9	-1.0257
5a707a7e-6167-438e-a772-19b9ecafbe8a	11	93971294	135074876	29573	-0.0018
5a707a7e-6167-438e-a772-19b9ecafbe8a	12	51460	9477960	6167	0.0031
5a707a7e-6167-438e-a772-19b9ecafbe8a	12	9481274	9562969	23	-1.4951
5a707a7e-6167-438e-a772-19b9ecafbe8a	12	9575696	11358644	1179	0.0055
5a707a7e-6167-438e-a772-19b9ecafbe8a	12	11359558	11390472	29	-2.8328
5a707a7e-6167-438e-a772-19b9ecafbe8a	12	11399258	27493059	11192	0.001
5a707a7e-6167-438e-a772-19b9ecafbe8a	12	27494808	27498429	28	-0.7856
5a707a7e-6167-438e-a772-19b9ecafbe8a	12	27504228	33227031	4217	-0.0001
5a707a7e-6167-438e-a772-19b9ecafbe8a	12	33232895	33242483	7	-1.7982
5a707a7e-6167-438e-a772-19b9ecafbe8a	12	33246118	45510655	5533	0.0059
5a707a7e-6167-438e-a772-19b9ecafbe8a	12	45512057	45514957	2	-2.8027
5a707a7e-6167-438e-a772-19b9ecafbe8a	12	45515754	70478078	15154	-0.0053
5a707a7e-6167-438e-a772-19b9ecafbe8a	12	70478895	70484247	9	-2.1452
5a707a7e-6167-438e-a772-19b9ecafbe8a	12	70485605	99397874	18502	0.002
5a707a7e-6167-438e-a772-19b9ecafbe8a	12	99397993	99409340	36	-0.5124
5a707a7e-6167-438e-a772-19b9ecafbe8a	12	99409355	131242840	21750	0.0015
5a707a7e-6167-438e-a772-19b9ecafbe8a	12	131248112	131341210	83	-0.8857
5a707a7e-6167-438e-a772-19b9ecafbe8a	12	131348665	131657925	305	0.0395
5a707a7e-6167-438e-a772-19b9ecafbe8a	12	131658450	131659651	4	-0.9224
5a707a7e-6167-438e-a772-19b9ecafbe8a	12	131669648	133201603	554	0.0141
5a707a7e-6167-438e-a772-19b9ecafbe8a	13	18452809	57176962	25995	0.0035
5a707a7e-6167-438e-a772-19b9ecafbe8a	13	57184136	57204246	33	-2.1655
5a707a7e-6167-438e-a772-19b9ecafbe8a	13	57215580	114342922	38044	0.0033
5a707a7e-6167-438e-a772-19b9ecafbe8a	14	18239283	19753692	76	0.0034
5a707a7e-6167-438e-a772-19b9ecafbe8a	14	19754411	19955213	91	-0.2658
5a707a7e-6167-438e-a772-19b9ecafbe8a	14	19956767	20881358	709	0.0153
5a707a7e-6167-438e-a772-19b9ecafbe8a	14	20884940	20940797	22	-4.4906
5a707a7e-6167-438e-a772-19b9ecafbe8a	14	20941822	21908468	577	0.0155
5a707a7e-6167-438e-a772-19b9ecafbe8a	14	21909192	21910616	5	-1.3478
5a707a7e-6167-438e-a772-19b9ecafbe8a	14	21910654	22210662	290	0.0102
5a707a7e-6167-438e-a772-19b9ecafbe8a	14	22211039	22575361	327	0.1136
5a707a7e-6167-438e-a772-19b9ecafbe8a	14	22578899	34828587	7770	0.0029
5a707a7e-6167-438e-a772-19b9ecafbe8a	14	34829886	34837959	5	-1.233
5a707a7e-6167-438e-a772-19b9ecafbe8a	14	34841880	40362952	3303	0.0064
5a707a7e-6167-438e-a772-19b9ecafbe8a	14	40363904	40364138	3	-1.0813
5a707a7e-6167-438e-a772-19b9ecafbe8a	14	40366384	41536004	835	0.0016
5a707a7e-6167-438e-a772-19b9ecafbe8a	14	41550526	41650952	58	-0.9297
5a707a7e-6167-438e-a772-19b9ecafbe8a	14	41653650	88094954	29787	0.0023
5a707a7e-6167-438e-a772-19b9ecafbe8a	14	88101573	88108760	4	-1.948
5a707a7e-6167-438e-a772-19b9ecafbe8a	14	88109798	103236494	10137	-0.0049
5a707a7e-6167-438e-a772-19b9ecafbe8a	14	103241080	103241443	3	-1.6137
5a707a7e-6167-438e-a772-19b9ecafbe8a	14	103241544	105862987	929	0.0059
5a707a7e-6167-438e-a772-19b9ecafbe8a	14	105876458	106294689	129	-0.37
5a707a7e-6167-438e-a772-19b9ecafbe8a	14	106297265	106297273	3	1.2398
5a707a7e-6167-438e-a772-19b9ecafbe8a	14	106297409	106364815	24	-0.4808
5a707a7e-6167-438e-a772-19b9ecafbe8a	14	106365807	106877229	271	0.0273
5a707a7e-6167-438e-a772-19b9ecafbe8a	15	19811075	20026653	47	0.1423
5a707a7e-6167-438e-a772-19b9ecafbe8a	15	20041119	22576496	166	0.4164
5a707a7e-6167-438e-a772-19b9ecafbe8a	15	22582296	27673477	3357	0.0162
5a707a7e-6167-438e-a772-19b9ecafbe8a	15	27674351	27683648	14	-0.8701
5a707a7e-6167-438e-a772-19b9ecafbe8a	15	27684001	56497331	17540	0.005
5a707a7e-6167-438e-a772-19b9ecafbe8a	15	56497449	56508779	26	-0.6071
5a707a7e-6167-438e-a772-19b9ecafbe8a	15	56509425	74284672	11754	-0.0038
5a707a7e-6167-438e-a772-19b9ecafbe8a	15	74284768	74291834	13	-0.5013
5a707a7e-6167-438e-a772-19b9ecafbe8a	15	74294967	76577588	969	0.0077
5a707a7e-6167-438e-a772-19b9ecafbe8a	15	76586021	76603433	22	0.706
5a707a7e-6167-438e-a772-19b9ecafbe8a	15	76603434	92222525	10176	0.0029
5a707a7e-6167-438e-a772-19b9ecafbe8a	15	92222644	92223064	3	2.0194
5a707a7e-6167-438e-a772-19b9ecafbe8a	15	92223528	101928837	7416	0.008
5a707a7e-6167-438e-a772-19b9ecafbe8a	16	10777	19934328	13460	0.0091
5a707a7e-6167-438e-a772-19b9ecafbe8a	16	19934486	19956040	28	-0.759
5a707a7e-6167-438e-a772-19b9ecafbe8a	16	19958932	24355041	2488	0.0016
5a707a7e-6167-438e-a772-19b9ecafbe8a	16	24355195	24357475	2	-1.6139
5a707a7e-6167-438e-a772-19b9ecafbe8a	16	24360479	27320653	2180	-0.0074
5a707a7e-6167-438e-a772-19b9ecafbe8a	16	27326291	27339366	12	-0.9241
5a707a7e-6167-438e-a772-19b9ecafbe8a	16	27341867	76764575	21427	0.0026
5a707a7e-6167-438e-a772-19b9ecafbe8a	16	76764612	76772531	3	-1.612
5a707a7e-6167-438e-a772-19b9ecafbe8a	16	76774655	81159209	4853	-0.0032
5a707a7e-6167-438e-a772-19b9ecafbe8a	16	81160489	81163622	5	-1.3239
5a707a7e-6167-438e-a772-19b9ecafbe8a	16	81164542	90096867	7374	-0.001
5a707a7e-6167-438e-a772-19b9ecafbe8a	17	150733	6055381	3245	0.0053
5a707a7e-6167-438e-a772-19b9ecafbe8a	17	6057529	6059063	5	-1.0997
5a707a7e-6167-438e-a772-19b9ecafbe8a	17	6060639	6197878	114	0.0127
5a707a7e-6167-438e-a772-19b9ecafbe8a	17	6203166	6229454	28	-1.2293
5a707a7e-6167-438e-a772-19b9ecafbe8a	17	6229492	8339592	1140	-0.0003
5a707a7e-6167-438e-a772-19b9ecafbe8a	17	8344229	8344415	2	-2.0506
5a707a7e-6167-438e-a772-19b9ecafbe8a	17	8346140	18452078	6852	0.0104
5a707a7e-6167-438e-a772-19b9ecafbe8a	17	18455632	18561272	25	0.6538
5a707a7e-6167-438e-a772-19b9ecafbe8a	17	18561907	22718353	1470	0.0201
5a707a7e-6167-438e-a772-19b9ecafbe8a	17	22718556	22727748	4	-1.046
5a707a7e-6167-438e-a772-19b9ecafbe8a	17	22728414	41348899	8016	0.0027
5a707a7e-6167-438e-a772-19b9ecafbe8a	17	41354660	41366243	29	-0.7188
5a707a7e-6167-438e-a772-19b9ecafbe8a	17	41370057	58123113	9875	0.0012
5a707a7e-6167-438e-a772-19b9ecafbe8a	17	58134739	58136733	5	-0.999
5a707a7e-6167-438e-a772-19b9ecafbe8a	17	58140037	83091923	14189	0.0052
5a707a7e-6167-438e-a772-19b9ecafbe8a	18	48133	80257174	50694	0.0039
5a707a7e-6167-438e-a772-19b9ecafbe8a	19	90910	51628560	24737	0.0027
5a707a7e-6167-438e-a772-19b9ecafbe8a	19	51639099	51644944	11	-2.5406
5a707a7e-6167-438e-a772-19b9ecafbe8a	19	51651652	58586487	4335	0.0121
5a707a7e-6167-438e-a772-19b9ecafbe8a	20	80664	1580353	1203	0.021
5a707a7e-6167-438e-a772-19b9ecafbe8a	20	1580934	1601446	35	1.086
5a707a7e-6167-438e-a772-19b9ecafbe8a	20	1601561	7066403	4041	0.0023
5a707a7e-6167-438e-a772-19b9ecafbe8a	20	7066638	7068131	3	-1.3468
5a707a7e-6167-438e-a772-19b9ecafbe8a	20	7069458	15243016	6279	0.0042
5a707a7e-6167-438e-a772-19b9ecafbe8a	20	15243080	15247649	3	-1.3228
5a707a7e-6167-438e-a772-19b9ecafbe8a	20	15248577	16584816	1298	-0.0183
5a707a7e-6167-438e-a772-19b9ecafbe8a	20	16587417	16605989	31	-0.8006
5a707a7e-6167-438e-a772-19b9ecafbe8a	20	16606585	32979039	7996	0.0052
5a707a7e-6167-438e-a772-19b9ecafbe8a	20	32983165	32983216	2	-2.6069
5a707a7e-6167-438e-a772-19b9ecafbe8a	20	32984094	33010975	16	-0.4968
5a707a7e-6167-438e-a772-19b9ecafbe8a	20	33017261	50160504	11076	0.0034
5a707a7e-6167-438e-a772-19b9ecafbe8a	20	50162588	50176256	5	-1.018
5a707a7e-6167-438e-a772-19b9ecafbe8a	20	50178380	61069423	8683	-0.0017
5a707a7e-6167-438e-a772-19b9ecafbe8a	20	61069706	61069725	2	-1.8515
5a707a7e-6167-438e-a772-19b9ecafbe8a	20	61071453	64324800	1670	0.017
5a707a7e-6167-438e-a772-19b9ecafbe8a	21	10354168	46677045	23845	0.0032
5a707a7e-6167-438e-a772-19b9ecafbe8a	22	15294547	18190590	1129	0.0079
5a707a7e-6167-438e-a772-19b9ecafbe8a	22	18392404	18917479	11	0.8744
5a707a7e-6167-438e-a772-19b9ecafbe8a	22	18918078	22061399	1889	0.0193
5a707a7e-6167-438e-a772-19b9ecafbe8a	22	22061828	22063414	6	-1.0291
5a707a7e-6167-438e-a772-19b9ecafbe8a	22	22065437	48872888	18990	-0.0003
5a707a7e-6167-438e-a772-19b9ecafbe8a	22	48874111	48874730	2	-1.8194
5a707a7e-6167-438e-a772-19b9ecafbe8a	22	48877479	49090879	207	0.0954
5a707a7e-6167-438e-a772-19b9ecafbe8a	22	49091316	49091605	5	-1.1564
5a707a7e-6167-438e-a772-19b9ecafbe8a	22	49093113	50796027	1019	0.0304
5a707a7e-6167-438e-a772-19b9ecafbe8a	X	251810	119894225	62253	0.0116
5a707a7e-6167-438e-a772-19b9ecafbe8a	X	119901181	119923328	14	2.4208
5a707a7e-6167-438e-a772-19b9ecafbe8a	X	119936911	127857178	4657	0.0162
5a707a7e-6167-438e-a772-19b9ecafbe8a	X	127857664	127861866	3	-4.0868
5a707a7e-6167-438e-a772-19b9ecafbe8a	X	127862122	127946021	42	0.0535
5a707a7e-6167-438e-a772-19b9ecafbe8a	X	127946558	127947459	3	1.2378
5a707a7e-6167-438e-a772-19b9ecafbe8a	X	127947552	128502215	252	0.0456
5a707a7e-6167-438e-a772-19b9ecafbe8a	X	128503676	128504703	3	-3.6456
5a707a7e-6167-438e-a772-19b9ecafbe8a	X	128505017	144607169	9251	0.013
5a707a7e-6167-438e-a772-19b9ecafbe8a	X	144607841	144612017	4	-3.3886
5a707a7e-6167-438e-a772-19b9ecafbe8a	X	144612261	155952689	6745	0.0097
5a707a7e-6167-438e-a772-19b9ecafbe8a	Y	2782397	9685653	2308	-0.9945
5a707a7e-6167-438e-a772-19b9ecafbe8a	Y	9759940	9811130	3	-2.7114
5a707a7e-6167-438e-a772-19b9ecafbe8a	Y	9870332	56872112	4328	-1.0039
