GDC_Aliquot	Chromosome	Start	End	Num_Probes	Segment_Mean
53420295-ded0-4d1a-a07a-0f86039306b5	1	62920	3285881	733	0.0525
53420295-ded0-4d1a-a07a-0f86039306b5	1	3286332	16542868	7912	-0.0504
53420295-ded0-4d1a-a07a-0f86039306b5	1	16544783	16931448	102	0.1964
53420295-ded0-4d1a-a07a-0f86039306b5	1	16932568	25256800	5266	-0.0536
53420295-ded0-4d1a-a07a-0f86039306b5	1	25256850	25361785	41	0.415
53420295-ded0-4d1a-a07a-0f86039306b5	1	25371978	46044681	11287	-0.053
53420295-ded0-4d1a-a07a-0f86039306b5	1	46046603	46048154	2	1.1982
53420295-ded0-4d1a-a07a-0f86039306b5	1	46053881	51458528	2925	-0.0393
53420295-ded0-4d1a-a07a-0f86039306b5	1	51460378	51465303	2	-1.4931
53420295-ded0-4d1a-a07a-0f86039306b5	1	51465452	72303233	14491	-0.046
53420295-ded0-4d1a-a07a-0f86039306b5	1	72303253	72345465	45	-1.3052
53420295-ded0-4d1a-a07a-0f86039306b5	1	72346221	105470754	20952	-0.0433
53420295-ded0-4d1a-a07a-0f86039306b5	1	105476583	105481448	19	0.5332
53420295-ded0-4d1a-a07a-0f86039306b5	1	105481468	109690431	2637	-0.0389
53420295-ded0-4d1a-a07a-0f86039306b5	1	109690640	109690705	2	-2.3595
53420295-ded0-4d1a-a07a-0f86039306b5	1	109690949	112147704	1959	-0.0492
53420295-ded0-4d1a-a07a-0f86039306b5	1	112153343	112163334	26	0.4344
53420295-ded0-4d1a-a07a-0f86039306b5	1	112163438	115431467	2067	-0.0398
53420295-ded0-4d1a-a07a-0f86039306b5	1	115442406	115443483	2	-1.1897
53420295-ded0-4d1a-a07a-0f86039306b5	1	115447442	116721484	872	-0.0512
53420295-ded0-4d1a-a07a-0f86039306b5	1	116721539	116724057	2	-1.3511
53420295-ded0-4d1a-a07a-0f86039306b5	1	116725418	143459641	2219	-0.0427
53420295-ded0-4d1a-a07a-0f86039306b5	1	143494500	143927887	125	-0.6519
53420295-ded0-4d1a-a07a-0f86039306b5	1	143928045	152582700	2314	-0.0296
53420295-ded0-4d1a-a07a-0f86039306b5	1	152583051	152614118	36	1.0241
53420295-ded0-4d1a-a07a-0f86039306b5	1	152618018	152789809	172	-0.0272
53420295-ded0-4d1a-a07a-0f86039306b5	1	152789918	152796224	30	0.7362
53420295-ded0-4d1a-a07a-0f86039306b5	1	152801429	178672810	17311	-0.0424
53420295-ded0-4d1a-a07a-0f86039306b5	1	178676425	178704939	74	0.1441
53420295-ded0-4d1a-a07a-0f86039306b5	1	178705053	189354974	7128	-0.0425
53420295-ded0-4d1a-a07a-0f86039306b5	1	189357207	189567882	127	-0.77
53420295-ded0-4d1a-a07a-0f86039306b5	1	189568003	195378851	3923	-0.0372
53420295-ded0-4d1a-a07a-0f86039306b5	1	195379014	195386347	5	0.8903
53420295-ded0-4d1a-a07a-0f86039306b5	1	195386615	196761905	898	-0.0458
53420295-ded0-4d1a-a07a-0f86039306b5	1	196762480	196788990	33	0.3797
53420295-ded0-4d1a-a07a-0f86039306b5	1	196789019	196790158	4	-1.0683
53420295-ded0-4d1a-a07a-0f86039306b5	1	196792690	196843377	20	0.4335
53420295-ded0-4d1a-a07a-0f86039306b5	1	196843400	196846661	2	-2.1627
53420295-ded0-4d1a-a07a-0f86039306b5	1	196847600	241896967	31280	-0.0437
53420295-ded0-4d1a-a07a-0f86039306b5	1	241899543	241905742	8	-1.2563
53420295-ded0-4d1a-a07a-0f86039306b5	1	241909347	248930189	4520	-0.0288
53420295-ded0-4d1a-a07a-0f86039306b5	2	12784	34295406	23988	-0.0413
53420295-ded0-4d1a-a07a-0f86039306b5	2	34298911	34300513	2	-1.6828
53420295-ded0-4d1a-a07a-0f86039306b5	2	34300900	34491703	112	-0.0417
53420295-ded0-4d1a-a07a-0f86039306b5	2	34491869	34512096	30	0.408
53420295-ded0-4d1a-a07a-0f86039306b5	2	34512489	52516787	12998	-0.0381
53420295-ded0-4d1a-a07a-0f86039306b5	2	52527330	52554404	40	0.604
53420295-ded0-4d1a-a07a-0f86039306b5	2	52560811	193704998	82075	-0.0391
53420295-ded0-4d1a-a07a-0f86039306b5	2	193722432	193733648	8	-0.9086
53420295-ded0-4d1a-a07a-0f86039306b5	2	193737212	195674635	1086	-0.0122
53420295-ded0-4d1a-a07a-0f86039306b5	2	195679160	195680301	2	-1.5857
53420295-ded0-4d1a-a07a-0f86039306b5	2	195687974	207481338	7043	-0.0437
53420295-ded0-4d1a-a07a-0f86039306b5	2	207485210	207495072	30	0.2934
53420295-ded0-4d1a-a07a-0f86039306b5	2	207495422	211906109	2742	-0.042
53420295-ded0-4d1a-a07a-0f86039306b5	2	211906909	211906945	2	-4.1829
53420295-ded0-4d1a-a07a-0f86039306b5	2	211910216	242147305	19319	-0.0469
53420295-ded0-4d1a-a07a-0f86039306b5	3	20930	68697013	47782	-0.0395
53420295-ded0-4d1a-a07a-0f86039306b5	3	68697108	68698262	14	-1.3377
53420295-ded0-4d1a-a07a-0f86039306b5	3	68699607	75251378	4810	-0.0444
53420295-ded0-4d1a-a07a-0f86039306b5	3	75251919	75255933	2	-1.9258
53420295-ded0-4d1a-a07a-0f86039306b5	3	75256240	98190281	10498	-0.0422
53420295-ded0-4d1a-a07a-0f86039306b5	3	98194581	98211020	12	0.4469
53420295-ded0-4d1a-a07a-0f86039306b5	3	98213209	130067097	19322	-0.04
53420295-ded0-4d1a-a07a-0f86039306b5	3	130067366	130088081	33	0.4195
53420295-ded0-4d1a-a07a-0f86039306b5	3	130088155	133306023	2121	-0.0229
53420295-ded0-4d1a-a07a-0f86039306b5	3	133306038	133313789	7	0.6474
53420295-ded0-4d1a-a07a-0f86039306b5	3	133313817	136300257	1896	-0.0431
53420295-ded0-4d1a-a07a-0f86039306b5	3	136304109	136306584	2	-2.8201
53420295-ded0-4d1a-a07a-0f86039306b5	3	136319699	162795361	16238	-0.0416
53420295-ded0-4d1a-a07a-0f86039306b5	3	162795671	162908207	66	-1.4129
53420295-ded0-4d1a-a07a-0f86039306b5	3	162908784	186980310	14662	-0.0364
53420295-ded0-4d1a-a07a-0f86039306b5	3	186983049	186983135	2	-2.5772
53420295-ded0-4d1a-a07a-0f86039306b5	3	186991016	193160113	4497	-0.0405
53420295-ded0-4d1a-a07a-0f86039306b5	3	193160173	193165114	19	-0.996
53420295-ded0-4d1a-a07a-0f86039306b5	3	193168646	198169247	2694	-0.0349
53420295-ded0-4d1a-a07a-0f86039306b5	4	68929	783123	267	-0.0023
53420295-ded0-4d1a-a07a-0f86039306b5	4	783946	788513	2	1.5175
53420295-ded0-4d1a-a07a-0f86039306b5	4	800143	9455251	4889	-0.055
53420295-ded0-4d1a-a07a-0f86039306b5	4	9459504	9477699	6	-0.8782
53420295-ded0-4d1a-a07a-0f86039306b5	4	9484440	10208766	540	-0.087
53420295-ded0-4d1a-a07a-0f86039306b5	4	10221792	10229874	28	-1.8769
53420295-ded0-4d1a-a07a-0f86039306b5	4	10232590	68509237	36469	-0.0421
53420295-ded0-4d1a-a07a-0f86039306b5	4	68509442	68623617	64	-1.574
53420295-ded0-4d1a-a07a-0f86039306b5	4	68639397	69252259	307	-0.0358
53420295-ded0-4d1a-a07a-0f86039306b5	4	69252275	69366304	62	-0.5042
53420295-ded0-4d1a-a07a-0f86039306b5	4	69366406	72550201	1860	-0.0446
53420295-ded0-4d1a-a07a-0f86039306b5	4	72553717	72555121	3	-1.1511
53420295-ded0-4d1a-a07a-0f86039306b5	4	72555244	98591017	15980	-0.0398
53420295-ded0-4d1a-a07a-0f86039306b5	4	98592297	98600194	3	-1.3513
53420295-ded0-4d1a-a07a-0f86039306b5	4	98602556	103359406	2869	-0.0353
53420295-ded0-4d1a-a07a-0f86039306b5	4	103360166	103364053	2	-1.9745
53420295-ded0-4d1a-a07a-0f86039306b5	4	103364387	107147141	2174	-0.0419
53420295-ded0-4d1a-a07a-0f86039306b5	4	107147161	107150731	7	0.6366
53420295-ded0-4d1a-a07a-0f86039306b5	4	107152350	121360818	8780	-0.0411
53420295-ded0-4d1a-a07a-0f86039306b5	4	121361313	121369976	29	-0.7811
53420295-ded0-4d1a-a07a-0f86039306b5	4	121370367	160934706	23556	-0.0442
53420295-ded0-4d1a-a07a-0f86039306b5	4	160934932	161011125	94	0.3339
53420295-ded0-4d1a-a07a-0f86039306b5	4	161011307	172066777	7029	-0.0388
53420295-ded0-4d1a-a07a-0f86039306b5	4	172067997	172068382	12	0.7219
53420295-ded0-4d1a-a07a-0f86039306b5	4	172074828	188300104	10924	-0.0373
53420295-ded0-4d1a-a07a-0f86039306b5	4	188300206	188300270	3	1.4497
53420295-ded0-4d1a-a07a-0f86039306b5	4	188300285	190106768	1142	-0.0117
53420295-ded0-4d1a-a07a-0f86039306b5	5	15532	698256	307	0.0173
53420295-ded0-4d1a-a07a-0f86039306b5	5	698357	779766	27	-0.8316
53420295-ded0-4d1a-a07a-0f86039306b5	5	800724	69550476	42735	-0.0431
53420295-ded0-4d1a-a07a-0f86039306b5	5	69571467	69822308	5	-1.7109
53420295-ded0-4d1a-a07a-0f86039306b5	5	69937600	104515520	19532	-0.0427
53420295-ded0-4d1a-a07a-0f86039306b5	5	104524672	104524903	4	1.0441
53420295-ded0-4d1a-a07a-0f86039306b5	5	104525348	175946505	47508	-0.0437
53420295-ded0-4d1a-a07a-0f86039306b5	5	175960543	175999690	8	0.8774
53420295-ded0-4d1a-a07a-0f86039306b5	5	176004572	180934838	2526	-0.0415
53420295-ded0-4d1a-a07a-0f86039306b5	5	180945168	181006225	23	0.437
53420295-ded0-4d1a-a07a-0f86039306b5	5	181006264	181363319	169	-0.0391
53420295-ded0-4d1a-a07a-0f86039306b5	6	149661	303017	125	-0.0572
53420295-ded0-4d1a-a07a-0f86039306b5	6	303121	381149	76	-0.4211
53420295-ded0-4d1a-a07a-0f86039306b5	6	382559	14584531	11211	-0.0451
53420295-ded0-4d1a-a07a-0f86039306b5	6	14585677	14586772	5	-0.8771
53420295-ded0-4d1a-a07a-0f86039306b5	6	14587916	22741645	6081	-0.046
53420295-ded0-4d1a-a07a-0f86039306b5	6	22743174	22747803	10	-0.817
53420295-ded0-4d1a-a07a-0f86039306b5	6	22751267	26743855	2717	-0.0579
53420295-ded0-4d1a-a07a-0f86039306b5	6	26747492	26749405	4	-1.0124
53420295-ded0-4d1a-a07a-0f86039306b5	6	26759781	29869295	1416	-0.0438
53420295-ded0-4d1a-a07a-0f86039306b5	6	29869410	29881490	16	-1.0614
53420295-ded0-4d1a-a07a-0f86039306b5	6	29882419	31305203	659	-0.0225
53420295-ded0-4d1a-a07a-0f86039306b5	6	31305253	31328674	14	0.7636
53420295-ded0-4d1a-a07a-0f86039306b5	6	31342147	32485024	500	-0.0225
53420295-ded0-4d1a-a07a-0f86039306b5	6	32485152	32593518	29	1.2479
53420295-ded0-4d1a-a07a-0f86039306b5	6	32602269	32634492	23	0.3529
53420295-ded0-4d1a-a07a-0f86039306b5	6	32636595	54066269	13703	-0.0455
53420295-ded0-4d1a-a07a-0f86039306b5	6	54066286	54067057	8	0.9075
53420295-ded0-4d1a-a07a-0f86039306b5	6	54070550	65684197	4924	-0.0343
53420295-ded0-4d1a-a07a-0f86039306b5	6	65689589	65693959	23	-0.4989
53420295-ded0-4d1a-a07a-0f86039306b5	6	65697234	73882142	5436	-0.0447
53420295-ded0-4d1a-a07a-0f86039306b5	6	73882509	73891694	10	0.7412
53420295-ded0-4d1a-a07a-0f86039306b5	6	73893839	78259348	2765	-0.033
53420295-ded0-4d1a-a07a-0f86039306b5	6	78259388	78317798	105	0.412
53420295-ded0-4d1a-a07a-0f86039306b5	6	78318053	90412337	7549	-0.0481
53420295-ded0-4d1a-a07a-0f86039306b5	6	90413252	90464659	62	-1.0167
53420295-ded0-4d1a-a07a-0f86039306b5	6	90466354	103286954	7865	-0.0375
53420295-ded0-4d1a-a07a-0f86039306b5	6	103290101	103314186	46	-1.1406
53420295-ded0-4d1a-a07a-0f86039306b5	6	103317795	170741917	44154	-0.0446
53420295-ded0-4d1a-a07a-0f86039306b5	7	43355	54705	17	0.5161
53420295-ded0-4d1a-a07a-0f86039306b5	7	60654	786374	152	0.7418
53420295-ded0-4d1a-a07a-0f86039306b5	7	788915	3310935	1212	0.5981
53420295-ded0-4d1a-a07a-0f86039306b5	7	3313640	3382065	77	0.6782
53420295-ded0-4d1a-a07a-0f86039306b5	7	3382095	3382176	2	-0.6245
53420295-ded0-4d1a-a07a-0f86039306b5	7	3382409	4531316	963	0.6684
53420295-ded0-4d1a-a07a-0f86039306b5	7	4535799	5892264	636	0.5641
53420295-ded0-4d1a-a07a-0f86039306b5	7	5895161	5909197	4	-0.5406
53420295-ded0-4d1a-a07a-0f86039306b5	7	5911197	21133633	11975	0.6012
53420295-ded0-4d1a-a07a-0f86039306b5	7	21134209	21141371	3	-0.9583
53420295-ded0-4d1a-a07a-0f86039306b5	7	21141668	38244598	12319	0.6059
53420295-ded0-4d1a-a07a-0f86039306b5	7	38246926	38356875	128	0.8336
53420295-ded0-4d1a-a07a-0f86039306b5	7	38361356	55634014	12094	0.6019
53420295-ded0-4d1a-a07a-0f86039306b5	7	55637286	78413974	8229	0.573
53420295-ded0-4d1a-a07a-0f86039306b5	7	78414170	91578827	8645	0.6088
53420295-ded0-4d1a-a07a-0f86039306b5	7	91589569	91589817	3	-1.4307
53420295-ded0-4d1a-a07a-0f86039306b5	7	91595717	97756658	3845	0.6001
53420295-ded0-4d1a-a07a-0f86039306b5	7	97766148	97773163	16	-0.0971
53420295-ded0-4d1a-a07a-0f86039306b5	7	97774928	101323817	1512	0.58
53420295-ded0-4d1a-a07a-0f86039306b5	7	101325082	101483000	70	0.7842
53420295-ded0-4d1a-a07a-0f86039306b5	7	101484174	109793690	5016	0.5953
53420295-ded0-4d1a-a07a-0f86039306b5	7	109793720	109813801	37	0.2035
53420295-ded0-4d1a-a07a-0f86039306b5	7	109813853	111243435	968	0.6198
53420295-ded0-4d1a-a07a-0f86039306b5	7	111252795	111700704	267	-0.1797
53420295-ded0-4d1a-a07a-0f86039306b5	7	111712844	126406561	8800	0.5975
53420295-ded0-4d1a-a07a-0f86039306b5	7	126406822	126406827	6	-0.7742
53420295-ded0-4d1a-a07a-0f86039306b5	7	126412712	132881125	3964	0.5959
53420295-ded0-4d1a-a07a-0f86039306b5	7	132883495	132884833	2	1.9164
53420295-ded0-4d1a-a07a-0f86039306b5	7	132884839	134100442	727	0.6175
53420295-ded0-4d1a-a07a-0f86039306b5	7	134100458	134105690	23	1.0441
53420295-ded0-4d1a-a07a-0f86039306b5	7	134110881	142069843	5206	0.599
53420295-ded0-4d1a-a07a-0f86039306b5	7	142069880	142088203	27	-0.049
53420295-ded0-4d1a-a07a-0f86039306b5	7	142090177	143975871	1006	0.648
53420295-ded0-4d1a-a07a-0f86039306b5	7	143976099	144022208	84	0.4224
53420295-ded0-4d1a-a07a-0f86039306b5	7	144022219	144255220	121	0.6251
53420295-ded0-4d1a-a07a-0f86039306b5	7	144255475	144336758	10	-0.4941
53420295-ded0-4d1a-a07a-0f86039306b5	7	144343967	159334314	9647	0.6097
53420295-ded0-4d1a-a07a-0f86039306b5	8	81254	644973	324	-0.0023
53420295-ded0-4d1a-a07a-0f86039306b5	8	645220	645908	8	0.8766
53420295-ded0-4d1a-a07a-0f86039306b5	8	656117	2746316	1580	-0.0044
53420295-ded0-4d1a-a07a-0f86039306b5	8	2746661	2751755	2	1.199
53420295-ded0-4d1a-a07a-0f86039306b5	8	2751943	3929538	1439	-0.0209
53420295-ded0-4d1a-a07a-0f86039306b5	8	3929561	3932584	23	-0.6047
53420295-ded0-4d1a-a07a-0f86039306b5	8	3933696	7153358	4342	-0.0022
53420295-ded0-4d1a-a07a-0f86039306b5	8	7153553	8085660	68	-0.6283
53420295-ded0-4d1a-a07a-0f86039306b5	8	8101440	12092042	3231	-0.0317
53420295-ded0-4d1a-a07a-0f86039306b5	8	12130217	12176798	7	-0.9749
53420295-ded0-4d1a-a07a-0f86039306b5	8	12177488	12496252	36	-0.0704
53420295-ded0-4d1a-a07a-0f86039306b5	8	12519969	12624470	21	-0.5492
53420295-ded0-4d1a-a07a-0f86039306b5	8	12624538	25116961	10398	-0.0282
53420295-ded0-4d1a-a07a-0f86039306b5	8	25117007	25126708	23	-2.0819
53420295-ded0-4d1a-a07a-0f86039306b5	8	25126735	39373140	9014	-0.0379
53420295-ded0-4d1a-a07a-0f86039306b5	8	39378084	39505410	48	0.6219
53420295-ded0-4d1a-a07a-0f86039306b5	8	39505427	40914477	1084	-0.02
53420295-ded0-4d1a-a07a-0f86039306b5	8	40920333	40920952	2	-1.6667
53420295-ded0-4d1a-a07a-0f86039306b5	8	40926161	114622891	42766	-0.0271
53420295-ded0-4d1a-a07a-0f86039306b5	8	114622999	114629502	27	-0.5334
53420295-ded0-4d1a-a07a-0f86039306b5	8	114638468	143622987	20547	-0.0242
53420295-ded0-4d1a-a07a-0f86039306b5	8	143623027	143625638	8	-1.6441
53420295-ded0-4d1a-a07a-0f86039306b5	8	143636819	145072769	502	0.0197
53420295-ded0-4d1a-a07a-0f86039306b5	9	46587	3270025	3449	-0.025
53420295-ded0-4d1a-a07a-0f86039306b5	9	3270611	12710342	8363	0.0006
53420295-ded0-4d1a-a07a-0f86039306b5	9	12710663	23361807	8605	-0.0312
53420295-ded0-4d1a-a07a-0f86039306b5	9	23363117	23373486	8	-2.2788
53420295-ded0-4d1a-a07a-0f86039306b5	9	23378490	39214987	10709	-0.0151
53420295-ded0-4d1a-a07a-0f86039306b5	9	39242280	39487653	28	0.3769
53420295-ded0-4d1a-a07a-0f86039306b5	9	39487690	40999325	44	0.0046
53420295-ded0-4d1a-a07a-0f86039306b5	9	41001662	42073850	72	-0.3301
53420295-ded0-4d1a-a07a-0f86039306b5	9	42080170	61680289	121	0.2521
53420295-ded0-4d1a-a07a-0f86039306b5	9	61692082	63580418	35	-0.1731
53420295-ded0-4d1a-a07a-0f86039306b5	9	63590317	63592813	7	1.6541
53420295-ded0-4d1a-a07a-0f86039306b5	9	63614182	67073081	101	-0.1033
53420295-ded0-4d1a-a07a-0f86039306b5	9	67073620	68391659	35	0.2446
53420295-ded0-4d1a-a07a-0f86039306b5	9	68394191	93707815	18100	-0.0266
53420295-ded0-4d1a-a07a-0f86039306b5	9	93708429	93708675	2	-2.2706
53420295-ded0-4d1a-a07a-0f86039306b5	9	93710664	102042790	5443	-0.0292
53420295-ded0-4d1a-a07a-0f86039306b5	9	102044568	102182359	131	0.1287
53420295-ded0-4d1a-a07a-0f86039306b5	9	102182473	110262509	6213	-0.0231
53420295-ded0-4d1a-a07a-0f86039306b5	9	110265889	110270151	2	-1.4423
53420295-ded0-4d1a-a07a-0f86039306b5	9	110270398	138200944	18009	-0.025
53420295-ded0-4d1a-a07a-0f86039306b5	10	45792	3112075	2541	0.0026
53420295-ded0-4d1a-a07a-0f86039306b5	10	3112269	35708419	24760	-0.0331
53420295-ded0-4d1a-a07a-0f86039306b5	10	35709118	35709173	2	-1.7794
53420295-ded0-4d1a-a07a-0f86039306b5	10	35714578	46836986	4416	-0.0306
53420295-ded0-4d1a-a07a-0f86039306b5	10	46898735	46901552	2	1.7904
53420295-ded0-4d1a-a07a-0f86039306b5	10	46967412	69515737	15256	-0.0268
53420295-ded0-4d1a-a07a-0f86039306b5	10	69522716	69523086	5	-1.4127
53420295-ded0-4d1a-a07a-0f86039306b5	10	69531858	76493093	4234	-0.0279
53420295-ded0-4d1a-a07a-0f86039306b5	10	76497303	76497852	2	1.922
53420295-ded0-4d1a-a07a-0f86039306b5	10	76501509	133654968	39432	-0.0265
53420295-ded0-4d1a-a07a-0f86039306b5	11	198510	4217824	1737	-0.0492
53420295-ded0-4d1a-a07a-0f86039306b5	11	4228783	4306942	24	-0.6242
53420295-ded0-4d1a-a07a-0f86039306b5	11	4314648	6086560	1742	-0.0278
53420295-ded0-4d1a-a07a-0f86039306b5	11	6087039	6100864	8	-0.9412
53420295-ded0-4d1a-a07a-0f86039306b5	11	6101273	7791493	1251	-0.0297
53420295-ded0-4d1a-a07a-0f86039306b5	11	7791913	7820036	9	-0.6713
53420295-ded0-4d1a-a07a-0f86039306b5	11	7820250	15167863	5385	-0.051
53420295-ded0-4d1a-a07a-0f86039306b5	11	15167964	15174253	4	1.2683
53420295-ded0-4d1a-a07a-0f86039306b5	11	15174270	18919309	2506	-0.0501
53420295-ded0-4d1a-a07a-0f86039306b5	11	18919323	18940375	44	-0.8802
53420295-ded0-4d1a-a07a-0f86039306b5	11	18940441	25197565	4960	-0.0405
53420295-ded0-4d1a-a07a-0f86039306b5	11	25197599	25199466	2	1.3954
53420295-ded0-4d1a-a07a-0f86039306b5	11	25202707	26193101	794	0
53420295-ded0-4d1a-a07a-0f86039306b5	11	26195268	49480998	15158	-0.0465
53420295-ded0-4d1a-a07a-0f86039306b5	11	49481572	55609022	848	-0.0038
53420295-ded0-4d1a-a07a-0f86039306b5	11	55609035	55679761	45	-0.3697
53420295-ded0-4d1a-a07a-0f86039306b5	11	55679856	89754781	19854	-0.0481
53420295-ded0-4d1a-a07a-0f86039306b5	11	89759710	89834373	12	0.6211
53420295-ded0-4d1a-a07a-0f86039306b5	11	89847184	93285549	2337	-0.0411
53420295-ded0-4d1a-a07a-0f86039306b5	11	93287317	93288077	2	-2.5747
53420295-ded0-4d1a-a07a-0f86039306b5	11	93292250	101723653	6349	-0.0441
53420295-ded0-4d1a-a07a-0f86039306b5	11	101727129	101727233	4	1.6501
53420295-ded0-4d1a-a07a-0f86039306b5	11	101727481	135074876	23720	-0.0437
53420295-ded0-4d1a-a07a-0f86039306b5	12	51460	9477960	6173	-0.0178
53420295-ded0-4d1a-a07a-0f86039306b5	12	9481274	9575696	24	0.8738
53420295-ded0-4d1a-a07a-0f86039306b5	12	9582373	11061546	1031	-0.0268
53420295-ded0-4d1a-a07a-0f86039306b5	12	11062773	11088933	13	0.6599
53420295-ded0-4d1a-a07a-0f86039306b5	12	11099275	27942560	11707	-0.0272
53420295-ded0-4d1a-a07a-0f86039306b5	12	27942625	27944711	10	-0.8175
53420295-ded0-4d1a-a07a-0f86039306b5	12	27950527	33148627	3826	-0.0291
53420295-ded0-4d1a-a07a-0f86039306b5	12	33148706	33155563	26	0.3258
53420295-ded0-4d1a-a07a-0f86039306b5	12	33155608	33233822	41	-0.0664
53420295-ded0-4d1a-a07a-0f86039306b5	12	33235894	33242483	5	-1.9994
53420295-ded0-4d1a-a07a-0f86039306b5	12	33246118	43315788	4244	0.0004
53420295-ded0-4d1a-a07a-0f86039306b5	12	43319569	128957721	54813	-0.0274
53420295-ded0-4d1a-a07a-0f86039306b5	12	128957982	131613371	2314	0.0033
53420295-ded0-4d1a-a07a-0f86039306b5	12	131613387	131614448	3	-1.2324
53420295-ded0-4d1a-a07a-0f86039306b5	12	131615979	133201603	588	0.0003
53420295-ded0-4d1a-a07a-0f86039306b5	13	18452809	37496998	13478	-0.0258
53420295-ded0-4d1a-a07a-0f86039306b5	13	37497899	37510595	15	0.6127
53420295-ded0-4d1a-a07a-0f86039306b5	13	37510620	57189399	12533	-0.0228
53420295-ded0-4d1a-a07a-0f86039306b5	13	57189617	57200942	19	0.4797
53420295-ded0-4d1a-a07a-0f86039306b5	13	57200966	58010656	423	-0.0213
53420295-ded0-4d1a-a07a-0f86039306b5	13	58016147	58022896	6	-1.1644
53420295-ded0-4d1a-a07a-0f86039306b5	13	58027918	82589875	15843	-0.0197
53420295-ded0-4d1a-a07a-0f86039306b5	13	82590399	82596543	3	-1.3622
53420295-ded0-4d1a-a07a-0f86039306b5	13	82598520	97752265	9579	-0.0284
53420295-ded0-4d1a-a07a-0f86039306b5	13	97755270	97757790	2	-1.6476
53420295-ded0-4d1a-a07a-0f86039306b5	13	97757883	114342922	12224	-0.0238
53420295-ded0-4d1a-a07a-0f86039306b5	14	18239283	19140829	36	-0.1515
53420295-ded0-4d1a-a07a-0f86039306b5	14	19143599	19955213	131	0.2673
53420295-ded0-4d1a-a07a-0f86039306b5	14	19956767	21858683	1259	-0.0459
53420295-ded0-4d1a-a07a-0f86039306b5	14	21859138	22560761	651	0.1162
53420295-ded0-4d1a-a07a-0f86039306b5	14	22560774	41159026	11686	-0.0505
53420295-ded0-4d1a-a07a-0f86039306b5	14	41159271	41188046	10	-0.6835
53420295-ded0-4d1a-a07a-0f86039306b5	14	41188146	48201968	4170	-0.0305
53420295-ded0-4d1a-a07a-0f86039306b5	14	48204107	48219544	17	0.513
53420295-ded0-4d1a-a07a-0f86039306b5	14	48221122	73534419	16267	-0.0445
53420295-ded0-4d1a-a07a-0f86039306b5	14	73540003	73550817	6	-1.7228
53420295-ded0-4d1a-a07a-0f86039306b5	14	73550834	98955293	17356	-0.0433
53420295-ded0-4d1a-a07a-0f86039306b5	14	98955367	98955388	2	-2.1833
53420295-ded0-4d1a-a07a-0f86039306b5	14	98956671	99005887	38	0.0922
53420295-ded0-4d1a-a07a-0f86039306b5	14	99005975	105816178	3308	-0.0539
53420295-ded0-4d1a-a07a-0f86039306b5	14	105816205	106232940	123	0.0795
53420295-ded0-4d1a-a07a-0f86039306b5	14	106236187	106236294	2	1.5079
53420295-ded0-4d1a-a07a-0f86039306b5	14	106236842	106877229	324	-0.0205
53420295-ded0-4d1a-a07a-0f86039306b5	15	19811075	19998708	44	-0.0412
53420295-ded0-4d1a-a07a-0f86039306b5	15	20001686	22736791	202	0.1566
53420295-ded0-4d1a-a07a-0f86039306b5	15	22736858	24424598	952	-0.0232
53420295-ded0-4d1a-a07a-0f86039306b5	15	24429604	24467876	25	-0.4846
53420295-ded0-4d1a-a07a-0f86039306b5	15	24468278	53492691	17881	-0.0377
53420295-ded0-4d1a-a07a-0f86039306b5	15	53492794	53493082	6	-1.3054
53420295-ded0-4d1a-a07a-0f86039306b5	15	53498050	101928837	32423	-0.0441
53420295-ded0-4d1a-a07a-0f86039306b5	16	10777	147049	89	-0.0029
53420295-ded0-4d1a-a07a-0f86039306b5	16	147093	592610	158	0.1424
53420295-ded0-4d1a-a07a-0f86039306b5	16	592632	21368130	14138	-0.039
53420295-ded0-4d1a-a07a-0f86039306b5	16	21401082	21522983	6	-1.8379
53420295-ded0-4d1a-a07a-0f86039306b5	16	21525404	22420049	377	-0.006
53420295-ded0-4d1a-a07a-0f86039306b5	16	22430653	22699421	75	-0.365
53420295-ded0-4d1a-a07a-0f86039306b5	16	22701658	53424105	10060	-0.0524
53420295-ded0-4d1a-a07a-0f86039306b5	16	53435475	53435895	3	-1.1539
53420295-ded0-4d1a-a07a-0f86039306b5	16	53436017	55761136	2018	-0.0569
53420295-ded0-4d1a-a07a-0f86039306b5	16	55762477	55788485	21	-1.9534
53420295-ded0-4d1a-a07a-0f86039306b5	16	55788532	78337711	14277	-0.0491
53420295-ded0-4d1a-a07a-0f86039306b5	16	78338543	78350841	16	0.9046
53420295-ded0-4d1a-a07a-0f86039306b5	16	78350868	80942464	3046	-0.0385
53420295-ded0-4d1a-a07a-0f86039306b5	16	80945536	80946392	2	-1.5565
53420295-ded0-4d1a-a07a-0f86039306b5	16	80946540	82148540	1098	-0.0526
53420295-ded0-4d1a-a07a-0f86039306b5	16	82149798	82150393	2	1.5647
53420295-ded0-4d1a-a07a-0f86039306b5	16	82150913	88571375	5808	-0.0423
53420295-ded0-4d1a-a07a-0f86039306b5	16	88571388	89988656	584	0.0485
53420295-ded0-4d1a-a07a-0f86039306b5	16	89990749	90096867	78	-0.0995
53420295-ded0-4d1a-a07a-0f86039306b5	17	150733	848763	377	0.3384
53420295-ded0-4d1a-a07a-0f86039306b5	17	848874	851880	2	-1.1786
53420295-ded0-4d1a-a07a-0f86039306b5	17	851939	16786555	10101	0.3115
53420295-ded0-4d1a-a07a-0f86039306b5	17	16798212	16819487	6	-0.5666
53420295-ded0-4d1a-a07a-0f86039306b5	17	16834846	18414080	909	0.2895
53420295-ded0-4d1a-a07a-0f86039306b5	17	18452078	18561907	27	0.9891
53420295-ded0-4d1a-a07a-0f86039306b5	17	18565883	21433310	1169	0.3128
53420295-ded0-4d1a-a07a-0f86039306b5	17	21444637	21661661	80	-0.7499
53420295-ded0-4d1a-a07a-0f86039306b5	17	21774057	27460208	485	0.2904
53420295-ded0-4d1a-a07a-0f86039306b5	17	27460263	27460837	2	-1.9745
53420295-ded0-4d1a-a07a-0f86039306b5	17	27466846	33049170	2680	0.2924
53420295-ded0-4d1a-a07a-0f86039306b5	17	33049437	36889043	2815	0.3346
53420295-ded0-4d1a-a07a-0f86039306b5	17	36890670	39821288	1379	0.2917
53420295-ded0-4d1a-a07a-0f86039306b5	17	39824535	39831019	5	-0.4673
53420295-ded0-4d1a-a07a-0f86039306b5	17	39832796	41085237	681	0.3115
53420295-ded0-4d1a-a07a-0f86039306b5	17	41088020	41089704	2	1.5972
53420295-ded0-4d1a-a07a-0f86039306b5	17	41090139	46089055	2622	0.2917
53420295-ded0-4d1a-a07a-0f86039306b5	17	46089089	46284643	120	0.0726
53420295-ded0-4d1a-a07a-0f86039306b5	17	46284997	51402945	2456	0.3023
53420295-ded0-4d1a-a07a-0f86039306b5	17	51403889	51409904	7	1.0327
53420295-ded0-4d1a-a07a-0f86039306b5	17	51412622	73911644	14415	0.3119
53420295-ded0-4d1a-a07a-0f86039306b5	17	73915295	74658847	482	0.3944
53420295-ded0-4d1a-a07a-0f86039306b5	17	74660070	83091923	4211	0.3149
53420295-ded0-4d1a-a07a-0f86039306b5	18	48133	53997831	31928	-0.0209
53420295-ded0-4d1a-a07a-0f86039306b5	18	53998472	53998629	2	-1.688
53420295-ded0-4d1a-a07a-0f86039306b5	18	53998782	69079033	10581	-0.0184
53420295-ded0-4d1a-a07a-0f86039306b5	18	69079109	69079650	9	-0.4575
53420295-ded0-4d1a-a07a-0f86039306b5	18	69083700	69085926	23	-0.9552
53420295-ded0-4d1a-a07a-0f86039306b5	18	69086036	80257174	8171	-0.0109
53420295-ded0-4d1a-a07a-0f86039306b5	19	90910	1228302	265	-0.0588
53420295-ded0-4d1a-a07a-0f86039306b5	19	1228397	1271275	4	0.9148
53420295-ded0-4d1a-a07a-0f86039306b5	19	1271530	19852155	8302	-0.0657
53420295-ded0-4d1a-a07a-0f86039306b5	19	19852200	27706033	2654	-0.0177
53420295-ded0-4d1a-a07a-0f86039306b5	19	27707365	51639099	13534	-0.0583
53420295-ded0-4d1a-a07a-0f86039306b5	19	51639362	51644944	10	-2.5367
53420295-ded0-4d1a-a07a-0f86039306b5	19	51651652	54933806	2105	-0.0374
53420295-ded0-4d1a-a07a-0f86039306b5	19	54933920	54935930	2	-1.4405
53420295-ded0-4d1a-a07a-0f86039306b5	19	54936001	58586487	2228	-0.0562
53420295-ded0-4d1a-a07a-0f86039306b5	20	80664	1580305	1203	-0.0077
53420295-ded0-4d1a-a07a-0f86039306b5	20	1580353	1601561	37	1.2076
53420295-ded0-4d1a-a07a-0f86039306b5	20	1609611	64324800	41132	-0.0232
53420295-ded0-4d1a-a07a-0f86039306b5	21	10354168	10558268	50	-0.0128
53420295-ded0-4d1a-a07a-0f86039306b5	21	10558276	13166157	60	-0.285
53420295-ded0-4d1a-a07a-0f86039306b5	21	13166236	23754421	7332	-0.0391
53420295-ded0-4d1a-a07a-0f86039306b5	21	23754464	23754472	2	1.3145
53420295-ded0-4d1a-a07a-0f86039306b5	21	23754765	23759982	7	0.2002
53420295-ded0-4d1a-a07a-0f86039306b5	21	23760688	45250542	15598	-0.0484
53420295-ded0-4d1a-a07a-0f86039306b5	21	45250837	45504279	118	0.0955
53420295-ded0-4d1a-a07a-0f86039306b5	21	45506637	45513553	5	1.1439
53420295-ded0-4d1a-a07a-0f86039306b5	21	45520594	46677045	685	-0.006
53420295-ded0-4d1a-a07a-0f86039306b5	22	15294547	18167915	1130	-0.0394
53420295-ded0-4d1a-a07a-0f86039306b5	22	18190590	18822597	11	0.7026
53420295-ded0-4d1a-a07a-0f86039306b5	22	18917479	38967614	14096	-0.0416
53420295-ded0-4d1a-a07a-0f86039306b5	22	38967679	38999277	29	-0.6561
53420295-ded0-4d1a-a07a-0f86039306b5	22	38999293	50528603	7858	-0.0537
53420295-ded0-4d1a-a07a-0f86039306b5	22	50534679	50534687	5	-1.5484
53420295-ded0-4d1a-a07a-0f86039306b5	22	50535325	50796027	143	-0.0145
53420295-ded0-4d1a-a07a-0f86039306b5	X	251810	2785350	95	-0.6018
53420295-ded0-4d1a-a07a-0f86039306b5	X	2785592	4282322	984	-0.006
53420295-ded0-4d1a-a07a-0f86039306b5	X	4283127	4283234	2	4.0401
53420295-ded0-4d1a-a07a-0f86039306b5	X	4283885	31139107	17937	0.0087
53420295-ded0-4d1a-a07a-0f86039306b5	X	31142980	31143029	3	-3.4586
53420295-ded0-4d1a-a07a-0f86039306b5	X	31148215	73101406	18824	0.0059
53420295-ded0-4d1a-a07a-0f86039306b5	X	73112840	73116076	5	-2.244
53420295-ded0-4d1a-a07a-0f86039306b5	X	73122756	91456049	9209	0.004
53420295-ded0-4d1a-a07a-0f86039306b5	X	91456996	91457811	3	-2.9514
53420295-ded0-4d1a-a07a-0f86039306b5	X	91458627	155699647	36344	0.0097
53420295-ded0-4d1a-a07a-0f86039306b5	X	155699837	155952689	19	-0.5226
53420295-ded0-4d1a-a07a-0f86039306b5	Y	2782397	56872112	6637	-1.9391
