GDC_Aliquot	Chromosome	Start	End	Num_Probes	Segment_Mean
7aebc34b-b907-4217-8f76-01f0fbb56c98	1	62920	62937	2	-0.6711
7aebc34b-b907-4217-8f76-01f0fbb56c98	1	72704	16868660	8688	-0.0709
7aebc34b-b907-4217-8f76-01f0fbb56c98	1	16877002	16935752	52	0.4374
7aebc34b-b907-4217-8f76-01f0fbb56c98	1	16949746	25256800	5255	-0.0747
7aebc34b-b907-4217-8f76-01f0fbb56c98	1	25256850	25320455	25	0.3862
7aebc34b-b907-4217-8f76-01f0fbb56c98	1	25336819	30145009	2272	-0.0935
7aebc34b-b907-4217-8f76-01f0fbb56c98	1	30146358	30146617	3	-1.422
7aebc34b-b907-4217-8f76-01f0fbb56c98	1	30147019	36869632	3785	-0.0798
7aebc34b-b907-4217-8f76-01f0fbb56c98	1	36869950	36872124	2	-1.4003
7aebc34b-b907-4217-8f76-01f0fbb56c98	1	36875276	38992438	1307	-0.0741
7aebc34b-b907-4217-8f76-01f0fbb56c98	1	38992532	38993209	3	-1.334
7aebc34b-b907-4217-8f76-01f0fbb56c98	1	38993888	81422771	27121	-0.0838
7aebc34b-b907-4217-8f76-01f0fbb56c98	1	81422917	81422920	2	-1.602
7aebc34b-b907-4217-8f76-01f0fbb56c98	1	81422982	105470754	15134	-0.0969
7aebc34b-b907-4217-8f76-01f0fbb56c98	1	105476583	105479738	16	0.6694
7aebc34b-b907-4217-8f76-01f0fbb56c98	1	105479753	109690352	2630	-0.0982
7aebc34b-b907-4217-8f76-01f0fbb56c98	1	109690415	109697556	12	1.5118
7aebc34b-b907-4217-8f76-01f0fbb56c98	1	109702376	110839907	858	-0.0947
7aebc34b-b907-4217-8f76-01f0fbb56c98	1	110840022	110840856	9	0.4502
7aebc34b-b907-4217-8f76-01f0fbb56c98	1	110841157	112147704	1080	-0.0914
7aebc34b-b907-4217-8f76-01f0fbb56c98	1	112153343	112154768	25	-2.0494
7aebc34b-b907-4217-8f76-01f0fbb56c98	1	112163334	117225296	3301	-0.0959
7aebc34b-b907-4217-8f76-01f0fbb56c98	1	117226679	149904279	2884	-0.0437
7aebc34b-b907-4217-8f76-01f0fbb56c98	1	149904572	152785214	1596	-0.0826
7aebc34b-b907-4217-8f76-01f0fbb56c98	1	152787202	152796224	38	0.3155
7aebc34b-b907-4217-8f76-01f0fbb56c98	1	152801429	153023685	170	-0.0885
7aebc34b-b907-4217-8f76-01f0fbb56c98	1	153028238	153028502	2	-1.4918
7aebc34b-b907-4217-8f76-01f0fbb56c98	1	153028754	167795598	9977	-0.0805
7aebc34b-b907-4217-8f76-01f0fbb56c98	1	167796946	167797682	4	-1.5407
7aebc34b-b907-4217-8f76-01f0fbb56c98	1	167799276	169247699	1109	-0.0946
7aebc34b-b907-4217-8f76-01f0fbb56c98	1	169264736	169272528	7	-2.8139
7aebc34b-b907-4217-8f76-01f0fbb56c98	1	169273163	194479104	16686	-0.0918
7aebc34b-b907-4217-8f76-01f0fbb56c98	1	194482281	194485888	2	-2.179
7aebc34b-b907-4217-8f76-01f0fbb56c98	1	194487886	196762956	1452	-0.0961
7aebc34b-b907-4217-8f76-01f0fbb56c98	1	196769493	196846661	57	-0.7106
7aebc34b-b907-4217-8f76-01f0fbb56c98	1	196847600	207681771	6929	-0.1071
7aebc34b-b907-4217-8f76-01f0fbb56c98	1	207684237	208680500	834	-0.9782
7aebc34b-b907-4217-8f76-01f0fbb56c98	1	208680564	208686422	2	-2.9157
7aebc34b-b907-4217-8f76-01f0fbb56c98	1	208686948	208909342	167	-0.9404
7aebc34b-b907-4217-8f76-01f0fbb56c98	1	208909673	209222931	235	0.4193
7aebc34b-b907-4217-8f76-01f0fbb56c98	1	209224819	212831113	2513	-0.9599
7aebc34b-b907-4217-8f76-01f0fbb56c98	1	212831670	212833055	6	-5.2973
7aebc34b-b907-4217-8f76-01f0fbb56c98	1	212837094	216362370	2412	-0.967
7aebc34b-b907-4217-8f76-01f0fbb56c98	1	216364106	217564269	1005	-0.0893
7aebc34b-b907-4217-8f76-01f0fbb56c98	1	217565479	217815430	135	-0.9777
7aebc34b-b907-4217-8f76-01f0fbb56c98	1	217815609	217815629	2	-3.2907
7aebc34b-b907-4217-8f76-01f0fbb56c98	1	217815642	219075209	883	-0.9454
7aebc34b-b907-4217-8f76-01f0fbb56c98	1	219076927	219076994	2	-2.7238
7aebc34b-b907-4217-8f76-01f0fbb56c98	1	219078738	220770459	1120	-0.9521
7aebc34b-b907-4217-8f76-01f0fbb56c98	1	220772047	220785617	8	-3.3775
7aebc34b-b907-4217-8f76-01f0fbb56c98	1	220787573	223516574	1827	-0.9584
7aebc34b-b907-4217-8f76-01f0fbb56c98	1	223516735	223519820	2	-3.3865
7aebc34b-b907-4217-8f76-01f0fbb56c98	1	223520224	228326017	2803	-0.9447
7aebc34b-b907-4217-8f76-01f0fbb56c98	1	228339589	241969270	10187	-0.9864
7aebc34b-b907-4217-8f76-01f0fbb56c98	1	241969474	248546369	4276	-0.9104
7aebc34b-b907-4217-8f76-01f0fbb56c98	1	248550567	248645808	37	-2.2893
7aebc34b-b907-4217-8f76-01f0fbb56c98	1	248646068	248930189	138	-0.8819
7aebc34b-b907-4217-8f76-01f0fbb56c98	2	12784	24376380	17879	-0.0583
7aebc34b-b907-4217-8f76-01f0fbb56c98	2	24378642	24388858	20	-0.8639
7aebc34b-b907-4217-8f76-01f0fbb56c98	2	24390690	34427804	6119	-0.056
7aebc34b-b907-4217-8f76-01f0fbb56c98	2	34434869	34515690	61	0.3007
7aebc34b-b907-4217-8f76-01f0fbb56c98	2	34515732	35750907	862	-0.0563
7aebc34b-b907-4217-8f76-01f0fbb56c98	2	35752724	35762850	6	-1.7688
7aebc34b-b907-4217-8f76-01f0fbb56c98	2	35762881	87074984	34087	-0.0618
7aebc34b-b907-4217-8f76-01f0fbb56c98	2	87079825	87747102	126	-0.6517
7aebc34b-b907-4217-8f76-01f0fbb56c98	2	87835245	109704919	9414	-0.0564
7aebc34b-b907-4217-8f76-01f0fbb56c98	2	109743935	109984252	3	1.3837
7aebc34b-b907-4217-8f76-01f0fbb56c98	2	110044146	113604438	1669	-0.056
7aebc34b-b907-4217-8f76-01f0fbb56c98	2	113604837	113604839	2	-1.5168
7aebc34b-b907-4217-8f76-01f0fbb56c98	2	113623244	128879447	9585	-0.0424
7aebc34b-b907-4217-8f76-01f0fbb56c98	2	128880353	128882741	17	-0.7409
7aebc34b-b907-4217-8f76-01f0fbb56c98	2	128882755	129597933	573	-0.0462
7aebc34b-b907-4217-8f76-01f0fbb56c98	2	129598357	129598636	2	-1.6988
7aebc34b-b907-4217-8f76-01f0fbb56c98	2	129598954	208680437	47517	-0.0662
7aebc34b-b907-4217-8f76-01f0fbb56c98	2	208681712	208681940	4	-1.3838
7aebc34b-b907-4217-8f76-01f0fbb56c98	2	208687215	233736917	15912	-0.0601
7aebc34b-b907-4217-8f76-01f0fbb56c98	2	233741958	233749337	6	-1.1369
7aebc34b-b907-4217-8f76-01f0fbb56c98	2	233753288	242147305	5367	-0.04
7aebc34b-b907-4217-8f76-01f0fbb56c98	3	20930	807119	650	0.0025
7aebc34b-b907-4217-8f76-01f0fbb56c98	3	815775	817841	4	-1.1095
7aebc34b-b907-4217-8f76-01f0fbb56c98	3	819470	1120091	248	-0.0131
7aebc34b-b907-4217-8f76-01f0fbb56c98	3	1122625	1122655	2	-1.4823
7aebc34b-b907-4217-8f76-01f0fbb56c98	3	1126487	11366497	8616	-0.0404
7aebc34b-b907-4217-8f76-01f0fbb56c98	3	11366520	54474484	27129	-0.0764
7aebc34b-b907-4217-8f76-01f0fbb56c98	3	54477092	59715251	3542	-0.0557
7aebc34b-b907-4217-8f76-01f0fbb56c98	3	59715704	60949332	1407	0.0026
7aebc34b-b907-4217-8f76-01f0fbb56c98	3	60949700	68697013	6073	-0.0604
7aebc34b-b907-4217-8f76-01f0fbb56c98	3	68697108	68698262	14	0.9991
7aebc34b-b907-4217-8f76-01f0fbb56c98	3	68699607	90453712	13023	-0.0771
7aebc34b-b907-4217-8f76-01f0fbb56c98	3	91390926	99200290	2833	0.3862
7aebc34b-b907-4217-8f76-01f0fbb56c98	3	99201668	99230187	39	0.6503
7aebc34b-b907-4217-8f76-01f0fbb56c98	3	99230194	125950205	16305	0.3784
7aebc34b-b907-4217-8f76-01f0fbb56c98	3	125954540	125957120	3	-1.6256
7aebc34b-b907-4217-8f76-01f0fbb56c98	3	125961657	140823697	9132	0.3934
7aebc34b-b907-4217-8f76-01f0fbb56c98	3	140826859	140828142	2	-2.9408
7aebc34b-b907-4217-8f76-01f0fbb56c98	3	140841776	143208396	1344	0.372
7aebc34b-b907-4217-8f76-01f0fbb56c98	3	143210555	143464651	204	0.4882
7aebc34b-b907-4217-8f76-01f0fbb56c98	3	143469691	145915619	1599	0.3957
7aebc34b-b907-4217-8f76-01f0fbb56c98	3	145924135	145924147	2	-0.9685
7aebc34b-b907-4217-8f76-01f0fbb56c98	3	145924578	146991222	674	0.3959
7aebc34b-b907-4217-8f76-01f0fbb56c98	3	146991928	146992589	2	1.8772
7aebc34b-b907-4217-8f76-01f0fbb56c98	3	146995195	147167410	98	0.3738
7aebc34b-b907-4217-8f76-01f0fbb56c98	3	147171868	147750170	304	0.4999
7aebc34b-b907-4217-8f76-01f0fbb56c98	3	147750214	149245189	939	0.3821
7aebc34b-b907-4217-8f76-01f0fbb56c98	3	149245608	149255118	37	-0.0671
7aebc34b-b907-4217-8f76-01f0fbb56c98	3	149255155	154574445	3350	0.3703
7aebc34b-b907-4217-8f76-01f0fbb56c98	3	154574705	154637897	29	0.7109
7aebc34b-b907-4217-8f76-01f0fbb56c98	3	154639277	158613262	2310	0.3899
7aebc34b-b907-4217-8f76-01f0fbb56c98	3	158619976	158621752	2	-0.9019
7aebc34b-b907-4217-8f76-01f0fbb56c98	3	158623833	158895592	165	0.4067
7aebc34b-b907-4217-8f76-01f0fbb56c98	3	158895630	158896525	3	-0.5475
7aebc34b-b907-4217-8f76-01f0fbb56c98	3	158897158	162794951	2448	0.3993
7aebc34b-b907-4217-8f76-01f0fbb56c98	3	162795304	162898127	62	1.0574
7aebc34b-b907-4217-8f76-01f0fbb56c98	3	162906054	173519113	6351	0.3864
7aebc34b-b907-4217-8f76-01f0fbb56c98	3	173522845	173583028	26	1.011
7aebc34b-b907-4217-8f76-01f0fbb56c98	3	173583247	175373352	1287	0.3953
7aebc34b-b907-4217-8f76-01f0fbb56c98	3	175373432	176041258	404	0.4951
7aebc34b-b907-4217-8f76-01f0fbb56c98	3	176041982	179087379	1847	0.3844
7aebc34b-b907-4217-8f76-01f0fbb56c98	3	179088578	179348367	283	0.284
7aebc34b-b907-4217-8f76-01f0fbb56c98	3	179349385	195656271	10433	0.394
7aebc34b-b907-4217-8f76-01f0fbb56c98	3	195663809	195720051	24	1.0075
7aebc34b-b907-4217-8f76-01f0fbb56c98	3	195728637	198169247	1185	0.3891
7aebc34b-b907-4217-8f76-01f0fbb56c98	4	68929	9455251	5149	-0.1086
7aebc34b-b907-4217-8f76-01f0fbb56c98	4	9459504	9477560	5	1.3073
7aebc34b-b907-4217-8f76-01f0fbb56c98	4	9477699	10208766	540	-0.1129
7aebc34b-b907-4217-8f76-01f0fbb56c98	4	10212536	10229874	29	1.4887
7aebc34b-b907-4217-8f76-01f0fbb56c98	4	10232590	10233644	7	0.5332
7aebc34b-b907-4217-8f76-01f0fbb56c98	4	10234518	10390730	171	-0.1433
7aebc34b-b907-4217-8f76-01f0fbb56c98	4	10391530	10399044	15	-2.6107
7aebc34b-b907-4217-8f76-01f0fbb56c98	4	10401094	34777418	16753	-0.1243
7aebc34b-b907-4217-8f76-01f0fbb56c98	4	34777432	34828306	42	0.2539
7aebc34b-b907-4217-8f76-01f0fbb56c98	4	34828327	37289727	1660	-0.132
7aebc34b-b907-4217-8f76-01f0fbb56c98	4	37290600	46183746	5607	-0.0861
7aebc34b-b907-4217-8f76-01f0fbb56c98	4	46184912	53495534	2625	-0.025
7aebc34b-b907-4217-8f76-01f0fbb56c98	4	53499125	55113391	1384	0.7797
7aebc34b-b907-4217-8f76-01f0fbb56c98	4	55115972	55892683	444	0.0228
7aebc34b-b907-4217-8f76-01f0fbb56c98	4	55893893	55960256	33	0.7333
7aebc34b-b907-4217-8f76-01f0fbb56c98	4	55964280	59107161	2022	-0.002
7aebc34b-b907-4217-8f76-01f0fbb56c98	4	59107300	59122391	10	0.7237
7aebc34b-b907-4217-8f76-01f0fbb56c98	4	59123359	59527940	272	-0.0254
7aebc34b-b907-4217-8f76-01f0fbb56c98	4	59528688	59533082	2	-1.0698
7aebc34b-b907-4217-8f76-01f0fbb56c98	4	59535130	59554823	14	0.0248
7aebc34b-b907-4217-8f76-01f0fbb56c98	4	59558858	59945721	251	0.6029
7aebc34b-b907-4217-8f76-01f0fbb56c98	4	59948008	62566169	1525	-0.0201
7aebc34b-b907-4217-8f76-01f0fbb56c98	4	62571082	62670742	46	0.6008
7aebc34b-b907-4217-8f76-01f0fbb56c98	4	62673468	63828222	632	-0.0018
7aebc34b-b907-4217-8f76-01f0fbb56c98	4	63831751	63840033	20	-0.4111
7aebc34b-b907-4217-8f76-01f0fbb56c98	4	63841863	63842540	8	-1.039
7aebc34b-b907-4217-8f76-01f0fbb56c98	4	63850713	68569706	2892	-0.0921
7aebc34b-b907-4217-8f76-01f0fbb56c98	4	68569894	68620261	36	-1.9135
7aebc34b-b907-4217-8f76-01f0fbb56c98	4	68623617	68686026	8	-0.3712
7aebc34b-b907-4217-8f76-01f0fbb56c98	4	68725894	68848111	80	-0.1462
7aebc34b-b907-4217-8f76-01f0fbb56c98	4	68851497	69412731	301	0.04
7aebc34b-b907-4217-8f76-01f0fbb56c98	4	69414814	79748176	6512	-0.1006
7aebc34b-b907-4217-8f76-01f0fbb56c98	4	79748717	82182174	1470	-0.0307
7aebc34b-b907-4217-8f76-01f0fbb56c98	4	82183456	98925169	10019	-0.1051
7aebc34b-b907-4217-8f76-01f0fbb56c98	4	98934090	103822410	2940	0.4103
7aebc34b-b907-4217-8f76-01f0fbb56c98	4	103823496	103830487	12	-0.1611
7aebc34b-b907-4217-8f76-01f0fbb56c98	4	103830488	106015911	1229	0.4146
7aebc34b-b907-4217-8f76-01f0fbb56c98	4	106021770	106025278	3	-1.1425
7aebc34b-b907-4217-8f76-01f0fbb56c98	4	106025748	111375816	3196	0.4231
7aebc34b-b907-4217-8f76-01f0fbb56c98	4	111375831	111469313	91	0.6051
7aebc34b-b907-4217-8f76-01f0fbb56c98	4	111469347	114252544	1768	0.412
7aebc34b-b907-4217-8f76-01f0fbb56c98	4	114254167	114263073	24	1.4509
7aebc34b-b907-4217-8f76-01f0fbb56c98	4	114263096	114453847	145	0.4288
7aebc34b-b907-4217-8f76-01f0fbb56c98	4	114454571	117168566	1632	-0.104
7aebc34b-b907-4217-8f76-01f0fbb56c98	4	117173846	119167019	1175	0.4043
7aebc34b-b907-4217-8f76-01f0fbb56c98	4	119184323	128380398	5339	-0.1034
7aebc34b-b907-4217-8f76-01f0fbb56c98	4	128381114	129003564	349	0.4157
7aebc34b-b907-4217-8f76-01f0fbb56c98	4	129007917	137171266	4572	-0.1086
7aebc34b-b907-4217-8f76-01f0fbb56c98	4	137171362	137171772	9	-1.0209
7aebc34b-b907-4217-8f76-01f0fbb56c98	4	137171784	154881396	10769	-0.1026
7aebc34b-b907-4217-8f76-01f0fbb56c98	4	154881853	154881926	3	1.3788
7aebc34b-b907-4217-8f76-01f0fbb56c98	4	154882047	160959293	3918	-0.1065
7aebc34b-b907-4217-8f76-01f0fbb56c98	4	160959314	160966965	29	0.2423
7aebc34b-b907-4217-8f76-01f0fbb56c98	4	160971716	164723491	2430	-0.1053
7aebc34b-b907-4217-8f76-01f0fbb56c98	4	164724089	164940600	166	0.6435
7aebc34b-b907-4217-8f76-01f0fbb56c98	4	164948386	172066777	4450	-0.103
7aebc34b-b907-4217-8f76-01f0fbb56c98	4	172067997	172068382	12	-1.9921
7aebc34b-b907-4217-8f76-01f0fbb56c98	4	172074828	178911128	4181	-0.0986
7aebc34b-b907-4217-8f76-01f0fbb56c98	4	178917711	179056616	90	0.5787
7aebc34b-b907-4217-8f76-01f0fbb56c98	4	179064234	186503410	5475	-0.0873
7aebc34b-b907-4217-8f76-01f0fbb56c98	4	186503421	186598415	47	0.6497
7aebc34b-b907-4217-8f76-01f0fbb56c98	4	186601280	186601635	3	-0.4217
7aebc34b-b907-4217-8f76-01f0fbb56c98	4	186602807	186686473	70	0.6561
7aebc34b-b907-4217-8f76-01f0fbb56c98	4	186689657	188390836	1133	-0.084
7aebc34b-b907-4217-8f76-01f0fbb56c98	4	188392414	188849599	385	0.6125
7aebc34b-b907-4217-8f76-01f0fbb56c98	4	188852200	190106768	671	-0.0778
7aebc34b-b907-4217-8f76-01f0fbb56c98	5	15532	12800777	10171	0.4869
7aebc34b-b907-4217-8f76-01f0fbb56c98	5	12815668	12826538	11	-2.1348
7aebc34b-b907-4217-8f76-01f0fbb56c98	5	12833745	20417739	4891	0.4728
7aebc34b-b907-4217-8f76-01f0fbb56c98	5	20418416	20428066	4	-0.6773
7aebc34b-b907-4217-8f76-01f0fbb56c98	5	20429236	21449167	602	0.4684
7aebc34b-b907-4217-8f76-01f0fbb56c98	5	21451091	21452329	5	1.8649
7aebc34b-b907-4217-8f76-01f0fbb56c98	5	21452387	41914153	13012	0.4626
7aebc34b-b907-4217-8f76-01f0fbb56c98	5	41932992	45336399	1617	-0.0613
7aebc34b-b907-4217-8f76-01f0fbb56c98	5	45337870	50369258	396	0.0662
7aebc34b-b907-4217-8f76-01f0fbb56c98	5	50382297	50866900	223	-0.05
7aebc34b-b907-4217-8f76-01f0fbb56c98	5	50867251	146674898	58470	-0.108
7aebc34b-b907-4217-8f76-01f0fbb56c98	5	146676218	150975869	2902	-0.0739
7aebc34b-b907-4217-8f76-01f0fbb56c98	5	150978284	150991668	12	-0.553
7aebc34b-b907-4217-8f76-01f0fbb56c98	5	150992073	156704240	4020	-0.0594
7aebc34b-b907-4217-8f76-01f0fbb56c98	5	156704852	167078890	6882	-0.0842
7aebc34b-b907-4217-8f76-01f0fbb56c98	5	167080104	174876594	5906	-0.0571
7aebc34b-b907-4217-8f76-01f0fbb56c98	5	174877398	174880056	2	-1.4482
7aebc34b-b907-4217-8f76-01f0fbb56c98	5	174882040	178680821	1973	-0.0433
7aebc34b-b907-4217-8f76-01f0fbb56c98	5	178682974	178686162	3	-2.7589
7aebc34b-b907-4217-8f76-01f0fbb56c98	5	178691854	180947523	1342	-0.0611
7aebc34b-b907-4217-8f76-01f0fbb56c98	5	180951710	180991103	19	-2.282
7aebc34b-b907-4217-8f76-01f0fbb56c98	5	181006225	181363319	170	-0.047
7aebc34b-b907-4217-8f76-01f0fbb56c98	6	149661	254283	101	-0.0032
7aebc34b-b907-4217-8f76-01f0fbb56c98	6	257353	380821	99	-0.4699
7aebc34b-b907-4217-8f76-01f0fbb56c98	6	381149	29869295	21415	-0.0572
7aebc34b-b907-4217-8f76-01f0fbb56c98	6	29869410	29882419	17	-1.1316
7aebc34b-b907-4217-8f76-01f0fbb56c98	6	29882497	31318528	661	-0.0559
7aebc34b-b907-4217-8f76-01f0fbb56c98	6	31318754	31328674	9	-1.6288
7aebc34b-b907-4217-8f76-01f0fbb56c98	6	31342147	31380423	47	0.1075
7aebc34b-b907-4217-8f76-01f0fbb56c98	6	31380693	31380871	3	1.4188
7aebc34b-b907-4217-8f76-01f0fbb56c98	6	31383258	32463328	444	-0.0335
7aebc34b-b907-4217-8f76-01f0fbb56c98	6	32463370	32602588	36	-0.4698
7aebc34b-b907-4217-8f76-01f0fbb56c98	6	32605994	32636595	22	0.0122
7aebc34b-b907-4217-8f76-01f0fbb56c98	6	32637799	32658841	10	-1.4982
7aebc34b-b907-4217-8f76-01f0fbb56c98	6	32682835	33970222	799	-0.0477
7aebc34b-b907-4217-8f76-01f0fbb56c98	6	33970966	33974928	7	-1.2054
7aebc34b-b907-4217-8f76-01f0fbb56c98	6	33976809	76305231	24707	-0.0626
7aebc34b-b907-4217-8f76-01f0fbb56c98	6	76307183	76307209	3	-1.4324
7aebc34b-b907-4217-8f76-01f0fbb56c98	6	76307276	76323236	32	0.1248
7aebc34b-b907-4217-8f76-01f0fbb56c98	6	76323472	76708490	247	-0.0956
7aebc34b-b907-4217-8f76-01f0fbb56c98	6	76708515	76726815	16	0.1933
7aebc34b-b907-4217-8f76-01f0fbb56c98	6	76730151	76742956	19	-0.5294
7aebc34b-b907-4217-8f76-01f0fbb56c98	6	76742972	78259348	977	-0.0563
7aebc34b-b907-4217-8f76-01f0fbb56c98	6	78259388	78325457	111	-0.5035
7aebc34b-b907-4217-8f76-01f0fbb56c98	6	78325468	80575487	1437	-0.0649
7aebc34b-b907-4217-8f76-01f0fbb56c98	6	80575502	80588760	30	0.2468
7aebc34b-b907-4217-8f76-01f0fbb56c98	6	80589336	93856729	8470	-0.0694
7aebc34b-b907-4217-8f76-01f0fbb56c98	6	93857265	94847454	664	0.0142
7aebc34b-b907-4217-8f76-01f0fbb56c98	6	94849535	103290414	4850	-0.0718
7aebc34b-b907-4217-8f76-01f0fbb56c98	6	103290439	103314186	40	0.5785
7aebc34b-b907-4217-8f76-01f0fbb56c98	6	103317795	104449598	730	-0.0859
7aebc34b-b907-4217-8f76-01f0fbb56c98	6	104461140	104481736	21	0.6084
7aebc34b-b907-4217-8f76-01f0fbb56c98	6	104495548	161989321	37183	-0.0712
7aebc34b-b907-4217-8f76-01f0fbb56c98	6	161989450	162751777	619	-0.0001
7aebc34b-b907-4217-8f76-01f0fbb56c98	6	162753380	170741917	5515	-0.0569
7aebc34b-b907-4217-8f76-01f0fbb56c98	7	43355	8786255	5057	0.452
7aebc34b-b907-4217-8f76-01f0fbb56c98	7	8787540	8825411	47	-0.1275
7aebc34b-b907-4217-8f76-01f0fbb56c98	7	8825880	17027742	6583	0.4407
7aebc34b-b907-4217-8f76-01f0fbb56c98	7	17027821	17728467	591	0.5254
7aebc34b-b907-4217-8f76-01f0fbb56c98	7	17728653	18867407	823	0.4041
7aebc34b-b907-4217-8f76-01f0fbb56c98	7	18871438	19728275	898	0.4995
7aebc34b-b907-4217-8f76-01f0fbb56c98	7	19732218	22395161	2025	0.4288
7aebc34b-b907-4217-8f76-01f0fbb56c98	7	22395853	22396868	2	-3.0478
7aebc34b-b907-4217-8f76-01f0fbb56c98	7	22399135	26092670	2761	0.4409
7aebc34b-b907-4217-8f76-01f0fbb56c98	7	26102772	26105793	4	-0.4382
7aebc34b-b907-4217-8f76-01f0fbb56c98	7	26107599	35529253	6486	0.4429
7aebc34b-b907-4217-8f76-01f0fbb56c98	7	35534141	35535593	2	-0.9313
7aebc34b-b907-4217-8f76-01f0fbb56c98	7	35538306	38239007	2033	0.4209
7aebc34b-b907-4217-8f76-01f0fbb56c98	7	38239282	38361356	132	0.7397
7aebc34b-b907-4217-8f76-01f0fbb56c98	7	38362895	56693807	12531	0.4408
7aebc34b-b907-4217-8f76-01f0fbb56c98	7	56694420	56704473	4	-0.7084
7aebc34b-b907-4217-8f76-01f0fbb56c98	7	56704771	56908389	52	0.4403
7aebc34b-b907-4217-8f76-01f0fbb56c98	7	56997653	57048761	5	-0.4776
7aebc34b-b907-4217-8f76-01f0fbb56c98	7	57053307	63167892	665	0.4483
7aebc34b-b907-4217-8f76-01f0fbb56c98	7	63172767	65305260	789	0.3663
7aebc34b-b907-4217-8f76-01f0fbb56c98	7	65306703	65317323	7	1.1245
7aebc34b-b907-4217-8f76-01f0fbb56c98	7	65317513	67164253	647	0.3683
7aebc34b-b907-4217-8f76-01f0fbb56c98	7	67164342	67180245	8	-0.4193
7aebc34b-b907-4217-8f76-01f0fbb56c98	7	67182652	70955452	2388	0.3885
7aebc34b-b907-4217-8f76-01f0fbb56c98	7	70958264	70961155	2	-2.6997
7aebc34b-b907-4217-8f76-01f0fbb56c98	7	70963257	86171556	8415	0.3701
7aebc34b-b907-4217-8f76-01f0fbb56c98	7	86172831	86181343	8	-0.3269
7aebc34b-b907-4217-8f76-01f0fbb56c98	7	86183680	88586260	1351	0.3474
7aebc34b-b907-4217-8f76-01f0fbb56c98	7	88586380	89040097	355	0.4603
7aebc34b-b907-4217-8f76-01f0fbb56c98	7	89046601	90449367	867	0.8034
7aebc34b-b907-4217-8f76-01f0fbb56c98	7	90452862	92127347	1140	0.3445
7aebc34b-b907-4217-8f76-01f0fbb56c98	7	92131088	96066272	2474	0.7188
7aebc34b-b907-4217-8f76-01f0fbb56c98	7	96072393	96421825	190	0.349
7aebc34b-b907-4217-8f76-01f0fbb56c98	7	96426907	97610108	752	0.9643
7aebc34b-b907-4217-8f76-01f0fbb56c98	7	97610131	97635272	11	1.4466
7aebc34b-b907-4217-8f76-01f0fbb56c98	7	97635481	97756328	95	0.9878
7aebc34b-b907-4217-8f76-01f0fbb56c98	7	97756339	97766197	12	0.1536
7aebc34b-b907-4217-8f76-01f0fbb56c98	7	97772620	101475536	1585	0.9488
7aebc34b-b907-4217-8f76-01f0fbb56c98	7	101477246	101479436	2	-0.4647
7aebc34b-b907-4217-8f76-01f0fbb56c98	7	101480146	109797620	5018	0.9674
7aebc34b-b907-4217-8f76-01f0fbb56c98	7	109797623	109801187	13	0.4423
7aebc34b-b907-4217-8f76-01f0fbb56c98	7	109801572	109813925	11	1.7851
7aebc34b-b907-4217-8f76-01f0fbb56c98	7	109814172	110535767	497	0.9918
7aebc34b-b907-4217-8f76-01f0fbb56c98	7	110536049	110536363	5	1.7226
7aebc34b-b907-4217-8f76-01f0fbb56c98	7	110536388	110599665	44	1.0225
7aebc34b-b907-4217-8f76-01f0fbb56c98	7	110600414	110636248	25	1.2772
7aebc34b-b907-4217-8f76-01f0fbb56c98	7	110636393	110836045	134	0.926
7aebc34b-b907-4217-8f76-01f0fbb56c98	7	110844648	110852654	9	1.4719
7aebc34b-b907-4217-8f76-01f0fbb56c98	7	110853439	111168508	180	0.9479
7aebc34b-b907-4217-8f76-01f0fbb56c98	7	111172930	111438762	207	1.1429
7aebc34b-b907-4217-8f76-01f0fbb56c98	7	111439284	112298618	548	0.9658
7aebc34b-b907-4217-8f76-01f0fbb56c98	7	112299506	112609111	196	1.0968
7aebc34b-b907-4217-8f76-01f0fbb56c98	7	112609547	116285536	2026	0.9689
7aebc34b-b907-4217-8f76-01f0fbb56c98	7	116287872	116289641	12	0.4255
7aebc34b-b907-4217-8f76-01f0fbb56c98	7	116289776	120597829	2555	0.973
7aebc34b-b907-4217-8f76-01f0fbb56c98	7	120598041	120598451	2	-1.0539
7aebc34b-b907-4217-8f76-01f0fbb56c98	7	120601578	126405502	3577	0.9786
7aebc34b-b907-4217-8f76-01f0fbb56c98	7	126405597	126406822	11	2.322
7aebc34b-b907-4217-8f76-01f0fbb56c98	7	126406823	126620696	143	0.9615
7aebc34b-b907-4217-8f76-01f0fbb56c98	7	126621795	126655831	22	1.4243
7aebc34b-b907-4217-8f76-01f0fbb56c98	7	126655865	134100424	4532	0.9746
7aebc34b-b907-4217-8f76-01f0fbb56c98	7	134100442	134110881	25	-2.2683
7aebc34b-b907-4217-8f76-01f0fbb56c98	7	134110912	134113805	8	-0.3365
7aebc34b-b907-4217-8f76-01f0fbb56c98	7	134114093	142490440	5533	0.9807
7aebc34b-b907-4217-8f76-01f0fbb56c98	7	142490557	142741721	104	1.2733
7aebc34b-b907-4217-8f76-01f0fbb56c98	7	142746647	154598185	7199	0.9803
7aebc34b-b907-4217-8f76-01f0fbb56c98	7	154601461	154607903	4	-0.4736
7aebc34b-b907-4217-8f76-01f0fbb56c98	7	154609120	159334314	3233	0.9922
7aebc34b-b907-4217-8f76-01f0fbb56c98	8	81254	7312952	7713	-0.1131
7aebc34b-b907-4217-8f76-01f0fbb56c98	8	7329110	8214781	70	0.256
7aebc34b-b907-4217-8f76-01f0fbb56c98	8	8234503	14427181	4987	-0.1119
7aebc34b-b907-4217-8f76-01f0fbb56c98	8	14427702	14428681	2	-1.9771
7aebc34b-b907-4217-8f76-01f0fbb56c98	8	14428696	14652059	223	-0.1617
7aebc34b-b907-4217-8f76-01f0fbb56c98	8	14652523	14652552	2	-2.3274
7aebc34b-b907-4217-8f76-01f0fbb56c98	8	14652565	16404738	1569	-0.1382
7aebc34b-b907-4217-8f76-01f0fbb56c98	8	16404755	16417152	26	-0.804
7aebc34b-b907-4217-8f76-01f0fbb56c98	8	16421186	25117062	6847	-0.1216
7aebc34b-b907-4217-8f76-01f0fbb56c98	8	25117985	25122447	15	0.6315
7aebc34b-b907-4217-8f76-01f0fbb56c98	8	25122457	39373140	8998	-0.1261
7aebc34b-b907-4217-8f76-01f0fbb56c98	8	39378084	39529446	59	-2.2063
7aebc34b-b907-4217-8f76-01f0fbb56c98	8	39530780	43249839	2403	-0.119
7aebc34b-b907-4217-8f76-01f0fbb56c98	8	43250600	46082851	210	0.0066
7aebc34b-b907-4217-8f76-01f0fbb56c98	8	46083229	87239765	24739	-0.137
7aebc34b-b907-4217-8f76-01f0fbb56c98	8	87241683	87255034	3	-1.5697
7aebc34b-b907-4217-8f76-01f0fbb56c98	8	87255177	87278365	14	-0.3645
7aebc34b-b907-4217-8f76-01f0fbb56c98	8	87278418	88836964	849	-0.142
7aebc34b-b907-4217-8f76-01f0fbb56c98	8	88843533	89128912	222	0.6994
7aebc34b-b907-4217-8f76-01f0fbb56c98	8	89131502	90257044	760	-0.1484
7aebc34b-b907-4217-8f76-01f0fbb56c98	8	90261441	105986542	9512	0.3914
7aebc34b-b907-4217-8f76-01f0fbb56c98	8	105989036	106482690	353	0.5059
7aebc34b-b907-4217-8f76-01f0fbb56c98	8	106483012	126580541	12853	0.4065
7aebc34b-b907-4217-8f76-01f0fbb56c98	8	126583939	143196184	12256	0.434
7aebc34b-b907-4217-8f76-01f0fbb56c98	8	143201130	145072769	648	0.3905
7aebc34b-b907-4217-8f76-01f0fbb56c98	9	46587	21526527	19017	-0.9133
7aebc34b-b907-4217-8f76-01f0fbb56c98	9	21531537	23391638	1242	-1.0941
7aebc34b-b907-4217-8f76-01f0fbb56c98	9	23396330	25281914	1382	-0.1111
7aebc34b-b907-4217-8f76-01f0fbb56c98	9	25282009	35493487	7094	-0.0351
7aebc34b-b907-4217-8f76-01f0fbb56c98	9	35496317	35559805	42	0.8352
7aebc34b-b907-4217-8f76-01f0fbb56c98	9	35561834	35578004	9	0.4331
7aebc34b-b907-4217-8f76-01f0fbb56c98	9	35578626	40018947	2182	-0.0327
7aebc34b-b907-4217-8f76-01f0fbb56c98	9	40099591	40832327	13	0.4953
7aebc34b-b907-4217-8f76-01f0fbb56c98	9	40887290	41741096	85	-0.0661
7aebc34b-b907-4217-8f76-01f0fbb56c98	9	41741113	42046831	5	0.9665
7aebc34b-b907-4217-8f76-01f0fbb56c98	9	42073850	63580418	157	0.0179
7aebc34b-b907-4217-8f76-01f0fbb56c98	9	63590317	63592813	7	1.5689
7aebc34b-b907-4217-8f76-01f0fbb56c98	9	63614182	66881239	95	0.1861
7aebc34b-b907-4217-8f76-01f0fbb56c98	9	66883464	138200944	47845	-0.0356
7aebc34b-b907-4217-8f76-01f0fbb56c98	10	45792	57335807	38686	-0.0884
7aebc34b-b907-4217-8f76-01f0fbb56c98	10	57336112	57336505	8	-1.2184
7aebc34b-b907-4217-8f76-01f0fbb56c98	10	57337873	64638921	4969	-0.1012
7aebc34b-b907-4217-8f76-01f0fbb56c98	10	64639652	64640112	2	-1.7045
7aebc34b-b907-4217-8f76-01f0fbb56c98	10	64643074	65549213	667	-0.1068
7aebc34b-b907-4217-8f76-01f0fbb56c98	10	65549243	65563037	17	-0.6915
7aebc34b-b907-4217-8f76-01f0fbb56c98	10	65563168	76482757	6771	-0.0892
7aebc34b-b907-4217-8f76-01f0fbb56c98	10	76493093	76497852	3	-1.4331
7aebc34b-b907-4217-8f76-01f0fbb56c98	10	76501509	132382993	38818	-0.0885
7aebc34b-b907-4217-8f76-01f0fbb56c98	10	132385563	132385605	2	-2.0778
7aebc34b-b907-4217-8f76-01f0fbb56c98	10	132390781	132928501	229	-0.0964
7aebc34b-b907-4217-8f76-01f0fbb56c98	10	132928607	132933470	3	-1.0747
7aebc34b-b907-4217-8f76-01f0fbb56c98	10	132934605	133654968	308	-0.0558
7aebc34b-b907-4217-8f76-01f0fbb56c98	11	198510	4254774	1744	-0.0608
7aebc34b-b907-4217-8f76-01f0fbb56c98	11	4274526	4337579	16	0.5145
7aebc34b-b907-4217-8f76-01f0fbb56c98	11	4337826	4949013	653	-0.0407
7aebc34b-b907-4217-8f76-01f0fbb56c98	11	4949047	4955042	28	0.7089
7aebc34b-b907-4217-8f76-01f0fbb56c98	11	4955781	5766175	782	-0.0378
7aebc34b-b907-4217-8f76-01f0fbb56c98	11	5766850	5787909	32	-2.7665
7aebc34b-b907-4217-8f76-01f0fbb56c98	11	5788108	6029735	197	-0.1213
7aebc34b-b907-4217-8f76-01f0fbb56c98	11	6033321	18919309	9198	-0.0631
7aebc34b-b907-4217-8f76-01f0fbb56c98	11	18919323	18949158	49	0.6982
7aebc34b-b907-4217-8f76-01f0fbb56c98	11	18949201	21486224	2331	-0.0526
7aebc34b-b907-4217-8f76-01f0fbb56c98	11	21490021	21494037	3	-1.8037
7aebc34b-b907-4217-8f76-01f0fbb56c98	11	21494420	37043852	10998	-0.0706
7aebc34b-b907-4217-8f76-01f0fbb56c98	11	37044096	37500561	328	0.0358
7aebc34b-b907-4217-8f76-01f0fbb56c98	11	37501398	37522870	9	-0.4765
7aebc34b-b907-4217-8f76-01f0fbb56c98	11	37523375	38214376	402	-0.062
7aebc34b-b907-4217-8f76-01f0fbb56c98	11	38216934	38220585	4	-1.137
7aebc34b-b907-4217-8f76-01f0fbb56c98	11	38229372	42791601	3055	-0.0807
7aebc34b-b907-4217-8f76-01f0fbb56c98	11	42794936	42796489	2	-1.6721
7aebc34b-b907-4217-8f76-01f0fbb56c98	11	42799053	48281773	3282	-0.0787
7aebc34b-b907-4217-8f76-01f0fbb56c98	11	48283832	55595864	1290	-0.0143
7aebc34b-b907-4217-8f76-01f0fbb56c98	11	55606556	55685533	59	-0.6429
7aebc34b-b907-4217-8f76-01f0fbb56c98	11	55686100	57189042	1031	-0.0545
7aebc34b-b907-4217-8f76-01f0fbb56c98	11	57189944	135074876	51149	-0.1206
7aebc34b-b907-4217-8f76-01f0fbb56c98	12	51460	8404097	5595	0.4066
7aebc34b-b907-4217-8f76-01f0fbb56c98	12	8405892	8406040	2	3.5887
7aebc34b-b907-4217-8f76-01f0fbb56c98	12	8406196	31112123	15766	0.3944
7aebc34b-b907-4217-8f76-01f0fbb56c98	12	31116364	31254189	88	1.0962
7aebc34b-b907-4217-8f76-01f0fbb56c98	12	31256945	33148873	1303	0.3883
7aebc34b-b907-4217-8f76-01f0fbb56c98	12	33149079	33150932	13	0.9853
7aebc34b-b907-4217-8f76-01f0fbb56c98	12	33151649	33232895	51	0.5175
7aebc34b-b907-4217-8f76-01f0fbb56c98	12	33233822	33242207	5	-0.7032
7aebc34b-b907-4217-8f76-01f0fbb56c98	12	33242483	37572505	770	0.4001
7aebc34b-b907-4217-8f76-01f0fbb56c98	12	37572984	38744670	492	0.4805
7aebc34b-b907-4217-8f76-01f0fbb56c98	12	38756799	80446147	25761	0.3755
7aebc34b-b907-4217-8f76-01f0fbb56c98	12	80446276	80456533	2	-1.4833
7aebc34b-b907-4217-8f76-01f0fbb56c98	12	80458189	99398036	12151	0.3776
7aebc34b-b907-4217-8f76-01f0fbb56c98	12	99401515	99404956	31	-0.6395
7aebc34b-b907-4217-8f76-01f0fbb56c98	12	99409315	111534475	7811	0.3873
7aebc34b-b907-4217-8f76-01f0fbb56c98	12	111540492	111542193	2	-1.3454
7aebc34b-b907-4217-8f76-01f0fbb56c98	12	111546903	112771380	721	0.3389
7aebc34b-b907-4217-8f76-01f0fbb56c98	12	112776023	119552956	5119	0.4201
7aebc34b-b907-4217-8f76-01f0fbb56c98	12	119556236	124014995	2090	0.3769
7aebc34b-b907-4217-8f76-01f0fbb56c98	12	124015029	130028387	5043	0.43
7aebc34b-b907-4217-8f76-01f0fbb56c98	12	130034810	130035119	2	-1.1914
7aebc34b-b907-4217-8f76-01f0fbb56c98	12	130035265	133201603	1903	0.4044
7aebc34b-b907-4217-8f76-01f0fbb56c98	13	18452809	57176962	25951	-0.1223
7aebc34b-b907-4217-8f76-01f0fbb56c98	13	57184136	57204246	34	-0.6602
7aebc34b-b907-4217-8f76-01f0fbb56c98	13	57215580	92531433	22346	-0.128
7aebc34b-b907-4217-8f76-01f0fbb56c98	13	92533316	92533657	3	-1.48
7aebc34b-b907-4217-8f76-01f0fbb56c98	13	92534547	95497790	2178	-0.1363
7aebc34b-b907-4217-8f76-01f0fbb56c98	13	95500055	95500374	2	-1.6599
7aebc34b-b907-4217-8f76-01f0fbb56c98	13	95502342	114342922	13461	-0.1182
7aebc34b-b907-4217-8f76-01f0fbb56c98	14	18239283	19809298	92	0.2423
7aebc34b-b907-4217-8f76-01f0fbb56c98	14	19809945	21855405	1326	-0.0317
7aebc34b-b907-4217-8f76-01f0fbb56c98	14	21856896	22236341	371	0.2198
7aebc34b-b907-4217-8f76-01f0fbb56c98	14	22236356	22423470	139	0.4167
7aebc34b-b907-4217-8f76-01f0fbb56c98	14	22424253	22509094	92	0.23
7aebc34b-b907-4217-8f76-01f0fbb56c98	14	22509114	24009685	860	-0.0455
7aebc34b-b907-4217-8f76-01f0fbb56c98	14	24010178	24010500	4	-1.2362
7aebc34b-b907-4217-8f76-01f0fbb56c98	14	24015250	106068978	51996	-0.0481
7aebc34b-b907-4217-8f76-01f0fbb56c98	14	106069067	106360014	106	0.4726
7aebc34b-b907-4217-8f76-01f0fbb56c98	14	106362628	106418444	30	-0.0042
7aebc34b-b907-4217-8f76-01f0fbb56c98	14	106423925	106462169	47	-0.6285
7aebc34b-b907-4217-8f76-01f0fbb56c98	14	106462183	106877229	196	-0.0637
7aebc34b-b907-4217-8f76-01f0fbb56c98	15	19811075	22005276	179	-0.0049
7aebc34b-b907-4217-8f76-01f0fbb56c98	15	22227530	22299523	25	-0.8042
7aebc34b-b907-4217-8f76-01f0fbb56c98	15	22385639	24401996	987	-0.0546
7aebc34b-b907-4217-8f76-01f0fbb56c98	15	24402847	24480146	41	-0.4978
7aebc34b-b907-4217-8f76-01f0fbb56c98	15	24482084	30231102	3599	-0.0393
7aebc34b-b907-4217-8f76-01f0fbb56c98	15	30252720	30297594	10	-0.7325
7aebc34b-b907-4217-8f76-01f0fbb56c98	15	30300815	34421922	2573	-0.0308
7aebc34b-b907-4217-8f76-01f0fbb56c98	15	34430601	34520918	62	-0.8436
7aebc34b-b907-4217-8f76-01f0fbb56c98	15	34522159	53902792	11911	-0.051
7aebc34b-b907-4217-8f76-01f0fbb56c98	15	53908153	53910302	3	-1.2691
7aebc34b-b907-4217-8f76-01f0fbb56c98	15	53912031	57614508	2411	-0.0575
7aebc34b-b907-4217-8f76-01f0fbb56c98	15	57616118	57620649	8	-0.7442
7aebc34b-b907-4217-8f76-01f0fbb56c98	15	57624754	76599170	12042	-0.0535
7aebc34b-b907-4217-8f76-01f0fbb56c98	15	76599286	76603434	20	-2.456
7aebc34b-b907-4217-8f76-01f0fbb56c98	15	76609838	83871986	4406	-0.041
7aebc34b-b907-4217-8f76-01f0fbb56c98	15	83874133	83878795	7	-1.0344
7aebc34b-b907-4217-8f76-01f0fbb56c98	15	83879115	101928837	13167	-0.0389
7aebc34b-b907-4217-8f76-01f0fbb56c98	16	10777	5557889	2623	-0.1076
7aebc34b-b907-4217-8f76-01f0fbb56c98	16	5558088	5558150	2	-1.7862
7aebc34b-b907-4217-8f76-01f0fbb56c98	16	5558336	14895982	8468	-0.0682
7aebc34b-b907-4217-8f76-01f0fbb56c98	16	14954911	15009819	49	-0.4037
7aebc34b-b907-4217-8f76-01f0fbb56c98	16	15012406	16498856	599	-0.0445
7aebc34b-b907-4217-8f76-01f0fbb56c98	16	16534205	16558842	7	-1.0973
7aebc34b-b907-4217-8f76-01f0fbb56c98	16	16563118	18812259	1046	-0.0537
7aebc34b-b907-4217-8f76-01f0fbb56c98	16	18812285	31857937	7083	-0.0835
7aebc34b-b907-4217-8f76-01f0fbb56c98	16	31861032	55762682	7023	-0.0477
7aebc34b-b907-4217-8f76-01f0fbb56c98	16	55764310	55764867	3	2.6691
7aebc34b-b907-4217-8f76-01f0fbb56c98	16	55770436	55775554	7	0.8335
7aebc34b-b907-4217-8f76-01f0fbb56c98	16	55776109	56278751	340	-0.0122
7aebc34b-b907-4217-8f76-01f0fbb56c98	16	56280107	70105639	8408	-0.0587
7aebc34b-b907-4217-8f76-01f0fbb56c98	16	70117657	70164493	15	-0.5129
7aebc34b-b907-4217-8f76-01f0fbb56c98	16	70177541	70502402	113	-0.0622
7aebc34b-b907-4217-8f76-01f0fbb56c98	16	70503426	74350360	2180	-0.0272
7aebc34b-b907-4217-8f76-01f0fbb56c98	16	74363160	74432668	12	-0.5732
7aebc34b-b907-4217-8f76-01f0fbb56c98	16	74432912	78337711	3191	-0.0253
7aebc34b-b907-4217-8f76-01f0fbb56c98	16	78338543	78350841	16	-2.4571
7aebc34b-b907-4217-8f76-01f0fbb56c98	16	78350868	90096867	10593	-0.0312
7aebc34b-b907-4217-8f76-01f0fbb56c98	17	150733	153755	2	0.4518
7aebc34b-b907-4217-8f76-01f0fbb56c98	17	154093	9131565	5050	-0.1256
7aebc34b-b907-4217-8f76-01f0fbb56c98	17	9133230	15080577	4565	-0.0894
7aebc34b-b907-4217-8f76-01f0fbb56c98	17	15081013	26955079	3272	-0.1259
7aebc34b-b907-4217-8f76-01f0fbb56c98	17	26960035	33640678	3520	0.3788
7aebc34b-b907-4217-8f76-01f0fbb56c98	17	33641245	34666641	954	0.4627
7aebc34b-b907-4217-8f76-01f0fbb56c98	17	34669731	36157718	908	0.3968
7aebc34b-b907-4217-8f76-01f0fbb56c98	17	36200725	36208249	2	2.6369
7aebc34b-b907-4217-8f76-01f0fbb56c98	17	36460442	41265456	2521	0.3718
7aebc34b-b907-4217-8f76-01f0fbb56c98	17	41266762	41274198	23	-1.2321
7aebc34b-b907-4217-8f76-01f0fbb56c98	17	41274279	46110945	2513	0.3561
7aebc34b-b907-4217-8f76-01f0fbb56c98	17	46111026	46351954	111	0.1046
7aebc34b-b907-4217-8f76-01f0fbb56c98	17	46446345	46446360	2	2.4771
7aebc34b-b907-4217-8f76-01f0fbb56c98	17	46569894	46707286	5	-0.2135
7aebc34b-b907-4217-8f76-01f0fbb56c98	17	46707312	51081994	2273	0.3712
7aebc34b-b907-4217-8f76-01f0fbb56c98	17	51084220	56081683	3513	0.4538
7aebc34b-b907-4217-8f76-01f0fbb56c98	17	56083553	56095462	27	-0.1273
7aebc34b-b907-4217-8f76-01f0fbb56c98	17	56095886	63868089	4238	0.4153
7aebc34b-b907-4217-8f76-01f0fbb56c98	17	63876752	63906939	11	-0.916
7aebc34b-b907-4217-8f76-01f0fbb56c98	17	63911447	64974497	462	0.3963
7aebc34b-b907-4217-8f76-01f0fbb56c98	17	64978079	66542346	1037	0.4869
7aebc34b-b907-4217-8f76-01f0fbb56c98	17	66542664	70895688	2886	0.435
7aebc34b-b907-4217-8f76-01f0fbb56c98	17	70896097	70896209	2	-0.9581
7aebc34b-b907-4217-8f76-01f0fbb56c98	17	70896957	74353875	2681	0.4631
7aebc34b-b907-4217-8f76-01f0fbb56c98	17	74354052	78285287	2081	0.4075
7aebc34b-b907-4217-8f76-01f0fbb56c98	17	78286051	80633498	1350	0.4497
7aebc34b-b907-4217-8f76-01f0fbb56c98	17	80634938	80637924	7	1.2852
7aebc34b-b907-4217-8f76-01f0fbb56c98	17	80639707	81154966	244	0.4362
7aebc34b-b907-4217-8f76-01f0fbb56c98	17	81154985	83091923	718	0.3876
7aebc34b-b907-4217-8f76-01f0fbb56c98	18	48133	879852	616	-0.9254
7aebc34b-b907-4217-8f76-01f0fbb56c98	18	882509	885712	6	-4.9996
7aebc34b-b907-4217-8f76-01f0fbb56c98	18	885731	10133182	6749	-0.9492
7aebc34b-b907-4217-8f76-01f0fbb56c98	18	10133807	10143574	13	-6.1291
7aebc34b-b907-4217-8f76-01f0fbb56c98	18	10143653	14115122	2576	-0.9613
7aebc34b-b907-4217-8f76-01f0fbb56c98	18	14123195	15082668	294	-0.7469
7aebc34b-b907-4217-8f76-01f0fbb56c98	18	15092487	15106728	7	0.3239
7aebc34b-b907-4217-8f76-01f0fbb56c98	18	15107707	15182455	22	-0.986
7aebc34b-b907-4217-8f76-01f0fbb56c98	18	15182482	53740823	21350	-0.116
7aebc34b-b907-4217-8f76-01f0fbb56c98	18	53740840	53740980	2	1.8403
7aebc34b-b907-4217-8f76-01f0fbb56c98	18	53741022	80257174	18906	-0.1142
7aebc34b-b907-4217-8f76-01f0fbb56c98	19	90910	9163124	3382	-0.1369
7aebc34b-b907-4217-8f76-01f0fbb56c98	19	9163996	9167445	5	-1.3092
7aebc34b-b907-4217-8f76-01f0fbb56c98	19	9174084	10919955	807	-0.1355
7aebc34b-b907-4217-8f76-01f0fbb56c98	19	10924170	10963057	9	-0.9563
7aebc34b-b907-4217-8f76-01f0fbb56c98	19	10965329	20411294	4706	-0.1339
7aebc34b-b907-4217-8f76-01f0fbb56c98	19	20411336	20538428	73	-0.9499
7aebc34b-b907-4217-8f76-01f0fbb56c98	19	20538656	20563384	17	-0.1717
7aebc34b-b907-4217-8f76-01f0fbb56c98	19	20576271	20577052	2	-1.758
7aebc34b-b907-4217-8f76-01f0fbb56c98	19	20582718	21088416	283	-0.0533
7aebc34b-b907-4217-8f76-01f0fbb56c98	19	21089282	23970243	1661	-0.1116
7aebc34b-b907-4217-8f76-01f0fbb56c98	19	23971174	32070446	3604	-0.0557
7aebc34b-b907-4217-8f76-01f0fbb56c98	19	32071759	32083147	10	-1.062
7aebc34b-b907-4217-8f76-01f0fbb56c98	19	32086530	58586487	14510	-0.0768
7aebc34b-b907-4217-8f76-01f0fbb56c98	20	80664	84659	17	0.1804
7aebc34b-b907-4217-8f76-01f0fbb56c98	20	84916	365161	196	-0.1077
7aebc34b-b907-4217-8f76-01f0fbb56c98	20	366603	367264	2	-1.4332
7aebc34b-b907-4217-8f76-01f0fbb56c98	20	368662	1571811	965	-0.0871
7aebc34b-b907-4217-8f76-01f0fbb56c98	20	1576544	1580353	21	0.2813
7aebc34b-b907-4217-8f76-01f0fbb56c98	20	1580934	1601446	35	2.7363
7aebc34b-b907-4217-8f76-01f0fbb56c98	20	1601561	1618356	10	0.7722
7aebc34b-b907-4217-8f76-01f0fbb56c98	20	1618415	3876536	1589	-0.1014
7aebc34b-b907-4217-8f76-01f0fbb56c98	20	3879187	3908477	10	-0.725
7aebc34b-b907-4217-8f76-01f0fbb56c98	20	3908674	37386631	20199	-0.0882
7aebc34b-b907-4217-8f76-01f0fbb56c98	20	37388863	64324800	19260	-0.0476
7aebc34b-b907-4217-8f76-01f0fbb56c98	21	10354168	13169048	112	0.1031
7aebc34b-b907-4217-8f76-01f0fbb56c98	21	13177644	17485011	2545	-0.0838
7aebc34b-b907-4217-8f76-01f0fbb56c98	21	17485565	17485590	2	-2.146
7aebc34b-b907-4217-8f76-01f0fbb56c98	21	17486380	46677045	21151	-0.0755
7aebc34b-b907-4217-8f76-01f0fbb56c98	22	15294547	18620743	1130	-0.0398
7aebc34b-b907-4217-8f76-01f0fbb56c98	22	18649244	18760941	3	1.6511
7aebc34b-b907-4217-8f76-01f0fbb56c98	22	18783014	38955461	14078	0.0006
7aebc34b-b907-4217-8f76-01f0fbb56c98	22	38967614	38979302	24	-0.6665
7aebc34b-b907-4217-8f76-01f0fbb56c98	22	38993700	39084240	32	-0.0185
7aebc34b-b907-4217-8f76-01f0fbb56c98	22	39084692	39092388	3	-2.2975
7aebc34b-b907-4217-8f76-01f0fbb56c98	22	39094415	47023922	5034	-0.0202
7aebc34b-b907-4217-8f76-01f0fbb56c98	22	47026257	49001662	1801	0.037
7aebc34b-b907-4217-8f76-01f0fbb56c98	22	49002195	50796027	1134	-0.0125
7aebc34b-b907-4217-8f76-01f0fbb56c98	X	251810	8520483	4385	-0.0074
7aebc34b-b907-4217-8f76-01f0fbb56c98	X	8520528	8522987	2	-6.3277
7aebc34b-b907-4217-8f76-01f0fbb56c98	X	8523177	138489575	67718	0.0049
7aebc34b-b907-4217-8f76-01f0fbb56c98	X	138489734	138491705	9	-2.3309
7aebc34b-b907-4217-8f76-01f0fbb56c98	X	138491915	155952689	10543	-0.0011
7aebc34b-b907-4217-8f76-01f0fbb56c98	Y	2782397	6167430	749	-2.5716
7aebc34b-b907-4217-8f76-01f0fbb56c98	Y	6171310	21611351	5523	-2.8261
7aebc34b-b907-4217-8f76-01f0fbb56c98	Y	21611541	56872112	367	-2.6053
