GDC_Aliquot	Chromosome	Start	End	Num_Probes	Segment_Mean
077ec394-6228-413d-ab4e-c64bf9c0cfc6	1	62920	874393	50	-0.1039
077ec394-6228-413d-ab4e-c64bf9c0cfc6	1	877652	2992012	548	0.0976
077ec394-6228-413d-ab4e-c64bf9c0cfc6	1	2992435	16542868	8050	-0.0193
077ec394-6228-413d-ab4e-c64bf9c0cfc6	1	16544783	16785682	53	0.3004
077ec394-6228-413d-ab4e-c64bf9c0cfc6	1	16787932	16883108	8	-0.2094
077ec394-6228-413d-ab4e-c64bf9c0cfc6	1	16884157	16951445	52	0.3734
077ec394-6228-413d-ab4e-c64bf9c0cfc6	1	16955930	25256850	5261	-0.0173
077ec394-6228-413d-ab4e-c64bf9c0cfc6	1	25266637	25320198	22	-1.8193
077ec394-6228-413d-ab4e-c64bf9c0cfc6	1	25320253	72303233	28740	-0.0205
077ec394-6228-413d-ab4e-c64bf9c0cfc6	1	72303253	72346221	46	-0.9671
077ec394-6228-413d-ab4e-c64bf9c0cfc6	1	72346757	103560166	19993	-0.0168
077ec394-6228-413d-ab4e-c64bf9c0cfc6	1	103560435	103620877	30	0.4187
077ec394-6228-413d-ab4e-c64bf9c0cfc6	1	103621165	108187137	2879	-0.0189
077ec394-6228-413d-ab4e-c64bf9c0cfc6	1	108191613	108192255	2	-3.2149
077ec394-6228-413d-ab4e-c64bf9c0cfc6	1	108194874	109684893	696	-0.0297
077ec394-6228-413d-ab4e-c64bf9c0cfc6	1	109690352	109707962	20	0.9934
077ec394-6228-413d-ab4e-c64bf9c0cfc6	1	109707968	143547211	7142	-0.0113
077ec394-6228-413d-ab4e-c64bf9c0cfc6	1	143547226	143811517	111	0.1939
077ec394-6228-413d-ab4e-c64bf9c0cfc6	1	143890323	152583051	2320	0.0003
077ec394-6228-413d-ab4e-c64bf9c0cfc6	1	152583230	152618018	36	0.5369
077ec394-6228-413d-ab4e-c64bf9c0cfc6	1	152618089	152787202	165	-0.0231
077ec394-6228-413d-ab4e-c64bf9c0cfc6	1	152789447	152796224	37	0.3453
077ec394-6228-413d-ab4e-c64bf9c0cfc6	1	152801429	174827267	14799	-0.018
077ec394-6228-413d-ab4e-c64bf9c0cfc6	1	174827418	174832702	16	-0.7239
077ec394-6228-413d-ab4e-c64bf9c0cfc6	1	174832716	196762480	14640	-0.0197
077ec394-6228-413d-ab4e-c64bf9c0cfc6	1	196762956	196788990	32	-0.5465
077ec394-6228-413d-ab4e-c64bf9c0cfc6	1	196789019	234628059	25753	-0.023
077ec394-6228-413d-ab4e-c64bf9c0cfc6	1	234629510	234630270	3	-1.1872
077ec394-6228-413d-ab4e-c64bf9c0cfc6	1	234630858	248446755	9878	-0.0188
077ec394-6228-413d-ab4e-c64bf9c0cfc6	1	248447206	248477891	12	-0.8778
077ec394-6228-413d-ab4e-c64bf9c0cfc6	1	248520099	248586259	18	0.0996
077ec394-6228-413d-ab4e-c64bf9c0cfc6	1	248589915	248645808	31	0.4395
077ec394-6228-413d-ab4e-c64bf9c0cfc6	1	248646068	248930189	139	0.0044
077ec394-6228-413d-ab4e-c64bf9c0cfc6	2	12784	52527330	37136	-0.0188
077ec394-6228-413d-ab4e-c64bf9c0cfc6	2	52527342	52554404	39	-0.568
077ec394-6228-413d-ab4e-c64bf9c0cfc6	2	52560811	75148053	14470	-0.0229
077ec394-6228-413d-ab4e-c64bf9c0cfc6	2	75154574	75154670	4	-1.8716
077ec394-6228-413d-ab4e-c64bf9c0cfc6	2	75154711	87476397	7593	-0.017
077ec394-6228-413d-ab4e-c64bf9c0cfc6	2	87476789	87487629	2	-1.8374
077ec394-6228-413d-ab4e-c64bf9c0cfc6	2	87489160	111381388	9956	-0.0188
077ec394-6228-413d-ab4e-c64bf9c0cfc6	2	111385836	111395273	4	-1.2392
077ec394-6228-413d-ab4e-c64bf9c0cfc6	2	111395532	128880904	10785	-0.0166
077ec394-6228-413d-ab4e-c64bf9c0cfc6	2	128880928	128882741	14	-0.8102
077ec394-6228-413d-ab4e-c64bf9c0cfc6	2	128882755	129453923	476	-0.0082
077ec394-6228-413d-ab4e-c64bf9c0cfc6	2	129455791	129457708	2	1.3043
077ec394-6228-413d-ab4e-c64bf9c0cfc6	2	129458470	130031201	394	-0.0225
077ec394-6228-413d-ab4e-c64bf9c0cfc6	2	130036283	130117303	15	0.6688
077ec394-6228-413d-ab4e-c64bf9c0cfc6	2	130136424	137959657	4531	-0.0177
077ec394-6228-413d-ab4e-c64bf9c0cfc6	2	137960964	137961269	2	-1.3013
077ec394-6228-413d-ab4e-c64bf9c0cfc6	2	137962742	146104517	4992	-0.0209
077ec394-6228-413d-ab4e-c64bf9c0cfc6	2	146106836	146109366	24	0.7828
077ec394-6228-413d-ab4e-c64bf9c0cfc6	2	146120238	173007875	16343	-0.0212
077ec394-6228-413d-ab4e-c64bf9c0cfc6	2	173008362	173009015	2	-1.4716
077ec394-6228-413d-ab4e-c64bf9c0cfc6	2	173009553	207486030	20612	-0.0162
077ec394-6228-413d-ab4e-c64bf9c0cfc6	2	207490188	207494612	18	-0.6007
077ec394-6228-413d-ab4e-c64bf9c0cfc6	2	207494752	229024106	13965	-0.0216
077ec394-6228-413d-ab4e-c64bf9c0cfc6	2	229028341	229029408	4	-1.0881
077ec394-6228-413d-ab4e-c64bf9c0cfc6	2	229032316	242147305	8108	-0.0246
077ec394-6228-413d-ab4e-c64bf9c0cfc6	3	20930	157740	127	0.0449
077ec394-6228-413d-ab4e-c64bf9c0cfc6	3	160147	6604856	5687	-0.0181
077ec394-6228-413d-ab4e-c64bf9c0cfc6	3	6609441	6611645	23	-0.7092
077ec394-6228-413d-ab4e-c64bf9c0cfc6	3	6613391	45259865	26314	-0.0214
077ec394-6228-413d-ab4e-c64bf9c0cfc6	3	45260822	45268416	5	-1.0966
077ec394-6228-413d-ab4e-c64bf9c0cfc6	3	45269020	47358421	1298	-0.0077
077ec394-6228-413d-ab4e-c64bf9c0cfc6	3	47358841	47363961	3	-1.2256
077ec394-6228-413d-ab4e-c64bf9c0cfc6	3	47367722	90204409	27354	-0.0231
077ec394-6228-413d-ab4e-c64bf9c0cfc6	3	90208684	98236212	2328	0.0962
077ec394-6228-413d-ab4e-c64bf9c0cfc6	3	98237638	98249458	4	-0.8297
077ec394-6228-413d-ab4e-c64bf9c0cfc6	3	98251224	99225667	558	0.0883
077ec394-6228-413d-ab4e-c64bf9c0cfc6	3	99225703	99230577	35	-0.3769
077ec394-6228-413d-ab4e-c64bf9c0cfc6	3	99232120	141350940	25765	0.0948
077ec394-6228-413d-ab4e-c64bf9c0cfc6	3	141351363	141356120	4	-1.2446
077ec394-6228-413d-ab4e-c64bf9c0cfc6	3	141356389	158613262	10624	0.1032
077ec394-6228-413d-ab4e-c64bf9c0cfc6	3	158619976	158621752	2	-1.3465
077ec394-6228-413d-ab4e-c64bf9c0cfc6	3	158623833	162794951	2619	0.0934
077ec394-6228-413d-ab4e-c64bf9c0cfc6	3	162795304	162908207	68	-1.3603
077ec394-6228-413d-ab4e-c64bf9c0cfc6	3	162908784	162996729	72	0.0549
077ec394-6228-413d-ab4e-c64bf9c0cfc6	3	162999939	163001774	2	-2.1011
077ec394-6228-413d-ab4e-c64bf9c0cfc6	3	163008371	193160113	19090	0.1015
077ec394-6228-413d-ab4e-c64bf9c0cfc6	3	193160173	193165114	19	-1.1973
077ec394-6228-413d-ab4e-c64bf9c0cfc6	3	193168646	196690598	1959	0.0999
077ec394-6228-413d-ab4e-c64bf9c0cfc6	3	196690733	197025852	159	0.2373
077ec394-6228-413d-ab4e-c64bf9c0cfc6	3	197039901	198169247	575	0.1264
077ec394-6228-413d-ab4e-c64bf9c0cfc6	4	68929	9455251	5155	-0.0345
077ec394-6228-413d-ab4e-c64bf9c0cfc6	4	9459504	9477699	6	1.162
077ec394-6228-413d-ab4e-c64bf9c0cfc6	4	9484440	10212536	541	-0.0637
077ec394-6228-413d-ab4e-c64bf9c0cfc6	4	10221792	10229874	28	-1.9655
077ec394-6228-413d-ab4e-c64bf9c0cfc6	4	10232590	10233644	7	-0.6432
077ec394-6228-413d-ab4e-c64bf9c0cfc6	4	10234518	10389091	171	-0.0125
077ec394-6228-413d-ab4e-c64bf9c0cfc6	4	10390730	10401094	17	0.4482
077ec394-6228-413d-ab4e-c64bf9c0cfc6	4	10401122	19736654	6952	-0.028
077ec394-6228-413d-ab4e-c64bf9c0cfc6	4	19740095	19745999	5	-1.0496
077ec394-6228-413d-ab4e-c64bf9c0cfc6	4	19749565	40698556	13740	-0.0223
077ec394-6228-413d-ab4e-c64bf9c0cfc6	4	40701994	40702175	3	-2.0808
077ec394-6228-413d-ab4e-c64bf9c0cfc6	4	40702670	49214614	5086	-0.0144
077ec394-6228-413d-ab4e-c64bf9c0cfc6	4	49289175	49289338	2	-2.0703
077ec394-6228-413d-ab4e-c64bf9c0cfc6	4	49295203	68395346	10465	-0.0205
077ec394-6228-413d-ab4e-c64bf9c0cfc6	4	68416487	68639397	84	0.5074
077ec394-6228-413d-ab4e-c64bf9c0cfc6	4	68640616	69261926	314	0.0187
077ec394-6228-413d-ab4e-c64bf9c0cfc6	4	69261934	69366304	54	-0.5879
077ec394-6228-413d-ab4e-c64bf9c0cfc6	4	69366406	91017021	13489	-0.0192
077ec394-6228-413d-ab4e-c64bf9c0cfc6	4	91017241	91017501	3	-1.1275
077ec394-6228-413d-ab4e-c64bf9c0cfc6	4	91017586	114252544	13828	-0.0225
077ec394-6228-413d-ab4e-c64bf9c0cfc6	4	114254167	114261019	23	-1.0415
077ec394-6228-413d-ab4e-c64bf9c0cfc6	4	114263073	137171085	13236	-0.0238
077ec394-6228-413d-ab4e-c64bf9c0cfc6	4	137171266	137172260	13	-2.551
077ec394-6228-413d-ab4e-c64bf9c0cfc6	4	137173804	151868241	8824	-0.0232
077ec394-6228-413d-ab4e-c64bf9c0cfc6	4	151868634	151871415	13	-0.8674
077ec394-6228-413d-ab4e-c64bf9c0cfc6	4	151871739	151873707	4	0.6663
077ec394-6228-413d-ab4e-c64bf9c0cfc6	4	151874236	155964036	2729	-0.0211
077ec394-6228-413d-ab4e-c64bf9c0cfc6	4	155966920	155967367	6	-0.8611
077ec394-6228-413d-ab4e-c64bf9c0cfc6	4	155969109	156046823	53	0.0339
077ec394-6228-413d-ab4e-c64bf9c0cfc6	4	156046936	156052053	15	-0.8852
077ec394-6228-413d-ab4e-c64bf9c0cfc6	4	156053545	184148767	18228	-0.0193
077ec394-6228-413d-ab4e-c64bf9c0cfc6	4	184149402	184149624	2	-2.4642
077ec394-6228-413d-ab4e-c64bf9c0cfc6	4	184153465	190106768	4011	-0.0109
077ec394-6228-413d-ab4e-c64bf9c0cfc6	5	15532	698390	309	0.0403
077ec394-6228-413d-ab4e-c64bf9c0cfc6	5	717264	773453	24	0.8534
077ec394-6228-413d-ab4e-c64bf9c0cfc6	5	779766	12785150	9850	-0.0202
077ec394-6228-413d-ab4e-c64bf9c0cfc6	5	12790757	12826538	15	0.6527
077ec394-6228-413d-ab4e-c64bf9c0cfc6	5	12833745	28927491	9841	-0.019
077ec394-6228-413d-ab4e-c64bf9c0cfc6	5	28931861	28979556	29	-0.9752
077ec394-6228-413d-ab4e-c64bf9c0cfc6	5	28985964	46246558	10595	-0.0194
077ec394-6228-413d-ab4e-c64bf9c0cfc6	5	46251204	46271006	3	-0.8251
077ec394-6228-413d-ab4e-c64bf9c0cfc6	5	46271828	46278110	7	-2.207
077ec394-6228-413d-ab4e-c64bf9c0cfc6	5	46313245	53106218	1713	-0.0299
077ec394-6228-413d-ab4e-c64bf9c0cfc6	5	53108689	53113609	3	-2.561
077ec394-6228-413d-ab4e-c64bf9c0cfc6	5	53115955	115182247	37409	-0.0205
077ec394-6228-413d-ab4e-c64bf9c0cfc6	5	115182318	115187363	8	-1.3017
077ec394-6228-413d-ab4e-c64bf9c0cfc6	5	115189764	140838745	16017	-0.0243
077ec394-6228-413d-ab4e-c64bf9c0cfc6	5	140839137	140864171	14	-0.5789
077ec394-6228-413d-ab4e-c64bf9c0cfc6	5	140872578	150825938	6569	-0.0218
077ec394-6228-413d-ab4e-c64bf9c0cfc6	5	150826533	150843825	8	-0.6813
077ec394-6228-413d-ab4e-c64bf9c0cfc6	5	150844533	158512509	5346	-0.0218
077ec394-6228-413d-ab4e-c64bf9c0cfc6	5	158515064	158515688	2	-1.5296
077ec394-6228-413d-ab4e-c64bf9c0cfc6	5	158518172	172098801	9461	-0.0249
077ec394-6228-413d-ab4e-c64bf9c0cfc6	5	172099216	172109966	11	0.5097
077ec394-6228-413d-ab4e-c64bf9c0cfc6	5	172112062	179641462	4681	-0.0165
077ec394-6228-413d-ab4e-c64bf9c0cfc6	5	179655472	179658844	5	0.7653
077ec394-6228-413d-ab4e-c64bf9c0cfc6	5	179659102	181363319	930	-0.0124
077ec394-6228-413d-ab4e-c64bf9c0cfc6	6	149661	303121	127	0.0123
077ec394-6228-413d-ab4e-c64bf9c0cfc6	6	314962	380821	73	-0.3752
077ec394-6228-413d-ab4e-c64bf9c0cfc6	6	381149	5488101	4206	-0.0302
077ec394-6228-413d-ab4e-c64bf9c0cfc6	6	5488480	5488747	2	1.2346
077ec394-6228-413d-ab4e-c64bf9c0cfc6	6	5488968	6025978	438	-0.0176
077ec394-6228-413d-ab4e-c64bf9c0cfc6	6	6033698	6034203	3	-1.11
077ec394-6228-413d-ab4e-c64bf9c0cfc6	6	6036812	19039888	9915	-0.0257
077ec394-6228-413d-ab4e-c64bf9c0cfc6	6	19041950	19042587	3	-3.2989
077ec394-6228-413d-ab4e-c64bf9c0cfc6	6	19044471	24165010	3753	-0.0245
077ec394-6228-413d-ab4e-c64bf9c0cfc6	6	24165511	24166005	2	-1.3308
077ec394-6228-413d-ab4e-c64bf9c0cfc6	6	24166365	29869295	3122	-0.0216
077ec394-6228-413d-ab4e-c64bf9c0cfc6	6	29869410	29881490	16	-1.1679
077ec394-6228-413d-ab4e-c64bf9c0cfc6	6	29882419	32722250	1281	-0.0285
077ec394-6228-413d-ab4e-c64bf9c0cfc6	6	32723020	32723035	2	2.9021
077ec394-6228-413d-ab4e-c64bf9c0cfc6	6	32723053	50925015	11448	-0.0259
077ec394-6228-413d-ab4e-c64bf9c0cfc6	6	50925538	50925578	2	1.5944
077ec394-6228-413d-ab4e-c64bf9c0cfc6	6	50931560	54066286	2200	-0.016
077ec394-6228-413d-ab4e-c64bf9c0cfc6	6	54066353	54067057	7	-0.9439
077ec394-6228-413d-ab4e-c64bf9c0cfc6	6	54070550	73882142	10387	-0.0169
077ec394-6228-413d-ab4e-c64bf9c0cfc6	6	73882509	73891694	10	0.8188
077ec394-6228-413d-ab4e-c64bf9c0cfc6	6	73893839	78252909	2763	-0.0181
077ec394-6228-413d-ab4e-c64bf9c0cfc6	6	78253157	78325468	115	0.3731
077ec394-6228-413d-ab4e-c64bf9c0cfc6	6	78329517	94481005	10365	-0.0184
077ec394-6228-413d-ab4e-c64bf9c0cfc6	6	94483388	94484007	2	1.3628
077ec394-6228-413d-ab4e-c64bf9c0cfc6	6	94486928	113900791	11808	-0.0195
077ec394-6228-413d-ab4e-c64bf9c0cfc6	6	113903677	113903852	2	-1.9687
077ec394-6228-413d-ab4e-c64bf9c0cfc6	6	113904647	167931773	35634	-0.0204
077ec394-6228-413d-ab4e-c64bf9c0cfc6	6	167931821	168197969	181	0.5931
077ec394-6228-413d-ab4e-c64bf9c0cfc6	6	168198228	170741917	1677	-0.0109
077ec394-6228-413d-ab4e-c64bf9c0cfc6	7	43355	39037797	28017	0.2312
077ec394-6228-413d-ab4e-c64bf9c0cfc6	7	39037805	39039873	2	-2.2027
077ec394-6228-413d-ab4e-c64bf9c0cfc6	7	39040000	48541346	6203	0.2309
077ec394-6228-413d-ab4e-c64bf9c0cfc6	7	48542256	48552289	7	-0.8377
077ec394-6228-413d-ab4e-c64bf9c0cfc6	7	48552429	54119047	4099	0.2208
077ec394-6228-413d-ab4e-c64bf9c0cfc6	7	54119090	54119192	3	-0.7749
077ec394-6228-413d-ab4e-c64bf9c0cfc6	7	54119415	54318812	144	0.2344
077ec394-6228-413d-ab4e-c64bf9c0cfc6	7	54318816	54318821	4	3.0004
077ec394-6228-413d-ab4e-c64bf9c0cfc6	7	54318824	76514576	8274	0.2254
077ec394-6228-413d-ab4e-c64bf9c0cfc6	7	76524031	76531980	4	-1.142
077ec394-6228-413d-ab4e-c64bf9c0cfc6	7	76531991	105945883	17660	0.2307
077ec394-6228-413d-ab4e-c64bf9c0cfc6	7	105946044	105946995	7	-0.7917
077ec394-6228-413d-ab4e-c64bf9c0cfc6	7	105947907	109793741	2498	0.2047
077ec394-6228-413d-ab4e-c64bf9c0cfc6	7	109797035	109797717	16	-0.5727
077ec394-6228-413d-ab4e-c64bf9c0cfc6	7	109800860	109801187	9	-0.0419
077ec394-6228-413d-ab4e-c64bf9c0cfc6	7	109801572	109813853	10	-1.7992
077ec394-6228-413d-ab4e-c64bf9c0cfc6	7	109813925	116294957	3897	0.233
077ec394-6228-413d-ab4e-c64bf9c0cfc6	7	116295011	116301003	2	-2.2111
077ec394-6228-413d-ab4e-c64bf9c0cfc6	7	116301498	126405428	6123	0.215
077ec394-6228-413d-ab4e-c64bf9c0cfc6	7	126405502	126406827	17	-0.8705
077ec394-6228-413d-ab4e-c64bf9c0cfc6	7	126412712	134093899	4692	0.2322
077ec394-6228-413d-ab4e-c64bf9c0cfc6	7	134100424	134113790	32	-0.1565
077ec394-6228-413d-ab4e-c64bf9c0cfc6	7	134113805	159334314	16090	0.2384
077ec394-6228-413d-ab4e-c64bf9c0cfc6	8	81254	1418902	897	-0.0062
077ec394-6228-413d-ab4e-c64bf9c0cfc6	8	1419196	1419436	2	1.1841
077ec394-6228-413d-ab4e-c64bf9c0cfc6	8	1419522	3929538	2455	-0.0199
077ec394-6228-413d-ab4e-c64bf9c0cfc6	8	3929561	3932584	23	-0.7154
077ec394-6228-413d-ab4e-c64bf9c0cfc6	8	3933696	7312952	4352	-0.0003
077ec394-6228-413d-ab4e-c64bf9c0cfc6	8	7329110	7329124	2	2.4366
077ec394-6228-413d-ab4e-c64bf9c0cfc6	8	7336299	8085660	56	0.0352
077ec394-6228-413d-ab4e-c64bf9c0cfc6	8	8101440	8104937	3	1.0933
077ec394-6228-413d-ab4e-c64bf9c0cfc6	8	8110806	12788880	3376	-0.0009
077ec394-6228-413d-ab4e-c64bf9c0cfc6	8	12791219	12795017	4	-1.1673
077ec394-6228-413d-ab4e-c64bf9c0cfc6	8	12796024	14652059	1851	-0.0201
077ec394-6228-413d-ab4e-c64bf9c0cfc6	8	14652523	14652565	3	1.0074
077ec394-6228-413d-ab4e-c64bf9c0cfc6	8	14652887	23544795	7306	-0.0215
077ec394-6228-413d-ab4e-c64bf9c0cfc6	8	23550227	23550298	4	-0.8778
077ec394-6228-413d-ab4e-c64bf9c0cfc6	8	23550358	25114672	1138	-0.0181
077ec394-6228-413d-ab4e-c64bf9c0cfc6	8	25116928	25126708	25	0.7272
077ec394-6228-413d-ab4e-c64bf9c0cfc6	8	25126735	111282852	51074	-0.0228
077ec394-6228-413d-ab4e-c64bf9c0cfc6	8	111282973	111283031	3	-2.0284
077ec394-6228-413d-ab4e-c64bf9c0cfc6	8	111288052	140703675	20962	-0.0225
077ec394-6228-413d-ab4e-c64bf9c0cfc6	8	140706733	142800489	1132	0.0617
077ec394-6228-413d-ab4e-c64bf9c0cfc6	8	142805185	145072769	820	0.009
077ec394-6228-413d-ab4e-c64bf9c0cfc6	9	46587	38796110	31113	-0.0152
077ec394-6228-413d-ab4e-c64bf9c0cfc6	9	38805383	39833357	72	0.4629
077ec394-6228-413d-ab4e-c64bf9c0cfc6	9	39840169	42037471	103	-0.0935
077ec394-6228-413d-ab4e-c64bf9c0cfc6	9	42042339	42574420	36	0.6788
077ec394-6228-413d-ab4e-c64bf9c0cfc6	9	42585140	60894341	47	-0.2331
077ec394-6228-413d-ab4e-c64bf9c0cfc6	9	60898630	61680289	41	0.463
077ec394-6228-413d-ab4e-c64bf9c0cfc6	9	61692082	64493528	92	-0.0509
077ec394-6228-413d-ab4e-c64bf9c0cfc6	9	64495298	64813222	20	0.3653
077ec394-6228-413d-ab4e-c64bf9c0cfc6	9	64839518	110067939	29789	-0.018
077ec394-6228-413d-ab4e-c64bf9c0cfc6	9	110068289	110068334	2	-1.3763
077ec394-6228-413d-ab4e-c64bf9c0cfc6	9	110069252	135318961	17068	-0.0213
077ec394-6228-413d-ab4e-c64bf9c0cfc6	9	135319329	135324566	5	0.7836
077ec394-6228-413d-ab4e-c64bf9c0cfc6	9	135325951	138200944	1107	-0.0114
077ec394-6228-413d-ab4e-c64bf9c0cfc6	10	45792	14598580	12420	-0.0225
077ec394-6228-413d-ab4e-c64bf9c0cfc6	10	14598714	14598747	2	1.6389
077ec394-6228-413d-ab4e-c64bf9c0cfc6	10	14599360	16777857	1653	-0.0129
077ec394-6228-413d-ab4e-c64bf9c0cfc6	10	16778773	16780827	4	-0.9027
077ec394-6228-413d-ab4e-c64bf9c0cfc6	10	16781029	26934974	7110	-0.024
077ec394-6228-413d-ab4e-c64bf9c0cfc6	10	26936975	26939544	13	0.5377
077ec394-6228-413d-ab4e-c64bf9c0cfc6	10	26941064	30957581	3019	-0.028
077ec394-6228-413d-ab4e-c64bf9c0cfc6	10	30962405	30962785	8	-0.6283
077ec394-6228-413d-ab4e-c64bf9c0cfc6	10	30962797	45798061	7204	-0.0244
077ec394-6228-413d-ab4e-c64bf9c0cfc6	10	45798171	45817039	2	-1.5058
077ec394-6228-413d-ab4e-c64bf9c0cfc6	10	45936113	46606240	276	-0.0192
077ec394-6228-413d-ab4e-c64bf9c0cfc6	10	46617422	47076655	32	0.3329
077ec394-6228-413d-ab4e-c64bf9c0cfc6	10	47078630	50070600	1663	-0.0296
077ec394-6228-413d-ab4e-c64bf9c0cfc6	10	50081224	50132160	4	-1.2975
077ec394-6228-413d-ab4e-c64bf9c0cfc6	10	50144008	65546321	10999	-0.0197
077ec394-6228-413d-ab4e-c64bf9c0cfc6	10	65546400	65563168	32	0.3347
077ec394-6228-413d-ab4e-c64bf9c0cfc6	10	65565695	69016213	2200	-0.0201
077ec394-6228-413d-ab4e-c64bf9c0cfc6	10	69017957	69021735	4	-1.0806
077ec394-6228-413d-ab4e-c64bf9c0cfc6	10	69023319	90577772	14611	-0.0241
077ec394-6228-413d-ab4e-c64bf9c0cfc6	10	90578354	90581233	2	-1.65
077ec394-6228-413d-ab4e-c64bf9c0cfc6	10	90582079	133654968	29393	-0.0241
077ec394-6228-413d-ab4e-c64bf9c0cfc6	11	198510	18918546	12665	-0.0191
077ec394-6228-413d-ab4e-c64bf9c0cfc6	11	18918775	18940050	42	0.2999
077ec394-6228-413d-ab4e-c64bf9c0cfc6	11	18940066	21762423	2545	-0.0245
077ec394-6228-413d-ab4e-c64bf9c0cfc6	11	21764067	21764322	4	-1.9325
077ec394-6228-413d-ab4e-c64bf9c0cfc6	11	21774303	48588319	18036	-0.0237
077ec394-6228-413d-ab4e-c64bf9c0cfc6	11	48590099	48702884	46	0.2004
077ec394-6228-413d-ab4e-c64bf9c0cfc6	11	48712073	54903078	882	0.0152
077ec394-6228-413d-ab4e-c64bf9c0cfc6	11	54903171	55241999	46	0.1977
077ec394-6228-413d-ab4e-c64bf9c0cfc6	11	55243668	55262739	2	-1.2943
077ec394-6228-413d-ab4e-c64bf9c0cfc6	11	55262903	55593934	195	0.0302
077ec394-6228-413d-ab4e-c64bf9c0cfc6	11	55593955	55679856	57	0.415
077ec394-6228-413d-ab4e-c64bf9c0cfc6	11	55679989	64884458	5139	-0.0284
077ec394-6228-413d-ab4e-c64bf9c0cfc6	11	64886292	65943236	416	0.095
077ec394-6228-413d-ab4e-c64bf9c0cfc6	11	65943281	81787763	9020	-0.0283
077ec394-6228-413d-ab4e-c64bf9c0cfc6	11	81792426	81806116	11	-0.7303
077ec394-6228-413d-ab4e-c64bf9c0cfc6	11	81811590	89903029	5287	-0.0246
077ec394-6228-413d-ab4e-c64bf9c0cfc6	11	89923071	89966336	3	-1.2085
077ec394-6228-413d-ab4e-c64bf9c0cfc6	11	90043678	92097323	1428	-0.0305
077ec394-6228-413d-ab4e-c64bf9c0cfc6	11	92097492	92097877	2	2.1008
077ec394-6228-413d-ab4e-c64bf9c0cfc6	11	92099538	101723653	7254	-0.0189
077ec394-6228-413d-ab4e-c64bf9c0cfc6	11	101727129	101727233	4	0.9449
077ec394-6228-413d-ab4e-c64bf9c0cfc6	11	101727481	134731897	23436	-0.0245
077ec394-6228-413d-ab4e-c64bf9c0cfc6	11	134732386	134734098	3	-1.3473
077ec394-6228-413d-ab4e-c64bf9c0cfc6	11	134737977	135074876	281	0.0162
077ec394-6228-413d-ab4e-c64bf9c0cfc6	12	51460	9477960	6172	0.2311
077ec394-6228-413d-ab4e-c64bf9c0cfc6	12	9481274	9575696	24	-1.3283
077ec394-6228-413d-ab4e-c64bf9c0cfc6	12	9582373	11068125	1038	0.2084
077ec394-6228-413d-ab4e-c64bf9c0cfc6	12	11070111	11088933	9	-1.2485
077ec394-6228-413d-ab4e-c64bf9c0cfc6	12	11099275	11351157	131	0.2486
077ec394-6228-413d-ab4e-c64bf9c0cfc6	12	11358643	11390452	30	1.0113
077ec394-6228-413d-ab4e-c64bf9c0cfc6	12	11390472	22086364	7262	0.2098
077ec394-6228-413d-ab4e-c64bf9c0cfc6	12	22090581	22090627	2	-1.4062
077ec394-6228-413d-ab4e-c64bf9c0cfc6	12	22090727	30081111	5828	0.2246
077ec394-6228-413d-ab4e-c64bf9c0cfc6	12	30082346	30082648	3	-0.87
077ec394-6228-413d-ab4e-c64bf9c0cfc6	12	30086334	33148472	2277	0.2321
077ec394-6228-413d-ab4e-c64bf9c0cfc6	12	33148492	33154440	26	-0.1767
077ec394-6228-413d-ab4e-c64bf9c0cfc6	12	33155426	37593924	829	0.2767
077ec394-6228-413d-ab4e-c64bf9c0cfc6	12	37618765	37620216	2	1.5172
077ec394-6228-413d-ab4e-c64bf9c0cfc6	12	37640556	45510655	4756	0.2317
077ec394-6228-413d-ab4e-c64bf9c0cfc6	12	45512057	45515754	3	1.4812
077ec394-6228-413d-ab4e-c64bf9c0cfc6	12	45519509	90089573	27237	0.2236
077ec394-6228-413d-ab4e-c64bf9c0cfc6	12	90097892	90098297	7	-0.9566
077ec394-6228-413d-ab4e-c64bf9c0cfc6	12	90099780	98400183	5852	0.2246
077ec394-6228-413d-ab4e-c64bf9c0cfc6	12	98400290	98400383	2	-0.9967
077ec394-6228-413d-ab4e-c64bf9c0cfc6	12	98402179	119551519	14283	0.2252
077ec394-6228-413d-ab4e-c64bf9c0cfc6	12	119551534	119552815	5	-0.6591
077ec394-6228-413d-ab4e-c64bf9c0cfc6	12	119552845	129677982	6863	0.2272
077ec394-6228-413d-ab4e-c64bf9c0cfc6	12	129679997	130526378	723	0.3069
077ec394-6228-413d-ab4e-c64bf9c0cfc6	12	130527707	133201603	1463	0.2462
077ec394-6228-413d-ab4e-c64bf9c0cfc6	13	18452809	18833025	88	0.0006
077ec394-6228-413d-ab4e-c64bf9c0cfc6	13	18833965	18835707	4	-1.8008
077ec394-6228-413d-ab4e-c64bf9c0cfc6	13	18842946	31958485	9474	-0.0203
077ec394-6228-413d-ab4e-c64bf9c0cfc6	13	31958590	31964286	17	-0.7251
077ec394-6228-413d-ab4e-c64bf9c0cfc6	13	31965910	37496998	3898	-0.0236
077ec394-6228-413d-ab4e-c64bf9c0cfc6	13	37497899	37510620	16	-0.6371
077ec394-6228-413d-ab4e-c64bf9c0cfc6	13	37514193	52523849	9900	-0.0214
077ec394-6228-413d-ab4e-c64bf9c0cfc6	13	52527964	52531650	2	-1.6484
077ec394-6228-413d-ab4e-c64bf9c0cfc6	13	52543744	58473398	3329	-0.0215
077ec394-6228-413d-ab4e-c64bf9c0cfc6	13	58473710	58478386	4	-1.6172
077ec394-6228-413d-ab4e-c64bf9c0cfc6	13	58479007	113931211	37234	-0.0199
077ec394-6228-413d-ab4e-c64bf9c0cfc6	13	113932597	114055917	24	0.3838
077ec394-6228-413d-ab4e-c64bf9c0cfc6	13	114057078	114150985	37	0.0755
077ec394-6228-413d-ab4e-c64bf9c0cfc6	13	114152609	114241614	53	-0.1306
077ec394-6228-413d-ab4e-c64bf9c0cfc6	13	114244855	114342922	43	0.079
077ec394-6228-413d-ab4e-c64bf9c0cfc6	14	18239283	19744176	73	-0.2405
077ec394-6228-413d-ab4e-c64bf9c0cfc6	14	19746341	19954424	90	-0.6603
077ec394-6228-413d-ab4e-c64bf9c0cfc6	14	19955213	41139155	13597	-0.3283
077ec394-6228-413d-ab4e-c64bf9c0cfc6	14	41141293	41188146	15	-1.1113
077ec394-6228-413d-ab4e-c64bf9c0cfc6	14	41200899	43172258	1265	-0.3196
077ec394-6228-413d-ab4e-c64bf9c0cfc6	14	43175123	44095462	493	-0.2433
077ec394-6228-413d-ab4e-c64bf9c0cfc6	14	44095478	105653302	39362	-0.333
077ec394-6228-413d-ab4e-c64bf9c0cfc6	14	105656902	106462724	303	-0.1164
077ec394-6228-413d-ab4e-c64bf9c0cfc6	14	106475361	106877229	194	-0.286
077ec394-6228-413d-ab4e-c64bf9c0cfc6	15	19811075	20026653	47	0.0132
077ec394-6228-413d-ab4e-c64bf9c0cfc6	15	20041119	22265258	147	0.5279
077ec394-6228-413d-ab4e-c64bf9c0cfc6	15	22266759	23073058	282	0.1054
077ec394-6228-413d-ab4e-c64bf9c0cfc6	15	23073160	24435590	728	0.0019
077ec394-6228-413d-ab4e-c64bf9c0cfc6	15	24435889	24525366	49	0.2265
077ec394-6228-413d-ab4e-c64bf9c0cfc6	15	24526715	26981522	1765	-0.0212
077ec394-6228-413d-ab4e-c64bf9c0cfc6	15	26982553	26983223	3	-1.9721
077ec394-6228-413d-ab4e-c64bf9c0cfc6	15	26983485	30215235	1816	0.006
077ec394-6228-413d-ab4e-c64bf9c0cfc6	15	30230885	30297594	12	-0.8536
077ec394-6228-413d-ab4e-c64bf9c0cfc6	15	30300815	52954420	13820	-0.0214
077ec394-6228-413d-ab4e-c64bf9c0cfc6	15	52954674	52954923	3	-1.4026
077ec394-6228-413d-ab4e-c64bf9c0cfc6	15	52958236	53902792	744	-0.0251
077ec394-6228-413d-ab4e-c64bf9c0cfc6	15	53908153	53910302	3	-3.0154
077ec394-6228-413d-ab4e-c64bf9c0cfc6	15	53912031	76586021	14486	-0.0212
077ec394-6228-413d-ab4e-c64bf9c0cfc6	15	76598900	76603434	22	-1.5813
077ec394-6228-413d-ab4e-c64bf9c0cfc6	15	76609838	83871965	4414	-0.0202
077ec394-6228-413d-ab4e-c64bf9c0cfc6	15	83871986	83874798	6	-0.9521
077ec394-6228-413d-ab4e-c64bf9c0cfc6	15	83878525	101928837	13193	-0.0205
077ec394-6228-413d-ab4e-c64bf9c0cfc6	16	10777	27064073	17986	-0.0072
077ec394-6228-413d-ab4e-c64bf9c0cfc6	16	27064367	27064609	6	-1.1582
077ec394-6228-413d-ab4e-c64bf9c0cfc6	16	27065588	70090445	17714	-0.0228
077ec394-6228-413d-ab4e-c64bf9c0cfc6	16	70090447	70179141	22	-0.5212
077ec394-6228-413d-ab4e-c64bf9c0cfc6	16	70200633	74330951	2292	-0.0306
077ec394-6228-413d-ab4e-c64bf9c0cfc6	16	74334793	74432937	18	-0.4138
077ec394-6228-413d-ab4e-c64bf9c0cfc6	16	74433007	83162346	8526	-0.0263
077ec394-6228-413d-ab4e-c64bf9c0cfc6	16	83162620	83175693	18	-0.9981
077ec394-6228-413d-ab4e-c64bf9c0cfc6	16	83177351	83760390	787	-0.0155
077ec394-6228-413d-ab4e-c64bf9c0cfc6	16	83760392	83760401	2	-1.402
077ec394-6228-413d-ab4e-c64bf9c0cfc6	16	83760419	88394523	3775	-0.0183
077ec394-6228-413d-ab4e-c64bf9c0cfc6	16	88394524	90096867	722	0.0627
077ec394-6228-413d-ab4e-c64bf9c0cfc6	17	150733	1221485	548	0.0489
077ec394-6228-413d-ab4e-c64bf9c0cfc6	17	1225988	18413879	10836	-0.022
077ec394-6228-413d-ab4e-c64bf9c0cfc6	17	18414080	18561907	28	0.6019
077ec394-6228-413d-ab4e-c64bf9c0cfc6	17	18565883	26943774	1479	0.0027
077ec394-6228-413d-ab4e-c64bf9c0cfc6	17	26947350	27128903	80	-0.6406
077ec394-6228-413d-ab4e-c64bf9c0cfc6	17	27135382	41265456	7833	0.0847
077ec394-6228-413d-ab4e-c64bf9c0cfc6	17	41266762	41274279	24	1.3948
077ec394-6228-413d-ab4e-c64bf9c0cfc6	17	41276472	46124088	2529	0.1026
077ec394-6228-413d-ab4e-c64bf9c0cfc6	17	46127007	46569894	100	-0.1971
077ec394-6228-413d-ab4e-c64bf9c0cfc6	17	46571001	53189571	3768	0.0858
077ec394-6228-413d-ab4e-c64bf9c0cfc6	17	53189635	53194252	5	0.8764
077ec394-6228-413d-ab4e-c64bf9c0cfc6	17	53194451	53640545	296	0.1041
077ec394-6228-413d-ab4e-c64bf9c0cfc6	17	53649631	53649820	2	-2.3718
077ec394-6228-413d-ab4e-c64bf9c0cfc6	17	53651183	73763821	12695	0.0885
077ec394-6228-413d-ab4e-c64bf9c0cfc6	17	73767404	80655063	3850	0.1218
077ec394-6228-413d-ab4e-c64bf9c0cfc6	17	80655993	80660379	2	1.4354
077ec394-6228-413d-ab4e-c64bf9c0cfc6	17	80660500	81538598	361	0.1372
077ec394-6228-413d-ab4e-c64bf9c0cfc6	17	81543199	82985610	538	0.0724
077ec394-6228-413d-ab4e-c64bf9c0cfc6	17	82985734	83091923	51	0.309
077ec394-6228-413d-ab4e-c64bf9c0cfc6	18	48133	42471713	24012	-0.0192
077ec394-6228-413d-ab4e-c64bf9c0cfc6	18	42476604	42477436	21	-0.5883
077ec394-6228-413d-ab4e-c64bf9c0cfc6	18	42477469	50124210	5121	-0.0176
077ec394-6228-413d-ab4e-c64bf9c0cfc6	18	50124430	50158844	26	0.5147
077ec394-6228-413d-ab4e-c64bf9c0cfc6	18	50159145	66239629	11269	-0.015
077ec394-6228-413d-ab4e-c64bf9c0cfc6	18	66240197	66244352	10	-0.7531
077ec394-6228-413d-ab4e-c64bf9c0cfc6	18	66244639	80257174	10268	-0.0087
077ec394-6228-413d-ab4e-c64bf9c0cfc6	19	90910	5506648	1592	-0.0263
077ec394-6228-413d-ab4e-c64bf9c0cfc6	19	5510228	5510569	2	-2.4304
077ec394-6228-413d-ab4e-c64bf9c0cfc6	19	5510642	58586487	27513	-0.0232
077ec394-6228-413d-ab4e-c64bf9c0cfc6	20	80664	1580353	1204	0.2559
077ec394-6228-413d-ab4e-c64bf9c0cfc6	20	1580934	1613247	41	1.5938
077ec394-6228-413d-ab4e-c64bf9c0cfc6	20	1617300	24282014	17661	0.2259
077ec394-6228-413d-ab4e-c64bf9c0cfc6	20	24285015	24298766	8	-0.4403
077ec394-6228-413d-ab4e-c64bf9c0cfc6	20	24301474	64324800	23468	0.2303
077ec394-6228-413d-ab4e-c64bf9c0cfc6	21	10354168	45251731	23061	-0.0237
077ec394-6228-413d-ab4e-c64bf9c0cfc6	21	45251751	45528401	121	0.1853
077ec394-6228-413d-ab4e-c64bf9c0cfc6	21	45528609	46677045	682	0.0048
077ec394-6228-413d-ab4e-c64bf9c0cfc6	22	15294547	19600073	1575	-0.0052
077ec394-6228-413d-ab4e-c64bf9c0cfc6	22	19602087	23420295	2492	0.0431
077ec394-6228-413d-ab4e-c64bf9c0cfc6	22	23420459	23987520	328	-0.0091
077ec394-6228-413d-ab4e-c64bf9c0cfc6	22	23988078	23995113	5	0.7943
077ec394-6228-413d-ab4e-c64bf9c0cfc6	22	23995755	25268834	817	-0.0244
077ec394-6228-413d-ab4e-c64bf9c0cfc6	22	25268865	25339932	43	-0.6529
077ec394-6228-413d-ab4e-c64bf9c0cfc6	22	25339978	25340711	9	0.0339
077ec394-6228-413d-ab4e-c64bf9c0cfc6	22	25349934	25522742	230	-0.8616
077ec394-6228-413d-ab4e-c64bf9c0cfc6	22	25526375	38894915	9700	-0.0203
077ec394-6228-413d-ab4e-c64bf9c0cfc6	22	38899250	38900899	3	-3.1983
077ec394-6228-413d-ab4e-c64bf9c0cfc6	22	38903109	50796027	8076	-0.0194
077ec394-6228-413d-ab4e-c64bf9c0cfc6	X	251810	112312363	58052	0.0066
077ec394-6228-413d-ab4e-c64bf9c0cfc6	X	112312779	112314974	3	-2.6505
077ec394-6228-413d-ab4e-c64bf9c0cfc6	X	112316000	155952689	25474	0.0086
077ec394-6228-413d-ab4e-c64bf9c0cfc6	Y	2782397	56872112	6636	-1.4056
