GDC_Aliquot	Chromosome	Start	End	Num_Probes	Segment_Mean
6bd6b86c-ef9c-43f1-8647-0aae7d281e34	1	62920	668210	21	0.279
6bd6b86c-ef9c-43f1-8647-0aae7d281e34	1	771719	1937525	294	-0.732
6bd6b86c-ef9c-43f1-8647-0aae7d281e34	1	1938876	3362760	455	-0.9882
6bd6b86c-ef9c-43f1-8647-0aae7d281e34	1	3364250	4674016	922	-0.7098
6bd6b86c-ef9c-43f1-8647-0aae7d281e34	1	4674454	4674996	2	-4.1035
6bd6b86c-ef9c-43f1-8647-0aae7d281e34	1	4676396	25256850	12245	-0.6828
6bd6b86c-ef9c-43f1-8647-0aae7d281e34	1	25266637	25320455	24	-2.4232
6bd6b86c-ef9c-43f1-8647-0aae7d281e34	1	25336819	29421137	1715	-0.6167
6bd6b86c-ef9c-43f1-8647-0aae7d281e34	1	29425071	31020524	1211	-0.735
6bd6b86c-ef9c-43f1-8647-0aae7d281e34	1	31020632	31507747	240	-0.6289
6bd6b86c-ef9c-43f1-8647-0aae7d281e34	1	31508188	31719102	125	0.0565
6bd6b86c-ef9c-43f1-8647-0aae7d281e34	1	31719522	32797320	419	-0.5922
6bd6b86c-ef9c-43f1-8647-0aae7d281e34	1	32798477	34670604	1270	0.1069
6bd6b86c-ef9c-43f1-8647-0aae7d281e34	1	34672380	35740133	487	-0.6318
6bd6b86c-ef9c-43f1-8647-0aae7d281e34	1	35751234	36217080	186	0.1169
6bd6b86c-ef9c-43f1-8647-0aae7d281e34	1	36230566	36724606	291	-0.6864
6bd6b86c-ef9c-43f1-8647-0aae7d281e34	1	36726981	36892609	122	0.1186
6bd6b86c-ef9c-43f1-8647-0aae7d281e34	1	36898336	37288250	281	-0.6667
6bd6b86c-ef9c-43f1-8647-0aae7d281e34	1	37288648	37793072	287	0.0926
6bd6b86c-ef9c-43f1-8647-0aae7d281e34	1	37798353	39077065	758	-0.6744
6bd6b86c-ef9c-43f1-8647-0aae7d281e34	1	39078476	39630381	252	0.097
6bd6b86c-ef9c-43f1-8647-0aae7d281e34	1	39631846	40066185	238	-0.6586
6bd6b86c-ef9c-43f1-8647-0aae7d281e34	1	40068581	54731066	8176	0.0827
6bd6b86c-ef9c-43f1-8647-0aae7d281e34	1	54731476	61648334	5349	0.0548
6bd6b86c-ef9c-43f1-8647-0aae7d281e34	1	61649279	61652515	2	-4.2659
6bd6b86c-ef9c-43f1-8647-0aae7d281e34	1	61654137	72284670	7288	0.0485
6bd6b86c-ef9c-43f1-8647-0aae7d281e34	1	72290430	72297687	9	-0.7663
6bd6b86c-ef9c-43f1-8647-0aae7d281e34	1	72302735	109684893	23646	0.0436
6bd6b86c-ef9c-43f1-8647-0aae7d281e34	1	109690352	109697556	13	-1.8625
6bd6b86c-ef9c-43f1-8647-0aae7d281e34	1	109702376	152789532	9784	0.0586
6bd6b86c-ef9c-43f1-8647-0aae7d281e34	1	152789570	152796224	33	0.532
6bd6b86c-ef9c-43f1-8647-0aae7d281e34	1	152801429	153840801	673	0.0715
6bd6b86c-ef9c-43f1-8647-0aae7d281e34	1	153842451	157148629	1581	0.1069
6bd6b86c-ef9c-43f1-8647-0aae7d281e34	1	157154096	169247699	9028	0.0558
6bd6b86c-ef9c-43f1-8647-0aae7d281e34	1	169264736	169286164	10	0.5285
6bd6b86c-ef9c-43f1-8647-0aae7d281e34	1	169287263	174827267	3517	0.0396
6bd6b86c-ef9c-43f1-8647-0aae7d281e34	1	174827418	174832716	17	-0.8816
6bd6b86c-ef9c-43f1-8647-0aae7d281e34	1	174832734	196745743	14639	0.0391
6bd6b86c-ef9c-43f1-8647-0aae7d281e34	1	196758720	196802150	43	0.4455
6bd6b86c-ef9c-43f1-8647-0aae7d281e34	1	196820098	196832720	15	-0.1405
6bd6b86c-ef9c-43f1-8647-0aae7d281e34	1	196843377	196926717	64	-0.8263
6bd6b86c-ef9c-43f1-8647-0aae7d281e34	1	196932623	199138574	1312	0.0466
6bd6b86c-ef9c-43f1-8647-0aae7d281e34	1	199142235	199143883	8	0.9372
6bd6b86c-ef9c-43f1-8647-0aae7d281e34	1	199144712	200086606	620	0.0375
6bd6b86c-ef9c-43f1-8647-0aae7d281e34	1	200087110	207052927	4556	0.084
6bd6b86c-ef9c-43f1-8647-0aae7d281e34	1	207058192	210432377	2582	0.0514
6bd6b86c-ef9c-43f1-8647-0aae7d281e34	1	210432558	210432626	2	-1.3752
6bd6b86c-ef9c-43f1-8647-0aae7d281e34	1	210432805	248412822	26460	0.0568
6bd6b86c-ef9c-43f1-8647-0aae7d281e34	1	248414390	248520099	26	0.4225
6bd6b86c-ef9c-43f1-8647-0aae7d281e34	1	248520100	248589915	18	0.0104
6bd6b86c-ef9c-43f1-8647-0aae7d281e34	1	248590063	248661836	32	-0.4285
6bd6b86c-ef9c-43f1-8647-0aae7d281e34	1	248661962	248930189	137	0.0343
6bd6b86c-ef9c-43f1-8647-0aae7d281e34	2	12784	1442351	968	0.0493
6bd6b86c-ef9c-43f1-8647-0aae7d281e34	2	1443337	1835315	216	-0.0585
6bd6b86c-ef9c-43f1-8647-0aae7d281e34	2	1836847	3179490	1032	0.0711
6bd6b86c-ef9c-43f1-8647-0aae7d281e34	2	3180023	3267188	97	-0.0963
6bd6b86c-ef9c-43f1-8647-0aae7d281e34	2	3269058	7989207	3988	0.0633
6bd6b86c-ef9c-43f1-8647-0aae7d281e34	2	7990754	7996487	8	-1.1191
6bd6b86c-ef9c-43f1-8647-0aae7d281e34	2	7999793	34466002	17776	0.0693
6bd6b86c-ef9c-43f1-8647-0aae7d281e34	2	34474248	34511990	46	-2.6507
6bd6b86c-ef9c-43f1-8647-0aae7d281e34	2	34512096	35750907	872	0.0761
6bd6b86c-ef9c-43f1-8647-0aae7d281e34	2	35752724	35762850	6	-2.134
6bd6b86c-ef9c-43f1-8647-0aae7d281e34	2	35762881	52527330	12129	0.0688
6bd6b86c-ef9c-43f1-8647-0aae7d281e34	2	52527342	52527743	6	-1.6373
6bd6b86c-ef9c-43f1-8647-0aae7d281e34	2	52531615	52554366	31	-0.6453
6bd6b86c-ef9c-43f1-8647-0aae7d281e34	2	52554384	87286164	22045	0.0592
6bd6b86c-ef9c-43f1-8647-0aae7d281e34	2	87287256	87295819	3	-1.4168
6bd6b86c-ef9c-43f1-8647-0aae7d281e34	2	87299357	97192190	1769	0.0508
6bd6b86c-ef9c-43f1-8647-0aae7d281e34	2	97199600	97211436	14	-0.5167
6bd6b86c-ef9c-43f1-8647-0aae7d281e34	2	97310327	127072553	17947	0.0646
6bd6b86c-ef9c-43f1-8647-0aae7d281e34	2	127072723	127129906	32	-0.2406
6bd6b86c-ef9c-43f1-8647-0aae7d281e34	2	127129984	128880504	1012	0.0696
6bd6b86c-ef9c-43f1-8647-0aae7d281e34	2	128880904	128882741	15	-0.9517
6bd6b86c-ef9c-43f1-8647-0aae7d281e34	2	128882755	146104517	10418	0.0508
6bd6b86c-ef9c-43f1-8647-0aae7d281e34	2	146106836	146109366	24	-2.4509
6bd6b86c-ef9c-43f1-8647-0aae7d281e34	2	146120238	190793047	27154	0.0503
6bd6b86c-ef9c-43f1-8647-0aae7d281e34	2	190794421	190807402	7	-1.1954
6bd6b86c-ef9c-43f1-8647-0aae7d281e34	2	190808039	191891945	711	0.0517
6bd6b86c-ef9c-43f1-8647-0aae7d281e34	2	191895861	193642069	918	-0.6658
6bd6b86c-ef9c-43f1-8647-0aae7d281e34	2	193646151	197317526	2105	0.0574
6bd6b86c-ef9c-43f1-8647-0aae7d281e34	2	197321389	203032174	3175	-0.6829
6bd6b86c-ef9c-43f1-8647-0aae7d281e34	2	203035077	203037323	3	-2.9485
6bd6b86c-ef9c-43f1-8647-0aae7d281e34	2	203039417	241578355	24748	-0.7013
6bd6b86c-ef9c-43f1-8647-0aae7d281e34	2	241585172	241704894	14	-1.788
6bd6b86c-ef9c-43f1-8647-0aae7d281e34	2	241706935	242147305	148	-0.6613
6bd6b86c-ef9c-43f1-8647-0aae7d281e34	3	20930	2802013	2435	-0.6724
6bd6b86c-ef9c-43f1-8647-0aae7d281e34	3	2802382	2802720	2	-2.9861
6bd6b86c-ef9c-43f1-8647-0aae7d281e34	3	2809769	21299320	13432	-0.7086
6bd6b86c-ef9c-43f1-8647-0aae7d281e34	3	21299371	21301496	2	-3.3775
6bd6b86c-ef9c-43f1-8647-0aae7d281e34	3	21301599	46750055	17178	-0.7068
6bd6b86c-ef9c-43f1-8647-0aae7d281e34	3	46751887	53043356	2604	-0.6236
6bd6b86c-ef9c-43f1-8647-0aae7d281e34	3	53050310	63149161	7710	-0.7129
6bd6b86c-ef9c-43f1-8647-0aae7d281e34	3	63149402	63156515	3	-2.4509
6bd6b86c-ef9c-43f1-8647-0aae7d281e34	3	63157334	65207258	1789	-0.727
6bd6b86c-ef9c-43f1-8647-0aae7d281e34	3	65207292	65221269	35	-0.3293
6bd6b86c-ef9c-43f1-8647-0aae7d281e34	3	65221656	68697013	2426	-0.7347
6bd6b86c-ef9c-43f1-8647-0aae7d281e34	3	68697108	68698262	14	-2.0966
6bd6b86c-ef9c-43f1-8647-0aae7d281e34	3	68699607	84053071	9588	-0.7184
6bd6b86c-ef9c-43f1-8647-0aae7d281e34	3	84056282	84057015	2	-4.0128
6bd6b86c-ef9c-43f1-8647-0aae7d281e34	3	84061816	84153666	32	-0.7651
6bd6b86c-ef9c-43f1-8647-0aae7d281e34	3	84154343	84159213	2	-2.1482
6bd6b86c-ef9c-43f1-8647-0aae7d281e34	3	84159395	84649683	263	-0.6978
6bd6b86c-ef9c-43f1-8647-0aae7d281e34	3	84649706	84653449	22	-0.2265
6bd6b86c-ef9c-43f1-8647-0aae7d281e34	3	84657133	89308050	2660	-0.6995
6bd6b86c-ef9c-43f1-8647-0aae7d281e34	3	89309623	89590587	187	0.0704
6bd6b86c-ef9c-43f1-8647-0aae7d281e34	3	89593678	90368798	269	-0.6964
6bd6b86c-ef9c-43f1-8647-0aae7d281e34	3	90369509	90375879	2	0.5952
6bd6b86c-ef9c-43f1-8647-0aae7d281e34	3	90376841	95040660	573	-0.6945
6bd6b86c-ef9c-43f1-8647-0aae7d281e34	3	95042598	122916295	16717	0.0439
6bd6b86c-ef9c-43f1-8647-0aae7d281e34	3	122917301	129988508	4280	0.0697
6bd6b86c-ef9c-43f1-8647-0aae7d281e34	3	129989351	130062033	27	-0.0398
6bd6b86c-ef9c-43f1-8647-0aae7d281e34	3	130067097	130087393	33	-0.3534
6bd6b86c-ef9c-43f1-8647-0aae7d281e34	3	130088081	146655061	10384	0.0509
6bd6b86c-ef9c-43f1-8647-0aae7d281e34	3	146655436	147750271	587	0.1174
6bd6b86c-ef9c-43f1-8647-0aae7d281e34	3	147750922	162405578	9025	0.0439
6bd6b86c-ef9c-43f1-8647-0aae7d281e34	3	162419812	162424917	14	-0.682
6bd6b86c-ef9c-43f1-8647-0aae7d281e34	3	162426460	162794951	260	0.0535
6bd6b86c-ef9c-43f1-8647-0aae7d281e34	3	162795304	162908815	70	0.579
6bd6b86c-ef9c-43f1-8647-0aae7d281e34	3	162910826	162996729	70	0.099
6bd6b86c-ef9c-43f1-8647-0aae7d281e34	3	162999939	163001774	2	1.4919
6bd6b86c-ef9c-43f1-8647-0aae7d281e34	3	163008371	163477016	263	0.0616
6bd6b86c-ef9c-43f1-8647-0aae7d281e34	3	163479293	165803935	1324	0.5262
6bd6b86c-ef9c-43f1-8647-0aae7d281e34	3	165804816	166166068	202	0.6733
6bd6b86c-ef9c-43f1-8647-0aae7d281e34	3	166167264	167951071	955	0.523
6bd6b86c-ef9c-43f1-8647-0aae7d281e34	3	167959679	168203708	140	0.0652
6bd6b86c-ef9c-43f1-8647-0aae7d281e34	3	168203776	168209586	2	1.1175
6bd6b86c-ef9c-43f1-8647-0aae7d281e34	3	168210319	168533099	193	0.0478
6bd6b86c-ef9c-43f1-8647-0aae7d281e34	3	168535881	169012392	290	0.5129
6bd6b86c-ef9c-43f1-8647-0aae7d281e34	3	169015614	169020840	2	-2.4815
6bd6b86c-ef9c-43f1-8647-0aae7d281e34	3	169022039	198107699	18410	0.5245
6bd6b86c-ef9c-43f1-8647-0aae7d281e34	3	198107849	198111566	10	0.224
6bd6b86c-ef9c-43f1-8647-0aae7d281e34	3	198118345	198124354	10	-0.4721
6bd6b86c-ef9c-43f1-8647-0aae7d281e34	3	198124600	198169247	7	0.4577
6bd6b86c-ef9c-43f1-8647-0aae7d281e34	4	68929	810035	276	0.0602
6bd6b86c-ef9c-43f1-8647-0aae7d281e34	4	810466	1051323	73	-0.1529
6bd6b86c-ef9c-43f1-8647-0aae7d281e34	4	1051383	1308343	141	0.1248
6bd6b86c-ef9c-43f1-8647-0aae7d281e34	4	1312251	1396612	35	-0.168
6bd6b86c-ef9c-43f1-8647-0aae7d281e34	4	1411887	3471912	877	0.114
6bd6b86c-ef9c-43f1-8647-0aae7d281e34	4	3481310	3502209	3	-0.7394
6bd6b86c-ef9c-43f1-8647-0aae7d281e34	4	3503396	4013870	189	0.1115
6bd6b86c-ef9c-43f1-8647-0aae7d281e34	4	4023544	4175446	50	-0.1657
6bd6b86c-ef9c-43f1-8647-0aae7d281e34	4	4176082	5164348	789	0.0683
6bd6b86c-ef9c-43f1-8647-0aae7d281e34	4	5165605	5177975	6	-0.7618
6bd6b86c-ef9c-43f1-8647-0aae7d281e34	4	5179462	7420209	1781	0.0893
6bd6b86c-ef9c-43f1-8647-0aae7d281e34	4	7420537	7465253	43	-0.1561
6bd6b86c-ef9c-43f1-8647-0aae7d281e34	4	7465589	8602168	777	0.0914
6bd6b86c-ef9c-43f1-8647-0aae7d281e34	4	8602332	8603136	2	-1.1512
6bd6b86c-ef9c-43f1-8647-0aae7d281e34	4	8604353	10208766	662	0.05
6bd6b86c-ef9c-43f1-8647-0aae7d281e34	4	10221792	10232590	29	-2.3184
6bd6b86c-ef9c-43f1-8647-0aae7d281e34	4	10232642	34784878	16979	0.0421
6bd6b86c-ef9c-43f1-8647-0aae7d281e34	4	34785333	34828250	38	-0.7856
6bd6b86c-ef9c-43f1-8647-0aae7d281e34	4	34828291	63828222	16559	0.0465
6bd6b86c-ef9c-43f1-8647-0aae7d281e34	4	63831751	63831799	2	-2.692
6bd6b86c-ef9c-43f1-8647-0aae7d281e34	4	63831812	63840033	17	-1.0388
6bd6b86c-ef9c-43f1-8647-0aae7d281e34	4	63841863	63842540	8	-3.4142
6bd6b86c-ef9c-43f1-8647-0aae7d281e34	4	63850713	68395346	2855	0.0322
6bd6b86c-ef9c-43f1-8647-0aae7d281e34	4	68416487	68422424	5	-1.4359
6bd6b86c-ef9c-43f1-8647-0aae7d281e34	4	68429081	68506285	12	0.0549
6bd6b86c-ef9c-43f1-8647-0aae7d281e34	4	68509223	68671434	70	0.6106
6bd6b86c-ef9c-43f1-8647-0aae7d281e34	4	68674307	69257792	309	0.1097
6bd6b86c-ef9c-43f1-8647-0aae7d281e34	4	69261926	69366304	55	0.5864
6bd6b86c-ef9c-43f1-8647-0aae7d281e34	4	69366406	172066777	62403	0.0429
6bd6b86c-ef9c-43f1-8647-0aae7d281e34	4	172067997	172068382	12	0.9407
6bd6b86c-ef9c-43f1-8647-0aae7d281e34	4	172074828	190106768	12085	0.0559
6bd6b86c-ef9c-43f1-8647-0aae7d281e34	5	15532	685633	306	-0.0313
6bd6b86c-ef9c-43f1-8647-0aae7d281e34	5	698256	779766	28	0.5002
6bd6b86c-ef9c-43f1-8647-0aae7d281e34	5	800724	1936329	620	-0.0443
6bd6b86c-ef9c-43f1-8647-0aae7d281e34	5	1936428	12791608	9238	0.0511
6bd6b86c-ef9c-43f1-8647-0aae7d281e34	5	12800777	12819964	10	-2.2687
6bd6b86c-ef9c-43f1-8647-0aae7d281e34	5	12824299	21376735	5469	0.0448
6bd6b86c-ef9c-43f1-8647-0aae7d281e34	5	21377730	21377744	2	-1.6952
6bd6b86c-ef9c-43f1-8647-0aae7d281e34	5	21385957	21449110	43	0.086
6bd6b86c-ef9c-43f1-8647-0aae7d281e34	5	21449167	21452329	6	-1.825
6bd6b86c-ef9c-43f1-8647-0aae7d281e34	5	21452387	29911500	4954	0.0309
6bd6b86c-ef9c-43f1-8647-0aae7d281e34	5	29911843	29911927	2	-1.2886
6bd6b86c-ef9c-43f1-8647-0aae7d281e34	5	29913916	46191296	9979	0.0443
6bd6b86c-ef9c-43f1-8647-0aae7d281e34	5	46191782	46199333	5	-0.8907
6bd6b86c-ef9c-43f1-8647-0aae7d281e34	5	46209197	46271006	15	0.0967
6bd6b86c-ef9c-43f1-8647-0aae7d281e34	5	46271828	46273400	6	1.0757
6bd6b86c-ef9c-43f1-8647-0aae7d281e34	5	46278110	58025819	5073	0.0473
6bd6b86c-ef9c-43f1-8647-0aae7d281e34	5	58030200	58037706	32	2.1092
6bd6b86c-ef9c-43f1-8647-0aae7d281e34	5	58042530	62277545	2836	0.0433
6bd6b86c-ef9c-43f1-8647-0aae7d281e34	5	62279164	62280446	3	-1.1012
6bd6b86c-ef9c-43f1-8647-0aae7d281e34	5	62286365	63296119	619	0.0306
6bd6b86c-ef9c-43f1-8647-0aae7d281e34	5	63296924	63886716	339	0.1487
6bd6b86c-ef9c-43f1-8647-0aae7d281e34	5	63887110	69550476	3502	0.0447
6bd6b86c-ef9c-43f1-8647-0aae7d281e34	5	69571467	69822308	5	-1.0579
6bd6b86c-ef9c-43f1-8647-0aae7d281e34	5	69937600	76283937	3269	0.0516
6bd6b86c-ef9c-43f1-8647-0aae7d281e34	5	76284127	76284871	3	-1.664
6bd6b86c-ef9c-43f1-8647-0aae7d281e34	5	76285772	99157253	13168	0.0414
6bd6b86c-ef9c-43f1-8647-0aae7d281e34	5	99161187	100513951	756	0.128
6bd6b86c-ef9c-43f1-8647-0aae7d281e34	5	100514696	132185373	20477	0.0443
6bd6b86c-ef9c-43f1-8647-0aae7d281e34	5	132185602	136332095	2728	0.0799
6bd6b86c-ef9c-43f1-8647-0aae7d281e34	5	136333284	140839137	2348	0.0541
6bd6b86c-ef9c-43f1-8647-0aae7d281e34	5	140844251	140852254	10	-0.8075
6bd6b86c-ef9c-43f1-8647-0aae7d281e34	5	140861442	144066933	2083	0.0678
6bd6b86c-ef9c-43f1-8647-0aae7d281e34	5	144067138	167966144	16141	0.0447
6bd6b86c-ef9c-43f1-8647-0aae7d281e34	5	167966456	180947523	8603	0.0713
6bd6b86c-ef9c-43f1-8647-0aae7d281e34	5	180951710	180991103	19	-0.6693
6bd6b86c-ef9c-43f1-8647-0aae7d281e34	5	181006225	181363319	170	0.0128
6bd6b86c-ef9c-43f1-8647-0aae7d281e34	6	149661	253861	99	0.0578
6bd6b86c-ef9c-43f1-8647-0aae7d281e34	6	254267	294837	25	-0.7786
6bd6b86c-ef9c-43f1-8647-0aae7d281e34	6	302306	26739499	20106	0.054
6bd6b86c-ef9c-43f1-8647-0aae7d281e34	6	26743855	26759781	6	-0.8424
6bd6b86c-ef9c-43f1-8647-0aae7d281e34	6	26831719	28043874	584	0.0726
6bd6b86c-ef9c-43f1-8647-0aae7d281e34	6	28051166	28053855	3	-1.1164
6bd6b86c-ef9c-43f1-8647-0aae7d281e34	6	28055973	29868462	820	0.0669
6bd6b86c-ef9c-43f1-8647-0aae7d281e34	6	29868698	29953446	60	-0.495
6bd6b86c-ef9c-43f1-8647-0aae7d281e34	6	29958684	31313046	624	0.0907
6bd6b86c-ef9c-43f1-8647-0aae7d281e34	6	31318499	31319724	6	-2.6905
6bd6b86c-ef9c-43f1-8647-0aae7d281e34	6	31327629	32486746	508	0.0077
6bd6b86c-ef9c-43f1-8647-0aae7d281e34	6	32488906	32605994	29	1.2613
6bd6b86c-ef9c-43f1-8647-0aae7d281e34	6	32606237	32722250	75	0.039
6bd6b86c-ef9c-43f1-8647-0aae7d281e34	6	32723020	32723035	2	-2.0368
6bd6b86c-ef9c-43f1-8647-0aae7d281e34	6	32723053	40391743	4906	0.0786
6bd6b86c-ef9c-43f1-8647-0aae7d281e34	6	40396586	40400783	6	-0.8808
6bd6b86c-ef9c-43f1-8647-0aae7d281e34	6	40401554	46958100	4154	0.0759
6bd6b86c-ef9c-43f1-8647-0aae7d281e34	6	46960032	46960083	2	1.0972
6bd6b86c-ef9c-43f1-8647-0aae7d281e34	6	46963821	47184137	201	0.089
6bd6b86c-ef9c-43f1-8647-0aae7d281e34	6	47184345	54066286	4378	0.0343
6bd6b86c-ef9c-43f1-8647-0aae7d281e34	6	54066353	54067057	7	-1.9485
6bd6b86c-ef9c-43f1-8647-0aae7d281e34	6	54070550	73882142	10388	0.0424
6bd6b86c-ef9c-43f1-8647-0aae7d281e34	6	73882509	73887625	9	0.8564
6bd6b86c-ef9c-43f1-8647-0aae7d281e34	6	73891694	76305231	1472	0.0358
6bd6b86c-ef9c-43f1-8647-0aae7d281e34	6	76307183	76307209	3	-2.1414
6bd6b86c-ef9c-43f1-8647-0aae7d281e34	6	76307276	78246837	1282	0.0423
6bd6b86c-ef9c-43f1-8647-0aae7d281e34	6	78251492	78325468	122	0.3874
6bd6b86c-ef9c-43f1-8647-0aae7d281e34	6	78329517	93819476	9933	0.0453
6bd6b86c-ef9c-43f1-8647-0aae7d281e34	6	93826906	94543330	478	0.1528
6bd6b86c-ef9c-43f1-8647-0aae7d281e34	6	94543361	103286299	5055	0.0429
6bd6b86c-ef9c-43f1-8647-0aae7d281e34	6	103286770	103314186	51	0.73
6bd6b86c-ef9c-43f1-8647-0aae7d281e34	6	103317795	170741917	44174	0.0487
6bd6b86c-ef9c-43f1-8647-0aae7d281e34	7	43355	896168	222	-0.0069
6bd6b86c-ef9c-43f1-8647-0aae7d281e34	7	902112	1192042	132	-0.136
6bd6b86c-ef9c-43f1-8647-0aae7d281e34	7	1198303	15392007	10027	0.0592
6bd6b86c-ef9c-43f1-8647-0aae7d281e34	7	15392045	15393664	2	-2.4178
6bd6b86c-ef9c-43f1-8647-0aae7d281e34	7	15394440	16731420	1085	0.0418
6bd6b86c-ef9c-43f1-8647-0aae7d281e34	7	16738605	17682345	774	0.1048
6bd6b86c-ef9c-43f1-8647-0aae7d281e34	7	17683486	18871731	889	0.0232
6bd6b86c-ef9c-43f1-8647-0aae7d281e34	7	18871792	18973099	108	0.2187
6bd6b86c-ef9c-43f1-8647-0aae7d281e34	7	18973371	38271122	14134	0.0503
6bd6b86c-ef9c-43f1-8647-0aae7d281e34	7	38271497	38295919	62	0.3642
6bd6b86c-ef9c-43f1-8647-0aae7d281e34	7	38300003	43588569	3601	0.0521
6bd6b86c-ef9c-43f1-8647-0aae7d281e34	7	43590884	43591769	3	-2.7098
6bd6b86c-ef9c-43f1-8647-0aae7d281e34	7	43596587	45422287	949	0.074
6bd6b86c-ef9c-43f1-8647-0aae7d281e34	7	45422666	45422716	2	-2.1798
6bd6b86c-ef9c-43f1-8647-0aae7d281e34	7	45426610	54305455	6490	0.0409
6bd6b86c-ef9c-43f1-8647-0aae7d281e34	7	54318812	54318824	6	0.7989
6bd6b86c-ef9c-43f1-8647-0aae7d281e34	7	54325795	56908389	1615	0.0504
6bd6b86c-ef9c-43f1-8647-0aae7d281e34	7	56997653	57048761	5	-0.8343
6bd6b86c-ef9c-43f1-8647-0aae7d281e34	7	57053307	76514506	6651	0.0569
6bd6b86c-ef9c-43f1-8647-0aae7d281e34	7	76514522	76550397	9	-0.6167
6bd6b86c-ef9c-43f1-8647-0aae7d281e34	7	76568113	88558005	7617	0.041
6bd6b86c-ef9c-43f1-8647-0aae7d281e34	7	88563524	90065370	1020	0.1364
6bd6b86c-ef9c-43f1-8647-0aae7d281e34	7	90065507	97985051	5039	0.0418
6bd6b86c-ef9c-43f1-8647-0aae7d281e34	7	97986509	102242534	1853	0.0852
6bd6b86c-ef9c-43f1-8647-0aae7d281e34	7	102242595	109797043	4642	0.046
6bd6b86c-ef9c-43f1-8647-0aae7d281e34	7	109797044	109797616	3	-0.8478
6bd6b86c-ef9c-43f1-8647-0aae7d281e34	7	109797618	111109707	889	0.0364
6bd6b86c-ef9c-43f1-8647-0aae7d281e34	7	111111870	111623567	328	0.139
6bd6b86c-ef9c-43f1-8647-0aae7d281e34	7	111623662	126406489	8845	0.0394
6bd6b86c-ef9c-43f1-8647-0aae7d281e34	7	126406546	126406823	4	1.1418
6bd6b86c-ef9c-43f1-8647-0aae7d281e34	7	126406824	134100442	4697	0.0577
6bd6b86c-ef9c-43f1-8647-0aae7d281e34	7	134100458	134104128	15	-0.5953
6bd6b86c-ef9c-43f1-8647-0aae7d281e34	7	134104408	134114401	19	-0.3111
6bd6b86c-ef9c-43f1-8647-0aae7d281e34	7	134114444	154598185	12851	0.0508
6bd6b86c-ef9c-43f1-8647-0aae7d281e34	7	154601461	154607903	4	-2.9143
6bd6b86c-ef9c-43f1-8647-0aae7d281e34	7	154609120	159334314	3235	0.0547
6bd6b86c-ef9c-43f1-8647-0aae7d281e34	8	81254	643041	322	0.0095
6bd6b86c-ef9c-43f1-8647-0aae7d281e34	8	644944	645908	10	-1.1967
6bd6b86c-ef9c-43f1-8647-0aae7d281e34	8	656117	2844412	1705	0.0606
6bd6b86c-ef9c-43f1-8647-0aae7d281e34	8	2846011	2846377	7	-0.8092
6bd6b86c-ef9c-43f1-8647-0aae7d281e34	8	2849649	7537162	5722	0.0621
6bd6b86c-ef9c-43f1-8647-0aae7d281e34	8	7598502	8234503	33	-0.5189
6bd6b86c-ef9c-43f1-8647-0aae7d281e34	8	8235660	9644390	1335	0.0539
6bd6b86c-ef9c-43f1-8647-0aae7d281e34	8	9644448	9644751	6	-0.6861
6bd6b86c-ef9c-43f1-8647-0aae7d281e34	8	9644826	10298515	503	0.0777
6bd6b86c-ef9c-43f1-8647-0aae7d281e34	8	10298552	10636449	294	-0.057
6bd6b86c-ef9c-43f1-8647-0aae7d281e34	8	10643823	12092042	1080	0.0536
6bd6b86c-ef9c-43f1-8647-0aae7d281e34	8	12130217	12143614	6	-2.4924
6bd6b86c-ef9c-43f1-8647-0aae7d281e34	8	12176798	12389977	31	0.5769
6bd6b86c-ef9c-43f1-8647-0aae7d281e34	8	12418301	12624538	28	-0.2154
6bd6b86c-ef9c-43f1-8647-0aae7d281e34	8	12649562	13570159	827	0.0491
6bd6b86c-ef9c-43f1-8647-0aae7d281e34	8	13570208	13586852	19	-0.0838
6bd6b86c-ef9c-43f1-8647-0aae7d281e34	8	13587378	13820325	298	0.1479
6bd6b86c-ef9c-43f1-8647-0aae7d281e34	8	13820443	20735980	6268	0.0467
6bd6b86c-ef9c-43f1-8647-0aae7d281e34	8	20736391	23246360	1630	0.0887
6bd6b86c-ef9c-43f1-8647-0aae7d281e34	8	23247474	25114672	1352	0.0468
6bd6b86c-ef9c-43f1-8647-0aae7d281e34	8	25116928	25126554	22	-0.7964
6bd6b86c-ef9c-43f1-8647-0aae7d281e34	8	25126626	26709218	1207	0.0582
6bd6b86c-ef9c-43f1-8647-0aae7d281e34	8	26710407	26710470	3	-1.1886
6bd6b86c-ef9c-43f1-8647-0aae7d281e34	8	26710593	27021561	275	0.064
6bd6b86c-ef9c-43f1-8647-0aae7d281e34	8	27022006	27023165	6	-0.8057
6bd6b86c-ef9c-43f1-8647-0aae7d281e34	8	27029290	32821348	3943	0.053
6bd6b86c-ef9c-43f1-8647-0aae7d281e34	8	32825580	32830895	8	-0.7002
6bd6b86c-ef9c-43f1-8647-0aae7d281e34	8	32834588	39373140	3580	0.0504
6bd6b86c-ef9c-43f1-8647-0aae7d281e34	8	39378084	39527181	56	-0.4227
6bd6b86c-ef9c-43f1-8647-0aae7d281e34	8	39527450	40324598	591	0.032
6bd6b86c-ef9c-43f1-8647-0aae7d281e34	8	40326278	40331992	34	-0.6808
6bd6b86c-ef9c-43f1-8647-0aae7d281e34	8	40335391	141323524	62733	0.0452
6bd6b86c-ef9c-43f1-8647-0aae7d281e34	8	141323933	141594864	151	-0.1954
6bd6b86c-ef9c-43f1-8647-0aae7d281e34	8	141597449	141602954	3	-1.2678
6bd6b86c-ef9c-43f1-8647-0aae7d281e34	8	141608883	142322332	431	-0.0828
6bd6b86c-ef9c-43f1-8647-0aae7d281e34	8	142322479	142762148	163	0.0514
6bd6b86c-ef9c-43f1-8647-0aae7d281e34	8	142762919	142798511	8	-0.5014
6bd6b86c-ef9c-43f1-8647-0aae7d281e34	8	142800489	144200893	476	0.0716
6bd6b86c-ef9c-43f1-8647-0aae7d281e34	8	144200964	144971123	291	-0.0557
6bd6b86c-ef9c-43f1-8647-0aae7d281e34	8	144971384	145072769	55	0.058
6bd6b86c-ef9c-43f1-8647-0aae7d281e34	9	46587	40926319	31201	0.053
6bd6b86c-ef9c-43f1-8647-0aae7d281e34	9	40928205	41388422	48	-0.5026
6bd6b86c-ef9c-43f1-8647-0aae7d281e34	9	41451823	41473331	4	0.8889
6bd6b86c-ef9c-43f1-8647-0aae7d281e34	9	41473518	41741113	31	-0.4278
6bd6b86c-ef9c-43f1-8647-0aae7d281e34	9	42014203	61520021	94	0.094
6bd6b86c-ef9c-43f1-8647-0aae7d281e34	9	61521913	61633080	28	0.4454
6bd6b86c-ef9c-43f1-8647-0aae7d281e34	9	61647899	63580418	39	-0.0818
6bd6b86c-ef9c-43f1-8647-0aae7d281e34	9	63590317	63620681	10	0.9179
6bd6b86c-ef9c-43f1-8647-0aae7d281e34	9	63620755	64574862	59	-0.0574
6bd6b86c-ef9c-43f1-8647-0aae7d281e34	9	64587807	67375814	50	-0.4095
6bd6b86c-ef9c-43f1-8647-0aae7d281e34	9	67402423	87907679	14219	0.0527
6bd6b86c-ef9c-43f1-8647-0aae7d281e34	9	87939236	87939304	2	-2.0545
6bd6b86c-ef9c-43f1-8647-0aae7d281e34	9	87943042	93586737	3808	0.0757
6bd6b86c-ef9c-43f1-8647-0aae7d281e34	9	93588935	93591220	3	-1.1809
6bd6b86c-ef9c-43f1-8647-0aae7d281e34	9	93591402	104602688	7429	0.0646
6bd6b86c-ef9c-43f1-8647-0aae7d281e34	9	104602775	104604062	8	0.7742
6bd6b86c-ef9c-43f1-8647-0aae7d281e34	9	104604116	121461619	13034	0.0582
6bd6b86c-ef9c-43f1-8647-0aae7d281e34	9	121464220	129848717	4797	0.1025
6bd6b86c-ef9c-43f1-8647-0aae7d281e34	9	129848937	129852133	9	-0.6133
6bd6b86c-ef9c-43f1-8647-0aae7d281e34	9	129852157	135245869	3457	0.1044
6bd6b86c-ef9c-43f1-8647-0aae7d281e34	9	135246978	135472087	153	-0.0579
6bd6b86c-ef9c-43f1-8647-0aae7d281e34	9	135472543	138043623	887	0.1127
6bd6b86c-ef9c-43f1-8647-0aae7d281e34	9	138044300	138200944	119	-0.0681
6bd6b86c-ef9c-43f1-8647-0aae7d281e34	10	45792	4244878	3572	0.0484
6bd6b86c-ef9c-43f1-8647-0aae7d281e34	10	4248622	4248732	3	-1.1848
6bd6b86c-ef9c-43f1-8647-0aae7d281e34	10	4248824	13007600	7335	0.0557
6bd6b86c-ef9c-43f1-8647-0aae7d281e34	10	13007656	13008170	7	-1.0651
6bd6b86c-ef9c-43f1-8647-0aae7d281e34	10	13008428	24086334	8279	0.0405
6bd6b86c-ef9c-43f1-8647-0aae7d281e34	10	24088745	24091986	21	0.397
6bd6b86c-ef9c-43f1-8647-0aae7d281e34	10	24092001	26938836	1983	0.0281
6bd6b86c-ef9c-43f1-8647-0aae7d281e34	10	26939421	26941064	6	0.7636
6bd6b86c-ef9c-43f1-8647-0aae7d281e34	10	26941746	46146453	10291	0.0483
6bd6b86c-ef9c-43f1-8647-0aae7d281e34	10	46154876	46446817	173	0.4716
6bd6b86c-ef9c-43f1-8647-0aae7d281e34	10	46489651	46553629	31	0.0313
6bd6b86c-ef9c-43f1-8647-0aae7d281e34	10	46553826	46632302	16	0.4432
6bd6b86c-ef9c-43f1-8647-0aae7d281e34	10	46657149	47559596	300	0.0244
6bd6b86c-ef9c-43f1-8647-0aae7d281e34	10	47622159	47680348	4	1.1171
6bd6b86c-ef9c-43f1-8647-0aae7d281e34	10	47684886	55188448	5186	0.0462
6bd6b86c-ef9c-43f1-8647-0aae7d281e34	10	55196175	55882064	505	0.1293
6bd6b86c-ef9c-43f1-8647-0aae7d281e34	10	55882522	65546518	6705	0.0343
6bd6b86c-ef9c-43f1-8647-0aae7d281e34	10	65548165	65554688	28	-0.5281
6bd6b86c-ef9c-43f1-8647-0aae7d281e34	10	65563037	122574497	38311	0.0515
6bd6b86c-ef9c-43f1-8647-0aae7d281e34	10	122584593	122587398	4	-1.6857
6bd6b86c-ef9c-43f1-8647-0aae7d281e34	10	122587462	130426458	5870	0.0644
6bd6b86c-ef9c-43f1-8647-0aae7d281e34	10	130426831	133654968	2032	0.0043
6bd6b86c-ef9c-43f1-8647-0aae7d281e34	11	198510	456012	104	-0.0953
6bd6b86c-ef9c-43f1-8647-0aae7d281e34	11	456120	2512204	699	0.078
6bd6b86c-ef9c-43f1-8647-0aae7d281e34	11	2523110	2578133	24	-0.2976
6bd6b86c-ef9c-43f1-8647-0aae7d281e34	11	2580560	4254774	919	0.0688
6bd6b86c-ef9c-43f1-8647-0aae7d281e34	11	4274526	4306942	11	-0.4518
6bd6b86c-ef9c-43f1-8647-0aae7d281e34	11	4314648	4949013	659	0.0469
6bd6b86c-ef9c-43f1-8647-0aae7d281e34	11	4949047	4954475	26	0.5627
6bd6b86c-ef9c-43f1-8647-0aae7d281e34	11	4955027	5040311	77	0.0611
6bd6b86c-ef9c-43f1-8647-0aae7d281e34	11	5040676	5041606	2	-2.4265
6bd6b86c-ef9c-43f1-8647-0aae7d281e34	11	5041712	5766175	708	0.0401
6bd6b86c-ef9c-43f1-8647-0aae7d281e34	11	5766850	5787909	32	-0.3617
6bd6b86c-ef9c-43f1-8647-0aae7d281e34	11	5788108	18919323	9411	0.054
6bd6b86c-ef9c-43f1-8647-0aae7d281e34	11	18927525	18940441	45	-0.2806
6bd6b86c-ef9c-43f1-8647-0aae7d281e34	11	18940469	31371747	9086	0.0339
6bd6b86c-ef9c-43f1-8647-0aae7d281e34	11	31372721	31375533	2	-3.0267
6bd6b86c-ef9c-43f1-8647-0aae7d281e34	11	31376660	37825401	4809	0.0602
6bd6b86c-ef9c-43f1-8647-0aae7d281e34	11	37825730	43140667	3555	0.0238
6bd6b86c-ef9c-43f1-8647-0aae7d281e34	11	43140674	43147103	7	-0.5467
6bd6b86c-ef9c-43f1-8647-0aae7d281e34	11	43151828	43512697	214	0.0049
6bd6b86c-ef9c-43f1-8647-0aae7d281e34	11	43512873	54743970	3799	0.057
6bd6b86c-ef9c-43f1-8647-0aae7d281e34	11	54762035	54766290	3	-1.1496
6bd6b86c-ef9c-43f1-8647-0aae7d281e34	11	54782119	54941157	49	0.1557
6bd6b86c-ef9c-43f1-8647-0aae7d281e34	11	54952548	54990815	3	-1.2943
6bd6b86c-ef9c-43f1-8647-0aae7d281e34	11	55006417	55618921	254	0.0095
6bd6b86c-ef9c-43f1-8647-0aae7d281e34	11	55619309	55674842	27	-0.6288
6bd6b86c-ef9c-43f1-8647-0aae7d281e34	11	55676735	64880577	5140	0.064
6bd6b86c-ef9c-43f1-8647-0aae7d281e34	11	64880896	65906669	397	-0.0738
6bd6b86c-ef9c-43f1-8647-0aae7d281e34	11	65906682	67582583	639	0.101
6bd6b86c-ef9c-43f1-8647-0aae7d281e34	11	67582822	68003122	131	-0.0915
6bd6b86c-ef9c-43f1-8647-0aae7d281e34	11	68003149	73804709	2978	0.0928
6bd6b86c-ef9c-43f1-8647-0aae7d281e34	11	73805605	78808023	2800	0.0521
6bd6b86c-ef9c-43f1-8647-0aae7d281e34	11	78808578	79481756	601	0.086
6bd6b86c-ef9c-43f1-8647-0aae7d281e34	11	79481943	99968957	14426	0.0346
6bd6b86c-ef9c-43f1-8647-0aae7d281e34	11	99972614	99972630	2	-1.4154
6bd6b86c-ef9c-43f1-8647-0aae7d281e34	11	99972870	111221029	7734	0.0327
6bd6b86c-ef9c-43f1-8647-0aae7d281e34	11	111222641	134326238	16843	0.0587
6bd6b86c-ef9c-43f1-8647-0aae7d281e34	11	134331004	135074876	598	-0.0412
6bd6b86c-ef9c-43f1-8647-0aae7d281e34	12	51460	9481274	6174	0.0576
6bd6b86c-ef9c-43f1-8647-0aae7d281e34	12	9485313	9575696	23	-1.8156
6bd6b86c-ef9c-43f1-8647-0aae7d281e34	12	9582373	11358644	1180	0.0689
6bd6b86c-ef9c-43f1-8647-0aae7d281e34	12	11359558	11390452	26	-0.6482
6bd6b86c-ef9c-43f1-8647-0aae7d281e34	12	11390472	24817654	9150	0.0397
6bd6b86c-ef9c-43f1-8647-0aae7d281e34	12	24818576	33232895	6292	0.0539
6bd6b86c-ef9c-43f1-8647-0aae7d281e34	12	33233822	33242483	6	0.957
6bd6b86c-ef9c-43f1-8647-0aae7d281e34	12	33246118	34304273	634	0.0999
6bd6b86c-ef9c-43f1-8647-0aae7d281e34	12	34307094	34394684	40	-0.2372
6bd6b86c-ef9c-43f1-8647-0aae7d281e34	12	34396183	42704939	3151	0.0462
6bd6b86c-ef9c-43f1-8647-0aae7d281e34	12	42705074	42705338	2	-1.5641
6bd6b86c-ef9c-43f1-8647-0aae7d281e34	12	42705822	58484544	9079	0.0606
6bd6b86c-ef9c-43f1-8647-0aae7d281e34	12	58487756	63526209	3263	0.0322
6bd6b86c-ef9c-43f1-8647-0aae7d281e34	12	63526805	63531025	3	-1.1418
6bd6b86c-ef9c-43f1-8647-0aae7d281e34	12	63539183	70478078	4534	0.0452
6bd6b86c-ef9c-43f1-8647-0aae7d281e34	12	70478895	70484247	9	-0.6638
6bd6b86c-ef9c-43f1-8647-0aae7d281e34	12	70485605	71447035	670	0.0351
6bd6b86c-ef9c-43f1-8647-0aae7d281e34	12	71447583	71447653	2	-1.3425
6bd6b86c-ef9c-43f1-8647-0aae7d281e34	12	71447811	90089573	11387	0.0285
6bd6b86c-ef9c-43f1-8647-0aae7d281e34	12	90097892	90098297	7	-1.0608
6bd6b86c-ef9c-43f1-8647-0aae7d281e34	12	90099780	90605273	333	0.0592
6bd6b86c-ef9c-43f1-8647-0aae7d281e34	12	90605294	90611376	2	-1.2387
6bd6b86c-ef9c-43f1-8647-0aae7d281e34	12	90611617	99398036	6118	0.0472
6bd6b86c-ef9c-43f1-8647-0aae7d281e34	12	99401515	99404942	30	-0.3697
6bd6b86c-ef9c-43f1-8647-0aae7d281e34	12	99404956	106761333	4976	0.0456
6bd6b86c-ef9c-43f1-8647-0aae7d281e34	12	106761353	113819403	4237	0.0748
6bd6b86c-ef9c-43f1-8647-0aae7d281e34	12	113819629	114001019	179	-0.0806
6bd6b86c-ef9c-43f1-8647-0aae7d281e34	12	114001113	119942498	4521	0.0621
6bd6b86c-ef9c-43f1-8647-0aae7d281e34	12	119943188	125293439	2690	0.1008
6bd6b86c-ef9c-43f1-8647-0aae7d281e34	12	125293671	129928890	4124	0.0421
6bd6b86c-ef9c-43f1-8647-0aae7d281e34	12	129929167	130575632	555	-0.0462
6bd6b86c-ef9c-43f1-8647-0aae7d281e34	12	130576205	131636170	861	0.0737
6bd6b86c-ef9c-43f1-8647-0aae7d281e34	12	131648039	131648790	13	-0.9017
6bd6b86c-ef9c-43f1-8647-0aae7d281e34	12	131657925	132126981	200	0.0832
6bd6b86c-ef9c-43f1-8647-0aae7d281e34	12	132127961	132856158	193	-0.0789
6bd6b86c-ef9c-43f1-8647-0aae7d281e34	12	132856406	133201603	165	0.0642
6bd6b86c-ef9c-43f1-8647-0aae7d281e34	13	18452809	23055071	2858	0.0459
6bd6b86c-ef9c-43f1-8647-0aae7d281e34	13	23058539	23059376	12	0.5019
6bd6b86c-ef9c-43f1-8647-0aae7d281e34	13	23064056	37496998	10614	0.0485
6bd6b86c-ef9c-43f1-8647-0aae7d281e34	13	37497899	37514193	17	-0.49
6bd6b86c-ef9c-43f1-8647-0aae7d281e34	13	37514237	57264263	12592	0.0485
6bd6b86c-ef9c-43f1-8647-0aae7d281e34	13	57267650	57346802	52	0.2778
6bd6b86c-ef9c-43f1-8647-0aae7d281e34	13	57348731	63688075	3734	0.0404
6bd6b86c-ef9c-43f1-8647-0aae7d281e34	13	63688137	63788749	58	-0.8535
6bd6b86c-ef9c-43f1-8647-0aae7d281e34	13	63789185	63845422	23	-0.0721
6bd6b86c-ef9c-43f1-8647-0aae7d281e34	13	63850006	64407767	335	0.137
6bd6b86c-ef9c-43f1-8647-0aae7d281e34	13	64407884	114342922	33852	0.0404
6bd6b86c-ef9c-43f1-8647-0aae7d281e34	14	18239283	18646056	16	-0.2442
6bd6b86c-ef9c-43f1-8647-0aae7d281e34	14	18656322	19185951	23	0.7835
6bd6b86c-ef9c-43f1-8647-0aae7d281e34	14	19197351	19732250	28	-0.0739
6bd6b86c-ef9c-43f1-8647-0aae7d281e34	14	19732958	19954424	99	0.3482
6bd6b86c-ef9c-43f1-8647-0aae7d281e34	14	19955213	21900817	1304	0.0645
6bd6b86c-ef9c-43f1-8647-0aae7d281e34	14	21903901	22474470	501	0.2831
6bd6b86c-ef9c-43f1-8647-0aae7d281e34	14	22474486	69547262	29633	0.049
6bd6b86c-ef9c-43f1-8647-0aae7d281e34	14	69551330	69555996	10	-0.9303
6bd6b86c-ef9c-43f1-8647-0aae7d281e34	14	69556009	73534419	2622	0.0601
6bd6b86c-ef9c-43f1-8647-0aae7d281e34	14	73540003	73554275	8	0.7277
6bd6b86c-ef9c-43f1-8647-0aae7d281e34	14	73563196	78325661	3108	0.085
6bd6b86c-ef9c-43f1-8647-0aae7d281e34	14	78326763	88831446	6957	0.0409
6bd6b86c-ef9c-43f1-8647-0aae7d281e34	14	88831501	90788258	1298	0.0696
6bd6b86c-ef9c-43f1-8647-0aae7d281e34	14	90788374	90792689	5	-0.6518
6bd6b86c-ef9c-43f1-8647-0aae7d281e34	14	90793069	104298122	8887	0.0787
6bd6b86c-ef9c-43f1-8647-0aae7d281e34	14	104302780	104449190	73	-0.1032
6bd6b86c-ef9c-43f1-8647-0aae7d281e34	14	104457997	104619366	57	0.0888
6bd6b86c-ef9c-43f1-8647-0aae7d281e34	14	104620138	104684932	19	-0.1318
6bd6b86c-ef9c-43f1-8647-0aae7d281e34	14	104686682	105533894	243	0.1379
6bd6b86c-ef9c-43f1-8647-0aae7d281e34	14	105537192	106437363	277	-0.0199
6bd6b86c-ef9c-43f1-8647-0aae7d281e34	14	106437546	106462169	41	-0.6378
6bd6b86c-ef9c-43f1-8647-0aae7d281e34	14	106462183	106877229	196	0.0637
6bd6b86c-ef9c-43f1-8647-0aae7d281e34	15	19811075	22572323	212	-0.0336
6bd6b86c-ef9c-43f1-8647-0aae7d281e34	15	22576496	22584747	3	1.303
6bd6b86c-ef9c-43f1-8647-0aae7d281e34	15	22590285	53902792	19211	0.0546
6bd6b86c-ef9c-43f1-8647-0aae7d281e34	15	53908153	53909163	2	-3.0315
6bd6b86c-ef9c-43f1-8647-0aae7d281e34	15	53912031	57479351	2271	0.0313
6bd6b86c-ef9c-43f1-8647-0aae7d281e34	15	57481648	76586021	12215	0.0788
6bd6b86c-ef9c-43f1-8647-0aae7d281e34	15	76598900	76609853	24	-0.4816
6bd6b86c-ef9c-43f1-8647-0aae7d281e34	15	76609900	101928837	17611	0.0547
6bd6b86c-ef9c-43f1-8647-0aae7d281e34	16	10777	603167	282	-0.07
6bd6b86c-ef9c-43f1-8647-0aae7d281e34	16	603284	3165103	824	0.0816
6bd6b86c-ef9c-43f1-8647-0aae7d281e34	16	3165159	3198359	12	-0.4599
6bd6b86c-ef9c-43f1-8647-0aae7d281e34	16	3200228	12540018	8273	0.0628
6bd6b86c-ef9c-43f1-8647-0aae7d281e34	16	12540709	12555002	26	-0.0635
6bd6b86c-ef9c-43f1-8647-0aae7d281e34	16	12555121	12555138	2	-1.9466
6bd6b86c-ef9c-43f1-8647-0aae7d281e34	16	12556390	16550385	2351	0.0549
6bd6b86c-ef9c-43f1-8647-0aae7d281e34	16	16558842	16563603	3	-1.066
6bd6b86c-ef9c-43f1-8647-0aae7d281e34	16	16569719	55782734	15181	0.0595
6bd6b86c-ef9c-43f1-8647-0aae7d281e34	16	55782793	55788532	4	-0.9807
6bd6b86c-ef9c-43f1-8647-0aae7d281e34	16	55808442	58512817	1649	0.0819
6bd6b86c-ef9c-43f1-8647-0aae7d281e34	16	58518888	64655516	4025	0.03
6bd6b86c-ef9c-43f1-8647-0aae7d281e34	16	64658320	78337711	8607	0.0614
6bd6b86c-ef9c-43f1-8647-0aae7d281e34	16	78338543	78350841	16	-2.7485
6bd6b86c-ef9c-43f1-8647-0aae7d281e34	16	78350868	80942464	3045	0.0595
6bd6b86c-ef9c-43f1-8647-0aae7d281e34	16	80945536	80946600	4	-1.3027
6bd6b86c-ef9c-43f1-8647-0aae7d281e34	16	80952360	83852315	3176	0.0654
6bd6b86c-ef9c-43f1-8647-0aae7d281e34	16	83852717	84892020	921	-0.0174
6bd6b86c-ef9c-43f1-8647-0aae7d281e34	16	84892194	85877916	635	0.0984
6bd6b86c-ef9c-43f1-8647-0aae7d281e34	16	85877917	85958531	91	-0.0599
6bd6b86c-ef9c-43f1-8647-0aae7d281e34	16	85959111	87841250	1787	0.0925
6bd6b86c-ef9c-43f1-8647-0aae7d281e34	16	87844662	87850911	5	-0.7113
6bd6b86c-ef9c-43f1-8647-0aae7d281e34	16	87850941	88305003	210	0.1109
6bd6b86c-ef9c-43f1-8647-0aae7d281e34	16	88306642	90063562	727	-0.0508
6bd6b86c-ef9c-43f1-8647-0aae7d281e34	16	90063801	90096867	20	0.1429
6bd6b86c-ef9c-43f1-8647-0aae7d281e34	17	150733	169110	9	-0.4468
6bd6b86c-ef9c-43f1-8647-0aae7d281e34	17	173873	435486	140	-0.0708
6bd6b86c-ef9c-43f1-8647-0aae7d281e34	17	435540	18452078	11245	0.0777
6bd6b86c-ef9c-43f1-8647-0aae7d281e34	17	18455632	18561907	26	-1.9785
6bd6b86c-ef9c-43f1-8647-0aae7d281e34	17	18565883	33676822	5042	0.0705
6bd6b86c-ef9c-43f1-8647-0aae7d281e34	17	33677294	34611015	890	-0.001
6bd6b86c-ef9c-43f1-8647-0aae7d281e34	17	34616624	36109139	905	0.0769
6bd6b86c-ef9c-43f1-8647-0aae7d281e34	17	36109315	36208249	38	-0.2973
6bd6b86c-ef9c-43f1-8647-0aae7d281e34	17	36460442	41265456	2523	0.0847
6bd6b86c-ef9c-43f1-8647-0aae7d281e34	17	41266762	41274198	23	-1.2969
6bd6b86c-ef9c-43f1-8647-0aae7d281e34	17	41274279	41341206	66	-0.0214
6bd6b86c-ef9c-43f1-8647-0aae7d281e34	17	41342575	45598106	2101	0.0988
6bd6b86c-ef9c-43f1-8647-0aae7d281e34	17	45610956	46084918	331	-0.0047
6bd6b86c-ef9c-43f1-8647-0aae7d281e34	17	46084941	46286804	127	0.5662
6bd6b86c-ef9c-43f1-8647-0aae7d281e34	17	46323701	46446360	4	-0.9903
6bd6b86c-ef9c-43f1-8647-0aae7d281e34	17	46569894	53064707	3704	0.0853
6bd6b86c-ef9c-43f1-8647-0aae7d281e34	17	53066157	53189571	67	0.2971
6bd6b86c-ef9c-43f1-8647-0aae7d281e34	17	53189635	73820787	13043	0.0697
6bd6b86c-ef9c-43f1-8647-0aae7d281e34	17	73829384	74641454	529	-0.0672
6bd6b86c-ef9c-43f1-8647-0aae7d281e34	17	74643971	83091923	4226	0.084
6bd6b86c-ef9c-43f1-8647-0aae7d281e34	18	48133	58263630	34713	0.0577
6bd6b86c-ef9c-43f1-8647-0aae7d281e34	18	58263795	58268730	22	-0.8135
6bd6b86c-ef9c-43f1-8647-0aae7d281e34	18	58271707	62138810	2824	0.0564
6bd6b86c-ef9c-43f1-8647-0aae7d281e34	18	62138957	62139112	2	-1.512
6bd6b86c-ef9c-43f1-8647-0aae7d281e34	18	62142617	65532829	2364	0.0468
6bd6b86c-ef9c-43f1-8647-0aae7d281e34	18	65532840	66115151	445	0.1303
6bd6b86c-ef9c-43f1-8647-0aae7d281e34	18	66117015	71387796	3772	0.0555
6bd6b86c-ef9c-43f1-8647-0aae7d281e34	18	71388121	73385564	1559	0.1169
6bd6b86c-ef9c-43f1-8647-0aae7d281e34	18	73386486	73408566	33	-0.0856
6bd6b86c-ef9c-43f1-8647-0aae7d281e34	18	73408619	79350713	4568	0.0614
6bd6b86c-ef9c-43f1-8647-0aae7d281e34	18	79351383	80257174	432	-0.025
6bd6b86c-ef9c-43f1-8647-0aae7d281e34	19	90910	5506648	1592	0.0876
6bd6b86c-ef9c-43f1-8647-0aae7d281e34	19	5510228	5510642	3	-2.9588
6bd6b86c-ef9c-43f1-8647-0aae7d281e34	19	5510689	20669090	7482	0.0962
6bd6b86c-ef9c-43f1-8647-0aae7d281e34	19	20669496	33192085	6182	0.06
6bd6b86c-ef9c-43f1-8647-0aae7d281e34	19	33192682	35358420	1452	0.0986
6bd6b86c-ef9c-43f1-8647-0aae7d281e34	19	35364451	35370946	21	-2.0158
6bd6b86c-ef9c-43f1-8647-0aae7d281e34	19	35375842	42184857	3442	0.0895
6bd6b86c-ef9c-43f1-8647-0aae7d281e34	19	42191863	42192546	2	-1.0432
6bd6b86c-ef9c-43f1-8647-0aae7d281e34	19	42196376	43263109	446	0.0617
6bd6b86c-ef9c-43f1-8647-0aae7d281e34	19	43265681	43447682	91	-0.1315
6bd6b86c-ef9c-43f1-8647-0aae7d281e34	19	43449027	51628560	4051	0.0901
6bd6b86c-ef9c-43f1-8647-0aae7d281e34	19	51639099	51644944	11	-0.7201
6bd6b86c-ef9c-43f1-8647-0aae7d281e34	19	51651652	58586487	4334	0.0648
6bd6b86c-ef9c-43f1-8647-0aae7d281e34	20	80664	1580353	1204	0.0337
6bd6b86c-ef9c-43f1-8647-0aae7d281e34	20	1580934	1613247	41	-0.4495
6bd6b86c-ef9c-43f1-8647-0aae7d281e34	20	1617300	9070822	5688	0.0672
6bd6b86c-ef9c-43f1-8647-0aae7d281e34	20	9071342	30325927	13110	0.0445
6bd6b86c-ef9c-43f1-8647-0aae7d281e34	20	30332718	63649513	22051	0.0742
6bd6b86c-ef9c-43f1-8647-0aae7d281e34	20	63656176	64324800	281	-0.0624
6bd6b86c-ef9c-43f1-8647-0aae7d281e34	21	10354168	22400736	6384	0.0431
6bd6b86c-ef9c-43f1-8647-0aae7d281e34	21	22401996	22571382	135	0.2111
6bd6b86c-ef9c-43f1-8647-0aae7d281e34	21	22571604	22803187	159	0.0346
6bd6b86c-ef9c-43f1-8647-0aae7d281e34	21	22803376	23061014	209	0.1555
6bd6b86c-ef9c-43f1-8647-0aae7d281e34	21	23061037	23136896	73	-0.012
6bd6b86c-ef9c-43f1-8647-0aae7d281e34	21	23147030	23270950	102	0.186
6bd6b86c-ef9c-43f1-8647-0aae7d281e34	21	23271314	23770802	408	0.0848
6bd6b86c-ef9c-43f1-8647-0aae7d281e34	21	23773398	30711272	5189	0.0388
6bd6b86c-ef9c-43f1-8647-0aae7d281e34	21	30713900	43201304	9452	0.0684
6bd6b86c-ef9c-43f1-8647-0aae7d281e34	21	43201578	43609078	100	-0.1178
6bd6b86c-ef9c-43f1-8647-0aae7d281e34	21	43610009	45233089	821	0.0885
6bd6b86c-ef9c-43f1-8647-0aae7d281e34	21	45234802	45647830	227	-0.089
6bd6b86c-ef9c-43f1-8647-0aae7d281e34	21	45658230	46677045	605	0.0413
6bd6b86c-ef9c-43f1-8647-0aae7d281e34	22	15294547	15825930	35	-0.1858
6bd6b86c-ef9c-43f1-8647-0aae7d281e34	22	15869820	18134748	1065	-0.6771
6bd6b86c-ef9c-43f1-8647-0aae7d281e34	22	18138194	18142004	3	0.0234
6bd6b86c-ef9c-43f1-8647-0aae7d281e34	22	18143362	18144230	5	-2.6779
6bd6b86c-ef9c-43f1-8647-0aae7d281e34	22	18146179	18146386	3	-6.4493
6bd6b86c-ef9c-43f1-8647-0aae7d281e34	22	18147293	20651905	1108	-0.8258
6bd6b86c-ef9c-43f1-8647-0aae7d281e34	22	20652927	23061886	1591	-0.6775
6bd6b86c-ef9c-43f1-8647-0aae7d281e34	22	23062294	23304766	170	-0.9785
6bd6b86c-ef9c-43f1-8647-0aae7d281e34	22	23306932	23527204	138	-0.6851
6bd6b86c-ef9c-43f1-8647-0aae7d281e34	22	23527597	23535546	5	-2.1177
6bd6b86c-ef9c-43f1-8647-0aae7d281e34	22	23538335	25989483	1795	-0.6633
6bd6b86c-ef9c-43f1-8647-0aae7d281e34	22	25992334	25992740	4	-1.9556
6bd6b86c-ef9c-43f1-8647-0aae7d281e34	22	25992767	27759416	1793	-0.7093
6bd6b86c-ef9c-43f1-8647-0aae7d281e34	22	27759853	32145136	2453	-0.6415
6bd6b86c-ef9c-43f1-8647-0aae7d281e34	22	32156850	33446468	1096	-0.6999
6bd6b86c-ef9c-43f1-8647-0aae7d281e34	22	33447361	33452024	7	-1.9862
6bd6b86c-ef9c-43f1-8647-0aae7d281e34	22	33457036	38894915	3846	-0.6855
6bd6b86c-ef9c-43f1-8647-0aae7d281e34	22	38899250	38900899	3	-3.8652
6bd6b86c-ef9c-43f1-8647-0aae7d281e34	22	38903109	41861024	1608	-0.6249
6bd6b86c-ef9c-43f1-8647-0aae7d281e34	22	41863094	48934328	5233	-0.7063
6bd6b86c-ef9c-43f1-8647-0aae7d281e34	22	48934911	50796027	1184	-0.8634
6bd6b86c-ef9c-43f1-8647-0aae7d281e34	X	251810	2747168	93	-0.3919
6bd6b86c-ef9c-43f1-8647-0aae7d281e34	X	2748312	4132576	817	-0.0251
6bd6b86c-ef9c-43f1-8647-0aae7d281e34	X	4133258	4135461	4	-1.535
6bd6b86c-ef9c-43f1-8647-0aae7d281e34	X	4136623	5769570	1364	0.0235
6bd6b86c-ef9c-43f1-8647-0aae7d281e34	X	5769700	5775495	3	-2.2265
6bd6b86c-ef9c-43f1-8647-0aae7d281e34	X	5775699	155699647	80558	0.0026
6bd6b86c-ef9c-43f1-8647-0aae7d281e34	X	155699837	155952689	19	-0.4057
6bd6b86c-ef9c-43f1-8647-0aae7d281e34	Y	2782397	7500247	1210	-2.0868
6bd6b86c-ef9c-43f1-8647-0aae7d281e34	Y	7502687	21469743	5008	-2.21
6bd6b86c-ef9c-43f1-8647-0aae7d281e34	Y	21470778	56872112	414	-2.0573
