GDC_Aliquot	Chromosome	Start	End	Num_Probes	Segment_Mean
0025b1e2-9354-4871-8901-43cb5c57e761	1	62920	27907814	15121	0.0062
0025b1e2-9354-4871-8901-43cb5c57e761	1	27910082	27910171	2	1.8967
0025b1e2-9354-4871-8901-43cb5c57e761	1	27910574	34626037	3862	-0.0023
0025b1e2-9354-4871-8901-43cb5c57e761	1	34626073	34648667	22	-0.6645
0025b1e2-9354-4871-8901-43cb5c57e761	1	34649941	47104132	6853	0.0009
0025b1e2-9354-4871-8901-43cb5c57e761	1	47106830	47113139	9	-0.9333
0025b1e2-9354-4871-8901-43cb5c57e761	1	47121045	103616762	36964	0.0023
0025b1e2-9354-4871-8901-43cb5c57e761	1	103620877	103697067	3	1.4546
0025b1e2-9354-4871-8901-43cb5c57e761	1	103697364	152583051	13160	0.0064
0025b1e2-9354-4871-8901-43cb5c57e761	1	152583230	152613762	31	0.7636
0025b1e2-9354-4871-8901-43cb5c57e761	1	152613802	237110719	57106	-0.0003
0025b1e2-9354-4871-8901-43cb5c57e761	1	237110913	237115740	13	-1.2211
0025b1e2-9354-4871-8901-43cb5c57e761	1	237115854	248436996	8182	-0.0029
0025b1e2-9354-4871-8901-43cb5c57e761	1	248437495	248525314	26	0.3548
0025b1e2-9354-4871-8901-43cb5c57e761	1	248546369	248645808	38	-0.5174
0025b1e2-9354-4871-8901-43cb5c57e761	1	248646068	248930189	139	0.0659
0025b1e2-9354-4871-8901-43cb5c57e761	2	12784	34466002	24082	0.0097
0025b1e2-9354-4871-8901-43cb5c57e761	2	34474248	34515690	51	0.6354
0025b1e2-9354-4871-8901-43cb5c57e761	2	34515732	46225027	8663	0.0234
0025b1e2-9354-4871-8901-43cb5c57e761	2	46225138	50297190	2748	-0.0158
0025b1e2-9354-4871-8901-43cb5c57e761	2	50297486	52527330	1584	0.0356
0025b1e2-9354-4871-8901-43cb5c57e761	2	52527342	52554404	39	-0.5305
0025b1e2-9354-4871-8901-43cb5c57e761	2	52560811	76617340	15534	0.0098
0025b1e2-9354-4871-8901-43cb5c57e761	2	76618047	76618300	5	-1.0871
0025b1e2-9354-4871-8901-43cb5c57e761	2	76620460	87286164	6492	0.0053
0025b1e2-9354-4871-8901-43cb5c57e761	2	87287256	87287267	2	-1.8034
0025b1e2-9354-4871-8901-43cb5c57e761	2	87295819	97359885	1798	0.0002
0025b1e2-9354-4871-8901-43cb5c57e761	2	97524284	97545726	9	-1.0635
0025b1e2-9354-4871-8901-43cb5c57e761	2	97550415	137224578	23917	0.0038
0025b1e2-9354-4871-8901-43cb5c57e761	2	137226077	137226691	5	-5.7723
0025b1e2-9354-4871-8901-43cb5c57e761	2	137227715	141022786	2356	0.0077
0025b1e2-9354-4871-8901-43cb5c57e761	2	141023089	141023872	2	2.0388
0025b1e2-9354-4871-8901-43cb5c57e761	2	141026194	150174937	5393	0.0024
0025b1e2-9354-4871-8901-43cb5c57e761	2	150175020	150181218	4	-1.0269
0025b1e2-9354-4871-8901-43cb5c57e761	2	150182694	163780342	8320	0.0066
0025b1e2-9354-4871-8901-43cb5c57e761	2	163786978	163788616	5	-0.9508
0025b1e2-9354-4871-8901-43cb5c57e761	2	163790132	181392642	11153	0.0049
0025b1e2-9354-4871-8901-43cb5c57e761	2	181396222	181436931	26	0.4951
0025b1e2-9354-4871-8901-43cb5c57e761	2	181438750	207490614	15182	0.0042
0025b1e2-9354-4871-8901-43cb5c57e761	2	207490972	207494301	12	-0.7406
0025b1e2-9354-4871-8901-43cb5c57e761	2	207494425	241841244	21945	0.0048
0025b1e2-9354-4871-8901-43cb5c57e761	2	241973315	242092213	103	-0.6691
0025b1e2-9354-4871-8901-43cb5c57e761	2	242092368	242147305	25	0.0359
0025b1e2-9354-4871-8901-43cb5c57e761	3	20930	59869312	40420	0.0041
0025b1e2-9354-4871-8901-43cb5c57e761	3	59870784	62057151	2169	0.0482
0025b1e2-9354-4871-8901-43cb5c57e761	3	62057437	99225667	21090	-0.006
0025b1e2-9354-4871-8901-43cb5c57e761	3	99225703	99230470	34	-0.537
0025b1e2-9354-4871-8901-43cb5c57e761	3	99230577	197187968	60442	0.0032
0025b1e2-9354-4871-8901-43cb5c57e761	3	197188170	197188276	2	2.3943
0025b1e2-9354-4871-8901-43cb5c57e761	3	197192247	198169247	489	-0.0071
0025b1e2-9354-4871-8901-43cb5c57e761	4	68929	3711279	1499	0.0308
0025b1e2-9354-4871-8901-43cb5c57e761	4	3711538	3712714	5	-0.9212
0025b1e2-9354-4871-8901-43cb5c57e761	4	3713876	3877891	62	0.0216
0025b1e2-9354-4871-8901-43cb5c57e761	4	3884081	4151033	65	-0.2024
0025b1e2-9354-4871-8901-43cb5c57e761	4	4158336	8356146	3256	0.0091
0025b1e2-9354-4871-8901-43cb5c57e761	4	8356196	8367142	7	-0.8564
0025b1e2-9354-4871-8901-43cb5c57e761	4	8371875	9455251	259	-0.008
0025b1e2-9354-4871-8901-43cb5c57e761	4	9459504	9477699	6	-1.0804
0025b1e2-9354-4871-8901-43cb5c57e761	4	9484440	34777432	17544	0.002
0025b1e2-9354-4871-8901-43cb5c57e761	4	34784878	34823103	38	0.4366
0025b1e2-9354-4871-8901-43cb5c57e761	4	34828250	63828222	16547	0.0001
0025b1e2-9354-4871-8901-43cb5c57e761	4	63831751	63841887	22	-0.9765
0025b1e2-9354-4871-8901-43cb5c57e761	4	63842036	63842540	6	-2.8183
0025b1e2-9354-4871-8901-43cb5c57e761	4	63850713	68378716	2850	-0.0095
0025b1e2-9354-4871-8901-43cb5c57e761	4	68389352	68422424	10	-0.9013
0025b1e2-9354-4871-8901-43cb5c57e761	4	68429081	68478894	9	0.0262
0025b1e2-9354-4871-8901-43cb5c57e761	4	68494770	68671434	74	0.4261
0025b1e2-9354-4871-8901-43cb5c57e761	4	68674307	114252544	27676	0.0009
0025b1e2-9354-4871-8901-43cb5c57e761	4	114254167	114261019	23	0.6922
0025b1e2-9354-4871-8901-43cb5c57e761	4	114263073	157805876	25984	0
0025b1e2-9354-4871-8901-43cb5c57e761	4	157808285	157810222	11	-0.7018
0025b1e2-9354-4871-8901-43cb5c57e761	4	157815297	160120152	1315	-0.0057
0025b1e2-9354-4871-8901-43cb5c57e761	4	160131622	160162718	40	-0.6584
0025b1e2-9354-4871-8901-43cb5c57e761	4	160162917	171448195	7276	-0.0027
0025b1e2-9354-4871-8901-43cb5c57e761	4	171453733	171456559	10	1.0738
0025b1e2-9354-4871-8901-43cb5c57e761	4	171456573	190106768	12479	0.0057
0025b1e2-9354-4871-8901-43cb5c57e761	5	15532	46196012	30636	0.0009
0025b1e2-9354-4871-8901-43cb5c57e761	5	46199332	46199333	2	-2.3237
0025b1e2-9354-4871-8901-43cb5c57e761	5	46209197	46271006	15	-0.0061
0025b1e2-9354-4871-8901-43cb5c57e761	5	46271828	46313433	11	0.6256
0025b1e2-9354-4871-8901-43cb5c57e761	5	46313539	69550476	12395	0.0006
0025b1e2-9354-4871-8901-43cb5c57e761	5	69571467	69822308	5	-1.1886
0025b1e2-9354-4871-8901-43cb5c57e761	5	69937600	176033084	67039	-0.0008
0025b1e2-9354-4871-8901-43cb5c57e761	5	176038686	176042504	2	-1.8335
0025b1e2-9354-4871-8901-43cb5c57e761	5	176043321	180932733	2510	0
0025b1e2-9354-4871-8901-43cb5c57e761	5	180932926	180990207	25	-0.3972
0025b1e2-9354-4871-8901-43cb5c57e761	5	180990614	181363319	174	0.0415
0025b1e2-9354-4871-8901-43cb5c57e761	6	149661	327531	136	-0.0113
0025b1e2-9354-4871-8901-43cb5c57e761	6	328070	381149	66	-0.3774
0025b1e2-9354-4871-8901-43cb5c57e761	6	382559	29862094	21422	0.0021
0025b1e2-9354-4871-8901-43cb5c57e761	6	29865090	29980705	80	0.2345
0025b1e2-9354-4871-8901-43cb5c57e761	6	29980974	31318528	617	0.0097
0025b1e2-9354-4871-8901-43cb5c57e761	6	31318754	31328674	9	-1.3588
0025b1e2-9354-4871-8901-43cb5c57e761	6	31342147	32627306	548	0.0056
0025b1e2-9354-4871-8901-43cb5c57e761	6	32627455	32633540	2	-1.5786
0025b1e2-9354-4871-8901-43cb5c57e761	6	32634330	37579782	2903	-0.0083
0025b1e2-9354-4871-8901-43cb5c57e761	6	37580631	37583548	5	-0.8062
0025b1e2-9354-4871-8901-43cb5c57e761	6	37586141	47676366	6710	-0.0001
0025b1e2-9354-4871-8901-43cb5c57e761	6	47678257	47678918	2	1.7246
0025b1e2-9354-4871-8901-43cb5c57e761	6	47679106	54066353	4085	0.0025
0025b1e2-9354-4871-8901-43cb5c57e761	6	54066432	54066582	3	1.3023
0025b1e2-9354-4871-8901-43cb5c57e761	6	54066621	61046496	2425	0.0002
0025b1e2-9354-4871-8901-43cb5c57e761	6	61046989	61055604	6	1.0117
0025b1e2-9354-4871-8901-43cb5c57e761	6	61058997	76726815	9736	-0.0003
0025b1e2-9354-4871-8901-43cb5c57e761	6	76730151	76742972	20	-0.4573
0025b1e2-9354-4871-8901-43cb5c57e761	6	76743040	78262117	985	0.0019
0025b1e2-9354-4871-8901-43cb5c57e761	6	78262371	78325223	103	-0.4189
0025b1e2-9354-4871-8901-43cb5c57e761	6	78325310	103286954	15462	-0.0012
0025b1e2-9354-4871-8901-43cb5c57e761	6	103290101	103312129	42	0.8064
0025b1e2-9354-4871-8901-43cb5c57e761	6	103312172	170741917	44145	-0.0002
0025b1e2-9354-4871-8901-43cb5c57e761	7	43355	68659	31	0.5169
0025b1e2-9354-4871-8901-43cb5c57e761	7	79263	15113188	10124	0.0044
0025b1e2-9354-4871-8901-43cb5c57e761	7	15116747	15117948	5	-1.2666
0025b1e2-9354-4871-8901-43cb5c57e761	7	15120081	48541318	24043	0.0051
0025b1e2-9354-4871-8901-43cb5c57e761	7	48541346	48552429	9	-0.8876
0025b1e2-9354-4871-8901-43cb5c57e761	7	48560583	54305455	4244	0.0039
0025b1e2-9354-4871-8901-43cb5c57e761	7	54318812	54318824	6	-1.7497
0025b1e2-9354-4871-8901-43cb5c57e761	7	54325795	67172252	3731	-0.0329
0025b1e2-9354-4871-8901-43cb5c57e761	7	67176387	67180245	5	-1.9637
0025b1e2-9354-4871-8901-43cb5c57e761	7	67182652	70955452	2387	-0.0117
0025b1e2-9354-4871-8901-43cb5c57e761	7	70958264	70961155	2	-1.736
0025b1e2-9354-4871-8901-43cb5c57e761	7	70963257	72577927	1083	-0.0171
0025b1e2-9354-4871-8901-43cb5c57e761	7	72578056	72842566	75	0.4981
0025b1e2-9354-4871-8901-43cb5c57e761	7	72853922	109801155	21162	0.0033
0025b1e2-9354-4871-8901-43cb5c57e761	7	109801187	109813801	10	0.6244
0025b1e2-9354-4871-8901-43cb5c57e761	7	109813853	142069843	19950	0.0041
0025b1e2-9354-4871-8901-43cb5c57e761	7	142069880	142090403	31	-0.4639
0025b1e2-9354-4871-8901-43cb5c57e761	7	142092108	150588016	5051	0.003
0025b1e2-9354-4871-8901-43cb5c57e761	7	150588713	150615073	11	-1.0103
0025b1e2-9354-4871-8901-43cb5c57e761	7	150615561	151291325	429	-0.0024
0025b1e2-9354-4871-8901-43cb5c57e761	7	151291823	151292281	2	-1.4186
0025b1e2-9354-4871-8901-43cb5c57e761	7	151293452	159334314	5366	0.0034
0025b1e2-9354-4871-8901-43cb5c57e761	8	81254	2844277	2039	0.0372
0025b1e2-9354-4871-8901-43cb5c57e761	8	2844412	2846295	7	0.8266
0025b1e2-9354-4871-8901-43cb5c57e761	8	2846377	5218071	3255	-0.0003
0025b1e2-9354-4871-8901-43cb5c57e761	8	5218126	5218195	5	1.7948
0025b1e2-9354-4871-8901-43cb5c57e761	8	5218216	5741213	697	0.0344
0025b1e2-9354-4871-8901-43cb5c57e761	8	5741242	5746973	25	-0.5198
0025b1e2-9354-4871-8901-43cb5c57e761	8	5749566	7397588	1719	0.0048
0025b1e2-9354-4871-8901-43cb5c57e761	8	7414835	7941868	28	0.5738
0025b1e2-9354-4871-8901-43cb5c57e761	8	7974123	12025748	3232	0.0098
0025b1e2-9354-4871-8901-43cb5c57e761	8	12035719	12616143	62	0.2219
0025b1e2-9354-4871-8901-43cb5c57e761	8	12616373	25117062	10396	-0.0036
0025b1e2-9354-4871-8901-43cb5c57e761	8	25117985	25126735	22	-2.0606
0025b1e2-9354-4871-8901-43cb5c57e761	8	25133589	145072769	73962	-0.0025
0025b1e2-9354-4871-8901-43cb5c57e761	9	46587	39481863	31144	0.011
0025b1e2-9354-4871-8901-43cb5c57e761	9	39481878	64813222	356	-0.1333
0025b1e2-9354-4871-8901-43cb5c57e761	9	64839518	138200944	47945	0.0048
0025b1e2-9354-4871-8901-43cb5c57e761	10	45792	133415637	90470	0.0005
0025b1e2-9354-4871-8901-43cb5c57e761	10	133416215	133416364	2	-2.0396
0025b1e2-9354-4871-8901-43cb5c57e761	10	133419150	133654968	148	0.0669
0025b1e2-9354-4871-8901-43cb5c57e761	11	198510	4942873	2410	-0.0008
0025b1e2-9354-4871-8901-43cb5c57e761	11	4942963	4952648	31	0.4443
0025b1e2-9354-4871-8901-43cb5c57e761	11	4952664	5766175	790	-0.0006
0025b1e2-9354-4871-8901-43cb5c57e761	11	5766850	5787909	32	-2.39
0025b1e2-9354-4871-8901-43cb5c57e761	11	5788108	135074876	83520	0
0025b1e2-9354-4871-8901-43cb5c57e761	12	51460	8259466	5547	-0.0053
0025b1e2-9354-4871-8901-43cb5c57e761	12	8265383	8341033	22	-0.4199
0025b1e2-9354-4871-8901-43cb5c57e761	12	8342360	9481274	601	-0.0115
0025b1e2-9354-4871-8901-43cb5c57e761	12	9485313	9562969	22	-1.1416
0025b1e2-9354-4871-8901-43cb5c57e761	12	9575696	12377763	2032	0.0046
0025b1e2-9354-4871-8901-43cb5c57e761	12	12383285	12388935	17	-0.7123
0025b1e2-9354-4871-8901-43cb5c57e761	12	12389946	31112123	13140	-0.0027
0025b1e2-9354-4871-8901-43cb5c57e761	12	31116364	31256945	89	0.4962
0025b1e2-9354-4871-8901-43cb5c57e761	12	31257350	133201603	63321	-0.0036
0025b1e2-9354-4871-8901-43cb5c57e761	13	18452809	31957984	9563	-0.0078
0025b1e2-9354-4871-8901-43cb5c57e761	13	31958485	31964286	18	-0.7842
0025b1e2-9354-4871-8901-43cb5c57e761	13	31965910	71902850	25453	0.0035
0025b1e2-9354-4871-8901-43cb5c57e761	13	71903417	71906418	4	1.5226
0025b1e2-9354-4871-8901-43cb5c57e761	13	71906467	114342922	29080	-0.0036
0025b1e2-9354-4871-8901-43cb5c57e761	14	18239283	19650668	60	-0.007
0025b1e2-9354-4871-8901-43cb5c57e761	14	19667065	19954424	106	0.7838
0025b1e2-9354-4871-8901-43cb5c57e761	14	19955213	106877229	55207	0.006
0025b1e2-9354-4871-8901-43cb5c57e761	15	19811075	24429740	1201	0.0085
0025b1e2-9354-4871-8901-43cb5c57e761	15	24429986	24468278	24	-0.4899
0025b1e2-9354-4871-8901-43cb5c57e761	15	24468475	30158166	3607	0.0108
0025b1e2-9354-4871-8901-43cb5c57e761	15	30199184	30291233	15	-0.8376
0025b1e2-9354-4871-8901-43cb5c57e761	15	30297594	32179735	1062	0.0161
0025b1e2-9354-4871-8901-43cb5c57e761	15	32212063	32220019	9	-0.9588
0025b1e2-9354-4871-8901-43cb5c57e761	15	32239115	64551800	21011	0.011
0025b1e2-9354-4871-8901-43cb5c57e761	15	64554874	64555187	2	1.6684
0025b1e2-9354-4871-8901-43cb5c57e761	15	64559998	65521764	417	-0.0114
0025b1e2-9354-4871-8901-43cb5c57e761	15	65524604	65526049	3	-2.1488
0025b1e2-9354-4871-8901-43cb5c57e761	15	65530196	76599170	6544	0.0112
0025b1e2-9354-4871-8901-43cb5c57e761	15	76599286	76599700	7	-2.4519
0025b1e2-9354-4871-8901-43cb5c57e761	15	76599852	76603434	13	-1.1675
0025b1e2-9354-4871-8901-43cb5c57e761	15	76609838	101928837	17604	0.0085
0025b1e2-9354-4871-8901-43cb5c57e761	16	10777	16269368	11746	0.0101
0025b1e2-9354-4871-8901-43cb5c57e761	16	16419234	16419781	3	-1.4529
0025b1e2-9354-4871-8901-43cb5c57e761	16	16435734	21361279	2632	-0.0044
0025b1e2-9354-4871-8901-43cb5c57e761	16	21368130	21580019	24	-0.4908
0025b1e2-9354-4871-8901-43cb5c57e761	16	21582134	22407380	353	-0.0106
0025b1e2-9354-4871-8901-43cb5c57e761	16	22408871	22699421	82	-0.3037
0025b1e2-9354-4871-8901-43cb5c57e761	16	22701658	32852602	5144	-0.0021
0025b1e2-9354-4871-8901-43cb5c57e761	16	32861972	33928108	43	-0.4762
0025b1e2-9354-4871-8901-43cb5c57e761	16	33964702	51346154	3339	0.0057
0025b1e2-9354-4871-8901-43cb5c57e761	16	51346329	51349749	5	-1.1098
0025b1e2-9354-4871-8901-43cb5c57e761	16	51352972	58909081	5459	0.0053
0025b1e2-9354-4871-8901-43cb5c57e761	16	58913571	60422929	994	-0.0499
0025b1e2-9354-4871-8901-43cb5c57e761	16	60424882	78337711	11391	0.0063
0025b1e2-9354-4871-8901-43cb5c57e761	16	78338543	78350841	15	1.2583
0025b1e2-9354-4871-8901-43cb5c57e761	16	78350868	90096867	10616	0.0135
0025b1e2-9354-4871-8901-43cb5c57e761	17	150733	46100092	23341	0.0043
0025b1e2-9354-4871-8901-43cb5c57e761	17	46103588	46284643	111	0.5448
0025b1e2-9354-4871-8901-43cb5c57e761	17	46284997	56081095	5809	0.016
0025b1e2-9354-4871-8901-43cb5c57e761	17	56081683	56095462	28	-0.6711
0025b1e2-9354-4871-8901-43cb5c57e761	17	56095886	79369452	14113	0.0058
0025b1e2-9354-4871-8901-43cb5c57e761	17	79370707	79393019	18	0.7478
0025b1e2-9354-4871-8901-43cb5c57e761	17	79404541	83091923	1601	0.0304
0025b1e2-9354-4871-8901-43cb5c57e761	18	48133	36039818	19625	0.0021
0025b1e2-9354-4871-8901-43cb5c57e761	18	36043065	36053320	5	-1.1434
0025b1e2-9354-4871-8901-43cb5c57e761	18	36055605	67286412	21462	0.0041
0025b1e2-9354-4871-8901-43cb5c57e761	18	67291970	67300028	21	-0.6078
0025b1e2-9354-4871-8901-43cb5c57e761	18	67300481	67768276	347	0.0165
0025b1e2-9354-4871-8901-43cb5c57e761	18	67768874	67775256	3	1.4726
0025b1e2-9354-4871-8901-43cb5c57e761	18	67777991	71280212	2577	-0.0037
0025b1e2-9354-4871-8901-43cb5c57e761	18	71282852	73385564	1622	0.0617
0025b1e2-9354-4871-8901-43cb5c57e761	18	73386486	80257174	5037	0.0163
0025b1e2-9354-4871-8901-43cb5c57e761	19	90910	24192647	11103	-0.0107
0025b1e2-9354-4871-8901-43cb5c57e761	19	24196300	24202622	9	-0.7613
0025b1e2-9354-4871-8901-43cb5c57e761	19	24219440	24274155	16	-0.0365
0025b1e2-9354-4871-8901-43cb5c57e761	19	24278016	24282155	10	-0.7647
0025b1e2-9354-4871-8901-43cb5c57e761	19	24304880	42811459	9277	-0.003
0025b1e2-9354-4871-8901-43cb5c57e761	19	42816985	42980783	75	-0.8512
0025b1e2-9354-4871-8901-43cb5c57e761	19	42985803	58586487	8606	-0.0037
0025b1e2-9354-4871-8901-43cb5c57e761	20	80664	1580305	1202	0.0037
0025b1e2-9354-4871-8901-43cb5c57e761	20	1580353	1601446	36	1.0982
0025b1e2-9354-4871-8901-43cb5c57e761	20	1601561	26324855	18768	0.0029
0025b1e2-9354-4871-8901-43cb5c57e761	20	26324943	30271154	17	-0.6259
0025b1e2-9354-4871-8901-43cb5c57e761	20	30293217	64284715	22330	-0.0011
0025b1e2-9354-4871-8901-43cb5c57e761	20	64323342	64324800	5	-2.3169
0025b1e2-9354-4871-8901-43cb5c57e761	21	10354168	22283580	6296	-0.0139
0025b1e2-9354-4871-8901-43cb5c57e761	21	22285238	22292338	8	-0.86
0025b1e2-9354-4871-8901-43cb5c57e761	21	22294679	31864142	7119	0.0046
0025b1e2-9354-4871-8901-43cb5c57e761	21	31865670	31867735	3	-1.557
0025b1e2-9354-4871-8901-43cb5c57e761	21	31879236	46677045	10425	0.001
0025b1e2-9354-4871-8901-43cb5c57e761	22	15294547	16408174	42	-0.1147
0025b1e2-9354-4871-8901-43cb5c57e761	22	16412132	16413364	2	-2.3255
0025b1e2-9354-4871-8901-43cb5c57e761	22	16413470	23987520	4348	0.0125
0025b1e2-9354-4871-8901-43cb5c57e761	22	23988078	23989773	2	-2.6984
0025b1e2-9354-4871-8901-43cb5c57e761	22	23990431	25340707	868	0.0127
0025b1e2-9354-4871-8901-43cb5c57e761	22	25340708	25340709	2	3.832
0025b1e2-9354-4871-8901-43cb5c57e761	22	25340710	33777419	6373	0.0055
0025b1e2-9354-4871-8901-43cb5c57e761	22	33778960	33778975	2	-2.2602
0025b1e2-9354-4871-8901-43cb5c57e761	22	33778986	38967614	3589	0.0003
0025b1e2-9354-4871-8901-43cb5c57e761	22	38967679	38979302	23	-0.6381
0025b1e2-9354-4871-8901-43cb5c57e761	22	38993700	50796027	8011	0.0082
0025b1e2-9354-4871-8901-43cb5c57e761	X	251810	136857849	71839	-0.0008
0025b1e2-9354-4871-8901-43cb5c57e761	X	136857936	136858248	2	-4.9456
0025b1e2-9354-4871-8901-43cb5c57e761	X	136858460	155952689	11616	0.0053
0025b1e2-9354-4871-8901-43cb5c57e761	Y	2782397	12697958	2916	-0.9716
0025b1e2-9354-4871-8901-43cb5c57e761	Y	12698532	12701365	2	2.3683
0025b1e2-9354-4871-8901-43cb5c57e761	Y	12702062	56872112	3722	-0.961
