GDC_Aliquot	Chromosome	Start	End	Num_Probes	Segment_Mean
6f6e4c29-e7d5-4f6d-9f65-9c03da9532c7	1	62920	16855942	8691	0.0039
6f6e4c29-e7d5-4f6d-9f65-9c03da9532c7	1	16863509	16934716	48	0.4774
6f6e4c29-e7d5-4f6d-9f65-9c03da9532c7	1	16934753	72332927	34008	-0.0028
6f6e4c29-e7d5-4f6d-9f65-9c03da9532c7	1	72336821	72343689	10	0.9177
6f6e4c29-e7d5-4f6d-9f65-9c03da9532c7	1	72343748	72345465	6	0.2058
6f6e4c29-e7d5-4f6d-9f65-9c03da9532c7	1	72346221	72542484	116	-0.0143
6f6e4c29-e7d5-4f6d-9f65-9c03da9532c7	1	72546237	72620518	48	-0.3154
6f6e4c29-e7d5-4f6d-9f65-9c03da9532c7	1	72622475	72696075	88	0.0386
6f6e4c29-e7d5-4f6d-9f65-9c03da9532c7	1	72696548	72721923	21	-0.3361
6f6e4c29-e7d5-4f6d-9f65-9c03da9532c7	1	72723206	73112233	196	-0.0074
6f6e4c29-e7d5-4f6d-9f65-9c03da9532c7	1	73113314	73113959	4	-0.8727
6f6e4c29-e7d5-4f6d-9f65-9c03da9532c7	1	73114116	73303097	95	-0.02
6f6e4c29-e7d5-4f6d-9f65-9c03da9532c7	1	73303490	73310246	4	-0.8528
6f6e4c29-e7d5-4f6d-9f65-9c03da9532c7	1	73310692	74226309	541	-0.0033
6f6e4c29-e7d5-4f6d-9f65-9c03da9532c7	1	74233415	74249656	11	-0.626
6f6e4c29-e7d5-4f6d-9f65-9c03da9532c7	1	74249782	94661145	13239	-0.0052
6f6e4c29-e7d5-4f6d-9f65-9c03da9532c7	1	94665122	94665962	8	-0.8059
6f6e4c29-e7d5-4f6d-9f65-9c03da9532c7	1	94666052	94669803	12	-1.4793
6f6e4c29-e7d5-4f6d-9f65-9c03da9532c7	1	94669875	94687294	39	-0.9347
6f6e4c29-e7d5-4f6d-9f65-9c03da9532c7	1	94689829	98126964	2118	-0.0009
6f6e4c29-e7d5-4f6d-9f65-9c03da9532c7	1	98127074	98140176	9	-1.1242
6f6e4c29-e7d5-4f6d-9f65-9c03da9532c7	1	98143810	102182382	2670	-0.0031
6f6e4c29-e7d5-4f6d-9f65-9c03da9532c7	1	102182445	102375218	151	-0.2202
6f6e4c29-e7d5-4f6d-9f65-9c03da9532c7	1	102376371	105506711	1577	-0.0239
6f6e4c29-e7d5-4f6d-9f65-9c03da9532c7	1	105506766	105511711	6	-1.2623
6f6e4c29-e7d5-4f6d-9f65-9c03da9532c7	1	105515824	109690949	2601	0.0015
6f6e4c29-e7d5-4f6d-9f65-9c03da9532c7	1	109691609	109691788	2	-2.8549
6f6e4c29-e7d5-4f6d-9f65-9c03da9532c7	1	109691933	109702376	6	-0.7016
6f6e4c29-e7d5-4f6d-9f65-9c03da9532c7	1	109703504	110836951	849	-0.0217
6f6e4c29-e7d5-4f6d-9f65-9c03da9532c7	1	110837128	110841332	19	-1.059
6f6e4c29-e7d5-4f6d-9f65-9c03da9532c7	1	110841350	121148007	6163	0.0028
6f6e4c29-e7d5-4f6d-9f65-9c03da9532c7	1	121154942	121451744	24	-0.363
6f6e4c29-e7d5-4f6d-9f65-9c03da9532c7	1	121452740	143459641	63	-0.0057
6f6e4c29-e7d5-4f6d-9f65-9c03da9532c7	1	143494500	144442098	131	-0.8115
6f6e4c29-e7d5-4f6d-9f65-9c03da9532c7	1	144442342	152789447	2509	-0.0036
6f6e4c29-e7d5-4f6d-9f65-9c03da9532c7	1	152789463	152796224	36	0.414
6f6e4c29-e7d5-4f6d-9f65-9c03da9532c7	1	152801429	189117215	24308	0.0009
6f6e4c29-e7d5-4f6d-9f65-9c03da9532c7	1	189117724	189123361	18	-0.5771
6f6e4c29-e7d5-4f6d-9f65-9c03da9532c7	1	189127329	190065361	699	-0.0837
6f6e4c29-e7d5-4f6d-9f65-9c03da9532c7	1	190065730	194479104	2932	-0.0029
6f6e4c29-e7d5-4f6d-9f65-9c03da9532c7	1	194482281	194485888	2	-2.0546
6f6e4c29-e7d5-4f6d-9f65-9c03da9532c7	1	194487886	195365991	539	-0.0362
6f6e4c29-e7d5-4f6d-9f65-9c03da9532c7	1	195371103	195372597	5	-0.8867
6f6e4c29-e7d5-4f6d-9f65-9c03da9532c7	1	195374152	196762956	910	-0.0255
6f6e4c29-e7d5-4f6d-9f65-9c03da9532c7	1	196769493	196846661	57	-0.8349
6f6e4c29-e7d5-4f6d-9f65-9c03da9532c7	1	196847600	199142298	1373	-0.0154
6f6e4c29-e7d5-4f6d-9f65-9c03da9532c7	1	199142393	199143396	5	-1.4128
6f6e4c29-e7d5-4f6d-9f65-9c03da9532c7	1	199143883	203196253	2689	-0.0145
6f6e4c29-e7d5-4f6d-9f65-9c03da9532c7	1	203196983	203197823	2	-1.6971
6f6e4c29-e7d5-4f6d-9f65-9c03da9532c7	1	203198554	204022145	520	0.0061
6f6e4c29-e7d5-4f6d-9f65-9c03da9532c7	1	204027859	204028394	3	-1.0823
6f6e4c29-e7d5-4f6d-9f65-9c03da9532c7	1	204028798	204407080	316	0.006
6f6e4c29-e7d5-4f6d-9f65-9c03da9532c7	1	204413461	204414328	2	-2.5727
6f6e4c29-e7d5-4f6d-9f65-9c03da9532c7	1	204417745	209897717	3858	-0.009
6f6e4c29-e7d5-4f6d-9f65-9c03da9532c7	1	209908268	209910639	3	-2.2502
6f6e4c29-e7d5-4f6d-9f65-9c03da9532c7	1	209913207	229675422	13014	0.0077
6f6e4c29-e7d5-4f6d-9f65-9c03da9532c7	1	229681109	229684449	3	-3.429
6f6e4c29-e7d5-4f6d-9f65-9c03da9532c7	1	229684709	243139864	10242	0.0044
6f6e4c29-e7d5-4f6d-9f65-9c03da9532c7	1	243143622	243144364	2	-1.7753
6f6e4c29-e7d5-4f6d-9f65-9c03da9532c7	1	243145889	248930189	3703	-0.004
6f6e4c29-e7d5-4f6d-9f65-9c03da9532c7	2	12784	41011095	28890	-0.001
6f6e4c29-e7d5-4f6d-9f65-9c03da9532c7	2	41011303	41011683	8	-1.5023
6f6e4c29-e7d5-4f6d-9f65-9c03da9532c7	2	41011848	41024584	18	-0.5774
6f6e4c29-e7d5-4f6d-9f65-9c03da9532c7	2	41024614	41388929	267	-0.0679
6f6e4c29-e7d5-4f6d-9f65-9c03da9532c7	2	41389024	41394342	8	-0.8835
6f6e4c29-e7d5-4f6d-9f65-9c03da9532c7	2	41395107	50098168	6148	-0.0032
6f6e4c29-e7d5-4f6d-9f65-9c03da9532c7	2	50100924	51160353	809	-0.0824
6f6e4c29-e7d5-4f6d-9f65-9c03da9532c7	2	51161000	52531803	942	-0.0115
6f6e4c29-e7d5-4f6d-9f65-9c03da9532c7	2	52531878	52563002	30	-0.4813
6f6e4c29-e7d5-4f6d-9f65-9c03da9532c7	2	52563355	53421312	722	-0.0522
6f6e4c29-e7d5-4f6d-9f65-9c03da9532c7	2	53425578	56628177	2259	0.0146
6f6e4c29-e7d5-4f6d-9f65-9c03da9532c7	2	56629696	57181856	386	-0.0714
6f6e4c29-e7d5-4f6d-9f65-9c03da9532c7	2	57182221	57182700	7	-1.4735
6f6e4c29-e7d5-4f6d-9f65-9c03da9532c7	2	57186947	57200292	14	-0.5588
6f6e4c29-e7d5-4f6d-9f65-9c03da9532c7	2	57200704	57433773	135	0.0195
6f6e4c29-e7d5-4f6d-9f65-9c03da9532c7	2	57433863	57442224	11	-0.4107
6f6e4c29-e7d5-4f6d-9f65-9c03da9532c7	2	57444556	57615911	105	0.0151
6f6e4c29-e7d5-4f6d-9f65-9c03da9532c7	2	57616214	57684620	57	-0.2596
6f6e4c29-e7d5-4f6d-9f65-9c03da9532c7	2	57684732	59128368	883	0.0148
6f6e4c29-e7d5-4f6d-9f65-9c03da9532c7	2	59128386	59128865	2	-1.5543
6f6e4c29-e7d5-4f6d-9f65-9c03da9532c7	2	59129208	73627796	8923	0.0014
6f6e4c29-e7d5-4f6d-9f65-9c03da9532c7	2	73628640	73684396	31	0.5272
6f6e4c29-e7d5-4f6d-9f65-9c03da9532c7	2	73692070	76961580	2218	-0.0038
6f6e4c29-e7d5-4f6d-9f65-9c03da9532c7	2	76961773	76970451	13	-0.751
6f6e4c29-e7d5-4f6d-9f65-9c03da9532c7	2	76970793	89305244	6968	-0.0131
6f6e4c29-e7d5-4f6d-9f65-9c03da9532c7	2	89896149	90309328	135	0.5694
6f6e4c29-e7d5-4f6d-9f65-9c03da9532c7	2	91670923	97192190	910	-0.0083
6f6e4c29-e7d5-4f6d-9f65-9c03da9532c7	2	97199600	97211436	14	-0.8953
6f6e4c29-e7d5-4f6d-9f65-9c03da9532c7	2	97310327	113604438	9369	0.0045
6f6e4c29-e7d5-4f6d-9f65-9c03da9532c7	2	113604837	113604839	2	-2.1606
6f6e4c29-e7d5-4f6d-9f65-9c03da9532c7	2	113623244	114619777	612	0.0221
6f6e4c29-e7d5-4f6d-9f65-9c03da9532c7	2	114622806	114643422	22	-0.759
6f6e4c29-e7d5-4f6d-9f65-9c03da9532c7	2	114645637	125200136	6715	-0.0121
6f6e4c29-e7d5-4f6d-9f65-9c03da9532c7	2	125201156	125242411	27	-0.4123
6f6e4c29-e7d5-4f6d-9f65-9c03da9532c7	2	125242793	127084661	1173	0.0111
6f6e4c29-e7d5-4f6d-9f65-9c03da9532c7	2	127084748	127101070	13	-0.5741
6f6e4c29-e7d5-4f6d-9f65-9c03da9532c7	2	127103254	131458124	2348	-0.0028
6f6e4c29-e7d5-4f6d-9f65-9c03da9532c7	2	131464435	131468795	3	-1.7533
6f6e4c29-e7d5-4f6d-9f65-9c03da9532c7	2	131472229	146106861	9085	-0.0036
6f6e4c29-e7d5-4f6d-9f65-9c03da9532c7	2	146106875	146120827	24	0.4794
6f6e4c29-e7d5-4f6d-9f65-9c03da9532c7	2	146120842	155525107	5691	0.0001
6f6e4c29-e7d5-4f6d-9f65-9c03da9532c7	2	155525447	155534378	9	-0.8915
6f6e4c29-e7d5-4f6d-9f65-9c03da9532c7	2	155542112	183944067	17567	-0.0007
6f6e4c29-e7d5-4f6d-9f65-9c03da9532c7	2	183946220	184286588	240	-0.0891
6f6e4c29-e7d5-4f6d-9f65-9c03da9532c7	2	184290169	184306640	15	-0.5752
6f6e4c29-e7d5-4f6d-9f65-9c03da9532c7	2	184309201	185255084	580	-0.073
6f6e4c29-e7d5-4f6d-9f65-9c03da9532c7	2	185260011	185436134	90	0.0472
6f6e4c29-e7d5-4f6d-9f65-9c03da9532c7	2	185437194	185870749	193	-0.2965
6f6e4c29-e7d5-4f6d-9f65-9c03da9532c7	2	185876600	187272855	743	-0.0162
6f6e4c29-e7d5-4f6d-9f65-9c03da9532c7	2	187273124	187275757	3	-1.734
6f6e4c29-e7d5-4f6d-9f65-9c03da9532c7	2	187276963	192323721	2974	-0.0004
6f6e4c29-e7d5-4f6d-9f65-9c03da9532c7	2	192325754	192340637	12	-0.6168
6f6e4c29-e7d5-4f6d-9f65-9c03da9532c7	2	192342264	192865356	267	-0.0375
6f6e4c29-e7d5-4f6d-9f65-9c03da9532c7	2	192865867	192873004	8	-0.7172
6f6e4c29-e7d5-4f6d-9f65-9c03da9532c7	2	192876535	194764267	921	-0.0458
6f6e4c29-e7d5-4f6d-9f65-9c03da9532c7	2	194770740	195326661	347	-0.2149
6f6e4c29-e7d5-4f6d-9f65-9c03da9532c7	2	195341050	212299318	10271	0.0033
6f6e4c29-e7d5-4f6d-9f65-9c03da9532c7	2	212299741	212316590	25	-0.5877
6f6e4c29-e7d5-4f6d-9f65-9c03da9532c7	2	212316597	242147305	19018	0.0002
6f6e4c29-e7d5-4f6d-9f65-9c03da9532c7	3	20930	2702004	2327	-0.071
6f6e4c29-e7d5-4f6d-9f65-9c03da9532c7	3	2702206	7045070	3857	-0.021
6f6e4c29-e7d5-4f6d-9f65-9c03da9532c7	3	7045315	7063876	20	-0.5373
6f6e4c29-e7d5-4f6d-9f65-9c03da9532c7	3	7064683	20471276	9157	0.0003
6f6e4c29-e7d5-4f6d-9f65-9c03da9532c7	3	20471956	22678735	1754	-0.0582
6f6e4c29-e7d5-4f6d-9f65-9c03da9532c7	3	22678829	28538297	4135	-0.0106
6f6e4c29-e7d5-4f6d-9f65-9c03da9532c7	3	28540581	28547383	4	-1.5959
6f6e4c29-e7d5-4f6d-9f65-9c03da9532c7	3	28547838	31442209	2239	-0.0056
6f6e4c29-e7d5-4f6d-9f65-9c03da9532c7	3	31443689	31443910	3	-1.8492
6f6e4c29-e7d5-4f6d-9f65-9c03da9532c7	3	31446153	77513618	30273	0.0033
6f6e4c29-e7d5-4f6d-9f65-9c03da9532c7	3	77514655	77547206	22	-0.6166
6f6e4c29-e7d5-4f6d-9f65-9c03da9532c7	3	77547309	89826440	6796	-0.0229
6f6e4c29-e7d5-4f6d-9f65-9c03da9532c7	3	89830775	89830994	2	-2.0031
6f6e4c29-e7d5-4f6d-9f65-9c03da9532c7	3	89838281	104825564	6318	-0.011
6f6e4c29-e7d5-4f6d-9f65-9c03da9532c7	3	104825635	104830046	6	-0.8909
6f6e4c29-e7d5-4f6d-9f65-9c03da9532c7	3	104830124	105544264	468	-0.0605
6f6e4c29-e7d5-4f6d-9f65-9c03da9532c7	3	105544780	105551377	12	-1.05
6f6e4c29-e7d5-4f6d-9f65-9c03da9532c7	3	105551706	114936935	5699	-0.0055
6f6e4c29-e7d5-4f6d-9f65-9c03da9532c7	3	114941745	114942097	6	-1.0347
6f6e4c29-e7d5-4f6d-9f65-9c03da9532c7	3	114950103	130047743	9217	-0.0052
6f6e4c29-e7d5-4f6d-9f65-9c03da9532c7	3	130057015	130087393	36	-0.3782
6f6e4c29-e7d5-4f6d-9f65-9c03da9532c7	3	130088081	162773237	20209	-0.0071
6f6e4c29-e7d5-4f6d-9f65-9c03da9532c7	3	162773276	162777833	9	-0.8451
6f6e4c29-e7d5-4f6d-9f65-9c03da9532c7	3	162778121	162790480	9	0.0641
6f6e4c29-e7d5-4f6d-9f65-9c03da9532c7	3	162794869	162916527	90	-1.475
6f6e4c29-e7d5-4f6d-9f65-9c03da9532c7	3	162927179	163169139	159	-0.0229
6f6e4c29-e7d5-4f6d-9f65-9c03da9532c7	3	163177451	163189111	18	-0.446
6f6e4c29-e7d5-4f6d-9f65-9c03da9532c7	3	163189819	163254043	49	0.0311
6f6e4c29-e7d5-4f6d-9f65-9c03da9532c7	3	163258345	163265408	6	-0.6418
6f6e4c29-e7d5-4f6d-9f65-9c03da9532c7	3	163273076	163809435	247	0.0091
6f6e4c29-e7d5-4f6d-9f65-9c03da9532c7	3	163809988	163835966	12	-0.3757
6f6e4c29-e7d5-4f6d-9f65-9c03da9532c7	3	163836319	163941155	67	-0.0256
6f6e4c29-e7d5-4f6d-9f65-9c03da9532c7	3	163941157	163944509	7	0.608
6f6e4c29-e7d5-4f6d-9f65-9c03da9532c7	3	163944558	164991161	574	-0.0297
6f6e4c29-e7d5-4f6d-9f65-9c03da9532c7	3	164993409	165073365	37	-0.3846
6f6e4c29-e7d5-4f6d-9f65-9c03da9532c7	3	165081291	166338613	788	-0.031
6f6e4c29-e7d5-4f6d-9f65-9c03da9532c7	3	166338953	166347032	6	-1.942
6f6e4c29-e7d5-4f6d-9f65-9c03da9532c7	3	166350305	166387818	25	-0.1443
6f6e4c29-e7d5-4f6d-9f65-9c03da9532c7	3	166388418	166400378	6	-1.5287
6f6e4c29-e7d5-4f6d-9f65-9c03da9532c7	3	166401003	168980065	1384	-0.019
6f6e4c29-e7d5-4f6d-9f65-9c03da9532c7	3	168980794	168986557	8	-0.7069
6f6e4c29-e7d5-4f6d-9f65-9c03da9532c7	3	168988895	173438892	2861	-0.0034
6f6e4c29-e7d5-4f6d-9f65-9c03da9532c7	3	173443991	173837632	287	-0.1596
6f6e4c29-e7d5-4f6d-9f65-9c03da9532c7	3	173840047	175413694	1127	-0.0048
6f6e4c29-e7d5-4f6d-9f65-9c03da9532c7	3	175418407	176058360	375	-0.159
6f6e4c29-e7d5-4f6d-9f65-9c03da9532c7	3	176059319	192776151	10802	0.0039
6f6e4c29-e7d5-4f6d-9f65-9c03da9532c7	3	192778565	192778622	2	-1.8224
6f6e4c29-e7d5-4f6d-9f65-9c03da9532c7	3	192778722	193160113	266	0.0256
6f6e4c29-e7d5-4f6d-9f65-9c03da9532c7	3	193160173	193165114	19	-1.4099
6f6e4c29-e7d5-4f6d-9f65-9c03da9532c7	3	193168646	198169247	2691	0.0195
6f6e4c29-e7d5-4f6d-9f65-9c03da9532c7	4	68929	10208766	5697	0.0077
6f6e4c29-e7d5-4f6d-9f65-9c03da9532c7	4	10221792	10233383	32	-2.2139
6f6e4c29-e7d5-4f6d-9f65-9c03da9532c7	4	10233542	23278352	9493	-0.0051
6f6e4c29-e7d5-4f6d-9f65-9c03da9532c7	4	23278490	23278497	2	-2.8034
6f6e4c29-e7d5-4f6d-9f65-9c03da9532c7	4	23278812	28942182	3871	-0.0035
6f6e4c29-e7d5-4f6d-9f65-9c03da9532c7	4	28942417	28950863	25	-1.0581
6f6e4c29-e7d5-4f6d-9f65-9c03da9532c7	4	28952013	57767078	16626	-0.0086
6f6e4c29-e7d5-4f6d-9f65-9c03da9532c7	4	57771415	57775608	9	-1.0643
6f6e4c29-e7d5-4f6d-9f65-9c03da9532c7	4	57777351	60549763	1675	-0.001
6f6e4c29-e7d5-4f6d-9f65-9c03da9532c7	4	60550559	60568609	20	-0.5786
6f6e4c29-e7d5-4f6d-9f65-9c03da9532c7	4	60570997	68506285	4697	-0.0143
6f6e4c29-e7d5-4f6d-9f65-9c03da9532c7	4	68509223	68686026	72	0.4556
6f6e4c29-e7d5-4f6d-9f65-9c03da9532c7	4	68725894	68927100	123	-0.057
6f6e4c29-e7d5-4f6d-9f65-9c03da9532c7	4	68928185	69450639	288	-0.1974
6f6e4c29-e7d5-4f6d-9f65-9c03da9532c7	4	69452478	69636564	165	0.0155
6f6e4c29-e7d5-4f6d-9f65-9c03da9532c7	4	69636668	69641396	4	-0.8763
6f6e4c29-e7d5-4f6d-9f65-9c03da9532c7	4	69643519	70002770	189	0.0101
6f6e4c29-e7d5-4f6d-9f65-9c03da9532c7	4	70002990	70010026	6	-0.965
6f6e4c29-e7d5-4f6d-9f65-9c03da9532c7	4	70010883	70356095	222	-0.0304
6f6e4c29-e7d5-4f6d-9f65-9c03da9532c7	4	70359986	70369584	25	-0.4169
6f6e4c29-e7d5-4f6d-9f65-9c03da9532c7	4	70369959	76363853	3585	-0.0083
6f6e4c29-e7d5-4f6d-9f65-9c03da9532c7	4	76364243	76438636	49	-0.3494
6f6e4c29-e7d5-4f6d-9f65-9c03da9532c7	4	76438790	91469191	9466	-0.0022
6f6e4c29-e7d5-4f6d-9f65-9c03da9532c7	4	91469257	91552549	53	-0.2057
6f6e4c29-e7d5-4f6d-9f65-9c03da9532c7	4	91556321	91560923	6	-0.829
6f6e4c29-e7d5-4f6d-9f65-9c03da9532c7	4	91563123	91584883	15	-0.2757
6f6e4c29-e7d5-4f6d-9f65-9c03da9532c7	4	91591470	92659033	528	-0.0264
6f6e4c29-e7d5-4f6d-9f65-9c03da9532c7	4	92660124	92667584	2	-1.8784
6f6e4c29-e7d5-4f6d-9f65-9c03da9532c7	4	92671506	114252500	12921	-0.0057
6f6e4c29-e7d5-4f6d-9f65-9c03da9532c7	4	114252544	114263234	31	-1.4484
6f6e4c29-e7d5-4f6d-9f65-9c03da9532c7	4	114264667	116930051	1614	-0.037
6f6e4c29-e7d5-4f6d-9f65-9c03da9532c7	4	116930354	116947492	22	-0.7145
6f6e4c29-e7d5-4f6d-9f65-9c03da9532c7	4	116947643	121350460	2680	-0.0076
6f6e4c29-e7d5-4f6d-9f65-9c03da9532c7	4	121350582	121360818	5	-0.5668
6f6e4c29-e7d5-4f6d-9f65-9c03da9532c7	4	121361313	121361962	10	-1.4737
6f6e4c29-e7d5-4f6d-9f65-9c03da9532c7	4	121361977	121370367	20	-0.8634
6f6e4c29-e7d5-4f6d-9f65-9c03da9532c7	4	121371000	137016122	8733	-0.0125
6f6e4c29-e7d5-4f6d-9f65-9c03da9532c7	4	137016180	137018802	22	-0.6469
6f6e4c29-e7d5-4f6d-9f65-9c03da9532c7	4	137018817	137205748	135	-0.0257
6f6e4c29-e7d5-4f6d-9f65-9c03da9532c7	4	137205787	137219495	17	-0.4379
6f6e4c29-e7d5-4f6d-9f65-9c03da9532c7	4	137219812	148564535	7025	-0.0009
6f6e4c29-e7d5-4f6d-9f65-9c03da9532c7	4	148564636	148565477	2	-2.0749
6f6e4c29-e7d5-4f6d-9f65-9c03da9532c7	4	148572041	150955199	1274	-0.0086
6f6e4c29-e7d5-4f6d-9f65-9c03da9532c7	4	150955254	150963158	24	-0.7376
6f6e4c29-e7d5-4f6d-9f65-9c03da9532c7	4	150964975	161017676	6393	-0.0018
6f6e4c29-e7d5-4f6d-9f65-9c03da9532c7	4	161019769	161135340	88	-0.2346
6f6e4c29-e7d5-4f6d-9f65-9c03da9532c7	4	161138477	166178764	3253	-0.0114
6f6e4c29-e7d5-4f6d-9f65-9c03da9532c7	4	166179055	166180446	2	-2.0565
6f6e4c29-e7d5-4f6d-9f65-9c03da9532c7	4	166183793	171448195	3258	-0.0025
6f6e4c29-e7d5-4f6d-9f65-9c03da9532c7	4	171453733	171456625	12	1.0359
6f6e4c29-e7d5-4f6d-9f65-9c03da9532c7	4	171459220	178318447	4180	-0.0123
6f6e4c29-e7d5-4f6d-9f65-9c03da9532c7	4	178320828	178324622	2	-4.1911
6f6e4c29-e7d5-4f6d-9f65-9c03da9532c7	4	178325820	178762249	335	-0.1153
6f6e4c29-e7d5-4f6d-9f65-9c03da9532c7	4	178768996	190106768	7949	0.0064
6f6e4c29-e7d5-4f6d-9f65-9c03da9532c7	5	15532	685633	305	0.0553
6f6e4c29-e7d5-4f6d-9f65-9c03da9532c7	5	698256	825538	46	0.9411
6f6e4c29-e7d5-4f6d-9f65-9c03da9532c7	5	833513	18868876	13820	0.008
6f6e4c29-e7d5-4f6d-9f65-9c03da9532c7	5	18873939	19003781	77	-0.2735
6f6e4c29-e7d5-4f6d-9f65-9c03da9532c7	5	19004543	19280776	172	-0.0076
6f6e4c29-e7d5-4f6d-9f65-9c03da9532c7	5	19282974	19287348	4	-1.2366
6f6e4c29-e7d5-4f6d-9f65-9c03da9532c7	5	19289991	21449167	1257	-0.0259
6f6e4c29-e7d5-4f6d-9f65-9c03da9532c7	5	21451091	21452329	5	-2.3104
6f6e4c29-e7d5-4f6d-9f65-9c03da9532c7	5	21452387	45980007	14874	-0.0051
6f6e4c29-e7d5-4f6d-9f65-9c03da9532c7	5	45981964	46365339	72	-0.5036
6f6e4c29-e7d5-4f6d-9f65-9c03da9532c7	5	46377225	58025819	5051	-0.0012
6f6e4c29-e7d5-4f6d-9f65-9c03da9532c7	5	58030200	58045187	35	-0.4385
6f6e4c29-e7d5-4f6d-9f65-9c03da9532c7	5	58045317	63170124	3367	-0.0028
6f6e4c29-e7d5-4f6d-9f65-9c03da9532c7	5	63170131	63677362	298	-0.15
6f6e4c29-e7d5-4f6d-9f65-9c03da9532c7	5	63685742	82765591	10944	-0.0014
6f6e4c29-e7d5-4f6d-9f65-9c03da9532c7	5	82768029	82768221	2	-2.4724
6f6e4c29-e7d5-4f6d-9f65-9c03da9532c7	5	82771326	99165649	9089	-0.0126
6f6e4c29-e7d5-4f6d-9f65-9c03da9532c7	5	99167137	99714556	284	-0.1555
6f6e4c29-e7d5-4f6d-9f65-9c03da9532c7	5	99716976	99727144	8	-1.5453
6f6e4c29-e7d5-4f6d-9f65-9c03da9532c7	5	99739211	100112664	260	-0.1085
6f6e4c29-e7d5-4f6d-9f65-9c03da9532c7	5	100123853	100127147	4	-1.6328
6f6e4c29-e7d5-4f6d-9f65-9c03da9532c7	5	100127490	100197102	36	-0.178
6f6e4c29-e7d5-4f6d-9f65-9c03da9532c7	5	100198392	100206262	9	-1.3603
6f6e4c29-e7d5-4f6d-9f65-9c03da9532c7	5	100206378	100457375	126	-0.104
6f6e4c29-e7d5-4f6d-9f65-9c03da9532c7	5	100457908	101416483	541	-0.0503
6f6e4c29-e7d5-4f6d-9f65-9c03da9532c7	5	101418202	101426071	14	-0.7312
6f6e4c29-e7d5-4f6d-9f65-9c03da9532c7	5	101431087	104515520	1801	-0.0267
6f6e4c29-e7d5-4f6d-9f65-9c03da9532c7	5	104524672	104524903	4	-1.5974
6f6e4c29-e7d5-4f6d-9f65-9c03da9532c7	5	104525348	105236188	539	-0.0357
6f6e4c29-e7d5-4f6d-9f65-9c03da9532c7	5	105236926	105245290	9	-0.9576
6f6e4c29-e7d5-4f6d-9f65-9c03da9532c7	5	105246488	106706350	738	-0.0249
6f6e4c29-e7d5-4f6d-9f65-9c03da9532c7	5	106706432	106921091	149	-0.1817
6f6e4c29-e7d5-4f6d-9f65-9c03da9532c7	5	106921203	110054105	2095	-0.0035
6f6e4c29-e7d5-4f6d-9f65-9c03da9532c7	5	110054129	110054244	3	1.4126
6f6e4c29-e7d5-4f6d-9f65-9c03da9532c7	5	110054305	110417260	262	-0.0131
6f6e4c29-e7d5-4f6d-9f65-9c03da9532c7	5	110418590	110435468	14	-0.6152
6f6e4c29-e7d5-4f6d-9f65-9c03da9532c7	5	110437516	111101795	367	-0.0504
6f6e4c29-e7d5-4f6d-9f65-9c03da9532c7	5	111101939	111107582	10	-0.8218
6f6e4c29-e7d5-4f6d-9f65-9c03da9532c7	5	111119258	112764827	1206	-0.0036
6f6e4c29-e7d5-4f6d-9f65-9c03da9532c7	5	112764851	112764867	2	-2.7275
6f6e4c29-e7d5-4f6d-9f65-9c03da9532c7	5	112765061	168004263	36019	-0.0053
6f6e4c29-e7d5-4f6d-9f65-9c03da9532c7	5	168004643	168007676	4	-1.513
6f6e4c29-e7d5-4f6d-9f65-9c03da9532c7	5	168008497	179504309	7711	0.0035
6f6e4c29-e7d5-4f6d-9f65-9c03da9532c7	5	179509604	179510391	5	-1.3378
6f6e4c29-e7d5-4f6d-9f65-9c03da9532c7	5	179513195	180846325	782	0.0242
6f6e4c29-e7d5-4f6d-9f65-9c03da9532c7	5	180846742	180847386	4	-1.2735
6f6e4c29-e7d5-4f6d-9f65-9c03da9532c7	5	180847654	180953203	47	-0.0383
6f6e4c29-e7d5-4f6d-9f65-9c03da9532c7	5	180960138	180990614	13	0.8367
6f6e4c29-e7d5-4f6d-9f65-9c03da9532c7	5	180990660	181363319	173	0.0577
6f6e4c29-e7d5-4f6d-9f65-9c03da9532c7	6	149661	254283	101	0.0211
6f6e4c29-e7d5-4f6d-9f65-9c03da9532c7	6	257353	373453	94	0.2162
6f6e4c29-e7d5-4f6d-9f65-9c03da9532c7	6	375277	16086019	12348	0.0056
6f6e4c29-e7d5-4f6d-9f65-9c03da9532c7	6	16087003	16087418	2	-1.6181
6f6e4c29-e7d5-4f6d-9f65-9c03da9532c7	6	16088037	16258282	112	0.021
6f6e4c29-e7d5-4f6d-9f65-9c03da9532c7	6	16261368	16265011	3	-1.1455
6f6e4c29-e7d5-4f6d-9f65-9c03da9532c7	6	16269873	24946443	6364	0.0099
6f6e4c29-e7d5-4f6d-9f65-9c03da9532c7	6	24947544	24947577	2	1.5336
6f6e4c29-e7d5-4f6d-9f65-9c03da9532c7	6	24950971	29869295	2599	0.0103
6f6e4c29-e7d5-4f6d-9f65-9c03da9532c7	6	29869410	29881490	16	-1.0408
6f6e4c29-e7d5-4f6d-9f65-9c03da9532c7	6	29882419	32507164	1177	0.0272
6f6e4c29-e7d5-4f6d-9f65-9c03da9532c7	6	32510338	32656527	50	0.4893
6f6e4c29-e7d5-4f6d-9f65-9c03da9532c7	6	32656814	32718419	41	0.0464
6f6e4c29-e7d5-4f6d-9f65-9c03da9532c7	6	32720838	32722250	8	0.6736
6f6e4c29-e7d5-4f6d-9f65-9c03da9532c7	6	32723020	32723053	3	2.7659
6f6e4c29-e7d5-4f6d-9f65-9c03da9532c7	6	32732907	35536371	1574	0.029
6f6e4c29-e7d5-4f6d-9f65-9c03da9532c7	6	35537534	35597034	31	0.6626
6f6e4c29-e7d5-4f6d-9f65-9c03da9532c7	6	35600797	49956694	9273	0.0021
6f6e4c29-e7d5-4f6d-9f65-9c03da9532c7	6	49960403	49970920	10	-0.9487
6f6e4c29-e7d5-4f6d-9f65-9c03da9532c7	6	49976420	54066353	2746	0.0028
6f6e4c29-e7d5-4f6d-9f65-9c03da9532c7	6	54066432	54067057	6	1.1524
6f6e4c29-e7d5-4f6d-9f65-9c03da9532c7	6	54070550	65072069	4509	-0.0233
6f6e4c29-e7d5-4f6d-9f65-9c03da9532c7	6	65072090	65213064	114	-0.2263
6f6e4c29-e7d5-4f6d-9f65-9c03da9532c7	6	65213224	65683455	296	0.0108
6f6e4c29-e7d5-4f6d-9f65-9c03da9532c7	6	65684197	65693959	24	-0.9129
6f6e4c29-e7d5-4f6d-9f65-9c03da9532c7	6	65697234	66298369	382	-0.0138
6f6e4c29-e7d5-4f6d-9f65-9c03da9532c7	6	66298393	66328153	35	-0.9116
6f6e4c29-e7d5-4f6d-9f65-9c03da9532c7	6	66331020	66333004	6	-2.5797
6f6e4c29-e7d5-4f6d-9f65-9c03da9532c7	6	66333299	66339513	16	-0.8817
6f6e4c29-e7d5-4f6d-9f65-9c03da9532c7	6	66339706	66963003	497	-0.012
6f6e4c29-e7d5-4f6d-9f65-9c03da9532c7	6	66965207	66978368	31	-0.8807
6f6e4c29-e7d5-4f6d-9f65-9c03da9532c7	6	66978390	67076038	98	0.0373
6f6e4c29-e7d5-4f6d-9f65-9c03da9532c7	6	67076077	67085764	14	-0.8243
6f6e4c29-e7d5-4f6d-9f65-9c03da9532c7	6	67085860	67770088	438	-0.0268
6f6e4c29-e7d5-4f6d-9f65-9c03da9532c7	6	67775271	67779200	9	-0.8998
6f6e4c29-e7d5-4f6d-9f65-9c03da9532c7	6	67782555	76305231	5386	-0.0119
6f6e4c29-e7d5-4f6d-9f65-9c03da9532c7	6	76307183	76307209	3	1.4709
6f6e4c29-e7d5-4f6d-9f65-9c03da9532c7	6	76307276	76726815	296	-0.0176
6f6e4c29-e7d5-4f6d-9f65-9c03da9532c7	6	76730151	76742956	19	-0.8479
6f6e4c29-e7d5-4f6d-9f65-9c03da9532c7	6	76742972	78262064	981	-0.0222
6f6e4c29-e7d5-4f6d-9f65-9c03da9532c7	6	78262085	78325468	106	-0.9615
6f6e4c29-e7d5-4f6d-9f65-9c03da9532c7	6	78329517	81710405	2242	-0.0245
6f6e4c29-e7d5-4f6d-9f65-9c03da9532c7	6	81710811	81720089	9	-0.8907
6f6e4c29-e7d5-4f6d-9f65-9c03da9532c7	6	81721994	93120076	7206	-0.0074
6f6e4c29-e7d5-4f6d-9f65-9c03da9532c7	6	93120379	93133530	15	-0.7022
6f6e4c29-e7d5-4f6d-9f65-9c03da9532c7	6	93136919	93320064	134	0.0048
6f6e4c29-e7d5-4f6d-9f65-9c03da9532c7	6	93322382	93345150	23	-0.3631
6f6e4c29-e7d5-4f6d-9f65-9c03da9532c7	6	93345329	93755701	255	-0.025
6f6e4c29-e7d5-4f6d-9f65-9c03da9532c7	6	93757988	94496222	489	-0.1406
6f6e4c29-e7d5-4f6d-9f65-9c03da9532c7	6	94500125	94500595	4	-1.2841
6f6e4c29-e7d5-4f6d-9f65-9c03da9532c7	6	94501324	94919986	277	-0.1488
6f6e4c29-e7d5-4f6d-9f65-9c03da9532c7	6	94920300	101959168	4023	-0.0128
6f6e4c29-e7d5-4f6d-9f65-9c03da9532c7	6	101960757	101971366	14	-0.544
6f6e4c29-e7d5-4f6d-9f65-9c03da9532c7	6	101971438	103280350	762	-0.0468
6f6e4c29-e7d5-4f6d-9f65-9c03da9532c7	6	103282618	103304152	33	-0.4087
6f6e4c29-e7d5-4f6d-9f65-9c03da9532c7	6	103304167	103897852	418	-0.0186
6f6e4c29-e7d5-4f6d-9f65-9c03da9532c7	6	103900077	104074476	83	-0.214
6f6e4c29-e7d5-4f6d-9f65-9c03da9532c7	6	104075221	114870280	6749	-0.0017
6f6e4c29-e7d5-4f6d-9f65-9c03da9532c7	6	114870418	114887108	10	-0.8026
6f6e4c29-e7d5-4f6d-9f65-9c03da9532c7	6	114887578	168226744	35212	0.0002
6f6e4c29-e7d5-4f6d-9f65-9c03da9532c7	6	168233291	168238232	5	-1.2844
6f6e4c29-e7d5-4f6d-9f65-9c03da9532c7	6	168243338	170741917	1643	0.0228
6f6e4c29-e7d5-4f6d-9f65-9c03da9532c7	7	43355	8158980	4529	0.0145
6f6e4c29-e7d5-4f6d-9f65-9c03da9532c7	7	8158992	10352787	1807	-0.0701
6f6e4c29-e7d5-4f6d-9f65-9c03da9532c7	7	10353228	11705887	1062	-0.0038
6f6e4c29-e7d5-4f6d-9f65-9c03da9532c7	7	11708037	11712502	6	-0.9424
6f6e4c29-e7d5-4f6d-9f65-9c03da9532c7	7	11713570	16857254	4161	-0.0168
6f6e4c29-e7d5-4f6d-9f65-9c03da9532c7	7	16859573	16875812	16	-0.9741
6f6e4c29-e7d5-4f6d-9f65-9c03da9532c7	7	16878609	18866918	1525	-0.0307
6f6e4c29-e7d5-4f6d-9f65-9c03da9532c7	7	18867273	19466921	705	-0.1151
6f6e4c29-e7d5-4f6d-9f65-9c03da9532c7	7	19467692	19474724	15	-0.9203
6f6e4c29-e7d5-4f6d-9f65-9c03da9532c7	7	19475700	19751853	196	-0.149
6f6e4c29-e7d5-4f6d-9f65-9c03da9532c7	7	19751962	38248326	13306	0.0039
6f6e4c29-e7d5-4f6d-9f65-9c03da9532c7	7	38251092	38345240	120	-0.2524
6f6e4c29-e7d5-4f6d-9f65-9c03da9532c7	7	38347190	57876479	13020	0.0007
6f6e4c29-e7d5-4f6d-9f65-9c03da9532c7	7	57890798	62620363	69	-0.253
6f6e4c29-e7d5-4f6d-9f65-9c03da9532c7	7	62643000	62663696	17	-1.1676
6f6e4c29-e7d5-4f6d-9f65-9c03da9532c7	7	62695960	62737324	24	-0.1019
6f6e4c29-e7d5-4f6d-9f65-9c03da9532c7	7	62769952	62835809	12	-0.9586
6f6e4c29-e7d5-4f6d-9f65-9c03da9532c7	7	62835861	62925725	22	0.1531
6f6e4c29-e7d5-4f6d-9f65-9c03da9532c7	7	62933040	62958590	5	-1.0117
6f6e4c29-e7d5-4f6d-9f65-9c03da9532c7	7	62976994	70955452	3945	0.005
6f6e4c29-e7d5-4f6d-9f65-9c03da9532c7	7	70958264	70961155	2	-2.4649
6f6e4c29-e7d5-4f6d-9f65-9c03da9532c7	7	70963257	75808367	1863	0.0042
6f6e4c29-e7d5-4f6d-9f65-9c03da9532c7	7	75809445	75809462	2	-1.8358
6f6e4c29-e7d5-4f6d-9f65-9c03da9532c7	7	75810378	76524031	273	0.0093
6f6e4c29-e7d5-4f6d-9f65-9c03da9532c7	7	76524046	76531980	3	-1.7198
6f6e4c29-e7d5-4f6d-9f65-9c03da9532c7	7	76531991	84567508	5361	0.0027
6f6e4c29-e7d5-4f6d-9f65-9c03da9532c7	7	84568129	84583038	17	-0.6834
6f6e4c29-e7d5-4f6d-9f65-9c03da9532c7	7	84583506	85545691	540	-0.0502
6f6e4c29-e7d5-4f6d-9f65-9c03da9532c7	7	85548010	85572342	26	-0.4451
6f6e4c29-e7d5-4f6d-9f65-9c03da9532c7	7	85581394	85589423	4	-2.1161
6f6e4c29-e7d5-4f6d-9f65-9c03da9532c7	7	85589787	88494386	1627	-0.0178
6f6e4c29-e7d5-4f6d-9f65-9c03da9532c7	7	88494947	90070141	1054	-0.1317
6f6e4c29-e7d5-4f6d-9f65-9c03da9532c7	7	90071324	126995046	21967	-0.0068
6f6e4c29-e7d5-4f6d-9f65-9c03da9532c7	7	127000454	127002867	11	-1.1802
6f6e4c29-e7d5-4f6d-9f65-9c03da9532c7	7	127008002	159334314	20370	0.0057
6f6e4c29-e7d5-4f6d-9f65-9c03da9532c7	8	81254	460640	199	0.6183
6f6e4c29-e7d5-4f6d-9f65-9c03da9532c7	8	462267	644973	125	0.0123
6f6e4c29-e7d5-4f6d-9f65-9c03da9532c7	8	645220	645875	6	0.7763
6f6e4c29-e7d5-4f6d-9f65-9c03da9532c7	8	645892	645908	2	4.2304
6f6e4c29-e7d5-4f6d-9f65-9c03da9532c7	8	656117	2132302	1139	0.0027
6f6e4c29-e7d5-4f6d-9f65-9c03da9532c7	8	2132407	2132508	2	-2.6227
6f6e4c29-e7d5-4f6d-9f65-9c03da9532c7	8	2132541	7182331	6240	-0.0015
6f6e4c29-e7d5-4f6d-9f65-9c03da9532c7	8	7185818	7357997	10	-1.4488
6f6e4c29-e7d5-4f6d-9f65-9c03da9532c7	8	7358220	7380497	15	-2.8197
6f6e4c29-e7d5-4f6d-9f65-9c03da9532c7	8	7396819	7537162	16	-1.1753
6f6e4c29-e7d5-4f6d-9f65-9c03da9532c7	8	7598502	8528287	317	0.0212
6f6e4c29-e7d5-4f6d-9f65-9c03da9532c7	8	8528640	8528847	3	-1.8921
6f6e4c29-e7d5-4f6d-9f65-9c03da9532c7	8	8528932	9538675	977	0.0113
6f6e4c29-e7d5-4f6d-9f65-9c03da9532c7	8	9538949	9539139	2	-3.1024
6f6e4c29-e7d5-4f6d-9f65-9c03da9532c7	8	9539828	9634550	59	0.0686
6f6e4c29-e7d5-4f6d-9f65-9c03da9532c7	8	9634719	9644751	14	-0.6806
6f6e4c29-e7d5-4f6d-9f65-9c03da9532c7	8	9644826	12376891	1890	0.0152
6f6e4c29-e7d5-4f6d-9f65-9c03da9532c7	8	12382326	12649562	47	-0.3982
6f6e4c29-e7d5-4f6d-9f65-9c03da9532c7	8	12670919	13566410	819	-0.0015
6f6e4c29-e7d5-4f6d-9f65-9c03da9532c7	8	13569284	13801442	292	-0.1273
6f6e4c29-e7d5-4f6d-9f65-9c03da9532c7	8	13801993	16461356	2440	-0.0016
6f6e4c29-e7d5-4f6d-9f65-9c03da9532c7	8	16465537	16469783	8	-0.9016
6f6e4c29-e7d5-4f6d-9f65-9c03da9532c7	8	16470205	25116961	6815	0.0077
6f6e4c29-e7d5-4f6d-9f65-9c03da9532c7	8	25117007	25126735	24	0.6242
6f6e4c29-e7d5-4f6d-9f65-9c03da9532c7	8	25126818	39373140	9001	0.0015
6f6e4c29-e7d5-4f6d-9f65-9c03da9532c7	8	39378084	39529446	59	-2.3149
6f6e4c29-e7d5-4f6d-9f65-9c03da9532c7	8	39530780	39718804	116	-0.0142
6f6e4c29-e7d5-4f6d-9f65-9c03da9532c7	8	39719324	39719784	2	-1.2719
6f6e4c29-e7d5-4f6d-9f65-9c03da9532c7	8	39720088	40326278	472	-0.0075
6f6e4c29-e7d5-4f6d-9f65-9c03da9532c7	8	40326280	40331992	33	-0.8825
6f6e4c29-e7d5-4f6d-9f65-9c03da9532c7	8	40335391	43559012	1897	-0.0089
6f6e4c29-e7d5-4f6d-9f65-9c03da9532c7	8	43561596	43665212	19	-0.8278
6f6e4c29-e7d5-4f6d-9f65-9c03da9532c7	8	43673073	43749219	12	-0.0043
6f6e4c29-e7d5-4f6d-9f65-9c03da9532c7	8	43749343	43781896	7	-1.1746
6f6e4c29-e7d5-4f6d-9f65-9c03da9532c7	8	43800087	43802560	5	-2.4476
6f6e4c29-e7d5-4f6d-9f65-9c03da9532c7	8	43807613	43862525	8	-1.2608
6f6e4c29-e7d5-4f6d-9f65-9c03da9532c7	8	43869321	46350533	112	0.0242
6f6e4c29-e7d5-4f6d-9f65-9c03da9532c7	8	46355238	46362963	3	-1.3818
6f6e4c29-e7d5-4f6d-9f65-9c03da9532c7	8	46366676	46486636	21	-0.1067
6f6e4c29-e7d5-4f6d-9f65-9c03da9532c7	8	46499689	46524995	13	-1.3095
6f6e4c29-e7d5-4f6d-9f65-9c03da9532c7	8	46536420	77487459	19140	0.0034
6f6e4c29-e7d5-4f6d-9f65-9c03da9532c7	8	77489790	77620527	80	-0.241
6f6e4c29-e7d5-4f6d-9f65-9c03da9532c7	8	77621907	77675899	33	0.0678
6f6e4c29-e7d5-4f6d-9f65-9c03da9532c7	8	77680268	77680573	3	-0.6237
6f6e4c29-e7d5-4f6d-9f65-9c03da9532c7	8	77681641	77843094	76	0.0283
6f6e4c29-e7d5-4f6d-9f65-9c03da9532c7	8	77844068	77851080	12	-0.5558
6f6e4c29-e7d5-4f6d-9f65-9c03da9532c7	8	77851919	94545481	9622	-0.0056
6f6e4c29-e7d5-4f6d-9f65-9c03da9532c7	8	94545553	94545764	4	1.1857
6f6e4c29-e7d5-4f6d-9f65-9c03da9532c7	8	94545887	100966690	3895	0.0135
6f6e4c29-e7d5-4f6d-9f65-9c03da9532c7	8	100970966	100983647	9	-0.9312
6f6e4c29-e7d5-4f6d-9f65-9c03da9532c7	8	100988999	145072769	29222	0.0035
6f6e4c29-e7d5-4f6d-9f65-9c03da9532c7	9	46587	559973	440	0.0441
6f6e4c29-e7d5-4f6d-9f65-9c03da9532c7	9	560077	560643	2	-1.7968
6f6e4c29-e7d5-4f6d-9f65-9c03da9532c7	9	561382	589252	32	-0.0214
6f6e4c29-e7d5-4f6d-9f65-9c03da9532c7	9	591967	608659	46	-0.8575
6f6e4c29-e7d5-4f6d-9f65-9c03da9532c7	9	608683	672786	130	-0.033
6f6e4c29-e7d5-4f6d-9f65-9c03da9532c7	9	672895	673512	5	-0.8051
6f6e4c29-e7d5-4f6d-9f65-9c03da9532c7	9	676055	678837	16	-0.113
6f6e4c29-e7d5-4f6d-9f65-9c03da9532c7	9	678845	678852	2	-2.244
6f6e4c29-e7d5-4f6d-9f65-9c03da9532c7	9	685819	2310765	1840	-0.0032
6f6e4c29-e7d5-4f6d-9f65-9c03da9532c7	9	2311415	3287307	947	-0.0673
6f6e4c29-e7d5-4f6d-9f65-9c03da9532c7	9	3288470	8949421	5101	0.0088
6f6e4c29-e7d5-4f6d-9f65-9c03da9532c7	9	8951249	8951951	5	-1.1889
6f6e4c29-e7d5-4f6d-9f65-9c03da9532c7	9	8952346	8986928	38	-0.2005
6f6e4c29-e7d5-4f6d-9f65-9c03da9532c7	9	8987006	9221297	193	0.0318
6f6e4c29-e7d5-4f6d-9f65-9c03da9532c7	9	9221787	12607155	2920	-0.085
6f6e4c29-e7d5-4f6d-9f65-9c03da9532c7	9	12608873	16898260	3560	0.0083
6f6e4c29-e7d5-4f6d-9f65-9c03da9532c7	9	16903448	16906361	5	-1.2036
6f6e4c29-e7d5-4f6d-9f65-9c03da9532c7	9	16906558	24479336	5886	0.0033
6f6e4c29-e7d5-4f6d-9f65-9c03da9532c7	9	24482508	24493360	17	-0.5004
6f6e4c29-e7d5-4f6d-9f65-9c03da9532c7	9	24493430	24514405	23	-0.0532
6f6e4c29-e7d5-4f6d-9f65-9c03da9532c7	9	24514688	24520086	11	-0.5359
6f6e4c29-e7d5-4f6d-9f65-9c03da9532c7	9	24520196	24786607	192	-0.0172
6f6e4c29-e7d5-4f6d-9f65-9c03da9532c7	9	24786756	24825178	39	-0.3527
6f6e4c29-e7d5-4f6d-9f65-9c03da9532c7	9	24827283	27504094	2004	-0.0218
6f6e4c29-e7d5-4f6d-9f65-9c03da9532c7	9	27508491	28194548	610	-1.0307
6f6e4c29-e7d5-4f6d-9f65-9c03da9532c7	9	28197094	28226005	32	-1.6836
6f6e4c29-e7d5-4f6d-9f65-9c03da9532c7	9	28227169	28356280	93	-1.1869
6f6e4c29-e7d5-4f6d-9f65-9c03da9532c7	9	28359879	29399552	740	-0.0476
6f6e4c29-e7d5-4f6d-9f65-9c03da9532c7	9	29400714	29425712	26	-0.6362
6f6e4c29-e7d5-4f6d-9f65-9c03da9532c7	9	29429574	29909870	344	-0.0156
6f6e4c29-e7d5-4f6d-9f65-9c03da9532c7	9	29912434	29915756	4	-0.8108
6f6e4c29-e7d5-4f6d-9f65-9c03da9532c7	9	29919133	29934165	16	-0.0281
6f6e4c29-e7d5-4f6d-9f65-9c03da9532c7	9	29934202	29962348	35	-0.4484
6f6e4c29-e7d5-4f6d-9f65-9c03da9532c7	9	29963162	41639988	5871	-0.0015
6f6e4c29-e7d5-4f6d-9f65-9c03da9532c7	9	41644133	41741113	13	1.0164
6f6e4c29-e7d5-4f6d-9f65-9c03da9532c7	9	42014203	42145255	13	-0.7423
6f6e4c29-e7d5-4f6d-9f65-9c03da9532c7	9	42148059	42156306	4	-2.5318
6f6e4c29-e7d5-4f6d-9f65-9c03da9532c7	9	42159409	64462508	196	-0.0401
6f6e4c29-e7d5-4f6d-9f65-9c03da9532c7	9	64467459	64672853	22	1.0115
6f6e4c29-e7d5-4f6d-9f65-9c03da9532c7	9	64794598	84381781	11619	0.0004
6f6e4c29-e7d5-4f6d-9f65-9c03da9532c7	9	84384786	84385368	2	-2.9745
6f6e4c29-e7d5-4f6d-9f65-9c03da9532c7	9	84385556	97611007	8952	0.0008
6f6e4c29-e7d5-4f6d-9f65-9c03da9532c7	9	97611077	97612072	2	-1.8206
6f6e4c29-e7d5-4f6d-9f65-9c03da9532c7	9	97614799	102079835	3035	0.0006
6f6e4c29-e7d5-4f6d-9f65-9c03da9532c7	9	102079870	102169373	82	-0.3154
6f6e4c29-e7d5-4f6d-9f65-9c03da9532c7	9	102175831	102183261	17	0.0141
6f6e4c29-e7d5-4f6d-9f65-9c03da9532c7	9	102183960	102213071	23	-0.861
6f6e4c29-e7d5-4f6d-9f65-9c03da9532c7	9	102217289	103956075	1190	-0.0283
6f6e4c29-e7d5-4f6d-9f65-9c03da9532c7	9	103958926	103970563	12	-0.6636
6f6e4c29-e7d5-4f6d-9f65-9c03da9532c7	9	103970863	116094241	9246	0.0011
6f6e4c29-e7d5-4f6d-9f65-9c03da9532c7	9	116094488	116097104	3	-2.4746
6f6e4c29-e7d5-4f6d-9f65-9c03da9532c7	9	116098328	135319522	12595	0.0023
6f6e4c29-e7d5-4f6d-9f65-9c03da9532c7	9	135322259	135323776	2	-2.1575
6f6e4c29-e7d5-4f6d-9f65-9c03da9532c7	9	135324566	138200944	1109	0.0197
6f6e4c29-e7d5-4f6d-9f65-9c03da9532c7	10	45792	14397278	12195	0.0095
6f6e4c29-e7d5-4f6d-9f65-9c03da9532c7	10	14397620	14399717	4	-1.0395
6f6e4c29-e7d5-4f6d-9f65-9c03da9532c7	10	14400348	16711474	1790	0.0053
6f6e4c29-e7d5-4f6d-9f65-9c03da9532c7	10	16718622	16720216	2	-1.6174
6f6e4c29-e7d5-4f6d-9f65-9c03da9532c7	10	16721118	17885034	833	0.0121
6f6e4c29-e7d5-4f6d-9f65-9c03da9532c7	10	17896194	17910884	3	-1.8017
6f6e4c29-e7d5-4f6d-9f65-9c03da9532c7	10	17929793	24086334	4338	0.0115
6f6e4c29-e7d5-4f6d-9f65-9c03da9532c7	10	24088745	24089125	11	1.0702
6f6e4c29-e7d5-4f6d-9f65-9c03da9532c7	10	24089979	30877380	4969	-0.0029
6f6e4c29-e7d5-4f6d-9f65-9c03da9532c7	10	30879941	30879944	2	-2.6834
6f6e4c29-e7d5-4f6d-9f65-9c03da9532c7	10	30879985	34228137	2275	-0.0061
6f6e4c29-e7d5-4f6d-9f65-9c03da9532c7	10	34231092	34233425	6	-1.2003
6f6e4c29-e7d5-4f6d-9f65-9c03da9532c7	10	34234975	37210592	1872	0.0082
6f6e4c29-e7d5-4f6d-9f65-9c03da9532c7	10	37215529	37223453	7	-0.645
6f6e4c29-e7d5-4f6d-9f65-9c03da9532c7	10	37225733	37970015	438	-0.0033
6f6e4c29-e7d5-4f6d-9f65-9c03da9532c7	10	37972351	37973862	2	-1.3839
6f6e4c29-e7d5-4f6d-9f65-9c03da9532c7	10	37975461	41716748	272	-0.0065
6f6e4c29-e7d5-4f6d-9f65-9c03da9532c7	10	41716768	41770490	11	-0.9545
6f6e4c29-e7d5-4f6d-9f65-9c03da9532c7	10	41776590	42962025	414	-0.0101
6f6e4c29-e7d5-4f6d-9f65-9c03da9532c7	10	42964614	42965426	3	-1.552
6f6e4c29-e7d5-4f6d-9f65-9c03da9532c7	10	42965544	46154876	2003	-0.0101
6f6e4c29-e7d5-4f6d-9f65-9c03da9532c7	10	46169953	46279318	99	-1.1187
6f6e4c29-e7d5-4f6d-9f65-9c03da9532c7	10	46279715	46780843	123	-0.0107
6f6e4c29-e7d5-4f6d-9f65-9c03da9532c7	10	46792335	46810571	4	-1.7655
6f6e4c29-e7d5-4f6d-9f65-9c03da9532c7	10	46836986	55419392	5596	-0.0249
6f6e4c29-e7d5-4f6d-9f65-9c03da9532c7	10	55419556	55423591	31	-0.7524
6f6e4c29-e7d5-4f6d-9f65-9c03da9532c7	10	55423617	55595919	116	-0.1988
6f6e4c29-e7d5-4f6d-9f65-9c03da9532c7	10	55598956	55682250	75	0.0614
6f6e4c29-e7d5-4f6d-9f65-9c03da9532c7	10	55682282	55988396	213	-0.192
6f6e4c29-e7d5-4f6d-9f65-9c03da9532c7	10	55988557	56032680	26	-0.5491
6f6e4c29-e7d5-4f6d-9f65-9c03da9532c7	10	56035317	56200549	116	0.0009
6f6e4c29-e7d5-4f6d-9f65-9c03da9532c7	10	56200616	56218800	12	-0.4415
6f6e4c29-e7d5-4f6d-9f65-9c03da9532c7	10	56219404	56236030	22	-0.0198
6f6e4c29-e7d5-4f6d-9f65-9c03da9532c7	10	56236052	56237830	8	-1.1035
6f6e4c29-e7d5-4f6d-9f65-9c03da9532c7	10	56239956	57443289	901	-0.0262
6f6e4c29-e7d5-4f6d-9f65-9c03da9532c7	10	57450745	57451013	4	-2.6362
6f6e4c29-e7d5-4f6d-9f65-9c03da9532c7	10	57458735	65581795	5591	-0.0082
6f6e4c29-e7d5-4f6d-9f65-9c03da9532c7	10	65583696	65584197	8	-0.8008
6f6e4c29-e7d5-4f6d-9f65-9c03da9532c7	10	65585009	69639452	2610	-0.0283
6f6e4c29-e7d5-4f6d-9f65-9c03da9532c7	10	69640477	69641261	3	-1.3265
6f6e4c29-e7d5-4f6d-9f65-9c03da9532c7	10	69641364	72105973	1937	-0.002
6f6e4c29-e7d5-4f6d-9f65-9c03da9532c7	10	72105984	72106147	2	-2.4368
6f6e4c29-e7d5-4f6d-9f65-9c03da9532c7	10	72106890	105296521	21033	-0.0039
6f6e4c29-e7d5-4f6d-9f65-9c03da9532c7	10	105297280	105299412	3	-3.2385
6f6e4c29-e7d5-4f6d-9f65-9c03da9532c7	10	105302718	133654968	20517	0.0007
6f6e4c29-e7d5-4f6d-9f65-9c03da9532c7	11	198510	2220091	675	0.0366
6f6e4c29-e7d5-4f6d-9f65-9c03da9532c7	11	2223474	2234333	6	-1.2266
6f6e4c29-e7d5-4f6d-9f65-9c03da9532c7	11	2235051	4217824	1053	0.005
6f6e4c29-e7d5-4f6d-9f65-9c03da9532c7	11	4228783	4331751	28	-0.5393
6f6e4c29-e7d5-4f6d-9f65-9c03da9532c7	11	4337579	36945710	24236	-0.0037
6f6e4c29-e7d5-4f6d-9f65-9c03da9532c7	11	36946148	37635189	466	-0.1264
6f6e4c29-e7d5-4f6d-9f65-9c03da9532c7	11	37635347	48712073	6849	0.0028
6f6e4c29-e7d5-4f6d-9f65-9c03da9532c7	11	48712551	48723513	7	-0.8918
6f6e4c29-e7d5-4f6d-9f65-9c03da9532c7	11	48739631	48781000	22	-0.0515
6f6e4c29-e7d5-4f6d-9f65-9c03da9532c7	11	48781055	48822872	5	-2.1066
6f6e4c29-e7d5-4f6d-9f65-9c03da9532c7	11	48822906	50459904	671	-0.0516
6f6e4c29-e7d5-4f6d-9f65-9c03da9532c7	11	50471785	54555109	51	-0.5776
6f6e4c29-e7d5-4f6d-9f65-9c03da9532c7	11	54555644	54852259	112	0.0188
6f6e4c29-e7d5-4f6d-9f65-9c03da9532c7	11	54880568	55072854	34	-1.073
6f6e4c29-e7d5-4f6d-9f65-9c03da9532c7	11	55074041	55198132	18	-0.1312
6f6e4c29-e7d5-4f6d-9f65-9c03da9532c7	11	55202385	55214735	5	-1.4267
6f6e4c29-e7d5-4f6d-9f65-9c03da9532c7	11	55241999	55608785	208	-0.1039
6f6e4c29-e7d5-4f6d-9f65-9c03da9532c7	11	55608804	55674842	41	0.5014
6f6e4c29-e7d5-4f6d-9f65-9c03da9532c7	11	55676735	56238561	403	-0.1261
6f6e4c29-e7d5-4f6d-9f65-9c03da9532c7	11	56240067	81142871	13539	0.0067
6f6e4c29-e7d5-4f6d-9f65-9c03da9532c7	11	81147734	81167576	45	-0.3505
6f6e4c29-e7d5-4f6d-9f65-9c03da9532c7	11	81167685	90427385	6068	-0.0092
6f6e4c29-e7d5-4f6d-9f65-9c03da9532c7	11	90431723	90441504	12	-0.987
6f6e4c29-e7d5-4f6d-9f65-9c03da9532c7	11	90441642	90482174	38	-0.0011
6f6e4c29-e7d5-4f6d-9f65-9c03da9532c7	11	90482770	90509859	31	-0.4342
6f6e4c29-e7d5-4f6d-9f65-9c03da9532c7	11	90509973	135074876	32083	-0.0004
6f6e4c29-e7d5-4f6d-9f65-9c03da9532c7	12	51460	8404097	5583	0.0055
6f6e4c29-e7d5-4f6d-9f65-9c03da9532c7	12	8405892	8406509	5	3.0807
6f6e4c29-e7d5-4f6d-9f65-9c03da9532c7	12	8406526	8415028	7	1.1941
6f6e4c29-e7d5-4f6d-9f65-9c03da9532c7	12	8422427	11351008	1761	0.006
6f6e4c29-e7d5-4f6d-9f65-9c03da9532c7	12	11351041	11399848	37	-0.6025
6f6e4c29-e7d5-4f6d-9f65-9c03da9532c7	12	11400172	15414989	2996	0.0022
6f6e4c29-e7d5-4f6d-9f65-9c03da9532c7	12	15415912	15422203	6	-1.1174
6f6e4c29-e7d5-4f6d-9f65-9c03da9532c7	12	15424569	20361096	3123	-0.0104
6f6e4c29-e7d5-4f6d-9f65-9c03da9532c7	12	20363220	20381607	12	-0.5285
6f6e4c29-e7d5-4f6d-9f65-9c03da9532c7	12	20383363	20918386	323	0.0072
6f6e4c29-e7d5-4f6d-9f65-9c03da9532c7	12	20921773	20926963	10	-0.7183
6f6e4c29-e7d5-4f6d-9f65-9c03da9532c7	12	20937609	24141822	2164	-0.0111
6f6e4c29-e7d5-4f6d-9f65-9c03da9532c7	12	24142548	24142926	2	-1.6361
6f6e4c29-e7d5-4f6d-9f65-9c03da9532c7	12	24143580	33148472	6719	-0.0036
6f6e4c29-e7d5-4f6d-9f65-9c03da9532c7	12	33148492	33155453	28	-0.7892
6f6e4c29-e7d5-4f6d-9f65-9c03da9532c7	12	33155525	33558246	255	-0.035
6f6e4c29-e7d5-4f6d-9f65-9c03da9532c7	12	33558629	33577433	29	-0.5972
6f6e4c29-e7d5-4f6d-9f65-9c03da9532c7	12	33578803	34406374	444	-0.0713
6f6e4c29-e7d5-4f6d-9f65-9c03da9532c7	12	34423775	34565986	32	-0.8815
6f6e4c29-e7d5-4f6d-9f65-9c03da9532c7	12	34577418	37898277	116	-0.0984
6f6e4c29-e7d5-4f6d-9f65-9c03da9532c7	12	37923958	37999858	16	-0.6852
6f6e4c29-e7d5-4f6d-9f65-9c03da9532c7	12	38031180	74761267	22463	-0.0074
6f6e4c29-e7d5-4f6d-9f65-9c03da9532c7	12	74761319	74771290	19	-0.6356
6f6e4c29-e7d5-4f6d-9f65-9c03da9532c7	12	74774039	83451885	5590	-0.0022
6f6e4c29-e7d5-4f6d-9f65-9c03da9532c7	12	83453065	83483135	28	-0.5572
6f6e4c29-e7d5-4f6d-9f65-9c03da9532c7	12	83484003	86479785	1738	-0.0147
6f6e4c29-e7d5-4f6d-9f65-9c03da9532c7	12	86480902	87370018	464	-0.1
6f6e4c29-e7d5-4f6d-9f65-9c03da9532c7	12	87370051	95039617	5008	0.0091
6f6e4c29-e7d5-4f6d-9f65-9c03da9532c7	12	95044221	95045275	3	-1.3055
6f6e4c29-e7d5-4f6d-9f65-9c03da9532c7	12	95045320	99398036	3033	0.0003
6f6e4c29-e7d5-4f6d-9f65-9c03da9532c7	12	99401515	99404577	27	-0.6113
6f6e4c29-e7d5-4f6d-9f65-9c03da9532c7	12	99404748	133201603	22679	0.0012
6f6e4c29-e7d5-4f6d-9f65-9c03da9532c7	13	18452809	57184136	25982	0.0017
6f6e4c29-e7d5-4f6d-9f65-9c03da9532c7	13	57184155	57204246	33	-1.1634
6f6e4c29-e7d5-4f6d-9f65-9c03da9532c7	13	57215580	57404180	129	-0.2103
6f6e4c29-e7d5-4f6d-9f65-9c03da9532c7	13	57404500	59640695	1352	-0.0056
6f6e4c29-e7d5-4f6d-9f65-9c03da9532c7	13	59641249	59641521	2	-1.8334
6f6e4c29-e7d5-4f6d-9f65-9c03da9532c7	13	59641547	63868568	2430	-0.0036
6f6e4c29-e7d5-4f6d-9f65-9c03da9532c7	13	63875403	64404554	312	-0.1762
6f6e4c29-e7d5-4f6d-9f65-9c03da9532c7	13	64405113	65793393	811	-0.0047
6f6e4c29-e7d5-4f6d-9f65-9c03da9532c7	13	65794884	65798771	13	-0.5951
6f6e4c29-e7d5-4f6d-9f65-9c03da9532c7	13	65798803	67548106	1206	-0.0459
6f6e4c29-e7d5-4f6d-9f65-9c03da9532c7	13	67549713	67576999	24	-0.3902
6f6e4c29-e7d5-4f6d-9f65-9c03da9532c7	13	67578464	67923887	179	-0.0106
6f6e4c29-e7d5-4f6d-9f65-9c03da9532c7	13	67925131	67931810	5	-0.769
6f6e4c29-e7d5-4f6d-9f65-9c03da9532c7	13	67938984	68668123	412	-0.0124
6f6e4c29-e7d5-4f6d-9f65-9c03da9532c7	13	68674167	68690553	37	-0.6003
6f6e4c29-e7d5-4f6d-9f65-9c03da9532c7	13	68694110	88778977	13058	-0.0121
6f6e4c29-e7d5-4f6d-9f65-9c03da9532c7	13	88780179	88857633	30	-0.4058
6f6e4c29-e7d5-4f6d-9f65-9c03da9532c7	13	88858046	103746078	10348	0.0016
6f6e4c29-e7d5-4f6d-9f65-9c03da9532c7	13	103750696	103755313	24	-0.6213
6f6e4c29-e7d5-4f6d-9f65-9c03da9532c7	13	103755357	103813508	53	0.032
6f6e4c29-e7d5-4f6d-9f65-9c03da9532c7	13	103823888	103844762	11	-0.5767
6f6e4c29-e7d5-4f6d-9f65-9c03da9532c7	13	103849683	104726866	677	0.0015
6f6e4c29-e7d5-4f6d-9f65-9c03da9532c7	13	104727377	104728337	4	-1.2715
6f6e4c29-e7d5-4f6d-9f65-9c03da9532c7	13	104728783	114342922	6902	0.0028
6f6e4c29-e7d5-4f6d-9f65-9c03da9532c7	14	18239283	19185951	39	-0.0235
6f6e4c29-e7d5-4f6d-9f65-9c03da9532c7	14	19197351	19886158	91	-0.5385
6f6e4c29-e7d5-4f6d-9f65-9c03da9532c7	14	19886846	21942460	1409	-0.023
6f6e4c29-e7d5-4f6d-9f65-9c03da9532c7	14	21945587	22501252	463	-0.3701
6f6e4c29-e7d5-4f6d-9f65-9c03da9532c7	14	22501272	40001651	10926	0.005
6f6e4c29-e7d5-4f6d-9f65-9c03da9532c7	14	40010883	40420463	270	-0.0319
6f6e4c29-e7d5-4f6d-9f65-9c03da9532c7	14	40422140	40440504	17	-0.6027
6f6e4c29-e7d5-4f6d-9f65-9c03da9532c7	14	40440670	46376380	3524	-0.0559
6f6e4c29-e7d5-4f6d-9f65-9c03da9532c7	14	46376413	65269606	12320	0.0054
6f6e4c29-e7d5-4f6d-9f65-9c03da9532c7	14	65269981	65270475	2	-1.623
6f6e4c29-e7d5-4f6d-9f65-9c03da9532c7	14	65271832	69547262	2486	0.011
6f6e4c29-e7d5-4f6d-9f65-9c03da9532c7	14	69551330	69555750	9	-0.8691
6f6e4c29-e7d5-4f6d-9f65-9c03da9532c7	14	69555996	73529070	2620	0.0097
6f6e4c29-e7d5-4f6d-9f65-9c03da9532c7	14	73534419	73554275	9	0.8447
6f6e4c29-e7d5-4f6d-9f65-9c03da9532c7	14	73563196	86014371	8271	-0.0034
6f6e4c29-e7d5-4f6d-9f65-9c03da9532c7	14	86014403	86015781	6	-0.9674
6f6e4c29-e7d5-4f6d-9f65-9c03da9532c7	14	86015875	94302566	5248	0.0025
6f6e4c29-e7d5-4f6d-9f65-9c03da9532c7	14	94307058	94310104	6	-0.9223
6f6e4c29-e7d5-4f6d-9f65-9c03da9532c7	14	94311024	97754414	2715	0.0057
6f6e4c29-e7d5-4f6d-9f65-9c03da9532c7	14	97754609	97755193	3	-1.2392
6f6e4c29-e7d5-4f6d-9f65-9c03da9532c7	14	97756708	106346129	4591	0.0092
6f6e4c29-e7d5-4f6d-9f65-9c03da9532c7	14	106360014	106370181	6	-0.8888
6f6e4c29-e7d5-4f6d-9f65-9c03da9532c7	14	106370708	106407612	21	-0.0996
6f6e4c29-e7d5-4f6d-9f65-9c03da9532c7	14	106407614	106462123	48	0.2788
6f6e4c29-e7d5-4f6d-9f65-9c03da9532c7	14	106462132	106877229	199	0.0138
6f6e4c29-e7d5-4f6d-9f65-9c03da9532c7	15	19811075	20001686	45	-0.134
6f6e4c29-e7d5-4f6d-9f65-9c03da9532c7	15	20011702	20056983	5	-1.6064
6f6e4c29-e7d5-4f6d-9f65-9c03da9532c7	15	20059033	21018354	108	-0.113
6f6e4c29-e7d5-4f6d-9f65-9c03da9532c7	15	21053458	22385639	49	0.3967
6f6e4c29-e7d5-4f6d-9f65-9c03da9532c7	15	22395047	22584747	8	-0.5712
6f6e4c29-e7d5-4f6d-9f65-9c03da9532c7	15	22590285	30984242	4801	0.0098
6f6e4c29-e7d5-4f6d-9f65-9c03da9532c7	15	30985474	30994076	4	-1.1559
6f6e4c29-e7d5-4f6d-9f65-9c03da9532c7	15	30997195	62693003	20734	-0.0064
6f6e4c29-e7d5-4f6d-9f65-9c03da9532c7	15	62697576	62697650	2	-3.0569
6f6e4c29-e7d5-4f6d-9f65-9c03da9532c7	15	62698210	76599170	8106	0.0005
6f6e4c29-e7d5-4f6d-9f65-9c03da9532c7	15	76599286	76603434	20	0.8723
6f6e4c29-e7d5-4f6d-9f65-9c03da9532c7	15	76609838	85580757	5176	-0.0073
6f6e4c29-e7d5-4f6d-9f65-9c03da9532c7	15	85581324	85583255	2	-1.8508
6f6e4c29-e7d5-4f6d-9f65-9c03da9532c7	15	85584919	87901867	1989	0.0056
6f6e4c29-e7d5-4f6d-9f65-9c03da9532c7	15	87902263	87902278	2	-2.2239
6f6e4c29-e7d5-4f6d-9f65-9c03da9532c7	15	87903997	91194535	2086	-0.0056
6f6e4c29-e7d5-4f6d-9f65-9c03da9532c7	15	91195116	91198854	3	-1.8808
6f6e4c29-e7d5-4f6d-9f65-9c03da9532c7	15	91198944	91641723	355	0.0145
6f6e4c29-e7d5-4f6d-9f65-9c03da9532c7	15	91643470	91803172	115	0.5377
6f6e4c29-e7d5-4f6d-9f65-9c03da9532c7	15	91806960	92222525	431	0.0193
6f6e4c29-e7d5-4f6d-9f65-9c03da9532c7	15	92222644	92223064	3	2.0823
6f6e4c29-e7d5-4f6d-9f65-9c03da9532c7	15	92223528	101928837	7409	-0.0044
6f6e4c29-e7d5-4f6d-9f65-9c03da9532c7	16	10777	848688	326	0.1335
6f6e4c29-e7d5-4f6d-9f65-9c03da9532c7	16	850208	16259309	11405	-0.0034
6f6e4c29-e7d5-4f6d-9f65-9c03da9532c7	16	16268505	16563118	20	-0.675
6f6e4c29-e7d5-4f6d-9f65-9c03da9532c7	16	16563603	58909081	17043	0.0024
6f6e4c29-e7d5-4f6d-9f65-9c03da9532c7	16	58913571	58922230	5	-1.2467
6f6e4c29-e7d5-4f6d-9f65-9c03da9532c7	16	58927676	61720064	1785	-0.009
6f6e4c29-e7d5-4f6d-9f65-9c03da9532c7	16	61721757	61731197	10	-0.7735
6f6e4c29-e7d5-4f6d-9f65-9c03da9532c7	16	61735077	84009243	16923	0.0046
6f6e4c29-e7d5-4f6d-9f65-9c03da9532c7	16	84011095	84813357	744	0.0846
6f6e4c29-e7d5-4f6d-9f65-9c03da9532c7	16	84813376	88588122	2866	0.006
6f6e4c29-e7d5-4f6d-9f65-9c03da9532c7	16	88588343	90096867	650	0.1147
6f6e4c29-e7d5-4f6d-9f65-9c03da9532c7	17	150733	16798212	10455	0.0096
6f6e4c29-e7d5-4f6d-9f65-9c03da9532c7	17	16806233	16838214	8	-1.3279
6f6e4c29-e7d5-4f6d-9f65-9c03da9532c7	17	16838470	18413867	904	0.0205
6f6e4c29-e7d5-4f6d-9f65-9c03da9532c7	17	18413879	18561907	29	0.8233
6f6e4c29-e7d5-4f6d-9f65-9c03da9532c7	17	18565883	31799465	3729	0.0124
6f6e4c29-e7d5-4f6d-9f65-9c03da9532c7	17	31801942	31805596	2	-1.5822
6f6e4c29-e7d5-4f6d-9f65-9c03da9532c7	17	31809117	33772726	1379	0.0048
6f6e4c29-e7d5-4f6d-9f65-9c03da9532c7	17	33772807	33773349	2	-2.0888
6f6e4c29-e7d5-4f6d-9f65-9c03da9532c7	17	33773425	36109315	1706	0.0155
6f6e4c29-e7d5-4f6d-9f65-9c03da9532c7	17	36109735	36200725	36	0.9778
6f6e4c29-e7d5-4f6d-9f65-9c03da9532c7	17	36208249	41265456	2524	0.0061
6f6e4c29-e7d5-4f6d-9f65-9c03da9532c7	17	41266762	41274198	23	2.46
6f6e4c29-e7d5-4f6d-9f65-9c03da9532c7	17	41274279	46135062	2531	0.0072
6f6e4c29-e7d5-4f6d-9f65-9c03da9532c7	17	46135838	46351954	92	-0.2226
6f6e4c29-e7d5-4f6d-9f65-9c03da9532c7	17	46446345	46446360	2	-2.1764
6f6e4c29-e7d5-4f6d-9f65-9c03da9532c7	17	46569894	83091923	21527	0.0031
6f6e4c29-e7d5-4f6d-9f65-9c03da9532c7	18	48133	41079700	23014	0.003
6f6e4c29-e7d5-4f6d-9f65-9c03da9532c7	18	41086655	41105046	51	-0.4211
6f6e4c29-e7d5-4f6d-9f65-9c03da9532c7	18	41105098	44394050	2061	-0.0039
6f6e4c29-e7d5-4f6d-9f65-9c03da9532c7	18	44394853	44398660	7	-1.073
6f6e4c29-e7d5-4f6d-9f65-9c03da9532c7	18	44402706	53675521	6523	0.0058
6f6e4c29-e7d5-4f6d-9f65-9c03da9532c7	18	53677765	53683207	5	-0.948
6f6e4c29-e7d5-4f6d-9f65-9c03da9532c7	18	53684270	64408618	7461	0.0068
6f6e4c29-e7d5-4f6d-9f65-9c03da9532c7	18	64409724	64587596	106	-0.1772
6f6e4c29-e7d5-4f6d-9f65-9c03da9532c7	18	64588243	65961206	937	-0.0016
6f6e4c29-e7d5-4f6d-9f65-9c03da9532c7	18	65961649	66066360	90	-0.2885
6f6e4c29-e7d5-4f6d-9f65-9c03da9532c7	18	66066436	66095064	34	-0.1025
6f6e4c29-e7d5-4f6d-9f65-9c03da9532c7	18	66099904	66100686	3	0.858
6f6e4c29-e7d5-4f6d-9f65-9c03da9532c7	18	66108359	66239629	98	0.0279
6f6e4c29-e7d5-4f6d-9f65-9c03da9532c7	18	66240197	66244124	9	-1.1296
6f6e4c29-e7d5-4f6d-9f65-9c03da9532c7	18	66244352	69539991	2454	-0.0179
6f6e4c29-e7d5-4f6d-9f65-9c03da9532c7	18	69540616	69550035	8	-0.9005
6f6e4c29-e7d5-4f6d-9f65-9c03da9532c7	18	69550306	71426075	1239	0.0075
6f6e4c29-e7d5-4f6d-9f65-9c03da9532c7	18	71428914	73889261	1976	-0.0546
6f6e4c29-e7d5-4f6d-9f65-9c03da9532c7	18	73889498	80257174	4580	0.0177
6f6e4c29-e7d5-4f6d-9f65-9c03da9532c7	19	90910	22240132	9947	0.0148
6f6e4c29-e7d5-4f6d-9f65-9c03da9532c7	19	22241616	22243718	6	-1.0283
6f6e4c29-e7d5-4f6d-9f65-9c03da9532c7	19	22245185	22385721	82	0.1112
6f6e4c29-e7d5-4f6d-9f65-9c03da9532c7	19	22389849	22390092	2	-1.2749
6f6e4c29-e7d5-4f6d-9f65-9c03da9532c7	19	22394486	24250395	1073	0.0193
6f6e4c29-e7d5-4f6d-9f65-9c03da9532c7	19	24253846	24274022	7	-0.8202
6f6e4c29-e7d5-4f6d-9f65-9c03da9532c7	19	24274155	27469098	48	-0.1447
6f6e4c29-e7d5-4f6d-9f65-9c03da9532c7	19	27474607	27578180	17	-1.482
6f6e4c29-e7d5-4f6d-9f65-9c03da9532c7	19	27578324	27582051	7	-0.1383
6f6e4c29-e7d5-4f6d-9f65-9c03da9532c7	19	27589514	27589907	3	-1.5679
6f6e4c29-e7d5-4f6d-9f65-9c03da9532c7	19	27590132	37019357	6351	0.0023
6f6e4c29-e7d5-4f6d-9f65-9c03da9532c7	19	37019882	37025187	3	-1.7701
6f6e4c29-e7d5-4f6d-9f65-9c03da9532c7	19	37025472	58586487	11523	0.0189
6f6e4c29-e7d5-4f6d-9f65-9c03da9532c7	20	80664	1580934	1204	0.0188
6f6e4c29-e7d5-4f6d-9f65-9c03da9532c7	20	1581021	1609888	38	-0.4398
6f6e4c29-e7d5-4f6d-9f65-9c03da9532c7	20	1613203	15327324	10374	-0.001
6f6e4c29-e7d5-4f6d-9f65-9c03da9532c7	20	15330724	15337332	17	-1.3799
6f6e4c29-e7d5-4f6d-9f65-9c03da9532c7	20	15341445	23184378	6364	-0.0067
6f6e4c29-e7d5-4f6d-9f65-9c03da9532c7	20	23190094	23193757	7	-1.1354
6f6e4c29-e7d5-4f6d-9f65-9c03da9532c7	20	23195875	64324800	24286	-0.0026
6f6e4c29-e7d5-4f6d-9f65-9c03da9532c7	21	10354168	21760246	5885	-0.0012
6f6e4c29-e7d5-4f6d-9f65-9c03da9532c7	21	21760586	21770521	17	-0.5993
6f6e4c29-e7d5-4f6d-9f65-9c03da9532c7	21	21773595	22980993	897	-0.0266
6f6e4c29-e7d5-4f6d-9f65-9c03da9532c7	21	22984969	22993236	2	-1.7337
6f6e4c29-e7d5-4f6d-9f65-9c03da9532c7	21	22993260	28244461	4063	-0.0006
6f6e4c29-e7d5-4f6d-9f65-9c03da9532c7	21	28246628	28250997	9	-0.8111
6f6e4c29-e7d5-4f6d-9f65-9c03da9532c7	21	28252951	30266641	1478	-0.0066
6f6e4c29-e7d5-4f6d-9f65-9c03da9532c7	21	30267910	30270719	6	-1.0426
6f6e4c29-e7d5-4f6d-9f65-9c03da9532c7	21	30278261	45506637	10772	0.0084
6f6e4c29-e7d5-4f6d-9f65-9c03da9532c7	21	45511103	45561461	23	0.5267
6f6e4c29-e7d5-4f6d-9f65-9c03da9532c7	21	45562557	46677045	665	0.0166
6f6e4c29-e7d5-4f6d-9f65-9c03da9532c7	22	15294547	18134748	1105	-0.0036
6f6e4c29-e7d5-4f6d-9f65-9c03da9532c7	22	18138194	24484030	3550	0.059
6f6e4c29-e7d5-4f6d-9f65-9c03da9532c7	22	24484206	43857209	13334	-0.0024
6f6e4c29-e7d5-4f6d-9f65-9c03da9532c7	22	43861176	43863901	3	-2.2764
6f6e4c29-e7d5-4f6d-9f65-9c03da9532c7	22	43864001	49698344	4769	0.0079
6f6e4c29-e7d5-4f6d-9f65-9c03da9532c7	22	49698500	50796027	471	0.1043
6f6e4c29-e7d5-4f6d-9f65-9c03da9532c7	X	251810	2748312	94	-0.6648
6f6e4c29-e7d5-4f6d-9f65-9c03da9532c7	X	2785350	4322874	1029	0.0841
6f6e4c29-e7d5-4f6d-9f65-9c03da9532c7	X	4324483	4329473	28	-0.5185
6f6e4c29-e7d5-4f6d-9f65-9c03da9532c7	X	4329955	8707942	3373	0.0848
6f6e4c29-e7d5-4f6d-9f65-9c03da9532c7	X	8711191	10055100	1012	0.0173
6f6e4c29-e7d5-4f6d-9f65-9c03da9532c7	X	10055611	10201706	127	0.2491
6f6e4c29-e7d5-4f6d-9f65-9c03da9532c7	X	10203025	19360267	5851	0.0409
6f6e4c29-e7d5-4f6d-9f65-9c03da9532c7	X	19360666	19375811	8	-1.0527
6f6e4c29-e7d5-4f6d-9f65-9c03da9532c7	X	19377753	32954246	8637	0.0165
6f6e4c29-e7d5-4f6d-9f65-9c03da9532c7	X	32954427	32956683	2	-2.4065
6f6e4c29-e7d5-4f6d-9f65-9c03da9532c7	X	32962973	32969498	5	-0.7356
6f6e4c29-e7d5-4f6d-9f65-9c03da9532c7	X	32970141	34103619	781	0.005
6f6e4c29-e7d5-4f6d-9f65-9c03da9532c7	X	34103651	34104016	10	-0.8112
6f6e4c29-e7d5-4f6d-9f65-9c03da9532c7	X	34104021	53213121	9629	0.0284
6f6e4c29-e7d5-4f6d-9f65-9c03da9532c7	X	53213447	54429637	456	0.0854
6f6e4c29-e7d5-4f6d-9f65-9c03da9532c7	X	54439272	55674826	555	-0.0144
6f6e4c29-e7d5-4f6d-9f65-9c03da9532c7	X	55676226	55681123	3	-1.9987
6f6e4c29-e7d5-4f6d-9f65-9c03da9532c7	X	55681253	58291715	1246	0.0195
6f6e4c29-e7d5-4f6d-9f65-9c03da9532c7	X	58298864	62802319	76	-0.5567
6f6e4c29-e7d5-4f6d-9f65-9c03da9532c7	X	62831001	75271777	5363	-0.0023
6f6e4c29-e7d5-4f6d-9f65-9c03da9532c7	X	75272890	76788777	723	-0.1052
6f6e4c29-e7d5-4f6d-9f65-9c03da9532c7	X	76795488	90201905	7022	-0.0046
6f6e4c29-e7d5-4f6d-9f65-9c03da9532c7	X	90215160	92019480	650	-0.1449
6f6e4c29-e7d5-4f6d-9f65-9c03da9532c7	X	92026477	93051261	376	0.0049
6f6e4c29-e7d5-4f6d-9f65-9c03da9532c7	X	93055736	93103870	26	-1.1242
6f6e4c29-e7d5-4f6d-9f65-9c03da9532c7	X	93103973	94822434	1066	0.0056
6f6e4c29-e7d5-4f6d-9f65-9c03da9532c7	X	94825327	96397800	859	-0.079
6f6e4c29-e7d5-4f6d-9f65-9c03da9532c7	X	96397864	131498324	19202	0.0064
6f6e4c29-e7d5-4f6d-9f65-9c03da9532c7	X	131498919	155699837	14216	0.0327
6f6e4c29-e7d5-4f6d-9f65-9c03da9532c7	X	155734393	155952689	18	-0.9094
6f6e4c29-e7d5-4f6d-9f65-9c03da9532c7	Y	2782397	3314408	191	-3.0732
6f6e4c29-e7d5-4f6d-9f65-9c03da9532c7	Y	3326047	6044040	523	-2.6472
6f6e4c29-e7d5-4f6d-9f65-9c03da9532c7	Y	6058481	6167430	34	-3.0717
6f6e4c29-e7d5-4f6d-9f65-9c03da9532c7	Y	6171310	6171622	2	-7.5751
6f6e4c29-e7d5-4f6d-9f65-9c03da9532c7	Y	6180233	7774740	592	-3.0836
6f6e4c29-e7d5-4f6d-9f65-9c03da9532c7	Y	7774782	7775353	2	-7.2199
6f6e4c29-e7d5-4f6d-9f65-9c03da9532c7	Y	7778653	8237410	328	-3.1828
6f6e4c29-e7d5-4f6d-9f65-9c03da9532c7	Y	8238298	9554275	579	-3.4553
6f6e4c29-e7d5-4f6d-9f65-9c03da9532c7	Y	9554586	20752415	3652	-3.1087
6f6e4c29-e7d5-4f6d-9f65-9c03da9532c7	Y	20752492	20756691	2	-7.7361
6f6e4c29-e7d5-4f6d-9f65-9c03da9532c7	Y	20757006	56872112	733	-3.1113
