GDC_Aliquot	Chromosome	Start	End	Num_Probes	Segment_Mean
05ef48de-34b1-47dc-9f72-4604a093d644	1	62920	86341	11	-1.0515
05ef48de-34b1-47dc-9f72-4604a093d644	1	98588	2302812	404	-0.0135
05ef48de-34b1-47dc-9f72-4604a093d644	1	2319721	2326424	2	-2.6833
05ef48de-34b1-47dc-9f72-4604a093d644	1	2338509	9255788	4243	-0.0016
05ef48de-34b1-47dc-9f72-4604a093d644	1	9266599	9342344	57	0.5626
05ef48de-34b1-47dc-9f72-4604a093d644	1	9344634	10610834	641	-0.0111
05ef48de-34b1-47dc-9f72-4604a093d644	1	10611363	10619664	3	-1.3277
05ef48de-34b1-47dc-9f72-4604a093d644	1	10621749	16489595	3276	0.0185
05ef48de-34b1-47dc-9f72-4604a093d644	1	16493138	16785682	61	0.2492
05ef48de-34b1-47dc-9f72-4604a093d644	1	16787932	21825701	3313	0.0027
05ef48de-34b1-47dc-9f72-4604a093d644	1	21833618	21833764	2	-3.026
05ef48de-34b1-47dc-9f72-4604a093d644	1	21837671	25256850	2005	0.0132
05ef48de-34b1-47dc-9f72-4604a093d644	1	25266637	25320455	24	0.6307
05ef48de-34b1-47dc-9f72-4604a093d644	1	25336819	72284670	28711	0.0062
05ef48de-34b1-47dc-9f72-4604a093d644	1	72290430	72297687	9	-0.9693
05ef48de-34b1-47dc-9f72-4604a093d644	1	72302735	72345465	48	1.7256
05ef48de-34b1-47dc-9f72-4604a093d644	1	72346221	105459522	20939	0.0055
05ef48de-34b1-47dc-9f72-4604a093d644	1	105459540	105481433	21	0.4384
05ef48de-34b1-47dc-9f72-4604a093d644	1	105481448	109684893	2633	0.0072
05ef48de-34b1-47dc-9f72-4604a093d644	1	109690352	109697556	13	-1.3942
05ef48de-34b1-47dc-9f72-4604a093d644	1	109702376	111291443	1224	0.0282
05ef48de-34b1-47dc-9f72-4604a093d644	1	111291446	111292208	8	0.582
05ef48de-34b1-47dc-9f72-4604a093d644	1	111292362	111769129	351	0.0287
05ef48de-34b1-47dc-9f72-4604a093d644	1	111769532	111769929	4	0.6748
05ef48de-34b1-47dc-9f72-4604a093d644	1	111770456	112147704	363	0.029
05ef48de-34b1-47dc-9f72-4604a093d644	1	112153343	112154591	22	-2.0988
05ef48de-34b1-47dc-9f72-4604a093d644	1	112154619	116388401	2750	0.0019
05ef48de-34b1-47dc-9f72-4604a093d644	1	116389362	116389941	2	-1.3736
05ef48de-34b1-47dc-9f72-4604a093d644	1	116389981	121705338	2412	0.0171
05ef48de-34b1-47dc-9f72-4604a093d644	1	143459641	143748421	100	-0.5983
05ef48de-34b1-47dc-9f72-4604a093d644	1	143748590	143748793	3	-1.9851
05ef48de-34b1-47dc-9f72-4604a093d644	1	143748826	143927887	23	-0.5238
05ef48de-34b1-47dc-9f72-4604a093d644	1	143928045	152583051	2314	0.011
05ef48de-34b1-47dc-9f72-4604a093d644	1	152583230	152613762	31	-1.8316
05ef48de-34b1-47dc-9f72-4604a093d644	1	152613802	152787202	171	-0.0262
05ef48de-34b1-47dc-9f72-4604a093d644	1	152789447	152796224	37	-0.332
05ef48de-34b1-47dc-9f72-4604a093d644	1	152801429	169247699	11278	0.0116
05ef48de-34b1-47dc-9f72-4604a093d644	1	169264736	169272528	7	0.8644
05ef48de-34b1-47dc-9f72-4604a093d644	1	169273163	182113837	8461	0.009
05ef48de-34b1-47dc-9f72-4604a093d644	1	182115841	182118201	6	-1.1249
05ef48de-34b1-47dc-9f72-4604a093d644	1	182118842	193186662	7296	0.0018
05ef48de-34b1-47dc-9f72-4604a093d644	1	193187149	193187218	4	1.6363
05ef48de-34b1-47dc-9f72-4604a093d644	1	193190593	194479104	941	-0.0004
05ef48de-34b1-47dc-9f72-4604a093d644	1	194482281	194485888	2	-2.3195
05ef48de-34b1-47dc-9f72-4604a093d644	1	194487886	196745743	1450	0.0019
05ef48de-34b1-47dc-9f72-4604a093d644	1	196758720	196830158	53	0.5177
05ef48de-34b1-47dc-9f72-4604a093d644	1	196830375	209897717	8790	0.0093
05ef48de-34b1-47dc-9f72-4604a093d644	1	209908268	209913207	4	1.1928
05ef48de-34b1-47dc-9f72-4604a093d644	1	209920149	227237600	11648	0.0033
05ef48de-34b1-47dc-9f72-4604a093d644	1	227238371	227238705	3	-1.0268
05ef48de-34b1-47dc-9f72-4604a093d644	1	227241477	231764695	2876	-0.0022
05ef48de-34b1-47dc-9f72-4604a093d644	1	231775548	231827591	42	-0.3565
05ef48de-34b1-47dc-9f72-4604a093d644	1	231831101	240228440	6567	-0.0023
05ef48de-34b1-47dc-9f72-4604a093d644	1	240230715	240230839	6	0.8288
05ef48de-34b1-47dc-9f72-4604a093d644	1	240232805	246666314	4536	0.0056
05ef48de-34b1-47dc-9f72-4604a093d644	1	246666715	246706315	27	-0.5143
05ef48de-34b1-47dc-9f72-4604a093d644	1	246709941	247932966	798	0.0038
05ef48de-34b1-47dc-9f72-4604a093d644	1	247933976	248550567	321	0.113
05ef48de-34b1-47dc-9f72-4604a093d644	1	248572774	248646068	37	-0.5992
05ef48de-34b1-47dc-9f72-4604a093d644	1	248661836	248930189	137	-0.0136
05ef48de-34b1-47dc-9f72-4604a093d644	2	12784	191931	106	-0.119
05ef48de-34b1-47dc-9f72-4604a093d644	2	192773	226999	22	-0.8673
05ef48de-34b1-47dc-9f72-4604a093d644	2	227066	4158097	2860	0.0026
05ef48de-34b1-47dc-9f72-4604a093d644	2	4166274	4175577	36	-0.5103
05ef48de-34b1-47dc-9f72-4604a093d644	2	4175922	7456140	2860	0.0059
05ef48de-34b1-47dc-9f72-4604a093d644	2	7457423	7520639	59	-0.6986
05ef48de-34b1-47dc-9f72-4604a093d644	2	7525429	34295406	18040	0.0065
05ef48de-34b1-47dc-9f72-4604a093d644	2	34298911	34300513	2	1.503
05ef48de-34b1-47dc-9f72-4604a093d644	2	34300900	34466002	95	-0.0088
05ef48de-34b1-47dc-9f72-4604a093d644	2	34474248	34511990	46	-1.8166
05ef48de-34b1-47dc-9f72-4604a093d644	2	34512096	35750907	870	0.0181
05ef48de-34b1-47dc-9f72-4604a093d644	2	35752724	35762881	7	0.9416
05ef48de-34b1-47dc-9f72-4604a093d644	2	35772407	41011095	3924	0.0061
05ef48de-34b1-47dc-9f72-4604a093d644	2	41011303	41018747	22	-0.5466
05ef48de-34b1-47dc-9f72-4604a093d644	2	41024093	52527330	8170	0.0123
05ef48de-34b1-47dc-9f72-4604a093d644	2	52527342	52554404	39	-2.3485
05ef48de-34b1-47dc-9f72-4604a093d644	2	52560811	242147305	112298	0.0085
05ef48de-34b1-47dc-9f72-4604a093d644	3	20930	949331	748	0.0288
05ef48de-34b1-47dc-9f72-4604a093d644	3	953650	976860	30	-0.4541
05ef48de-34b1-47dc-9f72-4604a093d644	3	979966	16214511	12145	0.0146
05ef48de-34b1-47dc-9f72-4604a093d644	3	16214870	16218397	2	-1.5743
05ef48de-34b1-47dc-9f72-4604a093d644	3	16219913	52989195	22774	0.0073
05ef48de-34b1-47dc-9f72-4604a093d644	3	52994359	53005247	39	-0.4354
05ef48de-34b1-47dc-9f72-4604a093d644	3	53005263	68697013	12023	0.0072
05ef48de-34b1-47dc-9f72-4604a093d644	3	68697108	68698262	14	-1.3866
05ef48de-34b1-47dc-9f72-4604a093d644	3	68699607	119631498	28548	0.0055
05ef48de-34b1-47dc-9f72-4604a093d644	3	119632551	119635091	5	-1.057
05ef48de-34b1-47dc-9f72-4604a093d644	3	119636564	130067531	6089	-0.0008
05ef48de-34b1-47dc-9f72-4604a093d644	3	130067896	130087393	29	0.6974
05ef48de-34b1-47dc-9f72-4604a093d644	3	130088081	158613262	17639	0.0088
05ef48de-34b1-47dc-9f72-4604a093d644	3	158619976	158621752	2	-1.456
05ef48de-34b1-47dc-9f72-4604a093d644	3	158623833	162790480	2612	0.0081
05ef48de-34b1-47dc-9f72-4604a093d644	3	162794869	162910891	75	0.5045
05ef48de-34b1-47dc-9f72-4604a093d644	3	162911011	169012392	3432	0.0115
05ef48de-34b1-47dc-9f72-4604a093d644	3	169015614	169020840	2	1.2977
05ef48de-34b1-47dc-9f72-4604a093d644	3	169022039	169631156	464	0.0134
05ef48de-34b1-47dc-9f72-4604a093d644	3	169632074	169632816	2	1.3627
05ef48de-34b1-47dc-9f72-4604a093d644	3	169634670	171533554	1141	-0.0009
05ef48de-34b1-47dc-9f72-4604a093d644	3	171534436	171535967	3	-1.5591
05ef48de-34b1-47dc-9f72-4604a093d644	3	171538125	193160113	14098	0.0146
05ef48de-34b1-47dc-9f72-4604a093d644	3	193160173	193165114	19	1.3649
05ef48de-34b1-47dc-9f72-4604a093d644	3	193168646	196792726	2007	0.0037
05ef48de-34b1-47dc-9f72-4604a093d644	3	196793007	196826996	12	-0.9677
05ef48de-34b1-47dc-9f72-4604a093d644	3	196839185	198169247	673	0.0331
05ef48de-34b1-47dc-9f72-4604a093d644	4	68929	6419679	3514	0.0041
05ef48de-34b1-47dc-9f72-4604a093d644	4	6420624	6421471	6	-0.9467
05ef48de-34b1-47dc-9f72-4604a093d644	4	6421825	10212536	2183	0.0102
05ef48de-34b1-47dc-9f72-4604a093d644	4	10221792	10222004	2	-1.7876
05ef48de-34b1-47dc-9f72-4604a093d644	4	10222224	68472846	36494	0.0045
05ef48de-34b1-47dc-9f72-4604a093d644	4	68478894	68618369	66	0.2839
05ef48de-34b1-47dc-9f72-4604a093d644	4	68618391	69257792	318	0.064
05ef48de-34b1-47dc-9f72-4604a093d644	4	69261926	69422116	82	0.3012
05ef48de-34b1-47dc-9f72-4604a093d644	4	69424538	114252544	27289	0.0024
05ef48de-34b1-47dc-9f72-4604a093d644	4	114254167	114263096	25	0.9496
05ef48de-34b1-47dc-9f72-4604a093d644	4	114263110	145351809	18388	0.0012
05ef48de-34b1-47dc-9f72-4604a093d644	4	145355043	145365894	7	-0.8713
05ef48de-34b1-47dc-9f72-4604a093d644	4	145377308	190106768	28715	0.0075
05ef48de-34b1-47dc-9f72-4604a093d644	5	15532	685633	306	-0.0282
05ef48de-34b1-47dc-9f72-4604a093d644	5	698256	773453	27	0.4428
05ef48de-34b1-47dc-9f72-4604a093d644	5	779766	825192	18	-0.6404
05ef48de-34b1-47dc-9f72-4604a093d644	5	825538	7169363	5369	0.002
05ef48de-34b1-47dc-9f72-4604a093d644	5	7177225	7189812	26	-0.8331
05ef48de-34b1-47dc-9f72-4604a093d644	5	7202522	17828029	7779	0.0177
05ef48de-34b1-47dc-9f72-4604a093d644	5	17828744	17829678	3	-1.1641
05ef48de-34b1-47dc-9f72-4604a093d644	5	17833550	21449167	2178	0.0129
05ef48de-34b1-47dc-9f72-4604a093d644	5	21451091	21452329	5	-2.1421
05ef48de-34b1-47dc-9f72-4604a093d644	5	21452387	46271006	14949	0.0073
05ef48de-34b1-47dc-9f72-4604a093d644	5	46271828	46273400	6	-2.3324
05ef48de-34b1-47dc-9f72-4604a093d644	5	46278110	58025819	5072	0.0037
05ef48de-34b1-47dc-9f72-4604a093d644	5	58030200	58037706	32	1.5428
05ef48de-34b1-47dc-9f72-4604a093d644	5	58042530	69550476	7293	0.0069
05ef48de-34b1-47dc-9f72-4604a093d644	5	69571467	69822308	5	-0.8787
05ef48de-34b1-47dc-9f72-4604a093d644	5	69937600	71053366	18	0.0853
05ef48de-34b1-47dc-9f72-4604a093d644	5	71095358	71095426	2	-2.3434
05ef48de-34b1-47dc-9f72-4604a093d644	5	71358245	138474827	41640	0.0061
05ef48de-34b1-47dc-9f72-4604a093d644	5	138475255	138481268	15	-0.782
05ef48de-34b1-47dc-9f72-4604a093d644	5	138482888	152134610	8594	0.0069
05ef48de-34b1-47dc-9f72-4604a093d644	5	152135825	152138790	14	-0.7091
05ef48de-34b1-47dc-9f72-4604a093d644	5	152140710	156048095	2657	0.0092
05ef48de-34b1-47dc-9f72-4604a093d644	5	156049762	156055719	14	-0.5488
05ef48de-34b1-47dc-9f72-4604a093d644	5	156068240	174722160	13169	0.0034
05ef48de-34b1-47dc-9f72-4604a093d644	5	174727340	174757474	15	-0.496
05ef48de-34b1-47dc-9f72-4604a093d644	5	174758907	180947523	3407	-0.0007
05ef48de-34b1-47dc-9f72-4604a093d644	5	180951710	180990911	18	-2.6123
05ef48de-34b1-47dc-9f72-4604a093d644	5	180991103	181363319	171	0.0398
05ef48de-34b1-47dc-9f72-4604a093d644	6	149661	303017	126	0.0191
05ef48de-34b1-47dc-9f72-4604a093d644	6	303121	382897	78	-0.2764
05ef48de-34b1-47dc-9f72-4604a093d644	6	384109	799902	346	-0.0019
05ef48de-34b1-47dc-9f72-4604a093d644	6	800051	824243	18	-0.3765
05ef48de-34b1-47dc-9f72-4604a093d644	6	827388	840369	15	-0.85
05ef48de-34b1-47dc-9f72-4604a093d644	6	841076	870479	30	-0.3161
05ef48de-34b1-47dc-9f72-4604a093d644	6	871040	29869295	21029	0.0044
05ef48de-34b1-47dc-9f72-4604a093d644	6	29869410	29906865	22	0.3684
05ef48de-34b1-47dc-9f72-4604a093d644	6	29906932	29913570	6	-0.096
05ef48de-34b1-47dc-9f72-4604a093d644	6	29928196	29933799	8	0.3471
05ef48de-34b1-47dc-9f72-4604a093d644	6	29940692	29950810	14	-0.0819
05ef48de-34b1-47dc-9f72-4604a093d644	6	29953297	29953350	2	1.6354
05ef48de-34b1-47dc-9f72-4604a093d644	6	29953446	32424211	1094	-0.0018
05ef48de-34b1-47dc-9f72-4604a093d644	6	32428729	32428838	2	-1.184
05ef48de-34b1-47dc-9f72-4604a093d644	6	32430898	32463515	34	-0.0508
05ef48de-34b1-47dc-9f72-4604a093d644	6	32463775	32533522	19	1.3842
05ef48de-34b1-47dc-9f72-4604a093d644	6	32540699	32718419	83	0.0828
05ef48de-34b1-47dc-9f72-4604a093d644	6	32720838	32721076	3	1.3943
05ef48de-34b1-47dc-9f72-4604a093d644	6	32721547	54066286	13656	0.0057
05ef48de-34b1-47dc-9f72-4604a093d644	6	54066353	54067005	6	-1.5192
05ef48de-34b1-47dc-9f72-4604a093d644	6	54067057	56815979	1721	-0.0055
05ef48de-34b1-47dc-9f72-4604a093d644	6	56821032	56822031	3	-0.9449
05ef48de-34b1-47dc-9f72-4604a093d644	6	56823341	57248892	198	0.0077
05ef48de-34b1-47dc-9f72-4604a093d644	6	57252826	61784470	808	0.0889
05ef48de-34b1-47dc-9f72-4604a093d644	6	61784652	62213920	240	0.0094
05ef48de-34b1-47dc-9f72-4604a093d644	6	62215737	62217987	3	-1.7934
05ef48de-34b1-47dc-9f72-4604a093d644	6	62218399	64627049	1250	-0.0077
05ef48de-34b1-47dc-9f72-4604a093d644	6	64637651	64639099	2	-2.0456
05ef48de-34b1-47dc-9f72-4604a093d644	6	64640883	75531811	7216	0.0035
05ef48de-34b1-47dc-9f72-4604a093d644	6	75532861	75543180	5	-0.9856
05ef48de-34b1-47dc-9f72-4604a093d644	6	75560563	76305231	415	0.0104
05ef48de-34b1-47dc-9f72-4604a093d644	6	76307183	76307339	6	0.5822
05ef48de-34b1-47dc-9f72-4604a093d644	6	76307352	76726815	293	0.0468
05ef48de-34b1-47dc-9f72-4604a093d644	6	76730151	76758214	23	-0.4116
05ef48de-34b1-47dc-9f72-4604a093d644	6	76758749	78240104	960	0.0144
05ef48de-34b1-47dc-9f72-4604a093d644	6	78240510	78317642	119	0.3179
05ef48de-34b1-47dc-9f72-4604a093d644	6	78317798	103286954	15477	0.0047
05ef48de-34b1-47dc-9f72-4604a093d644	6	103290101	103314186	46	0.7827
05ef48de-34b1-47dc-9f72-4604a093d644	6	103317795	167931821	42277	-0.0008
05ef48de-34b1-47dc-9f72-4604a093d644	6	167934598	168195239	179	0.564
05ef48de-34b1-47dc-9f72-4604a093d644	6	168196562	170741917	1681	-0.0028
05ef48de-34b1-47dc-9f72-4604a093d644	7	43355	109793741	66886	0.0073
05ef48de-34b1-47dc-9f72-4604a093d644	7	109797035	109797715	15	-1.0518
05ef48de-34b1-47dc-9f72-4604a093d644	7	109797717	109801187	10	-0.1835
05ef48de-34b1-47dc-9f72-4604a093d644	7	109801572	109813853	10	-2.2071
05ef48de-34b1-47dc-9f72-4604a093d644	7	109813925	111199020	923	-0.0024
05ef48de-34b1-47dc-9f72-4604a093d644	7	111199343	111429478	173	0.137
05ef48de-34b1-47dc-9f72-4604a093d644	7	111429849	126404920	8926	0.0044
05ef48de-34b1-47dc-9f72-4604a093d644	7	126405428	126406822	13	0.8181
05ef48de-34b1-47dc-9f72-4604a093d644	7	126406823	142063324	9921	0.0031
05ef48de-34b1-47dc-9f72-4604a093d644	7	142069843	142088173	27	-0.5721
05ef48de-34b1-47dc-9f72-4604a093d644	7	142088203	142345098	195	-0.0177
05ef48de-34b1-47dc-9f72-4604a093d644	7	142347278	142347565	5	-0.9758
05ef48de-34b1-47dc-9f72-4604a093d644	7	142356135	143519759	701	0.0081
05ef48de-34b1-47dc-9f72-4604a093d644	7	143520153	143802123	30	0.3264
05ef48de-34b1-47dc-9f72-4604a093d644	7	143802294	144264193	286	0.0225
05ef48de-34b1-47dc-9f72-4604a093d644	7	144295437	144312471	3	1.5051
05ef48de-34b1-47dc-9f72-4604a093d644	7	144326306	150050783	3554	-0.0027
05ef48de-34b1-47dc-9f72-4604a093d644	7	150051521	150051889	2	-1.2818
05ef48de-34b1-47dc-9f72-4604a093d644	7	150054134	153450553	1996	0.0109
05ef48de-34b1-47dc-9f72-4604a093d644	7	153450560	153450627	2	-2.804
05ef48de-34b1-47dc-9f72-4604a093d644	7	153450630	154598185	850	0.0216
05ef48de-34b1-47dc-9f72-4604a093d644	7	154601461	154607903	4	0.9671
05ef48de-34b1-47dc-9f72-4604a093d644	7	154609120	155413823	738	0.0062
05ef48de-34b1-47dc-9f72-4604a093d644	7	155414053	155414572	3	-1.23
05ef48de-34b1-47dc-9f72-4604a093d644	7	155415881	159334314	2493	-0.0106
05ef48de-34b1-47dc-9f72-4604a093d644	8	81254	12177488	11022	0.0167
05ef48de-34b1-47dc-9f72-4604a093d644	8	12323772	12418301	30	0.434
05ef48de-34b1-47dc-9f72-4604a093d644	8	12419769	25116928	10411	0.0087
05ef48de-34b1-47dc-9f72-4604a093d644	8	25116961	25126818	26	-2.2165
05ef48de-34b1-47dc-9f72-4604a093d644	8	25133589	71300130	26965	0.0076
05ef48de-34b1-47dc-9f72-4604a093d644	8	71303076	71304364	8	-2.2795
05ef48de-34b1-47dc-9f72-4604a093d644	8	71307628	128735944	35734	0.0057
05ef48de-34b1-47dc-9f72-4604a093d644	8	128739928	128744020	4	-1.1462
05ef48de-34b1-47dc-9f72-4604a093d644	8	128750889	144177490	10892	0.0118
05ef48de-34b1-47dc-9f72-4604a093d644	8	144177507	144284502	36	-0.2806
05ef48de-34b1-47dc-9f72-4604a093d644	8	144284925	145072769	321	-0.0069
05ef48de-34b1-47dc-9f72-4604a093d644	9	46587	5077997	5229	0.0081
05ef48de-34b1-47dc-9f72-4604a093d644	9	5078059	5082995	18	0.519
05ef48de-34b1-47dc-9f72-4604a093d644	9	5083003	11648128	5739	0.0219
05ef48de-34b1-47dc-9f72-4604a093d644	9	11648881	11934377	206	-0.9444
05ef48de-34b1-47dc-9f72-4604a093d644	9	11941913	18065183	5134	0.0138
05ef48de-34b1-47dc-9f72-4604a093d644	9	18067529	18069477	2	-1.4426
05ef48de-34b1-47dc-9f72-4604a093d644	9	18069946	23361807	4081	0.0034
05ef48de-34b1-47dc-9f72-4604a093d644	9	23363117	23373486	8	-2.1487
05ef48de-34b1-47dc-9f72-4604a093d644	9	23378490	29091099	4333	0.021
05ef48de-34b1-47dc-9f72-4604a093d644	9	29094551	29094999	2	-2.6436
05ef48de-34b1-47dc-9f72-4604a093d644	9	29097682	30574648	1034	0.0003
05ef48de-34b1-47dc-9f72-4604a093d644	9	30580710	30580768	2	-2.2671
05ef48de-34b1-47dc-9f72-4604a093d644	9	30580957	41741113	5478	0.0012
05ef48de-34b1-47dc-9f72-4604a093d644	9	42014203	42073850	5	1.4664
05ef48de-34b1-47dc-9f72-4604a093d644	9	42080170	61405110	88	0.0768
05ef48de-34b1-47dc-9f72-4604a093d644	9	61520021	61527247	5	1.0764
05ef48de-34b1-47dc-9f72-4604a093d644	9	61530559	61581625	17	0.4639
05ef48de-34b1-47dc-9f72-4604a093d644	9	61598577	61647899	8	0.9986
05ef48de-34b1-47dc-9f72-4604a093d644	9	61665362	63580418	38	0.0908
05ef48de-34b1-47dc-9f72-4604a093d644	9	63590317	63592813	7	2.3166
05ef48de-34b1-47dc-9f72-4604a093d644	9	63614182	87907679	14328	0.004
05ef48de-34b1-47dc-9f72-4604a093d644	9	87939236	87939304	2	-1.94
05ef48de-34b1-47dc-9f72-4604a093d644	9	87943042	126848140	27602	0.0075
05ef48de-34b1-47dc-9f72-4604a093d644	9	126849813	126893467	25	-0.8454
05ef48de-34b1-47dc-9f72-4604a093d644	9	126896359	137294216	5647	-0.0019
05ef48de-34b1-47dc-9f72-4604a093d644	9	137325403	137409547	38	-0.2871
05ef48de-34b1-47dc-9f72-4604a093d644	9	137409572	138200944	392	-0.0105
05ef48de-34b1-47dc-9f72-4604a093d644	10	45792	4198678	3528	0.0047
05ef48de-34b1-47dc-9f72-4604a093d644	10	4199213	4199380	2	-1.3915
05ef48de-34b1-47dc-9f72-4604a093d644	10	4201806	8787347	4078	0.0074
05ef48de-34b1-47dc-9f72-4604a093d644	10	8787618	8816003	39	-0.412
05ef48de-34b1-47dc-9f72-4604a093d644	10	8819176	13007600	3252	0.0071
05ef48de-34b1-47dc-9f72-4604a093d644	10	13007656	13008170	7	-0.7101
05ef48de-34b1-47dc-9f72-4604a093d644	10	13008428	16424371	2846	-0.0002
05ef48de-34b1-47dc-9f72-4604a093d644	10	16425243	16434272	4	-1.3591
05ef48de-34b1-47dc-9f72-4604a093d644	10	16435107	24086334	5422	0.0034
05ef48de-34b1-47dc-9f72-4604a093d644	10	24088745	24089125	11	1.1902
05ef48de-34b1-47dc-9f72-4604a093d644	10	24089979	65546518	25191	0.0073
05ef48de-34b1-47dc-9f72-4604a093d644	10	65548165	65554688	28	-1.6925
05ef48de-34b1-47dc-9f72-4604a093d644	10	65563037	122574497	38300	0.0083
05ef48de-34b1-47dc-9f72-4604a093d644	10	122584593	122591497	6	-1.1076
05ef48de-34b1-47dc-9f72-4604a093d644	10	122597296	133654968	7898	0.0037
05ef48de-34b1-47dc-9f72-4604a093d644	11	198510	4705210	2144	0.0007
05ef48de-34b1-47dc-9f72-4604a093d644	11	4705388	4705661	5	-0.8025
05ef48de-34b1-47dc-9f72-4604a093d644	11	4707904	5499745	836	0.0208
05ef48de-34b1-47dc-9f72-4604a093d644	11	5500921	5501180	4	-1.037
05ef48de-34b1-47dc-9f72-4604a093d644	11	5501298	5757293	233	0.0214
05ef48de-34b1-47dc-9f72-4604a093d644	11	5761695	5776416	25	0.3513
05ef48de-34b1-47dc-9f72-4604a093d644	11	5776622	6086560	256	0.0365
05ef48de-34b1-47dc-9f72-4604a093d644	11	6087039	6100864	8	-0.9211
05ef48de-34b1-47dc-9f72-4604a093d644	11	6101273	18918775	9150	0.0042
05ef48de-34b1-47dc-9f72-4604a093d644	11	18919309	18940441	47	0.4513
05ef48de-34b1-47dc-9f72-4604a093d644	11	18940469	24420628	4366	0.0101
05ef48de-34b1-47dc-9f72-4604a093d644	11	24422703	24428711	6	-0.9716
05ef48de-34b1-47dc-9f72-4604a093d644	11	24433630	55588246	17373	0.0098
05ef48de-34b1-47dc-9f72-4604a093d644	11	55591984	55695678	72	0.3201
05ef48de-34b1-47dc-9f72-4604a093d644	11	55701048	107776206	32652	0.007
05ef48de-34b1-47dc-9f72-4604a093d644	11	107777591	107800447	15	0.6296
05ef48de-34b1-47dc-9f72-4604a093d644	11	107800464	135074876	19603	0.0055
05ef48de-34b1-47dc-9f72-4604a093d644	12	51460	2143628	1288	0.0295
05ef48de-34b1-47dc-9f72-4604a093d644	12	2143820	2143881	3	1.1613
05ef48de-34b1-47dc-9f72-4604a093d644	12	2145105	33826278	21965	0.0056
05ef48de-34b1-47dc-9f72-4604a093d644	12	33833295	38514452	666	0.0891
05ef48de-34b1-47dc-9f72-4604a093d644	12	38515281	45506042	4457	0.0076
05ef48de-34b1-47dc-9f72-4604a093d644	12	45510655	45515754	4	1.533
05ef48de-34b1-47dc-9f72-4604a093d644	12	45519509	52504221	3928	0.0036
05ef48de-34b1-47dc-9f72-4604a093d644	12	52507511	52512802	9	-0.259
05ef48de-34b1-47dc-9f72-4604a093d644	12	52513456	52513811	3	-1.4401
05ef48de-34b1-47dc-9f72-4604a093d644	12	52513839	80446147	17580	0.0001
05ef48de-34b1-47dc-9f72-4604a093d644	12	80446276	80456533	2	-2.6952
05ef48de-34b1-47dc-9f72-4604a093d644	12	80458189	129516041	32536	0.0034
05ef48de-34b1-47dc-9f72-4604a093d644	12	129518945	129519049	2	-2.1482
05ef48de-34b1-47dc-9f72-4604a093d644	12	129519225	133201603	2352	0.0051
05ef48de-34b1-47dc-9f72-4604a093d644	13	18452809	19547319	532	0.0272
05ef48de-34b1-47dc-9f72-4604a093d644	13	19549755	19549770	2	-1.7101
05ef48de-34b1-47dc-9f72-4604a093d644	13	19550361	37496233	12943	0.0036
05ef48de-34b1-47dc-9f72-4604a093d644	13	37496998	37514250	20	0.5084
05ef48de-34b1-47dc-9f72-4604a093d644	13	37514472	52520664	9888	0.004
05ef48de-34b1-47dc-9f72-4604a093d644	13	52523849	52531650	3	-2.2558
05ef48de-34b1-47dc-9f72-4604a093d644	13	52543744	57176962	2618	0.0112
05ef48de-34b1-47dc-9f72-4604a093d644	13	57184136	57204246	34	-0.544
05ef48de-34b1-47dc-9f72-4604a093d644	13	57215580	66598647	5597	0.0065
05ef48de-34b1-47dc-9f72-4604a093d644	13	66602087	66603651	2	-2.4642
05ef48de-34b1-47dc-9f72-4604a093d644	13	66604212	114342922	32463	0.001
05ef48de-34b1-47dc-9f72-4604a093d644	14	18239283	19289821	45	-0.1205
05ef48de-34b1-47dc-9f72-4604a093d644	14	19294457	19294475	2	2.1235
05ef48de-34b1-47dc-9f72-4604a093d644	14	19298389	40139724	12978	0.0033
05ef48de-34b1-47dc-9f72-4604a093d644	14	40144718	40147715	2	-2.4382
05ef48de-34b1-47dc-9f72-4604a093d644	14	40148961	44108198	2504	0.0221
05ef48de-34b1-47dc-9f72-4604a093d644	14	44109214	44110660	3	-1.1969
05ef48de-34b1-47dc-9f72-4604a093d644	14	44112426	66573981	14278	0.0072
05ef48de-34b1-47dc-9f72-4604a093d644	14	66574722	66654035	30	-0.9371
05ef48de-34b1-47dc-9f72-4604a093d644	14	66656933	73526068	4377	0.0073
05ef48de-34b1-47dc-9f72-4604a093d644	14	73529070	73563196	11	0.6083
05ef48de-34b1-47dc-9f72-4604a093d644	14	73563211	106210367	20812	0.0049
05ef48de-34b1-47dc-9f72-4604a093d644	14	106210588	106321086	53	0.2518
05ef48de-34b1-47dc-9f72-4604a093d644	14	106340102	106365807	11	1.1169
05ef48de-34b1-47dc-9f72-4604a093d644	14	106369985	106877229	270	0.0889
05ef48de-34b1-47dc-9f72-4604a093d644	15	19811075	20026653	47	0.0626
05ef48de-34b1-47dc-9f72-4604a093d644	15	20041119	22299523	159	-0.3333
05ef48de-34b1-47dc-9f72-4604a093d644	15	22385639	24405917	988	0.035
05ef48de-34b1-47dc-9f72-4604a093d644	15	24418615	24516042	57	-0.5306
05ef48de-34b1-47dc-9f72-4604a093d644	15	24518572	30215235	3586	0.0138
05ef48de-34b1-47dc-9f72-4604a093d644	15	30230885	30656433	36	0.3821
05ef48de-34b1-47dc-9f72-4604a093d644	15	30658326	37914069	4989	0.012
05ef48de-34b1-47dc-9f72-4604a093d644	15	37916270	37924836	3	-1.2427
05ef48de-34b1-47dc-9f72-4604a093d644	15	37928640	56497449	11272	0.0048
05ef48de-34b1-47dc-9f72-4604a093d644	15	56498505	56508779	25	-0.5331
05ef48de-34b1-47dc-9f72-4604a093d644	15	56509425	61392006	3625	0.0057
05ef48de-34b1-47dc-9f72-4604a093d644	15	61395970	61405768	16	-1.0188
05ef48de-34b1-47dc-9f72-4604a093d644	15	61405782	69037475	4862	0.0057
05ef48de-34b1-47dc-9f72-4604a093d644	15	69038945	69045335	3	1.1139
05ef48de-34b1-47dc-9f72-4604a093d644	15	69048724	93310656	15405	0.0141
05ef48de-34b1-47dc-9f72-4604a093d644	15	93312082	93314323	2	-3.1603
05ef48de-34b1-47dc-9f72-4604a093d644	15	93319185	101928837	6462	0.0077
05ef48de-34b1-47dc-9f72-4604a093d644	16	10777	55761136	26906	0.011
05ef48de-34b1-47dc-9f72-4604a093d644	16	55762477	55782734	18	-0.7409
05ef48de-34b1-47dc-9f72-4604a093d644	16	55782793	55834527	18	0.4211
05ef48de-34b1-47dc-9f72-4604a093d644	16	55836505	78339867	14265	0.0091
05ef48de-34b1-47dc-9f72-4604a093d644	16	78339920	78342480	2	-2.1689
05ef48de-34b1-47dc-9f72-4604a093d644	16	78342814	86661574	8752	0.0053
05ef48de-34b1-47dc-9f72-4604a093d644	16	86661979	86663402	3	-1.6308
05ef48de-34b1-47dc-9f72-4604a093d644	16	86663615	90096867	1869	-0.0076
05ef48de-34b1-47dc-9f72-4604a093d644	17	150733	41266762	20811	0.0099
05ef48de-34b1-47dc-9f72-4604a093d644	17	41266774	41273934	21	-0.5746
05ef48de-34b1-47dc-9f72-4604a093d644	17	41274198	46136346	2536	0.0199
05ef48de-34b1-47dc-9f72-4604a093d644	17	46136800	46148490	13	0.6826
05ef48de-34b1-47dc-9f72-4604a093d644	17	46153960	46275506	71	0.0991
05ef48de-34b1-47dc-9f72-4604a093d644	17	46276519	46717218	22	0.3809
05ef48de-34b1-47dc-9f72-4604a093d644	17	46717389	58134739	7341	0.0073
05ef48de-34b1-47dc-9f72-4604a093d644	17	58135153	58136733	4	-1.0077
05ef48de-34b1-47dc-9f72-4604a093d644	17	58140037	77345322	11322	0.007
05ef48de-34b1-47dc-9f72-4604a093d644	17	77347009	77395217	45	-0.282
05ef48de-34b1-47dc-9f72-4604a093d644	17	77395915	83091923	2832	-0.0093
05ef48de-34b1-47dc-9f72-4604a093d644	18	48133	8108797	5817	0.0106
05ef48de-34b1-47dc-9f72-4604a093d644	18	8108933	8115170	2	-1.5496
05ef48de-34b1-47dc-9f72-4604a093d644	18	8116627	33567075	12402	0.0112
05ef48de-34b1-47dc-9f72-4604a093d644	18	33568863	33569970	2	1.4343
05ef48de-34b1-47dc-9f72-4604a093d644	18	33579315	40680516	4542	0.0037
05ef48de-34b1-47dc-9f72-4604a093d644	18	40680526	40685399	12	-0.6177
05ef48de-34b1-47dc-9f72-4604a093d644	18	40685413	53740727	8969	0.0047
05ef48de-34b1-47dc-9f72-4604a093d644	18	53740772	53740840	3	1.0411
05ef48de-34b1-47dc-9f72-4604a093d644	18	53740980	53998472	161	-0.0394
05ef48de-34b1-47dc-9f72-4604a093d644	18	53998629	53998782	2	-2.4246
05ef48de-34b1-47dc-9f72-4604a093d644	18	54001998	65532809	7970	0.0025
05ef48de-34b1-47dc-9f72-4604a093d644	18	65532829	65537481	20	0.7519
05ef48de-34b1-47dc-9f72-4604a093d644	18	65540037	66019462	331	0.0433
05ef48de-34b1-47dc-9f72-4604a093d644	18	66020391	66020464	2	-1.1743
05ef48de-34b1-47dc-9f72-4604a093d644	18	66020518	66054343	25	0.0573
05ef48de-34b1-47dc-9f72-4604a093d644	18	66060256	66065858	24	-0.446
05ef48de-34b1-47dc-9f72-4604a093d644	18	66066360	80257174	10407	0.0111
05ef48de-34b1-47dc-9f72-4604a093d644	19	90910	11926868	4691	-0.0072
05ef48de-34b1-47dc-9f72-4604a093d644	19	11929468	11931930	2	-1.653
05ef48de-34b1-47dc-9f72-4604a093d644	19	11933296	15952885	2104	0.0022
05ef48de-34b1-47dc-9f72-4604a093d644	19	15955745	15955864	2	-1.2952
05ef48de-34b1-47dc-9f72-4604a093d644	19	15956000	20411869	2114	-0.0062
05ef48de-34b1-47dc-9f72-4604a093d644	19	20413400	20533583	68	-0.696
05ef48de-34b1-47dc-9f72-4604a093d644	19	20538075	35358420	7715	0.0097
05ef48de-34b1-47dc-9f72-4604a093d644	19	35364451	35370946	21	-1.9385
05ef48de-34b1-47dc-9f72-4604a093d644	19	35375842	54365045	9839	0.0055
05ef48de-34b1-47dc-9f72-4604a093d644	19	54378691	54434666	26	-0.3852
05ef48de-34b1-47dc-9f72-4604a093d644	19	54437283	55766684	671	0.0226
05ef48de-34b1-47dc-9f72-4604a093d644	19	55770704	55774927	6	0.8205
05ef48de-34b1-47dc-9f72-4604a093d644	19	55777575	58586487	1836	0.0126
05ef48de-34b1-47dc-9f72-4604a093d644	20	80664	1580305	1203	0.0352
05ef48de-34b1-47dc-9f72-4604a093d644	20	1580353	1617300	43	-0.7436
05ef48de-34b1-47dc-9f72-4604a093d644	20	1617460	4011202	1655	0.0129
05ef48de-34b1-47dc-9f72-4604a093d644	20	4012707	4048388	25	-0.3493
05ef48de-34b1-47dc-9f72-4604a093d644	20	4049130	4837899	703	0.0091
05ef48de-34b1-47dc-9f72-4604a093d644	20	4838294	4854769	18	-0.4345
05ef48de-34b1-47dc-9f72-4604a093d644	20	4855794	63057536	38218	0.008
05ef48de-34b1-47dc-9f72-4604a093d644	20	63057782	63184521	72	-0.2184
05ef48de-34b1-47dc-9f72-4604a093d644	20	63185527	64324800	426	-0.0298
05ef48de-34b1-47dc-9f72-4604a093d644	21	10354168	10578371	57	0.0938
05ef48de-34b1-47dc-9f72-4604a093d644	21	10579237	10614263	19	-0.4038
05ef48de-34b1-47dc-9f72-4604a093d644	21	10624949	13582956	191	0.0568
05ef48de-34b1-47dc-9f72-4604a093d644	21	13583316	13677975	5	-0.6886
05ef48de-34b1-47dc-9f72-4604a093d644	21	13803967	15553905	1147	0.0114
05ef48de-34b1-47dc-9f72-4604a093d644	21	15556924	15557636	2	-1.5495
05ef48de-34b1-47dc-9f72-4604a093d644	21	15558317	44363690	21089	0.0009
05ef48de-34b1-47dc-9f72-4604a093d644	21	44365130	44447588	22	-0.3949
05ef48de-34b1-47dc-9f72-4604a093d644	21	44448356	46677045	1312	-0.0008
05ef48de-34b1-47dc-9f72-4604a093d644	22	15294547	50796027	23271	0.0065
05ef48de-34b1-47dc-9f72-4604a093d644	X	251810	135619994	71129	0.0051
05ef48de-34b1-47dc-9f72-4604a093d644	X	135623557	135668591	31	1.1539
05ef48de-34b1-47dc-9f72-4604a093d644	X	135673726	155952689	12249	0.0069
05ef48de-34b1-47dc-9f72-4604a093d644	Y	2782397	56872112	6637	-0.8446
