GDC_Aliquot	Chromosome	Start	End	Num_Probes	Segment_Mean
682eb8b3-c6dc-4e7c-b83a-eccd848e7eb1	1	62920	462795	18	0.3978
682eb8b3-c6dc-4e7c-b83a-eccd848e7eb1	1	462894	817186	14	0.0476
682eb8b3-c6dc-4e7c-b83a-eccd848e7eb1	1	822089	1710664	181	-0.1444
682eb8b3-c6dc-4e7c-b83a-eccd848e7eb1	1	1715891	1737662	11	0.4899
682eb8b3-c6dc-4e7c-b83a-eccd848e7eb1	1	1737717	3378408	569	-0.1761
682eb8b3-c6dc-4e7c-b83a-eccd848e7eb1	1	3380822	12779433	5691	-0.1022
682eb8b3-c6dc-4e7c-b83a-eccd848e7eb1	1	12792599	12799264	6	-1.504
682eb8b3-c6dc-4e7c-b83a-eccd848e7eb1	1	12802105	16480729	2132	-0.1064
682eb8b3-c6dc-4e7c-b83a-eccd848e7eb1	1	16482199	16863509	70	0.1215
682eb8b3-c6dc-4e7c-b83a-eccd848e7eb1	1	16864367	21416520	3068	-0.109
682eb8b3-c6dc-4e7c-b83a-eccd848e7eb1	1	21416967	21487465	27	0.2239
682eb8b3-c6dc-4e7c-b83a-eccd848e7eb1	1	21493245	25232069	2206	-0.1039
682eb8b3-c6dc-4e7c-b83a-eccd848e7eb1	1	25235596	25376293	54	0.1672
682eb8b3-c6dc-4e7c-b83a-eccd848e7eb1	1	25380533	30264526	2365	-0.1028
682eb8b3-c6dc-4e7c-b83a-eccd848e7eb1	1	30265508	30268649	8	-0.997
682eb8b3-c6dc-4e7c-b83a-eccd848e7eb1	1	30268809	45779527	8739	-0.0958
682eb8b3-c6dc-4e7c-b83a-eccd848e7eb1	1	45779751	72284670	17512	-0.077
682eb8b3-c6dc-4e7c-b83a-eccd848e7eb1	1	72290430	72297687	9	-0.7365
682eb8b3-c6dc-4e7c-b83a-eccd848e7eb1	1	72302735	72345450	47	0.3808
682eb8b3-c6dc-4e7c-b83a-eccd848e7eb1	1	72345465	152583230	33081	-0.0671
682eb8b3-c6dc-4e7c-b83a-eccd848e7eb1	1	152583291	152618018	35	0.4315
682eb8b3-c6dc-4e7c-b83a-eccd848e7eb1	1	152618089	152789463	167	-0.0853
682eb8b3-c6dc-4e7c-b83a-eccd848e7eb1	1	152789479	152796224	35	0.4281
682eb8b3-c6dc-4e7c-b83a-eccd848e7eb1	1	152801429	169247699	11242	-0.0809
682eb8b3-c6dc-4e7c-b83a-eccd848e7eb1	1	169264736	169272528	6	-2.6979
682eb8b3-c6dc-4e7c-b83a-eccd848e7eb1	1	169273163	174827576	3513	-0.0713
682eb8b3-c6dc-4e7c-b83a-eccd848e7eb1	1	174827723	174832716	14	0.3832
682eb8b3-c6dc-4e7c-b83a-eccd848e7eb1	1	174832734	178693453	2518	-0.0724
682eb8b3-c6dc-4e7c-b83a-eccd848e7eb1	1	178693483	178699618	15	0.3691
682eb8b3-c6dc-4e7c-b83a-eccd848e7eb1	1	178699935	189289778	7090	-0.0712
682eb8b3-c6dc-4e7c-b83a-eccd848e7eb1	1	189290080	189422484	78	0.137
682eb8b3-c6dc-4e7c-b83a-eccd848e7eb1	1	189424392	196736037	4879	-0.0551
682eb8b3-c6dc-4e7c-b83a-eccd848e7eb1	1	196736126	196854187	75	0.2926
682eb8b3-c6dc-4e7c-b83a-eccd848e7eb1	1	196854483	222193326	17333	-0.0747
682eb8b3-c6dc-4e7c-b83a-eccd848e7eb1	1	222201492	222203662	2	-2.7226
682eb8b3-c6dc-4e7c-b83a-eccd848e7eb1	1	222208792	246080317	16677	-0.0832
682eb8b3-c6dc-4e7c-b83a-eccd848e7eb1	1	246080937	246488245	276	0.0286
682eb8b3-c6dc-4e7c-b83a-eccd848e7eb1	1	246494264	247650984	717	-0.0801
682eb8b3-c6dc-4e7c-b83a-eccd848e7eb1	1	247652479	248930189	701	0.0034
682eb8b3-c6dc-4e7c-b83a-eccd848e7eb1	2	12784	34424117	24013	-0.0667
682eb8b3-c6dc-4e7c-b83a-eccd848e7eb1	2	34424199	34511990	61	0.3454
682eb8b3-c6dc-4e7c-b83a-eccd848e7eb1	2	34512096	35742319	869	-0.0521
682eb8b3-c6dc-4e7c-b83a-eccd848e7eb1	2	35742970	35762881	9	0.5732
682eb8b3-c6dc-4e7c-b83a-eccd848e7eb1	2	35772407	49292515	9815	-0.0692
682eb8b3-c6dc-4e7c-b83a-eccd848e7eb1	2	49295746	49314051	8	-0.8835
682eb8b3-c6dc-4e7c-b83a-eccd848e7eb1	2	49317902	52527330	2269	-0.038
682eb8b3-c6dc-4e7c-b83a-eccd848e7eb1	2	52527342	52554404	39	-2.3605
682eb8b3-c6dc-4e7c-b83a-eccd848e7eb1	2	52560811	57167460	3342	-0.0644
682eb8b3-c6dc-4e7c-b83a-eccd848e7eb1	2	57167750	57182221	33	0.2749
682eb8b3-c6dc-4e7c-b83a-eccd848e7eb1	2	57182347	75523365	11358	-0.0682
682eb8b3-c6dc-4e7c-b83a-eccd848e7eb1	2	75523541	82267194	4601	-0.0385
682eb8b3-c6dc-4e7c-b83a-eccd848e7eb1	2	82267316	88813284	3177	-0.0701
682eb8b3-c6dc-4e7c-b83a-eccd848e7eb1	2	88816370	94675825	402	0.0445
682eb8b3-c6dc-4e7c-b83a-eccd848e7eb1	2	94675975	97359885	875	-0.0563
682eb8b3-c6dc-4e7c-b83a-eccd848e7eb1	2	97524284	97627711	26	0.4045
682eb8b3-c6dc-4e7c-b83a-eccd848e7eb1	2	97633196	123185644	15392	-0.0647
682eb8b3-c6dc-4e7c-b83a-eccd848e7eb1	2	123186286	125684486	1575	-0.0091
682eb8b3-c6dc-4e7c-b83a-eccd848e7eb1	2	125684600	137768417	7229	-0.0635
682eb8b3-c6dc-4e7c-b83a-eccd848e7eb1	2	137768432	137774463	2	1.434
682eb8b3-c6dc-4e7c-b83a-eccd848e7eb1	2	137775099	163779119	15688	-0.057
682eb8b3-c6dc-4e7c-b83a-eccd848e7eb1	2	163780342	163788616	6	-0.8742
682eb8b3-c6dc-4e7c-b83a-eccd848e7eb1	2	163790132	183390047	12322	-0.0571
682eb8b3-c6dc-4e7c-b83a-eccd848e7eb1	2	183390806	196566936	7481	-0.033
682eb8b3-c6dc-4e7c-b83a-eccd848e7eb1	2	196567651	207490188	6476	-0.0618
682eb8b3-c6dc-4e7c-b83a-eccd848e7eb1	2	207490231	207494612	17	-0.911
682eb8b3-c6dc-4e7c-b83a-eccd848e7eb1	2	207494752	212302239	3008	-0.0497
682eb8b3-c6dc-4e7c-b83a-eccd848e7eb1	2	212302673	212325646	33	0.2317
682eb8b3-c6dc-4e7c-b83a-eccd848e7eb1	2	212325660	230564343	11867	-0.0578
682eb8b3-c6dc-4e7c-b83a-eccd848e7eb1	2	230564505	234705509	2558	-0.0822
682eb8b3-c6dc-4e7c-b83a-eccd848e7eb1	2	234711951	234715741	7	-0.7571
682eb8b3-c6dc-4e7c-b83a-eccd848e7eb1	2	234716156	239018385	2843	-0.0844
682eb8b3-c6dc-4e7c-b83a-eccd848e7eb1	2	239019569	239090914	42	-0.3941
682eb8b3-c6dc-4e7c-b83a-eccd848e7eb1	2	239093767	242016073	1567	-0.1012
682eb8b3-c6dc-4e7c-b83a-eccd848e7eb1	2	242016144	242147305	92	-0.0068
682eb8b3-c6dc-4e7c-b83a-eccd848e7eb1	3	20930	1978961	1750	0.012
682eb8b3-c6dc-4e7c-b83a-eccd848e7eb1	3	1979124	6603914	4041	-0.0583
682eb8b3-c6dc-4e7c-b83a-eccd848e7eb1	3	6604856	6610989	18	-0.6919
682eb8b3-c6dc-4e7c-b83a-eccd848e7eb1	3	6611381	16256041	7112	-0.0882
682eb8b3-c6dc-4e7c-b83a-eccd848e7eb1	3	16256427	31745870	10716	-0.0627
682eb8b3-c6dc-4e7c-b83a-eccd848e7eb1	3	31745957	59704936	16530	-0.0843
682eb8b3-c6dc-4e7c-b83a-eccd848e7eb1	3	59705352	60226880	650	-0.0352
682eb8b3-c6dc-4e7c-b83a-eccd848e7eb1	3	60227038	60227188	2	-1.3634
682eb8b3-c6dc-4e7c-b83a-eccd848e7eb1	3	60227573	61035854	841	-0.0168
682eb8b3-c6dc-4e7c-b83a-eccd848e7eb1	3	61040294	68697013	6008	-0.0828
682eb8b3-c6dc-4e7c-b83a-eccd848e7eb1	3	68697108	68698262	14	-1.2922
682eb8b3-c6dc-4e7c-b83a-eccd848e7eb1	3	68699607	89370771	12638	-0.07
682eb8b3-c6dc-4e7c-b83a-eccd848e7eb1	3	89371081	89371338	3	1.0245
682eb8b3-c6dc-4e7c-b83a-eccd848e7eb1	3	89376664	91390926	378	-0.0769
682eb8b3-c6dc-4e7c-b83a-eccd848e7eb1	3	91462299	99202314	2824	0.4536
682eb8b3-c6dc-4e7c-b83a-eccd848e7eb1	3	99203270	99230464	47	0.8802
682eb8b3-c6dc-4e7c-b83a-eccd848e7eb1	3	99230470	108973203	5863	0.4372
682eb8b3-c6dc-4e7c-b83a-eccd848e7eb1	3	108974142	109190061	155	0.5704
682eb8b3-c6dc-4e7c-b83a-eccd848e7eb1	3	109191230	142102103	20105	0.4316
682eb8b3-c6dc-4e7c-b83a-eccd848e7eb1	3	142102618	145226103	1981	0.4626
682eb8b3-c6dc-4e7c-b83a-eccd848e7eb1	3	145228275	145228432	2	-0.8404
682eb8b3-c6dc-4e7c-b83a-eccd848e7eb1	3	145231666	145915619	459	0.4588
682eb8b3-c6dc-4e7c-b83a-eccd848e7eb1	3	145924135	145924147	2	-0.6925
682eb8b3-c6dc-4e7c-b83a-eccd848e7eb1	3	145924578	146650017	488	0.4281
682eb8b3-c6dc-4e7c-b83a-eccd848e7eb1	3	146652269	147692758	561	0.5499
682eb8b3-c6dc-4e7c-b83a-eccd848e7eb1	3	147695314	158613262	6688	0.4456
682eb8b3-c6dc-4e7c-b83a-eccd848e7eb1	3	158619976	158621752	2	-1.2451
682eb8b3-c6dc-4e7c-b83a-eccd848e7eb1	3	158623833	162795304	2614	0.4521
682eb8b3-c6dc-4e7c-b83a-eccd848e7eb1	3	162795361	162898127	61	0.7997
682eb8b3-c6dc-4e7c-b83a-eccd848e7eb1	3	162906054	177176493	8798	0.4617
682eb8b3-c6dc-4e7c-b83a-eccd848e7eb1	3	177177049	186980310	5830	0.4274
682eb8b3-c6dc-4e7c-b83a-eccd848e7eb1	3	186983049	186983135	2	-2.4031
682eb8b3-c6dc-4e7c-b83a-eccd848e7eb1	3	186991016	189645889	1988	0.4411
682eb8b3-c6dc-4e7c-b83a-eccd848e7eb1	3	189646041	189646849	10	-0.5829
682eb8b3-c6dc-4e7c-b83a-eccd848e7eb1	3	189653199	195685341	3987	0.4394
682eb8b3-c6dc-4e7c-b83a-eccd848e7eb1	3	195691392	195720051	20	1.1203
682eb8b3-c6dc-4e7c-b83a-eccd848e7eb1	3	195728637	195729069	6	0.4035
682eb8b3-c6dc-4e7c-b83a-eccd848e7eb1	3	195729085	195737253	7	-0.2815
682eb8b3-c6dc-4e7c-b83a-eccd848e7eb1	3	195737444	198169247	1169	0.4232
682eb8b3-c6dc-4e7c-b83a-eccd848e7eb1	4	68929	283194	106	0.0802
682eb8b3-c6dc-4e7c-b83a-eccd848e7eb1	4	283855	3876063	1460	-0.1117
682eb8b3-c6dc-4e7c-b83a-eccd848e7eb1	4	3877891	4163608	68	0.1266
682eb8b3-c6dc-4e7c-b83a-eccd848e7eb1	4	4164791	8720526	3458	-0.1051
682eb8b3-c6dc-4e7c-b83a-eccd848e7eb1	4	8722817	9455251	60	0.0782
682eb8b3-c6dc-4e7c-b83a-eccd848e7eb1	4	9459504	9477699	6	1.208
682eb8b3-c6dc-4e7c-b83a-eccd848e7eb1	4	9484440	10208670	537	-0.061
682eb8b3-c6dc-4e7c-b83a-eccd848e7eb1	4	10208766	10233644	37	-0.5877
682eb8b3-c6dc-4e7c-b83a-eccd848e7eb1	4	10234518	32475041	15638	-0.0709
682eb8b3-c6dc-4e7c-b83a-eccd848e7eb1	4	32477378	32479640	2	-1.8671
682eb8b3-c6dc-4e7c-b83a-eccd848e7eb1	4	32479939	34777432	1277	-0.0472
682eb8b3-c6dc-4e7c-b83a-eccd848e7eb1	4	34784878	34828382	43	0.3909
682eb8b3-c6dc-4e7c-b83a-eccd848e7eb1	4	34830196	49214614	8936	-0.0667
682eb8b3-c6dc-4e7c-b83a-eccd848e7eb1	4	49289175	49289338	2	-2.2181
682eb8b3-c6dc-4e7c-b83a-eccd848e7eb1	4	49295203	63828222	7558	-0.0725
682eb8b3-c6dc-4e7c-b83a-eccd848e7eb1	4	63831751	63850713	29	0.4186
682eb8b3-c6dc-4e7c-b83a-eccd848e7eb1	4	63851308	68378716	2828	-0.056
682eb8b3-c6dc-4e7c-b83a-eccd848e7eb1	4	68389352	68391041	2	-1.5212
682eb8b3-c6dc-4e7c-b83a-eccd848e7eb1	4	68394355	69421960	479	0.0799
682eb8b3-c6dc-4e7c-b83a-eccd848e7eb1	4	69422116	103823496	20918	-0.0666
682eb8b3-c6dc-4e7c-b83a-eccd848e7eb1	4	103823559	103842217	39	0.278
682eb8b3-c6dc-4e7c-b83a-eccd848e7eb1	4	103842349	107130343	1822	-0.0728
682eb8b3-c6dc-4e7c-b83a-eccd848e7eb1	4	107144594	107154401	33	-0.5153
682eb8b3-c6dc-4e7c-b83a-eccd848e7eb1	4	107154866	121353499	8734	-0.0606
682eb8b3-c6dc-4e7c-b83a-eccd848e7eb1	4	121360818	121369976	30	-0.7668
682eb8b3-c6dc-4e7c-b83a-eccd848e7eb1	4	121370367	131124357	5598	-0.0625
682eb8b3-c6dc-4e7c-b83a-eccd848e7eb1	4	131126956	131437038	157	0.1098
682eb8b3-c6dc-4e7c-b83a-eccd848e7eb1	4	131440551	143926843	7522	-0.0606
682eb8b3-c6dc-4e7c-b83a-eccd848e7eb1	4	143927335	144155304	99	0.1223
682eb8b3-c6dc-4e7c-b83a-eccd848e7eb1	4	144158483	160933025	10104	-0.0658
682eb8b3-c6dc-4e7c-b83a-eccd848e7eb1	4	160934706	161130063	189	0.0626
682eb8b3-c6dc-4e7c-b83a-eccd848e7eb1	4	161135340	161138477	2	-1.5427
682eb8b3-c6dc-4e7c-b83a-eccd848e7eb1	4	161145333	172068073	6917	-0.056
682eb8b3-c6dc-4e7c-b83a-eccd848e7eb1	4	172068149	172068382	9	-1.892
682eb8b3-c6dc-4e7c-b83a-eccd848e7eb1	4	172074828	172507320	235	-0.0056
682eb8b3-c6dc-4e7c-b83a-eccd848e7eb1	4	172507437	172507492	2	1.3875
682eb8b3-c6dc-4e7c-b83a-eccd848e7eb1	4	172519981	190106768	11805	-0.0536
682eb8b3-c6dc-4e7c-b83a-eccd848e7eb1	5	15532	7169363	5711	-0.0891
682eb8b3-c6dc-4e7c-b83a-eccd848e7eb1	5	7177225	7189812	26	-0.8863
682eb8b3-c6dc-4e7c-b83a-eccd848e7eb1	5	7202522	12785134	4421	-0.073
682eb8b3-c6dc-4e7c-b83a-eccd848e7eb1	5	12785139	12895017	33	0.3144
682eb8b3-c6dc-4e7c-b83a-eccd848e7eb1	5	12895116	21376735	5436	-0.0603
682eb8b3-c6dc-4e7c-b83a-eccd848e7eb1	5	21377730	21377744	2	1.2761
682eb8b3-c6dc-4e7c-b83a-eccd848e7eb1	5	21385957	21449167	44	0.0187
682eb8b3-c6dc-4e7c-b83a-eccd848e7eb1	5	21451091	21452329	5	0.9023
682eb8b3-c6dc-4e7c-b83a-eccd848e7eb1	5	21452387	45323432	14604	-0.0721
682eb8b3-c6dc-4e7c-b83a-eccd848e7eb1	5	45326764	50828231	600	0.0419
682eb8b3-c6dc-4e7c-b83a-eccd848e7eb1	5	50829022	68157678	11305	-0.0641
682eb8b3-c6dc-4e7c-b83a-eccd848e7eb1	5	68158668	68168671	6	-0.7716
682eb8b3-c6dc-4e7c-b83a-eccd848e7eb1	5	68169975	70959079	783	-0.0839
682eb8b3-c6dc-4e7c-b83a-eccd848e7eb1	5	71010832	71095426	8	0.6712
682eb8b3-c6dc-4e7c-b83a-eccd848e7eb1	5	71358245	99470351	16535	-0.0648
682eb8b3-c6dc-4e7c-b83a-eccd848e7eb1	5	99471910	100737382	716	0.0459
682eb8b3-c6dc-4e7c-b83a-eccd848e7eb1	5	100740230	101332537	323	-0.0701
682eb8b3-c6dc-4e7c-b83a-eccd848e7eb1	5	101335143	101925069	426	0.0145
682eb8b3-c6dc-4e7c-b83a-eccd848e7eb1	5	101926096	104105154	1181	-0.0743
682eb8b3-c6dc-4e7c-b83a-eccd848e7eb1	5	104108429	104116505	7	-0.9178
682eb8b3-c6dc-4e7c-b83a-eccd848e7eb1	5	104119056	104515520	259	-0.0103
682eb8b3-c6dc-4e7c-b83a-eccd848e7eb1	5	104524672	104524903	4	1.6212
682eb8b3-c6dc-4e7c-b83a-eccd848e7eb1	5	104525348	105097721	443	-0.0325
682eb8b3-c6dc-4e7c-b83a-eccd848e7eb1	5	105097893	105311213	149	0.1034
682eb8b3-c6dc-4e7c-b83a-eccd848e7eb1	5	105311825	140839137	22553	-0.0652
682eb8b3-c6dc-4e7c-b83a-eccd848e7eb1	5	140844251	140864171	12	-0.6969
682eb8b3-c6dc-4e7c-b83a-eccd848e7eb1	5	140872578	150825938	6556	-0.0773
682eb8b3-c6dc-4e7c-b83a-eccd848e7eb1	5	150826533	150839042	7	-0.7941
682eb8b3-c6dc-4e7c-b83a-eccd848e7eb1	5	150843825	152135825	963	-0.0645
682eb8b3-c6dc-4e7c-b83a-eccd848e7eb1	5	152135909	152138790	13	-0.6637
682eb8b3-c6dc-4e7c-b83a-eccd848e7eb1	5	152140710	171994011	13735	-0.0707
682eb8b3-c6dc-4e7c-b83a-eccd848e7eb1	5	171996118	173778497	1303	-0.1093
682eb8b3-c6dc-4e7c-b83a-eccd848e7eb1	5	173778604	173778869	2	-1.811
682eb8b3-c6dc-4e7c-b83a-eccd848e7eb1	5	173779213	180895785	4161	-0.103
682eb8b3-c6dc-4e7c-b83a-eccd848e7eb1	5	180895787	180947523	27	0.063
682eb8b3-c6dc-4e7c-b83a-eccd848e7eb1	5	180951710	180987465	14	0.7504
682eb8b3-c6dc-4e7c-b83a-eccd848e7eb1	5	180990207	181363319	175	-0.1346
682eb8b3-c6dc-4e7c-b83a-eccd848e7eb1	6	149661	258265	103	-0.0306
682eb8b3-c6dc-4e7c-b83a-eccd848e7eb1	6	260376	348669	57	0.1906
682eb8b3-c6dc-4e7c-b83a-eccd848e7eb1	6	349386	16376393	12551	-0.0869
682eb8b3-c6dc-4e7c-b83a-eccd848e7eb1	6	16376719	16377382	2	-1.7396
682eb8b3-c6dc-4e7c-b83a-eccd848e7eb1	6	16380656	23057409	4950	-0.0875
682eb8b3-c6dc-4e7c-b83a-eccd848e7eb1	6	23060763	23064026	4	-1.1535
682eb8b3-c6dc-4e7c-b83a-eccd848e7eb1	6	23067417	29869411	3931	-0.0719
682eb8b3-c6dc-4e7c-b83a-eccd848e7eb1	6	29869537	29881490	14	-0.8651
682eb8b3-c6dc-4e7c-b83a-eccd848e7eb1	6	29882419	31305926	658	-0.1124
682eb8b3-c6dc-4e7c-b83a-eccd848e7eb1	6	31313046	31328674	11	1.019
682eb8b3-c6dc-4e7c-b83a-eccd848e7eb1	6	31342147	32718419	598	-0.1002
682eb8b3-c6dc-4e7c-b83a-eccd848e7eb1	6	32720838	32722250	8	0.4525
682eb8b3-c6dc-4e7c-b83a-eccd848e7eb1	6	32723020	32723053	3	1.6199
682eb8b3-c6dc-4e7c-b83a-eccd848e7eb1	6	32732907	33970966	754	-0.0986
682eb8b3-c6dc-4e7c-b83a-eccd848e7eb1	6	33974234	33974928	6	-1.0674
682eb8b3-c6dc-4e7c-b83a-eccd848e7eb1	6	33976809	57341687	14847	-0.083
682eb8b3-c6dc-4e7c-b83a-eccd848e7eb1	6	57347009	61813251	772	0.0454
682eb8b3-c6dc-4e7c-b83a-eccd848e7eb1	6	61813538	66286718	2563	-0.0625
682eb8b3-c6dc-4e7c-b83a-eccd848e7eb1	6	66287355	66328153	43	0.2393
682eb8b3-c6dc-4e7c-b83a-eccd848e7eb1	6	66331020	78253172	7769	-0.06
682eb8b3-c6dc-4e7c-b83a-eccd848e7eb1	6	78259348	78322600	105	-2.1434
682eb8b3-c6dc-4e7c-b83a-eccd848e7eb1	6	78322875	78325457	4	-0.9813
682eb8b3-c6dc-4e7c-b83a-eccd848e7eb1	6	78325468	93462773	9696	-0.0677
682eb8b3-c6dc-4e7c-b83a-eccd848e7eb1	6	93463631	94930796	935	0.0103
682eb8b3-c6dc-4e7c-b83a-eccd848e7eb1	6	94932867	166257009	46042	-0.0666
682eb8b3-c6dc-4e7c-b83a-eccd848e7eb1	6	166258230	166258275	2	-2.0618
682eb8b3-c6dc-4e7c-b83a-eccd848e7eb1	6	166258351	167294204	790	-0.0879
682eb8b3-c6dc-4e7c-b83a-eccd848e7eb1	6	167296013	168245127	398	-0.195
682eb8b3-c6dc-4e7c-b83a-eccd848e7eb1	6	168247166	170741917	1640	-0.0848
682eb8b3-c6dc-4e7c-b83a-eccd848e7eb1	7	43355	946204	225	0.4005
682eb8b3-c6dc-4e7c-b83a-eccd848e7eb1	7	948564	1149542	105	0.2297
682eb8b3-c6dc-4e7c-b83a-eccd848e7eb1	7	1149589	3343971	1080	0.3982
682eb8b3-c6dc-4e7c-b83a-eccd848e7eb1	7	3343990	3494873	149	0.5986
682eb8b3-c6dc-4e7c-b83a-eccd848e7eb1	7	3498316	6791305	1857	0.404
682eb8b3-c6dc-4e7c-b83a-eccd848e7eb1	7	6797375	6799093	3	-1.2438
682eb8b3-c6dc-4e7c-b83a-eccd848e7eb1	7	6814479	8156482	1101	0.4384
682eb8b3-c6dc-4e7c-b83a-eccd848e7eb1	7	8156547	10796462	2068	0.5077
682eb8b3-c6dc-4e7c-b83a-eccd848e7eb1	7	10796561	16755939	4854	0.4462
682eb8b3-c6dc-4e7c-b83a-eccd848e7eb1	7	16756412	21189124	3581	0.4785
682eb8b3-c6dc-4e7c-b83a-eccd848e7eb1	7	21189254	22395161	971	0.4329
682eb8b3-c6dc-4e7c-b83a-eccd848e7eb1	7	22395853	22396868	2	-2.8514
682eb8b3-c6dc-4e7c-b83a-eccd848e7eb1	7	22399135	38123611	11212	0.4362
682eb8b3-c6dc-4e7c-b83a-eccd848e7eb1	7	38125846	38485253	302	0.5504
682eb8b3-c6dc-4e7c-b83a-eccd848e7eb1	7	38489078	41871298	2224	0.4409
682eb8b3-c6dc-4e7c-b83a-eccd848e7eb1	7	41873600	41873768	2	-0.7703
682eb8b3-c6dc-4e7c-b83a-eccd848e7eb1	7	41875339	44475717	1618	0.4416
682eb8b3-c6dc-4e7c-b83a-eccd848e7eb1	7	44479041	44479554	2	-1.006
682eb8b3-c6dc-4e7c-b83a-eccd848e7eb1	7	44486648	51356626	4810	0.4323
682eb8b3-c6dc-4e7c-b83a-eccd848e7eb1	7	51361731	51362964	2	-1.5294
682eb8b3-c6dc-4e7c-b83a-eccd848e7eb1	7	51364584	52095202	556	0.4305
682eb8b3-c6dc-4e7c-b83a-eccd848e7eb1	7	52095385	52097345	6	-0.572
682eb8b3-c6dc-4e7c-b83a-eccd848e7eb1	7	52100031	54305455	1642	0.4554
682eb8b3-c6dc-4e7c-b83a-eccd848e7eb1	7	54318812	54318824	6	-1.0712
682eb8b3-c6dc-4e7c-b83a-eccd848e7eb1	7	54325795	57324444	1751	0.4324
682eb8b3-c6dc-4e7c-b83a-eccd848e7eb1	7	57327118	63015588	454	0.523
682eb8b3-c6dc-4e7c-b83a-eccd848e7eb1	7	63018120	65754259	1039	0.4363
682eb8b3-c6dc-4e7c-b83a-eccd848e7eb1	7	65754652	67153672	477	0.3629
682eb8b3-c6dc-4e7c-b83a-eccd848e7eb1	7	67153764	67233947	28	0.7343
682eb8b3-c6dc-4e7c-b83a-eccd848e7eb1	7	67234797	72784799	3521	0.4149
682eb8b3-c6dc-4e7c-b83a-eccd848e7eb1	7	72789442	72842566	13	0.7225
682eb8b3-c6dc-4e7c-b83a-eccd848e7eb1	7	72853922	72880997	5	-0.2965
682eb8b3-c6dc-4e7c-b83a-eccd848e7eb1	7	72889156	76514576	977	0.3595
682eb8b3-c6dc-4e7c-b83a-eccd848e7eb1	7	76524031	76532105	6	0.0512
682eb8b3-c6dc-4e7c-b83a-eccd848e7eb1	7	76550397	76801533	73	0.4979
682eb8b3-c6dc-4e7c-b83a-eccd848e7eb1	7	76803005	76803341	3	-0.7661
682eb8b3-c6dc-4e7c-b83a-eccd848e7eb1	7	76803371	82089297	3530	0.4463
682eb8b3-c6dc-4e7c-b83a-eccd848e7eb1	7	82093515	82094178	4	-0.8356
682eb8b3-c6dc-4e7c-b83a-eccd848e7eb1	7	82094589	88493911	3938	0.4564
682eb8b3-c6dc-4e7c-b83a-eccd848e7eb1	7	88493925	90169394	1113	0.5241
682eb8b3-c6dc-4e7c-b83a-eccd848e7eb1	7	90174735	97808401	4878	0.4461
682eb8b3-c6dc-4e7c-b83a-eccd848e7eb1	7	97808735	102891734	2109	0.3831
682eb8b3-c6dc-4e7c-b83a-eccd848e7eb1	7	102891778	142063324	24386	0.4442
682eb8b3-c6dc-4e7c-b83a-eccd848e7eb1	7	142069843	142092307	32	-2.0915
682eb8b3-c6dc-4e7c-b83a-eccd848e7eb1	7	142099190	144199159	1198	0.4836
682eb8b3-c6dc-4e7c-b83a-eccd848e7eb1	7	144207186	144264193	8	-0.2344
682eb8b3-c6dc-4e7c-b83a-eccd848e7eb1	7	144295437	144312471	3	1.69
682eb8b3-c6dc-4e7c-b83a-eccd848e7eb1	7	144326306	153327528	5438	0.4383
682eb8b3-c6dc-4e7c-b83a-eccd848e7eb1	7	153328025	153704999	335	0.5342
682eb8b3-c6dc-4e7c-b83a-eccd848e7eb1	7	153705319	159334314	3864	0.4283
682eb8b3-c6dc-4e7c-b83a-eccd848e7eb1	8	81254	2746316	1909	-0.087
682eb8b3-c6dc-4e7c-b83a-eccd848e7eb1	8	2746661	2751755	2	3.4418
682eb8b3-c6dc-4e7c-b83a-eccd848e7eb1	8	2751943	3890377	1388	-0.0672
682eb8b3-c6dc-4e7c-b83a-eccd848e7eb1	8	3890618	5999976	3054	-0.0265
682eb8b3-c6dc-4e7c-b83a-eccd848e7eb1	8	6004015	7131404	1347	-0.0962
682eb8b3-c6dc-4e7c-b83a-eccd848e7eb1	8	7137595	7433619	42	0.2957
682eb8b3-c6dc-4e7c-b83a-eccd848e7eb1	8	7440674	12143614	3261	-0.0833
682eb8b3-c6dc-4e7c-b83a-eccd848e7eb1	8	12176798	12419769	33	0.5441
682eb8b3-c6dc-4e7c-b83a-eccd848e7eb1	8	12454103	12957086	266	-0.068
682eb8b3-c6dc-4e7c-b83a-eccd848e7eb1	8	12960373	12982150	30	0.5564
682eb8b3-c6dc-4e7c-b83a-eccd848e7eb1	8	12982219	13629916	631	-0.0713
682eb8b3-c6dc-4e7c-b83a-eccd848e7eb1	8	13630181	13807672	214	0.0624
682eb8b3-c6dc-4e7c-b83a-eccd848e7eb1	8	13807983	16325793	2316	-0.0694
682eb8b3-c6dc-4e7c-b83a-eccd848e7eb1	8	16329301	16473682	130	0.087
682eb8b3-c6dc-4e7c-b83a-eccd848e7eb1	8	16474825	39495103	15854	-0.0791
682eb8b3-c6dc-4e7c-b83a-eccd848e7eb1	8	39495168	39498870	2	-1.8027
682eb8b3-c6dc-4e7c-b83a-eccd848e7eb1	8	39499202	40326278	605	-0.0738
682eb8b3-c6dc-4e7c-b83a-eccd848e7eb1	8	40326280	40331992	33	-0.8272
682eb8b3-c6dc-4e7c-b83a-eccd848e7eb1	8	40335391	84350648	25194	-0.0664
682eb8b3-c6dc-4e7c-b83a-eccd848e7eb1	8	84350851	84356431	18	-0.7317
682eb8b3-c6dc-4e7c-b83a-eccd848e7eb1	8	84358447	106110862	12937	-0.072
682eb8b3-c6dc-4e7c-b83a-eccd848e7eb1	8	106119169	106262575	100	0.1059
682eb8b3-c6dc-4e7c-b83a-eccd848e7eb1	8	106262707	111282237	3037	-0.068
682eb8b3-c6dc-4e7c-b83a-eccd848e7eb1	8	111282441	111283031	6	1.506
682eb8b3-c6dc-4e7c-b83a-eccd848e7eb1	8	111288052	114619207	1806	-0.0588
682eb8b3-c6dc-4e7c-b83a-eccd848e7eb1	8	114619814	114881573	201	0.0501
682eb8b3-c6dc-4e7c-b83a-eccd848e7eb1	8	114881829	136664978	15669	-0.0778
682eb8b3-c6dc-4e7c-b83a-eccd848e7eb1	8	136665382	136863246	187	0.1344
682eb8b3-c6dc-4e7c-b83a-eccd848e7eb1	8	136870980	141323524	3404	-0.0761
682eb8b3-c6dc-4e7c-b83a-eccd848e7eb1	8	141323933	144645739	1368	-0.1623
682eb8b3-c6dc-4e7c-b83a-eccd848e7eb1	8	144647572	145072769	208	-0.0857
682eb8b3-c6dc-4e7c-b83a-eccd848e7eb1	9	46587	6661613	6325	-0.0548
682eb8b3-c6dc-4e7c-b83a-eccd848e7eb1	9	6663786	6670448	4	-1.9246
682eb8b3-c6dc-4e7c-b83a-eccd848e7eb1	9	6672097	11379119	4407	-0.0453
682eb8b3-c6dc-4e7c-b83a-eccd848e7eb1	9	11379133	12612293	961	0.0427
682eb8b3-c6dc-4e7c-b83a-eccd848e7eb1	9	12612437	19654483	5930	-0.0815
682eb8b3-c6dc-4e7c-b83a-eccd848e7eb1	9	19654788	32332857	9330	-0.051
682eb8b3-c6dc-4e7c-b83a-eccd848e7eb1	9	32333060	39060118	4067	-0.0955
682eb8b3-c6dc-4e7c-b83a-eccd848e7eb1	9	39061374	40928205	76	0.1765
682eb8b3-c6dc-4e7c-b83a-eccd848e7eb1	9	40949640	42014203	83	-0.0842
682eb8b3-c6dc-4e7c-b83a-eccd848e7eb1	9	42037471	42308537	32	-1.2936
682eb8b3-c6dc-4e7c-b83a-eccd848e7eb1	9	42501791	42719891	16	-0.3904
682eb8b3-c6dc-4e7c-b83a-eccd848e7eb1	9	42720266	61405110	44	0.0728
682eb8b3-c6dc-4e7c-b83a-eccd848e7eb1	9	61520021	61665362	31	-1.0772
682eb8b3-c6dc-4e7c-b83a-eccd848e7eb1	9	61668104	61692082	3	0.922
682eb8b3-c6dc-4e7c-b83a-eccd848e7eb1	9	61692688	64617921	107	0.084
682eb8b3-c6dc-4e7c-b83a-eccd848e7eb1	9	64672853	64839518	5	0.7245
682eb8b3-c6dc-4e7c-b83a-eccd848e7eb1	9	64845973	102077362	23595	-0.0747
682eb8b3-c6dc-4e7c-b83a-eccd848e7eb1	9	102077386	102205441	123	0.1115
682eb8b3-c6dc-4e7c-b83a-eccd848e7eb1	9	102206220	115359318	9910	-0.0751
682eb8b3-c6dc-4e7c-b83a-eccd848e7eb1	9	115360349	115583620	180	0.0577
682eb8b3-c6dc-4e7c-b83a-eccd848e7eb1	9	115583714	126264229	7596	-0.0771
682eb8b3-c6dc-4e7c-b83a-eccd848e7eb1	9	126264547	126278086	12	0.1275
682eb8b3-c6dc-4e7c-b83a-eccd848e7eb1	9	126278986	135319522	5355	-0.106
682eb8b3-c6dc-4e7c-b83a-eccd848e7eb1	9	135322259	135324566	3	0.878
682eb8b3-c6dc-4e7c-b83a-eccd848e7eb1	9	135325951	136532614	510	-0.1285
682eb8b3-c6dc-4e7c-b83a-eccd848e7eb1	9	136536903	136540932	8	-0.7892
682eb8b3-c6dc-4e7c-b83a-eccd848e7eb1	9	136541024	137872516	397	-0.1318
682eb8b3-c6dc-4e7c-b83a-eccd848e7eb1	9	137881703	138200944	192	-0.0288
682eb8b3-c6dc-4e7c-b83a-eccd848e7eb1	10	45792	366509	172	-0.0229
682eb8b3-c6dc-4e7c-b83a-eccd848e7eb1	10	369300	1722831	991	-0.1397
682eb8b3-c6dc-4e7c-b83a-eccd848e7eb1	10	1722858	35050396	25725	-0.0835
682eb8b3-c6dc-4e7c-b83a-eccd848e7eb1	10	35060545	35061561	2	-1.7591
682eb8b3-c6dc-4e7c-b83a-eccd848e7eb1	10	35064837	55156996	10189	-0.0726
682eb8b3-c6dc-4e7c-b83a-eccd848e7eb1	10	55163683	56037638	602	0.04
682eb8b3-c6dc-4e7c-b83a-eccd848e7eb1	10	56044948	66288752	7223	-0.0733
682eb8b3-c6dc-4e7c-b83a-eccd848e7eb1	10	66289254	66763167	341	0.0461
682eb8b3-c6dc-4e7c-b83a-eccd848e7eb1	10	66763568	67026302	195	-0.0898
682eb8b3-c6dc-4e7c-b83a-eccd848e7eb1	10	67026706	67098521	49	0.1617
682eb8b3-c6dc-4e7c-b83a-eccd848e7eb1	10	67101514	76493093	5592	-0.0928
682eb8b3-c6dc-4e7c-b83a-eccd848e7eb1	10	76497303	76497852	2	1.4556
682eb8b3-c6dc-4e7c-b83a-eccd848e7eb1	10	76501509	89178916	9015	-0.0781
682eb8b3-c6dc-4e7c-b83a-eccd848e7eb1	10	89183210	89188333	12	-0.7533
682eb8b3-c6dc-4e7c-b83a-eccd848e7eb1	10	89190337	130482000	28329	-0.0825
682eb8b3-c6dc-4e7c-b83a-eccd848e7eb1	10	130482198	132978231	1696	-0.1358
682eb8b3-c6dc-4e7c-b83a-eccd848e7eb1	10	132978776	133654968	283	-0.0804
682eb8b3-c6dc-4e7c-b83a-eccd848e7eb1	11	198510	4946166	2408	-0.0905
682eb8b3-c6dc-4e7c-b83a-eccd848e7eb1	11	4946420	4955781	32	0.7283
682eb8b3-c6dc-4e7c-b83a-eccd848e7eb1	11	4957152	5762452	776	-0.0526
682eb8b3-c6dc-4e7c-b83a-eccd848e7eb1	11	5762693	5787110	31	-0.4319
682eb8b3-c6dc-4e7c-b83a-eccd848e7eb1	11	5787146	5851201	74	-0.0224
682eb8b3-c6dc-4e7c-b83a-eccd848e7eb1	11	5854637	5857091	3	-1.1826
682eb8b3-c6dc-4e7c-b83a-eccd848e7eb1	11	5860806	25099606	14203	-0.0695
682eb8b3-c6dc-4e7c-b83a-eccd848e7eb1	11	25102205	25146920	38	0.2687
682eb8b3-c6dc-4e7c-b83a-eccd848e7eb1	11	25149632	36947454	8373	-0.0644
682eb8b3-c6dc-4e7c-b83a-eccd848e7eb1	11	36947611	37812927	574	0.0196
682eb8b3-c6dc-4e7c-b83a-eccd848e7eb1	11	37813411	42791601	3273	-0.0706
682eb8b3-c6dc-4e7c-b83a-eccd848e7eb1	11	42794936	42796489	2	-2.6334
682eb8b3-c6dc-4e7c-b83a-eccd848e7eb1	11	42799053	42949618	128	-0.0272
682eb8b3-c6dc-4e7c-b83a-eccd848e7eb1	11	42955081	48351028	3179	-0.0845
682eb8b3-c6dc-4e7c-b83a-eccd848e7eb1	11	48352939	49017653	236	0.0999
682eb8b3-c6dc-4e7c-b83a-eccd848e7eb1	11	49020714	49692537	286	-0.0566
682eb8b3-c6dc-4e7c-b83a-eccd848e7eb1	11	49699710	49718263	7	0.5168
682eb8b3-c6dc-4e7c-b83a-eccd848e7eb1	11	49719011	50189869	208	-0.0498
682eb8b3-c6dc-4e7c-b83a-eccd848e7eb1	11	50194558	55606572	531	0.0439
682eb8b3-c6dc-4e7c-b83a-eccd848e7eb1	11	55606712	55674842	46	0.7318
682eb8b3-c6dc-4e7c-b83a-eccd848e7eb1	11	55676735	55677818	4	-0.0973
682eb8b3-c6dc-4e7c-b83a-eccd848e7eb1	11	55678469	55685533	7	0.6755
682eb8b3-c6dc-4e7c-b83a-eccd848e7eb1	11	55686100	56244856	396	0.0487
682eb8b3-c6dc-4e7c-b83a-eccd848e7eb1	11	56246322	60827717	2747	-0.0643
682eb8b3-c6dc-4e7c-b83a-eccd848e7eb1	11	60828138	80248820	10079	-0.0979
682eb8b3-c6dc-4e7c-b83a-eccd848e7eb1	11	80249631	101723653	15253	-0.0594
682eb8b3-c6dc-4e7c-b83a-eccd848e7eb1	11	101727129	101727233	4	2.2576
682eb8b3-c6dc-4e7c-b83a-eccd848e7eb1	11	101727481	104682809	2001	-0.0598
682eb8b3-c6dc-4e7c-b83a-eccd848e7eb1	11	104683071	104915976	204	0.0868
682eb8b3-c6dc-4e7c-b83a-eccd848e7eb1	11	104918378	135074876	21462	-0.0738
682eb8b3-c6dc-4e7c-b83a-eccd848e7eb1	12	51460	7842191	5352	-0.081
682eb8b3-c6dc-4e7c-b83a-eccd848e7eb1	12	7851829	7982121	61	0.4285
682eb8b3-c6dc-4e7c-b83a-eccd848e7eb1	12	7982496	9481274	752	-0.06
682eb8b3-c6dc-4e7c-b83a-eccd848e7eb1	12	9485313	9562969	22	-1.669
682eb8b3-c6dc-4e7c-b83a-eccd848e7eb1	12	9575696	11078856	1037	-0.0571
682eb8b3-c6dc-4e7c-b83a-eccd848e7eb1	12	11080319	11088933	5	-1.8691
682eb8b3-c6dc-4e7c-b83a-eccd848e7eb1	12	11099275	11439463	194	0.0236
682eb8b3-c6dc-4e7c-b83a-eccd848e7eb1	12	11440402	33148472	15301	-0.0715
682eb8b3-c6dc-4e7c-b83a-eccd848e7eb1	12	33148492	34097761	605	0.0222
682eb8b3-c6dc-4e7c-b83a-eccd848e7eb1	12	34103774	34111154	9	-1.0184
682eb8b3-c6dc-4e7c-b83a-eccd848e7eb1	12	34122447	37687480	255	-0.0607
682eb8b3-c6dc-4e7c-b83a-eccd848e7eb1	12	37687481	38696456	422	0.0527
682eb8b3-c6dc-4e7c-b83a-eccd848e7eb1	12	38698603	42815306	2690	-0.0681
682eb8b3-c6dc-4e7c-b83a-eccd848e7eb1	12	42815339	43309495	321	0.0485
682eb8b3-c6dc-4e7c-b83a-eccd848e7eb1	12	43310055	48331259	3010	-0.0727
682eb8b3-c6dc-4e7c-b83a-eccd848e7eb1	12	48331456	48331632	3	-2.0002
682eb8b3-c6dc-4e7c-b83a-eccd848e7eb1	12	48336253	57907364	5177	-0.0873
682eb8b3-c6dc-4e7c-b83a-eccd848e7eb1	12	57908475	72814268	9736	-0.0676
682eb8b3-c6dc-4e7c-b83a-eccd848e7eb1	12	72815098	72921394	67	0.1729
682eb8b3-c6dc-4e7c-b83a-eccd848e7eb1	12	72924272	99401995	16902	-0.0626
682eb8b3-c6dc-4e7c-b83a-eccd848e7eb1	12	99402073	99404284	19	0.3976
682eb8b3-c6dc-4e7c-b83a-eccd848e7eb1	12	99404374	103700355	2690	-0.0704
682eb8b3-c6dc-4e7c-b83a-eccd848e7eb1	12	103703966	117670925	9641	-0.0888
682eb8b3-c6dc-4e7c-b83a-eccd848e7eb1	12	117671097	117671606	2	-1.7263
682eb8b3-c6dc-4e7c-b83a-eccd848e7eb1	12	117674555	131636170	9781	-0.0887
682eb8b3-c6dc-4e7c-b83a-eccd848e7eb1	12	131648039	131648790	13	-0.758
682eb8b3-c6dc-4e7c-b83a-eccd848e7eb1	12	131657925	133201603	558	-0.1249
682eb8b3-c6dc-4e7c-b83a-eccd848e7eb1	13	18452809	18631944	20	0.3355
682eb8b3-c6dc-4e7c-b83a-eccd848e7eb1	13	18632974	37496998	13426	-0.0694
682eb8b3-c6dc-4e7c-b83a-eccd848e7eb1	13	37497899	37502163	7	0.2495
682eb8b3-c6dc-4e7c-b83a-eccd848e7eb1	13	37502534	37510620	9	0.924
682eb8b3-c6dc-4e7c-b83a-eccd848e7eb1	13	37514193	57176962	12485	-0.0644
682eb8b3-c6dc-4e7c-b83a-eccd848e7eb1	13	57184136	57202435	32	-0.659
682eb8b3-c6dc-4e7c-b83a-eccd848e7eb1	13	57204234	57400175	128	0.091
682eb8b3-c6dc-4e7c-b83a-eccd848e7eb1	13	57403314	63540694	3596	-0.0476
682eb8b3-c6dc-4e7c-b83a-eccd848e7eb1	13	63544137	64372411	478	0.037
682eb8b3-c6dc-4e7c-b83a-eccd848e7eb1	13	64372566	66598647	1383	-0.0615
682eb8b3-c6dc-4e7c-b83a-eccd848e7eb1	13	66602087	66603651	2	-1.3953
682eb8b3-c6dc-4e7c-b83a-eccd848e7eb1	13	66604212	75836603	6222	-0.0592
682eb8b3-c6dc-4e7c-b83a-eccd848e7eb1	13	75836623	75838764	2	-1.5319
682eb8b3-c6dc-4e7c-b83a-eccd848e7eb1	13	75839231	109913779	23430	-0.0623
682eb8b3-c6dc-4e7c-b83a-eccd848e7eb1	13	109919674	114342922	2700	-0.1018
682eb8b3-c6dc-4e7c-b83a-eccd848e7eb1	14	18239283	19732222	66	-0.0616
682eb8b3-c6dc-4e7c-b83a-eccd848e7eb1	14	19732250	19955213	101	0.5888
682eb8b3-c6dc-4e7c-b83a-eccd848e7eb1	14	19956767	20082381	91	-0.0646
682eb8b3-c6dc-4e7c-b83a-eccd848e7eb1	14	20085125	20087037	2	1.1337
682eb8b3-c6dc-4e7c-b83a-eccd848e7eb1	14	20089108	21799319	1126	-0.077
682eb8b3-c6dc-4e7c-b83a-eccd848e7eb1	14	21799873	22526139	653	0.1051
682eb8b3-c6dc-4e7c-b83a-eccd848e7eb1	14	22526849	39915370	10835	-0.0693
682eb8b3-c6dc-4e7c-b83a-eccd848e7eb1	14	39916433	47701682	4680	-0.0344
682eb8b3-c6dc-4e7c-b83a-eccd848e7eb1	14	47702821	47706965	3	-1.4118
682eb8b3-c6dc-4e7c-b83a-eccd848e7eb1	14	47710389	47822883	61	0.0901
682eb8b3-c6dc-4e7c-b83a-eccd848e7eb1	14	47823251	48279050	311	-0.0716
682eb8b3-c6dc-4e7c-b83a-eccd848e7eb1	14	48280001	48518445	132	0.0497
682eb8b3-c6dc-4e7c-b83a-eccd848e7eb1	14	48519050	73534419	16077	-0.0759
682eb8b3-c6dc-4e7c-b83a-eccd848e7eb1	14	73540003	73563196	9	-1.3894
682eb8b3-c6dc-4e7c-b83a-eccd848e7eb1	14	73563211	85099082	7581	-0.077
682eb8b3-c6dc-4e7c-b83a-eccd848e7eb1	14	85099129	85099620	4	1.0414
682eb8b3-c6dc-4e7c-b83a-eccd848e7eb1	14	85100404	85994282	661	-0.066
682eb8b3-c6dc-4e7c-b83a-eccd848e7eb1	14	85994298	86021137	33	0.3161
682eb8b3-c6dc-4e7c-b83a-eccd848e7eb1	14	86021758	86422746	291	-0.0635
682eb8b3-c6dc-4e7c-b83a-eccd848e7eb1	14	86423024	86506482	56	-0.7821
682eb8b3-c6dc-4e7c-b83a-eccd848e7eb1	14	86507012	98824997	8577	-0.079
682eb8b3-c6dc-4e7c-b83a-eccd848e7eb1	14	98826452	105656902	3420	-0.1121
682eb8b3-c6dc-4e7c-b83a-eccd848e7eb1	14	105659061	106133352	128	0.0105
682eb8b3-c6dc-4e7c-b83a-eccd848e7eb1	14	106133543	106150166	12	0.4438
682eb8b3-c6dc-4e7c-b83a-eccd848e7eb1	14	106154301	106294285	57	-0.1037
682eb8b3-c6dc-4e7c-b83a-eccd848e7eb1	14	106294689	106297273	4	1.2238
682eb8b3-c6dc-4e7c-b83a-eccd848e7eb1	14	106297409	106412640	50	0.1025
682eb8b3-c6dc-4e7c-b83a-eccd848e7eb1	14	106416146	106462183	50	-0.4363
682eb8b3-c6dc-4e7c-b83a-eccd848e7eb1	14	106462724	106877229	195	0.0235
682eb8b3-c6dc-4e7c-b83a-eccd848e7eb1	15	19811075	20001686	45	0.1212
682eb8b3-c6dc-4e7c-b83a-eccd848e7eb1	15	20011702	20060725	7	-1.2144
682eb8b3-c6dc-4e7c-b83a-eccd848e7eb1	15	20062609	24429604	1145	-0.045
682eb8b3-c6dc-4e7c-b83a-eccd848e7eb1	15	24429740	24485848	36	-0.4791
682eb8b3-c6dc-4e7c-b83a-eccd848e7eb1	15	24486725	43553305	11907	-0.076
682eb8b3-c6dc-4e7c-b83a-eccd848e7eb1	15	43592920	43646608	22	-0.8306
682eb8b3-c6dc-4e7c-b83a-eccd848e7eb1	15	43692744	101928837	38244	-0.0822
682eb8b3-c6dc-4e7c-b83a-eccd848e7eb1	16	10777	14956141	11109	0.4057
682eb8b3-c6dc-4e7c-b83a-eccd848e7eb1	16	14957900	15012406	39	-0.015
682eb8b3-c6dc-4e7c-b83a-eccd848e7eb1	16	15014730	22400219	3590	0.4054
682eb8b3-c6dc-4e7c-b83a-eccd848e7eb1	16	22401034	22699421	85	0.7316
682eb8b3-c6dc-4e7c-b83a-eccd848e7eb1	16	22701658	29114764	4137	0.4099
682eb8b3-c6dc-4e7c-b83a-eccd848e7eb1	16	29121560	29122575	10	-0.7529
682eb8b3-c6dc-4e7c-b83a-eccd848e7eb1	16	29122679	55761136	7929	0.4244
682eb8b3-c6dc-4e7c-b83a-eccd848e7eb1	16	55762477	55782734	18	-1.8338
682eb8b3-c6dc-4e7c-b83a-eccd848e7eb1	16	55782793	55808442	5	-0.2761
682eb8b3-c6dc-4e7c-b83a-eccd848e7eb1	16	55808470	55824881	12	1.207
682eb8b3-c6dc-4e7c-b83a-eccd848e7eb1	16	55834527	70164493	8737	0.4186
682eb8b3-c6dc-4e7c-b83a-eccd848e7eb1	16	70177541	70179141	2	-1.1011
682eb8b3-c6dc-4e7c-b83a-eccd848e7eb1	16	70200633	78337711	5489	0.4237
682eb8b3-c6dc-4e7c-b83a-eccd848e7eb1	16	78338543	78347366	14	1.2952
682eb8b3-c6dc-4e7c-b83a-eccd848e7eb1	16	78349243	88076816	9761	0.4156
682eb8b3-c6dc-4e7c-b83a-eccd848e7eb1	16	88080057	88082524	5	-0.441
682eb8b3-c6dc-4e7c-b83a-eccd848e7eb1	16	88082877	88619653	210	0.4058
682eb8b3-c6dc-4e7c-b83a-eccd848e7eb1	16	88620040	90051223	592	0.3313
682eb8b3-c6dc-4e7c-b83a-eccd848e7eb1	16	90051246	90096867	33	0.4942
682eb8b3-c6dc-4e7c-b83a-eccd848e7eb1	17	150733	4521670	2388	0.37
682eb8b3-c6dc-4e7c-b83a-eccd848e7eb1	17	4522960	16750987	8066	0.4173
682eb8b3-c6dc-4e7c-b83a-eccd848e7eb1	17	16754017	16798212	5	1.328
682eb8b3-c6dc-4e7c-b83a-eccd848e7eb1	17	16806233	17706981	529	0.4209
682eb8b3-c6dc-4e7c-b83a-eccd848e7eb1	17	17709374	18452078	385	0.3635
682eb8b3-c6dc-4e7c-b83a-eccd848e7eb1	17	18455632	18561907	26	-1.0162
682eb8b3-c6dc-4e7c-b83a-eccd848e7eb1	17	18565883	21381827	1154	0.4116
682eb8b3-c6dc-4e7c-b83a-eccd848e7eb1	17	21382256	22727748	318	0.5147
682eb8b3-c6dc-4e7c-b83a-eccd848e7eb1	17	22728414	41265456	7917	0.4021
682eb8b3-c6dc-4e7c-b83a-eccd848e7eb1	17	41266762	41266838	5	1.0728
682eb8b3-c6dc-4e7c-b83a-eccd848e7eb1	17	41266851	41274279	19	2.1276
682eb8b3-c6dc-4e7c-b83a-eccd848e7eb1	17	41276472	46351954	2623	0.3921
682eb8b3-c6dc-4e7c-b83a-eccd848e7eb1	17	46446345	46446360	2	2.3577
682eb8b3-c6dc-4e7c-b83a-eccd848e7eb1	17	46569894	51825374	2781	0.4015
682eb8b3-c6dc-4e7c-b83a-eccd848e7eb1	17	51825569	56711998	3535	0.4419
682eb8b3-c6dc-4e7c-b83a-eccd848e7eb1	17	56712925	56772135	69	0.4124
682eb8b3-c6dc-4e7c-b83a-eccd848e7eb1	17	56772805	56772968	2	-0.7807
682eb8b3-c6dc-4e7c-b83a-eccd848e7eb1	17	56776477	57610128	608	0.4065
682eb8b3-c6dc-4e7c-b83a-eccd848e7eb1	17	57610972	57611632	2	-0.7304
682eb8b3-c6dc-4e7c-b83a-eccd848e7eb1	17	57614632	58135153	352	0.4127
682eb8b3-c6dc-4e7c-b83a-eccd848e7eb1	17	58135421	58136733	3	-0.6861
682eb8b3-c6dc-4e7c-b83a-eccd848e7eb1	17	58140037	83091923	14191	0.4023
682eb8b3-c6dc-4e7c-b83a-eccd848e7eb1	18	48133	1621355	1109	-0.0859
682eb8b3-c6dc-4e7c-b83a-eccd848e7eb1	18	1623044	2079539	365	0.0536
682eb8b3-c6dc-4e7c-b83a-eccd848e7eb1	18	2079800	14603860	8664	-0.0781
682eb8b3-c6dc-4e7c-b83a-eccd848e7eb1	18	14604229	20998569	244	0.096
682eb8b3-c6dc-4e7c-b83a-eccd848e7eb1	18	21000568	40678118	12320	-0.0714
682eb8b3-c6dc-4e7c-b83a-eccd848e7eb1	18	40678132	40690108	36	0.2288
682eb8b3-c6dc-4e7c-b83a-eccd848e7eb1	18	40690234	50104730	6316	-0.068
682eb8b3-c6dc-4e7c-b83a-eccd848e7eb1	18	50106120	50108858	5	-1.2287
682eb8b3-c6dc-4e7c-b83a-eccd848e7eb1	18	50108933	67713570	12273	-0.0665
682eb8b3-c6dc-4e7c-b83a-eccd848e7eb1	18	67713583	68449624	602	0.0208
682eb8b3-c6dc-4e7c-b83a-eccd848e7eb1	18	68456279	69075039	455	-0.0634
682eb8b3-c6dc-4e7c-b83a-eccd848e7eb1	18	69075180	69091029	51	0.1867
682eb8b3-c6dc-4e7c-b83a-eccd848e7eb1	18	69091346	71388510	1554	-0.0766
682eb8b3-c6dc-4e7c-b83a-eccd848e7eb1	18	71392537	73676991	1806	0.008
682eb8b3-c6dc-4e7c-b83a-eccd848e7eb1	18	73679885	78651219	3915	-0.0825
682eb8b3-c6dc-4e7c-b83a-eccd848e7eb1	18	78655570	78656004	2	-1.6232
682eb8b3-c6dc-4e7c-b83a-eccd848e7eb1	18	78656278	80257174	860	-0.1006
682eb8b3-c6dc-4e7c-b83a-eccd848e7eb1	19	90910	12405871	4940	-0.1276
682eb8b3-c6dc-4e7c-b83a-eccd848e7eb1	19	12405894	12421516	18	-1.0522
682eb8b3-c6dc-4e7c-b83a-eccd848e7eb1	19	12422248	19865211	3618	-0.1143
682eb8b3-c6dc-4e7c-b83a-eccd848e7eb1	19	19868484	21033347	680	-0.0048
682eb8b3-c6dc-4e7c-b83a-eccd848e7eb1	19	21034271	21632117	342	-0.0924
682eb8b3-c6dc-4e7c-b83a-eccd848e7eb1	19	21632838	21637067	2	-1.6605
682eb8b3-c6dc-4e7c-b83a-eccd848e7eb1	19	21637309	22059252	243	-0.0956
682eb8b3-c6dc-4e7c-b83a-eccd848e7eb1	19	22059602	22487360	240	0.023
682eb8b3-c6dc-4e7c-b83a-eccd848e7eb1	19	22488531	24092726	946	-0.0974
682eb8b3-c6dc-4e7c-b83a-eccd848e7eb1	19	24092845	27869729	267	0.0492
682eb8b3-c6dc-4e7c-b83a-eccd848e7eb1	19	27869979	42819162	9102	-0.107
682eb8b3-c6dc-4e7c-b83a-eccd848e7eb1	19	42820329	43217400	180	0.1027
682eb8b3-c6dc-4e7c-b83a-eccd848e7eb1	19	43218264	51641893	4162	-0.1148
682eb8b3-c6dc-4e7c-b83a-eccd848e7eb1	19	51643539	51644944	5	-1.1917
682eb8b3-c6dc-4e7c-b83a-eccd848e7eb1	19	51651652	54740939	2015	-0.0932
682eb8b3-c6dc-4e7c-b83a-eccd848e7eb1	19	54772391	54815158	19	0.7805
682eb8b3-c6dc-4e7c-b83a-eccd848e7eb1	19	54819199	58586487	2295	-0.1088
682eb8b3-c6dc-4e7c-b83a-eccd848e7eb1	20	80664	1580305	1200	-0.0931
682eb8b3-c6dc-4e7c-b83a-eccd848e7eb1	20	1580353	1601561	37	1.1137
682eb8b3-c6dc-4e7c-b83a-eccd848e7eb1	20	1609611	6720486	3764	-0.0926
682eb8b3-c6dc-4e7c-b83a-eccd848e7eb1	20	6721909	7241196	383	-0.0194
682eb8b3-c6dc-4e7c-b83a-eccd848e7eb1	20	7241667	14582146	5592	-0.0639
682eb8b3-c6dc-4e7c-b83a-eccd848e7eb1	20	14582465	15373264	689	0.0024
682eb8b3-c6dc-4e7c-b83a-eccd848e7eb1	20	15373819	26215232	8257	-0.0811
682eb8b3-c6dc-4e7c-b83a-eccd848e7eb1	20	26215250	31256075	96	0.1508
682eb8b3-c6dc-4e7c-b83a-eccd848e7eb1	20	31256170	39532939	4399	-0.1067
682eb8b3-c6dc-4e7c-b83a-eccd848e7eb1	20	39533678	47004578	5402	-0.0727
682eb8b3-c6dc-4e7c-b83a-eccd848e7eb1	20	47004582	50165997	2117	-0.1039
682eb8b3-c6dc-4e7c-b83a-eccd848e7eb1	20	50175182	50176256	2	-1.6052
682eb8b3-c6dc-4e7c-b83a-eccd848e7eb1	20	50178380	64324800	10348	-0.0922
682eb8b3-c6dc-4e7c-b83a-eccd848e7eb1	21	10354168	13013569	95	0.4451
682eb8b3-c6dc-4e7c-b83a-eccd848e7eb1	21	13028413	13095458	8	-0.2153
682eb8b3-c6dc-4e7c-b83a-eccd848e7eb1	21	13099842	13189617	11	0.2717
682eb8b3-c6dc-4e7c-b83a-eccd848e7eb1	21	13197963	22769231	6524	0.4521
682eb8b3-c6dc-4e7c-b83a-eccd848e7eb1	21	22769802	23337129	460	0.5451
682eb8b3-c6dc-4e7c-b83a-eccd848e7eb1	21	23337689	24762460	1141	0.4507
682eb8b3-c6dc-4e7c-b83a-eccd848e7eb1	21	24763073	36153237	8173	0.4251
682eb8b3-c6dc-4e7c-b83a-eccd848e7eb1	21	36153531	36153647	3	-0.8597
682eb8b3-c6dc-4e7c-b83a-eccd848e7eb1	21	36160821	46677045	7384	0.4122
682eb8b3-c6dc-4e7c-b83a-eccd848e7eb1	22	15294547	15583346	13	-0.1542
682eb8b3-c6dc-4e7c-b83a-eccd848e7eb1	22	15591298	15696368	5	0.4804
682eb8b3-c6dc-4e7c-b83a-eccd848e7eb1	22	15696762	15755268	11	-1.0256
682eb8b3-c6dc-4e7c-b83a-eccd848e7eb1	22	15771752	16832908	155	0.046
682eb8b3-c6dc-4e7c-b83a-eccd848e7eb1	22	16834568	18649244	950	-0.1046
682eb8b3-c6dc-4e7c-b83a-eccd848e7eb1	22	18760927	18822597	6	0.9481
682eb8b3-c6dc-4e7c-b83a-eccd848e7eb1	22	18917479	22395495	2307	-0.123
682eb8b3-c6dc-4e7c-b83a-eccd848e7eb1	22	22395652	22398545	12	0.7847
682eb8b3-c6dc-4e7c-b83a-eccd848e7eb1	22	22402989	23832116	831	-0.0881
682eb8b3-c6dc-4e7c-b83a-eccd848e7eb1	22	23832148	23832983	5	-0.9959
682eb8b3-c6dc-4e7c-b83a-eccd848e7eb1	22	23833866	23981995	95	-0.176
682eb8b3-c6dc-4e7c-b83a-eccd848e7eb1	22	23987520	23990431	4	-1.4834
682eb8b3-c6dc-4e7c-b83a-eccd848e7eb1	22	23990739	50796027	18851	-0.1198
682eb8b3-c6dc-4e7c-b83a-eccd848e7eb1	X	251810	876695	79	0.1701
682eb8b3-c6dc-4e7c-b83a-eccd848e7eb1	X	1006176	10201648	5596	-0.0388
682eb8b3-c6dc-4e7c-b83a-eccd848e7eb1	X	10201664	10202922	3	-2.212
682eb8b3-c6dc-4e7c-b83a-eccd848e7eb1	X	10203025	55108972	25766	-0.0128
682eb8b3-c6dc-4e7c-b83a-eccd848e7eb1	X	55109783	75165957	6942	0.0326
682eb8b3-c6dc-4e7c-b83a-eccd848e7eb1	X	75166450	76022342	384	0.1828
682eb8b3-c6dc-4e7c-b83a-eccd848e7eb1	X	76025797	90316427	7447	0.0337
682eb8b3-c6dc-4e7c-b83a-eccd848e7eb1	X	90317986	91263209	315	0.2098
682eb8b3-c6dc-4e7c-b83a-eccd848e7eb1	X	91266317	95089424	1906	0.0434
682eb8b3-c6dc-4e7c-b83a-eccd848e7eb1	X	95094079	95137394	44	0.9867
682eb8b3-c6dc-4e7c-b83a-eccd848e7eb1	X	95141136	104008634	4723	0.0205
682eb8b3-c6dc-4e7c-b83a-eccd848e7eb1	X	104013669	104013971	3	-2.1204
682eb8b3-c6dc-4e7c-b83a-eccd848e7eb1	X	104015581	105335137	693	0.0244
682eb8b3-c6dc-4e7c-b83a-eccd848e7eb1	X	105335719	105339871	5	-2.9608
682eb8b3-c6dc-4e7c-b83a-eccd848e7eb1	X	105342655	117409589	6471	0.0001
682eb8b3-c6dc-4e7c-b83a-eccd848e7eb1	X	117409607	117410347	5	-4.4975
682eb8b3-c6dc-4e7c-b83a-eccd848e7eb1	X	117410827	152812842	21022	-0.009
682eb8b3-c6dc-4e7c-b83a-eccd848e7eb1	X	152813572	154805899	952	-0.1537
682eb8b3-c6dc-4e7c-b83a-eccd848e7eb1	X	154808932	155952689	376	0.096
682eb8b3-c6dc-4e7c-b83a-eccd848e7eb1	Y	2782397	6790428	864	-2.4028
682eb8b3-c6dc-4e7c-b83a-eccd848e7eb1	Y	6792738	23014812	5576	-2.6569
682eb8b3-c6dc-4e7c-b83a-eccd848e7eb1	Y	23029591	56872112	199	-2.3127
