GDC_Aliquot	Chromosome	Start	End	Num_Probes	Segment_Mean
7368c285-1233-486c-bf3b-596973641ff1	1	62920	826738	36	0.4258
7368c285-1233-486c-bf3b-596973641ff1	1	833413	15827002	8297	-0.0019
7368c285-1233-486c-bf3b-596973641ff1	1	15827041	15828515	9	-1.6345
7368c285-1233-486c-bf3b-596973641ff1	1	15839166	16863509	355	-0.0193
7368c285-1233-486c-bf3b-596973641ff1	1	16864367	16973488	67	0.4129
7368c285-1233-486c-bf3b-596973641ff1	1	16973678	21295676	2917	-0.0054
7368c285-1233-486c-bf3b-596973641ff1	1	21298294	21304987	2	-2.1537
7368c285-1233-486c-bf3b-596973641ff1	1	21307474	72303233	31063	0.0029
7368c285-1233-486c-bf3b-596973641ff1	1	72303253	72345465	45	-1.676
7368c285-1233-486c-bf3b-596973641ff1	1	72346221	105476583	20908	0.006
7368c285-1233-486c-bf3b-596973641ff1	1	105476614	105479738	15	-0.5601
7368c285-1233-486c-bf3b-596973641ff1	1	105479753	109690949	2636	0.0006
7368c285-1233-486c-bf3b-596973641ff1	1	109691609	109697556	7	-0.8562
7368c285-1233-486c-bf3b-596973641ff1	1	109702376	111520701	1416	0.0147
7368c285-1233-486c-bf3b-596973641ff1	1	111521169	111525182	2	-1.6236
7368c285-1233-486c-bf3b-596973641ff1	1	111525552	112153465	531	-0.0059
7368c285-1233-486c-bf3b-596973641ff1	1	112153571	112154552	17	-0.5226
7368c285-1233-486c-bf3b-596973641ff1	1	112154566	143710242	5244	0.0068
7368c285-1233-486c-bf3b-596973641ff1	1	143710767	143890323	36	0.4143
7368c285-1233-486c-bf3b-596973641ff1	1	143893019	152583051	2316	0.037
7368c285-1233-486c-bf3b-596973641ff1	1	152583230	152614064	33	-1.9282
7368c285-1233-486c-bf3b-596973641ff1	1	152614100	152778030	156	-0.0102
7368c285-1233-486c-bf3b-596973641ff1	1	152778194	152796224	50	0.3681
7368c285-1233-486c-bf3b-596973641ff1	1	152801429	158896783	3610	0.004
7368c285-1233-486c-bf3b-596973641ff1	1	158898711	158899969	2	-1.6697
7368c285-1233-486c-bf3b-596973641ff1	1	158905028	170511151	8603	0.0052
7368c285-1233-486c-bf3b-596973641ff1	1	170513392	170513517	2	-1.3668
7368c285-1233-486c-bf3b-596973641ff1	1	170513834	182113837	7521	0.0061
7368c285-1233-486c-bf3b-596973641ff1	1	182115841	182118201	6	-1.0872
7368c285-1233-486c-bf3b-596973641ff1	1	182118842	187746723	3723	0.0079
7368c285-1233-486c-bf3b-596973641ff1	1	187748429	187752238	2	-2.4758
7368c285-1233-486c-bf3b-596973641ff1	1	187755479	193186325	3561	0.0135
7368c285-1233-486c-bf3b-596973641ff1	1	193186382	193187202	6	1.0419
7368c285-1233-486c-bf3b-596973641ff1	1	193187218	196716854	2366	0.0103
7368c285-1233-486c-bf3b-596973641ff1	1	196717009	196980132	173	0.1567
7368c285-1233-486c-bf3b-596973641ff1	1	196981143	248930189	35668	0.0068
7368c285-1233-486c-bf3b-596973641ff1	2	12784	4158097	2983	0.0004
7368c285-1233-486c-bf3b-596973641ff1	2	4166274	4175577	36	-0.7526
7368c285-1233-486c-bf3b-596973641ff1	2	4175922	7499242	2896	0.011
7368c285-1233-486c-bf3b-596973641ff1	2	7502934	7506841	2	1.7687
7368c285-1233-486c-bf3b-596973641ff1	2	7506876	34492601	18163	0.0096
7368c285-1233-486c-bf3b-596973641ff1	2	34492775	34512096	21	0.5138
7368c285-1233-486c-bf3b-596973641ff1	2	34512489	35750907	867	0.0201
7368c285-1233-486c-bf3b-596973641ff1	2	35752724	35762881	7	0.8244
7368c285-1233-486c-bf3b-596973641ff1	2	35772407	41011303	3920	0.0227
7368c285-1233-486c-bf3b-596973641ff1	2	41011365	41018747	21	-0.5948
7368c285-1233-486c-bf3b-596973641ff1	2	41024093	52527423	8170	0.0102
7368c285-1233-486c-bf3b-596973641ff1	2	52527590	52527727	2	-2.5376
7368c285-1233-486c-bf3b-596973641ff1	2	52527743	242147305	112241	0.012
7368c285-1233-486c-bf3b-596973641ff1	3	20930	6192649	5445	0.0418
7368c285-1233-486c-bf3b-596973641ff1	3	6192681	26570673	14544	0.0063
7368c285-1233-486c-bf3b-596973641ff1	3	26570674	26570675	2	1.5429
7368c285-1233-486c-bf3b-596973641ff1	3	26571710	36633435	6757	0.0151
7368c285-1233-486c-bf3b-596973641ff1	3	36635655	36635994	2	-2.2447
7368c285-1233-486c-bf3b-596973641ff1	3	36638791	68697013	20974	0.0092
7368c285-1233-486c-bf3b-596973641ff1	3	68697108	68698262	14	-1.8218
7368c285-1233-486c-bf3b-596973641ff1	3	68699607	69616151	721	-0.0054
7368c285-1233-486c-bf3b-596973641ff1	3	69623864	69629193	3	1.0204
7368c285-1233-486c-bf3b-596973641ff1	3	69629282	75519398	4191	0.015
7368c285-1233-486c-bf3b-596973641ff1	3	75523398	75537654	6	-2.2987
7368c285-1233-486c-bf3b-596973641ff1	3	75546030	99217783	10953	0.0002
7368c285-1233-486c-bf3b-596973641ff1	3	99218119	99230225	30	-0.391
7368c285-1233-486c-bf3b-596973641ff1	3	99230232	162794951	38960	0.0076
7368c285-1233-486c-bf3b-596973641ff1	3	162795304	162813082	13	0.6357
7368c285-1233-486c-bf3b-596973641ff1	3	162815162	162822702	7	1.6274
7368c285-1233-486c-bf3b-596973641ff1	3	162827928	162908815	50	0.5657
7368c285-1233-486c-bf3b-596973641ff1	3	162910826	187877506	15304	0.0051
7368c285-1233-486c-bf3b-596973641ff1	3	187877590	187877925	2	1.7291
7368c285-1233-486c-bf3b-596973641ff1	3	187877952	193156958	3818	-0.0063
7368c285-1233-486c-bf3b-596973641ff1	3	193160113	193161217	7	1.219
7368c285-1233-486c-bf3b-596973641ff1	3	193162684	198169247	2703	-0.0069
7368c285-1233-486c-bf3b-596973641ff1	4	68929	10208766	5703	-0.0031
7368c285-1233-486c-bf3b-596973641ff1	4	10212536	10229874	29	-2.1658
7368c285-1233-486c-bf3b-596973641ff1	4	10232590	10388498	177	0.0288
7368c285-1233-486c-bf3b-596973641ff1	4	10389091	10401140	20	0.3973
7368c285-1233-486c-bf3b-596973641ff1	4	10401374	34777432	16760	0.0022
7368c285-1233-486c-bf3b-596973641ff1	4	34784878	34823103	38	-0.4565
7368c285-1233-486c-bf3b-596973641ff1	4	34828250	49214614	8961	0.0051
7368c285-1233-486c-bf3b-596973641ff1	4	49289175	49289338	2	-2.1027
7368c285-1233-486c-bf3b-596973641ff1	4	49295203	69283159	10859	0.0046
7368c285-1233-486c-bf3b-596973641ff1	4	69283439	69366081	39	-0.4992
7368c285-1233-486c-bf3b-596973641ff1	4	69366304	103824414	20982	0.0057
7368c285-1233-486c-bf3b-596973641ff1	4	103830473	103830480	5	1.04
7368c285-1233-486c-bf3b-596973641ff1	4	103830487	114252544	6290	0.0049
7368c285-1233-486c-bf3b-596973641ff1	4	114254167	114261019	23	0.8802
7368c285-1233-486c-bf3b-596973641ff1	4	114263073	154881396	24011	0.0058
7368c285-1233-486c-bf3b-596973641ff1	4	154881853	154881905	2	-2.4521
7368c285-1233-486c-bf3b-596973641ff1	4	154881926	160041837	3228	0.0094
7368c285-1233-486c-bf3b-596973641ff1	4	160045000	160055139	8	-1.0518
7368c285-1233-486c-bf3b-596973641ff1	4	160057744	171455823	7360	-0.0027
7368c285-1233-486c-bf3b-596973641ff1	4	171456106	171456573	7	1.0807
7368c285-1233-486c-bf3b-596973641ff1	4	171456625	172066777	398	0.0151
7368c285-1233-486c-bf3b-596973641ff1	4	172067997	172068382	12	0.9891
7368c285-1233-486c-bf3b-596973641ff1	4	172074828	189267889	11709	0.0021
7368c285-1233-486c-bf3b-596973641ff1	4	189273964	189278110	4	-2.4084
7368c285-1233-486c-bf3b-596973641ff1	4	189278617	189333785	20	-0.262
7368c285-1233-486c-bf3b-596973641ff1	4	189333800	189982217	310	0.0194
7368c285-1233-486c-bf3b-596973641ff1	4	189982696	190106768	20	-0.238
7368c285-1233-486c-bf3b-596973641ff1	5	15532	46271006	30620	0.0049
7368c285-1233-486c-bf3b-596973641ff1	5	46271828	46273400	6	-2.5123
7368c285-1233-486c-bf3b-596973641ff1	5	46278110	69550476	12376	0.0042
7368c285-1233-486c-bf3b-596973641ff1	5	69571467	69822308	5	1.6479
7368c285-1233-486c-bf3b-596973641ff1	5	69937600	104524780	19504	0.0053
7368c285-1233-486c-bf3b-596973641ff1	5	104524847	104524903	2	2.3569
7368c285-1233-486c-bf3b-596973641ff1	5	104525348	105251452	550	0.0198
7368c285-1233-486c-bf3b-596973641ff1	5	105252731	105252752	2	1.5549
7368c285-1233-486c-bf3b-596973641ff1	5	105253580	140839137	22637	0.0048
7368c285-1233-486c-bf3b-596973641ff1	5	140844251	140852254	10	-1.0922
7368c285-1233-486c-bf3b-596973641ff1	5	140861442	152134610	7530	0.009
7368c285-1233-486c-bf3b-596973641ff1	5	152135825	152138790	14	-0.6324
7368c285-1233-486c-bf3b-596973641ff1	5	152140710	156048095	2654	0.0058
7368c285-1233-486c-bf3b-596973641ff1	5	156049762	156068247	16	-0.602
7368c285-1233-486c-bf3b-596973641ff1	5	156068249	180947523	16585	0.0014
7368c285-1233-486c-bf3b-596973641ff1	5	180951710	180979558	10	-0.7542
7368c285-1233-486c-bf3b-596973641ff1	5	180979968	181363319	179	0.0018
7368c285-1233-486c-bf3b-596973641ff1	6	149661	17405051	13524	0.0026
7368c285-1233-486c-bf3b-596973641ff1	6	17410004	17415286	6	-1.1557
7368c285-1233-486c-bf3b-596973641ff1	6	17416471	23057409	4153	0.0033
7368c285-1233-486c-bf3b-596973641ff1	6	23060763	23060771	3	-1.1165
7368c285-1233-486c-bf3b-596973641ff1	6	23064026	26664304	2511	0.0024
7368c285-1233-486c-bf3b-596973641ff1	6	26670022	26859166	18	0.4671
7368c285-1233-486c-bf3b-596973641ff1	6	26862132	29882497	1421	-0.0002
7368c285-1233-486c-bf3b-596973641ff1	6	29882589	29931120	13	-1.0514
7368c285-1233-486c-bf3b-596973641ff1	6	29931900	31318528	649	0.0125
7368c285-1233-486c-bf3b-596973641ff1	6	31318754	31327629	5	-2.0487
7368c285-1233-486c-bf3b-596973641ff1	6	31328176	32525068	515	0.0285
7368c285-1233-486c-bf3b-596973641ff1	6	32525591	32658841	51	-0.6278
7368c285-1233-486c-bf3b-596973641ff1	6	32682835	32718419	36	0.0715
7368c285-1233-486c-bf3b-596973641ff1	6	32720838	32722250	8	-0.3108
7368c285-1233-486c-bf3b-596973641ff1	6	32723020	32723053	3	-1.0541
7368c285-1233-486c-bf3b-596973641ff1	6	32732907	48963228	10328	0.0039
7368c285-1233-486c-bf3b-596973641ff1	6	48964092	48967563	3	-2.7174
7368c285-1233-486c-bf3b-596973641ff1	6	48978926	54066353	3301	0.0079
7368c285-1233-486c-bf3b-596973641ff1	6	54066432	54067057	6	-1.3761
7368c285-1233-486c-bf3b-596973641ff1	6	54070550	78253172	13140	0.0125
7368c285-1233-486c-bf3b-596973641ff1	6	78259348	78317798	106	-0.5208
7368c285-1233-486c-bf3b-596973641ff1	6	78318053	94481005	10369	0.0074
7368c285-1233-486c-bf3b-596973641ff1	6	94483388	94484007	2	1.678
7368c285-1233-486c-bf3b-596973641ff1	6	94486928	103286954	5094	0.0067
7368c285-1233-486c-bf3b-596973641ff1	6	103290101	103314186	46	0.6233
7368c285-1233-486c-bf3b-596973641ff1	6	103317795	125861617	13869	0.0042
7368c285-1233-486c-bf3b-596973641ff1	6	125862546	125865048	2	-2.4306
7368c285-1233-486c-bf3b-596973641ff1	6	125865630	157358463	20844	0.0074
7368c285-1233-486c-bf3b-596973641ff1	6	157360232	157408585	8	0.8641
7368c285-1233-486c-bf3b-596973641ff1	6	157414539	170741917	9367	-0.0045
7368c285-1233-486c-bf3b-596973641ff1	7	43355	15392007	10363	0.0118
7368c285-1233-486c-bf3b-596973641ff1	7	15392045	15393664	2	-1.9572
7368c285-1233-486c-bf3b-596973641ff1	7	15394440	38251113	16958	0.0041
7368c285-1233-486c-bf3b-596973641ff1	7	38254500	38312559	86	-0.879
7368c285-1233-486c-bf3b-596973641ff1	7	38312638	38342370	29	-0.4246
7368c285-1233-486c-bf3b-596973641ff1	7	38345240	83624090	23932	0.0055
7368c285-1233-486c-bf3b-596973641ff1	7	83631769	83632207	2	-1.7208
7368c285-1233-486c-bf3b-596973641ff1	7	83633089	104579890	12049	0.0036
7368c285-1233-486c-bf3b-596973641ff1	7	104580256	104580473	2	-1.7668
7368c285-1233-486c-bf3b-596973641ff1	7	104581547	126405597	13443	0.0056
7368c285-1233-486c-bf3b-596973641ff1	7	126405632	126406561	9	-1.281
7368c285-1233-486c-bf3b-596973641ff1	7	126406822	142070732	9923	0.0054
7368c285-1233-486c-bf3b-596973641ff1	7	142070827	142092307	27	-0.5261
7368c285-1233-486c-bf3b-596973641ff1	7	142099190	142503793	322	-0.0285
7368c285-1233-486c-bf3b-596973641ff1	7	142504387	142785320	122	-0.3514
7368c285-1233-486c-bf3b-596973641ff1	7	142785841	159334314	10405	-0.0004
7368c285-1233-486c-bf3b-596973641ff1	8	81254	2844412	2036	0.0043
7368c285-1233-486c-bf3b-596973641ff1	8	2846011	2846377	7	-1.1967
7368c285-1233-486c-bf3b-596973641ff1	8	2849649	6291913	4760	0.0122
7368c285-1233-486c-bf3b-596973641ff1	8	6292000	6302515	12	-0.5761
7368c285-1233-486c-bf3b-596973641ff1	8	6302549	7167045	898	0.0108
7368c285-1233-486c-bf3b-596973641ff1	8	7172468	7185818	5	-1.0036
7368c285-1233-486c-bf3b-596973641ff1	8	7296545	7886542	46	-0.2013
7368c285-1233-486c-bf3b-596973641ff1	8	7888457	7890177	4	-1.0721
7368c285-1233-486c-bf3b-596973641ff1	8	7919608	50118212	27342	0.0087
7368c285-1233-486c-bf3b-596973641ff1	8	50119451	50119827	8	-1.8938
7368c285-1233-486c-bf3b-596973641ff1	8	50126018	60656877	6919	0.0066
7368c285-1233-486c-bf3b-596973641ff1	8	60662433	60663969	2	-1.5392
7368c285-1233-486c-bf3b-596973641ff1	8	60664239	63936079	2121	0.0135
7368c285-1233-486c-bf3b-596973641ff1	8	63936340	63936953	7	0.7669
7368c285-1233-486c-bf3b-596973641ff1	8	63937166	106236002	25257	0.0079
7368c285-1233-486c-bf3b-596973641ff1	8	106236518	106237205	2	1.9155
7368c285-1233-486c-bf3b-596973641ff1	8	106237331	142047413	24826	0.0076
7368c285-1233-486c-bf3b-596973641ff1	8	142047414	142049377	3	-1.3472
7368c285-1233-486c-bf3b-596973641ff1	8	142055279	145072769	1127	0.0057
7368c285-1233-486c-bf3b-596973641ff1	9	46587	23363117	20392	0.0181
7368c285-1233-486c-bf3b-596973641ff1	9	23363935	23373486	7	-2.378
7368c285-1233-486c-bf3b-596973641ff1	9	23378490	41644288	10823	0.0066
7368c285-1233-486c-bf3b-596973641ff1	9	41644336	42014203	11	-0.3817
7368c285-1233-486c-bf3b-596973641ff1	9	42037471	42211663	22	-1.7874
7368c285-1233-486c-bf3b-596973641ff1	9	42230926	42715233	24	-0.5761
7368c285-1233-486c-bf3b-596973641ff1	9	42715632	61374282	44	0.0319
7368c285-1233-486c-bf3b-596973641ff1	9	61378951	61668104	34	0.6513
7368c285-1233-486c-bf3b-596973641ff1	9	61680289	83583597	11167	0.0059
7368c285-1233-486c-bf3b-596973641ff1	9	83587542	83590889	5	-1.0916
7368c285-1233-486c-bf3b-596973641ff1	9	83593105	101981851	12451	0.0066
7368c285-1233-486c-bf3b-596973641ff1	9	101985084	102227361	225	0.1407
7368c285-1233-486c-bf3b-596973641ff1	9	102228112	138200944	24163	0.001
7368c285-1233-486c-bf3b-596973641ff1	10	45792	26934974	21153	0.0034
7368c285-1233-486c-bf3b-596973641ff1	10	26936975	26938836	8	-0.9711
7368c285-1233-486c-bf3b-596973641ff1	10	26939421	26939544	5	-0.3323
7368c285-1233-486c-bf3b-596973641ff1	10	26941064	30957581	3017	0.0033
7368c285-1233-486c-bf3b-596973641ff1	10	30962405	30962850	11	-0.539
7368c285-1233-486c-bf3b-596973641ff1	10	30962893	46532940	7453	0.0077
7368c285-1233-486c-bf3b-596973641ff1	10	46538819	46693694	28	-0.3158
7368c285-1233-486c-bf3b-596973641ff1	10	46708121	46810571	7	-1.1148
7368c285-1233-486c-bf3b-596973641ff1	10	46836986	65546321	12665	0.008
7368c285-1233-486c-bf3b-596973641ff1	10	65546400	65565695	33	0.4868
7368c285-1233-486c-bf3b-596973641ff1	10	65566308	74987484	5767	0.0037
7368c285-1233-486c-bf3b-596973641ff1	10	74994884	75081593	65	0.5551
7368c285-1233-486c-bf3b-596973641ff1	10	75083725	75219460	70	0.0108
7368c285-1233-486c-bf3b-596973641ff1	10	75223392	75323503	50	0.5443
7368c285-1233-486c-bf3b-596973641ff1	10	75325182	76493093	823	-0.0047
7368c285-1233-486c-bf3b-596973641ff1	10	76497303	76497852	2	1.2774
7368c285-1233-486c-bf3b-596973641ff1	10	76501509	81118403	3325	0.0095
7368c285-1233-486c-bf3b-596973641ff1	10	81121574	81130027	10	-1.1627
7368c285-1233-486c-bf3b-596973641ff1	10	81134713	133654968	36062	0.0001
7368c285-1233-486c-bf3b-596973641ff1	11	198510	5766175	3227	-0.0011
7368c285-1233-486c-bf3b-596973641ff1	11	5766850	5788108	33	0.344
7368c285-1233-486c-bf3b-596973641ff1	11	5788231	18918775	9401	0.0043
7368c285-1233-486c-bf3b-596973641ff1	11	18919309	18940375	46	-0.2699
7368c285-1233-486c-bf3b-596973641ff1	11	18940441	31371747	9064	0.0085
7368c285-1233-486c-bf3b-596973641ff1	11	31372721	31375533	2	-2.0233
7368c285-1233-486c-bf3b-596973641ff1	11	31376660	36957460	4228	0.0033
7368c285-1233-486c-bf3b-596973641ff1	11	36957953	37127795	151	0.1393
7368c285-1233-486c-bf3b-596973641ff1	11	37127997	37141542	19	-0.3916
7368c285-1233-486c-bf3b-596973641ff1	11	37141888	48576870	7081	0.0088
7368c285-1233-486c-bf3b-596973641ff1	11	48579882	48584766	3	-1.6507
7368c285-1233-486c-bf3b-596973641ff1	11	48586605	50444004	749	0.0379
7368c285-1233-486c-bf3b-596973641ff1	11	50458378	55708084	498	0.1298
7368c285-1233-486c-bf3b-596973641ff1	11	55708163	92097323	21254	0.008
7368c285-1233-486c-bf3b-596973641ff1	11	92097492	92097877	2	1.7213
7368c285-1233-486c-bf3b-596973641ff1	11	92099538	135074876	30954	0.0052
7368c285-1233-486c-bf3b-596973641ff1	12	51460	8289689	5557	-0.0035
7368c285-1233-486c-bf3b-596973641ff1	12	8296516	8296621	2	1.3769
7368c285-1233-486c-bf3b-596973641ff1	12	8300870	9477960	611	0.0096
7368c285-1233-486c-bf3b-596973641ff1	12	9481274	9575696	24	1.3054
7368c285-1233-486c-bf3b-596973641ff1	12	9582373	27493053	12378	0.0088
7368c285-1233-486c-bf3b-596973641ff1	12	27493059	27498429	29	-0.6334
7368c285-1233-486c-bf3b-596973641ff1	12	27504228	33148873	4153	0.0084
7368c285-1233-486c-bf3b-596973641ff1	12	33149079	33154440	20	-0.7712
7368c285-1233-486c-bf3b-596973641ff1	12	33155426	46821768	6326	0.0219
7368c285-1233-486c-bf3b-596973641ff1	12	46824157	46824465	3	-1.6688
7368c285-1233-486c-bf3b-596973641ff1	12	46825617	80446147	20749	0.0017
7368c285-1233-486c-bf3b-596973641ff1	12	80446276	80456533	2	-2.4749
7368c285-1233-486c-bf3b-596973641ff1	12	80458189	99398036	12155	0.0044
7368c285-1233-486c-bf3b-596973641ff1	12	99401515	99404284	24	-0.5087
7368c285-1233-486c-bf3b-596973641ff1	12	99404374	133201603	22703	0.007
7368c285-1233-486c-bf3b-596973641ff1	13	18452809	21313725	1567	0.0175
7368c285-1233-486c-bf3b-596973641ff1	13	21313870	21322360	7	-0.8727
7368c285-1233-486c-bf3b-596973641ff1	13	21322617	23055048	1278	0.0107
7368c285-1233-486c-bf3b-596973641ff1	13	23055071	23059376	13	-2.1184
7368c285-1233-486c-bf3b-596973641ff1	13	23064056	68668123	30032	0.0079
7368c285-1233-486c-bf3b-596973641ff1	13	68674167	68675349	7	-1.1378
7368c285-1233-486c-bf3b-596973641ff1	13	68676647	68684883	10	-0.0776
7368c285-1233-486c-bf3b-596973641ff1	13	68685082	68694110	21	-0.7941
7368c285-1233-486c-bf3b-596973641ff1	13	68694987	114342922	31109	0.0014
7368c285-1233-486c-bf3b-596973641ff1	14	18239283	18625765	13	0.0591
7368c285-1233-486c-bf3b-596973641ff1	14	18639714	19140829	23	0.6028
7368c285-1233-486c-bf3b-596973641ff1	14	19143599	21793013	1348	0.0075
7368c285-1233-486c-bf3b-596973641ff1	14	21798901	21998645	191	-0.2134
7368c285-1233-486c-bf3b-596973641ff1	14	22004955	22156145	141	-0.6246
7368c285-1233-486c-bf3b-596973641ff1	14	22159015	22474759	251	-1.0428
7368c285-1233-486c-bf3b-596973641ff1	14	22477230	22506798	46	-0.5229
7368c285-1233-486c-bf3b-596973641ff1	14	22506810	41141293	11713	0.0041
7368c285-1233-486c-bf3b-596973641ff1	14	41141487	41207158	17	-0.512
7368c285-1233-486c-bf3b-596973641ff1	14	41207293	73540003	20413	0.007
7368c285-1233-486c-bf3b-596973641ff1	14	73540147	73550817	5	-1.9047
7368c285-1233-486c-bf3b-596973641ff1	14	73550834	106294689	20843	0.0033
7368c285-1233-486c-bf3b-596973641ff1	14	106297265	106297273	3	1.4285
7368c285-1233-486c-bf3b-596973641ff1	14	106297409	106308664	8	-0.0826
7368c285-1233-486c-bf3b-596973641ff1	14	106310594	106346129	13	0.4596
7368c285-1233-486c-bf3b-596973641ff1	14	106360014	106394998	21	-0.07
7368c285-1233-486c-bf3b-596973641ff1	14	106396243	106403147	3	-1.1177
7368c285-1233-486c-bf3b-596973641ff1	14	106407604	106423925	8	0.1693
7368c285-1233-486c-bf3b-596973641ff1	14	106425447	106462183	47	-2.3483
7368c285-1233-486c-bf3b-596973641ff1	14	106462724	106877229	195	0.0065
7368c285-1233-486c-bf3b-596973641ff1	15	19811075	20235285	63	0.0367
7368c285-1233-486c-bf3b-596973641ff1	15	20240885	20373168	25	-0.749
7368c285-1233-486c-bf3b-596973641ff1	15	20376198	20376311	7	0.2185
7368c285-1233-486c-bf3b-596973641ff1	15	20380735	22299009	110	-0.8286
7368c285-1233-486c-bf3b-596973641ff1	15	22299523	23813652	627	-0.0111
7368c285-1233-486c-bf3b-596973641ff1	15	23813673	23813702	2	-4.1708
7368c285-1233-486c-bf3b-596973641ff1	15	23813848	30215235	4001	0.0149
7368c285-1233-486c-bf3b-596973641ff1	15	30230885	30656433	36	0.3905
7368c285-1233-486c-bf3b-596973641ff1	15	30658326	76586021	28991	0.0018
7368c285-1233-486c-bf3b-596973641ff1	15	76598900	76603434	22	0.9479
7368c285-1233-486c-bf3b-596973641ff1	15	76609838	84159599	4592	-0.003
7368c285-1233-486c-bf3b-596973641ff1	15	84192594	84553803	19	0.4597
7368c285-1233-486c-bf3b-596973641ff1	15	84554167	101928837	12979	0.0137
7368c285-1233-486c-bf3b-596973641ff1	16	10777	19933041	13454	0.0171
7368c285-1233-486c-bf3b-596973641ff1	16	19934328	19956040	29	-3.1464
7368c285-1233-486c-bf3b-596973641ff1	16	19958932	20534818	427	0.0119
7368c285-1233-486c-bf3b-596973641ff1	16	20535562	20537012	3	-1.2387
7368c285-1233-486c-bf3b-596973641ff1	16	20539966	32852602	6062	0.0124
7368c285-1233-486c-bf3b-596973641ff1	16	32861972	32904231	13	-0.6811
7368c285-1233-486c-bf3b-596973641ff1	16	32938932	68762156	15053	0.005
7368c285-1233-486c-bf3b-596973641ff1	16	68768311	68769319	5	-0.9555
7368c285-1233-486c-bf3b-596973641ff1	16	68771881	90096867	16763	0.0029
7368c285-1233-486c-bf3b-596973641ff1	17	150733	36108119	18245	0.0061
7368c285-1233-486c-bf3b-596973641ff1	17	36108874	36150221	37	0.4725
7368c285-1233-486c-bf3b-596973641ff1	17	36157718	41053891	2396	-0.0095
7368c285-1233-486c-bf3b-596973641ff1	17	41055656	41065355	12	-6.0864
7368c285-1233-486c-bf3b-596973641ff1	17	41066554	41266838	121	0.028
7368c285-1233-486c-bf3b-596973641ff1	17	41266851	41274279	19	1.0876
7368c285-1233-486c-bf3b-596973641ff1	17	41276472	46351954	2624	0.0044
7368c285-1233-486c-bf3b-596973641ff1	17	46446345	46446360	2	1.8154
7368c285-1233-486c-bf3b-596973641ff1	17	46569894	80655063	20588	0.0034
7368c285-1233-486c-bf3b-596973641ff1	17	80655993	80660379	2	1.9858
7368c285-1233-486c-bf3b-596973641ff1	17	80660500	83091923	948	-0.0212
7368c285-1233-486c-bf3b-596973641ff1	18	48133	6525967	4625	0.023
7368c285-1233-486c-bf3b-596973641ff1	18	6531548	6533751	3	-1.5844
7368c285-1233-486c-bf3b-596973641ff1	18	6539302	53740491	27100	0.0058
7368c285-1233-486c-bf3b-596973641ff1	18	53740727	53741814	7	0.9521
7368c285-1233-486c-bf3b-596973641ff1	18	53751899	66050285	8501	0.0082
7368c285-1233-486c-bf3b-596973641ff1	18	66050517	66065527	16	0.6162
7368c285-1233-486c-bf3b-596973641ff1	18	66065571	80257174	10399	0.009
7368c285-1233-486c-bf3b-596973641ff1	19	90910	24192647	11097	0.0023
7368c285-1233-486c-bf3b-596973641ff1	19	24196300	24250395	16	-0.5721
7368c285-1233-486c-bf3b-596973641ff1	19	24253846	35364547	5580	0.0016
7368c285-1233-486c-bf3b-596973641ff1	19	35365141	35370946	19	-0.4468
7368c285-1233-486c-bf3b-596973641ff1	19	35375842	43033226	3794	-0.0033
7368c285-1233-486c-bf3b-596973641ff1	19	43034626	43056224	6	0.9843
7368c285-1233-486c-bf3b-596973641ff1	19	43057570	58586487	8570	-0.0015
7368c285-1233-486c-bf3b-596973641ff1	20	80664	1580353	1202	0.0165
7368c285-1233-486c-bf3b-596973641ff1	20	1580934	1601446	35	1.9148
7368c285-1233-486c-bf3b-596973641ff1	20	1601561	64324800	41087	0.0052
7368c285-1233-486c-bf3b-596973641ff1	21	10354168	46677045	23837	0.0041
7368c285-1233-486c-bf3b-596973641ff1	22	15294547	23987520	4394	0.0073
7368c285-1233-486c-bf3b-596973641ff1	22	23988078	23989773	2	-3.3755
7368c285-1233-486c-bf3b-596973641ff1	22	23990431	50528603	18721	-0.0066
7368c285-1233-486c-bf3b-596973641ff1	22	50534679	50534687	5	-1.1334
7368c285-1233-486c-bf3b-596973641ff1	22	50535325	50796027	143	0.013
7368c285-1233-486c-bf3b-596973641ff1	X	251810	77179265	39672	0.0029
7368c285-1233-486c-bf3b-596973641ff1	X	77179707	77296889	10	1.0648
7368c285-1233-486c-bf3b-596973641ff1	X	77324696	88482938	6091	0.0043
7368c285-1233-486c-bf3b-596973641ff1	X	88483311	88483652	2	-2.3358
7368c285-1233-486c-bf3b-596973641ff1	X	88483891	141466095	28745	0.0037
7368c285-1233-486c-bf3b-596973641ff1	X	141466160	141585618	15	-0.7274
7368c285-1233-486c-bf3b-596973641ff1	X	141595849	141647663	33	0.054
7368c285-1233-486c-bf3b-596973641ff1	X	141651917	141651995	2	1.7455
7368c285-1233-486c-bf3b-596973641ff1	X	141655766	144544539	1981	-0.0066
7368c285-1233-486c-bf3b-596973641ff1	X	144549969	144551290	2	-3.2529
7368c285-1233-486c-bf3b-596973641ff1	X	144553029	155952689	6795	0.0027
7368c285-1233-486c-bf3b-596973641ff1	Y	2782397	56872112	6639	-0.9268
