GDC_Aliquot	Chromosome	Start	End	Num_Probes	Segment_Mean
ea7770fb-a049-4652-9bfd-a6f7a0fdb98a	1	62920	266187	17	0.2569
ea7770fb-a049-4652-9bfd-a6f7a0fdb98a	1	462795	462894	2	1.7968
ea7770fb-a049-4652-9bfd-a6f7a0fdb98a	1	599171	16037445	8397	-0.0067
ea7770fb-a049-4652-9bfd-a6f7a0fdb98a	1	16041638	16052921	6	1.2641
ea7770fb-a049-4652-9bfd-a6f7a0fdb98a	1	16063071	20556929	2853	-0.02
ea7770fb-a049-4652-9bfd-a6f7a0fdb98a	1	20557010	20557323	3	-2.0693
ea7770fb-a049-4652-9bfd-a6f7a0fdb98a	1	20558448	21996664	798	-0.0063
ea7770fb-a049-4652-9bfd-a6f7a0fdb98a	1	22001786	22004046	3	-1.639
ea7770fb-a049-4652-9bfd-a6f7a0fdb98a	1	22010750	34626073	6881	-0.0059
ea7770fb-a049-4652-9bfd-a6f7a0fdb98a	1	34637053	34637435	6	-2.8883
ea7770fb-a049-4652-9bfd-a6f7a0fdb98a	1	34637541	34638226	5	-0.6807
ea7770fb-a049-4652-9bfd-a6f7a0fdb98a	1	34638263	34638890	9	-2.7936
ea7770fb-a049-4652-9bfd-a6f7a0fdb98a	1	34648667	72302815	23690	0.0015
ea7770fb-a049-4652-9bfd-a6f7a0fdb98a	1	72303233	72345465	46	-1.3739
ea7770fb-a049-4652-9bfd-a6f7a0fdb98a	1	72346221	109684893	23514	0.008
ea7770fb-a049-4652-9bfd-a6f7a0fdb98a	1	109690352	109702376	13	1.2114
ea7770fb-a049-4652-9bfd-a6f7a0fdb98a	1	109703504	119321963	6462	0.0074
ea7770fb-a049-4652-9bfd-a6f7a0fdb98a	1	119322147	119326092	3	-1.3915
ea7770fb-a049-4652-9bfd-a6f7a0fdb98a	1	119332482	152583051	3082	0.015
ea7770fb-a049-4652-9bfd-a6f7a0fdb98a	1	152583230	152613242	29	-1.6102
ea7770fb-a049-4652-9bfd-a6f7a0fdb98a	1	152613641	152787202	171	-0.0244
ea7770fb-a049-4652-9bfd-a6f7a0fdb98a	1	152789447	152796224	37	-1.7126
ea7770fb-a049-4652-9bfd-a6f7a0fdb98a	1	152801429	169247699	11242	0.0056
ea7770fb-a049-4652-9bfd-a6f7a0fdb98a	1	169264736	169272528	6	-1.8251
ea7770fb-a049-4652-9bfd-a6f7a0fdb98a	1	169273163	196741937	18110	0.0048
ea7770fb-a049-4652-9bfd-a6f7a0fdb98a	1	196742057	196843377	62	0.2954
ea7770fb-a049-4652-9bfd-a6f7a0fdb98a	1	196843400	196846661	2	-2.7689
ea7770fb-a049-4652-9bfd-a6f7a0fdb98a	1	196847600	199142393	1370	0.0018
ea7770fb-a049-4652-9bfd-a6f7a0fdb98a	1	199142562	199142844	2	-2.4338
ea7770fb-a049-4652-9bfd-a6f7a0fdb98a	1	199143343	247480557	33518	-0.0027
ea7770fb-a049-4652-9bfd-a6f7a0fdb98a	1	247480820	248646068	674	0.0858
ea7770fb-a049-4652-9bfd-a6f7a0fdb98a	1	248661836	248873001	104	0.0086
ea7770fb-a049-4652-9bfd-a6f7a0fdb98a	1	248873024	248875714	4	-1.0461
ea7770fb-a049-4652-9bfd-a6f7a0fdb98a	1	248876512	248930189	29	-0.0438
ea7770fb-a049-4652-9bfd-a6f7a0fdb98a	2	12784	34437911	24010	0.0113
ea7770fb-a049-4652-9bfd-a6f7a0fdb98a	2	34438291	34511990	55	0.4853
ea7770fb-a049-4652-9bfd-a6f7a0fdb98a	2	34512096	52516787	12971	0.0221
ea7770fb-a049-4652-9bfd-a6f7a0fdb98a	2	52527330	52554404	40	0.4897
ea7770fb-a049-4652-9bfd-a6f7a0fdb98a	2	52560811	242147305	111998	0.0094
ea7770fb-a049-4652-9bfd-a6f7a0fdb98a	3	20930	349053	316	0.0143
ea7770fb-a049-4652-9bfd-a6f7a0fdb98a	3	349280	1669864	1142	0.1115
ea7770fb-a049-4652-9bfd-a6f7a0fdb98a	3	1670424	68697108	46205	0.0105
ea7770fb-a049-4652-9bfd-a6f7a0fdb98a	3	68697133	68698262	13	-1.3311
ea7770fb-a049-4652-9bfd-a6f7a0fdb98a	3	68699607	162775183	54783	0.0095
ea7770fb-a049-4652-9bfd-a6f7a0fdb98a	3	162775954	162930391	105	0.342
ea7770fb-a049-4652-9bfd-a6f7a0fdb98a	3	162931123	175279275	7524	0.0128
ea7770fb-a049-4652-9bfd-a6f7a0fdb98a	3	175279749	176235507	649	0.0898
ea7770fb-a049-4652-9bfd-a6f7a0fdb98a	3	176236324	193160113	10903	0.0062
ea7770fb-a049-4652-9bfd-a6f7a0fdb98a	3	193160173	193165114	19	0.7468
ea7770fb-a049-4652-9bfd-a6f7a0fdb98a	3	193168646	198169247	2687	0.0116
ea7770fb-a049-4652-9bfd-a6f7a0fdb98a	4	68929	10208766	5695	-0.0075
ea7770fb-a049-4652-9bfd-a6f7a0fdb98a	4	10212536	10229874	29	1.7881
ea7770fb-a049-4652-9bfd-a6f7a0fdb98a	4	10232590	10389091	177	0.0472
ea7770fb-a049-4652-9bfd-a6f7a0fdb98a	4	10390730	10397731	13	-0.6213
ea7770fb-a049-4652-9bfd-a6f7a0fdb98a	4	10398532	32451619	15445	0.003
ea7770fb-a049-4652-9bfd-a6f7a0fdb98a	4	32453365	32516108	38	0.3053
ea7770fb-a049-4652-9bfd-a6f7a0fdb98a	4	32516307	34777353	1253	-0.0093
ea7770fb-a049-4652-9bfd-a6f7a0fdb98a	4	34777382	34830196	48	0.4176
ea7770fb-a049-4652-9bfd-a6f7a0fdb98a	4	34830245	68506285	19378	0.0133
ea7770fb-a049-4652-9bfd-a6f7a0fdb98a	4	68509223	68655691	68	0.8828
ea7770fb-a049-4652-9bfd-a6f7a0fdb98a	4	68663241	69265191	315	0.1065
ea7770fb-a049-4652-9bfd-a6f7a0fdb98a	4	69265628	69366406	51	-0.5912
ea7770fb-a049-4652-9bfd-a6f7a0fdb98a	4	69370433	114252544	27225	0.0025
ea7770fb-a049-4652-9bfd-a6f7a0fdb98a	4	114254167	114261019	23	0.5946
ea7770fb-a049-4652-9bfd-a6f7a0fdb98a	4	114263073	134174145	11526	0.0057
ea7770fb-a049-4652-9bfd-a6f7a0fdb98a	4	134175014	134271522	43	0.3647
ea7770fb-a049-4652-9bfd-a6f7a0fdb98a	4	134271658	160958989	16296	-0.0043
ea7770fb-a049-4652-9bfd-a6f7a0fdb98a	4	160959045	160963756	18	-2.3239
ea7770fb-a049-4652-9bfd-a6f7a0fdb98a	4	160963767	161299232	254	0.0618
ea7770fb-a049-4652-9bfd-a6f7a0fdb98a	4	161299438	188472970	17855	-0.0027
ea7770fb-a049-4652-9bfd-a6f7a0fdb98a	4	188472985	190094046	989	0.0695
ea7770fb-a049-4652-9bfd-a6f7a0fdb98a	4	190095009	190106768	3	-1.4692
ea7770fb-a049-4652-9bfd-a6f7a0fdb98a	5	15532	45280933	30256	0.0104
ea7770fb-a049-4652-9bfd-a6f7a0fdb98a	5	45283392	50823006	615	0.1043
ea7770fb-a049-4652-9bfd-a6f7a0fdb98a	5	50825402	99155237	28461	0.0076
ea7770fb-a049-4652-9bfd-a6f7a0fdb98a	5	99155827	100472235	741	0.1052
ea7770fb-a049-4652-9bfd-a6f7a0fdb98a	5	100479216	140844251	25482	0.0131
ea7770fb-a049-4652-9bfd-a6f7a0fdb98a	5	140851936	140852254	9	-0.8331
ea7770fb-a049-4652-9bfd-a6f7a0fdb98a	5	140861442	155490058	9777	0.0006
ea7770fb-a049-4652-9bfd-a6f7a0fdb98a	5	155494332	155494366	2	1.5734
ea7770fb-a049-4652-9bfd-a6f7a0fdb98a	5	155495093	156048095	416	0.0358
ea7770fb-a049-4652-9bfd-a6f7a0fdb98a	5	156049762	156068240	15	-0.5321
ea7770fb-a049-4652-9bfd-a6f7a0fdb98a	5	156068247	181363319	16740	-0.0043
ea7770fb-a049-4652-9bfd-a6f7a0fdb98a	6	149661	29882603	21618	0.0045
ea7770fb-a049-4652-9bfd-a6f7a0fdb98a	6	29903859	29946838	19	-0.7633
ea7770fb-a049-4652-9bfd-a6f7a0fdb98a	6	29947692	32463775	1144	0.0059
ea7770fb-a049-4652-9bfd-a6f7a0fdb98a	6	32481273	32550992	23	0.4713
ea7770fb-a049-4652-9bfd-a6f7a0fdb98a	6	32559507	57294155	15658	0.0019
ea7770fb-a049-4652-9bfd-a6f7a0fdb98a	6	57295386	57299701	12	-0.8939
ea7770fb-a049-4652-9bfd-a6f7a0fdb98a	6	57302322	65150994	2611	0.0205
ea7770fb-a049-4652-9bfd-a6f7a0fdb98a	6	65151881	65192749	26	0.424
ea7770fb-a049-4652-9bfd-a6f7a0fdb98a	6	65195930	76726815	7544	0.009
ea7770fb-a049-4652-9bfd-a6f7a0fdb98a	6	76730151	76758214	23	-0.5814
ea7770fb-a049-4652-9bfd-a6f7a0fdb98a	6	76758749	78270631	996	-0.0008
ea7770fb-a049-4652-9bfd-a6f7a0fdb98a	6	78270700	78270730	2	-1.6756
ea7770fb-a049-4652-9bfd-a6f7a0fdb98a	6	78277769	93768888	9954	0.0096
ea7770fb-a049-4652-9bfd-a6f7a0fdb98a	6	93769876	94875932	724	0.1145
ea7770fb-a049-4652-9bfd-a6f7a0fdb98a	6	94876263	102742932	4490	0.0132
ea7770fb-a049-4652-9bfd-a6f7a0fdb98a	6	102749959	102760611	2	-1.7741
ea7770fb-a049-4652-9bfd-a6f7a0fdb98a	6	102764849	103286954	329	0.0029
ea7770fb-a049-4652-9bfd-a6f7a0fdb98a	6	103290101	103314186	46	0.6858
ea7770fb-a049-4652-9bfd-a6f7a0fdb98a	6	103317795	139099858	22583	-0.0038
ea7770fb-a049-4652-9bfd-a6f7a0fdb98a	6	139100600	139101546	2	-2.5334
ea7770fb-a049-4652-9bfd-a6f7a0fdb98a	6	139103986	157358463	12072	0.0004
ea7770fb-a049-4652-9bfd-a6f7a0fdb98a	6	157360232	157375044	2	-1.8913
ea7770fb-a049-4652-9bfd-a6f7a0fdb98a	6	157375962	170741917	9373	0.0007
ea7770fb-a049-4652-9bfd-a6f7a0fdb98a	7	43355	18871438	13070	0.0256
ea7770fb-a049-4652-9bfd-a6f7a0fdb98a	7	18871527	19614553	830	0.1121
ea7770fb-a049-4652-9bfd-a6f7a0fdb98a	7	19614578	22395161	2086	0.0048
ea7770fb-a049-4652-9bfd-a6f7a0fdb98a	7	22395853	22396868	2	-3.0912
ea7770fb-a049-4652-9bfd-a6f7a0fdb98a	7	22399135	100727566	45424	0.0187
ea7770fb-a049-4652-9bfd-a6f7a0fdb98a	7	100731621	100731642	2	-2.7658
ea7770fb-a049-4652-9bfd-a6f7a0fdb98a	7	100735219	109793741	5290	0.0104
ea7770fb-a049-4652-9bfd-a6f7a0fdb98a	7	109797035	109797700	14	-0.8112
ea7770fb-a049-4652-9bfd-a6f7a0fdb98a	7	109797715	109801187	11	-0.0814
ea7770fb-a049-4652-9bfd-a6f7a0fdb98a	7	109801572	109813762	8	-2.3141
ea7770fb-a049-4652-9bfd-a6f7a0fdb98a	7	109813801	111177625	901	0.023
ea7770fb-a049-4652-9bfd-a6f7a0fdb98a	7	111178402	111678491	311	0.1577
ea7770fb-a049-4652-9bfd-a6f7a0fdb98a	7	111678919	158777885	29218	0.0183
ea7770fb-a049-4652-9bfd-a6f7a0fdb98a	7	158780582	159089737	192	0.5089
ea7770fb-a049-4652-9bfd-a6f7a0fdb98a	7	159091173	159334314	164	-0.0033
ea7770fb-a049-4652-9bfd-a6f7a0fdb98a	8	81254	2746316	1909	0.0227
ea7770fb-a049-4652-9bfd-a6f7a0fdb98a	8	2746661	2751755	2	4.8135
ea7770fb-a049-4652-9bfd-a6f7a0fdb98a	8	2751943	3728955	1155	0.0014
ea7770fb-a049-4652-9bfd-a6f7a0fdb98a	8	3729710	6034516	3318	0.0615
ea7770fb-a049-4652-9bfd-a6f7a0fdb98a	8	6039087	8724734	1872	-0.0123
ea7770fb-a049-4652-9bfd-a6f7a0fdb98a	8	8725599	8730079	10	-1.0399
ea7770fb-a049-4652-9bfd-a6f7a0fdb98a	8	8731984	12002231	2723	-0.0062
ea7770fb-a049-4652-9bfd-a6f7a0fdb98a	8	12004300	12382326	27	0.531
ea7770fb-a049-4652-9bfd-a6f7a0fdb98a	8	12382653	12385031	10	-0.01
ea7770fb-a049-4652-9bfd-a6f7a0fdb98a	8	12387683	12562158	19	0.4429
ea7770fb-a049-4652-9bfd-a6f7a0fdb98a	8	12562581	12982150	286	-0.0012
ea7770fb-a049-4652-9bfd-a6f7a0fdb98a	8	12982219	12982283	2	-1.6609
ea7770fb-a049-4652-9bfd-a6f7a0fdb98a	8	12982343	25118687	10090	0.0093
ea7770fb-a049-4652-9bfd-a6f7a0fdb98a	8	25119021	25126554	15	-0.7555
ea7770fb-a049-4652-9bfd-a6f7a0fdb98a	8	25126626	111282237	50955	0.0055
ea7770fb-a049-4652-9bfd-a6f7a0fdb98a	8	111282441	111283031	6	1.6019
ea7770fb-a049-4652-9bfd-a6f7a0fdb98a	8	111288052	145072769	22836	-0.0059
ea7770fb-a049-4652-9bfd-a6f7a0fdb98a	9	46587	11213674	10629	0.025
ea7770fb-a049-4652-9bfd-a6f7a0fdb98a	9	11218532	12362466	890	0.0947
ea7770fb-a049-4652-9bfd-a6f7a0fdb98a	9	12363091	41570739	19638	0.0125
ea7770fb-a049-4652-9bfd-a6f7a0fdb98a	9	41571298	42211663	41	0.5842
ea7770fb-a049-4652-9bfd-a6f7a0fdb98a	9	42230926	42709863	22	-0.0346
ea7770fb-a049-4652-9bfd-a6f7a0fdb98a	9	42711956	42715632	3	-1.5359
ea7770fb-a049-4652-9bfd-a6f7a0fdb98a	9	42719891	138200944	48052	-0.0028
ea7770fb-a049-4652-9bfd-a6f7a0fdb98a	10	45792	6369412	5376	0.018
ea7770fb-a049-4652-9bfd-a6f7a0fdb98a	10	6369488	6369519	3	1.4816
ea7770fb-a049-4652-9bfd-a6f7a0fdb98a	10	6376792	17885034	9419	0.0109
ea7770fb-a049-4652-9bfd-a6f7a0fdb98a	10	17896194	17910884	3	-1.214
ea7770fb-a049-4652-9bfd-a6f7a0fdb98a	10	17929793	46169953	16594	0.014
ea7770fb-a049-4652-9bfd-a6f7a0fdb98a	10	46170858	46332058	165	0.4649
ea7770fb-a049-4652-9bfd-a6f7a0fdb98a	10	46332377	54860848	5338	0.0199
ea7770fb-a049-4652-9bfd-a6f7a0fdb98a	10	54862926	55312545	250	0.0899
ea7770fb-a049-4652-9bfd-a6f7a0fdb98a	10	55313771	55316065	2	1.7264
ea7770fb-a049-4652-9bfd-a6f7a0fdb98a	10	55316080	55892809	436	0.1201
ea7770fb-a049-4652-9bfd-a6f7a0fdb98a	10	55894322	66289254	7308	0.0165
ea7770fb-a049-4652-9bfd-a6f7a0fdb98a	10	66289713	67195954	647	0.0944
ea7770fb-a049-4652-9bfd-a6f7a0fdb98a	10	67196647	80234421	8217	0.0082
ea7770fb-a049-4652-9bfd-a6f7a0fdb98a	10	80234562	80237322	2	-2.2528
ea7770fb-a049-4652-9bfd-a6f7a0fdb98a	10	80237692	87278584	4947	0.0134
ea7770fb-a049-4652-9bfd-a6f7a0fdb98a	10	87286741	87335788	10	-0.7776
ea7770fb-a049-4652-9bfd-a6f7a0fdb98a	10	87348659	133654968	31684	-0.0056
ea7770fb-a049-4652-9bfd-a6f7a0fdb98a	11	198510	672103	154	-0.0419
ea7770fb-a049-4652-9bfd-a6f7a0fdb98a	11	677565	678561	3	-2.218
ea7770fb-a049-4652-9bfd-a6f7a0fdb98a	11	681922	5768371	3066	0.011
ea7770fb-a049-4652-9bfd-a6f7a0fdb98a	11	5768495	5787909	29	0.5603
ea7770fb-a049-4652-9bfd-a6f7a0fdb98a	11	5788108	18919323	9376	0.0038
ea7770fb-a049-4652-9bfd-a6f7a0fdb98a	11	18927525	18949201	49	-0.3165
ea7770fb-a049-4652-9bfd-a6f7a0fdb98a	11	18949628	55595864	21674	0.0082
ea7770fb-a049-4652-9bfd-a6f7a0fdb98a	11	55606556	55685533	59	0.6969
ea7770fb-a049-4652-9bfd-a6f7a0fdb98a	11	55686100	135074876	52141	0.0066
ea7770fb-a049-4652-9bfd-a6f7a0fdb98a	12	51460	9481274	6163	0.0055
ea7770fb-a049-4652-9bfd-a6f7a0fdb98a	12	9485313	9575696	23	-1.5762
ea7770fb-a049-4652-9bfd-a6f7a0fdb98a	12	9582373	129516016	76064	0.0093
ea7770fb-a049-4652-9bfd-a6f7a0fdb98a	12	129516041	129519049	3	-1.5709
ea7770fb-a049-4652-9bfd-a6f7a0fdb98a	12	129519225	133201603	2351	-0.0016
ea7770fb-a049-4652-9bfd-a6f7a0fdb98a	13	18452809	23055048	2848	0.013
ea7770fb-a049-4652-9bfd-a6f7a0fdb98a	13	23055071	23059376	13	-2.2704
ea7770fb-a049-4652-9bfd-a6f7a0fdb98a	13	23064056	37496998	10585	0.0086
ea7770fb-a049-4652-9bfd-a6f7a0fdb98a	13	37497899	37510620	16	-1.8116
ea7770fb-a049-4652-9bfd-a6f7a0fdb98a	13	37514193	57190045	12503	0.0108
ea7770fb-a049-4652-9bfd-a6f7a0fdb98a	13	57192577	57583957	225	0.1569
ea7770fb-a049-4652-9bfd-a6f7a0fdb98a	13	57583993	63087569	3234	-0.0027
ea7770fb-a049-4652-9bfd-a6f7a0fdb98a	13	63088325	63107997	16	0.5122
ea7770fb-a049-4652-9bfd-a6f7a0fdb98a	13	63111447	68676863	3410	0.0361
ea7770fb-a049-4652-9bfd-a6f7a0fdb98a	13	68676887	68697269	38	0.2716
ea7770fb-a049-4652-9bfd-a6f7a0fdb98a	13	68697360	114342922	31020	-0.0017
ea7770fb-a049-4652-9bfd-a6f7a0fdb98a	14	18239283	18640726	15	-0.1117
ea7770fb-a049-4652-9bfd-a6f7a0fdb98a	14	18646056	19950798	147	0.5323
ea7770fb-a049-4652-9bfd-a6f7a0fdb98a	14	19951100	21905161	1307	0.0263
ea7770fb-a049-4652-9bfd-a6f7a0fdb98a	14	21906219	22448466	471	0.2067
ea7770fb-a049-4652-9bfd-a6f7a0fdb98a	14	22448641	53861964	19526	0.0174
ea7770fb-a049-4652-9bfd-a6f7a0fdb98a	14	53864643	53864662	2	-1.9886
ea7770fb-a049-4652-9bfd-a6f7a0fdb98a	14	53867486	85985567	20915	0.0018
ea7770fb-a049-4652-9bfd-a6f7a0fdb98a	14	85994282	86022097	38	-0.9563
ea7770fb-a049-4652-9bfd-a6f7a0fdb98a	14	86023867	106068138	12448	-0.0013
ea7770fb-a049-4652-9bfd-a6f7a0fdb98a	14	106068978	106833801	358	0.1209
ea7770fb-a049-4652-9bfd-a6f7a0fdb98a	14	106834164	106877229	22	-0.0982
ea7770fb-a049-4652-9bfd-a6f7a0fdb98a	15	19811075	20190276	56	0.0653
ea7770fb-a049-4652-9bfd-a6f7a0fdb98a	15	20206125	22233262	128	0.4554
ea7770fb-a049-4652-9bfd-a6f7a0fdb98a	15	22236614	23398898	338	0.0274
ea7770fb-a049-4652-9bfd-a6f7a0fdb98a	15	23400217	23425837	10	-1.0009
ea7770fb-a049-4652-9bfd-a6f7a0fdb98a	15	23426699	24226855	586	0.0356
ea7770fb-a049-4652-9bfd-a6f7a0fdb98a	15	24227083	24259010	14	-0.6132
ea7770fb-a049-4652-9bfd-a6f7a0fdb98a	15	24263561	32111272	4727	0.0091
ea7770fb-a049-4652-9bfd-a6f7a0fdb98a	15	32111330	32111336	2	-1.6368
ea7770fb-a049-4652-9bfd-a6f7a0fdb98a	15	32112744	34378923	1547	0.0136
ea7770fb-a049-4652-9bfd-a6f7a0fdb98a	15	34379111	34522341	68	-0.6961
ea7770fb-a049-4652-9bfd-a6f7a0fdb98a	15	34526116	101928837	43917	0.0099
ea7770fb-a049-4652-9bfd-a6f7a0fdb98a	16	10777	32169655	19934	0.0021
ea7770fb-a049-4652-9bfd-a6f7a0fdb98a	16	32197425	33340712	41	-0.5367
ea7770fb-a049-4652-9bfd-a6f7a0fdb98a	16	33640096	55764867	6920	0.0014
ea7770fb-a049-4652-9bfd-a6f7a0fdb98a	16	55770436	55782734	11	-0.8901
ea7770fb-a049-4652-9bfd-a6f7a0fdb98a	16	55782793	90096867	24848	0.0025
ea7770fb-a049-4652-9bfd-a6f7a0fdb98a	17	150733	41266838	20781	0.0043
ea7770fb-a049-4652-9bfd-a6f7a0fdb98a	17	41266851	41274279	19	0.7252
ea7770fb-a049-4652-9bfd-a6f7a0fdb98a	17	41276472	45852330	2327	-0.015
ea7770fb-a049-4652-9bfd-a6f7a0fdb98a	17	45858265	45865685	3	-1.7273
ea7770fb-a049-4652-9bfd-a6f7a0fdb98a	17	45872082	78280402	19505	0.0044
ea7770fb-a049-4652-9bfd-a6f7a0fdb98a	17	78285287	78290662	4	1.2789
ea7770fb-a049-4652-9bfd-a6f7a0fdb98a	17	78291927	83091923	2314	-0.009
ea7770fb-a049-4652-9bfd-a6f7a0fdb98a	18	48133	40680516	22725	0.0067
ea7770fb-a049-4652-9bfd-a6f7a0fdb98a	18	40680526	40685425	14	-0.5638
ea7770fb-a049-4652-9bfd-a6f7a0fdb98a	18	40688060	66243219	17607	-0.0024
ea7770fb-a049-4652-9bfd-a6f7a0fdb98a	18	66243255	66244352	3	-1.3492
ea7770fb-a049-4652-9bfd-a6f7a0fdb98a	18	66244639	71394939	3651	0.0104
ea7770fb-a049-4652-9bfd-a6f7a0fdb98a	18	71395099	73623955	1750	0.0735
ea7770fb-a049-4652-9bfd-a6f7a0fdb98a	18	73624067	80257174	4822	-0.0032
ea7770fb-a049-4652-9bfd-a6f7a0fdb98a	19	90910	6914088	2270	-0.0137
ea7770fb-a049-4652-9bfd-a6f7a0fdb98a	19	6914817	6919613	3	-1.8899
ea7770fb-a049-4652-9bfd-a6f7a0fdb98a	19	6925617	24274155	8846	-0.0037
ea7770fb-a049-4652-9bfd-a6f7a0fdb98a	19	24278016	24282155	10	-0.7674
ea7770fb-a049-4652-9bfd-a6f7a0fdb98a	19	24304880	43209225	9445	0.0087
ea7770fb-a049-4652-9bfd-a6f7a0fdb98a	19	43209582	43252085	16	-2.2601
ea7770fb-a049-4652-9bfd-a6f7a0fdb98a	19	43262507	51639099	4143	-0.0113
ea7770fb-a049-4652-9bfd-a6f7a0fdb98a	19	51639362	51644944	10	-0.7881
ea7770fb-a049-4652-9bfd-a6f7a0fdb98a	19	51651652	55771003	2490	0.008
ea7770fb-a049-4652-9bfd-a6f7a0fdb98a	19	55771169	55771701	3	-2.4763
ea7770fb-a049-4652-9bfd-a6f7a0fdb98a	19	55774927	58586487	1837	-0.0087
ea7770fb-a049-4652-9bfd-a6f7a0fdb98a	20	80664	1580305	1202	0.017
ea7770fb-a049-4652-9bfd-a6f7a0fdb98a	20	1580353	1601446	36	1.4105
ea7770fb-a049-4652-9bfd-a6f7a0fdb98a	20	1601561	54034615	33570	0.0094
ea7770fb-a049-4652-9bfd-a6f7a0fdb98a	20	54035082	54042112	35	-0.475
ea7770fb-a049-4652-9bfd-a6f7a0fdb98a	20	54046035	64324800	7438	-0.0049
ea7770fb-a049-4652-9bfd-a6f7a0fdb98a	21	10354168	36184927	16437	0.015
ea7770fb-a049-4652-9bfd-a6f7a0fdb98a	21	36185309	36185510	3	-2.401
ea7770fb-a049-4652-9bfd-a6f7a0fdb98a	21	36185553	43297318	5629	0.0037
ea7770fb-a049-4652-9bfd-a6f7a0fdb98a	21	43307100	43319375	8	-0.858
ea7770fb-a049-4652-9bfd-a6f7a0fdb98a	21	43319601	46677045	1714	0.0053
ea7770fb-a049-4652-9bfd-a6f7a0fdb98a	22	15294547	50796027	23244	-0.0003
ea7770fb-a049-4652-9bfd-a6f7a0fdb98a	X	251810	155952689	83056	0.004
ea7770fb-a049-4652-9bfd-a6f7a0fdb98a	Y	2782397	56872112	6639	-0.9651
