GDC_Aliquot	Chromosome	Start	End	Num_Probes	Segment_Mean
59b89f59-2fdb-4b79-b9d4-462a7f7a602e	1	62920	850545	40	0.1562
59b89f59-2fdb-4b79-b9d4-462a7f7a602e	1	850609	3093405	614	-0.1282
59b89f59-2fdb-4b79-b9d4-462a7f7a602e	1	3094022	12779433	5832	0.0031
59b89f59-2fdb-4b79-b9d4-462a7f7a602e	1	12792599	13012913	34	-0.6831
59b89f59-2fdb-4b79-b9d4-462a7f7a602e	1	13110913	13445266	27	-0.1441
59b89f59-2fdb-4b79-b9d4-462a7f7a602e	1	13449605	13450361	2	-1.2035
59b89f59-2fdb-4b79-b9d4-462a7f7a602e	1	13460805	15823420	1785	-0.0037
59b89f59-2fdb-4b79-b9d4-462a7f7a602e	1	15827002	15827430	6	-0.9374
59b89f59-2fdb-4b79-b9d4-462a7f7a602e	1	15827706	25256850	5677	-0.0066
59b89f59-2fdb-4b79-b9d4-462a7f7a602e	1	25266637	25320455	24	-2.1144
59b89f59-2fdb-4b79-b9d4-462a7f7a602e	1	25336819	61647430	21444	0.0015
59b89f59-2fdb-4b79-b9d4-462a7f7a602e	1	61648334	61649279	2	-2.2439
59b89f59-2fdb-4b79-b9d4-462a7f7a602e	1	61652515	72284670	7289	-0.0003
59b89f59-2fdb-4b79-b9d4-462a7f7a602e	1	72290430	72297687	9	-1.015
59b89f59-2fdb-4b79-b9d4-462a7f7a602e	1	72302735	103613180	20072	0.0049
59b89f59-2fdb-4b79-b9d4-462a7f7a602e	1	103614539	103760781	13	-0.5983
59b89f59-2fdb-4b79-b9d4-462a7f7a602e	1	103760879	105459522	913	0.0072
59b89f59-2fdb-4b79-b9d4-462a7f7a602e	1	105459540	105479753	20	-0.3758
59b89f59-2fdb-4b79-b9d4-462a7f7a602e	1	105481433	109690352	2636	-0.0075
59b89f59-2fdb-4b79-b9d4-462a7f7a602e	1	109690415	109697556	12	-1.9052
59b89f59-2fdb-4b79-b9d4-462a7f7a602e	1	109702376	152784298	9779	0.0035
59b89f59-2fdb-4b79-b9d4-462a7f7a602e	1	152784330	152796094	39	0.4073
59b89f59-2fdb-4b79-b9d4-462a7f7a602e	1	152796224	174827267	14814	0.0035
59b89f59-2fdb-4b79-b9d4-462a7f7a602e	1	174827418	174832702	16	-0.6454
59b89f59-2fdb-4b79-b9d4-462a7f7a602e	1	174832716	177656281	1848	-0.0165
59b89f59-2fdb-4b79-b9d4-462a7f7a602e	1	177659006	177659376	2	-1.1972
59b89f59-2fdb-4b79-b9d4-462a7f7a602e	1	177659684	194479104	11341	0.0017
59b89f59-2fdb-4b79-b9d4-462a7f7a602e	1	194482281	194485888	2	-2.0316
59b89f59-2fdb-4b79-b9d4-462a7f7a602e	1	194487886	196741937	1448	0.0127
59b89f59-2fdb-4b79-b9d4-462a7f7a602e	1	196742057	196802150	46	0.4132
59b89f59-2fdb-4b79-b9d4-462a7f7a602e	1	196820098	196820704	3	-0.35
59b89f59-2fdb-4b79-b9d4-462a7f7a602e	1	196821139	196932623	77	-0.8046
59b89f59-2fdb-4b79-b9d4-462a7f7a602e	1	196936029	241727227	31073	0.0041
59b89f59-2fdb-4b79-b9d4-462a7f7a602e	1	241727284	241727917	2	-1.1282
59b89f59-2fdb-4b79-b9d4-462a7f7a602e	1	241728068	246677118	3369	0.0131
59b89f59-2fdb-4b79-b9d4-462a7f7a602e	1	246677132	246745094	35	-0.2459
59b89f59-2fdb-4b79-b9d4-462a7f7a602e	1	246747325	248574146	1109	0.0197
59b89f59-2fdb-4b79-b9d4-462a7f7a602e	1	248585893	248661962	37	-0.5745
59b89f59-2fdb-4b79-b9d4-462a7f7a602e	1	248662519	248930189	136	-0.009
59b89f59-2fdb-4b79-b9d4-462a7f7a602e	2	12784	1750975	1133	-0.0061
59b89f59-2fdb-4b79-b9d4-462a7f7a602e	2	1751160	1751351	2	-1.5267
59b89f59-2fdb-4b79-b9d4-462a7f7a602e	2	1751388	7989207	5167	0.0076
59b89f59-2fdb-4b79-b9d4-462a7f7a602e	2	7990754	7996487	8	-0.8731
59b89f59-2fdb-4b79-b9d4-462a7f7a602e	2	7999793	34476327	17780	0.004
59b89f59-2fdb-4b79-b9d4-462a7f7a602e	2	34476516	34511990	44	-2.5219
59b89f59-2fdb-4b79-b9d4-462a7f7a602e	2	34512096	34620885	67	0.0549
59b89f59-2fdb-4b79-b9d4-462a7f7a602e	2	34622464	34622479	2	-1.2364
59b89f59-2fdb-4b79-b9d4-462a7f7a602e	2	34622750	35750907	803	0.0259
59b89f59-2fdb-4b79-b9d4-462a7f7a602e	2	35752724	35762850	6	-2.1447
59b89f59-2fdb-4b79-b9d4-462a7f7a602e	2	35762881	52527330	12130	0.0144
59b89f59-2fdb-4b79-b9d4-462a7f7a602e	2	52527342	52554157	31	-1.0568
59b89f59-2fdb-4b79-b9d4-462a7f7a602e	2	52554188	52554404	8	-0.4156
59b89f59-2fdb-4b79-b9d4-462a7f7a602e	2	52560811	52656885	68	0.0702
59b89f59-2fdb-4b79-b9d4-462a7f7a602e	2	52656971	52658093	2	1.003
59b89f59-2fdb-4b79-b9d4-462a7f7a602e	2	52664275	54200997	1166	0.0174
59b89f59-2fdb-4b79-b9d4-462a7f7a602e	2	54201533	54215037	9	-0.5474
59b89f59-2fdb-4b79-b9d4-462a7f7a602e	2	54218229	55102392	754	0.0069
59b89f59-2fdb-4b79-b9d4-462a7f7a602e	2	55102405	55102565	2	-1.4344
59b89f59-2fdb-4b79-b9d4-462a7f7a602e	2	55102583	97192190	21825	0.0079
59b89f59-2fdb-4b79-b9d4-462a7f7a602e	2	97199600	97211436	14	-0.5914
59b89f59-2fdb-4b79-b9d4-462a7f7a602e	2	97310327	97359885	13	0.1458
59b89f59-2fdb-4b79-b9d4-462a7f7a602e	2	97524284	97545247	8	0.7003
59b89f59-2fdb-4b79-b9d4-462a7f7a602e	2	97545726	111381388	8184	0.0054
59b89f59-2fdb-4b79-b9d4-462a7f7a602e	2	111385836	111395532	5	-0.8737
59b89f59-2fdb-4b79-b9d4-462a7f7a602e	2	111401200	128880504	10787	0.01
59b89f59-2fdb-4b79-b9d4-462a7f7a602e	2	128880904	128882755	16	-0.8798
59b89f59-2fdb-4b79-b9d4-462a7f7a602e	2	128888874	133175612	2261	0.0133
59b89f59-2fdb-4b79-b9d4-462a7f7a602e	2	133175890	133177476	4	0.8161
59b89f59-2fdb-4b79-b9d4-462a7f7a602e	2	133179336	146104517	8151	0.0095
59b89f59-2fdb-4b79-b9d4-462a7f7a602e	2	146106836	146109366	24	-2.3165
59b89f59-2fdb-4b79-b9d4-462a7f7a602e	2	146120238	242147305	59086	0.0053
59b89f59-2fdb-4b79-b9d4-462a7f7a602e	3	20930	182919	154	0.002
59b89f59-2fdb-4b79-b9d4-462a7f7a602e	3	188339	191117	4	-1.2334
59b89f59-2fdb-4b79-b9d4-462a7f7a602e	3	193194	6773980	5816	0.0304
59b89f59-2fdb-4b79-b9d4-462a7f7a602e	3	6775066	36242239	20538	0.0029
59b89f59-2fdb-4b79-b9d4-462a7f7a602e	3	36242465	36243538	3	-1.2527
59b89f59-2fdb-4b79-b9d4-462a7f7a602e	3	36243787	36255333	10	-0.2197
59b89f59-2fdb-4b79-b9d4-462a7f7a602e	3	36255351	37272404	662	0.0052
59b89f59-2fdb-4b79-b9d4-462a7f7a602e	3	37274033	37276803	2	-1.1812
59b89f59-2fdb-4b79-b9d4-462a7f7a602e	3	37280034	37935926	441	0.0085
59b89f59-2fdb-4b79-b9d4-462a7f7a602e	3	37940617	37945392	17	-0.9789
59b89f59-2fdb-4b79-b9d4-462a7f7a602e	3	37945437	68697013	20150	0.0012
59b89f59-2fdb-4b79-b9d4-462a7f7a602e	3	68697108	68698262	14	-1.8999
59b89f59-2fdb-4b79-b9d4-462a7f7a602e	3	68699607	162404983	54693	0.0018
59b89f59-2fdb-4b79-b9d4-462a7f7a602e	3	162405578	162424917	15	-0.9609
59b89f59-2fdb-4b79-b9d4-462a7f7a602e	3	162426460	162499233	60	0.0592
59b89f59-2fdb-4b79-b9d4-462a7f7a602e	3	162500556	162501061	6	0.5997
59b89f59-2fdb-4b79-b9d4-462a7f7a602e	3	162501081	162505687	10	0.1157
59b89f59-2fdb-4b79-b9d4-462a7f7a602e	3	162505987	162548396	45	-0.1553
59b89f59-2fdb-4b79-b9d4-462a7f7a602e	3	162548687	162790404	136	0.037
59b89f59-2fdb-4b79-b9d4-462a7f7a602e	3	162790480	162908815	73	0.5295
59b89f59-2fdb-4b79-b9d4-462a7f7a602e	3	162910826	169012392	3441	-0.0038
59b89f59-2fdb-4b79-b9d4-462a7f7a602e	3	169015614	169020840	2	-2.409
59b89f59-2fdb-4b79-b9d4-462a7f7a602e	3	169022039	178920193	6418	0.0083
59b89f59-2fdb-4b79-b9d4-462a7f7a602e	3	178920642	178928502	3	-1.032
59b89f59-2fdb-4b79-b9d4-462a7f7a602e	3	178932571	193160173	9305	0.002
59b89f59-2fdb-4b79-b9d4-462a7f7a602e	3	193160256	193161217	5	1.1271
59b89f59-2fdb-4b79-b9d4-462a7f7a602e	3	193162684	194830659	1109	-0.0048
59b89f59-2fdb-4b79-b9d4-462a7f7a602e	3	194831045	194831263	3	-1.1552
59b89f59-2fdb-4b79-b9d4-462a7f7a602e	3	194834085	194920587	62	-0.002
59b89f59-2fdb-4b79-b9d4-462a7f7a602e	3	194920617	194921116	4	-1.0299
59b89f59-2fdb-4b79-b9d4-462a7f7a602e	3	194921751	195729177	352	-0.004
59b89f59-2fdb-4b79-b9d4-462a7f7a602e	3	195730018	195737995	8	-0.6342
59b89f59-2fdb-4b79-b9d4-462a7f7a602e	3	195746925	198169247	1168	-0.0307
59b89f59-2fdb-4b79-b9d4-462a7f7a602e	4	68929	582478	217	-0.0188
59b89f59-2fdb-4b79-b9d4-462a7f7a602e	4	583960	1051323	132	-0.148
59b89f59-2fdb-4b79-b9d4-462a7f7a602e	4	1051383	10208766	5358	-0.0083
59b89f59-2fdb-4b79-b9d4-462a7f7a602e	4	10221792	10229874	28	-2.3778
59b89f59-2fdb-4b79-b9d4-462a7f7a602e	4	10232590	30005170	14145	0.0032
59b89f59-2fdb-4b79-b9d4-462a7f7a602e	4	30010330	30011303	2	-1.4996
59b89f59-2fdb-4b79-b9d4-462a7f7a602e	4	30011970	34777432	2833	0.0034
59b89f59-2fdb-4b79-b9d4-462a7f7a602e	4	34784878	34823103	38	-0.9911
59b89f59-2fdb-4b79-b9d4-462a7f7a602e	4	34828250	48202282	8542	0.0069
59b89f59-2fdb-4b79-b9d4-462a7f7a602e	4	48202619	48202631	2	-1.5719
59b89f59-2fdb-4b79-b9d4-462a7f7a602e	4	48203925	49087357	422	0.0091
59b89f59-2fdb-4b79-b9d4-462a7f7a602e	4	49091769	49152752	8	-0.5742
59b89f59-2fdb-4b79-b9d4-462a7f7a602e	4	49159741	49587131	13	0.2463
59b89f59-2fdb-4b79-b9d4-462a7f7a602e	4	49588316	63281375	7270	0.0009
59b89f59-2fdb-4b79-b9d4-462a7f7a602e	4	63285942	63286195	2	-1.2572
59b89f59-2fdb-4b79-b9d4-462a7f7a602e	4	63288849	63828222	308	0.0074
59b89f59-2fdb-4b79-b9d4-462a7f7a602e	4	63831751	63841887	22	-1.4113
59b89f59-2fdb-4b79-b9d4-462a7f7a602e	4	63842036	63842540	6	-3.5867
59b89f59-2fdb-4b79-b9d4-462a7f7a602e	4	63850713	68354665	2851	0.0034
59b89f59-2fdb-4b79-b9d4-462a7f7a602e	4	68361130	68395346	6	0.5545
59b89f59-2fdb-4b79-b9d4-462a7f7a602e	4	68416487	68422424	5	-1.5711
59b89f59-2fdb-4b79-b9d4-462a7f7a602e	4	68429081	68478894	9	-0.0625
59b89f59-2fdb-4b79-b9d4-462a7f7a602e	4	68494770	68655691	71	0.4654
59b89f59-2fdb-4b79-b9d4-462a7f7a602e	4	68663241	69252275	305	0.0152
59b89f59-2fdb-4b79-b9d4-462a7f7a602e	4	69254604	69366304	61	0.4748
59b89f59-2fdb-4b79-b9d4-462a7f7a602e	4	69366406	151260315	49113	0.0022
59b89f59-2fdb-4b79-b9d4-462a7f7a602e	4	151265210	151268380	5	-1.2935
59b89f59-2fdb-4b79-b9d4-462a7f7a602e	4	151271656	172066777	13297	0.0056
59b89f59-2fdb-4b79-b9d4-462a7f7a602e	4	172067997	172068382	12	0.9085
59b89f59-2fdb-4b79-b9d4-462a7f7a602e	4	172074828	190106768	12087	0.0015
59b89f59-2fdb-4b79-b9d4-462a7f7a602e	5	15532	685633	306	-0.0665
59b89f59-2fdb-4b79-b9d4-462a7f7a602e	5	698256	801456	30	0.3326
59b89f59-2fdb-4b79-b9d4-462a7f7a602e	5	801650	12791608	9857	-0.0022
59b89f59-2fdb-4b79-b9d4-462a7f7a602e	5	12800777	12819964	10	-2.0235
59b89f59-2fdb-4b79-b9d4-462a7f7a602e	5	12824299	21376735	5470	0.0042
59b89f59-2fdb-4b79-b9d4-462a7f7a602e	5	21377730	21377744	2	-2.8095
59b89f59-2fdb-4b79-b9d4-462a7f7a602e	5	21385957	21449167	44	0.0206
59b89f59-2fdb-4b79-b9d4-462a7f7a602e	5	21451091	21452329	5	-2.0414
59b89f59-2fdb-4b79-b9d4-462a7f7a602e	5	21452387	46172269	14936	0.0027
59b89f59-2fdb-4b79-b9d4-462a7f7a602e	5	46172275	46209197	10	-0.504
59b89f59-2fdb-4b79-b9d4-462a7f7a602e	5	46209780	46251204	12	-0.0473
59b89f59-2fdb-4b79-b9d4-462a7f7a602e	5	46270906	46273400	8	0.6486
59b89f59-2fdb-4b79-b9d4-462a7f7a602e	5	46278110	58025819	5074	0.0046
59b89f59-2fdb-4b79-b9d4-462a7f7a602e	5	58030200	58037688	31	1.8916
59b89f59-2fdb-4b79-b9d4-462a7f7a602e	5	58037706	69550476	7299	0.005
59b89f59-2fdb-4b79-b9d4-462a7f7a602e	5	69571467	69822308	5	-1.1432
59b89f59-2fdb-4b79-b9d4-462a7f7a602e	5	69937600	76283937	3269	0.0033
59b89f59-2fdb-4b79-b9d4-462a7f7a602e	5	76284127	76284871	3	-1.3022
59b89f59-2fdb-4b79-b9d4-462a7f7a602e	5	76285772	86815939	6381	0.0052
59b89f59-2fdb-4b79-b9d4-462a7f7a602e	5	86819561	86823329	3	-1.266
59b89f59-2fdb-4b79-b9d4-462a7f7a602e	5	86825812	104524672	9883	0.0081
59b89f59-2fdb-4b79-b9d4-462a7f7a602e	5	104524780	104524903	3	-1.2556
59b89f59-2fdb-4b79-b9d4-462a7f7a602e	5	104525348	140838209	23217	0.003
59b89f59-2fdb-4b79-b9d4-462a7f7a602e	5	140838745	140864171	15	-0.7606
59b89f59-2fdb-4b79-b9d4-462a7f7a602e	5	140872578	175966609	24298	0.0019
59b89f59-2fdb-4b79-b9d4-462a7f7a602e	5	175966747	176131994	21	-0.3154
59b89f59-2fdb-4b79-b9d4-462a7f7a602e	5	176136487	177800550	715	0.0061
59b89f59-2fdb-4b79-b9d4-462a7f7a602e	5	177801578	177805604	2	-1.2318
59b89f59-2fdb-4b79-b9d4-462a7f7a602e	5	177827964	178680689	446	-0.0048
59b89f59-2fdb-4b79-b9d4-462a7f7a602e	5	178680821	178686162	4	-0.7536
59b89f59-2fdb-4b79-b9d4-462a7f7a602e	5	178691854	179678022	625	-0.0056
59b89f59-2fdb-4b79-b9d4-462a7f7a602e	5	179678136	179678327	4	-0.9331
59b89f59-2fdb-4b79-b9d4-462a7f7a602e	5	179681196	180951888	718	-0.0224
59b89f59-2fdb-4b79-b9d4-462a7f7a602e	5	180953203	180987465	12	-0.9164
59b89f59-2fdb-4b79-b9d4-462a7f7a602e	5	180990207	181363319	175	-0.0428
59b89f59-2fdb-4b79-b9d4-462a7f7a602e	6	149661	254283	101	0.0078
59b89f59-2fdb-4b79-b9d4-462a7f7a602e	6	257353	303017	25	-0.8161
59b89f59-2fdb-4b79-b9d4-462a7f7a602e	6	303121	26743855	20115	0.0003
59b89f59-2fdb-4b79-b9d4-462a7f7a602e	6	26747492	26759781	5	-0.9419
59b89f59-2fdb-4b79-b9d4-462a7f7a602e	6	26831719	28043874	584	-0.0176
59b89f59-2fdb-4b79-b9d4-462a7f7a602e	6	28051166	28053855	3	-1.2403
59b89f59-2fdb-4b79-b9d4-462a7f7a602e	6	28055973	29866672	817	-0.0019
59b89f59-2fdb-4b79-b9d4-462a7f7a602e	6	29866695	29869747	17	-0.5399
59b89f59-2fdb-4b79-b9d4-462a7f7a602e	6	29873174	29882497	12	0.0758
59b89f59-2fdb-4b79-b9d4-462a7f7a602e	6	29882589	29931120	13	-1.2222
59b89f59-2fdb-4b79-b9d4-462a7f7a602e	6	29931900	29950810	20	-0.0163
59b89f59-2fdb-4b79-b9d4-462a7f7a602e	6	29953297	29953350	2	-1.3336
59b89f59-2fdb-4b79-b9d4-462a7f7a602e	6	29953446	30317344	169	0.0389
59b89f59-2fdb-4b79-b9d4-462a7f7a602e	6	30317628	30331468	3	0.99
59b89f59-2fdb-4b79-b9d4-462a7f7a602e	6	30333823	31313046	455	0.0224
59b89f59-2fdb-4b79-b9d4-462a7f7a602e	6	31318499	31327629	7	-1.8698
59b89f59-2fdb-4b79-b9d4-462a7f7a602e	6	31328176	32486746	507	0.0068
59b89f59-2fdb-4b79-b9d4-462a7f7a602e	6	32488906	32605994	29	1.1418
59b89f59-2fdb-4b79-b9d4-462a7f7a602e	6	32606237	32722250	75	0.0168
59b89f59-2fdb-4b79-b9d4-462a7f7a602e	6	32723020	32723053	3	-1.4805
59b89f59-2fdb-4b79-b9d4-462a7f7a602e	6	32732907	40396586	4908	0.0034
59b89f59-2fdb-4b79-b9d4-462a7f7a602e	6	40397862	40400783	5	-0.9152
59b89f59-2fdb-4b79-b9d4-462a7f7a602e	6	40401554	54066353	8738	0.0031
59b89f59-2fdb-4b79-b9d4-462a7f7a602e	6	54066432	54067057	6	-2.0294
59b89f59-2fdb-4b79-b9d4-462a7f7a602e	6	54070550	73882142	10390	0.0041
59b89f59-2fdb-4b79-b9d4-462a7f7a602e	6	73882509	73891694	10	0.5509
59b89f59-2fdb-4b79-b9d4-462a7f7a602e	6	73893839	76305231	1472	-0.0007
59b89f59-2fdb-4b79-b9d4-462a7f7a602e	6	76307183	76307209	3	-1.4699
59b89f59-2fdb-4b79-b9d4-462a7f7a602e	6	76307276	78252864	1290	0.007
59b89f59-2fdb-4b79-b9d4-462a7f7a602e	6	78252909	78325468	114	0.3056
59b89f59-2fdb-4b79-b9d4-462a7f7a602e	6	78329517	103286954	15477	0.0061
59b89f59-2fdb-4b79-b9d4-462a7f7a602e	6	103290101	103314186	46	0.6699
59b89f59-2fdb-4b79-b9d4-462a7f7a602e	6	103317795	170741917	44188	0.0037
59b89f59-2fdb-4b79-b9d4-462a7f7a602e	7	43355	38226749	27354	0.0009
59b89f59-2fdb-4b79-b9d4-462a7f7a602e	7	38228153	38365370	147	0.1678
59b89f59-2fdb-4b79-b9d4-462a7f7a602e	7	38365496	43588569	3544	0
59b89f59-2fdb-4b79-b9d4-462a7f7a602e	7	43590884	43591769	2	-2.6823
59b89f59-2fdb-4b79-b9d4-462a7f7a602e	7	43596587	53136307	6569	-0.0025
59b89f59-2fdb-4b79-b9d4-462a7f7a602e	7	53136518	53136960	4	-0.9264
59b89f59-2fdb-4b79-b9d4-462a7f7a602e	7	53137348	53151219	23	-0.0896
59b89f59-2fdb-4b79-b9d4-462a7f7a602e	7	53154695	53156532	3	-1.5711
59b89f59-2fdb-4b79-b9d4-462a7f7a602e	7	53156879	65502854	4043	-0.0151
59b89f59-2fdb-4b79-b9d4-462a7f7a602e	7	65539561	65561579	4	-0.9407
59b89f59-2fdb-4b79-b9d4-462a7f7a602e	7	65586825	67225584	552	-0.0333
59b89f59-2fdb-4b79-b9d4-462a7f7a602e	7	67230121	67236062	5	-0.8137
59b89f59-2fdb-4b79-b9d4-462a7f7a602e	7	67236542	88750169	12285	-0.0034
59b89f59-2fdb-4b79-b9d4-462a7f7a602e	7	88750192	88750321	2	-1.2192
59b89f59-2fdb-4b79-b9d4-462a7f7a602e	7	88750471	109793741	12405	0.0035
59b89f59-2fdb-4b79-b9d4-462a7f7a602e	7	109797035	109813853	35	-0.2558
59b89f59-2fdb-4b79-b9d4-462a7f7a602e	7	109813925	126404920	10032	0.0021
59b89f59-2fdb-4b79-b9d4-462a7f7a602e	7	126405428	126406827	18	0.6057
59b89f59-2fdb-4b79-b9d4-462a7f7a602e	7	126412712	126895709	321	-0.0205
59b89f59-2fdb-4b79-b9d4-462a7f7a602e	7	126895759	126898912	2	-1.1604
59b89f59-2fdb-4b79-b9d4-462a7f7a602e	7	126899593	134100587	4374	0.0005
59b89f59-2fdb-4b79-b9d4-462a7f7a602e	7	134100624	134102334	11	-0.4707
59b89f59-2fdb-4b79-b9d4-462a7f7a602e	7	134104128	134104753	4	0.0756
59b89f59-2fdb-4b79-b9d4-462a7f7a602e	7	134105212	134110881	6	-0.953
59b89f59-2fdb-4b79-b9d4-462a7f7a602e	7	134110912	135811922	1219	-0.004
59b89f59-2fdb-4b79-b9d4-462a7f7a602e	7	135812476	135812653	3	1.1652
59b89f59-2fdb-4b79-b9d4-462a7f7a602e	7	135812802	142345098	4204	0.0003
59b89f59-2fdb-4b79-b9d4-462a7f7a602e	7	142347278	142356375	8	0.5041
59b89f59-2fdb-4b79-b9d4-462a7f7a602e	7	142356827	142489750	115	0.0221
59b89f59-2fdb-4b79-b9d4-462a7f7a602e	7	142490440	142756725	112	0.1961
59b89f59-2fdb-4b79-b9d4-462a7f7a602e	7	142757448	144012606	634	-0.005
59b89f59-2fdb-4b79-b9d4-462a7f7a602e	7	144013003	144015912	12	0.4743
59b89f59-2fdb-4b79-b9d4-462a7f7a602e	7	144017197	153601102	5842	-0.0072
59b89f59-2fdb-4b79-b9d4-462a7f7a602e	7	153602936	153614999	15	-0.4269
59b89f59-2fdb-4b79-b9d4-462a7f7a602e	7	153615100	154598185	702	-0.0032
59b89f59-2fdb-4b79-b9d4-462a7f7a602e	7	154601461	154607903	4	-3.0468
59b89f59-2fdb-4b79-b9d4-462a7f7a602e	7	154609120	159334314	3235	-0.0149
59b89f59-2fdb-4b79-b9d4-462a7f7a602e	8	81254	644973	324	-0.0266
59b89f59-2fdb-4b79-b9d4-462a7f7a602e	8	645220	645875	6	-0.9506
59b89f59-2fdb-4b79-b9d4-462a7f7a602e	8	645892	645908	2	-3.3245
59b89f59-2fdb-4b79-b9d4-462a7f7a602e	8	656117	2844412	1707	-0.0114
59b89f59-2fdb-4b79-b9d4-462a7f7a602e	8	2846011	2846377	7	-0.9691
59b89f59-2fdb-4b79-b9d4-462a7f7a602e	8	2849649	7598502	5725	0.0101
59b89f59-2fdb-4b79-b9d4-462a7f7a602e	8	7775900	7890177	9	-0.8951
59b89f59-2fdb-4b79-b9d4-462a7f7a602e	8	7919608	9644369	1357	-0.0079
59b89f59-2fdb-4b79-b9d4-462a7f7a602e	8	9644390	9644751	7	-1.0092
59b89f59-2fdb-4b79-b9d4-462a7f7a602e	8	9644826	12092042	1877	0.0003
59b89f59-2fdb-4b79-b9d4-462a7f7a602e	8	12130217	12143614	6	-2.2105
59b89f59-2fdb-4b79-b9d4-462a7f7a602e	8	12176798	12389977	31	0.5329
59b89f59-2fdb-4b79-b9d4-462a7f7a602e	8	12418301	14652059	1967	0.0015
59b89f59-2fdb-4b79-b9d4-462a7f7a602e	8	14652523	14652565	3	-0.9507
59b89f59-2fdb-4b79-b9d4-462a7f7a602e	8	14652887	25117985	8459	-0.0018
59b89f59-2fdb-4b79-b9d4-462a7f7a602e	8	25118055	25122472	16	-1.2111
59b89f59-2fdb-4b79-b9d4-462a7f7a602e	8	25126554	25133612	8	-0.431
59b89f59-2fdb-4b79-b9d4-462a7f7a602e	8	25133720	26709218	1199	0.0058
59b89f59-2fdb-4b79-b9d4-462a7f7a602e	8	26710407	26710470	3	-1.057
59b89f59-2fdb-4b79-b9d4-462a7f7a602e	8	26710593	27021561	275	-0.0115
59b89f59-2fdb-4b79-b9d4-462a7f7a602e	8	27022006	27023165	6	-0.8171
59b89f59-2fdb-4b79-b9d4-462a7f7a602e	8	27029290	27184643	123	0.0172
59b89f59-2fdb-4b79-b9d4-462a7f7a602e	8	27188793	27188884	2	-1.9188
59b89f59-2fdb-4b79-b9d4-462a7f7a602e	8	27196125	39373140	7409	0.0031
59b89f59-2fdb-4b79-b9d4-462a7f7a602e	8	39378084	39527450	57	-0.6278
59b89f59-2fdb-4b79-b9d4-462a7f7a602e	8	39527675	40326278	591	0.0053
59b89f59-2fdb-4b79-b9d4-462a7f7a602e	8	40326280	40331992	33	-1.0002
59b89f59-2fdb-4b79-b9d4-462a7f7a602e	8	40335391	40611724	235	-0.0143
59b89f59-2fdb-4b79-b9d4-462a7f7a602e	8	40611974	40612594	2	-1.059
59b89f59-2fdb-4b79-b9d4-462a7f7a602e	8	40617473	43555353	1660	0.0044
59b89f59-2fdb-4b79-b9d4-462a7f7a602e	8	43558812	46225073	138	-0.0968
59b89f59-2fdb-4b79-b9d4-462a7f7a602e	8	46226889	46272598	15	-0.4756
59b89f59-2fdb-4b79-b9d4-462a7f7a602e	8	46277524	50118186	1909	0.0012
59b89f59-2fdb-4b79-b9d4-462a7f7a602e	8	50118212	50120863	10	0.5035
59b89f59-2fdb-4b79-b9d4-462a7f7a602e	8	50126018	66124338	10200	0.0009
59b89f59-2fdb-4b79-b9d4-462a7f7a602e	8	66124875	66125229	2	-1.5669
59b89f59-2fdb-4b79-b9d4-462a7f7a602e	8	66127154	140952543	48310	0.0029
59b89f59-2fdb-4b79-b9d4-462a7f7a602e	8	140956612	145072769	1841	-0.0591
59b89f59-2fdb-4b79-b9d4-462a7f7a602e	9	46587	40887290	31206	0.0115
59b89f59-2fdb-4b79-b9d4-462a7f7a602e	9	40922005	41666811	80	-0.5598
59b89f59-2fdb-4b79-b9d4-462a7f7a602e	9	41703463	60889708	88	0.0572
59b89f59-2fdb-4b79-b9d4-462a7f7a602e	9	60893611	61647899	40	0.4272
59b89f59-2fdb-4b79-b9d4-462a7f7a602e	9	61665362	64917775	125	-0.0272
59b89f59-2fdb-4b79-b9d4-462a7f7a602e	9	64929736	64965589	4	-1.2343
59b89f59-2fdb-4b79-b9d4-462a7f7a602e	9	65947360	87907679	14252	0.0048
59b89f59-2fdb-4b79-b9d4-462a7f7a602e	9	87939236	87939304	2	-1.9814
59b89f59-2fdb-4b79-b9d4-462a7f7a602e	9	87943042	113104666	17750	0.0067
59b89f59-2fdb-4b79-b9d4-462a7f7a602e	9	113105143	113105244	2	-1.1292
59b89f59-2fdb-4b79-b9d4-462a7f7a602e	9	113119320	126851417	9871	0.0038
59b89f59-2fdb-4b79-b9d4-462a7f7a602e	9	126854027	126906452	29	-0.3776
59b89f59-2fdb-4b79-b9d4-462a7f7a602e	9	126907071	138200944	6067	-0.0107
59b89f59-2fdb-4b79-b9d4-462a7f7a602e	10	45792	4248622	3576	-0.0065
59b89f59-2fdb-4b79-b9d4-462a7f7a602e	10	4248646	4248732	2	-1.3212
59b89f59-2fdb-4b79-b9d4-462a7f7a602e	10	4248824	13007585	7334	-0.0018
59b89f59-2fdb-4b79-b9d4-462a7f7a602e	10	13007600	13008170	8	-0.9395
59b89f59-2fdb-4b79-b9d4-462a7f7a602e	10	13008428	26934974	10275	-0.0038
59b89f59-2fdb-4b79-b9d4-462a7f7a602e	10	26936975	26939544	13	0.5899
59b89f59-2fdb-4b79-b9d4-462a7f7a602e	10	26941064	46154876	10297	-0.0057
59b89f59-2fdb-4b79-b9d4-462a7f7a602e	10	46169953	46632302	219	0.4416
59b89f59-2fdb-4b79-b9d4-462a7f7a602e	10	46657149	47559596	300	0.012
59b89f59-2fdb-4b79-b9d4-462a7f7a602e	10	47622159	47680348	4	0.9143
59b89f59-2fdb-4b79-b9d4-462a7f7a602e	10	47684886	50329591	1466	0.006
59b89f59-2fdb-4b79-b9d4-462a7f7a602e	10	50329808	50516325	154	0.1558
59b89f59-2fdb-4b79-b9d4-462a7f7a602e	10	50517205	65546518	10779	-0.0006
59b89f59-2fdb-4b79-b9d4-462a7f7a602e	10	65548165	65554688	28	-0.6139
59b89f59-2fdb-4b79-b9d4-462a7f7a602e	10	65563037	122574497	38325	-0.0049
59b89f59-2fdb-4b79-b9d4-462a7f7a602e	10	122584593	122591497	6	-1.5101
59b89f59-2fdb-4b79-b9d4-462a7f7a602e	10	122597296	130472507	5904	-0.0029
59b89f59-2fdb-4b79-b9d4-462a7f7a602e	10	130472578	130472631	2	1.1557
59b89f59-2fdb-4b79-b9d4-462a7f7a602e	10	130472877	133654968	1996	-0.0075
59b89f59-2fdb-4b79-b9d4-462a7f7a602e	11	198510	436461	95	-0.0807
59b89f59-2fdb-4b79-b9d4-462a7f7a602e	11	437668	440241	2	-1.4243
59b89f59-2fdb-4b79-b9d4-462a7f7a602e	11	440343	4942873	2312	-0.0054
59b89f59-2fdb-4b79-b9d4-462a7f7a602e	11	4942963	4973096	47	0.2473
59b89f59-2fdb-4b79-b9d4-462a7f7a602e	11	4973456	5040311	66	0.045
59b89f59-2fdb-4b79-b9d4-462a7f7a602e	11	5040676	5041606	2	-2.6739
59b89f59-2fdb-4b79-b9d4-462a7f7a602e	11	5041712	5768511	713	0.0094
59b89f59-2fdb-4b79-b9d4-462a7f7a602e	11	5768639	5791130	30	-0.586
59b89f59-2fdb-4b79-b9d4-462a7f7a602e	11	5794956	18919323	9408	0.0011
59b89f59-2fdb-4b79-b9d4-462a7f7a602e	11	18927525	18940191	41	-0.3129
59b89f59-2fdb-4b79-b9d4-462a7f7a602e	11	18940271	31371747	9089	0.0008
59b89f59-2fdb-4b79-b9d4-462a7f7a602e	11	31372721	31375533	2	-3.2532
59b89f59-2fdb-4b79-b9d4-462a7f7a602e	11	31376660	55595864	12681	0.0029
59b89f59-2fdb-4b79-b9d4-462a7f7a602e	11	55606556	55674842	48	-0.6377
59b89f59-2fdb-4b79-b9d4-462a7f7a602e	11	55676735	55677818	4	0.2762
59b89f59-2fdb-4b79-b9d4-462a7f7a602e	11	55678469	55686100	8	-0.6855
59b89f59-2fdb-4b79-b9d4-462a7f7a602e	11	55693207	59243694	2177	0.0064
59b89f59-2fdb-4b79-b9d4-462a7f7a602e	11	59247185	59247496	4	-0.8846
59b89f59-2fdb-4b79-b9d4-462a7f7a602e	11	59252488	65186582	3058	-0.0016
59b89f59-2fdb-4b79-b9d4-462a7f7a602e	11	65194530	65894607	286	-0.1239
59b89f59-2fdb-4b79-b9d4-462a7f7a602e	11	65902628	99968957	21583	0.0035
59b89f59-2fdb-4b79-b9d4-462a7f7a602e	11	99972614	99972870	3	-1.8699
59b89f59-2fdb-4b79-b9d4-462a7f7a602e	11	99974970	111629965	8019	0.0046
59b89f59-2fdb-4b79-b9d4-462a7f7a602e	11	111631755	111631848	2	-1.4686
59b89f59-2fdb-4b79-b9d4-462a7f7a602e	11	111633160	134739499	16884	0.002
59b89f59-2fdb-4b79-b9d4-462a7f7a602e	11	134739663	134740846	4	0.8439
59b89f59-2fdb-4b79-b9d4-462a7f7a602e	11	134744086	135074876	274	-0.0038
59b89f59-2fdb-4b79-b9d4-462a7f7a602e	12	51460	9481274	6177	-0.0058
59b89f59-2fdb-4b79-b9d4-462a7f7a602e	12	9485313	9575696	23	-1.8418
59b89f59-2fdb-4b79-b9d4-462a7f7a602e	12	9582373	11358644	1180	-0.0024
59b89f59-2fdb-4b79-b9d4-462a7f7a602e	12	11359558	11390472	27	-0.6167
59b89f59-2fdb-4b79-b9d4-462a7f7a602e	12	11399258	33227031	15448	0.0047
59b89f59-2fdb-4b79-b9d4-462a7f7a602e	12	33232895	33242483	7	0.6855
59b89f59-2fdb-4b79-b9d4-462a7f7a602e	12	33246118	70478078	20713	0.0004
59b89f59-2fdb-4b79-b9d4-462a7f7a602e	12	70478895	70484247	9	-0.5975
59b89f59-2fdb-4b79-b9d4-462a7f7a602e	12	70485605	90089573	12062	-0.0014
59b89f59-2fdb-4b79-b9d4-462a7f7a602e	12	90097892	90098297	7	-1.1489
59b89f59-2fdb-4b79-b9d4-462a7f7a602e	12	90099780	99398036	6454	0.0051
59b89f59-2fdb-4b79-b9d4-462a7f7a602e	12	99401515	99409315	32	-0.5853
59b89f59-2fdb-4b79-b9d4-462a7f7a602e	12	99409340	100893414	848	-0.0092
59b89f59-2fdb-4b79-b9d4-462a7f7a602e	12	100893480	100894538	4	-0.9608
59b89f59-2fdb-4b79-b9d4-462a7f7a602e	12	100897712	116726871	10792	-0.0023
59b89f59-2fdb-4b79-b9d4-462a7f7a602e	12	116726942	116729180	4	-1.0652
59b89f59-2fdb-4b79-b9d4-462a7f7a602e	12	116733184	131613508	10476	0.0027
59b89f59-2fdb-4b79-b9d4-462a7f7a602e	12	131614448	131648790	30	-0.4537
59b89f59-2fdb-4b79-b9d4-462a7f7a602e	12	131657925	133201603	559	-0.0421
59b89f59-2fdb-4b79-b9d4-462a7f7a602e	13	18452809	37496998	13491	0.0014
59b89f59-2fdb-4b79-b9d4-462a7f7a602e	13	37497899	37510620	16	-0.6961
59b89f59-2fdb-4b79-b9d4-462a7f7a602e	13	37514193	63681260	16383	0.0056
59b89f59-2fdb-4b79-b9d4-462a7f7a602e	13	63688075	63793869	64	-0.9603
59b89f59-2fdb-4b79-b9d4-462a7f7a602e	13	63796674	71902850	5106	0.0111
59b89f59-2fdb-4b79-b9d4-462a7f7a602e	13	71903417	71906467	5	0.8489
59b89f59-2fdb-4b79-b9d4-462a7f7a602e	13	71912345	100033332	18464	0.0054
59b89f59-2fdb-4b79-b9d4-462a7f7a602e	13	100038867	100093289	19	-0.3369
59b89f59-2fdb-4b79-b9d4-462a7f7a602e	13	100094577	105139712	4047	0.0069
59b89f59-2fdb-4b79-b9d4-462a7f7a602e	13	105139969	105641273	401	0.0884
59b89f59-2fdb-4b79-b9d4-462a7f7a602e	13	105641988	112977466	5591	0.0046
59b89f59-2fdb-4b79-b9d4-462a7f7a602e	13	112978130	113020476	14	-0.3885
59b89f59-2fdb-4b79-b9d4-462a7f7a602e	13	113020836	114342922	568	-0.0138
59b89f59-2fdb-4b79-b9d4-462a7f7a602e	14	18239283	18557235	9	-0.1125
59b89f59-2fdb-4b79-b9d4-462a7f7a602e	14	18559274	19958583	165	0.2841
59b89f59-2fdb-4b79-b9d4-462a7f7a602e	14	19959343	21926517	1350	0.0033
59b89f59-2fdb-4b79-b9d4-462a7f7a602e	14	21926555	22501487	490	0.1621
59b89f59-2fdb-4b79-b9d4-462a7f7a602e	14	22501521	22625942	114	0.0053
59b89f59-2fdb-4b79-b9d4-462a7f7a602e	14	22626099	22630304	6	-0.959
59b89f59-2fdb-4b79-b9d4-462a7f7a602e	14	22630485	69551330	29477	0.0023
59b89f59-2fdb-4b79-b9d4-462a7f7a602e	14	69551651	69561830	12	-0.8493
59b89f59-2fdb-4b79-b9d4-462a7f7a602e	14	69566109	106416146	23551	0.003
59b89f59-2fdb-4b79-b9d4-462a7f7a602e	14	106418444	106475361	51	-0.6752
59b89f59-2fdb-4b79-b9d4-462a7f7a602e	14	106487515	106877229	193	-0.0592
59b89f59-2fdb-4b79-b9d4-462a7f7a602e	15	19811075	53908153	19433	0.0009
59b89f59-2fdb-4b79-b9d4-462a7f7a602e	15	53909163	53910302	2	-2.4159
59b89f59-2fdb-4b79-b9d4-462a7f7a602e	15	53912031	76599170	14492	0.0016
59b89f59-2fdb-4b79-b9d4-462a7f7a602e	15	76599286	76609838	21	-0.7647
59b89f59-2fdb-4b79-b9d4-462a7f7a602e	15	76609853	101928837	17615	-0.0019
59b89f59-2fdb-4b79-b9d4-462a7f7a602e	16	10777	12016	3	0.5206
59b89f59-2fdb-4b79-b9d4-462a7f7a602e	16	35827	1505082	477	-0.1258
59b89f59-2fdb-4b79-b9d4-462a7f7a602e	16	1509837	12555002	8939	-0.0016
59b89f59-2fdb-4b79-b9d4-462a7f7a602e	16	12555121	12555138	2	-1.9507
59b89f59-2fdb-4b79-b9d4-462a7f7a602e	16	12556390	29741928	9743	-0.0004
59b89f59-2fdb-4b79-b9d4-462a7f7a602e	16	29764626	30333650	154	-0.1288
59b89f59-2fdb-4b79-b9d4-462a7f7a602e	16	30337374	35761341	1094	-0.0022
59b89f59-2fdb-4b79-b9d4-462a7f7a602e	16	35780702	35792905	5	-0.6802
59b89f59-2fdb-4b79-b9d4-462a7f7a602e	16	35795587	55782734	6545	-0.0005
59b89f59-2fdb-4b79-b9d4-462a7f7a602e	16	55782793	55788532	4	-1.0699
59b89f59-2fdb-4b79-b9d4-462a7f7a602e	16	55808442	78337711	14281	-0.004
59b89f59-2fdb-4b79-b9d4-462a7f7a602e	16	78338543	78350841	16	-2.4228
59b89f59-2fdb-4b79-b9d4-462a7f7a602e	16	78350868	88394774	9906	-0.0061
59b89f59-2fdb-4b79-b9d4-462a7f7a602e	16	88398893	90023055	657	-0.1138
59b89f59-2fdb-4b79-b9d4-462a7f7a602e	16	90028491	90096867	60	0.0191
59b89f59-2fdb-4b79-b9d4-462a7f7a602e	17	150733	803934	355	-0.0389
59b89f59-2fdb-4b79-b9d4-462a7f7a602e	17	810446	810932	2	-1.4592
59b89f59-2fdb-4b79-b9d4-462a7f7a602e	17	813219	15609752	9652	-0.0014
59b89f59-2fdb-4b79-b9d4-462a7f7a602e	17	15623842	15643476	4	-0.931
59b89f59-2fdb-4b79-b9d4-462a7f7a602e	17	15650964	16510295	361	0.0087
59b89f59-2fdb-4b79-b9d4-462a7f7a602e	17	16510898	16511473	4	-1.0962
59b89f59-2fdb-4b79-b9d4-462a7f7a602e	17	16511542	16759600	100	-0.0058
59b89f59-2fdb-4b79-b9d4-462a7f7a602e	17	16759737	16834846	9	0.5904
59b89f59-2fdb-4b79-b9d4-462a7f7a602e	17	16838201	18452078	909	-0.0179
59b89f59-2fdb-4b79-b9d4-462a7f7a602e	17	18455632	18478497	12	-2.5007
59b89f59-2fdb-4b79-b9d4-462a7f7a602e	17	18483309	18561907	14	-1.2902
59b89f59-2fdb-4b79-b9d4-462a7f7a602e	17	18565883	36120012	6846	0.0019
59b89f59-2fdb-4b79-b9d4-462a7f7a602e	17	36121793	36208249	29	-0.3891
59b89f59-2fdb-4b79-b9d4-462a7f7a602e	17	36460442	41265456	2521	-0.01
59b89f59-2fdb-4b79-b9d4-462a7f7a602e	17	41266762	41274198	23	-1.0988
59b89f59-2fdb-4b79-b9d4-462a7f7a602e	17	41274279	46085732	2501	-0.0177
59b89f59-2fdb-4b79-b9d4-462a7f7a602e	17	46088437	46286804	124	0.4513
59b89f59-2fdb-4b79-b9d4-462a7f7a602e	17	46323701	46571001	6	-0.8377
59b89f59-2fdb-4b79-b9d4-462a7f7a602e	17	46664059	57610128	7005	0.0063
59b89f59-2fdb-4b79-b9d4-462a7f7a602e	17	57610972	57611632	2	1.252
59b89f59-2fdb-4b79-b9d4-462a7f7a602e	17	57614632	76786609	11351	-0.0029
59b89f59-2fdb-4b79-b9d4-462a7f7a602e	17	76789516	76792055	2	-1.3005
59b89f59-2fdb-4b79-b9d4-462a7f7a602e	17	76792592	77337490	332	-0.0239
59b89f59-2fdb-4b79-b9d4-462a7f7a602e	17	77342328	77371245	30	-0.3877
59b89f59-2fdb-4b79-b9d4-462a7f7a602e	17	77371402	83091923	2853	-0.0201
59b89f59-2fdb-4b79-b9d4-462a7f7a602e	18	48133	28613464	15071	0.0028
59b89f59-2fdb-4b79-b9d4-462a7f7a602e	18	28613572	28616166	5	-1.1875
59b89f59-2fdb-4b79-b9d4-462a7f7a602e	18	28616668	58263318	19645	0.0054
59b89f59-2fdb-4b79-b9d4-462a7f7a602e	18	58263630	58268730	23	-0.8525
59b89f59-2fdb-4b79-b9d4-462a7f7a602e	18	58271707	73402935	10988	0.013
59b89f59-2fdb-4b79-b9d4-462a7f7a602e	18	73403621	73403961	3	-1.1664
59b89f59-2fdb-4b79-b9d4-462a7f7a602e	18	73404078	75660236	1801	0.0182
59b89f59-2fdb-4b79-b9d4-462a7f7a602e	18	75660478	75663717	5	-0.7732
59b89f59-2fdb-4b79-b9d4-462a7f7a602e	18	75665864	79372793	2793	0.0058
59b89f59-2fdb-4b79-b9d4-462a7f7a602e	18	79373147	79940070	234	-0.1057
59b89f59-2fdb-4b79-b9d4-462a7f7a602e	18	79940699	80257174	182	-0.0044
59b89f59-2fdb-4b79-b9d4-462a7f7a602e	19	90910	5510228	1594	-0.0288
59b89f59-2fdb-4b79-b9d4-462a7f7a602e	19	5510569	5510642	2	-1.7062
59b89f59-2fdb-4b79-b9d4-462a7f7a602e	19	5510689	35358420	15116	-0.0061
59b89f59-2fdb-4b79-b9d4-462a7f7a602e	19	35364451	35370946	21	-2.0735
59b89f59-2fdb-4b79-b9d4-462a7f7a602e	19	35375842	36336781	438	-0.0095
59b89f59-2fdb-4b79-b9d4-462a7f7a602e	19	36339409	36356735	13	-0.5325
59b89f59-2fdb-4b79-b9d4-462a7f7a602e	19	36356789	51628560	7585	-0.0098
59b89f59-2fdb-4b79-b9d4-462a7f7a602e	19	51639099	51644944	11	-0.9357
59b89f59-2fdb-4b79-b9d4-462a7f7a602e	19	51651652	53522664	1327	-0.006
59b89f59-2fdb-4b79-b9d4-462a7f7a602e	19	53527275	53849342	223	-0.1322
59b89f59-2fdb-4b79-b9d4-462a7f7a602e	19	53853169	58586487	2785	-0.0108
59b89f59-2fdb-4b79-b9d4-462a7f7a602e	20	80664	1580305	1203	-0.0154
59b89f59-2fdb-4b79-b9d4-462a7f7a602e	20	1580353	1590732	19	-0.3655
59b89f59-2fdb-4b79-b9d4-462a7f7a602e	20	1590770	64324800	41165	0.0019
59b89f59-2fdb-4b79-b9d4-462a7f7a602e	21	10354168	46677045	23869	0.0003
59b89f59-2fdb-4b79-b9d4-462a7f7a602e	22	15294547	18142004	1110	0.0043
59b89f59-2fdb-4b79-b9d4-462a7f7a602e	22	18143362	18147293	9	-1.4168
59b89f59-2fdb-4b79-b9d4-462a7f7a602e	22	18148598	19597165	452	-0.0294
59b89f59-2fdb-4b79-b9d4-462a7f7a602e	22	19597539	21741482	1232	-0.0729
59b89f59-2fdb-4b79-b9d4-462a7f7a602e	22	21742513	31474414	7027	-0.0025
59b89f59-2fdb-4b79-b9d4-462a7f7a602e	22	31474658	31474665	2	-2.1235
59b89f59-2fdb-4b79-b9d4-462a7f7a602e	22	31477142	38899250	5366	-0.0041
59b89f59-2fdb-4b79-b9d4-462a7f7a602e	22	38900535	38900899	2	-4.3721
59b89f59-2fdb-4b79-b9d4-462a7f7a602e	22	38903109	49482374	7440	-0.0009
59b89f59-2fdb-4b79-b9d4-462a7f7a602e	22	49482990	50796027	641	-0.0947
59b89f59-2fdb-4b79-b9d4-462a7f7a602e	X	251810	139037054	72750	-0.0001
59b89f59-2fdb-4b79-b9d4-462a7f7a602e	X	139037712	139038305	2	-2.9435
59b89f59-2fdb-4b79-b9d4-462a7f7a602e	X	139038540	155952689	10265	-0.0014
59b89f59-2fdb-4b79-b9d4-462a7f7a602e	Y	2782397	9759940	2307	-0.6677
59b89f59-2fdb-4b79-b9d4-462a7f7a602e	Y	9810941	9811130	2	1.4282
59b89f59-2fdb-4b79-b9d4-462a7f7a602e	Y	9870332	23818399	4137	-0.6494
59b89f59-2fdb-4b79-b9d4-462a7f7a602e	Y	23977245	24452555	3	0.9938
59b89f59-2fdb-4b79-b9d4-462a7f7a602e	Y	24467119	56872112	185	-0.6638
