GDC_Aliquot	Chromosome	Start	End	Num_Probes	Segment_Mean
8a809b26-a6b7-4edf-ba99-a3a3bc8e873e	1	62920	72303233	42787	-0.0057
8a809b26-a6b7-4edf-ba99-a3a3bc8e873e	1	72303253	72345465	45	-1.6434
8a809b26-a6b7-4edf-ba99-a3a3bc8e873e	1	72346221	81422771	5779	0.0091
8a809b26-a6b7-4edf-ba99-a3a3bc8e873e	1	81422917	81422920	2	1.3968
8a809b26-a6b7-4edf-ba99-a3a3bc8e873e	1	81422982	105476583	15174	0.0028
8a809b26-a6b7-4edf-ba99-a3a3bc8e873e	1	105476614	105479753	16	0.9436
8a809b26-a6b7-4edf-ba99-a3a3bc8e873e	1	105481433	112147704	4597	0.0101
8a809b26-a6b7-4edf-ba99-a3a3bc8e873e	1	112153343	112154591	22	-0.53
8a809b26-a6b7-4edf-ba99-a3a3bc8e873e	1	112154619	196769506	37326	0.0045
8a809b26-a6b7-4edf-ba99-a3a3bc8e873e	1	196769638	196843400	54	0.6707
8a809b26-a6b7-4edf-ba99-a3a3bc8e873e	1	196846661	199142393	1379	0.0065
8a809b26-a6b7-4edf-ba99-a3a3bc8e873e	1	199142562	199143396	4	1.2178
8a809b26-a6b7-4edf-ba99-a3a3bc8e873e	1	199143883	209897717	7405	-0.0021
8a809b26-a6b7-4edf-ba99-a3a3bc8e873e	1	209908268	209908720	2	-1.8972
8a809b26-a6b7-4edf-ba99-a3a3bc8e873e	1	209910639	214463757	3095	-0.0034
8a809b26-a6b7-4edf-ba99-a3a3bc8e873e	1	214463783	214471952	11	-0.6785
8a809b26-a6b7-4edf-ba99-a3a3bc8e873e	1	214471964	240227633	18052	-0.0033
8a809b26-a6b7-4edf-ba99-a3a3bc8e873e	1	240227947	240234728	10	0.5873
8a809b26-a6b7-4edf-ba99-a3a3bc8e873e	1	240239568	243139075	2143	0.0034
8a809b26-a6b7-4edf-ba99-a3a3bc8e873e	1	243139864	243187175	16	0.4722
8a809b26-a6b7-4edf-ba99-a3a3bc8e873e	1	243189078	248546369	3526	0.014
8a809b26-a6b7-4edf-ba99-a3a3bc8e873e	1	248550567	248633912	35	0.5095
8a809b26-a6b7-4edf-ba99-a3a3bc8e873e	1	248645563	248930189	141	-0.0072
8a809b26-a6b7-4edf-ba99-a3a3bc8e873e	2	12784	13394851	10188	-0.0072
8a809b26-a6b7-4edf-ba99-a3a3bc8e873e	2	13396809	13409547	4	1.2393
8a809b26-a6b7-4edf-ba99-a3a3bc8e873e	2	13409603	24376380	7741	0.0015
8a809b26-a6b7-4edf-ba99-a3a3bc8e873e	2	24378642	24388259	19	-0.8324
8a809b26-a6b7-4edf-ba99-a3a3bc8e873e	2	24388858	34476516	6139	0.0067
8a809b26-a6b7-4edf-ba99-a3a3bc8e873e	2	34476558	34511990	43	-0.6685
8a809b26-a6b7-4edf-ba99-a3a3bc8e873e	2	34512096	97359885	36901	0.0084
8a809b26-a6b7-4edf-ba99-a3a3bc8e873e	2	97524284	97545247	8	-1.0177
8a809b26-a6b7-4edf-ba99-a3a3bc8e873e	2	97545726	184451949	53133	0.0055
8a809b26-a6b7-4edf-ba99-a3a3bc8e873e	2	184452153	184455332	4	1.2151
8a809b26-a6b7-4edf-ba99-a3a3bc8e873e	2	184460792	202425310	10098	0.0117
8a809b26-a6b7-4edf-ba99-a3a3bc8e873e	2	202428236	202445174	39	0.2711
8a809b26-a6b7-4edf-ba99-a3a3bc8e873e	2	202445628	207486030	3134	0.0092
8a809b26-a6b7-4edf-ba99-a3a3bc8e873e	2	207490188	207494612	18	-0.9486
8a809b26-a6b7-4edf-ba99-a3a3bc8e873e	2	207494752	208189585	405	-0.0075
8a809b26-a6b7-4edf-ba99-a3a3bc8e873e	2	208190524	208193673	2	1.4388
8a809b26-a6b7-4edf-ba99-a3a3bc8e873e	2	208195839	228892290	13467	0.0026
8a809b26-a6b7-4edf-ba99-a3a3bc8e873e	2	228894763	228895197	8	-0.7501
8a809b26-a6b7-4edf-ba99-a3a3bc8e873e	2	228895367	242147305	8203	-0.006
8a809b26-a6b7-4edf-ba99-a3a3bc8e873e	3	20930	182919	154	-0.0041
8a809b26-a6b7-4edf-ba99-a3a3bc8e873e	3	188339	191117	4	-0.9354
8a809b26-a6b7-4edf-ba99-a3a3bc8e873e	3	193194	26392633	19731	0.0106
8a809b26-a6b7-4edf-ba99-a3a3bc8e873e	3	26392804	26393238	2	-1.5564
8a809b26-a6b7-4edf-ba99-a3a3bc8e873e	3	26393410	26570619	129	0.0063
8a809b26-a6b7-4edf-ba99-a3a3bc8e873e	3	26570673	26570675	3	1.3153
8a809b26-a6b7-4edf-ba99-a3a3bc8e873e	3	26571710	46750055	13163	0.002
8a809b26-a6b7-4edf-ba99-a3a3bc8e873e	3	46751887	46818342	43	0.2865
8a809b26-a6b7-4edf-ba99-a3a3bc8e873e	3	46827338	68697013	14568	0.0002
8a809b26-a6b7-4edf-ba99-a3a3bc8e873e	3	68697108	68698262	14	-1.6913
8a809b26-a6b7-4edf-ba99-a3a3bc8e873e	3	68699607	161053331	53846	0.0059
8a809b26-a6b7-4edf-ba99-a3a3bc8e873e	3	161056456	161060410	6	-1.168
8a809b26-a6b7-4edf-ba99-a3a3bc8e873e	3	161061806	161797809	437	-0.002
8a809b26-a6b7-4edf-ba99-a3a3bc8e873e	3	161797839	161797861	2	1.5292
8a809b26-a6b7-4edf-ba99-a3a3bc8e873e	3	161798156	162499233	477	0.0053
8a809b26-a6b7-4edf-ba99-a3a3bc8e873e	3	162500556	162501061	6	0.8872
8a809b26-a6b7-4edf-ba99-a3a3bc8e873e	3	162501081	162790480	192	0.0212
8a809b26-a6b7-4edf-ba99-a3a3bc8e873e	3	162794869	162908815	72	0.5785
8a809b26-a6b7-4edf-ba99-a3a3bc8e873e	3	162910826	162996729	70	0.0152
8a809b26-a6b7-4edf-ba99-a3a3bc8e873e	3	162999939	163001774	2	1.1403
8a809b26-a6b7-4edf-ba99-a3a3bc8e873e	3	163008371	163941170	508	-0.005
8a809b26-a6b7-4edf-ba99-a3a3bc8e873e	3	163941173	163941185	2	1.3402
8a809b26-a6b7-4edf-ba99-a3a3bc8e873e	3	163944509	187877506	14760	0.0087
8a809b26-a6b7-4edf-ba99-a3a3bc8e873e	3	187877590	187877925	2	1.4417
8a809b26-a6b7-4edf-ba99-a3a3bc8e873e	3	187877952	193160113	3825	0.0092
8a809b26-a6b7-4edf-ba99-a3a3bc8e873e	3	193160173	193165114	19	-1.1105
8a809b26-a6b7-4edf-ba99-a3a3bc8e873e	3	193168646	195691392	1490	-0.0086
8a809b26-a6b7-4edf-ba99-a3a3bc8e873e	3	195695418	195752877	41	-0.4832
8a809b26-a6b7-4edf-ba99-a3a3bc8e873e	3	195754940	195934679	77	-0.0621
8a809b26-a6b7-4edf-ba99-a3a3bc8e873e	3	195963975	195991894	7	-0.7468
8a809b26-a6b7-4edf-ba99-a3a3bc8e873e	3	195998433	198169247	1078	0.0121
8a809b26-a6b7-4edf-ba99-a3a3bc8e873e	4	68929	68395346	42202	0.0008
8a809b26-a6b7-4edf-ba99-a3a3bc8e873e	4	68416487	68422424	5	-1.6872
8a809b26-a6b7-4edf-ba99-a3a3bc8e873e	4	68429081	68506285	12	0.1028
8a809b26-a6b7-4edf-ba99-a3a3bc8e873e	4	68509223	68671434	70	0.5551
8a809b26-a6b7-4edf-ba99-a3a3bc8e873e	4	68674307	69254604	304	-0.0114
8a809b26-a6b7-4edf-ba99-a3a3bc8e873e	4	69254981	69366406	61	0.5889
8a809b26-a6b7-4edf-ba99-a3a3bc8e873e	4	69370433	103824414	21024	0.0029
8a809b26-a6b7-4edf-ba99-a3a3bc8e873e	4	103830473	103830480	5	1.0244
8a809b26-a6b7-4edf-ba99-a3a3bc8e873e	4	103830487	114252544	6299	0.0048
8a809b26-a6b7-4edf-ba99-a3a3bc8e873e	4	114254167	114260754	22	-1.3606
8a809b26-a6b7-4edf-ba99-a3a3bc8e873e	4	114261019	114263110	4	0.502
8a809b26-a6b7-4edf-ba99-a3a3bc8e873e	4	114263154	115254166	620	0.0124
8a809b26-a6b7-4edf-ba99-a3a3bc8e873e	4	115254207	115254708	5	0.8158
8a809b26-a6b7-4edf-ba99-a3a3bc8e873e	4	115254776	137168393	12610	0.0031
8a809b26-a6b7-4edf-ba99-a3a3bc8e873e	4	137170949	137173804	17	-0.6802
8a809b26-a6b7-4edf-ba99-a3a3bc8e873e	4	137173818	154881396	10790	0.0022
8a809b26-a6b7-4edf-ba99-a3a3bc8e873e	4	154881853	154881905	2	-2.8123
8a809b26-a6b7-4edf-ba99-a3a3bc8e873e	4	154881926	171448195	10608	0.0013
8a809b26-a6b7-4edf-ba99-a3a3bc8e873e	4	171453733	171456573	11	-1.4474
8a809b26-a6b7-4edf-ba99-a3a3bc8e873e	4	171456625	190106768	12497	0.0025
8a809b26-a6b7-4edf-ba99-a3a3bc8e873e	5	15532	685633	306	-0.0494
8a809b26-a6b7-4edf-ba99-a3a3bc8e873e	5	698256	772967	24	0.4803
8a809b26-a6b7-4edf-ba99-a3a3bc8e873e	5	773075	1021104	98	-0.0006
8a809b26-a6b7-4edf-ba99-a3a3bc8e873e	5	1039424	1555710	292	-0.1131
8a809b26-a6b7-4edf-ba99-a3a3bc8e873e	5	1557933	5680487	3690	-0.0033
8a809b26-a6b7-4edf-ba99-a3a3bc8e873e	5	5680502	5680663	3	1.1987
8a809b26-a6b7-4edf-ba99-a3a3bc8e873e	5	5680738	12785139	5775	0.0089
8a809b26-a6b7-4edf-ba99-a3a3bc8e873e	5	12785150	12849089	20	0.3692
8a809b26-a6b7-4edf-ba99-a3a3bc8e873e	5	12857021	17344979	3065	0.0113
8a809b26-a6b7-4edf-ba99-a3a3bc8e873e	5	17347597	17356130	6	-1.3492
8a809b26-a6b7-4edf-ba99-a3a3bc8e873e	5	17358160	21449167	2439	0.0072
8a809b26-a6b7-4edf-ba99-a3a3bc8e873e	5	21451091	21452329	5	0.8729
8a809b26-a6b7-4edf-ba99-a3a3bc8e873e	5	21452387	40958424	12418	0.0108
8a809b26-a6b7-4edf-ba99-a3a3bc8e873e	5	40960176	40964493	5	-0.7565
8a809b26-a6b7-4edf-ba99-a3a3bc8e873e	5	40964750	46271006	2535	0.0151
8a809b26-a6b7-4edf-ba99-a3a3bc8e873e	5	46271828	46273400	6	-2.7148
8a809b26-a6b7-4edf-ba99-a3a3bc8e873e	5	46278110	58025819	5074	0.0139
8a809b26-a6b7-4edf-ba99-a3a3bc8e873e	5	58030200	58037706	32	1.9941
8a809b26-a6b7-4edf-ba99-a3a3bc8e873e	5	58042530	150822643	56642	0.0096
8a809b26-a6b7-4edf-ba99-a3a3bc8e873e	5	150825938	150843825	9	0.8641
8a809b26-a6b7-4edf-ba99-a3a3bc8e873e	5	150844533	180951888	20251	0.0077
8a809b26-a6b7-4edf-ba99-a3a3bc8e873e	5	180953203	181006225	18	-0.5774
8a809b26-a6b7-4edf-ba99-a3a3bc8e873e	5	181006264	181363319	169	-0.0449
8a809b26-a6b7-4edf-ba99-a3a3bc8e873e	6	149661	10467462	8295	-0.005
8a809b26-a6b7-4edf-ba99-a3a3bc8e873e	6	10467520	10534810	77	-1.0273
8a809b26-a6b7-4edf-ba99-a3a3bc8e873e	6	10535430	27332801	12086	-0.0005
8a809b26-a6b7-4edf-ba99-a3a3bc8e873e	6	27332961	27333062	2	-1.1427
8a809b26-a6b7-4edf-ba99-a3a3bc8e873e	6	27334925	29866672	1190	0.0017
8a809b26-a6b7-4edf-ba99-a3a3bc8e873e	6	29866695	29867174	2	-1.221
8a809b26-a6b7-4edf-ba99-a3a3bc8e873e	6	29867877	32463515	1196	-0.0164
8a809b26-a6b7-4edf-ba99-a3a3bc8e873e	6	32463775	32602588	34	1.5375
8a809b26-a6b7-4edf-ba99-a3a3bc8e873e	6	32605994	32718419	68	0.2326
8a809b26-a6b7-4edf-ba99-a3a3bc8e873e	6	32720838	32722250	8	-0.4274
8a809b26-a6b7-4edf-ba99-a3a3bc8e873e	6	32723020	32723035	2	-2.0681
8a809b26-a6b7-4edf-ba99-a3a3bc8e873e	6	32723053	32898021	124	-0.1392
8a809b26-a6b7-4edf-ba99-a3a3bc8e873e	6	32898134	54056608	13516	-0.0028
8a809b26-a6b7-4edf-ba99-a3a3bc8e873e	6	54056666	54066353	13	-0.1816
8a809b26-a6b7-4edf-ba99-a3a3bc8e873e	6	54066432	54067005	5	-1.6236
8a809b26-a6b7-4edf-ba99-a3a3bc8e873e	6	54067057	64627049	4229	0.0064
8a809b26-a6b7-4edf-ba99-a3a3bc8e873e	6	64637651	64639099	2	-2.1492
8a809b26-a6b7-4edf-ba99-a3a3bc8e873e	6	64640883	65000836	238	0.0014
8a809b26-a6b7-4edf-ba99-a3a3bc8e873e	6	65001506	65003899	3	-1.161
8a809b26-a6b7-4edf-ba99-a3a3bc8e873e	6	65007491	73882142	5917	0.0044
8a809b26-a6b7-4edf-ba99-a3a3bc8e873e	6	73882509	73891694	10	0.781
8a809b26-a6b7-4edf-ba99-a3a3bc8e873e	6	73893839	76318064	1506	0.0088
8a809b26-a6b7-4edf-ba99-a3a3bc8e873e	6	76323236	76323472	2	1.4184
8a809b26-a6b7-4edf-ba99-a3a3bc8e873e	6	76323492	78259388	1262	0.0012
8a809b26-a6b7-4edf-ba99-a3a3bc8e873e	6	78261980	78325468	109	-0.5466
8a809b26-a6b7-4edf-ba99-a3a3bc8e873e	6	78329517	103286950	15475	0.0037
8a809b26-a6b7-4edf-ba99-a3a3bc8e873e	6	103286954	103314186	47	0.7524
8a809b26-a6b7-4edf-ba99-a3a3bc8e873e	6	103317795	167194527	42080	0.0009
8a809b26-a6b7-4edf-ba99-a3a3bc8e873e	6	167199775	170741917	2105	-0.0391
8a809b26-a6b7-4edf-ba99-a3a3bc8e873e	7	43355	1204095	355	-0.1083
8a809b26-a6b7-4edf-ba99-a3a3bc8e873e	7	1204113	18984241	12908	0.0212
8a809b26-a6b7-4edf-ba99-a3a3bc8e873e	7	18992694	19181042	323	0.1289
8a809b26-a6b7-4edf-ba99-a3a3bc8e873e	7	19181838	38263833	13782	0.0182
8a809b26-a6b7-4edf-ba99-a3a3bc8e873e	7	38271122	38301466	67	0.2837
8a809b26-a6b7-4edf-ba99-a3a3bc8e873e	7	38304355	54305455	11043	0.0175
8a809b26-a6b7-4edf-ba99-a3a3bc8e873e	7	54318812	54318824	6	1.3986
8a809b26-a6b7-4edf-ba99-a3a3bc8e873e	7	54325795	62696248	2120	0.0106
8a809b26-a6b7-4edf-ba99-a3a3bc8e873e	7	62696252	62701896	12	-0.5972
8a809b26-a6b7-4edf-ba99-a3a3bc8e873e	7	62720732	62905324	30	-0.0702
8a809b26-a6b7-4edf-ba99-a3a3bc8e873e	7	62909455	62909456	2	-1.2206
8a809b26-a6b7-4edf-ba99-a3a3bc8e873e	7	62924899	70955452	3964	0.0196
8a809b26-a6b7-4edf-ba99-a3a3bc8e873e	7	70958264	70961155	2	-2.8006
8a809b26-a6b7-4edf-ba99-a3a3bc8e873e	7	70963257	88035924	9442	0.0225
8a809b26-a6b7-4edf-ba99-a3a3bc8e873e	7	88041426	88043077	17	-0.6491
8a809b26-a6b7-4edf-ba99-a3a3bc8e873e	7	88043631	88480541	265	0.0001
8a809b26-a6b7-4edf-ba99-a3a3bc8e873e	7	88481685	89910475	925	0.0738
8a809b26-a6b7-4edf-ba99-a3a3bc8e873e	7	89911096	126404920	21736	0.0179
8a809b26-a6b7-4edf-ba99-a3a3bc8e873e	7	126405428	126412712	19	0.4102
8a809b26-a6b7-4edf-ba99-a3a3bc8e873e	7	126414344	142062894	9920	0.0189
8a809b26-a6b7-4edf-ba99-a3a3bc8e873e	7	142063324	142084696	18	0.6615
8a809b26-a6b7-4edf-ba99-a3a3bc8e873e	7	142087330	142513468	352	0.0243
8a809b26-a6b7-4edf-ba99-a3a3bc8e873e	7	142513915	142713590	68	0.2326
8a809b26-a6b7-4edf-ba99-a3a3bc8e873e	7	142718507	143521765	494	0.0468
8a809b26-a6b7-4edf-ba99-a3a3bc8e873e	7	143529806	143603307	5	0.983
8a809b26-a6b7-4edf-ba99-a3a3bc8e873e	7	143728285	153450553	5870	0.0216
8a809b26-a6b7-4edf-ba99-a3a3bc8e873e	7	153450560	153450627	2	-2.1365
8a809b26-a6b7-4edf-ba99-a3a3bc8e873e	7	153450630	157961613	3246	-0.0028
8a809b26-a6b7-4edf-ba99-a3a3bc8e873e	7	157961628	157975448	21	-0.3532
8a809b26-a6b7-4edf-ba99-a3a3bc8e873e	7	157975537	158358430	201	-0.0277
8a809b26-a6b7-4edf-ba99-a3a3bc8e873e	7	158359285	158363305	2	-1.2773
8a809b26-a6b7-4edf-ba99-a3a3bc8e873e	7	158363663	159334314	622	-0.0243
8a809b26-a6b7-4edf-ba99-a3a3bc8e873e	8	81254	12176798	11027	-0.0063
8a809b26-a6b7-4edf-ba99-a3a3bc8e873e	8	12177488	12418301	31	-0.4416
8a809b26-a6b7-4edf-ba99-a3a3bc8e873e	8	12419769	13612740	908	0.0029
8a809b26-a6b7-4edf-ba99-a3a3bc8e873e	8	13613196	13802635	236	0.1034
8a809b26-a6b7-4edf-ba99-a3a3bc8e873e	8	13806279	25114672	9279	0.0046
8a809b26-a6b7-4edf-ba99-a3a3bc8e873e	8	25116928	25117007	3	-1.1657
8a809b26-a6b7-4edf-ba99-a3a3bc8e873e	8	25117062	25126626	20	-2.8266
8a809b26-a6b7-4edf-ba99-a3a3bc8e873e	8	25126641	25133759	7	-0.6975
8a809b26-a6b7-4edf-ba99-a3a3bc8e873e	8	25133774	39373140	9015	0.0052
8a809b26-a6b7-4edf-ba99-a3a3bc8e873e	8	39378084	39529446	59	0.4763
8a809b26-a6b7-4edf-ba99-a3a3bc8e873e	8	39530780	60944435	11729	0.0028
8a809b26-a6b7-4edf-ba99-a3a3bc8e873e	8	60945654	60952294	9	-1.1214
8a809b26-a6b7-4edf-ba99-a3a3bc8e873e	8	60954797	63936079	1913	0.0077
8a809b26-a6b7-4edf-ba99-a3a3bc8e873e	8	63936340	63936953	7	0.8404
8a809b26-a6b7-4edf-ba99-a3a3bc8e873e	8	63937166	114622325	30192	0.0061
8a809b26-a6b7-4edf-ba99-a3a3bc8e873e	8	114622424	114629460	32	-0.4051
8a809b26-a6b7-4edf-ba99-a3a3bc8e873e	8	114629502	132190597	12229	0.0026
8a809b26-a6b7-4edf-ba99-a3a3bc8e873e	8	132190676	132195828	2	-2.2457
8a809b26-a6b7-4edf-ba99-a3a3bc8e873e	8	132196131	141028679	7065	0.0016
8a809b26-a6b7-4edf-ba99-a3a3bc8e873e	8	141029001	145072769	1760	-0.0809
8a809b26-a6b7-4edf-ba99-a3a3bc8e873e	9	46587	41451823	31256	-0.0068
8a809b26-a6b7-4edf-ba99-a3a3bc8e873e	9	41451836	41473518	4	1.3253
8a809b26-a6b7-4edf-ba99-a3a3bc8e873e	9	41473533	41639988	17	0.0653
8a809b26-a6b7-4edf-ba99-a3a3bc8e873e	9	41644133	41703482	10	-0.5623
8a809b26-a6b7-4edf-ba99-a3a3bc8e873e	9	41714376	42308537	36	0.2118
8a809b26-a6b7-4edf-ba99-a3a3bc8e873e	9	42501791	42726239	18	-0.5981
8a809b26-a6b7-4edf-ba99-a3a3bc8e873e	9	42727685	61405110	42	0.0067
8a809b26-a6b7-4edf-ba99-a3a3bc8e873e	9	61520021	61573452	19	-1.2645
8a809b26-a6b7-4edf-ba99-a3a3bc8e873e	9	61574022	61581625	3	-0.568
8a809b26-a6b7-4edf-ba99-a3a3bc8e873e	9	61598577	138177075	48093	-0.0157
8a809b26-a6b7-4edf-ba99-a3a3bc8e873e	9	138177488	138200944	6	-0.9348
8a809b26-a6b7-4edf-ba99-a3a3bc8e873e	10	45792	5720585	4852	-0.0205
8a809b26-a6b7-4edf-ba99-a3a3bc8e873e	10	5720762	17885034	10005	0.0107
8a809b26-a6b7-4edf-ba99-a3a3bc8e873e	10	17896194	17910884	3	1.6114
8a809b26-a6b7-4edf-ba99-a3a3bc8e873e	10	17929793	24086334	4341	0.0072
8a809b26-a6b7-4edf-ba99-a3a3bc8e873e	10	24088745	24089125	11	-2.2511
8a809b26-a6b7-4edf-ba99-a3a3bc8e873e	10	24089979	26937062	1987	0.0041
8a809b26-a6b7-4edf-ba99-a3a3bc8e873e	10	26937169	26939544	11	0.9181
8a809b26-a6b7-4edf-ba99-a3a3bc8e873e	10	26941064	30957581	3018	0.0079
8a809b26-a6b7-4edf-ba99-a3a3bc8e873e	10	30962405	30962809	10	-1.0678
8a809b26-a6b7-4edf-ba99-a3a3bc8e873e	10	30962850	32663409	1058	0.0077
8a809b26-a6b7-4edf-ba99-a3a3bc8e873e	10	32663489	32665608	25	0.3093
8a809b26-a6b7-4edf-ba99-a3a3bc8e873e	10	32665654	33671910	733	0.0023
8a809b26-a6b7-4edf-ba99-a3a3bc8e873e	10	33674094	33674225	2	-3.0283
8a809b26-a6b7-4edf-ba99-a3a3bc8e873e	10	33677193	43118218	3595	-0.005
8a809b26-a6b7-4edf-ba99-a3a3bc8e873e	10	43118257	43118759	8	-0.7662
8a809b26-a6b7-4edf-ba99-a3a3bc8e873e	10	43118900	50062639	3750	-0.0063
8a809b26-a6b7-4edf-ba99-a3a3bc8e873e	10	50070600	50132160	5	-1.6259
8a809b26-a6b7-4edf-ba99-a3a3bc8e873e	10	50144008	65524120	10980	0.0073
8a809b26-a6b7-4edf-ba99-a3a3bc8e873e	10	65524153	65528467	2	2.1295
8a809b26-a6b7-4edf-ba99-a3a3bc8e873e	10	65528488	65546518	27	0.0355
8a809b26-a6b7-4edf-ba99-a3a3bc8e873e	10	65548165	65554672	27	-0.6926
8a809b26-a6b7-4edf-ba99-a3a3bc8e873e	10	65554688	87269486	14445	0.001
8a809b26-a6b7-4edf-ba99-a3a3bc8e873e	10	87278584	87310039	3	1.4531
8a809b26-a6b7-4edf-ba99-a3a3bc8e873e	10	87310988	90699854	2479	0.004
8a809b26-a6b7-4edf-ba99-a3a3bc8e873e	10	90700170	90703534	5	-0.8735
8a809b26-a6b7-4edf-ba99-a3a3bc8e873e	10	90711823	121011150	19969	0.0014
8a809b26-a6b7-4edf-ba99-a3a3bc8e873e	10	121011165	121011548	4	0.8652
8a809b26-a6b7-4edf-ba99-a3a3bc8e873e	10	121011745	122574497	1419	-0.0015
8a809b26-a6b7-4edf-ba99-a3a3bc8e873e	10	122584593	122587462	5	-1.1339
8a809b26-a6b7-4edf-ba99-a3a3bc8e873e	10	122591497	130374334	5823	-0.0011
8a809b26-a6b7-4edf-ba99-a3a3bc8e873e	10	130374769	133654968	2082	-0.0457
8a809b26-a6b7-4edf-ba99-a3a3bc8e873e	11	198510	4949013	2420	-0.0104
8a809b26-a6b7-4edf-ba99-a3a3bc8e873e	11	4949047	4955042	28	-2.0381
8a809b26-a6b7-4edf-ba99-a3a3bc8e873e	11	4955781	5766175	785	0.0237
8a809b26-a6b7-4edf-ba99-a3a3bc8e873e	11	5766850	5787818	31	-0.499
8a809b26-a6b7-4edf-ba99-a3a3bc8e873e	11	5787909	18919323	9413	0.0037
8a809b26-a6b7-4edf-ba99-a3a3bc8e873e	11	18927525	18940469	46	0.5347
8a809b26-a6b7-4edf-ba99-a3a3bc8e873e	11	18940586	55608547	21774	0.0062
8a809b26-a6b7-4edf-ba99-a3a3bc8e873e	11	55608760	55674842	43	-0.5343
8a809b26-a6b7-4edf-ba99-a3a3bc8e873e	11	55676735	65206154	5255	0.0033
8a809b26-a6b7-4edf-ba99-a3a3bc8e873e	11	65217272	65925596	299	-0.0964
8a809b26-a6b7-4edf-ba99-a3a3bc8e873e	11	65927337	92097323	15756	0.0005
8a809b26-a6b7-4edf-ba99-a3a3bc8e873e	11	92097492	92097877	2	1.8293
8a809b26-a6b7-4edf-ba99-a3a3bc8e873e	11	92099538	101723653	7257	0.007
8a809b26-a6b7-4edf-ba99-a3a3bc8e873e	11	101727129	101727233	4	1.09
8a809b26-a6b7-4edf-ba99-a3a3bc8e873e	11	101727481	135074876	23729	-0.0021
8a809b26-a6b7-4edf-ba99-a3a3bc8e873e	12	51460	148821	52	0.0132
8a809b26-a6b7-4edf-ba99-a3a3bc8e873e	12	149252	186440	21	-0.3784
8a809b26-a6b7-4edf-ba99-a3a3bc8e873e	12	187079	9477960	6102	-0.0006
8a809b26-a6b7-4edf-ba99-a3a3bc8e873e	12	9481274	9575696	24	0.9872
8a809b26-a6b7-4edf-ba99-a3a3bc8e873e	12	9582373	33141726	16586	0.004
8a809b26-a6b7-4edf-ba99-a3a3bc8e873e	12	33148472	33154440	27	-0.6608
8a809b26-a6b7-4edf-ba99-a3a3bc8e873e	12	33155426	33227031	43	0.1399
8a809b26-a6b7-4edf-ba99-a3a3bc8e873e	12	33232895	33242483	7	1.0392
8a809b26-a6b7-4edf-ba99-a3a3bc8e873e	12	33246118	39083525	1435	0.029
8a809b26-a6b7-4edf-ba99-a3a3bc8e873e	12	39087759	39089311	5	-1.0836
8a809b26-a6b7-4edf-ba99-a3a3bc8e873e	12	39094246	63705172	14788	0.0047
8a809b26-a6b7-4edf-ba99-a3a3bc8e873e	12	63710609	63711417	3	-1.1153
8a809b26-a6b7-4edf-ba99-a3a3bc8e873e	12	63716253	68610435	3250	-0.0017
8a809b26-a6b7-4edf-ba99-a3a3bc8e873e	12	68617680	68618068	2	1.1149
8a809b26-a6b7-4edf-ba99-a3a3bc8e873e	12	68620829	70478078	1230	-0.0032
8a809b26-a6b7-4edf-ba99-a3a3bc8e873e	12	70478895	70484247	9	-0.833
8a809b26-a6b7-4edf-ba99-a3a3bc8e873e	12	70485605	99401690	18526	0.0042
8a809b26-a6b7-4edf-ba99-a3a3bc8e873e	12	99401870	99404956	29	-0.6013
8a809b26-a6b7-4edf-ba99-a3a3bc8e873e	12	99409315	126640834	17772	0.0024
8a809b26-a6b7-4edf-ba99-a3a3bc8e873e	12	126641198	126646494	3	1.1842
8a809b26-a6b7-4edf-ba99-a3a3bc8e873e	12	126653041	131619090	4365	-0.0068
8a809b26-a6b7-4edf-ba99-a3a3bc8e873e	12	131619226	131623604	3	-1.6176
8a809b26-a6b7-4edf-ba99-a3a3bc8e873e	12	131630460	131636170	6	0.0213
8a809b26-a6b7-4edf-ba99-a3a3bc8e873e	12	131648039	131648790	13	-0.6352
8a809b26-a6b7-4edf-ba99-a3a3bc8e873e	12	131657925	132420184	250	-0.0257
8a809b26-a6b7-4edf-ba99-a3a3bc8e873e	12	132424860	132426215	2	1.1927
8a809b26-a6b7-4edf-ba99-a3a3bc8e873e	12	132427943	133157960	288	-0.061
8a809b26-a6b7-4edf-ba99-a3a3bc8e873e	12	133160725	133165581	2	-1.3939
8a809b26-a6b7-4edf-ba99-a3a3bc8e873e	12	133166123	133201603	17	-0.1616
8a809b26-a6b7-4edf-ba99-a3a3bc8e873e	13	18452809	19547319	532	0.0092
8a809b26-a6b7-4edf-ba99-a3a3bc8e873e	13	19549755	19549770	2	-1.6452
8a809b26-a6b7-4edf-ba99-a3a3bc8e873e	13	19550361	23058539	2325	-0.0039
8a809b26-a6b7-4edf-ba99-a3a3bc8e873e	13	23058721	23059376	11	-0.6338
8a809b26-a6b7-4edf-ba99-a3a3bc8e873e	13	23064056	24214059	965	-0.0134
8a809b26-a6b7-4edf-ba99-a3a3bc8e873e	13	24214670	24224427	12	-0.4534
8a809b26-a6b7-4edf-ba99-a3a3bc8e873e	13	24225031	37498087	9643	-0.0043
8a809b26-a6b7-4edf-ba99-a3a3bc8e873e	13	37501767	37514250	17	0.4554
8a809b26-a6b7-4edf-ba99-a3a3bc8e873e	13	37514472	50970918	9110	0.0024
8a809b26-a6b7-4edf-ba99-a3a3bc8e873e	13	50972775	50975062	2	1.7705
8a809b26-a6b7-4edf-ba99-a3a3bc8e873e	13	50975421	57176962	3411	0.0076
8a809b26-a6b7-4edf-ba99-a3a3bc8e873e	13	57184136	57215580	35	0.7038
8a809b26-a6b7-4edf-ba99-a3a3bc8e873e	13	57215875	97875020	25950	0.0034
8a809b26-a6b7-4edf-ba99-a3a3bc8e873e	13	97877870	97878542	5	-1.1518
8a809b26-a6b7-4edf-ba99-a3a3bc8e873e	13	97879211	112803051	11455	0.001
8a809b26-a6b7-4edf-ba99-a3a3bc8e873e	13	112803228	113017083	119	-0.1452
8a809b26-a6b7-4edf-ba99-a3a3bc8e873e	13	113019631	114342922	571	-0.0173
8a809b26-a6b7-4edf-ba99-a3a3bc8e873e	14	18239283	18559274	10	0.1873
8a809b26-a6b7-4edf-ba99-a3a3bc8e873e	14	18605732	19675350	53	-0.651
8a809b26-a6b7-4edf-ba99-a3a3bc8e873e	14	19689684	19952080	101	-0.2686
8a809b26-a6b7-4edf-ba99-a3a3bc8e873e	14	19954424	21786874	1212	0.0199
8a809b26-a6b7-4edf-ba99-a3a3bc8e873e	14	21789074	22526139	665	0.1852
8a809b26-a6b7-4edf-ba99-a3a3bc8e873e	14	22526849	42527398	12593	0.0016
8a809b26-a6b7-4edf-ba99-a3a3bc8e873e	14	42528104	42530951	2	1.4828
8a809b26-a6b7-4edf-ba99-a3a3bc8e873e	14	42532819	69547262	16970	0.0024
8a809b26-a6b7-4edf-ba99-a3a3bc8e873e	14	69551330	69561830	13	-0.7108
8a809b26-a6b7-4edf-ba99-a3a3bc8e873e	14	69566109	106062814	23409	-0.0009
8a809b26-a6b7-4edf-ba99-a3a3bc8e873e	14	106065610	106346129	108	0.6127
8a809b26-a6b7-4edf-ba99-a3a3bc8e873e	14	106360014	106423925	32	0.0014
8a809b26-a6b7-4edf-ba99-a3a3bc8e873e	14	106425447	106475361	49	-0.5961
8a809b26-a6b7-4edf-ba99-a3a3bc8e873e	14	106487515	106877229	193	-0.0589
8a809b26-a6b7-4edf-ba99-a3a3bc8e873e	15	19811075	21997003	177	-0.0592
8a809b26-a6b7-4edf-ba99-a3a3bc8e873e	15	21999319	22003073	2	-2.1889
8a809b26-a6b7-4edf-ba99-a3a3bc8e873e	15	22005276	101928837	51379	-0.0017
8a809b26-a6b7-4edf-ba99-a3a3bc8e873e	16	10777	1888091	695	-0.0709
8a809b26-a6b7-4edf-ba99-a3a3bc8e873e	16	1890268	6962471	3643	0.0078
8a809b26-a6b7-4edf-ba99-a3a3bc8e873e	16	6963199	6963567	2	1.4059
8a809b26-a6b7-4edf-ba99-a3a3bc8e873e	16	6965769	7885116	1178	0.0059
8a809b26-a6b7-4edf-ba99-a3a3bc8e873e	16	7885973	7887249	3	-0.9816
8a809b26-a6b7-4edf-ba99-a3a3bc8e873e	16	7889008	11293688	2993	0.0072
8a809b26-a6b7-4edf-ba99-a3a3bc8e873e	16	11295191	11295279	2	-1.4248
8a809b26-a6b7-4edf-ba99-a3a3bc8e873e	16	11295771	12555002	901	0.0023
8a809b26-a6b7-4edf-ba99-a3a3bc8e873e	16	12555121	12560647	8	-0.7649
8a809b26-a6b7-4edf-ba99-a3a3bc8e873e	16	12560761	14548948	1621	0.0015
8a809b26-a6b7-4edf-ba99-a3a3bc8e873e	16	14553011	16474027	717	-0.0545
8a809b26-a6b7-4edf-ba99-a3a3bc8e873e	16	16474343	16563603	12	0.6816
8a809b26-a6b7-4edf-ba99-a3a3bc8e873e	16	16569719	21368130	2618	0.0015
8a809b26-a6b7-4edf-ba99-a3a3bc8e873e	16	21401082	21575403	21	-0.5575
8a809b26-a6b7-4edf-ba99-a3a3bc8e873e	16	21577467	22430699	364	-0.0219
8a809b26-a6b7-4edf-ba99-a3a3bc8e873e	16	22546611	22699421	73	-0.4137
8a809b26-a6b7-4edf-ba99-a3a3bc8e873e	16	22701658	32198778	5131	0.0024
8a809b26-a6b7-4edf-ba99-a3a3bc8e873e	16	32295899	32513457	10	-0.5237
8a809b26-a6b7-4edf-ba99-a3a3bc8e873e	16	32553191	70212517	15753	0.0002
8a809b26-a6b7-4edf-ba99-a3a3bc8e873e	16	70219918	70219938	2	-1.3898
8a809b26-a6b7-4edf-ba99-a3a3bc8e873e	16	70220039	74363160	2287	-0.0001
8a809b26-a6b7-4edf-ba99-a3a3bc8e873e	16	74364089	74422703	8	-0.7451
8a809b26-a6b7-4edf-ba99-a3a3bc8e873e	16	74431498	78337711	3205	-0.0011
8a809b26-a6b7-4edf-ba99-a3a3bc8e873e	16	78338543	78347366	14	0.7242
8a809b26-a6b7-4edf-ba99-a3a3bc8e873e	16	78349243	83995248	6335	0.0006
8a809b26-a6b7-4edf-ba99-a3a3bc8e873e	16	83995534	84723235	676	-0.0746
8a809b26-a6b7-4edf-ba99-a3a3bc8e873e	16	84724945	88711804	3015	-0.0108
8a809b26-a6b7-4edf-ba99-a3a3bc8e873e	16	88712624	89190888	138	-0.221
8a809b26-a6b7-4edf-ba99-a3a3bc8e873e	16	89204009	90096867	460	-0.0592
8a809b26-a6b7-4edf-ba99-a3a3bc8e873e	17	150733	573753	215	-0.1457
8a809b26-a6b7-4edf-ba99-a3a3bc8e873e	17	574231	871187	177	0.0245
8a809b26-a6b7-4edf-ba99-a3a3bc8e873e	17	872153	872168	2	-1.4201
8a809b26-a6b7-4edf-ba99-a3a3bc8e873e	17	876308	18452078	11003	-0.0011
8a809b26-a6b7-4edf-ba99-a3a3bc8e873e	17	18455632	18561907	26	0.5799
8a809b26-a6b7-4edf-ba99-a3a3bc8e873e	17	18565883	36112585	6841	-0.0037
8a809b26-a6b7-4edf-ba99-a3a3bc8e873e	17	36113405	36200725	34	-0.393
8a809b26-a6b7-4edf-ba99-a3a3bc8e873e	17	36208249	41085237	2420	-0.0023
8a809b26-a6b7-4edf-ba99-a3a3bc8e873e	17	41088020	41089704	2	1.7734
8a809b26-a6b7-4edf-ba99-a3a3bc8e873e	17	41090139	41265456	98	-0.0045
8a809b26-a6b7-4edf-ba99-a3a3bc8e873e	17	41266762	41274279	24	1.2118
8a809b26-a6b7-4edf-ba99-a3a3bc8e873e	17	41276472	45454667	2140	-0.0015
8a809b26-a6b7-4edf-ba99-a3a3bc8e873e	17	45454943	46273919	475	-0.0731
8a809b26-a6b7-4edf-ba99-a3a3bc8e873e	17	46274320	69961547	13765	0.0032
8a809b26-a6b7-4edf-ba99-a3a3bc8e873e	17	69961571	69961686	3	-1.0151
8a809b26-a6b7-4edf-ba99-a3a3bc8e873e	17	69963203	77354310	4950	-0.0033
8a809b26-a6b7-4edf-ba99-a3a3bc8e873e	17	77354790	77354895	2	-1.495
8a809b26-a6b7-4edf-ba99-a3a3bc8e873e	17	77355238	83091923	2866	-0.0233
8a809b26-a6b7-4edf-ba99-a3a3bc8e873e	18	48133	40678763	22792	-0.0175
8a809b26-a6b7-4edf-ba99-a3a3bc8e873e	18	40680456	40688060	20	-0.5931
8a809b26-a6b7-4edf-ba99-a3a3bc8e873e	18	40689534	45222416	2952	-0.0163
8a809b26-a6b7-4edf-ba99-a3a3bc8e873e	18	45222435	45223744	2	-1.3914
8a809b26-a6b7-4edf-ba99-a3a3bc8e873e	18	45223864	79365333	24562	-0.0104
8a809b26-a6b7-4edf-ba99-a3a3bc8e873e	18	79365547	80058479	307	-0.1123
8a809b26-a6b7-4edf-ba99-a3a3bc8e873e	18	80061248	80126942	35	0.0997
8a809b26-a6b7-4edf-ba99-a3a3bc8e873e	18	80127538	80127954	2	1.4988
8a809b26-a6b7-4edf-ba99-a3a3bc8e873e	18	80132754	80257174	76	-0.0957
8a809b26-a6b7-4edf-ba99-a3a3bc8e873e	19	90910	35358319	16705	0.0009
8a809b26-a6b7-4edf-ba99-a3a3bc8e873e	19	35358407	35370946	23	-0.5428
8a809b26-a6b7-4edf-ba99-a3a3bc8e873e	19	35375842	58586487	12382	-0.0061
8a809b26-a6b7-4edf-ba99-a3a3bc8e873e	20	80664	81049	11	-0.3303
8a809b26-a6b7-4edf-ba99-a3a3bc8e873e	20	81154	1591557	1218	0.0126
8a809b26-a6b7-4edf-ba99-a3a3bc8e873e	20	1591572	1609888	14	-0.5159
8a809b26-a6b7-4edf-ba99-a3a3bc8e873e	20	1613203	63081948	40664	0.0017
8a809b26-a6b7-4edf-ba99-a3a3bc8e873e	20	63084768	64324800	478	-0.0915
8a809b26-a6b7-4edf-ba99-a3a3bc8e873e	21	10354168	45263936	23071	0.0116
8a809b26-a6b7-4edf-ba99-a3a3bc8e873e	21	45266219	45591428	142	-0.1078
8a809b26-a6b7-4edf-ba99-a3a3bc8e873e	21	45592695	45593962	2	1.3047
8a809b26-a6b7-4edf-ba99-a3a3bc8e873e	21	45594225	46677045	651	-0.0447
8a809b26-a6b7-4edf-ba99-a3a3bc8e873e	22	15294547	19555793	1529	-0.0365
8a809b26-a6b7-4edf-ba99-a3a3bc8e873e	22	19556589	20291560	470	-0.1732
8a809b26-a6b7-4edf-ba99-a3a3bc8e873e	22	20291605	22395495	1450	-0.0541
8a809b26-a6b7-4edf-ba99-a3a3bc8e873e	22	22395652	22398127	8	0.7072
8a809b26-a6b7-4edf-ba99-a3a3bc8e873e	22	22398345	22398545	4	-1.5041
8a809b26-a6b7-4edf-ba99-a3a3bc8e873e	22	22402989	33777419	8184	-0.0316
8a809b26-a6b7-4edf-ba99-a3a3bc8e873e	22	33778960	33778998	4	-2.1424
8a809b26-a6b7-4edf-ba99-a3a3bc8e873e	22	33785435	38899250	3549	-0.0225
8a809b26-a6b7-4edf-ba99-a3a3bc8e873e	22	38900535	38900899	2	-4.2347
8a809b26-a6b7-4edf-ba99-a3a3bc8e873e	22	38903109	48814955	6819	-0.0265
8a809b26-a6b7-4edf-ba99-a3a3bc8e873e	22	48817308	48872888	24	-0.2072
8a809b26-a6b7-4edf-ba99-a3a3bc8e873e	22	48874111	48874730	2	-1.8012
8a809b26-a6b7-4edf-ba99-a3a3bc8e873e	22	48877479	50085004	917	-0.1173
8a809b26-a6b7-4edf-ba99-a3a3bc8e873e	22	50089389	50796027	315	-0.0514
8a809b26-a6b7-4edf-ba99-a3a3bc8e873e	X	251810	26190818	15798	-0.0103
8a809b26-a6b7-4edf-ba99-a3a3bc8e873e	X	26192200	26192469	2	-2.5985
8a809b26-a6b7-4edf-ba99-a3a3bc8e873e	X	26200545	155952689	67162	0.0035
8a809b26-a6b7-4edf-ba99-a3a3bc8e873e	Y	2782397	56872112	6633	-0.6741
