GDC_Aliquot	Chromosome	Start	End	Num_Probes	Segment_Mean
8a0f362e-8600-43cc-91e9-3a3d1f76f1c4	1	62920	783283	24	0.3921
8a0f362e-8600-43cc-91e9-3a3d1f76f1c4	1	787937	2338509	392	-0.3058
8a0f362e-8600-43cc-91e9-3a3d1f76f1c4	1	2340625	2351678	6	-1.9437
8a0f362e-8600-43cc-91e9-3a3d1f76f1c4	1	2351722	2793053	98	-0.2652
8a0f362e-8600-43cc-91e9-3a3d1f76f1c4	1	2794307	2951396	64	-0.6828
8a0f362e-8600-43cc-91e9-3a3d1f76f1c4	1	2951519	15823420	7704	-0.3379
8a0f362e-8600-43cc-91e9-3a3d1f76f1c4	1	15827002	15827430	6	-2.1438
8a0f362e-8600-43cc-91e9-3a3d1f76f1c4	1	15827706	16877002	362	-0.2788
8a0f362e-8600-43cc-91e9-3a3d1f76f1c4	1	16883108	16935737	50	-0.7618
8a0f362e-8600-43cc-91e9-3a3d1f76f1c4	1	16935752	23126249	4048	-0.329
8a0f362e-8600-43cc-91e9-3a3d1f76f1c4	1	23126733	23126746	2	-2.8124
8a0f362e-8600-43cc-91e9-3a3d1f76f1c4	1	23129797	25133189	1109	-0.336
8a0f362e-8600-43cc-91e9-3a3d1f76f1c4	1	25133246	25133261	2	1.2793
8a0f362e-8600-43cc-91e9-3a3d1f76f1c4	1	25133468	25266637	71	-0.2675
8a0f362e-8600-43cc-91e9-3a3d1f76f1c4	1	25269390	25284961	13	-1.715
8a0f362e-8600-43cc-91e9-3a3d1f76f1c4	1	25289805	34637909	4948	-0.3221
8a0f362e-8600-43cc-91e9-3a3d1f76f1c4	1	34638226	34648667	11	-1.6731
8a0f362e-8600-43cc-91e9-3a3d1f76f1c4	1	34649941	81422771	29433	-0.3392
8a0f362e-8600-43cc-91e9-3a3d1f76f1c4	1	81422917	81422920	2	-3.2021
8a0f362e-8600-43cc-91e9-3a3d1f76f1c4	1	81422982	103524832	14146	-0.3495
8a0f362e-8600-43cc-91e9-3a3d1f76f1c4	1	103556030	103760879	40	0.4365
8a0f362e-8600-43cc-91e9-3a3d1f76f1c4	1	103761017	105476614	914	-0.3454
8a0f362e-8600-43cc-91e9-3a3d1f76f1c4	1	105476688	105479753	15	0.7343
8a0f362e-8600-43cc-91e9-3a3d1f76f1c4	1	105481433	109684893	2623	-0.3653
8a0f362e-8600-43cc-91e9-3a3d1f76f1c4	1	109690352	109697556	13	0.4496
8a0f362e-8600-43cc-91e9-3a3d1f76f1c4	1	109702376	143546851	7095	-0.3353
8a0f362e-8600-43cc-91e9-3a3d1f76f1c4	1	143547055	143759680	111	-0.9017
8a0f362e-8600-43cc-91e9-3a3d1f76f1c4	1	143760271	147770492	714	-0.3165
8a0f362e-8600-43cc-91e9-3a3d1f76f1c4	1	147772142	147772337	2	-2.5931
8a0f362e-8600-43cc-91e9-3a3d1f76f1c4	1	147774791	152583051	1592	-0.3362
8a0f362e-8600-43cc-91e9-3a3d1f76f1c4	1	152583230	152618018	36	-1.6551
8a0f362e-8600-43cc-91e9-3a3d1f76f1c4	1	152618089	152789447	166	-0.2831
8a0f362e-8600-43cc-91e9-3a3d1f76f1c4	1	152789463	152795006	21	0.6979
8a0f362e-8600-43cc-91e9-3a3d1f76f1c4	1	152795027	196745743	29306	-0.3404
8a0f362e-8600-43cc-91e9-3a3d1f76f1c4	1	196758720	196832525	57	-1.0719
8a0f362e-8600-43cc-91e9-3a3d1f76f1c4	1	196832720	248930189	35585	-0.3492
8a0f362e-8600-43cc-91e9-3a3d1f76f1c4	2	12784	36615842	25689	0.0468
8a0f362e-8600-43cc-91e9-3a3d1f76f1c4	2	36620459	36623936	10	-1.1531
8a0f362e-8600-43cc-91e9-3a3d1f76f1c4	2	36629704	40169156	2444	0.0493
8a0f362e-8600-43cc-91e9-3a3d1f76f1c4	2	40170111	40172987	2	-2.1174
8a0f362e-8600-43cc-91e9-3a3d1f76f1c4	2	40173039	41010908	691	0.0501
8a0f362e-8600-43cc-91e9-3a3d1f76f1c4	2	41010924	41015619	19	0.5977
8a0f362e-8600-43cc-91e9-3a3d1f76f1c4	2	41015690	41086783	62	0.0305
8a0f362e-8600-43cc-91e9-3a3d1f76f1c4	2	41094957	41095204	2	1.7732
8a0f362e-8600-43cc-91e9-3a3d1f76f1c4	2	41100547	45074783	2839	0.0621
8a0f362e-8600-43cc-91e9-3a3d1f76f1c4	2	45085223	45101164	20	0.6451
8a0f362e-8600-43cc-91e9-3a3d1f76f1c4	2	45103904	52527743	5237	0.043
8a0f362e-8600-43cc-91e9-3a3d1f76f1c4	2	52531615	52554274	29	-0.7243
8a0f362e-8600-43cc-91e9-3a3d1f76f1c4	2	52554359	54432176	1409	0.0542
8a0f362e-8600-43cc-91e9-3a3d1f76f1c4	2	54432570	54432843	2	-2.6238
8a0f362e-8600-43cc-91e9-3a3d1f76f1c4	2	54433658	127091487	40235	0.0495
8a0f362e-8600-43cc-91e9-3a3d1f76f1c4	2	127094445	127100187	2	-2.3709
8a0f362e-8600-43cc-91e9-3a3d1f76f1c4	2	127100370	242147305	70305	0.0442
8a0f362e-8600-43cc-91e9-3a3d1f76f1c4	3	20930	26570006	19897	0.056
8a0f362e-8600-43cc-91e9-3a3d1f76f1c4	3	26570116	26570394	6	-1.7435
8a0f362e-8600-43cc-91e9-3a3d1f76f1c4	3	26570407	59935186	20452	0.0476
8a0f362e-8600-43cc-91e9-3a3d1f76f1c4	3	59935921	59950078	15	-0.5632
8a0f362e-8600-43cc-91e9-3a3d1f76f1c4	3	59950772	65203969	4752	0.0497
8a0f362e-8600-43cc-91e9-3a3d1f76f1c4	3	65204342	65231155	54	0.3809
8a0f362e-8600-43cc-91e9-3a3d1f76f1c4	3	65231981	68682877	2404	0.0399
8a0f362e-8600-43cc-91e9-3a3d1f76f1c4	3	68697013	68698262	15	-0.9629
8a0f362e-8600-43cc-91e9-3a3d1f76f1c4	3	68699607	99225632	15868	0.0393
8a0f362e-8600-43cc-91e9-3a3d1f76f1c4	3	99225667	99230464	34	-0.6504
8a0f362e-8600-43cc-91e9-3a3d1f76f1c4	3	99230470	119001132	12206	0.0447
8a0f362e-8600-43cc-91e9-3a3d1f76f1c4	3	119012086	119054104	16	0.7228
8a0f362e-8600-43cc-91e9-3a3d1f76f1c4	3	119054628	119080835	10	1.7683
8a0f362e-8600-43cc-91e9-3a3d1f76f1c4	3	119082677	119107036	20	1.0927
8a0f362e-8600-43cc-91e9-3a3d1f76f1c4	3	119115295	137314218	10903	0.049
8a0f362e-8600-43cc-91e9-3a3d1f76f1c4	3	137314418	137314421	3	2.5009
8a0f362e-8600-43cc-91e9-3a3d1f76f1c4	3	137314580	143566923	3854	0.0536
8a0f362e-8600-43cc-91e9-3a3d1f76f1c4	3	143566958	143567132	4	1.7018
8a0f362e-8600-43cc-91e9-3a3d1f76f1c4	3	143567959	169012392	15356	0.053
8a0f362e-8600-43cc-91e9-3a3d1f76f1c4	3	169015614	169020840	2	-2.0775
8a0f362e-8600-43cc-91e9-3a3d1f76f1c4	3	169022039	189642965	13162	0.0497
8a0f362e-8600-43cc-91e9-3a3d1f76f1c4	3	189645889	189654562	14	-0.8875
8a0f362e-8600-43cc-91e9-3a3d1f76f1c4	3	189654574	190627729	746	0.0507
8a0f362e-8600-43cc-91e9-3a3d1f76f1c4	3	190628429	190628736	2	-3.0729
8a0f362e-8600-43cc-91e9-3a3d1f76f1c4	3	190631691	193160173	1734	0.0529
8a0f362e-8600-43cc-91e9-3a3d1f76f1c4	3	193160256	193168714	21	0.8656
8a0f362e-8600-43cc-91e9-3a3d1f76f1c4	3	193168734	198169247	2678	0.0623
8a0f362e-8600-43cc-91e9-3a3d1f76f1c4	4	68929	9444321	5133	0.054
8a0f362e-8600-43cc-91e9-3a3d1f76f1c4	4	9445117	9477699	11	-1.1578
8a0f362e-8600-43cc-91e9-3a3d1f76f1c4	4	9484440	10221792	539	0.0337
8a0f362e-8600-43cc-91e9-3a3d1f76f1c4	4	10222004	10233644	34	-1.9982
8a0f362e-8600-43cc-91e9-3a3d1f76f1c4	4	10234518	32398929	15581	0.0419
8a0f362e-8600-43cc-91e9-3a3d1f76f1c4	4	32398943	32398977	3	1.8237
8a0f362e-8600-43cc-91e9-3a3d1f76f1c4	4	32399891	34777432	1340	0.0423
8a0f362e-8600-43cc-91e9-3a3d1f76f1c4	4	34784878	34817488	34	-0.6271
8a0f362e-8600-43cc-91e9-3a3d1f76f1c4	4	34817589	48111202	8318	0.0459
8a0f362e-8600-43cc-91e9-3a3d1f76f1c4	4	48113247	48312041	290	0.2549
8a0f362e-8600-43cc-91e9-3a3d1f76f1c4	4	48315003	68395346	10771	0.0458
8a0f362e-8600-43cc-91e9-3a3d1f76f1c4	4	68416487	68615205	75	-0.3041
8a0f362e-8600-43cc-91e9-3a3d1f76f1c4	4	68615219	69197268	292	0.0871
8a0f362e-8600-43cc-91e9-3a3d1f76f1c4	4	69199815	69374271	87	0.4186
8a0f362e-8600-43cc-91e9-3a3d1f76f1c4	4	69376311	112403479	25983	0.0435
8a0f362e-8600-43cc-91e9-3a3d1f76f1c4	4	112408189	112410407	7	-0.9797
8a0f362e-8600-43cc-91e9-3a3d1f76f1c4	4	112410429	121360818	5569	0.0481
8a0f362e-8600-43cc-91e9-3a3d1f76f1c4	4	121361313	121362395	20	-0.9905
8a0f362e-8600-43cc-91e9-3a3d1f76f1c4	4	121362751	137171085	8846	0.0435
8a0f362e-8600-43cc-91e9-3a3d1f76f1c4	4	137171266	137172260	13	0.7321
8a0f362e-8600-43cc-91e9-3a3d1f76f1c4	4	137173804	151272673	8486	0.0427
8a0f362e-8600-43cc-91e9-3a3d1f76f1c4	4	151277579	151280052	2	-3.805
8a0f362e-8600-43cc-91e9-3a3d1f76f1c4	4	151282285	160950630	6148	0.0455
8a0f362e-8600-43cc-91e9-3a3d1f76f1c4	4	160950700	161010744	77	0.4406
8a0f362e-8600-43cc-91e9-3a3d1f76f1c4	4	161011125	184971361	15667	0.0468
8a0f362e-8600-43cc-91e9-3a3d1f76f1c4	4	184971986	184984962	14	-0.7283
8a0f362e-8600-43cc-91e9-3a3d1f76f1c4	4	184985214	190106768	3381	0.0528
8a0f362e-8600-43cc-91e9-3a3d1f76f1c4	5	15532	717794	313	0.0387
8a0f362e-8600-43cc-91e9-3a3d1f76f1c4	5	722090	863682	42	-0.4523
8a0f362e-8600-43cc-91e9-3a3d1f76f1c4	5	866255	21359365	15255	0.0473
8a0f362e-8600-43cc-91e9-3a3d1f76f1c4	5	21359380	21565195	72	0.4232
8a0f362e-8600-43cc-91e9-3a3d1f76f1c4	5	21566927	32102625	6521	0.0464
8a0f362e-8600-43cc-91e9-3a3d1f76f1c4	5	32106978	32158349	40	1.2064
8a0f362e-8600-43cc-91e9-3a3d1f76f1c4	5	32170181	46191782	8313	0.0482
8a0f362e-8600-43cc-91e9-3a3d1f76f1c4	5	46195781	46199333	4	1.3458
8a0f362e-8600-43cc-91e9-3a3d1f76f1c4	5	46209197	46271006	15	-0.114
8a0f362e-8600-43cc-91e9-3a3d1f76f1c4	5	46271828	46273400	6	-2.6554
8a0f362e-8600-43cc-91e9-3a3d1f76f1c4	5	46278110	106894284	33238	0.0481
8a0f362e-8600-43cc-91e9-3a3d1f76f1c4	5	106894511	106897399	15	0.853
8a0f362e-8600-43cc-91e9-3a3d1f76f1c4	5	106897416	110028549	2071	0.0308
8a0f362e-8600-43cc-91e9-3a3d1f76f1c4	5	110028692	110041184	16	-1.2897
8a0f362e-8600-43cc-91e9-3a3d1f76f1c4	5	110048430	152134610	27145	0.0483
8a0f362e-8600-43cc-91e9-3a3d1f76f1c4	5	152135825	152138790	14	-2.4796
8a0f362e-8600-43cc-91e9-3a3d1f76f1c4	5	152140710	156049762	2653	0.0477
8a0f362e-8600-43cc-91e9-3a3d1f76f1c4	5	156049910	156055719	13	-2.2335
8a0f362e-8600-43cc-91e9-3a3d1f76f1c4	5	156068240	181363319	16726	0.0498
8a0f362e-8600-43cc-91e9-3a3d1f76f1c4	6	149661	331879	142	0.0332
8a0f362e-8600-43cc-91e9-3a3d1f76f1c4	6	334179	387532	68	-0.3621
8a0f362e-8600-43cc-91e9-3a3d1f76f1c4	6	387659	29869411	21368	0.0486
8a0f362e-8600-43cc-91e9-3a3d1f76f1c4	6	29869537	29909182	23	-0.6448
8a0f362e-8600-43cc-91e9-3a3d1f76f1c4	6	29913249	31313046	647	0.0365
8a0f362e-8600-43cc-91e9-3a3d1f76f1c4	6	31318499	31342147	12	-1.6725
8a0f362e-8600-43cc-91e9-3a3d1f76f1c4	6	31349570	32486746	497	-0.0194
8a0f362e-8600-43cc-91e9-3a3d1f76f1c4	6	32488906	32602588	28	1.8773
8a0f362e-8600-43cc-91e9-3a3d1f76f1c4	6	32605994	32658111	29	0.6534
8a0f362e-8600-43cc-91e9-3a3d1f76f1c4	6	32658160	32700073	14	0.0118
8a0f362e-8600-43cc-91e9-3a3d1f76f1c4	6	32700519	32707332	10	-0.9106
8a0f362e-8600-43cc-91e9-3a3d1f76f1c4	6	32707693	54066269	13619	0.0555
8a0f362e-8600-43cc-91e9-3a3d1f76f1c4	6	54066286	54067057	8	-1.2878
8a0f362e-8600-43cc-91e9-3a3d1f76f1c4	6	54070550	65000836	4452	0.0557
8a0f362e-8600-43cc-91e9-3a3d1f76f1c4	6	65001506	65003899	3	-1.6335
8a0f362e-8600-43cc-91e9-3a3d1f76f1c4	6	65007491	73882741	5898	0.0396
8a0f362e-8600-43cc-91e9-3a3d1f76f1c4	6	73883255	73891694	8	-0.8424
8a0f362e-8600-43cc-91e9-3a3d1f76f1c4	6	73893839	78259348	2761	0.0537
8a0f362e-8600-43cc-91e9-3a3d1f76f1c4	6	78259388	78331916	114	-0.6891
8a0f362e-8600-43cc-91e9-3a3d1f76f1c4	6	78332002	103286770	15420	0.0421
8a0f362e-8600-43cc-91e9-3a3d1f76f1c4	6	103286928	103290458	12	0.8013
8a0f362e-8600-43cc-91e9-3a3d1f76f1c4	6	103290531	143549288	25171	0.0407
8a0f362e-8600-43cc-91e9-3a3d1f76f1c4	6	143550051	143551460	4	-1.3492
8a0f362e-8600-43cc-91e9-3a3d1f76f1c4	6	143553010	152171553	5908	0.0385
8a0f362e-8600-43cc-91e9-3a3d1f76f1c4	6	152171601	152172385	3	-1.9971
8a0f362e-8600-43cc-91e9-3a3d1f76f1c4	6	152172402	170741917	12929	0.037
8a0f362e-8600-43cc-91e9-3a3d1f76f1c4	7	43355	54305455	38337	0.0507
8a0f362e-8600-43cc-91e9-3a3d1f76f1c4	7	54318812	54318824	6	-2.4565
8a0f362e-8600-43cc-91e9-3a3d1f76f1c4	7	54325795	56693807	1555	0.0408
8a0f362e-8600-43cc-91e9-3a3d1f76f1c4	7	56694420	56701121	3	-2.4882
8a0f362e-8600-43cc-91e9-3a3d1f76f1c4	7	56704473	57001033	56	0.0865
8a0f362e-8600-43cc-91e9-3a3d1f76f1c4	7	57016425	57117950	12	0.795
8a0f362e-8600-43cc-91e9-3a3d1f76f1c4	7	57125266	109801155	26760	0.0442
8a0f362e-8600-43cc-91e9-3a3d1f76f1c4	7	109801187	109813853	11	-0.7646
8a0f362e-8600-43cc-91e9-3a3d1f76f1c4	7	109813925	126404920	9994	0.035
8a0f362e-8600-43cc-91e9-3a3d1f76f1c4	7	126405428	126406823	14	1.0625
8a0f362e-8600-43cc-91e9-3a3d1f76f1c4	7	126406824	154598185	17536	0.0489
8a0f362e-8600-43cc-91e9-3a3d1f76f1c4	7	154601461	154607903	4	-1.771
8a0f362e-8600-43cc-91e9-3a3d1f76f1c4	7	154609120	159334314	3218	0.0321
8a0f362e-8600-43cc-91e9-3a3d1f76f1c4	8	81254	5741274	5980	0.0452
8a0f362e-8600-43cc-91e9-3a3d1f76f1c4	8	5741633	5744314	13	-1.1892
8a0f362e-8600-43cc-91e9-3a3d1f76f1c4	8	5746378	11918551	4899	0.0682
8a0f362e-8600-43cc-91e9-3a3d1f76f1c4	8	11925498	11925527	2	-3.4088
8a0f362e-8600-43cc-91e9-3a3d1f76f1c4	8	11928746	13570159	953	0.0793
8a0f362e-8600-43cc-91e9-3a3d1f76f1c4	8	13570208	13571143	3	-1.673
8a0f362e-8600-43cc-91e9-3a3d1f76f1c4	8	13573069	25114672	9532	0.055
8a0f362e-8600-43cc-91e9-3a3d1f76f1c4	8	25116928	25126818	27	-0.6849
8a0f362e-8600-43cc-91e9-3a3d1f76f1c4	8	25133589	39368524	8959	0.0502
8a0f362e-8600-43cc-91e9-3a3d1f76f1c4	8	39368830	39527450	61	0.5562
8a0f362e-8600-43cc-91e9-3a3d1f76f1c4	8	39527675	39973181	270	0.0192
8a0f362e-8600-43cc-91e9-3a3d1f76f1c4	8	39973438	39974128	3	-1.8219
8a0f362e-8600-43cc-91e9-3a3d1f76f1c4	8	39977300	50118212	4304	0.0415
8a0f362e-8600-43cc-91e9-3a3d1f76f1c4	8	50119451	50120863	9	1.0746
8a0f362e-8600-43cc-91e9-3a3d1f76f1c4	8	50126018	75653916	16158	0.0438
8a0f362e-8600-43cc-91e9-3a3d1f76f1c4	8	75654733	75657607	3	-1.4281
8a0f362e-8600-43cc-91e9-3a3d1f76f1c4	8	75657936	111273427	21102	0.0459
8a0f362e-8600-43cc-91e9-3a3d1f76f1c4	8	111276327	111283031	13	0.7752
8a0f362e-8600-43cc-91e9-3a3d1f76f1c4	8	111288052	114622424	1819	0.0492
8a0f362e-8600-43cc-91e9-3a3d1f76f1c4	8	114622438	114642539	35	0.5116
8a0f362e-8600-43cc-91e9-3a3d1f76f1c4	8	114650365	133158243	12989	0.0491
8a0f362e-8600-43cc-91e9-3a3d1f76f1c4	8	133160540	133161445	13	0.8001
8a0f362e-8600-43cc-91e9-3a3d1f76f1c4	8	133161562	145072769	7974	0.0411
8a0f362e-8600-43cc-91e9-3a3d1f76f1c4	9	46587	6814661	6417	0.0555
8a0f362e-8600-43cc-91e9-3a3d1f76f1c4	9	6815683	6818071	3	-1.7661
8a0f362e-8600-43cc-91e9-3a3d1f76f1c4	9	6818683	39214987	24601	0.0567
8a0f362e-8600-43cc-91e9-3a3d1f76f1c4	9	39242280	41473533	110	-0.2798
8a0f362e-8600-43cc-91e9-3a3d1f76f1c4	9	41533430	41569590	6	-1.6844
8a0f362e-8600-43cc-91e9-3a3d1f76f1c4	9	41569591	41741113	23	-0.4917
8a0f362e-8600-43cc-91e9-3a3d1f76f1c4	9	42014203	42308537	33	0.0955
8a0f362e-8600-43cc-91e9-3a3d1f76f1c4	9	42501791	42727685	19	-0.6479
8a0f362e-8600-43cc-91e9-3a3d1f76f1c4	9	42729302	61600648	65	0.1521
8a0f362e-8600-43cc-91e9-3a3d1f76f1c4	9	61612703	61680289	9	-1.6924
8a0f362e-8600-43cc-91e9-3a3d1f76f1c4	9	61692082	63728089	66	0.073
8a0f362e-8600-43cc-91e9-3a3d1f76f1c4	9	63728188	64965577	59	-0.2296
8a0f362e-8600-43cc-91e9-3a3d1f76f1c4	9	64965589	95487805	19221	0.0587
8a0f362e-8600-43cc-91e9-3a3d1f76f1c4	9	95487916	95487949	2	1.968
8a0f362e-8600-43cc-91e9-3a3d1f76f1c4	9	95487988	103804216	5522	0.0617
8a0f362e-8600-43cc-91e9-3a3d1f76f1c4	9	103806415	103807009	2	-3.4985
8a0f362e-8600-43cc-91e9-3a3d1f76f1c4	9	103808421	114320531	7971	0.0577
8a0f362e-8600-43cc-91e9-3a3d1f76f1c4	9	114325122	114326042	2	2.439
8a0f362e-8600-43cc-91e9-3a3d1f76f1c4	9	114330749	138200944	15036	0.0644
8a0f362e-8600-43cc-91e9-3a3d1f76f1c4	10	45792	46522571	31554	0.0519
8a0f362e-8600-43cc-91e9-3a3d1f76f1c4	10	46525652	46553922	29	0.5794
8a0f362e-8600-43cc-91e9-3a3d1f76f1c4	10	46554143	46836986	25	0.0291
8a0f362e-8600-43cc-91e9-3a3d1f76f1c4	10	46898735	46901552	2	2.8751
8a0f362e-8600-43cc-91e9-3a3d1f76f1c4	10	46967412	54920517	5299	0.0473
8a0f362e-8600-43cc-91e9-3a3d1f76f1c4	10	54923330	54924277	2	-2.9694
8a0f362e-8600-43cc-91e9-3a3d1f76f1c4	10	54927534	76493093	14110	0.0471
8a0f362e-8600-43cc-91e9-3a3d1f76f1c4	10	76497303	76497852	2	-2.1229
8a0f362e-8600-43cc-91e9-3a3d1f76f1c4	10	76501509	81118403	3312	0.0346
8a0f362e-8600-43cc-91e9-3a3d1f76f1c4	10	81121574	81137106	12	-1.2788
8a0f362e-8600-43cc-91e9-3a3d1f76f1c4	10	81137120	87154153	4281	0.0441
8a0f362e-8600-43cc-91e9-3a3d1f76f1c4	10	87162547	87169663	2	2.1023
8a0f362e-8600-43cc-91e9-3a3d1f76f1c4	10	87171756	89178916	1395	0.0367
8a0f362e-8600-43cc-91e9-3a3d1f76f1c4	10	89183210	89183902	6	-1.3272
8a0f362e-8600-43cc-91e9-3a3d1f76f1c4	10	89183979	94736094	3453	0.0437
8a0f362e-8600-43cc-91e9-3a3d1f76f1c4	10	94738139	94786790	18	-0.7954
8a0f362e-8600-43cc-91e9-3a3d1f76f1c4	10	94789028	133654968	26789	0.049
8a0f362e-8600-43cc-91e9-3a3d1f76f1c4	11	198510	4945831	2407	0.0547
8a0f362e-8600-43cc-91e9-3a3d1f76f1c4	11	4946000	4954475	32	-0.5933
8a0f362e-8600-43cc-91e9-3a3d1f76f1c4	11	4955027	15165959	7674	0.048
8a0f362e-8600-43cc-91e9-3a3d1f76f1c4	11	15166158	15174270	10	-0.9904
8a0f362e-8600-43cc-91e9-3a3d1f76f1c4	11	15174895	18589310	2266	0.042
8a0f362e-8600-43cc-91e9-3a3d1f76f1c4	11	18594412	18594523	2	-1.988
8a0f362e-8600-43cc-91e9-3a3d1f76f1c4	11	18595525	55595864	21962	0.049
8a0f362e-8600-43cc-91e9-3a3d1f76f1c4	11	55606556	55674842	48	-1.8443
8a0f362e-8600-43cc-91e9-3a3d1f76f1c4	11	55676735	55677818	4	0.8967
8a0f362e-8600-43cc-91e9-3a3d1f76f1c4	11	55678469	55685533	7	-2.5514
8a0f362e-8600-43cc-91e9-3a3d1f76f1c4	11	55686100	80256469	13212	0.0563
8a0f362e-8600-43cc-91e9-3a3d1f76f1c4	11	80256504	80256520	2	-2.8819
8a0f362e-8600-43cc-91e9-3a3d1f76f1c4	11	80256642	81570614	1110	0.0637
8a0f362e-8600-43cc-91e9-3a3d1f76f1c4	11	81570801	81581467	16	-0.539
8a0f362e-8600-43cc-91e9-3a3d1f76f1c4	11	81585806	82044722	366	0.0751
8a0f362e-8600-43cc-91e9-3a3d1f76f1c4	11	82046594	107367930	17509	-0.3525
8a0f362e-8600-43cc-91e9-3a3d1f76f1c4	11	107367945	107368205	5	1.0791
8a0f362e-8600-43cc-91e9-3a3d1f76f1c4	11	107368402	110647532	1996	-0.3576
8a0f362e-8600-43cc-91e9-3a3d1f76f1c4	11	110647705	133111858	16363	0.0489
8a0f362e-8600-43cc-91e9-3a3d1f76f1c4	11	133111938	133138552	19	0.5547
8a0f362e-8600-43cc-91e9-3a3d1f76f1c4	11	133143702	133232397	92	0.0447
8a0f362e-8600-43cc-91e9-3a3d1f76f1c4	11	133232788	133344939	77	0.3237
8a0f362e-8600-43cc-91e9-3a3d1f76f1c4	11	133346633	134428746	750	0.0286
8a0f362e-8600-43cc-91e9-3a3d1f76f1c4	11	134429436	134440907	11	-0.8873
8a0f362e-8600-43cc-91e9-3a3d1f76f1c4	11	134441027	135074876	518	0.0244
8a0f362e-8600-43cc-91e9-3a3d1f76f1c4	12	51460	8204911	5517	0.3658
8a0f362e-8600-43cc-91e9-3a3d1f76f1c4	12	8209454	8220161	9	1.4377
8a0f362e-8600-43cc-91e9-3a3d1f76f1c4	12	8241232	33136024	17176	0.3679
8a0f362e-8600-43cc-91e9-3a3d1f76f1c4	12	33137723	33154440	36	0.8414
8a0f362e-8600-43cc-91e9-3a3d1f76f1c4	12	33155426	34093850	578	0.3736
8a0f362e-8600-43cc-91e9-3a3d1f76f1c4	12	34096879	34110199	10	-0.596
8a0f362e-8600-43cc-91e9-3a3d1f76f1c4	12	34122447	132663121	61053	0.3647
8a0f362e-8600-43cc-91e9-3a3d1f76f1c4	12	132666737	132668563	2	-2.201
8a0f362e-8600-43cc-91e9-3a3d1f76f1c4	12	132673089	133201603	237	0.3748
8a0f362e-8600-43cc-91e9-3a3d1f76f1c4	13	18452809	19547319	530	0.0477
8a0f362e-8600-43cc-91e9-3a3d1f76f1c4	13	19549755	19549770	2	-2.3526
8a0f362e-8600-43cc-91e9-3a3d1f76f1c4	13	19550361	37497899	12893	0.0456
8a0f362e-8600-43cc-91e9-3a3d1f76f1c4	13	37498087	37510620	15	-0.7731
8a0f362e-8600-43cc-91e9-3a3d1f76f1c4	13	37514193	57184136	12478	0.047
8a0f362e-8600-43cc-91e9-3a3d1f76f1c4	13	57184155	57202435	31	-0.6587
8a0f362e-8600-43cc-91e9-3a3d1f76f1c4	13	57204234	74447760	10872	0.0425
8a0f362e-8600-43cc-91e9-3a3d1f76f1c4	13	74447866	74448524	2	-2.191
8a0f362e-8600-43cc-91e9-3a3d1f76f1c4	13	74450476	97858119	14964	0.0414
8a0f362e-8600-43cc-91e9-3a3d1f76f1c4	13	97859912	97879211	9	-0.9238
8a0f362e-8600-43cc-91e9-3a3d1f76f1c4	13	97881576	105451433	5784	0.0417
8a0f362e-8600-43cc-91e9-3a3d1f76f1c4	13	105452590	105495988	35	0.4462
8a0f362e-8600-43cc-91e9-3a3d1f76f1c4	13	105496207	114342922	6267	0.0408
8a0f362e-8600-43cc-91e9-3a3d1f76f1c4	14	18239283	19326853	49	-0.2332
8a0f362e-8600-43cc-91e9-3a3d1f76f1c4	14	19367655	19954424	116	0.1536
8a0f362e-8600-43cc-91e9-3a3d1f76f1c4	14	19955213	73534419	33864	-0.3521
8a0f362e-8600-43cc-91e9-3a3d1f76f1c4	14	73540003	73554275	8	-1.6132
8a0f362e-8600-43cc-91e9-3a3d1f76f1c4	14	73563196	98874961	17194	-0.3502
8a0f362e-8600-43cc-91e9-3a3d1f76f1c4	14	98875416	98883280	2	2.0305
8a0f362e-8600-43cc-91e9-3a3d1f76f1c4	14	98888868	106320716	3561	-0.3488
8a0f362e-8600-43cc-91e9-3a3d1f76f1c4	14	106321086	106365807	12	0.6928
8a0f362e-8600-43cc-91e9-3a3d1f76f1c4	14	106369985	106877229	270	-0.2885
8a0f362e-8600-43cc-91e9-3a3d1f76f1c4	15	19811075	21268107	171	-0.4443
8a0f362e-8600-43cc-91e9-3a3d1f76f1c4	15	21271643	22299523	34	-1.2968
8a0f362e-8600-43cc-91e9-3a3d1f76f1c4	15	22385639	24429986	991	-0.3493
8a0f362e-8600-43cc-91e9-3a3d1f76f1c4	15	24435245	24480146	32	-1.244
8a0f362e-8600-43cc-91e9-3a3d1f76f1c4	15	24482084	101928837	50007	-0.3411
8a0f362e-8600-43cc-91e9-3a3d1f76f1c4	16	10777	6899790	4258	0.0623
8a0f362e-8600-43cc-91e9-3a3d1f76f1c4	16	6900042	6900274	3	-2.431
8a0f362e-8600-43cc-91e9-3a3d1f76f1c4	16	6904273	19934486	9167	0.0554
8a0f362e-8600-43cc-91e9-3a3d1f76f1c4	16	19934577	19954553	26	-1.2095
8a0f362e-8600-43cc-91e9-3a3d1f76f1c4	16	19956040	32198553	6460	0.0755
8a0f362e-8600-43cc-91e9-3a3d1f76f1c4	16	32198778	32447834	7	-1.0149
8a0f362e-8600-43cc-91e9-3a3d1f76f1c4	16	32451922	32894775	19	-0.0321
8a0f362e-8600-43cc-91e9-3a3d1f76f1c4	16	32896104	33340712	13	0.8346
8a0f362e-8600-43cc-91e9-3a3d1f76f1c4	16	33640096	55193702	6381	0.063
8a0f362e-8600-43cc-91e9-3a3d1f76f1c4	16	55194952	55197424	5	-1.1621
8a0f362e-8600-43cc-91e9-3a3d1f76f1c4	16	55197828	55290688	97	0.0381
8a0f362e-8600-43cc-91e9-3a3d1f76f1c4	16	55290855	55291013	2	-1.4497
8a0f362e-8600-43cc-91e9-3a3d1f76f1c4	16	55291210	55764310	414	0.0884
8a0f362e-8600-43cc-91e9-3a3d1f76f1c4	16	55764850	55764867	2	3.1786
8a0f362e-8600-43cc-91e9-3a3d1f76f1c4	16	55770436	90096867	24833	0.0517
8a0f362e-8600-43cc-91e9-3a3d1f76f1c4	17	150733	28452035	13619	0.0651
8a0f362e-8600-43cc-91e9-3a3d1f76f1c4	17	28454323	28455301	2	-2.8828
8a0f362e-8600-43cc-91e9-3a3d1f76f1c4	17	28462253	41266838	7117	0.0577
8a0f362e-8600-43cc-91e9-3a3d1f76f1c4	17	41266851	41274198	18	-1.203
8a0f362e-8600-43cc-91e9-3a3d1f76f1c4	17	41274279	45571138	2151	0.0722
8a0f362e-8600-43cc-91e9-3a3d1f76f1c4	17	45571174	45579014	3	-1.7543
8a0f362e-8600-43cc-91e9-3a3d1f76f1c4	17	45579877	74292169	17518	0.0607
8a0f362e-8600-43cc-91e9-3a3d1f76f1c4	17	74292260	74294709	3	-1.6864
8a0f362e-8600-43cc-91e9-3a3d1f76f1c4	17	74295019	83091923	4419	0.0604
8a0f362e-8600-43cc-91e9-3a3d1f76f1c4	18	48133	40678763	22701	0.0543
8a0f362e-8600-43cc-91e9-3a3d1f76f1c4	18	40680456	40685425	19	0.6657
8a0f362e-8600-43cc-91e9-3a3d1f76f1c4	18	40689534	42470206	1208	0.0331
8a0f362e-8600-43cc-91e9-3a3d1f76f1c4	18	42470463	42477802	27	-0.5471
8a0f362e-8600-43cc-91e9-3a3d1f76f1c4	18	42478430	66239629	16348	0.0537
8a0f362e-8600-43cc-91e9-3a3d1f76f1c4	18	66240197	66244352	10	-0.9998
8a0f362e-8600-43cc-91e9-3a3d1f76f1c4	18	66244639	80257174	10233	0.0607
8a0f362e-8600-43cc-91e9-3a3d1f76f1c4	19	90910	35358420	16658	0.065
8a0f362e-8600-43cc-91e9-3a3d1f76f1c4	19	35364451	35370946	21	-1.8325
8a0f362e-8600-43cc-91e9-3a3d1f76f1c4	19	35375842	54787128	10038	0.0571
8a0f362e-8600-43cc-91e9-3a3d1f76f1c4	19	54788617	54812586	14	0.9226
8a0f362e-8600-43cc-91e9-3a3d1f76f1c4	19	54815158	54837236	14	-0.3279
8a0f362e-8600-43cc-91e9-3a3d1f76f1c4	19	54852069	57491297	1676	0.0621
8a0f362e-8600-43cc-91e9-3a3d1f76f1c4	19	57491451	57494871	3	-1.3741
8a0f362e-8600-43cc-91e9-3a3d1f76f1c4	19	57496417	58586487	600	0.056
8a0f362e-8600-43cc-91e9-3a3d1f76f1c4	20	80664	64324800	42223	0.0587
8a0f362e-8600-43cc-91e9-3a3d1f76f1c4	21	10354168	10559033	53	0.2023
8a0f362e-8600-43cc-91e9-3a3d1f76f1c4	21	10568903	10775586	34	-0.5173
8a0f362e-8600-43cc-91e9-3a3d1f76f1c4	21	12973348	46677045	23671	0.0539
8a0f362e-8600-43cc-91e9-3a3d1f76f1c4	22	15294547	15324751	3	1.4476
8a0f362e-8600-43cc-91e9-3a3d1f76f1c4	22	15341224	18620743	1127	0.0741
8a0f362e-8600-43cc-91e9-3a3d1f76f1c4	22	18649244	18822581	6	1.3813
8a0f362e-8600-43cc-91e9-3a3d1f76f1c4	22	18822597	20596277	1026	0.0877
8a0f362e-8600-43cc-91e9-3a3d1f76f1c4	22	20598622	20599032	2	-3.9798
8a0f362e-8600-43cc-91e9-3a3d1f76f1c4	22	20601876	22027423	805	0.0966
8a0f362e-8600-43cc-91e9-3a3d1f76f1c4	22	22027436	22027946	7	1.1763
8a0f362e-8600-43cc-91e9-3a3d1f76f1c4	22	22032036	23981995	1402	0.0388
8a0f362e-8600-43cc-91e9-3a3d1f76f1c4	22	23988078	23989773	2	-2.9876
8a0f362e-8600-43cc-91e9-3a3d1f76f1c4	22	23990431	35625767	8866	0.0685
8a0f362e-8600-43cc-91e9-3a3d1f76f1c4	22	35626299	35657188	22	0.6167
8a0f362e-8600-43cc-91e9-3a3d1f76f1c4	22	35657234	50796027	9920	0.0697
8a0f362e-8600-43cc-91e9-3a3d1f76f1c4	X	251810	114102638	58939	0.0023
8a0f362e-8600-43cc-91e9-3a3d1f76f1c4	X	114103027	114111117	6	-1.8991
8a0f362e-8600-43cc-91e9-3a3d1f76f1c4	X	114111468	151076628	21919	-0.0036
8a0f362e-8600-43cc-91e9-3a3d1f76f1c4	X	151078224	151079141	2	-2.5905
8a0f362e-8600-43cc-91e9-3a3d1f76f1c4	X	151080512	155952689	2381	-0.0058
8a0f362e-8600-43cc-91e9-3a3d1f76f1c4	Y	2782397	3326047	192	-2.8636
8a0f362e-8600-43cc-91e9-3a3d1f76f1c4	Y	3327226	6044040	523	-2.5072
8a0f362e-8600-43cc-91e9-3a3d1f76f1c4	Y	6058481	9330531	1513	-3.0233
8a0f362e-8600-43cc-91e9-3a3d1f76f1c4	Y	9332936	9554275	25	-4.7733
8a0f362e-8600-43cc-91e9-3a3d1f76f1c4	Y	9554586	13478396	1011	-2.8502
8a0f362e-8600-43cc-91e9-3a3d1f76f1c4	Y	13478462	13482643	3	-7.6945
8a0f362e-8600-43cc-91e9-3a3d1f76f1c4	Y	13483009	56872112	3371	-2.9112
