GDC_Aliquot	Chromosome	Start	End	Num_Probes	Segment_Mean
056b78bc-8eb9-4e23-a664-fa5c485dd41b	1	62920	16863509	8699	-0.0004
056b78bc-8eb9-4e23-a664-fa5c485dd41b	1	16864367	16949746	55	-0.5105
056b78bc-8eb9-4e23-a664-fa5c485dd41b	1	16951445	21411250	3013	-0.0003
056b78bc-8eb9-4e23-a664-fa5c485dd41b	1	21416244	21416520	3	-0.8071
056b78bc-8eb9-4e23-a664-fa5c485dd41b	1	21416967	21992508	327	-0.004
056b78bc-8eb9-4e23-a664-fa5c485dd41b	1	21996664	22011632	6	-0.8803
056b78bc-8eb9-4e23-a664-fa5c485dd41b	1	22015896	25289805	1929	-0.0086
056b78bc-8eb9-4e23-a664-fa5c485dd41b	1	25292440	25320253	8	-0.5962
056b78bc-8eb9-4e23-a664-fa5c485dd41b	1	25320455	34626073	4953	-0.0057
056b78bc-8eb9-4e23-a664-fa5c485dd41b	1	34637053	34638890	20	-0.6601
056b78bc-8eb9-4e23-a664-fa5c485dd41b	1	34648667	72284670	23761	0.004
056b78bc-8eb9-4e23-a664-fa5c485dd41b	1	72290430	72297687	9	-0.6788
056b78bc-8eb9-4e23-a664-fa5c485dd41b	1	72302735	105476583	21003	0.004
056b78bc-8eb9-4e23-a664-fa5c485dd41b	1	105476614	105479753	16	0.827
056b78bc-8eb9-4e23-a664-fa5c485dd41b	1	105481433	112147704	4596	0.0048
056b78bc-8eb9-4e23-a664-fa5c485dd41b	1	112153343	112163334	26	-0.6104
056b78bc-8eb9-4e23-a664-fa5c485dd41b	1	112163438	152583230	7605	-0.0013
056b78bc-8eb9-4e23-a664-fa5c485dd41b	1	152583291	152613762	30	-2.332
056b78bc-8eb9-4e23-a664-fa5c485dd41b	1	152613802	152614118	4	-0.8728
056b78bc-8eb9-4e23-a664-fa5c485dd41b	1	152618018	152787202	167	-0.0055
056b78bc-8eb9-4e23-a664-fa5c485dd41b	1	152789447	152796224	37	-2.0442
056b78bc-8eb9-4e23-a664-fa5c485dd41b	1	152801429	184593415	21516	-0.0003
056b78bc-8eb9-4e23-a664-fa5c485dd41b	1	184593758	184596084	2	-2.213
056b78bc-8eb9-4e23-a664-fa5c485dd41b	1	184597959	196745743	7953	-0.002
056b78bc-8eb9-4e23-a664-fa5c485dd41b	1	196758720	196832525	57	0.486
056b78bc-8eb9-4e23-a664-fa5c485dd41b	1	196832720	199138574	1379	0.0113
056b78bc-8eb9-4e23-a664-fa5c485dd41b	1	199142235	199144712	9	0.7017
056b78bc-8eb9-4e23-a664-fa5c485dd41b	1	199145110	210049929	7477	0.0011
056b78bc-8eb9-4e23-a664-fa5c485dd41b	1	210053883	210054786	2	-1.3087
056b78bc-8eb9-4e23-a664-fa5c485dd41b	1	210054802	248586259	26794	0.0033
056b78bc-8eb9-4e23-a664-fa5c485dd41b	1	248589915	248633821	28	-0.3431
056b78bc-8eb9-4e23-a664-fa5c485dd41b	1	248633912	248930189	142	0.0176
056b78bc-8eb9-4e23-a664-fa5c485dd41b	2	12784	4158097	2988	0.0022
056b78bc-8eb9-4e23-a664-fa5c485dd41b	2	4166274	4176429	42	-0.8497
056b78bc-8eb9-4e23-a664-fa5c485dd41b	2	4182472	9037075	4014	0.005
056b78bc-8eb9-4e23-a664-fa5c485dd41b	2	9045183	9045247	2	-1.0741
056b78bc-8eb9-4e23-a664-fa5c485dd41b	2	9048359	9808346	527	-0.0122
056b78bc-8eb9-4e23-a664-fa5c485dd41b	2	9809447	9810242	3	-0.948
056b78bc-8eb9-4e23-a664-fa5c485dd41b	2	9813820	12943951	2358	0.017
056b78bc-8eb9-4e23-a664-fa5c485dd41b	2	12948425	12952905	8	-0.9425
056b78bc-8eb9-4e23-a664-fa5c485dd41b	2	12953412	14563570	1099	0.02
056b78bc-8eb9-4e23-a664-fa5c485dd41b	2	14564825	14569897	11	-1.2224
056b78bc-8eb9-4e23-a664-fa5c485dd41b	2	14569968	34474248	13039	0.0067
056b78bc-8eb9-4e23-a664-fa5c485dd41b	2	34476327	34476668	5	-3.5611
056b78bc-8eb9-4e23-a664-fa5c485dd41b	2	34483565	34492841	23	-1.857
056b78bc-8eb9-4e23-a664-fa5c485dd41b	2	34492907	34511990	17	-3.5566
056b78bc-8eb9-4e23-a664-fa5c485dd41b	2	34512096	35750907	872	0.0347
056b78bc-8eb9-4e23-a664-fa5c485dd41b	2	35752724	35762850	6	1.068
056b78bc-8eb9-4e23-a664-fa5c485dd41b	2	35762881	40105711	3155	0.0131
056b78bc-8eb9-4e23-a664-fa5c485dd41b	2	40108270	40108319	2	-2.0069
056b78bc-8eb9-4e23-a664-fa5c485dd41b	2	40108736	52527342	8975	0.0088
056b78bc-8eb9-4e23-a664-fa5c485dd41b	2	52527362	52554404	38	-3.0225
056b78bc-8eb9-4e23-a664-fa5c485dd41b	2	52560811	97210536	23836	0.009
056b78bc-8eb9-4e23-a664-fa5c485dd41b	2	97211069	97310327	4	-0.856
056b78bc-8eb9-4e23-a664-fa5c485dd41b	2	97348052	106263639	5591	0.0093
056b78bc-8eb9-4e23-a664-fa5c485dd41b	2	106264257	106268901	11	-2.1658
056b78bc-8eb9-4e23-a664-fa5c485dd41b	2	106270799	108875999	1550	0.0142
056b78bc-8eb9-4e23-a664-fa5c485dd41b	2	108876451	108877580	3	0.9019
056b78bc-8eb9-4e23-a664-fa5c485dd41b	2	108880580	113604438	2231	0.0014
056b78bc-8eb9-4e23-a664-fa5c485dd41b	2	113604837	113623244	3	0.8195
056b78bc-8eb9-4e23-a664-fa5c485dd41b	2	113625975	122719438	5707	0.0059
056b78bc-8eb9-4e23-a664-fa5c485dd41b	2	122722323	122724665	8	-2.1709
056b78bc-8eb9-4e23-a664-fa5c485dd41b	2	122726077	130036283	4783	0.0068
056b78bc-8eb9-4e23-a664-fa5c485dd41b	2	130036310	130116915	13	-0.5379
056b78bc-8eb9-4e23-a664-fa5c485dd41b	2	130117303	146107615	9537	0.009
056b78bc-8eb9-4e23-a664-fa5c485dd41b	2	146107675	146109366	16	-0.3815
056b78bc-8eb9-4e23-a664-fa5c485dd41b	2	146120238	160696369	8823	0.0118
056b78bc-8eb9-4e23-a664-fa5c485dd41b	2	160696730	160696820	2	-4.9138
056b78bc-8eb9-4e23-a664-fa5c485dd41b	2	160700545	193823021	20051	0.0085
056b78bc-8eb9-4e23-a664-fa5c485dd41b	2	193825580	193829074	2	1.4644
056b78bc-8eb9-4e23-a664-fa5c485dd41b	2	193837590	197669984	2173	0.0147
056b78bc-8eb9-4e23-a664-fa5c485dd41b	2	197670098	197673947	3	1.0775
056b78bc-8eb9-4e23-a664-fa5c485dd41b	2	197677977	207635609	6020	0.0126
056b78bc-8eb9-4e23-a664-fa5c485dd41b	2	207636221	207638827	2	-1.501
056b78bc-8eb9-4e23-a664-fa5c485dd41b	2	207639869	242147305	22004	0.0068
056b78bc-8eb9-4e23-a664-fa5c485dd41b	3	20930	241080	200	-0.005
056b78bc-8eb9-4e23-a664-fa5c485dd41b	3	243604	244100	5	-0.7783
056b78bc-8eb9-4e23-a664-fa5c485dd41b	3	244187	6604856	5613	0.0091
056b78bc-8eb9-4e23-a664-fa5c485dd41b	3	6609441	6611645	23	-0.8045
056b78bc-8eb9-4e23-a664-fa5c485dd41b	3	6613391	29748930	16404	-0.0015
056b78bc-8eb9-4e23-a664-fa5c485dd41b	3	29750149	29750207	2	-1.3371
056b78bc-8eb9-4e23-a664-fa5c485dd41b	3	29756943	46763633	10954	-0.0023
056b78bc-8eb9-4e23-a664-fa5c485dd41b	3	46767898	46818342	32	0.3482
056b78bc-8eb9-4e23-a664-fa5c485dd41b	3	46827338	60792199	8318	-0.0008
056b78bc-8eb9-4e23-a664-fa5c485dd41b	3	60794907	60795294	4	-0.9051
056b78bc-8eb9-4e23-a664-fa5c485dd41b	3	60798502	68697013	6244	-0.0032
056b78bc-8eb9-4e23-a664-fa5c485dd41b	3	68697108	68698262	14	-2
056b78bc-8eb9-4e23-a664-fa5c485dd41b	3	68699607	75519398	4930	-0.0009
056b78bc-8eb9-4e23-a664-fa5c485dd41b	3	75523398	75537654	6	-2.2557
056b78bc-8eb9-4e23-a664-fa5c485dd41b	3	75546030	130044855	29724	-0.0033
056b78bc-8eb9-4e23-a664-fa5c485dd41b	3	130047743	130087393	37	-1.6201
056b78bc-8eb9-4e23-a664-fa5c485dd41b	3	130088081	132270503	1438	0.0023
056b78bc-8eb9-4e23-a664-fa5c485dd41b	3	132273893	132276840	4	-2.0291
056b78bc-8eb9-4e23-a664-fa5c485dd41b	3	132281633	140823697	5288	0.0017
056b78bc-8eb9-4e23-a664-fa5c485dd41b	3	140826859	140828142	2	-2.8876
056b78bc-8eb9-4e23-a664-fa5c485dd41b	3	140841776	162790404	13535	0.0011
056b78bc-8eb9-4e23-a664-fa5c485dd41b	3	162790480	162908784	72	-0.2808
056b78bc-8eb9-4e23-a664-fa5c485dd41b	3	162908815	190538297	17334	-0.0025
056b78bc-8eb9-4e23-a664-fa5c485dd41b	3	190542248	190542906	3	-1.5391
056b78bc-8eb9-4e23-a664-fa5c485dd41b	3	190543126	193160256	1833	0.0076
056b78bc-8eb9-4e23-a664-fa5c485dd41b	3	193160406	193165114	17	-1.7806
056b78bc-8eb9-4e23-a664-fa5c485dd41b	3	193168646	198169247	2692	-0.0019
056b78bc-8eb9-4e23-a664-fa5c485dd41b	4	68929	4117959	1628	-0.008
056b78bc-8eb9-4e23-a664-fa5c485dd41b	4	4121101	4151033	6	-0.8663
056b78bc-8eb9-4e23-a664-fa5c485dd41b	4	4158336	9455251	3528	-0.0094
056b78bc-8eb9-4e23-a664-fa5c485dd41b	4	9459504	9477699	6	-1.1813
056b78bc-8eb9-4e23-a664-fa5c485dd41b	4	9484440	10208570	538	-0.0077
056b78bc-8eb9-4e23-a664-fa5c485dd41b	4	10208670	10228533	20	0.4147
056b78bc-8eb9-4e23-a664-fa5c485dd41b	4	10228870	10390730	189	0.0045
056b78bc-8eb9-4e23-a664-fa5c485dd41b	4	10391530	10401094	16	-0.7397
056b78bc-8eb9-4e23-a664-fa5c485dd41b	4	10401122	26287196	11544	0.0023
056b78bc-8eb9-4e23-a664-fa5c485dd41b	4	26290363	26293154	3	-1.1991
056b78bc-8eb9-4e23-a664-fa5c485dd41b	4	26293552	34777432	5239	0.0017
056b78bc-8eb9-4e23-a664-fa5c485dd41b	4	34784878	34823103	38	-0.7977
056b78bc-8eb9-4e23-a664-fa5c485dd41b	4	34828250	68395346	19451	0.0025
056b78bc-8eb9-4e23-a664-fa5c485dd41b	4	68416487	68422424	5	-1.7968
056b78bc-8eb9-4e23-a664-fa5c485dd41b	4	68429081	68478894	9	0.0454
056b78bc-8eb9-4e23-a664-fa5c485dd41b	4	68494770	68671434	73	0.5063
056b78bc-8eb9-4e23-a664-fa5c485dd41b	4	68674307	69255545	308	0.0469
056b78bc-8eb9-4e23-a664-fa5c485dd41b	4	69257792	69366304	56	-0.3874
056b78bc-8eb9-4e23-a664-fa5c485dd41b	4	69366406	84161164	9225	0.0032
056b78bc-8eb9-4e23-a664-fa5c485dd41b	4	84161878	84168148	6	-1.2653
056b78bc-8eb9-4e23-a664-fa5c485dd41b	4	84169596	86054070	1205	-0.0078
056b78bc-8eb9-4e23-a664-fa5c485dd41b	4	86054941	86058611	19	-0.6829
056b78bc-8eb9-4e23-a664-fa5c485dd41b	4	86058791	114252544	16873	-0.0001
056b78bc-8eb9-4e23-a664-fa5c485dd41b	4	114254167	114263073	24	0.7588
056b78bc-8eb9-4e23-a664-fa5c485dd41b	4	114263096	154881396	24044	0.0031
056b78bc-8eb9-4e23-a664-fa5c485dd41b	4	154881853	154881926	3	-2.9186
056b78bc-8eb9-4e23-a664-fa5c485dd41b	4	154882047	171448195	10607	0.0007
056b78bc-8eb9-4e23-a664-fa5c485dd41b	4	171453733	171456559	10	-1.5213
056b78bc-8eb9-4e23-a664-fa5c485dd41b	4	171456573	188712294	11716	0
056b78bc-8eb9-4e23-a664-fa5c485dd41b	4	188715090	188715193	3	-1.0395
056b78bc-8eb9-4e23-a664-fa5c485dd41b	4	188717327	189267889	423	0.0226
056b78bc-8eb9-4e23-a664-fa5c485dd41b	4	189273964	189278110	4	-0.9565
056b78bc-8eb9-4e23-a664-fa5c485dd41b	4	189278617	190106768	350	0.0007
056b78bc-8eb9-4e23-a664-fa5c485dd41b	5	15532	3071876	2000	-0.0108
056b78bc-8eb9-4e23-a664-fa5c485dd41b	5	3072738	3072748	2	-1.3509
056b78bc-8eb9-4e23-a664-fa5c485dd41b	5	3072990	12800777	8193	0.0004
056b78bc-8eb9-4e23-a664-fa5c485dd41b	5	12815668	12826538	11	-2.0899
056b78bc-8eb9-4e23-a664-fa5c485dd41b	5	12833745	46251204	20475	0.0016
056b78bc-8eb9-4e23-a664-fa5c485dd41b	5	46270906	46273400	8	0.9212
056b78bc-8eb9-4e23-a664-fa5c485dd41b	5	46278110	69550476	12405	0.003
056b78bc-8eb9-4e23-a664-fa5c485dd41b	5	69571467	69822308	5	-1.028
056b78bc-8eb9-4e23-a664-fa5c485dd41b	5	69937600	104515520	19538	0.0058
056b78bc-8eb9-4e23-a664-fa5c485dd41b	5	104524672	104524847	3	-1.4667
056b78bc-8eb9-4e23-a664-fa5c485dd41b	5	104524903	105097721	445	-0.0065
056b78bc-8eb9-4e23-a664-fa5c485dd41b	5	105097893	105167266	45	-0.9565
056b78bc-8eb9-4e23-a664-fa5c485dd41b	5	105168236	150825938	29309	0.0002
056b78bc-8eb9-4e23-a664-fa5c485dd41b	5	150826533	150839042	7	0.8877
056b78bc-8eb9-4e23-a664-fa5c485dd41b	5	150843825	177724103	18450	-0.004
056b78bc-8eb9-4e23-a664-fa5c485dd41b	5	177730398	177771448	5	-1.1161
056b78bc-8eb9-4e23-a664-fa5c485dd41b	5	177800550	177805604	3	1.0042
056b78bc-8eb9-4e23-a664-fa5c485dd41b	5	177827964	180951710	1796	0.0009
056b78bc-8eb9-4e23-a664-fa5c485dd41b	5	180951888	180990207	14	-0.6175
056b78bc-8eb9-4e23-a664-fa5c485dd41b	5	180990614	181363319	174	-0.0061
056b78bc-8eb9-4e23-a664-fa5c485dd41b	6	149661	254283	101	-0.0114
056b78bc-8eb9-4e23-a664-fa5c485dd41b	6	257353	381149	101	-0.5165
056b78bc-8eb9-4e23-a664-fa5c485dd41b	6	382559	19039888	14575	-0.0007
056b78bc-8eb9-4e23-a664-fa5c485dd41b	6	19041950	19044471	4	-0.8526
056b78bc-8eb9-4e23-a664-fa5c485dd41b	6	19044485	23057409	2931	0.0102
056b78bc-8eb9-4e23-a664-fa5c485dd41b	6	23060763	23064026	4	-1.6554
056b78bc-8eb9-4e23-a664-fa5c485dd41b	6	23067417	26670022	2518	-0.0155
056b78bc-8eb9-4e23-a664-fa5c485dd41b	6	26671100	26852134	14	-0.4339
056b78bc-8eb9-4e23-a664-fa5c485dd41b	6	26855247	29869295	1409	0.0071
056b78bc-8eb9-4e23-a664-fa5c485dd41b	6	29869410	29881490	16	-1.1315
056b78bc-8eb9-4e23-a664-fa5c485dd41b	6	29882419	32486746	1178	0.021
056b78bc-8eb9-4e23-a664-fa5c485dd41b	6	32488906	32533522	13	1.616
056b78bc-8eb9-4e23-a664-fa5c485dd41b	6	32540699	32722250	91	0.1688
056b78bc-8eb9-4e23-a664-fa5c485dd41b	6	32723020	32723053	3	1.7025
056b78bc-8eb9-4e23-a664-fa5c485dd41b	6	32732907	54066286	13653	-0.0008
056b78bc-8eb9-4e23-a664-fa5c485dd41b	6	54066353	54067057	7	-1.714
056b78bc-8eb9-4e23-a664-fa5c485dd41b	6	54070550	62213920	2974	-0.0047
056b78bc-8eb9-4e23-a664-fa5c485dd41b	6	62215737	62218399	4	-1.0798
056b78bc-8eb9-4e23-a664-fa5c485dd41b	6	62221798	66298393	2355	0.002
056b78bc-8eb9-4e23-a664-fa5c485dd41b	6	66299130	66328153	34	-0.8314
056b78bc-8eb9-4e23-a664-fa5c485dd41b	6	66331020	66333004	6	-2.7289
056b78bc-8eb9-4e23-a664-fa5c485dd41b	6	66333299	66338736	15	-0.9134
056b78bc-8eb9-4e23-a664-fa5c485dd41b	6	66339513	69565263	2202	0.0168
056b78bc-8eb9-4e23-a664-fa5c485dd41b	6	69566997	69569842	2	-1.1738
056b78bc-8eb9-4e23-a664-fa5c485dd41b	6	69574823	73882142	2796	0.006
056b78bc-8eb9-4e23-a664-fa5c485dd41b	6	73882509	73887625	9	-0.5205
056b78bc-8eb9-4e23-a664-fa5c485dd41b	6	73891694	78253172	2769	0.0039
056b78bc-8eb9-4e23-a664-fa5c485dd41b	6	78259348	78325468	111	-0.5543
056b78bc-8eb9-4e23-a664-fa5c485dd41b	6	78329517	103286954	15472	0.0022
056b78bc-8eb9-4e23-a664-fa5c485dd41b	6	103290101	103314174	45	-1.5575
056b78bc-8eb9-4e23-a664-fa5c485dd41b	6	103314186	154639748	33005	0.0012
056b78bc-8eb9-4e23-a664-fa5c485dd41b	6	154642532	154644703	3	-1.1764
056b78bc-8eb9-4e23-a664-fa5c485dd41b	6	154645133	170741917	11178	-0.0017
056b78bc-8eb9-4e23-a664-fa5c485dd41b	7	43355	20228961	14390	0.0064
056b78bc-8eb9-4e23-a664-fa5c485dd41b	7	20232365	20234881	5	-1.1217
056b78bc-8eb9-4e23-a664-fa5c485dd41b	7	20237371	38246926	12972	0.0004
056b78bc-8eb9-4e23-a664-fa5c485dd41b	7	38248326	38317006	92	0.2235
056b78bc-8eb9-4e23-a664-fa5c485dd41b	7	38317032	54305455	11027	0.0033
056b78bc-8eb9-4e23-a664-fa5c485dd41b	7	54318812	54318824	6	1.5947
056b78bc-8eb9-4e23-a664-fa5c485dd41b	7	54325795	62696111	2118	-0.0034
056b78bc-8eb9-4e23-a664-fa5c485dd41b	7	62696120	62701314	11	-0.6863
056b78bc-8eb9-4e23-a664-fa5c485dd41b	7	62701670	109793720	26319	0.0005
056b78bc-8eb9-4e23-a664-fa5c485dd41b	7	109793728	109801155	26	-0.6625
056b78bc-8eb9-4e23-a664-fa5c485dd41b	7	109801187	109813853	11	-2.4849
056b78bc-8eb9-4e23-a664-fa5c485dd41b	7	109813925	116289776	3894	0.0059
056b78bc-8eb9-4e23-a664-fa5c485dd41b	7	116289823	116301612	11	-0.4946
056b78bc-8eb9-4e23-a664-fa5c485dd41b	7	116303460	126405428	6127	0.0016
056b78bc-8eb9-4e23-a664-fa5c485dd41b	7	126405502	126406824	14	-0.9359
056b78bc-8eb9-4e23-a664-fa5c485dd41b	7	126406825	126620696	141	0.0061
056b78bc-8eb9-4e23-a664-fa5c485dd41b	7	126621795	126622802	2	-2.5237
056b78bc-8eb9-4e23-a664-fa5c485dd41b	7	126622941	142063324	9782	0.0016
056b78bc-8eb9-4e23-a664-fa5c485dd41b	7	142069843	142092307	34	-0.631
056b78bc-8eb9-4e23-a664-fa5c485dd41b	7	142099190	142345098	188	0.0255
056b78bc-8eb9-4e23-a664-fa5c485dd41b	7	142347278	142347565	5	0.7675
056b78bc-8eb9-4e23-a664-fa5c485dd41b	7	142356135	142563940	151	0.0447
056b78bc-8eb9-4e23-a664-fa5c485dd41b	7	142581256	142801993	103	0.1658
056b78bc-8eb9-4e23-a664-fa5c485dd41b	7	142802783	144264193	762	0.0152
056b78bc-8eb9-4e23-a664-fa5c485dd41b	7	144295437	144306653	2	-1.5171
056b78bc-8eb9-4e23-a664-fa5c485dd41b	7	144312471	153450553	5562	0.0046
056b78bc-8eb9-4e23-a664-fa5c485dd41b	7	153450560	153450627	2	-2.5972
056b78bc-8eb9-4e23-a664-fa5c485dd41b	7	153450630	154598185	852	-0.0065
056b78bc-8eb9-4e23-a664-fa5c485dd41b	7	154601461	154607903	4	-3.1311
056b78bc-8eb9-4e23-a664-fa5c485dd41b	7	154609120	155112424	495	-0.0103
056b78bc-8eb9-4e23-a664-fa5c485dd41b	7	155113398	155166389	47	0.4129
056b78bc-8eb9-4e23-a664-fa5c485dd41b	7	155166639	159334314	2694	0.0005
056b78bc-8eb9-4e23-a664-fa5c485dd41b	8	81254	3663401	2957	0
056b78bc-8eb9-4e23-a664-fa5c485dd41b	8	3663883	3683615	28	-0.3881
056b78bc-8eb9-4e23-a664-fa5c485dd41b	8	3683698	5736745	3019	0.0016
056b78bc-8eb9-4e23-a664-fa5c485dd41b	8	5741204	5749566	28	-0.7483
056b78bc-8eb9-4e23-a664-fa5c485dd41b	8	5749634	7886542	1745	0.0077
056b78bc-8eb9-4e23-a664-fa5c485dd41b	8	7888457	8214781	26	-0.5186
056b78bc-8eb9-4e23-a664-fa5c485dd41b	8	8234503	8724734	474	0.0231
056b78bc-8eb9-4e23-a664-fa5c485dd41b	8	8725599	8730079	10	-0.7586
056b78bc-8eb9-4e23-a664-fa5c485dd41b	8	8731984	12092042	2734	-0.0073
056b78bc-8eb9-4e23-a664-fa5c485dd41b	8	12130217	12323772	9	0.5964
056b78bc-8eb9-4e23-a664-fa5c485dd41b	8	12358500	12389977	28	-0.4127
056b78bc-8eb9-4e23-a664-fa5c485dd41b	8	12418301	25114672	10422	-0.0009
056b78bc-8eb9-4e23-a664-fa5c485dd41b	8	25116928	25126818	27	-0.4712
056b78bc-8eb9-4e23-a664-fa5c485dd41b	8	25133589	39373140	9018	0.0015
056b78bc-8eb9-4e23-a664-fa5c485dd41b	8	39378084	39529446	59	0.4504
056b78bc-8eb9-4e23-a664-fa5c485dd41b	8	39530780	40914477	1073	0.013
056b78bc-8eb9-4e23-a664-fa5c485dd41b	8	40920333	40920952	2	-1.7934
056b78bc-8eb9-4e23-a664-fa5c485dd41b	8	40926161	50118212	3507	-0.0104
056b78bc-8eb9-4e23-a664-fa5c485dd41b	8	50119451	50119827	8	-1.9211
056b78bc-8eb9-4e23-a664-fa5c485dd41b	8	50120863	71299946	13313	0.0019
056b78bc-8eb9-4e23-a664-fa5c485dd41b	8	71300130	71304364	9	-0.6267
056b78bc-8eb9-4e23-a664-fa5c485dd41b	8	71307628	82357048	6814	-0.0029
056b78bc-8eb9-4e23-a664-fa5c485dd41b	8	82359141	82382783	12	-1.0314
056b78bc-8eb9-4e23-a664-fa5c485dd41b	8	82385345	111279265	17281	0.0028
056b78bc-8eb9-4e23-a664-fa5c485dd41b	8	111282050	111283031	9	1.1214
056b78bc-8eb9-4e23-a664-fa5c485dd41b	8	111288052	143622987	22404	-0.0001
056b78bc-8eb9-4e23-a664-fa5c485dd41b	8	143623027	143625638	8	-1.9265
056b78bc-8eb9-4e23-a664-fa5c485dd41b	8	143636819	145072769	504	-0.0314
056b78bc-8eb9-4e23-a664-fa5c485dd41b	9	46587	602903	508	0.001
056b78bc-8eb9-4e23-a664-fa5c485dd41b	9	606699	606961	4	1.1315
056b78bc-8eb9-4e23-a664-fa5c485dd41b	9	607307	5079156	4729	0.0032
056b78bc-8eb9-4e23-a664-fa5c485dd41b	9	5081416	5081766	8	-0.5617
056b78bc-8eb9-4e23-a664-fa5c485dd41b	9	5081852	6695986	1123	0.0087
056b78bc-8eb9-4e23-a664-fa5c485dd41b	9	6701145	6708357	7	-1.0328
056b78bc-8eb9-4e23-a664-fa5c485dd41b	9	6712314	23361807	14048	0.0043
056b78bc-8eb9-4e23-a664-fa5c485dd41b	9	23363117	23373486	8	-2.8414
056b78bc-8eb9-4e23-a664-fa5c485dd41b	9	23378490	42856247	10933	0.0005
056b78bc-8eb9-4e23-a664-fa5c485dd41b	9	60863881	61647899	43	-0.4807
056b78bc-8eb9-4e23-a664-fa5c485dd41b	9	61665362	87907679	14383	-0.0007
056b78bc-8eb9-4e23-a664-fa5c485dd41b	9	87939236	87939304	2	-1.871
056b78bc-8eb9-4e23-a664-fa5c485dd41b	9	87943042	103481419	10362	0.0021
056b78bc-8eb9-4e23-a664-fa5c485dd41b	9	103481784	103481894	2	-1.8946
056b78bc-8eb9-4e23-a664-fa5c485dd41b	9	103485891	138200944	23354	0.0008
056b78bc-8eb9-4e23-a664-fa5c485dd41b	10	45792	46225795	31541	0.0019
056b78bc-8eb9-4e23-a664-fa5c485dd41b	10	46226215	46250706	24	-0.465
056b78bc-8eb9-4e23-a664-fa5c485dd41b	10	46251840	54685856	5335	0.0004
056b78bc-8eb9-4e23-a664-fa5c485dd41b	10	54693189	54708677	13	0.5787
056b78bc-8eb9-4e23-a664-fa5c485dd41b	10	54712504	54920517	151	0.0168
056b78bc-8eb9-4e23-a664-fa5c485dd41b	10	54923330	54932839	6	-1.0449
056b78bc-8eb9-4e23-a664-fa5c485dd41b	10	54935658	65546518	7362	0.0124
056b78bc-8eb9-4e23-a664-fa5c485dd41b	10	65548165	65554688	28	-0.6311
056b78bc-8eb9-4e23-a664-fa5c485dd41b	10	65563037	76493093	6787	0.0049
056b78bc-8eb9-4e23-a664-fa5c485dd41b	10	76497303	76497852	2	-1.6295
056b78bc-8eb9-4e23-a664-fa5c485dd41b	10	76501509	117802247	27781	0.0016
056b78bc-8eb9-4e23-a664-fa5c485dd41b	10	117804691	117806050	3	-0.9679
056b78bc-8eb9-4e23-a664-fa5c485dd41b	10	117806784	122574497	3753	0.0009
056b78bc-8eb9-4e23-a664-fa5c485dd41b	10	122584593	122597296	7	-1.0007
056b78bc-8eb9-4e23-a664-fa5c485dd41b	10	122598210	133654968	7900	-0.0036
056b78bc-8eb9-4e23-a664-fa5c485dd41b	11	198510	4705210	2145	-0.0142
056b78bc-8eb9-4e23-a664-fa5c485dd41b	11	4705388	4705661	5	-0.7969
056b78bc-8eb9-4e23-a664-fa5c485dd41b	11	4707904	4946420	268	-0.0076
056b78bc-8eb9-4e23-a664-fa5c485dd41b	11	4947280	4955042	30	-0.4463
056b78bc-8eb9-4e23-a664-fa5c485dd41b	11	4955781	5500921	540	0.0071
056b78bc-8eb9-4e23-a664-fa5c485dd41b	11	5500945	5501334	5	-0.6718
056b78bc-8eb9-4e23-a664-fa5c485dd41b	11	5502363	5766175	240	0.0192
056b78bc-8eb9-4e23-a664-fa5c485dd41b	11	5766850	5788108	33	0.4787
056b78bc-8eb9-4e23-a664-fa5c485dd41b	11	5788231	6011537	187	0.0133
056b78bc-8eb9-4e23-a664-fa5c485dd41b	11	6011711	6012061	2	-1.5571
056b78bc-8eb9-4e23-a664-fa5c485dd41b	11	6012746	18918775	9220	0.0078
056b78bc-8eb9-4e23-a664-fa5c485dd41b	11	18919309	18937343	33	0.2712
056b78bc-8eb9-4e23-a664-fa5c485dd41b	11	18938477	55595864	21785	-0.0021
056b78bc-8eb9-4e23-a664-fa5c485dd41b	11	55606556	55685533	59	0.33
056b78bc-8eb9-4e23-a664-fa5c485dd41b	11	55686100	71753030	8347	-0.0058
056b78bc-8eb9-4e23-a664-fa5c485dd41b	11	71766534	71770617	5	-1.0392
056b78bc-8eb9-4e23-a664-fa5c485dd41b	11	71771008	74313212	1188	0.0145
056b78bc-8eb9-4e23-a664-fa5c485dd41b	11	74314244	74315183	2	-1.1537
056b78bc-8eb9-4e23-a664-fa5c485dd41b	11	74318485	81792426	5030	0.0033
056b78bc-8eb9-4e23-a664-fa5c485dd41b	11	81792950	81806116	10	-0.8799
056b78bc-8eb9-4e23-a664-fa5c485dd41b	11	81811590	86178616	2865	-0.0004
056b78bc-8eb9-4e23-a664-fa5c485dd41b	11	86178906	86187779	16	-0.8712
056b78bc-8eb9-4e23-a664-fa5c485dd41b	11	86188770	89754781	2394	0.0077
056b78bc-8eb9-4e23-a664-fa5c485dd41b	11	89759710	89802300	5	0.7491
056b78bc-8eb9-4e23-a664-fa5c485dd41b	11	89802498	101723653	8700	0.0018
056b78bc-8eb9-4e23-a664-fa5c485dd41b	11	101727129	101727233	4	1.0506
056b78bc-8eb9-4e23-a664-fa5c485dd41b	11	101727481	135074876	23730	0.0033
056b78bc-8eb9-4e23-a664-fa5c485dd41b	12	51460	9477960	6177	0.0009
056b78bc-8eb9-4e23-a664-fa5c485dd41b	12	9481274	9575696	24	-1.8355
056b78bc-8eb9-4e23-a664-fa5c485dd41b	12	9582373	11061546	1034	0.0053
056b78bc-8eb9-4e23-a664-fa5c485dd41b	12	11062773	11088933	13	-1.0523
056b78bc-8eb9-4e23-a664-fa5c485dd41b	12	11099275	33141726	15540	0.0006
056b78bc-8eb9-4e23-a664-fa5c485dd41b	12	33148472	33154440	27	-0.827
056b78bc-8eb9-4e23-a664-fa5c485dd41b	12	33155426	99398014	39296	0.0036
056b78bc-8eb9-4e23-a664-fa5c485dd41b	12	99398036	99404811	30	-0.5269
056b78bc-8eb9-4e23-a664-fa5c485dd41b	12	99404942	128744341	19649	-0.0002
056b78bc-8eb9-4e23-a664-fa5c485dd41b	12	128745968	128748000	7	-1.1988
056b78bc-8eb9-4e23-a664-fa5c485dd41b	12	128749443	131636170	2493	0.0041
056b78bc-8eb9-4e23-a664-fa5c485dd41b	12	131648039	131648790	13	-0.6887
056b78bc-8eb9-4e23-a664-fa5c485dd41b	12	131657925	133201603	559	0.0188
056b78bc-8eb9-4e23-a664-fa5c485dd41b	13	18452809	23055038	2856	-0.0089
056b78bc-8eb9-4e23-a664-fa5c485dd41b	13	23055048	23059376	14	-0.5942
056b78bc-8eb9-4e23-a664-fa5c485dd41b	13	23064056	37496998	10619	-0.001
056b78bc-8eb9-4e23-a664-fa5c485dd41b	13	37497899	37510620	16	0.492
056b78bc-8eb9-4e23-a664-fa5c485dd41b	13	37514193	57176962	12523	0.0044
056b78bc-8eb9-4e23-a664-fa5c485dd41b	13	57184136	57215580	35	0.6617
056b78bc-8eb9-4e23-a664-fa5c485dd41b	13	57215875	70230264	7952	0.0055
056b78bc-8eb9-4e23-a664-fa5c485dd41b	13	70234708	70244381	6	-1.2303
056b78bc-8eb9-4e23-a664-fa5c485dd41b	13	70249977	114342922	30144	0.0003
056b78bc-8eb9-4e23-a664-fa5c485dd41b	14	18239283	19012857	29	0.0013
056b78bc-8eb9-4e23-a664-fa5c485dd41b	14	19019303	19289821	16	0.5434
056b78bc-8eb9-4e23-a664-fa5c485dd41b	14	19294457	19732250	22	-0.0777
056b78bc-8eb9-4e23-a664-fa5c485dd41b	14	19732958	19954424	99	0.6596
056b78bc-8eb9-4e23-a664-fa5c485dd41b	14	19955213	21925968	1352	0.0251
056b78bc-8eb9-4e23-a664-fa5c485dd41b	14	21926088	22486728	464	0.2051
056b78bc-8eb9-4e23-a664-fa5c485dd41b	14	22490304	106340102	53156	0.0024
056b78bc-8eb9-4e23-a664-fa5c485dd41b	14	106340305	106365807	10	0.7659
056b78bc-8eb9-4e23-a664-fa5c485dd41b	14	106369985	106403147	20	0.0341
056b78bc-8eb9-4e23-a664-fa5c485dd41b	14	106407604	106462144	53	0.2376
056b78bc-8eb9-4e23-a664-fa5c485dd41b	14	106462169	106877229	197	0.0328
056b78bc-8eb9-4e23-a664-fa5c485dd41b	15	19811075	19989485	43	-0.1271
056b78bc-8eb9-4e23-a664-fa5c485dd41b	15	19998708	20041902	6	0.5771
056b78bc-8eb9-4e23-a664-fa5c485dd41b	15	20056983	20235285	14	-0.0446
056b78bc-8eb9-4e23-a664-fa5c485dd41b	15	20240885	22385639	144	-0.5058
056b78bc-8eb9-4e23-a664-fa5c485dd41b	15	22395047	30156392	4624	0.0018
056b78bc-8eb9-4e23-a664-fa5c485dd41b	15	30157841	30259942	12	-0.527
056b78bc-8eb9-4e23-a664-fa5c485dd41b	15	30269364	53902792	14588	0.0048
056b78bc-8eb9-4e23-a664-fa5c485dd41b	15	53908153	53910302	3	-1.0381
056b78bc-8eb9-4e23-a664-fa5c485dd41b	15	53912031	76586021	14489	0.0036
056b78bc-8eb9-4e23-a664-fa5c485dd41b	15	76598900	76603434	22	-2.7259
056b78bc-8eb9-4e23-a664-fa5c485dd41b	15	76609838	76610855	12	0.2352
056b78bc-8eb9-4e23-a664-fa5c485dd41b	15	76614006	101859346	17590	-0.0021
056b78bc-8eb9-4e23-a664-fa5c485dd41b	15	101859834	101928837	14	0.3773
056b78bc-8eb9-4e23-a664-fa5c485dd41b	16	10777	19934328	13474	-0.0011
056b78bc-8eb9-4e23-a664-fa5c485dd41b	16	19934486	19956040	28	-0.8407
056b78bc-8eb9-4e23-a664-fa5c485dd41b	16	19958932	21368130	891	0.0168
056b78bc-8eb9-4e23-a664-fa5c485dd41b	16	21401082	21586954	27	-0.3491
056b78bc-8eb9-4e23-a664-fa5c485dd41b	16	21588178	22576729	367	0.0328
056b78bc-8eb9-4e23-a664-fa5c485dd41b	16	22579557	22692430	61	-0.4356
056b78bc-8eb9-4e23-a664-fa5c485dd41b	16	22692541	55782734	12114	0.0029
056b78bc-8eb9-4e23-a664-fa5c485dd41b	16	55782793	55788532	4	-1.1427
056b78bc-8eb9-4e23-a664-fa5c485dd41b	16	55808442	78337711	14284	0.0052
056b78bc-8eb9-4e23-a664-fa5c485dd41b	16	78338543	78350841	16	-2.4637
056b78bc-8eb9-4e23-a664-fa5c485dd41b	16	78350868	83760390	6124	0.0065
056b78bc-8eb9-4e23-a664-fa5c485dd41b	16	83760392	83760401	2	-1.2547
056b78bc-8eb9-4e23-a664-fa5c485dd41b	16	83760419	90096867	4498	0.001
056b78bc-8eb9-4e23-a664-fa5c485dd41b	17	150733	18452078	11396	0.0055
056b78bc-8eb9-4e23-a664-fa5c485dd41b	17	18455632	18509244	16	-0.5974
056b78bc-8eb9-4e23-a664-fa5c485dd41b	17	18523147	36109315	6848	0.0065
056b78bc-8eb9-4e23-a664-fa5c485dd41b	17	36109735	36208249	37	-0.324
056b78bc-8eb9-4e23-a664-fa5c485dd41b	17	36460442	41085237	2424	0.0073
056b78bc-8eb9-4e23-a664-fa5c485dd41b	17	41088020	41089704	2	1.0755
056b78bc-8eb9-4e23-a664-fa5c485dd41b	17	41090139	41265433	97	0.0087
056b78bc-8eb9-4e23-a664-fa5c485dd41b	17	41265456	41277221	38	0.4062
056b78bc-8eb9-4e23-a664-fa5c485dd41b	17	41277272	46137998	2525	-0.0005
056b78bc-8eb9-4e23-a664-fa5c485dd41b	17	46138108	46286804	86	-0.2166
056b78bc-8eb9-4e23-a664-fa5c485dd41b	17	46323701	46571001	6	-0.924
056b78bc-8eb9-4e23-a664-fa5c485dd41b	17	46664059	58123113	7357	0.009
056b78bc-8eb9-4e23-a664-fa5c485dd41b	17	58134739	58136733	5	-0.7392
056b78bc-8eb9-4e23-a664-fa5c485dd41b	17	58140037	79372071	12593	0.0051
056b78bc-8eb9-4e23-a664-fa5c485dd41b	17	79372092	79393019	16	0.5569
056b78bc-8eb9-4e23-a664-fa5c485dd41b	17	79404541	82382648	1225	-0.0092
056b78bc-8eb9-4e23-a664-fa5c485dd41b	17	82399121	82403173	2	-1.4569
056b78bc-8eb9-4e23-a664-fa5c485dd41b	17	82403670	83091923	375	0.0042
056b78bc-8eb9-4e23-a664-fa5c485dd41b	18	48133	14661644	10191	-0.001
056b78bc-8eb9-4e23-a664-fa5c485dd41b	18	14663972	14672480	2	-1.4293
056b78bc-8eb9-4e23-a664-fa5c485dd41b	18	14691686	40678741	12598	-0.0056
056b78bc-8eb9-4e23-a664-fa5c485dd41b	18	40678763	40685425	20	-0.6703
056b78bc-8eb9-4e23-a664-fa5c485dd41b	18	40688060	42471713	1216	-0.0097
056b78bc-8eb9-4e23-a664-fa5c485dd41b	18	42476604	42477506	24	-0.6901
056b78bc-8eb9-4e23-a664-fa5c485dd41b	18	42477802	66050517	16258	-0.0049
056b78bc-8eb9-4e23-a664-fa5c485dd41b	18	66054343	66061104	13	-0.6331
056b78bc-8eb9-4e23-a664-fa5c485dd41b	18	66065502	66095064	47	-0.0179
056b78bc-8eb9-4e23-a664-fa5c485dd41b	18	66099904	66100686	3	1.0656
056b78bc-8eb9-4e23-a664-fa5c485dd41b	18	66108359	66239629	97	0.0096
056b78bc-8eb9-4e23-a664-fa5c485dd41b	18	66240197	66243219	7	-1.0712
056b78bc-8eb9-4e23-a664-fa5c485dd41b	18	66243255	80257174	10275	-0.0009
056b78bc-8eb9-4e23-a664-fa5c485dd41b	19	90910	35358420	16713	0.0015
056b78bc-8eb9-4e23-a664-fa5c485dd41b	19	35364451	35379534	27	-0.5184
056b78bc-8eb9-4e23-a664-fa5c485dd41b	19	35383481	48028055	6272	0.0025
056b78bc-8eb9-4e23-a664-fa5c485dd41b	19	48028073	48028075	2	-2.2737
056b78bc-8eb9-4e23-a664-fa5c485dd41b	19	48028119	50824837	1201	-0.0018
056b78bc-8eb9-4e23-a664-fa5c485dd41b	19	50829011	50829982	6	-0.7321
056b78bc-8eb9-4e23-a664-fa5c485dd41b	19	50835951	52813087	1348	0.0022
056b78bc-8eb9-4e23-a664-fa5c485dd41b	19	52815851	52824717	5	0.7601
056b78bc-8eb9-4e23-a664-fa5c485dd41b	19	52824773	57516135	2954	0.0109
056b78bc-8eb9-4e23-a664-fa5c485dd41b	19	57516384	57523312	2	-1.1759
056b78bc-8eb9-4e23-a664-fa5c485dd41b	19	57523861	58586487	589	0.0006
056b78bc-8eb9-4e23-a664-fa5c485dd41b	20	80664	1580353	1204	0.0024
056b78bc-8eb9-4e23-a664-fa5c485dd41b	20	1580934	1613247	41	1.9253
056b78bc-8eb9-4e23-a664-fa5c485dd41b	20	1617300	64284715	41138	0.0024
056b78bc-8eb9-4e23-a664-fa5c485dd41b	20	64323342	64324800	5	-2.5455
056b78bc-8eb9-4e23-a664-fa5c485dd41b	21	10354168	13231256	122	-0.2105
056b78bc-8eb9-4e23-a664-fa5c485dd41b	21	13240288	46677045	23747	0.0013
056b78bc-8eb9-4e23-a664-fa5c485dd41b	22	15294547	23981995	4394	-0.0203
056b78bc-8eb9-4e23-a664-fa5c485dd41b	22	23987520	23990739	5	-1.4044
056b78bc-8eb9-4e23-a664-fa5c485dd41b	22	23995113	24140579	104	0.0023
056b78bc-8eb9-4e23-a664-fa5c485dd41b	22	24142951	24149254	9	-0.7143
056b78bc-8eb9-4e23-a664-fa5c485dd41b	22	24150931	37346951	9918	-0.0019
056b78bc-8eb9-4e23-a664-fa5c485dd41b	22	37352689	37353906	4	-0.9598
056b78bc-8eb9-4e23-a664-fa5c485dd41b	22	37354627	38967614	808	-0.0122
056b78bc-8eb9-4e23-a664-fa5c485dd41b	22	38967679	38979302	23	-0.7431
056b78bc-8eb9-4e23-a664-fa5c485dd41b	22	38993700	48872888	6784	-0.0042
056b78bc-8eb9-4e23-a664-fa5c485dd41b	22	48874111	48874730	2	-1.8764
056b78bc-8eb9-4e23-a664-fa5c485dd41b	22	48877479	50796027	1233	-0.0197
056b78bc-8eb9-4e23-a664-fa5c485dd41b	X	251810	2747168	93	0.2679
056b78bc-8eb9-4e23-a664-fa5c485dd41b	X	2748312	8815239	4506	-0.0025
056b78bc-8eb9-4e23-a664-fa5c485dd41b	X	8818678	8821613	3	-1.595
056b78bc-8eb9-4e23-a664-fa5c485dd41b	X	8822592	9605751	593	-0.0129
056b78bc-8eb9-4e23-a664-fa5c485dd41b	X	9610023	9610158	2	-1.7938
056b78bc-8eb9-4e23-a664-fa5c485dd41b	X	9610705	84600753	37854	0.0057
056b78bc-8eb9-4e23-a664-fa5c485dd41b	X	84604417	84609271	4	-1.8967
056b78bc-8eb9-4e23-a664-fa5c485dd41b	X	84609854	155952689	39970	0.0008
056b78bc-8eb9-4e23-a664-fa5c485dd41b	Y	2782397	9685653	2306	-0.6488
056b78bc-8eb9-4e23-a664-fa5c485dd41b	Y	9759940	9811130	3	1.2572
056b78bc-8eb9-4e23-a664-fa5c485dd41b	Y	9870332	18672817	2929	-0.6264
056b78bc-8eb9-4e23-a664-fa5c485dd41b	Y	18674464	18674481	2	-2.4295
056b78bc-8eb9-4e23-a664-fa5c485dd41b	Y	18675145	23278844	1201	-0.6377
056b78bc-8eb9-4e23-a664-fa5c485dd41b	Y	23444874	23977245	6	-1.5356
056b78bc-8eb9-4e23-a664-fa5c485dd41b	Y	24320966	56872112	187	-0.6772
