GDC_Aliquot	Chromosome	Start	End	Num_Probes	Segment_Mean
d0fee861-4c64-46e0-9cf2-de863797f245	1	62920	1905488	310	-0.2088
d0fee861-4c64-46e0-9cf2-de863797f245	1	1915175	3291811	416	-0.3752
d0fee861-4c64-46e0-9cf2-de863797f245	1	3296382	30189691	15457	-0.1515
d0fee861-4c64-46e0-9cf2-de863797f245	1	30190003	30192228	3	2.1604
d0fee861-4c64-46e0-9cf2-de863797f245	1	30192672	30722039	451	-0.1787
d0fee861-4c64-46e0-9cf2-de863797f245	1	30724198	30778204	38	-0.6238
d0fee861-4c64-46e0-9cf2-de863797f245	1	30778417	72303233	25668	-0.1469
d0fee861-4c64-46e0-9cf2-de863797f245	1	72303253	72343689	39	-1.2863
d0fee861-4c64-46e0-9cf2-de863797f245	1	72343748	152583291	32894	-0.1425
d0fee861-4c64-46e0-9cf2-de863797f245	1	152583319	152602985	22	-1.4886
d0fee861-4c64-46e0-9cf2-de863797f245	1	152606973	152606992	2	3.3363
d0fee861-4c64-46e0-9cf2-de863797f245	1	152607145	152614118	9	-1.6413
d0fee861-4c64-46e0-9cf2-de863797f245	1	152618018	152721221	100	-0.1954
d0fee861-4c64-46e0-9cf2-de863797f245	1	152721717	152725692	4	0.7428
d0fee861-4c64-46e0-9cf2-de863797f245	1	152726238	152784298	57	-0.1154
d0fee861-4c64-46e0-9cf2-de863797f245	1	152785214	152806050	43	0.3805
d0fee861-4c64-46e0-9cf2-de863797f245	1	152806082	169022554	10949	-0.143
d0fee861-4c64-46e0-9cf2-de863797f245	1	169024842	169027781	2	1.771
d0fee861-4c64-46e0-9cf2-de863797f245	1	169028126	169247699	179	-0.1661
d0fee861-4c64-46e0-9cf2-de863797f245	1	169264736	169272528	7	-2.9725
d0fee861-4c64-46e0-9cf2-de863797f245	1	169273163	174828177	3482	-0.1557
d0fee861-4c64-46e0-9cf2-de863797f245	1	174828195	174832716	11	0.9282
d0fee861-4c64-46e0-9cf2-de863797f245	1	174832734	196740630	14499	-0.1482
d0fee861-4c64-46e0-9cf2-de863797f245	1	196741937	196843377	63	0.4861
d0fee861-4c64-46e0-9cf2-de863797f245	1	196843400	205584967	5739	-0.1622
d0fee861-4c64-46e0-9cf2-de863797f245	1	205586017	205589274	2	-2.8352
d0fee861-4c64-46e0-9cf2-de863797f245	1	205589547	243139864	26002	-0.151
d0fee861-4c64-46e0-9cf2-de863797f245	1	243143622	243189078	16	0.7011
d0fee861-4c64-46e0-9cf2-de863797f245	1	243190549	246109843	2011	-0.1364
d0fee861-4c64-46e0-9cf2-de863797f245	1	246109865	246110213	2	2.3698
d0fee861-4c64-46e0-9cf2-de863797f245	1	246110241	248930189	1650	-0.1292
d0fee861-4c64-46e0-9cf2-de863797f245	2	12784	1367433	890	0.2769
d0fee861-4c64-46e0-9cf2-de863797f245	2	1368700	1910469	334	0.1568
d0fee861-4c64-46e0-9cf2-de863797f245	2	1912207	3179183	975	0.3177
d0fee861-4c64-46e0-9cf2-de863797f245	2	3179490	3191657	10	-0.4101
d0fee861-4c64-46e0-9cf2-de863797f245	2	3192955	7499242	3680	0.3202
d0fee861-4c64-46e0-9cf2-de863797f245	2	7502934	7506841	2	2.8901
d0fee861-4c64-46e0-9cf2-de863797f245	2	7506876	34476516	17988	0.3005
d0fee861-4c64-46e0-9cf2-de863797f245	2	34476558	34511990	43	-1.6933
d0fee861-4c64-46e0-9cf2-de863797f245	2	34512096	52509476	12854	0.3036
d0fee861-4c64-46e0-9cf2-de863797f245	2	52509498	52566389	61	0.7214
d0fee861-4c64-46e0-9cf2-de863797f245	2	52567004	179196928	72898	0.2983
d0fee861-4c64-46e0-9cf2-de863797f245	2	179202465	179214417	3	-1.6367
d0fee861-4c64-46e0-9cf2-de863797f245	2	179218864	179221009	3	1.2757
d0fee861-4c64-46e0-9cf2-de863797f245	2	179221023	179554570	218	0.2667
d0fee861-4c64-46e0-9cf2-de863797f245	2	179554808	179557142	19	-0.4087
d0fee861-4c64-46e0-9cf2-de863797f245	2	179557161	194994616	8883	0.3081
d0fee861-4c64-46e0-9cf2-de863797f245	2	194995116	194997068	3	2.308
d0fee861-4c64-46e0-9cf2-de863797f245	2	194998206	242147305	29322	0.2953
d0fee861-4c64-46e0-9cf2-de863797f245	3	20930	4227347	3762	0.3331
d0fee861-4c64-46e0-9cf2-de863797f245	3	4229530	4230132	2	2.6167
d0fee861-4c64-46e0-9cf2-de863797f245	3	4230569	68697013	43593	0.3194
d0fee861-4c64-46e0-9cf2-de863797f245	3	68697108	68698262	14	1.4523
d0fee861-4c64-46e0-9cf2-de863797f245	3	68699607	84651166	9843	0.3221
d0fee861-4c64-46e0-9cf2-de863797f245	3	84651178	84652966	7	1.2211
d0fee861-4c64-46e0-9cf2-de863797f245	3	84652985	85573697	539	0.3313
d0fee861-4c64-46e0-9cf2-de863797f245	3	85575623	85575869	2	-1.3908
d0fee861-4c64-46e0-9cf2-de863797f245	3	85579698	89355952	2146	0.3325
d0fee861-4c64-46e0-9cf2-de863797f245	3	89355954	89370231	41	-0.0392
d0fee861-4c64-46e0-9cf2-de863797f245	3	89370771	95737262	1367	0.3365
d0fee861-4c64-46e0-9cf2-de863797f245	3	95748036	95749266	2	-2.7396
d0fee861-4c64-46e0-9cf2-de863797f245	3	95749836	130067366	20410	0.3138
d0fee861-4c64-46e0-9cf2-de863797f245	3	130067443	130089968	35	-0.3086
d0fee861-4c64-46e0-9cf2-de863797f245	3	130092370	132270503	1420	0.306
d0fee861-4c64-46e0-9cf2-de863797f245	3	132273893	132276840	4	-2.1046
d0fee861-4c64-46e0-9cf2-de863797f245	3	132281633	162790480	18665	0.3164
d0fee861-4c64-46e0-9cf2-de863797f245	3	162794869	162906109	68	1.0032
d0fee861-4c64-46e0-9cf2-de863797f245	3	162908192	162996729	73	0.3184
d0fee861-4c64-46e0-9cf2-de863797f245	3	162999939	163001774	2	-3.4095
d0fee861-4c64-46e0-9cf2-de863797f245	3	163008371	166097944	1744	0.3496
d0fee861-4c64-46e0-9cf2-de863797f245	3	166099553	166103800	3	-1.6232
d0fee861-4c64-46e0-9cf2-de863797f245	3	166110628	169012392	1592	0.323
d0fee861-4c64-46e0-9cf2-de863797f245	3	169015614	169020840	2	2.1511
d0fee861-4c64-46e0-9cf2-de863797f245	3	169022039	175362958	4175	0.322
d0fee861-4c64-46e0-9cf2-de863797f245	3	175363114	175363437	3	-1.4743
d0fee861-4c64-46e0-9cf2-de863797f245	3	175363536	195673928	12896	0.3145
d0fee861-4c64-46e0-9cf2-de863797f245	3	195683075	195737223	34	0.7315
d0fee861-4c64-46e0-9cf2-de863797f245	3	195737253	195737995	4	1.5088
d0fee861-4c64-46e0-9cf2-de863797f245	3	195746925	198169247	1156	0.3044
d0fee861-4c64-46e0-9cf2-de863797f245	4	68929	10221792	5624	-0.1844
d0fee861-4c64-46e0-9cf2-de863797f245	4	10222004	10229173	21	-1.4035
d0fee861-4c64-46e0-9cf2-de863797f245	4	10229188	10232642	8	0.4067
d0fee861-4c64-46e0-9cf2-de863797f245	4	10232984	34764149	16808	-0.1481
d0fee861-4c64-46e0-9cf2-de863797f245	4	34768684	34823103	47	0.448
d0fee861-4c64-46e0-9cf2-de863797f245	4	34828250	49295203	8880	-0.151
d0fee861-4c64-46e0-9cf2-de863797f245	4	49501149	51823373	25	0.3624
d0fee861-4c64-46e0-9cf2-de863797f245	4	51830626	54635561	1803	-0.1587
d0fee861-4c64-46e0-9cf2-de863797f245	4	54635754	54639193	2	2.9366
d0fee861-4c64-46e0-9cf2-de863797f245	4	54639766	63832015	5687	-0.1466
d0fee861-4c64-46e0-9cf2-de863797f245	4	63832110	63842099	19	0.6883
d0fee861-4c64-46e0-9cf2-de863797f245	4	63842411	68472846	2846	-0.145
d0fee861-4c64-46e0-9cf2-de863797f245	4	68478894	68655691	73	0.4681
d0fee861-4c64-46e0-9cf2-de863797f245	4	68663241	69272329	321	-0.1946
d0fee861-4c64-46e0-9cf2-de863797f245	4	69277656	69297175	12	-1.0298
d0fee861-4c64-46e0-9cf2-de863797f245	4	69300013	103294549	20465	-0.1618
d0fee861-4c64-46e0-9cf2-de863797f245	4	103296943	103296945	3	1.8684
d0fee861-4c64-46e0-9cf2-de863797f245	4	103298947	103824414	364	-0.1368
d0fee861-4c64-46e0-9cf2-de863797f245	4	103830473	103830480	5	1.9224
d0fee861-4c64-46e0-9cf2-de863797f245	4	103830487	107147161	1853	-0.1661
d0fee861-4c64-46e0-9cf2-de863797f245	4	107147227	107150731	6	1.7074
d0fee861-4c64-46e0-9cf2-de863797f245	4	107152350	114254202	4395	-0.1603
d0fee861-4c64-46e0-9cf2-de863797f245	4	114254223	114258196	8	-0.7114
d0fee861-4c64-46e0-9cf2-de863797f245	4	114258272	114261019	12	-1.783
d0fee861-4c64-46e0-9cf2-de863797f245	4	114263073	115254152	620	-0.1491
d0fee861-4c64-46e0-9cf2-de863797f245	4	115254166	115254680	5	1.3129
d0fee861-4c64-46e0-9cf2-de863797f245	4	115254708	154881396	23175	-0.1514
d0fee861-4c64-46e0-9cf2-de863797f245	4	154881853	154881926	3	-3.4122
d0fee861-4c64-46e0-9cf2-de863797f245	4	154882047	160958989	3880	-0.1505
d0fee861-4c64-46e0-9cf2-de863797f245	4	160959045	160963756	18	-2.0575
d0fee861-4c64-46e0-9cf2-de863797f245	4	160963767	183051423	14346	-0.1429
d0fee861-4c64-46e0-9cf2-de863797f245	4	183057666	183058817	2	2.828
d0fee861-4c64-46e0-9cf2-de863797f245	4	183061944	190106768	4610	-0.1726
d0fee861-4c64-46e0-9cf2-de863797f245	5	15532	82033	33	-0.0392
d0fee861-4c64-46e0-9cf2-de863797f245	5	82480	1908188	890	-0.3402
d0fee861-4c64-46e0-9cf2-de863797f245	5	1908411	10738826	7673	-0.1549
d0fee861-4c64-46e0-9cf2-de863797f245	5	10738854	10779740	36	-0.6527
d0fee861-4c64-46e0-9cf2-de863797f245	5	10780716	12785150	1443	-0.1398
d0fee861-4c64-46e0-9cf2-de863797f245	5	12790757	12819201	7	0.8668
d0fee861-4c64-46e0-9cf2-de863797f245	5	12819263	12826538	8	-1.4899
d0fee861-4c64-46e0-9cf2-de863797f245	5	12833745	76154195	35671	-0.1502
d0fee861-4c64-46e0-9cf2-de863797f245	5	76154242	76154319	3	2.1476
d0fee861-4c64-46e0-9cf2-de863797f245	5	76154351	99279761	13200	-0.1601
d0fee861-4c64-46e0-9cf2-de863797f245	5	99280815	100038969	472	-0.0392
d0fee861-4c64-46e0-9cf2-de863797f245	5	100040785	140839137	25522	-0.1598
d0fee861-4c64-46e0-9cf2-de863797f245	5	140844251	140872578	14	-0.9198
d0fee861-4c64-46e0-9cf2-de863797f245	5	140874202	159399349	12389	-0.1706
d0fee861-4c64-46e0-9cf2-de863797f245	5	159399485	159402519	2	-2.5126
d0fee861-4c64-46e0-9cf2-de863797f245	5	159403466	176635751	11916	-0.1629
d0fee861-4c64-46e0-9cf2-de863797f245	5	176636548	176882170	122	-0.412
d0fee861-4c64-46e0-9cf2-de863797f245	5	176882853	178425581	619	-0.1522
d0fee861-4c64-46e0-9cf2-de863797f245	5	178426531	178429604	3	-1.8455
d0fee861-4c64-46e0-9cf2-de863797f245	5	178430348	181363319	1703	-0.1866
d0fee861-4c64-46e0-9cf2-de863797f245	6	149661	254283	101	-0.2701
d0fee861-4c64-46e0-9cf2-de863797f245	6	257353	385056	106	0.2301
d0fee861-4c64-46e0-9cf2-de863797f245	6	385687	32106004	22192	-0.1712
d0fee861-4c64-46e0-9cf2-de863797f245	6	32106013	32106085	2	2.8311
d0fee861-4c64-46e0-9cf2-de863797f245	6	32106182	32641650	253	-0.2249
d0fee861-4c64-46e0-9cf2-de863797f245	6	32656527	32658841	6	-1.5036
d0fee861-4c64-46e0-9cf2-de863797f245	6	32682835	32722250	43	-0.0214
d0fee861-4c64-46e0-9cf2-de863797f245	6	32723020	32723053	3	1.7023
d0fee861-4c64-46e0-9cf2-de863797f245	6	32732907	44600894	7411	-0.1667
d0fee861-4c64-46e0-9cf2-de863797f245	6	44601028	44604077	2	-2.0453
d0fee861-4c64-46e0-9cf2-de863797f245	6	44604353	54066269	6095	-0.1619
d0fee861-4c64-46e0-9cf2-de863797f245	6	54066286	54066477	4	1.3409
d0fee861-4c64-46e0-9cf2-de863797f245	6	54066582	55454943	884	-0.1429
d0fee861-4c64-46e0-9cf2-de863797f245	6	55455409	55455513	2	-2.6657
d0fee861-4c64-46e0-9cf2-de863797f245	6	55455880	73882142	9408	-0.147
d0fee861-4c64-46e0-9cf2-de863797f245	6	73882741	73887625	8	-2.5229
d0fee861-4c64-46e0-9cf2-de863797f245	6	73891694	76720013	1752	-0.167
d0fee861-4c64-46e0-9cf2-de863797f245	6	76726442	76758906	28	0.4074
d0fee861-4c64-46e0-9cf2-de863797f245	6	76758921	78262064	967	-0.1384
d0fee861-4c64-46e0-9cf2-de863797f245	6	78262085	78325468	105	0.3614
d0fee861-4c64-46e0-9cf2-de863797f245	6	78329517	78796081	305	-0.1293
d0fee861-4c64-46e0-9cf2-de863797f245	6	78801730	78801926	2	1.8593
d0fee861-4c64-46e0-9cf2-de863797f245	6	78808773	94478134	9971	-0.1608
d0fee861-4c64-46e0-9cf2-de863797f245	6	94478240	94897588	285	-0.0179
d0fee861-4c64-46e0-9cf2-de863797f245	6	94898615	103299578	4782	-0.1522
d0fee861-4c64-46e0-9cf2-de863797f245	6	103299596	103304315	16	0.6539
d0fee861-4c64-46e0-9cf2-de863797f245	6	103306375	124110629	12577	-0.1589
d0fee861-4c64-46e0-9cf2-de863797f245	6	124114796	124149220	20	0.4397
d0fee861-4c64-46e0-9cf2-de863797f245	6	124149616	140542009	10650	-0.1652
d0fee861-4c64-46e0-9cf2-de863797f245	6	140544500	140929434	189	0.0214
d0fee861-4c64-46e0-9cf2-de863797f245	6	140930435	167107377	18148	-0.1617
d0fee861-4c64-46e0-9cf2-de863797f245	6	167108074	169075683	1155	-0.2936
d0fee861-4c64-46e0-9cf2-de863797f245	6	169077000	169800056	596	-0.1519
d0fee861-4c64-46e0-9cf2-de863797f245	6	169800477	170238867	152	-0.5584
d0fee861-4c64-46e0-9cf2-de863797f245	6	170239207	170741917	236	-0.1726
d0fee861-4c64-46e0-9cf2-de863797f245	7	43355	214803	132	0.5061
d0fee861-4c64-46e0-9cf2-de863797f245	7	223280	743634	20	0.744
d0fee861-4c64-46e0-9cf2-de863797f245	7	745923	782886	11	1.1719
d0fee861-4c64-46e0-9cf2-de863797f245	7	785766	972467	71	0.7156
d0fee861-4c64-46e0-9cf2-de863797f245	7	972975	1124056	80	0.3343
d0fee861-4c64-46e0-9cf2-de863797f245	7	1126510	19042015	12941	0.6877
d0fee861-4c64-46e0-9cf2-de863797f245	7	19042256	19181042	222	0.8548
d0fee861-4c64-46e0-9cf2-de863797f245	7	19181838	54305455	24676	0.6788
d0fee861-4c64-46e0-9cf2-de863797f245	7	54318812	54318824	6	-1.4355
d0fee861-4c64-46e0-9cf2-de863797f245	7	54325795	65955054	3299	0.623
d0fee861-4c64-46e0-9cf2-de863797f245	7	65955201	70955452	2788	0.2793
d0fee861-4c64-46e0-9cf2-de863797f245	7	70958264	70961155	2	-1.8585
d0fee861-4c64-46e0-9cf2-de863797f245	7	70963257	72919953	1167	0.2764
d0fee861-4c64-46e0-9cf2-de863797f245	7	72920091	76514576	966	0.5982
d0fee861-4c64-46e0-9cf2-de863797f245	7	76524031	76527224	3	-0.8261
d0fee861-4c64-46e0-9cf2-de863797f245	7	76531980	91728554	9719	0.6489
d0fee861-4c64-46e0-9cf2-de863797f245	7	91728979	91729639	6	2.0469
d0fee861-4c64-46e0-9cf2-de863797f245	7	91729718	99228373	4476	0.6201
d0fee861-4c64-46e0-9cf2-de863797f245	7	99228844	99232043	2	-0.9755
d0fee861-4c64-46e0-9cf2-de863797f245	7	99232055	109797623	5825	0.6123
d0fee861-4c64-46e0-9cf2-de863797f245	7	109797700	109813925	22	0.0592
d0fee861-4c64-46e0-9cf2-de863797f245	7	109814172	126404920	9956	0.6317
d0fee861-4c64-46e0-9cf2-de863797f245	7	126405502	126406823	13	1.6943
d0fee861-4c64-46e0-9cf2-de863797f245	7	126406824	153450553	16602	0.624
d0fee861-4c64-46e0-9cf2-de863797f245	7	153450560	153450627	2	-1.8713
d0fee861-4c64-46e0-9cf2-de863797f245	7	153450630	157854182	3146	0.6326
d0fee861-4c64-46e0-9cf2-de863797f245	7	157861272	159334314	910	0.533
d0fee861-4c64-46e0-9cf2-de863797f245	8	81254	508148	243	-0.4572
d0fee861-4c64-46e0-9cf2-de863797f245	8	509844	643041	75	-0.2839
d0fee861-4c64-46e0-9cf2-de863797f245	8	644944	645908	10	0.8374
d0fee861-4c64-46e0-9cf2-de863797f245	8	656117	4218866	3494	-0.2328
d0fee861-4c64-46e0-9cf2-de863797f245	8	4219153	4219236	2	2.5334
d0fee861-4c64-46e0-9cf2-de863797f245	8	4219668	12177488	7072	-0.2148
d0fee861-4c64-46e0-9cf2-de863797f245	8	12323772	12624538	57	0.2826
d0fee861-4c64-46e0-9cf2-de863797f245	8	12649562	16404726	3474	-0.1704
d0fee861-4c64-46e0-9cf2-de863797f245	8	16404738	16417152	27	-0.8306
d0fee861-4c64-46e0-9cf2-de863797f245	8	16421186	22413139	4997	-0.2001
d0fee861-4c64-46e0-9cf2-de863797f245	8	22414482	22426574	3	1.2617
d0fee861-4c64-46e0-9cf2-de863797f245	8	22426610	25117007	1782	-0.2007
d0fee861-4c64-46e0-9cf2-de863797f245	8	25117062	25126818	24	-0.9055
d0fee861-4c64-46e0-9cf2-de863797f245	8	25133589	39368221	8914	-0.199
d0fee861-4c64-46e0-9cf2-de863797f245	8	39368332	39372664	6	-0.0992
d0fee861-4c64-46e0-9cf2-de863797f245	8	39372806	39522148	56	0.5834
d0fee861-4c64-46e0-9cf2-de863797f245	8	39526605	63936079	13536	-0.1605
d0fee861-4c64-46e0-9cf2-de863797f245	8	63936340	63936953	7	1.1255
d0fee861-4c64-46e0-9cf2-de863797f245	8	63937166	71300130	4208	-0.1538
d0fee861-4c64-46e0-9cf2-de863797f245	8	71303076	71304364	8	-2.3712
d0fee861-4c64-46e0-9cf2-de863797f245	8	71307628	108817853	22530	-0.1587
d0fee861-4c64-46e0-9cf2-de863797f245	8	108818968	108829839	5	1.4713
d0fee861-4c64-46e0-9cf2-de863797f245	8	108831900	111279265	1330	-0.1572
d0fee861-4c64-46e0-9cf2-de863797f245	8	111282050	111283031	10	-1.6103
d0fee861-4c64-46e0-9cf2-de863797f245	8	111288052	134049840	15554	-0.1576
d0fee861-4c64-46e0-9cf2-de863797f245	8	134049854	134049858	2	-2.2686
d0fee861-4c64-46e0-9cf2-de863797f245	8	134049927	140265395	5002	-0.1378
d0fee861-4c64-46e0-9cf2-de863797f245	8	140268851	145072769	2138	-0.2887
d0fee861-4c64-46e0-9cf2-de863797f245	9	46587	22492890	19596	-0.1315
d0fee861-4c64-46e0-9cf2-de863797f245	9	22501914	22502700	2	-3.0898
d0fee861-4c64-46e0-9cf2-de863797f245	9	22509341	23361807	575	-0.1199
d0fee861-4c64-46e0-9cf2-de863797f245	9	23363117	23372401	7	-1.7867
d0fee861-4c64-46e0-9cf2-de863797f245	9	23373486	41714376	10739	-0.1286
d0fee861-4c64-46e0-9cf2-de863797f245	9	41741096	42546668	38	0.8083
d0fee861-4c64-46e0-9cf2-de863797f245	9	42566207	61405110	57	-0.1344
d0fee861-4c64-46e0-9cf2-de863797f245	9	61520021	61629689	28	-1.2162
d0fee861-4c64-46e0-9cf2-de863797f245	9	61633080	64495298	98	-0.1366
d0fee861-4c64-46e0-9cf2-de863797f245	9	64498256	67216687	60	0.314
d0fee861-4c64-46e0-9cf2-de863797f245	9	67375814	138200944	47404	-0.1484
d0fee861-4c64-46e0-9cf2-de863797f245	10	45792	2946138	2334	-0.169
d0fee861-4c64-46e0-9cf2-de863797f245	10	2949582	3022063	81	-0.5384
d0fee861-4c64-46e0-9cf2-de863797f245	10	3024072	46522571	28898	-0.1496
d0fee861-4c64-46e0-9cf2-de863797f245	10	46525652	46526086	11	1.6663
d0fee861-4c64-46e0-9cf2-de863797f245	10	46526248	65546518	12585	-0.14
d0fee861-4c64-46e0-9cf2-de863797f245	10	65548165	65554672	26	-1.8074
d0fee861-4c64-46e0-9cf2-de863797f245	10	65554688	130478352	43812	-0.1523
d0fee861-4c64-46e0-9cf2-de863797f245	10	130478734	133654968	1966	-0.2599
d0fee861-4c64-46e0-9cf2-de863797f245	11	198510	254064	40	-0.0337
d0fee861-4c64-46e0-9cf2-de863797f245	11	254256	840034	159	-0.3999
d0fee861-4c64-46e0-9cf2-de863797f245	11	863088	4949013	2184	-0.1486
d0fee861-4c64-46e0-9cf2-de863797f245	11	4949047	4954445	25	-1.421
d0fee861-4c64-46e0-9cf2-de863797f245	11	4955027	55593955	31668	-0.1561
d0fee861-4c64-46e0-9cf2-de863797f245	11	55595864	55708084	72	0.2923
d0fee861-4c64-46e0-9cf2-de863797f245	11	55708163	135074876	51698	-0.1502
d0fee861-4c64-46e0-9cf2-de863797f245	12	51460	52054	2	-0.5883
d0fee861-4c64-46e0-9cf2-de863797f245	12	64156	472207	228	0.3036
d0fee861-4c64-46e0-9cf2-de863797f245	12	473591	619544	108	0.0903
d0fee861-4c64-46e0-9cf2-de863797f245	12	623433	9461319	5772	0.3309
d0fee861-4c64-46e0-9cf2-de863797f245	12	9461425	9481274	13	-0.3276
d0fee861-4c64-46e0-9cf2-de863797f245	12	9485313	9562969	21	-1.6202
d0fee861-4c64-46e0-9cf2-de863797f245	12	9575696	11068125	1028	0.3118
d0fee861-4c64-46e0-9cf2-de863797f245	12	11070111	11088933	9	-1.2156
d0fee861-4c64-46e0-9cf2-de863797f245	12	11099275	11351157	130	0.3985
d0fee861-4c64-46e0-9cf2-de863797f245	12	11358643	11390472	31	-0.55
d0fee861-4c64-46e0-9cf2-de863797f245	12	11399258	33232895	15289	0.3235
d0fee861-4c64-46e0-9cf2-de863797f245	12	33233822	33242483	6	-2.162
d0fee861-4c64-46e0-9cf2-de863797f245	12	33246118	33565876	211	0.3582
d0fee861-4c64-46e0-9cf2-de863797f245	12	33569867	33570383	3	2.2591
d0fee861-4c64-46e0-9cf2-de863797f245	12	33570399	33785004	162	0.3494
d0fee861-4c64-46e0-9cf2-de863797f245	12	33785125	33785652	3	2.3302
d0fee861-4c64-46e0-9cf2-de863797f245	12	33787888	61867284	14532	0.3151
d0fee861-4c64-46e0-9cf2-de863797f245	12	61880090	61885198	9	-1.2272
d0fee861-4c64-46e0-9cf2-de863797f245	12	61885690	71447035	6283	0.3144
d0fee861-4c64-46e0-9cf2-de863797f245	12	71447583	71447653	2	2.0582
d0fee861-4c64-46e0-9cf2-de863797f245	12	71447811	72848336	834	0.3277
d0fee861-4c64-46e0-9cf2-de863797f245	12	72851624	72851625	2	2.1614
d0fee861-4c64-46e0-9cf2-de863797f245	12	72859412	90089573	10434	0.3277
d0fee861-4c64-46e0-9cf2-de863797f245	12	90097892	90098217	5	-0.8797
d0fee861-4c64-46e0-9cf2-de863797f245	12	90098282	101706402	7856	0.3062
d0fee861-4c64-46e0-9cf2-de863797f245	12	101706486	101712540	2	-1.6344
d0fee861-4c64-46e0-9cf2-de863797f245	12	101715263	126640834	16181	0.3125
d0fee861-4c64-46e0-9cf2-de863797f245	12	126641198	126645946	2	2.5593
d0fee861-4c64-46e0-9cf2-de863797f245	12	126646494	133201603	4890	0.3064
d0fee861-4c64-46e0-9cf2-de863797f245	13	18452809	22858169	2700	-0.1548
d0fee861-4c64-46e0-9cf2-de863797f245	13	22860727	22860923	2	-2.4038
d0fee861-4c64-46e0-9cf2-de863797f245	13	22862184	23900624	766	-0.1481
d0fee861-4c64-46e0-9cf2-de863797f245	13	23901934	23907787	4	-1.5578
d0fee861-4c64-46e0-9cf2-de863797f245	13	23911723	37496998	9847	-0.1549
d0fee861-4c64-46e0-9cf2-de863797f245	13	37497899	37514250	19	0.5672
d0fee861-4c64-46e0-9cf2-de863797f245	13	37514472	50344529	8562	-0.1535
d0fee861-4c64-46e0-9cf2-de863797f245	13	50344909	50345520	2	2.737
d0fee861-4c64-46e0-9cf2-de863797f245	13	50347810	50970918	431	-0.1421
d0fee861-4c64-46e0-9cf2-de863797f245	13	50972775	50975062	2	2.6531
d0fee861-4c64-46e0-9cf2-de863797f245	13	50975421	70160420	11201	-0.1222
d0fee861-4c64-46e0-9cf2-de863797f245	13	70161932	70198763	46	-0.9959
d0fee861-4c64-46e0-9cf2-de863797f245	13	70201639	71902850	1058	-0.1247
d0fee861-4c64-46e0-9cf2-de863797f245	13	71903417	71906467	5	1.1808
d0fee861-4c64-46e0-9cf2-de863797f245	13	71912345	105370372	22461	-0.142
d0fee861-4c64-46e0-9cf2-de863797f245	13	105370636	105374205	2	2.2189
d0fee861-4c64-46e0-9cf2-de863797f245	13	105374508	112974526	5742	-0.1401
d0fee861-4c64-46e0-9cf2-de863797f245	13	112976829	113045174	32	-0.8522
d0fee861-4c64-46e0-9cf2-de863797f245	13	113045564	114342922	547	-0.1987
d0fee861-4c64-46e0-9cf2-de863797f245	14	18239283	19197351	40	0.4323
d0fee861-4c64-46e0-9cf2-de863797f245	14	19203845	25314249	3715	-0.1413
d0fee861-4c64-46e0-9cf2-de863797f245	14	25314567	25323628	2	-2.4447
d0fee861-4c64-46e0-9cf2-de863797f245	14	25323920	73540003	30102	-0.1407
d0fee861-4c64-46e0-9cf2-de863797f245	14	73540147	73554275	7	-2.108
d0fee861-4c64-46e0-9cf2-de863797f245	14	73563196	85818410	8075	-0.1474
d0fee861-4c64-46e0-9cf2-de863797f245	14	85819968	85845829	15	-1.1849
d0fee861-4c64-46e0-9cf2-de863797f245	14	85849791	88818640	1861	-0.1209
d0fee861-4c64-46e0-9cf2-de863797f245	14	88819371	88820501	2	1.8946
d0fee861-4c64-46e0-9cf2-de863797f245	14	88822160	96896000	5483	-0.1559
d0fee861-4c64-46e0-9cf2-de863797f245	14	96896302	96896320	2	-2.4384
d0fee861-4c64-46e0-9cf2-de863797f245	14	96897578	98810381	1593	-0.1176
d0fee861-4c64-46e0-9cf2-de863797f245	14	98812049	98935046	125	-0.4508
d0fee861-4c64-46e0-9cf2-de863797f245	14	98937307	105824509	3337	-0.1494
d0fee861-4c64-46e0-9cf2-de863797f245	14	105824578	105962324	34	0.293
d0fee861-4c64-46e0-9cf2-de863797f245	14	105963902	106294689	113	-0.0951
d0fee861-4c64-46e0-9cf2-de863797f245	14	106297265	106297273	3	2.4237
d0fee861-4c64-46e0-9cf2-de863797f245	14	106297409	106423925	53	-0.1156
d0fee861-4c64-46e0-9cf2-de863797f245	14	106425447	106475361	49	-0.6488
d0fee861-4c64-46e0-9cf2-de863797f245	14	106487515	106877229	191	-0.2127
d0fee861-4c64-46e0-9cf2-de863797f245	15	19811075	23199669	520	-0.0893
d0fee861-4c64-46e0-9cf2-de863797f245	15	23396367	23425837	12	-1.1739
d0fee861-4c64-46e0-9cf2-de863797f245	15	23426699	34421922	6816	-0.1503
d0fee861-4c64-46e0-9cf2-de863797f245	15	34430601	34570058	64	-0.8228
d0fee861-4c64-46e0-9cf2-de863797f245	15	34576695	92490575	36563	-0.1462
d0fee861-4c64-46e0-9cf2-de863797f245	15	92493511	92493803	2	-2.7785
d0fee861-4c64-46e0-9cf2-de863797f245	15	92494532	93263845	563	-0.1687
d0fee861-4c64-46e0-9cf2-de863797f245	15	93263858	93290651	49	-0.5432
d0fee861-4c64-46e0-9cf2-de863797f245	15	93292807	97290419	3029	-0.1289
d0fee861-4c64-46e0-9cf2-de863797f245	15	97290421	97290422	2	2.2582
d0fee861-4c64-46e0-9cf2-de863797f245	15	97301760	99888124	1840	-0.1418
d0fee861-4c64-46e0-9cf2-de863797f245	15	99888202	100317858	381	-0.3094
d0fee861-4c64-46e0-9cf2-de863797f245	15	100319294	100463841	89	-0.1048
d0fee861-4c64-46e0-9cf2-de863797f245	15	100466195	100466389	2	2.5422
d0fee861-4c64-46e0-9cf2-de863797f245	15	100466408	101928837	1072	-0.1986
d0fee861-4c64-46e0-9cf2-de863797f245	16	10777	6962471	4297	0.31
d0fee861-4c64-46e0-9cf2-de863797f245	16	6963199	6963567	2	2.9707
d0fee861-4c64-46e0-9cf2-de863797f245	16	6965769	14887120	6697	0.327
d0fee861-4c64-46e0-9cf2-de863797f245	16	14895982	15040518	60	-0.3199
d0fee861-4c64-46e0-9cf2-de863797f245	16	15040968	16498856	587	0.2354
d0fee861-4c64-46e0-9cf2-de863797f245	16	16534205	78337711	29231	0.3268
d0fee861-4c64-46e0-9cf2-de863797f245	16	78338543	78350868	17	-0.617
d0fee861-4c64-46e0-9cf2-de863797f245	16	78351104	84008042	6273	0.3181
d0fee861-4c64-46e0-9cf2-de863797f245	16	84008053	84671639	607	0.1585
d0fee861-4c64-46e0-9cf2-de863797f245	16	84673640	84824073	141	0.3379
d0fee861-4c64-46e0-9cf2-de863797f245	16	84831261	84853621	13	-0.309
d0fee861-4c64-46e0-9cf2-de863797f245	16	84853638	88082524	2646	0.3401
d0fee861-4c64-46e0-9cf2-de863797f245	16	88082877	90096867	825	0.1826
d0fee861-4c64-46e0-9cf2-de863797f245	17	150733	27447869	13036	0.3133
d0fee861-4c64-46e0-9cf2-de863797f245	17	27450993	27460263	7	-1.3953
d0fee861-4c64-46e0-9cf2-de863797f245	17	27460837	36101021	5037	0.3038
d0fee861-4c64-46e0-9cf2-de863797f245	17	36102943	36549144	122	0.0528
d0fee861-4c64-46e0-9cf2-de863797f245	17	36553073	41265456	2422	0.3218
d0fee861-4c64-46e0-9cf2-de863797f245	17	41266762	41267082	12	1.6691
d0fee861-4c64-46e0-9cf2-de863797f245	17	41267234	41370057	115	0.346
d0fee861-4c64-46e0-9cf2-de863797f245	17	41370168	41380422	18	0.9033
d0fee861-4c64-46e0-9cf2-de863797f245	17	41391076	45740093	2119	0.3018
d0fee861-4c64-46e0-9cf2-de863797f245	17	45740856	45925791	112	0.0992
d0fee861-4c64-46e0-9cf2-de863797f245	17	45927076	73840460	16939	0.3253
d0fee861-4c64-46e0-9cf2-de863797f245	17	73840477	74539182	432	0.1436
d0fee861-4c64-46e0-9cf2-de863797f245	17	74539870	83091923	4273	0.2895
d0fee861-4c64-46e0-9cf2-de863797f245	18	48133	40678118	22541	-0.1358
d0fee861-4c64-46e0-9cf2-de863797f245	18	40678132	40689848	34	0.6046
d0fee861-4c64-46e0-9cf2-de863797f245	18	40690108	79351540	27200	-0.1377
d0fee861-4c64-46e0-9cf2-de863797f245	18	79353956	79977397	261	-0.3535
d0fee861-4c64-46e0-9cf2-de863797f245	18	79980544	80257174	164	-0.1883
d0fee861-4c64-46e0-9cf2-de863797f245	19	90910	42184857	19983	-0.1533
d0fee861-4c64-46e0-9cf2-de863797f245	19	42191863	42192546	2	-4.1264
d0fee861-4c64-46e0-9cf2-de863797f245	19	42196376	58586487	8864	-0.1643
d0fee861-4c64-46e0-9cf2-de863797f245	20	80664	80667	4	-0.7338
d0fee861-4c64-46e0-9cf2-de863797f245	20	80668	63595400	41598	-0.1388
d0fee861-4c64-46e0-9cf2-de863797f245	20	63598636	64284715	298	-0.4263
d0fee861-4c64-46e0-9cf2-de863797f245	20	64323342	64324800	5	-2.687
d0fee861-4c64-46e0-9cf2-de863797f245	21	10354168	44753314	22253	-0.8617
d0fee861-4c64-46e0-9cf2-de863797f245	21	44753354	44753476	3	-4.9196
d0fee861-4c64-46e0-9cf2-de863797f245	21	44755084	44840719	42	-0.8721
d0fee861-4c64-46e0-9cf2-de863797f245	21	44841296	44849838	5	-4.8905
d0fee861-4c64-46e0-9cf2-de863797f245	21	44850103	46677045	1014	-1.0288
d0fee861-4c64-46e0-9cf2-de863797f245	22	15294547	19595583	1556	-0.1703
d0fee861-4c64-46e0-9cf2-de863797f245	22	19596674	20317120	438	-0.4427
d0fee861-4c64-46e0-9cf2-de863797f245	22	20317352	21077277	616	-0.2684
d0fee861-4c64-46e0-9cf2-de863797f245	22	21079738	48935200	19246	-0.1557
d0fee861-4c64-46e0-9cf2-de863797f245	22	48940621	50796027	1182	-0.3704
d0fee861-4c64-46e0-9cf2-de863797f245	X	251810	70279662	36522	-0.0075
d0fee861-4c64-46e0-9cf2-de863797f245	X	70284280	70284914	3	-2.6337
d0fee861-4c64-46e0-9cf2-de863797f245	X	70284937	155952689	46353	0.0065
d0fee861-4c64-46e0-9cf2-de863797f245	Y	2782397	6233384	778	-2.405
d0fee861-4c64-46e0-9cf2-de863797f245	Y	6249869	9330531	1436	-2.7904
d0fee861-4c64-46e0-9cf2-de863797f245	Y	9332936	9550385	21	-4.3376
d0fee861-4c64-46e0-9cf2-de863797f245	Y	9550653	13478396	1012	-2.663
d0fee861-4c64-46e0-9cf2-de863797f245	Y	13478462	13482643	3	-7.5064
d0fee861-4c64-46e0-9cf2-de863797f245	Y	13483009	25169825	3183	-2.7156
d0fee861-4c64-46e0-9cf2-de863797f245	Y	25472063	56872112	179	-2.4492
