GDC_Aliquot	Chromosome	Start	End	Num_Probes	Segment_Mean
5d96734f-08ec-4041-b372-1b01d2bece22	1	62920	6212753	2900	-0.04
5d96734f-08ec-4041-b372-1b01d2bece22	1	6215458	12466649	3404	-0.0928
5d96734f-08ec-4041-b372-1b01d2bece22	1	12466725	15177367	1626	-0.0423
5d96734f-08ec-4041-b372-1b01d2bece22	1	15177907	16505368	711	-0.0828
5d96734f-08ec-4041-b372-1b01d2bece22	1	16518437	16890788	68	0.2153
5d96734f-08ec-4041-b372-1b01d2bece22	1	16890908	25256850	5304	-0.069
5d96734f-08ec-4041-b372-1b01d2bece22	1	25266637	25336819	25	0.45
5d96734f-08ec-4041-b372-1b01d2bece22	1	25336853	54624527	16000	-0.0682
5d96734f-08ec-4041-b372-1b01d2bece22	1	54627618	72302735	12723	-0.0424
5d96734f-08ec-4041-b372-1b01d2bece22	1	72302815	72345465	47	0.8969
5d96734f-08ec-4041-b372-1b01d2bece22	1	72346221	105476748	20956	-0.0437
5d96734f-08ec-4041-b372-1b01d2bece22	1	105476861	105479753	13	0.8048
5d96734f-08ec-4041-b372-1b01d2bece22	1	105481433	108941228	2285	-0.0344
5d96734f-08ec-4041-b372-1b01d2bece22	1	108943647	108955523	17	-0.9089
5d96734f-08ec-4041-b372-1b01d2bece22	1	108961034	109690352	332	-0.0964
5d96734f-08ec-4041-b372-1b01d2bece22	1	109690415	109697556	12	0.9184
5d96734f-08ec-4041-b372-1b01d2bece22	1	109702376	112153465	1952	-0.0591
5d96734f-08ec-4041-b372-1b01d2bece22	1	112153571	112163334	24	-0.5136
5d96734f-08ec-4041-b372-1b01d2bece22	1	112163438	148335991	6131	-0.0439
5d96734f-08ec-4041-b372-1b01d2bece22	1	148336809	151972980	1093	-0.1129
5d96734f-08ec-4041-b372-1b01d2bece22	1	151973153	152583051	379	-0.0362
5d96734f-08ec-4041-b372-1b01d2bece22	1	152583230	152614118	35	0.9385
5d96734f-08ec-4041-b372-1b01d2bece22	1	152618018	153386348	672	-0.0303
5d96734f-08ec-4041-b372-1b01d2bece22	1	153389670	153390663	2	-1.4453
5d96734f-08ec-4041-b372-1b01d2bece22	1	153390840	155210675	871	-0.1004
5d96734f-08ec-4041-b372-1b01d2bece22	1	155219369	155231273	11	1.331
5d96734f-08ec-4041-b372-1b01d2bece22	1	155241876	155685557	201	-0.1126
5d96734f-08ec-4041-b372-1b01d2bece22	1	155687178	155693566	4	-0.9655
5d96734f-08ec-4041-b372-1b01d2bece22	1	155697170	156792225	492	-0.1117
5d96734f-08ec-4041-b372-1b01d2bece22	1	156795592	158896783	1564	-0.0314
5d96734f-08ec-4041-b372-1b01d2bece22	1	158898711	158899969	2	-1.7264
5d96734f-08ec-4041-b372-1b01d2bece22	1	158905028	161648901	1650	-0.0654
5d96734f-08ec-4041-b372-1b01d2bece22	1	161649069	161649268	6	-0.8039
5d96734f-08ec-4041-b372-1b01d2bece22	1	161678447	166215244	3690	-0.0324
5d96734f-08ec-4041-b372-1b01d2bece22	1	166215587	166227575	11	0.603
5d96734f-08ec-4041-b372-1b01d2bece22	1	166227663	175511807	6323	-0.06
5d96734f-08ec-4041-b372-1b01d2bece22	1	175512156	177961951	1613	-0.0111
5d96734f-08ec-4041-b372-1b01d2bece22	1	177965915	187746048	6582	-0.0563
5d96734f-08ec-4041-b372-1b01d2bece22	1	187746063	187752238	4	0.7807
5d96734f-08ec-4041-b372-1b01d2bece22	1	187755479	188163630	281	-0.0376
5d96734f-08ec-4041-b372-1b01d2bece22	1	188165797	188165938	2	-2.6569
5d96734f-08ec-4041-b372-1b01d2bece22	1	188173876	196762956	5686	-0.0483
5d96734f-08ec-4041-b372-1b01d2bece22	1	196769493	196846661	57	-0.5321
5d96734f-08ec-4041-b372-1b01d2bece22	1	196847600	208164750	7325	-0.0706
5d96734f-08ec-4041-b372-1b01d2bece22	1	208165035	209843364	1417	-0.0157
5d96734f-08ec-4041-b372-1b01d2bece22	1	209844961	210425493	395	-0.0707
5d96734f-08ec-4041-b372-1b01d2bece22	1	210431402	210439184	24	-0.9714
5d96734f-08ec-4041-b372-1b01d2bece22	1	210441948	248546369	26474	-0.0492
5d96734f-08ec-4041-b372-1b01d2bece22	1	248550567	248633821	34	-0.7463
5d96734f-08ec-4041-b372-1b01d2bece22	1	248633912	248703602	37	-0.0057
5d96734f-08ec-4041-b372-1b01d2bece22	1	248703943	248709357	4	-0.7957
5d96734f-08ec-4041-b372-1b01d2bece22	1	248713007	248930189	101	0.0303
5d96734f-08ec-4041-b372-1b01d2bece22	2	12784	9370405	7284	-0.0279
5d96734f-08ec-4041-b372-1b01d2bece22	2	9370640	9370654	2	-1.3326
5d96734f-08ec-4041-b372-1b01d2bece22	2	9373010	12208323	2085	-0.0621
5d96734f-08ec-4041-b372-1b01d2bece22	2	12210676	12212558	2	-1.6127
5d96734f-08ec-4041-b372-1b01d2bece22	2	12212574	23773057	8283	-0.0371
5d96734f-08ec-4041-b372-1b01d2bece22	2	23774964	28666822	2432	-0.094
5d96734f-08ec-4041-b372-1b01d2bece22	2	28667751	34295406	3901	-0.0448
5d96734f-08ec-4041-b372-1b01d2bece22	2	34298911	34300513	2	-2.2074
5d96734f-08ec-4041-b372-1b01d2bece22	2	34300900	34476516	98	-0.0858
5d96734f-08ec-4041-b372-1b01d2bece22	2	34476558	34485661	6	0.5465
5d96734f-08ec-4041-b372-1b01d2bece22	2	34485743	34492775	18	0.0261
5d96734f-08ec-4041-b372-1b01d2bece22	2	34492790	34511990	19	0.445
5d96734f-08ec-4041-b372-1b01d2bece22	2	34512096	35742970	869	-0.0462
5d96734f-08ec-4041-b372-1b01d2bece22	2	35750907	35762881	8	-1.5804
5d96734f-08ec-4041-b372-1b01d2bece22	2	35772407	41011080	3925	-0.0499
5d96734f-08ec-4041-b372-1b01d2bece22	2	41011095	41018747	23	-0.4793
5d96734f-08ec-4041-b372-1b01d2bece22	2	41024093	52514599	8176	-0.052
5d96734f-08ec-4041-b372-1b01d2bece22	2	52527330	52554404	40	0.491
5d96734f-08ec-4041-b372-1b01d2bece22	2	52560811	53616610	881	-0.0133
5d96734f-08ec-4041-b372-1b01d2bece22	2	53617917	53619410	4	-1.1946
5d96734f-08ec-4041-b372-1b01d2bece22	2	53620145	56496851	1996	-0.0607
5d96734f-08ec-4041-b372-1b01d2bece22	2	56498369	56519389	29	0.4685
5d96734f-08ec-4041-b372-1b01d2bece22	2	56522766	60800786	2873	-0.0277
5d96734f-08ec-4041-b372-1b01d2bece22	2	60801414	65591255	2535	-0.078
5d96734f-08ec-4041-b372-1b01d2bece22	2	65591312	69134054	2667	-0.0331
5d96734f-08ec-4041-b372-1b01d2bece22	2	69134312	70441759	784	-0.1058
5d96734f-08ec-4041-b372-1b01d2bece22	2	70443151	78224304	4846	-0.0459
5d96734f-08ec-4041-b372-1b01d2bece22	2	78224425	84423583	3974	-0.0165
5d96734f-08ec-4041-b372-1b01d2bece22	2	84423605	114629270	13242	-0.0475
5d96734f-08ec-4041-b372-1b01d2bece22	2	114638844	114643422	18	-0.8616
5d96734f-08ec-4041-b372-1b01d2bece22	2	114645637	146106875	19387	-0.0331
5d96734f-08ec-4041-b372-1b01d2bece22	2	146106889	146109366	21	0.8055
5d96734f-08ec-4041-b372-1b01d2bece22	2	146120238	147177222	530	-0.0545
5d96734f-08ec-4041-b372-1b01d2bece22	2	147183774	147188778	3	-1.2212
5d96734f-08ec-4041-b372-1b01d2bece22	2	147189314	179196928	19742	-0.0541
5d96734f-08ec-4041-b372-1b01d2bece22	2	179202465	179214417	3	-1.9286
5d96734f-08ec-4041-b372-1b01d2bece22	2	179218864	200273725	12291	-0.0476
5d96734f-08ec-4041-b372-1b01d2bece22	2	200274806	203811853	1882	-0.0864
5d96734f-08ec-4041-b372-1b01d2bece22	2	203812620	221220893	11313	-0.0483
5d96734f-08ec-4041-b372-1b01d2bece22	2	221221067	221224796	11	-0.813
5d96734f-08ec-4041-b372-1b01d2bece22	2	221225077	228894763	5068	-0.0454
5d96734f-08ec-4041-b372-1b01d2bece22	2	228894930	228895197	7	-0.9464
5d96734f-08ec-4041-b372-1b01d2bece22	2	228895367	229729689	631	-0.0283
5d96734f-08ec-4041-b372-1b01d2bece22	2	229730008	234451225	2812	-0.0759
5d96734f-08ec-4041-b372-1b01d2bece22	2	234456207	242147305	4758	-0.0382
5d96734f-08ec-4041-b372-1b01d2bece22	3	20930	6775977	5975	0.0011
5d96734f-08ec-4041-b372-1b01d2bece22	3	6776035	16197556	6921	-0.0488
5d96734f-08ec-4041-b372-1b01d2bece22	3	16199049	16199672	6	-2.7559
5d96734f-08ec-4041-b372-1b01d2bece22	3	16199818	30257662	9702	-0.0381
5d96734f-08ec-4041-b372-1b01d2bece22	3	30257774	30259688	2	-1.6175
5d96734f-08ec-4041-b372-1b01d2bece22	3	30262283	37935926	5015	-0.044
5d96734f-08ec-4041-b372-1b01d2bece22	3	37940617	37945392	17	-0.9588
5d96734f-08ec-4041-b372-1b01d2bece22	3	37945437	46380896	5292	-0.0482
5d96734f-08ec-4041-b372-1b01d2bece22	3	46381266	53717715	3285	-0.0967
5d96734f-08ec-4041-b372-1b01d2bece22	3	53721098	56997788	2444	-0.0328
5d96734f-08ec-4041-b372-1b01d2bece22	3	56998213	58111669	550	-0.1148
5d96734f-08ec-4041-b372-1b01d2bece22	3	58112717	59733446	1086	-0.0571
5d96734f-08ec-4041-b372-1b01d2bece22	3	59734120	61130336	1565	0.0157
5d96734f-08ec-4041-b372-1b01d2bece22	3	61130931	66838164	4656	-0.0363
5d96734f-08ec-4041-b372-1b01d2bece22	3	66840313	66840419	2	-1.5939
5d96734f-08ec-4041-b372-1b01d2bece22	3	66841066	75372019	6142	-0.0467
5d96734f-08ec-4041-b372-1b01d2bece22	3	75377956	75589590	72	-0.6264
5d96734f-08ec-4041-b372-1b01d2bece22	3	75590356	162822702	50021	-0.0497
5d96734f-08ec-4041-b372-1b01d2bece22	3	162827928	162908784	49	-0.4089
5d96734f-08ec-4041-b372-1b01d2bece22	3	162908815	180055514	10648	-0.0485
5d96734f-08ec-4041-b372-1b01d2bece22	3	180055705	180058413	2	-1.9664
5d96734f-08ec-4041-b372-1b01d2bece22	3	180058994	193160173	8504	-0.0585
5d96734f-08ec-4041-b372-1b01d2bece22	3	193160256	193165114	18	-1.138
5d96734f-08ec-4041-b372-1b01d2bece22	3	193168646	197579641	2422	-0.0695
5d96734f-08ec-4041-b372-1b01d2bece22	3	197580574	197587577	12	-1.0867
5d96734f-08ec-4041-b372-1b01d2bece22	3	197587951	198169247	259	-0.041
5d96734f-08ec-4041-b372-1b01d2bece22	4	68929	1612083	546	-0.0293
5d96734f-08ec-4041-b372-1b01d2bece22	4	1612154	3087779	637	-0.1072
5d96734f-08ec-4041-b372-1b01d2bece22	4	3088702	34777432	21524	-0.044
5d96734f-08ec-4041-b372-1b01d2bece22	4	34784878	34828291	40	-0.659
5d96734f-08ec-4041-b372-1b01d2bece22	4	34828306	68378716	19429	-0.0456
5d96734f-08ec-4041-b372-1b01d2bece22	4	68389352	68395346	5	1.4652
5d96734f-08ec-4041-b372-1b01d2bece22	4	68416487	68509442	20	-0.1751
5d96734f-08ec-4041-b372-1b01d2bece22	4	68509630	68735305	77	0.2883
5d96734f-08ec-4041-b372-1b01d2bece22	4	68735406	69523998	464	-0.0236
5d96734f-08ec-4041-b372-1b01d2bece22	4	69524143	69525061	2	-2.3118
5d96734f-08ec-4041-b372-1b01d2bece22	4	69526170	115244712	27841	-0.054
5d96734f-08ec-4041-b372-1b01d2bece22	4	115244948	115254969	23	-0.7309
5d96734f-08ec-4041-b372-1b01d2bece22	4	115259026	121360818	3705	-0.0434
5d96734f-08ec-4041-b372-1b01d2bece22	4	121361313	121363980	28	-0.8465
5d96734f-08ec-4041-b372-1b01d2bece22	4	121369976	125073689	2084	-0.0593
5d96734f-08ec-4041-b372-1b01d2bece22	4	125075205	125075806	4	-1.0261
5d96734f-08ec-4041-b372-1b01d2bece22	4	125079041	150955199	15146	-0.0495
5d96734f-08ec-4041-b372-1b01d2bece22	4	150955254	150963148	22	-2.0787
5d96734f-08ec-4041-b372-1b01d2bece22	4	150963154	168359293	11049	-0.0429
5d96734f-08ec-4041-b372-1b01d2bece22	4	168360847	168361204	5	-0.8596
5d96734f-08ec-4041-b372-1b01d2bece22	4	168367371	171448195	1970	-0.054
5d96734f-08ec-4041-b372-1b01d2bece22	4	171453733	171456137	7	1.3678
5d96734f-08ec-4041-b372-1b01d2bece22	4	171456293	190106768	12486	-0.0283
5d96734f-08ec-4041-b372-1b01d2bece22	5	15532	725091	317	0
5d96734f-08ec-4041-b372-1b01d2bece22	5	728864	825538	35	0.5825
5d96734f-08ec-4041-b372-1b01d2bece22	5	833513	11161513	8745	-0.0202
5d96734f-08ec-4041-b372-1b01d2bece22	5	11162524	11162659	3	-2.4386
5d96734f-08ec-4041-b372-1b01d2bece22	5	11167165	24569225	8371	-0.0331
5d96734f-08ec-4041-b372-1b01d2bece22	5	24571906	24578029	14	-0.6532
5d96734f-08ec-4041-b372-1b01d2bece22	5	24578719	26789387	1361	-0.026
5d96734f-08ec-4041-b372-1b01d2bece22	5	26797651	26797735	2	-1.9199
5d96734f-08ec-4041-b372-1b01d2bece22	5	26803775	45939938	11755	-0.0407
5d96734f-08ec-4041-b372-1b01d2bece22	5	45953598	45962254	3	-1.6834
5d96734f-08ec-4041-b372-1b01d2bece22	5	45973346	46251204	54	-0.0657
5d96734f-08ec-4041-b372-1b01d2bece22	5	46270906	46278110	9	0.8761
5d96734f-08ec-4041-b372-1b01d2bece22	5	46313245	58033703	5079	-0.051
5d96734f-08ec-4041-b372-1b01d2bece22	5	58033756	58042530	28	-0.4231
5d96734f-08ec-4041-b372-1b01d2bece22	5	58044246	63333130	3468	-0.0477
5d96734f-08ec-4041-b372-1b01d2bece22	5	63333888	63822556	297	0.0556
5d96734f-08ec-4041-b372-1b01d2bece22	5	63825723	104515520	23068	-0.0526
5d96734f-08ec-4041-b372-1b01d2bece22	5	104524672	104524903	4	-1.5493
5d96734f-08ec-4041-b372-1b01d2bece22	5	104525348	141218244	23366	-0.0536
5d96734f-08ec-4041-b372-1b01d2bece22	5	141220937	141221626	4	-1.2759
5d96734f-08ec-4041-b372-1b01d2bece22	5	141222547	150822643	6416	-0.0552
5d96734f-08ec-4041-b372-1b01d2bece22	5	150825938	150839042	8	-2.9126
5d96734f-08ec-4041-b372-1b01d2bece22	5	150843825	156049910	3636	-0.0433
5d96734f-08ec-4041-b372-1b01d2bece22	5	156049988	156055719	12	-0.6852
5d96734f-08ec-4041-b372-1b01d2bece22	5	156068240	166581285	7022	-0.0487
5d96734f-08ec-4041-b372-1b01d2bece22	5	166583862	166584080	3	-1.0295
5d96734f-08ec-4041-b372-1b01d2bece22	5	166587315	173584613	5191	-0.0466
5d96734f-08ec-4041-b372-1b01d2bece22	5	173584959	173584972	2	-1.6773
5d96734f-08ec-4041-b372-1b01d2bece22	5	173588570	176896297	2245	-0.0369
5d96734f-08ec-4041-b372-1b01d2bece22	5	176897245	177805604	343	-0.1303
5d96734f-08ec-4041-b372-1b01d2bece22	5	177827964	178680821	447	-0.0405
5d96734f-08ec-4041-b372-1b01d2bece22	5	178682974	178691854	4	-0.8674
5d96734f-08ec-4041-b372-1b01d2bece22	5	178692757	180951710	1345	-0.0713
5d96734f-08ec-4041-b372-1b01d2bece22	5	180951888	180979968	10	-0.8801
5d96734f-08ec-4041-b372-1b01d2bece22	5	180980230	181363319	178	-0.0493
5d96734f-08ec-4041-b372-1b01d2bece22	6	149661	252145	96	-0.0333
5d96734f-08ec-4041-b372-1b01d2bece22	6	252772	385784	113	0.1874
5d96734f-08ec-4041-b372-1b01d2bece22	6	387532	23057409	17493	-0.0511
5d96734f-08ec-4041-b372-1b01d2bece22	6	23060763	23064026	4	-1.2377
5d96734f-08ec-4041-b372-1b01d2bece22	6	23067417	29869295	3940	-0.0567
5d96734f-08ec-4041-b372-1b01d2bece22	6	29869410	29881490	16	0.7361
5d96734f-08ec-4041-b372-1b01d2bece22	6	29882419	33186879	1577	-0.0409
5d96734f-08ec-4041-b372-1b01d2bece22	6	33194438	38419240	3117	-0.0988
5d96734f-08ec-4041-b372-1b01d2bece22	6	38419338	40982288	2014	-0.0294
5d96734f-08ec-4041-b372-1b01d2bece22	6	40983230	44502688	1985	-0.0982
5d96734f-08ec-4041-b372-1b01d2bece22	6	44503611	54066582	6240	-0.0468
5d96734f-08ec-4041-b372-1b01d2bece22	6	54066621	54067057	3	1.656
5d96734f-08ec-4041-b372-1b01d2bece22	6	54070550	57321861	1969	-0.0498
5d96734f-08ec-4041-b372-1b01d2bece22	6	57323404	61586552	637	0.0231
5d96734f-08ec-4041-b372-1b01d2bece22	6	61587001	64627049	1618	-0.0536
5d96734f-08ec-4041-b372-1b01d2bece22	6	64637651	64639099	2	-2.4485
5d96734f-08ec-4041-b372-1b01d2bece22	6	64640883	66328153	1138	-0.0273
5d96734f-08ec-4041-b372-1b01d2bece22	6	66331020	66333299	7	-0.7503
5d96734f-08ec-4041-b372-1b01d2bece22	6	66333342	73882142	5013	-0.0396
5d96734f-08ec-4041-b372-1b01d2bece22	6	73882509	73891694	10	0.99
5d96734f-08ec-4041-b372-1b01d2bece22	6	73893839	78253172	2765	-0.0389
5d96734f-08ec-4041-b372-1b01d2bece22	6	78259348	78331916	115	0.438
5d96734f-08ec-4041-b372-1b01d2bece22	6	78332002	170741917	59674	-0.052
5d96734f-08ec-4041-b372-1b01d2bece22	7	43355	3410001	1491	0.7365
5d96734f-08ec-4041-b372-1b01d2bece22	7	3411506	3920274	438	0.8381
5d96734f-08ec-4041-b372-1b01d2bece22	7	3920494	6860976	1508	0.7108
5d96734f-08ec-4041-b372-1b01d2bece22	7	6862089	6889070	8	-0.5157
5d96734f-08ec-4041-b372-1b01d2bece22	7	6890031	8151481	1082	0.7472
5d96734f-08ec-4041-b372-1b01d2bece22	7	8151520	9201983	940	0.8253
5d96734f-08ec-4041-b372-1b01d2bece22	7	9202149	43723970	25646	0.7558
5d96734f-08ec-4041-b372-1b01d2bece22	7	43724830	45257710	756	0.6844
5d96734f-08ec-4041-b372-1b01d2bece22	7	45258279	54318812	6606	0.7633
5d96734f-08ec-4041-b372-1b01d2bece22	7	54318816	54318824	5	-2.1062
5d96734f-08ec-4041-b372-1b01d2bece22	7	54325795	72798760	7282	0.7404
5d96734f-08ec-4041-b372-1b01d2bece22	7	72800757	76234706	900	0.6368
5d96734f-08ec-4041-b372-1b01d2bece22	7	76236953	76242162	3	-1.1035
5d96734f-08ec-4041-b372-1b01d2bece22	7	76244576	76514576	89	0.6394
5d96734f-08ec-4041-b372-1b01d2bece22	7	76524031	76532105	6	-0.3198
5d96734f-08ec-4041-b372-1b01d2bece22	7	76550397	76758434	58	0.6573
5d96734f-08ec-4041-b372-1b01d2bece22	7	76761000	88558005	7553	0.7536
5d96734f-08ec-4041-b372-1b01d2bece22	7	88563524	90057433	1015	0.8252
5d96734f-08ec-4041-b372-1b01d2bece22	7	90057510	90066066	9	0.355
5d96734f-08ec-4041-b372-1b01d2bece22	7	90067281	91578827	1058	0.7435
5d96734f-08ec-4041-b372-1b01d2bece22	7	91589569	91589817	3	-0.3847
5d96734f-08ec-4041-b372-1b01d2bece22	7	91595717	99286644	4637	0.7418
5d96734f-08ec-4041-b372-1b01d2bece22	7	99288274	100600763	467	0.6734
5d96734f-08ec-4041-b372-1b01d2bece22	7	100601246	100616904	3	-0.2972
5d96734f-08ec-4041-b372-1b01d2bece22	7	100626388	100727566	33	0.6333
5d96734f-08ec-4041-b372-1b01d2bece22	7	100731621	100735219	3	-0.3708
5d96734f-08ec-4041-b372-1b01d2bece22	7	100753382	103562235	1180	0.6924
5d96734f-08ec-4041-b372-1b01d2bece22	7	103565170	105455127	1283	0.7344
5d96734f-08ec-4041-b372-1b01d2bece22	7	105456214	105475995	8	1.2766
5d96734f-08ec-4041-b372-1b01d2bece22	7	105480299	105570351	51	0.7074
5d96734f-08ec-4041-b372-1b01d2bece22	7	105573027	105576247	3	-0.5289
5d96734f-08ec-4041-b372-1b01d2bece22	7	105577702	108127072	1680	0.7354
5d96734f-08ec-4041-b372-1b01d2bece22	7	108129250	108188913	58	0.9564
5d96734f-08ec-4041-b372-1b01d2bece22	7	108189416	108977713	533	0.7402
5d96734f-08ec-4041-b372-1b01d2bece22	7	108978110	108991722	5	0.0725
5d96734f-08ec-4041-b372-1b01d2bece22	7	108994408	109793741	517	0.7463
5d96734f-08ec-4041-b372-1b01d2bece22	7	109797035	109801155	24	0.3792
5d96734f-08ec-4041-b372-1b01d2bece22	7	109801187	110742009	657	0.7731
5d96734f-08ec-4041-b372-1b01d2bece22	7	110742550	110749651	3	-0.0587
5d96734f-08ec-4041-b372-1b01d2bece22	7	110750123	110787463	22	0.7064
5d96734f-08ec-4041-b372-1b01d2bece22	7	110788876	110792438	7	-0.6953
5d96734f-08ec-4041-b372-1b01d2bece22	7	110792471	124992420	8413	0.7486
5d96734f-08ec-4041-b372-1b01d2bece22	7	124996344	124997463	3	-1.2176
5d96734f-08ec-4041-b372-1b01d2bece22	7	124999447	126405502	930	0.7694
5d96734f-08ec-4041-b372-1b01d2bece22	7	126405597	126406824	13	-0.9748
5d96734f-08ec-4041-b372-1b01d2bece22	7	126406825	132094534	3343	0.7285
5d96734f-08ec-4041-b372-1b01d2bece22	7	132095496	132100075	2	-1.3793
5d96734f-08ec-4041-b372-1b01d2bece22	7	132102297	134100424	1352	0.7599
5d96734f-08ec-4041-b372-1b01d2bece22	7	134100442	134113356	30	-1.5199
5d96734f-08ec-4041-b372-1b01d2bece22	7	134113790	134897113	640	0.7407
5d96734f-08ec-4041-b372-1b01d2bece22	7	134901058	134904979	5	-0.7345
5d96734f-08ec-4041-b372-1b01d2bece22	7	134908182	138985232	2650	0.7447
5d96734f-08ec-4041-b372-1b01d2bece22	7	138988056	138988821	3	-0.3856
5d96734f-08ec-4041-b372-1b01d2bece22	7	138992118	142374234	2152	0.7319
5d96734f-08ec-4041-b372-1b01d2bece22	7	142374512	142785841	228	0.9197
5d96734f-08ec-4041-b372-1b01d2bece22	7	142801993	144199159	756	0.7568
5d96734f-08ec-4041-b372-1b01d2bece22	7	144207186	144306653	10	0.0369
5d96734f-08ec-4041-b372-1b01d2bece22	7	144312471	150209431	3616	0.7509
5d96734f-08ec-4041-b372-1b01d2bece22	7	150211753	150212265	3	-2.1255
5d96734f-08ec-4041-b372-1b01d2bece22	7	150224578	150271147	18	0.671
5d96734f-08ec-4041-b372-1b01d2bece22	7	150295009	150298258	3	-0.5702
5d96734f-08ec-4041-b372-1b01d2bece22	7	150298921	153258058	1755	0.7238
5d96734f-08ec-4041-b372-1b01d2bece22	7	153259193	154595415	1014	0.8071
5d96734f-08ec-4041-b372-1b01d2bece22	7	154598185	154607903	5	-0.133
5d96734f-08ec-4041-b372-1b01d2bece22	7	154609120	159334314	3235	0.7757
5d96734f-08ec-4041-b372-1b01d2bece22	8	81254	2179870	1562	-0.0096
5d96734f-08ec-4041-b372-1b01d2bece22	8	2181344	2185178	7	-1.1231
5d96734f-08ec-4041-b372-1b01d2bece22	8	2193931	4144509	2128	0.0067
5d96734f-08ec-4041-b372-1b01d2bece22	8	4144546	4144794	5	0.9804
5d96734f-08ec-4041-b372-1b01d2bece22	8	4145131	7179297	4025	-0.0086
5d96734f-08ec-4041-b372-1b01d2bece22	8	7182331	7397588	28	-0.495
5d96734f-08ec-4041-b372-1b01d2bece22	8	7414835	7513956	11	-0.1919
5d96734f-08ec-4041-b372-1b01d2bece22	8	7514723	7941868	17	0.422
5d96734f-08ec-4041-b372-1b01d2bece22	8	7974123	12092042	3238	-0.0205
5d96734f-08ec-4041-b372-1b01d2bece22	8	12130217	12143614	6	-2.0437
5d96734f-08ec-4041-b372-1b01d2bece22	8	12176798	12358500	4	-0.0713
5d96734f-08ec-4041-b372-1b01d2bece22	8	12359339	12383996	14	0.8818
5d96734f-08ec-4041-b372-1b01d2bece22	8	12385006	12385031	6	0.1508
5d96734f-08ec-4041-b372-1b01d2bece22	8	12387683	12389977	7	1.2153
5d96734f-08ec-4041-b372-1b01d2bece22	8	12418301	13741668	1041	-0.0447
5d96734f-08ec-4041-b372-1b01d2bece22	8	13741714	13752181	26	-0.8783
5d96734f-08ec-4041-b372-1b01d2bece22	8	13752255	25114672	9352	-0.044
5d96734f-08ec-4041-b372-1b01d2bece22	8	25116928	25117985	5	0.5477
5d96734f-08ec-4041-b372-1b01d2bece22	8	25118055	25119126	4	1.1413
5d96734f-08ec-4041-b372-1b01d2bece22	8	25119160	25126818	18	0.3734
5d96734f-08ec-4041-b372-1b01d2bece22	8	25133589	32821348	5428	-0.0561
5d96734f-08ec-4041-b372-1b01d2bece22	8	32825580	32830895	8	1.4464
5d96734f-08ec-4041-b372-1b01d2bece22	8	32834588	36211336	1874	-0.0489
5d96734f-08ec-4041-b372-1b01d2bece22	8	36215045	36215384	2	1.1583
5d96734f-08ec-4041-b372-1b01d2bece22	8	36219541	39393968	1706	-0.0527
5d96734f-08ec-4041-b372-1b01d2bece22	8	39398542	39527450	51	-0.4475
5d96734f-08ec-4041-b372-1b01d2bece22	8	39527675	40914477	1075	-0.0303
5d96734f-08ec-4041-b372-1b01d2bece22	8	40920333	40920952	2	-2.0889
5d96734f-08ec-4041-b372-1b01d2bece22	8	40926161	41410681	297	-0.0337
5d96734f-08ec-4041-b372-1b01d2bece22	8	41411257	41414768	3	-1.3067
5d96734f-08ec-4041-b372-1b01d2bece22	8	41414845	88913391	26945	-0.0461
5d96734f-08ec-4041-b372-1b01d2bece22	8	88916149	88917248	4	-1.0781
5d96734f-08ec-4041-b372-1b01d2bece22	8	88917766	101608378	7819	-0.0626
5d96734f-08ec-4041-b372-1b01d2bece22	8	101608462	101613484	9	-1.129
5d96734f-08ec-4041-b372-1b01d2bece22	8	101617168	101849745	189	-0.0548
5d96734f-08ec-4041-b372-1b01d2bece22	8	101850891	101883913	35	0.1788
5d96734f-08ec-4041-b372-1b01d2bece22	8	101884242	102975706	634	-0.0788
5d96734f-08ec-4041-b372-1b01d2bece22	8	102980336	102985207	5	-0.842
5d96734f-08ec-4041-b372-1b01d2bece22	8	102986318	114619814	6821	-0.0442
5d96734f-08ec-4041-b372-1b01d2bece22	8	114622258	114638468	36	-0.4556
5d96734f-08ec-4041-b372-1b01d2bece22	8	114638558	114896720	171	0.0127
5d96734f-08ec-4041-b372-1b01d2bece22	8	114897691	127933542	8986	-0.0554
5d96734f-08ec-4041-b372-1b01d2bece22	8	127934853	127935770	5	-0.8967
5d96734f-08ec-4041-b372-1b01d2bece22	8	127935979	136540717	6647	-0.0454
5d96734f-08ec-4041-b372-1b01d2bece22	8	136540889	139242601	2242	-0.0091
5d96734f-08ec-4041-b372-1b01d2bece22	8	139246009	139246954	5	-1.2022
5d96734f-08ec-4041-b372-1b01d2bece22	8	139247177	145072769	3001	-0.0406
5d96734f-08ec-4041-b372-1b01d2bece22	9	46587	602903	507	-0.0564
5d96734f-08ec-4041-b372-1b01d2bece22	9	606699	606893	3	-2.2756
5d96734f-08ec-4041-b372-1b01d2bece22	9	606961	32788613	26839	-0.0289
5d96734f-08ec-4041-b372-1b01d2bece22	9	32790991	37701376	2943	-0.077
5d96734f-08ec-4041-b372-1b01d2bece22	9	37702877	39456495	853	-0.0134
5d96734f-08ec-4041-b372-1b01d2bece22	9	39459156	42014203	128	0.1465
5d96734f-08ec-4041-b372-1b01d2bece22	9	42037471	42574420	37	-0.4063
5d96734f-08ec-4041-b372-1b01d2bece22	9	42585140	42798441	32	0.0822
5d96734f-08ec-4041-b372-1b01d2bece22	9	42800679	61633080	52	0.3966
5d96734f-08ec-4041-b372-1b01d2bece22	9	61647899	63580418	39	0.0451
5d96734f-08ec-4041-b372-1b01d2bece22	9	63590317	63592813	7	1.3766
5d96734f-08ec-4041-b372-1b01d2bece22	9	63614182	75337570	5054	-0.0477
5d96734f-08ec-4041-b372-1b01d2bece22	9	75337679	75341442	3	-1.2297
5d96734f-08ec-4041-b372-1b01d2bece22	9	75350902	78481719	2428	-0.0485
5d96734f-08ec-4041-b372-1b01d2bece22	9	78482415	83300313	3401	-0.026
5d96734f-08ec-4041-b372-1b01d2bece22	9	83306263	83308091	5	-0.7211
5d96734f-08ec-4041-b372-1b01d2bece22	9	83310394	87346114	2917	-0.0267
5d96734f-08ec-4041-b372-1b01d2bece22	9	87347184	98439558	7412	-0.0542
5d96734f-08ec-4041-b372-1b01d2bece22	9	98440039	98440704	2	-1.3865
5d96734f-08ec-4041-b372-1b01d2bece22	9	98440835	104072159	3901	-0.0316
5d96734f-08ec-4041-b372-1b01d2bece22	9	104074409	104074626	6	-0.7548
5d96734f-08ec-4041-b372-1b01d2bece22	9	104078125	123564056	14754	-0.0391
5d96734f-08ec-4041-b372-1b01d2bece22	9	123564605	126188973	1594	-0.072
5d96734f-08ec-4041-b372-1b01d2bece22	9	126191679	126192030	4	-0.8871
5d96734f-08ec-4041-b372-1b01d2bece22	9	126192290	126206607	9	-0.0326
5d96734f-08ec-4041-b372-1b01d2bece22	9	126206708	126214423	16	-0.6331
5d96734f-08ec-4041-b372-1b01d2bece22	9	126217221	127237979	677	-0.0704
5d96734f-08ec-4041-b372-1b01d2bece22	9	127238771	127240343	3	-1.1199
5d96734f-08ec-4041-b372-1b01d2bece22	9	127240351	133205149	3487	-0.0967
5d96734f-08ec-4041-b372-1b01d2bece22	9	133209813	138200944	2353	-0.0504
5d96734f-08ec-4041-b372-1b01d2bece22	10	45792	4244878	3572	-0.0357
5d96734f-08ec-4041-b372-1b01d2bece22	10	4248622	4248732	3	1.1889
5d96734f-08ec-4041-b372-1b01d2bece22	10	4248824	24088746	15617	-0.0591
5d96734f-08ec-4041-b372-1b01d2bece22	10	24088747	24089125	9	0.8129
5d96734f-08ec-4041-b372-1b01d2bece22	10	24089979	26337875	1565	-0.0387
5d96734f-08ec-4041-b372-1b01d2bece22	10	26338522	36457839	7116	-0.0694
5d96734f-08ec-4041-b372-1b01d2bece22	10	36458395	45761333	3538	-0.0381
5d96734f-08ec-4041-b372-1b01d2bece22	10	45798061	45998155	5	-0.7336
5d96734f-08ec-4041-b372-1b01d2bece22	10	45999975	46146453	58	-0.0286
5d96734f-08ec-4041-b372-1b01d2bece22	10	46154876	46370859	170	0.4324
5d96734f-08ec-4041-b372-1b01d2bece22	10	46442116	47145348	115	0.0493
5d96734f-08ec-4041-b372-1b01d2bece22	10	47145727	47147154	4	-1.0677
5d96734f-08ec-4041-b372-1b01d2bece22	10	47150318	67753574	14200	-0.0406
5d96734f-08ec-4041-b372-1b01d2bece22	10	67754201	70723063	1978	-0.0647
5d96734f-08ec-4041-b372-1b01d2bece22	10	70723254	70723927	2	-1.3596
5d96734f-08ec-4041-b372-1b01d2bece22	10	70725154	75622367	2608	-0.0843
5d96734f-08ec-4041-b372-1b01d2bece22	10	75622394	86356722	7924	-0.038
5d96734f-08ec-4041-b372-1b01d2bece22	10	86358036	104260195	10819	-0.0686
5d96734f-08ec-4041-b372-1b01d2bece22	10	104260462	106306479	1541	-0.0192
5d96734f-08ec-4041-b372-1b01d2bece22	10	106306533	128250724	15993	-0.0429
5d96734f-08ec-4041-b372-1b01d2bece22	10	128252037	133654968	3809	-0.0147
5d96734f-08ec-4041-b372-1b01d2bece22	11	198510	1632338	493	-0.0964
5d96734f-08ec-4041-b372-1b01d2bece22	11	1633335	1633531	2	-1.8418
5d96734f-08ec-4041-b372-1b01d2bece22	11	1635897	1800624	74	0.0098
5d96734f-08ec-4041-b372-1b01d2bece22	11	1803527	1804518	2	-1.2477
5d96734f-08ec-4041-b372-1b01d2bece22	11	1815140	4217824	1165	-0.0632
5d96734f-08ec-4041-b372-1b01d2bece22	11	4228783	4337579	29	0.4713
5d96734f-08ec-4041-b372-1b01d2bece22	11	4337826	4945831	648	-0.0226
5d96734f-08ec-4041-b372-1b01d2bece22	11	4946000	4946420	4	-1.0128
5d96734f-08ec-4041-b372-1b01d2bece22	11	4947280	4955781	31	0.5574
5d96734f-08ec-4041-b372-1b01d2bece22	11	4957152	5186788	188	-0.0617
5d96734f-08ec-4041-b372-1b01d2bece22	11	5186944	5187269	4	0.81
5d96734f-08ec-4041-b372-1b01d2bece22	11	5188140	5766175	591	-0.0403
5d96734f-08ec-4041-b372-1b01d2bece22	11	5766850	5788231	34	0.3292
5d96734f-08ec-4041-b372-1b01d2bece22	11	5791130	5851201	69	-0.054
5d96734f-08ec-4041-b372-1b01d2bece22	11	5854637	5860806	4	-1.038
5d96734f-08ec-4041-b372-1b01d2bece22	11	5862087	18919323	9328	-0.0507
5d96734f-08ec-4041-b372-1b01d2bece22	11	18927525	18961087	69	0.2709
5d96734f-08ec-4041-b372-1b01d2bece22	11	18961255	25680691	5308	-0.0348
5d96734f-08ec-4041-b372-1b01d2bece22	11	25680787	25697434	26	-0.8471
5d96734f-08ec-4041-b372-1b01d2bece22	11	25700531	30670090	3307	-0.0501
5d96734f-08ec-4041-b372-1b01d2bece22	11	30680474	30682970	3	-1.0871
5d96734f-08ec-4041-b372-1b01d2bece22	11	30684822	45818816	10701	-0.0457
5d96734f-08ec-4041-b372-1b01d2bece22	11	45821415	48104179	973	-0.1061
5d96734f-08ec-4041-b372-1b01d2bece22	11	48106291	48712551	288	0.0125
5d96734f-08ec-4041-b372-1b01d2bece22	11	48712618	50096159	552	-0.068
5d96734f-08ec-4041-b372-1b01d2bece22	11	50101778	55606712	575	0.0158
5d96734f-08ec-4041-b372-1b01d2bece22	11	55606727	55674842	45	-0.6888
5d96734f-08ec-4041-b372-1b01d2bece22	11	55676735	55677818	4	0.2164
5d96734f-08ec-4041-b372-1b01d2bece22	11	55678469	55685501	6	-0.692
5d96734f-08ec-4041-b372-1b01d2bece22	11	55685533	60994992	3257	-0.0557
5d96734f-08ec-4041-b372-1b01d2bece22	11	60995102	78198414	8428	-0.0855
5d96734f-08ec-4041-b372-1b01d2bece22	11	78198832	80256469	1571	-0.0339
5d96734f-08ec-4041-b372-1b01d2bece22	11	80256504	80256520	2	-2.2271
5d96734f-08ec-4041-b372-1b01d2bece22	11	80256642	95442519	10436	-0.0472
5d96734f-08ec-4041-b372-1b01d2bece22	11	95443129	95447515	6	-1.2677
5d96734f-08ec-4041-b372-1b01d2bece22	11	95451191	105049353	7171	-0.0492
5d96734f-08ec-4041-b372-1b01d2bece22	11	105053135	105060506	9	-0.9733
5d96734f-08ec-4041-b372-1b01d2bece22	11	105061029	116687017	7824	-0.0445
5d96734f-08ec-4041-b372-1b01d2bece22	11	116687166	119511552	1835	-0.0907
5d96734f-08ec-4041-b372-1b01d2bece22	11	119513142	130847822	8344	-0.0544
5d96734f-08ec-4041-b372-1b01d2bece22	11	130848021	135074876	3385	-0.0088
5d96734f-08ec-4041-b372-1b01d2bece22	12	51460	9481274	6175	0.4138
5d96734f-08ec-4041-b372-1b01d2bece22	12	9485313	9562969	22	-1.5339
5d96734f-08ec-4041-b372-1b01d2bece22	12	9575696	31846771	15636	0.4117
5d96734f-08ec-4041-b372-1b01d2bece22	12	31849362	31910068	59	1.1151
5d96734f-08ec-4041-b372-1b01d2bece22	12	31914968	48169205	8126	0.4142
5d96734f-08ec-4041-b372-1b01d2bece22	12	48171754	51468848	1595	0.33
5d96734f-08ec-4041-b372-1b01d2bece22	12	51469448	52876940	1067	0.4056
5d96734f-08ec-4041-b372-1b01d2bece22	12	52877443	55151222	1233	0.3589
5d96734f-08ec-4041-b372-1b01d2bece22	12	55158601	55161829	2	-0.9974
5d96734f-08ec-4041-b372-1b01d2bece22	12	55168829	55326700	120	0.4685
5d96734f-08ec-4041-b372-1b01d2bece22	12	55326727	57605352	1135	0.3442
5d96734f-08ec-4041-b372-1b01d2bece22	12	57605563	109767054	33956	0.4056
5d96734f-08ec-4041-b372-1b01d2bece22	12	109771427	112512962	1328	0.3409
5d96734f-08ec-4041-b372-1b01d2bece22	12	112513489	114075654	1105	0.4097
5d96734f-08ec-4041-b372-1b01d2bece22	12	114079313	114079331	2	-1.8271
5d96734f-08ec-4041-b372-1b01d2bece22	12	114080463	115064913	797	0.4276
5d96734f-08ec-4041-b372-1b01d2bece22	12	115065368	115069007	2	-1.1711
5d96734f-08ec-4041-b372-1b01d2bece22	12	115069614	119551841	3417	0.4156
5d96734f-08ec-4041-b372-1b01d2bece22	12	119552240	123673404	1903	0.339
5d96734f-08ec-4041-b372-1b01d2bece22	12	123675474	125121368	918	0.4092
5d96734f-08ec-4041-b372-1b01d2bece22	12	125123876	131411405	5415	0.4593
5d96734f-08ec-4041-b372-1b01d2bece22	12	131411632	131426349	32	0.3411
5d96734f-08ec-4041-b372-1b01d2bece22	12	131426644	131427108	6	-0.4518
5d96734f-08ec-4041-b372-1b01d2bece22	12	131436226	133201603	777	0.4206
5d96734f-08ec-4041-b372-1b01d2bece22	13	18452809	37496998	13478	-0.049
5d96734f-08ec-4041-b372-1b01d2bece22	13	37497899	37510620	16	-2.299
5d96734f-08ec-4041-b372-1b01d2bece22	13	37514193	37539478	51	-0.9264
5d96734f-08ec-4041-b372-1b01d2bece22	13	37540973	49955286	8427	-0.0554
5d96734f-08ec-4041-b372-1b01d2bece22	13	49957088	56073424	3514	-0.0206
5d96734f-08ec-4041-b372-1b01d2bece22	13	56074034	57176962	532	-0.0608
5d96734f-08ec-4041-b372-1b01d2bece22	13	57184136	57204246	33	-2.1923
5d96734f-08ec-4041-b372-1b01d2bece22	13	57215580	71902850	8981	-0.0388
5d96734f-08ec-4041-b372-1b01d2bece22	13	71903417	71906311	3	0.9687
5d96734f-08ec-4041-b372-1b01d2bece22	13	71906418	75535400	2672	-0.0518
5d96734f-08ec-4041-b372-1b01d2bece22	13	75538564	75548001	12	0.5051
5d96734f-08ec-4041-b372-1b01d2bece22	13	75549162	114342922	26397	-0.0459
5d96734f-08ec-4041-b372-1b01d2bece22	14	18239283	19954424	166	0.2399
5d96734f-08ec-4041-b372-1b01d2bece22	14	19955213	21640750	1119	-0.0727
5d96734f-08ec-4041-b372-1b01d2bece22	14	21642006	22537282	771	0.0997
5d96734f-08ec-4041-b372-1b01d2bece22	14	22541501	26314697	2450	-0.042
5d96734f-08ec-4041-b372-1b01d2bece22	14	26314707	26314712	6	0.8042
5d96734f-08ec-4041-b372-1b01d2bece22	14	26315707	31076815	2712	-0.0432
5d96734f-08ec-4041-b372-1b01d2bece22	14	31077583	31079136	2	-2.6301
5d96734f-08ec-4041-b372-1b01d2bece22	14	31082043	73534419	26999	-0.0522
5d96734f-08ec-4041-b372-1b01d2bece22	14	73540003	73554275	8	0.9927
5d96734f-08ec-4041-b372-1b01d2bece22	14	73563196	74104568	282	-0.0975
5d96734f-08ec-4041-b372-1b01d2bece22	14	74104702	74131264	20	1.0612
5d96734f-08ec-4041-b372-1b01d2bece22	14	74131616	77879189	2396	-0.0809
5d96734f-08ec-4041-b372-1b01d2bece22	14	77879636	89380620	7768	-0.0373
5d96734f-08ec-4041-b372-1b01d2bece22	14	89381249	92159173	1671	-0.0838
5d96734f-08ec-4041-b372-1b01d2bece22	14	92160996	101600844	6913	-0.042
5d96734f-08ec-4041-b372-1b01d2bece22	14	101603185	104421248	1261	-0.0941
5d96734f-08ec-4041-b372-1b01d2bece22	14	104425635	104425816	2	1.301
5d96734f-08ec-4041-b372-1b01d2bece22	14	104429175	106877229	840	-0.0273
5d96734f-08ec-4041-b372-1b01d2bece22	15	19811075	20364698	77	0.0057
5d96734f-08ec-4041-b372-1b01d2bece22	15	20367363	20538669	57	0.4103
5d96734f-08ec-4041-b372-1b01d2bece22	15	20614765	20670989	17	0.0769
5d96734f-08ec-4041-b372-1b01d2bece22	15	20981071	21067891	11	-1.0493
5d96734f-08ec-4041-b372-1b01d2bece22	15	21070355	21997003	15	0.0732
5d96734f-08ec-4041-b372-1b01d2bece22	15	21999319	22385639	30	0.7136
5d96734f-08ec-4041-b372-1b01d2bece22	15	22395047	27673477	3366	-0.0193
5d96734f-08ec-4041-b372-1b01d2bece22	15	27674351	27682660	13	-1.0622
5d96734f-08ec-4041-b372-1b01d2bece22	15	27683648	30158166	1246	-0.0103
5d96734f-08ec-4041-b372-1b01d2bece22	15	30199184	30269364	11	0.6166
5d96734f-08ec-4041-b372-1b01d2bece22	15	30281107	39988565	6560	-0.0351
5d96734f-08ec-4041-b372-1b01d2bece22	15	39989081	44689914	2193	-0.0856
5d96734f-08ec-4041-b372-1b01d2bece22	15	44691924	45067896	167	-0.0149
5d96734f-08ec-4041-b372-1b01d2bece22	15	45075326	45075651	2	-1.9657
5d96734f-08ec-4041-b372-1b01d2bece22	15	45078326	56498612	7376	-0.0383
5d96734f-08ec-4041-b372-1b01d2bece22	15	56498641	56508779	23	-0.7794
5d96734f-08ec-4041-b372-1b01d2bece22	15	56509425	76586021	12743	-0.0612
5d96734f-08ec-4041-b372-1b01d2bece22	15	76598900	76603003	15	0.6709
5d96734f-08ec-4041-b372-1b01d2bece22	15	76603426	89620108	8322	-0.0429
5d96734f-08ec-4041-b372-1b01d2bece22	15	89623151	91002674	816	-0.1044
5d96734f-08ec-4041-b372-1b01d2bece22	15	91002882	92222525	1053	-0.0241
5d96734f-08ec-4041-b372-1b01d2bece22	15	92222644	92223064	3	2.1766
5d96734f-08ec-4041-b372-1b01d2bece22	15	92223528	98000359	4539	-0.0334
5d96734f-08ec-4041-b372-1b01d2bece22	15	98007488	98009538	4	0.8616
5d96734f-08ec-4041-b372-1b01d2bece22	15	98012083	99925457	1329	-0.0506
5d96734f-08ec-4041-b372-1b01d2bece22	15	99929884	100147344	210	0.0973
5d96734f-08ec-4041-b372-1b01d2bece22	15	100148585	101537572	1124	-0.0426
5d96734f-08ec-4041-b372-1b01d2bece22	15	101545397	101545571	2	-1.5529
5d96734f-08ec-4041-b372-1b01d2bece22	15	101551530	101928837	216	-0.0158
5d96734f-08ec-4041-b372-1b01d2bece22	16	10777	5138052	2211	-0.0961
5d96734f-08ec-4041-b372-1b01d2bece22	16	5138184	8459212	3882	-0.0011
5d96734f-08ec-4041-b372-1b01d2bece22	16	8461599	16419234	5661	-0.051
5d96734f-08ec-4041-b372-1b01d2bece22	16	16419422	16574061	21	-0.4208
5d96734f-08ec-4041-b372-1b01d2bece22	16	16574666	29114764	7211	-0.0525
5d96734f-08ec-4041-b372-1b01d2bece22	16	29121560	29122498	9	-1.9169
5d96734f-08ec-4041-b372-1b01d2bece22	16	29122679	31288093	655	-0.1173
5d96734f-08ec-4041-b372-1b01d2bece22	16	31290803	56383621	7691	-0.0361
5d96734f-08ec-4041-b372-1b01d2bece22	16	56384209	58691895	1345	-0.0879
5d96734f-08ec-4041-b372-1b01d2bece22	16	58692392	61618245	1890	-0.0334
5d96734f-08ec-4041-b372-1b01d2bece22	16	61619347	61635533	7	-0.8425
5d96734f-08ec-4041-b372-1b01d2bece22	16	61636887	66445549	3478	-0.0225
5d96734f-08ec-4041-b372-1b01d2bece22	16	66446526	72015028	2421	-0.111
5d96734f-08ec-4041-b372-1b01d2bece22	16	72015612	74321215	1522	-0.0312
5d96734f-08ec-4041-b372-1b01d2bece22	16	74321782	75844911	816	-0.087
5d96734f-08ec-4041-b372-1b01d2bece22	16	75845423	78342480	2414	-0.022
5d96734f-08ec-4041-b372-1b01d2bece22	16	78342814	78349243	8	0.8339
5d96734f-08ec-4041-b372-1b01d2bece22	16	78350841	78736536	503	-0.0566
5d96734f-08ec-4041-b372-1b01d2bece22	16	78739056	78852965	176	0.0998
5d96734f-08ec-4041-b372-1b01d2bece22	16	78853733	79025272	248	-0.036
5d96734f-08ec-4041-b372-1b01d2bece22	16	79026255	79029259	15	-0.744
5d96734f-08ec-4041-b372-1b01d2bece22	16	79029776	82132415	3176	-0.0361
5d96734f-08ec-4041-b372-1b01d2bece22	16	82134113	83733167	1923	0.0054
5d96734f-08ec-4041-b372-1b01d2bece22	16	83733203	90096867	4572	-0.0576
5d96734f-08ec-4041-b372-1b01d2bece22	17	150733	9666348	5423	0.3908
5d96734f-08ec-4041-b372-1b01d2bece22	17	9669305	15690340	4603	0.4475
5d96734f-08ec-4041-b372-1b01d2bece22	17	15695893	16759737	452	0.352
5d96734f-08ec-4041-b372-1b01d2bece22	17	16786555	16834846	8	-0.3758
5d96734f-08ec-4041-b372-1b01d2bece22	17	16838201	18413879	907	0.3988
5d96734f-08ec-4041-b372-1b01d2bece22	17	18414080	18537646	21	1.3572
5d96734f-08ec-4041-b372-1b01d2bece22	17	18537994	20677720	842	0.393
5d96734f-08ec-4041-b372-1b01d2bece22	17	20679812	20688318	2	-0.9494
5d96734f-08ec-4041-b372-1b01d2bece22	17	20688869	21612925	409	0.3771
5d96734f-08ec-4041-b372-1b01d2bece22	17	21613009	28135420	882	0.4198
5d96734f-08ec-4041-b372-1b01d2bece22	17	28135863	32640754	2016	0.3542
5d96734f-08ec-4041-b372-1b01d2bece22	17	32645009	35442187	2284	0.4523
5d96734f-08ec-4041-b372-1b01d2bece22	17	35442818	37860756	1416	0.3955
5d96734f-08ec-4041-b372-1b01d2bece22	17	37866387	46099741	4086	0.3571
5d96734f-08ec-4041-b372-1b01d2bece22	17	46100092	46707286	123	0.1406
5d96734f-08ec-4041-b372-1b01d2bece22	17	46707312	51258556	2341	0.3646
5d96734f-08ec-4041-b372-1b01d2bece22	17	51263599	57353178	4454	0.4334
5d96734f-08ec-4041-b372-1b01d2bece22	17	57354597	60231989	1524	0.3686
5d96734f-08ec-4041-b372-1b01d2bece22	17	60233281	60235050	2	-0.8188
5d96734f-08ec-4041-b372-1b01d2bece22	17	60237492	64220911	1960	0.3748
5d96734f-08ec-4041-b372-1b01d2bece22	17	64221759	64226560	2	-1.7411
5d96734f-08ec-4041-b372-1b01d2bece22	17	64226762	68481030	2485	0.3798
5d96734f-08ec-4041-b372-1b01d2bece22	17	68481842	74666058	4587	0.4316
5d96734f-08ec-4041-b372-1b01d2bece22	17	74666932	76782023	984	0.3399
5d96734f-08ec-4041-b372-1b01d2bece22	17	76783474	81154985	2503	0.4001
5d96734f-08ec-4041-b372-1b01d2bece22	17	81155072	81155301	3	-0.997
5d96734f-08ec-4041-b372-1b01d2bece22	17	81158113	83091923	714	0.366
5d96734f-08ec-4041-b372-1b01d2bece22	18	48133	14144901	10010	-0.8255
5d96734f-08ec-4041-b372-1b01d2bece22	18	14149484	20961698	355	-0.5981
5d96734f-08ec-4041-b372-1b01d2bece22	18	20961945	49930351	18513	-0.805
5d96734f-08ec-4041-b372-1b01d2bece22	18	49931154	49945535	20	-1.4925
5d96734f-08ec-4041-b372-1b01d2bece22	18	49949456	51039262	823	-0.842
5d96734f-08ec-4041-b372-1b01d2bece22	18	51039401	51090491	118	-0.5876
5d96734f-08ec-4041-b372-1b01d2bece22	18	51091284	65537298	9965	-0.8157
5d96734f-08ec-4041-b372-1b01d2bece22	18	65537340	65537481	4	-2.589
5d96734f-08ec-4041-b372-1b01d2bece22	18	65540037	67286412	1185	-0.7587
5d96734f-08ec-4041-b372-1b01d2bece22	18	67291970	67300028	21	-1.8303
5d96734f-08ec-4041-b372-1b01d2bece22	18	67300481	72694400	3955	-0.7977
5d96734f-08ec-4041-b372-1b01d2bece22	18	72697407	72697944	2	-3.6083
5d96734f-08ec-4041-b372-1b01d2bece22	18	72698599	80257174	5597	-0.8307
5d96734f-08ec-4041-b372-1b01d2bece22	19	90910	4593682	1207	-0.1182
5d96734f-08ec-4041-b372-1b01d2bece22	19	4594222	4594502	2	-2.2685
5d96734f-08ec-4041-b372-1b01d2bece22	19	4594835	5506648	379	-0.101
5d96734f-08ec-4041-b372-1b01d2bece22	19	5510228	5510569	2	-3.1484
5d96734f-08ec-4041-b372-1b01d2bece22	19	5510642	19834188	6965	-0.1101
5d96734f-08ec-4041-b372-1b01d2bece22	19	19834971	24274155	2572	-0.0434
5d96734f-08ec-4041-b372-1b01d2bece22	19	24278016	24282155	10	-0.8136
5d96734f-08ec-4041-b372-1b01d2bece22	19	24304880	32244397	3557	-0.0289
5d96734f-08ec-4041-b372-1b01d2bece22	19	32244883	42858500	5737	-0.0933
5d96734f-08ec-4041-b372-1b01d2bece22	19	42864783	43280360	187	0.0759
5d96734f-08ec-4041-b372-1b01d2bece22	19	43280965	44610614	901	-0.065
5d96734f-08ec-4041-b372-1b01d2bece22	19	44610699	50846460	2689	-0.1165
5d96734f-08ec-4041-b372-1b01d2bece22	19	50847771	55757063	3041	-0.0604
5d96734f-08ec-4041-b372-1b01d2bece22	19	55757551	55774927	12	-0.6829
5d96734f-08ec-4041-b372-1b01d2bece22	19	55777575	58586487	1837	-0.066
5d96734f-08ec-4041-b372-1b01d2bece22	20	80664	1580353	1204	-0.0368
5d96734f-08ec-4041-b372-1b01d2bece22	20	1580934	1613247	41	1.9501
5d96734f-08ec-4041-b372-1b01d2bece22	20	1617300	2183700	491	-0.0308
5d96734f-08ec-4041-b372-1b01d2bece22	20	2184308	3914595	1116	-0.0874
5d96734f-08ec-4041-b372-1b01d2bece22	20	3915052	31434326	17298	-0.0287
5d96734f-08ec-4041-b372-1b01d2bece22	20	31435122	37386631	2931	-0.0941
5d96734f-08ec-4041-b372-1b01d2bece22	20	37388863	43591191	4507	-0.0258
5d96734f-08ec-4041-b372-1b01d2bece22	20	43594344	44694228	703	-0.0624
5d96734f-08ec-4041-b372-1b01d2bece22	20	44699932	44700888	2	-1.3791
5d96734f-08ec-4041-b372-1b01d2bece22	20	44706422	48831423	2946	-0.0538
5d96734f-08ec-4041-b372-1b01d2bece22	20	48832634	50927546	1330	-0.1019
5d96734f-08ec-4041-b372-1b01d2bece22	20	50934749	54062746	2376	-0.0528
5d96734f-08ec-4041-b372-1b01d2bece22	20	54062819	54062840	2	-1.7674
5d96734f-08ec-4041-b372-1b01d2bece22	20	54062953	54163654	118	-0.0847
5d96734f-08ec-4041-b372-1b01d2bece22	20	54169487	64324800	7301	-0.0258
5d96734f-08ec-4041-b372-1b01d2bece22	21	10354168	10388383	5	-0.3278
5d96734f-08ec-4041-b372-1b01d2bece22	21	10388521	10548210	34	0.1866
5d96734f-08ec-4041-b372-1b01d2bece22	21	10548478	10646516	44	-0.0719
5d96734f-08ec-4041-b372-1b01d2bece22	21	10682775	10756733	3	-1.2787
5d96734f-08ec-4041-b372-1b01d2bece22	21	10775586	28240725	10790	-0.0418
5d96734f-08ec-4041-b372-1b01d2bece22	21	28241463	28250889	10	-0.5962
5d96734f-08ec-4041-b372-1b01d2bece22	21	28250940	42385528	10731	-0.048
5d96734f-08ec-4041-b372-1b01d2bece22	21	42385547	44071071	842	-0.107
5d96734f-08ec-4041-b372-1b01d2bece22	21	44072167	46677045	1398	-0.0493
5d96734f-08ec-4041-b372-1b01d2bece22	22	15294547	15617970	17	-0.1092
5d96734f-08ec-4041-b372-1b01d2bece22	22	15696368	15755268	12	-0.6072
5d96734f-08ec-4041-b372-1b01d2bece22	22	15771752	28290768	8042	-0.0425
5d96734f-08ec-4041-b372-1b01d2bece22	22	28290996	31932455	2026	-0.0957
5d96734f-08ec-4041-b372-1b01d2bece22	22	31933100	35530921	3123	-0.0354
5d96734f-08ec-4041-b372-1b01d2bece22	22	35531385	36047627	290	-0.1125
5d96734f-08ec-4041-b372-1b01d2bece22	22	36048271	36049468	2	-1.5498
5d96734f-08ec-4041-b372-1b01d2bece22	22	36049485	43085722	3976	-0.1008
5d96734f-08ec-4041-b372-1b01d2bece22	22	43093176	46925298	2752	-0.0638
5d96734f-08ec-4041-b372-1b01d2bece22	22	46925727	49914453	2663	-0.0039
5d96734f-08ec-4041-b372-1b01d2bece22	22	49920483	50796027	367	-0.0443
5d96734f-08ec-4041-b372-1b01d2bece22	X	251810	47956494	28734	-0.0172
5d96734f-08ec-4041-b372-1b01d2bece22	X	47956640	109362798	27313	0.0284
5d96734f-08ec-4041-b372-1b01d2bece22	X	109362838	138489575	16357	-0.0033
5d96734f-08ec-4041-b372-1b01d2bece22	X	138489734	138491705	9	-2.8584
5d96734f-08ec-4041-b372-1b01d2bece22	X	138491915	155550116	10482	-0.0059
5d96734f-08ec-4041-b372-1b01d2bece22	X	155550280	155551021	8	-1.734
5d96734f-08ec-4041-b372-1b01d2bece22	X	155553352	155952689	99	0.0665
5d96734f-08ec-4041-b372-1b01d2bece22	Y	2782397	56872112	6639	-2.5765
