GDC_Aliquot	Chromosome	Start	End	Num_Probes	Segment_Mean
a236f7df-f7eb-4c48-940f-2828c9c51023	1	62920	826738	36	-0.0943
a236f7df-f7eb-4c48-940f-2828c9c51023	1	833413	3285881	695	-0.3888
a236f7df-f7eb-4c48-940f-2828c9c51023	1	3286332	16863509	7944	-0.2467
a236f7df-f7eb-4c48-940f-2828c9c51023	1	16864367	16935200	50	-0.8368
a236f7df-f7eb-4c48-940f-2828c9c51023	1	16935302	61647430	26624	-0.2456
a236f7df-f7eb-4c48-940f-2828c9c51023	1	61648334	61652515	4	-1.9729
a236f7df-f7eb-4c48-940f-2828c9c51023	1	61654137	72302815	7280	-0.2514
a236f7df-f7eb-4c48-940f-2828c9c51023	1	72303233	72345465	46	1.0954
a236f7df-f7eb-4c48-940f-2828c9c51023	1	72346221	75585159	1924	-0.2574
a236f7df-f7eb-4c48-940f-2828c9c51023	1	75589078	75589169	2	-2.7028
a236f7df-f7eb-4c48-940f-2828c9c51023	1	75593824	86307363	7193	-0.2598
a236f7df-f7eb-4c48-940f-2828c9c51023	1	86311139	86312583	2	-2.6426
a236f7df-f7eb-4c48-940f-2828c9c51023	1	86314399	89009572	1790	-0.2564
a236f7df-f7eb-4c48-940f-2828c9c51023	1	89012275	89012522	2	-2.8272
a236f7df-f7eb-4c48-940f-2828c9c51023	1	89015841	105476583	9977	-0.2671
a236f7df-f7eb-4c48-940f-2828c9c51023	1	105476614	105479753	16	-1.5825
a236f7df-f7eb-4c48-940f-2828c9c51023	1	105481433	109690352	2632	-0.2633
a236f7df-f7eb-4c48-940f-2828c9c51023	1	109690415	109702376	13	0.9947
a236f7df-f7eb-4c48-940f-2828c9c51023	1	109703504	110823480	818	-0.2739
a236f7df-f7eb-4c48-940f-2828c9c51023	1	110827750	110836516	18	0.1741
a236f7df-f7eb-4c48-940f-2828c9c51023	1	110836563	110836603	3	-0.6926
a236f7df-f7eb-4c48-940f-2828c9c51023	1	110836704	110845604	28	0.1864
a236f7df-f7eb-4c48-940f-2828c9c51023	1	110849445	121601998	6235	-0.2487
a236f7df-f7eb-4c48-940f-2828c9c51023	1	121705338	152583051	2435	0.5639
a236f7df-f7eb-4c48-940f-2828c9c51023	1	152583230	152614118	35	-1.5533
a236f7df-f7eb-4c48-940f-2828c9c51023	1	152618018	174827267	14957	0.5893
a236f7df-f7eb-4c48-940f-2828c9c51023	1	174827418	174832716	17	-0.4371
a236f7df-f7eb-4c48-940f-2828c9c51023	1	174832734	174835884	16	0.2692
a236f7df-f7eb-4c48-940f-2828c9c51023	1	174835901	185017861	6909	0.5917
a236f7df-f7eb-4c48-940f-2828c9c51023	1	185020112	194479104	6225	0.5444
a236f7df-f7eb-4c48-940f-2828c9c51023	1	194482281	194485888	2	-1.6504
a236f7df-f7eb-4c48-940f-2828c9c51023	1	194487886	196762956	1454	0.5643
a236f7df-f7eb-4c48-940f-2828c9c51023	1	196769493	196847600	58	0.0742
a236f7df-f7eb-4c48-940f-2828c9c51023	1	196854187	199138424	1364	0.5404
a236f7df-f7eb-4c48-940f-2828c9c51023	1	199138468	199142844	8	1.4083
a236f7df-f7eb-4c48-940f-2828c9c51023	1	199143343	209897717	7390	0.5894
a236f7df-f7eb-4c48-940f-2828c9c51023	1	209908268	209908720	2	-1.4063
a236f7df-f7eb-4c48-940f-2828c9c51023	1	209910639	222193326	8579	0.5871
a236f7df-f7eb-4c48-940f-2828c9c51023	1	222201492	222203662	2	-3.1387
a236f7df-f7eb-4c48-940f-2828c9c51023	1	222208792	234668406	8344	0.5881
a236f7df-f7eb-4c48-940f-2828c9c51023	1	234668762	235375732	411	0.489
a236f7df-f7eb-4c48-940f-2828c9c51023	1	235376668	248415321	9401	0.593
a236f7df-f7eb-4c48-940f-2828c9c51023	1	248415350	248467495	19	1.1628
a236f7df-f7eb-4c48-940f-2828c9c51023	1	248471839	248525314	15	0.4546
a236f7df-f7eb-4c48-940f-2828c9c51023	1	248546369	248633912	36	-1.9351
a236f7df-f7eb-4c48-940f-2828c9c51023	1	248645563	248930189	141	0.5968
a236f7df-f7eb-4c48-940f-2828c9c51023	2	12784	34466002	24045	0.2175
a236f7df-f7eb-4c48-940f-2828c9c51023	2	34474248	34512096	47	-0.7169
a236f7df-f7eb-4c48-940f-2828c9c51023	2	34512489	35742970	866	0.2467
a236f7df-f7eb-4c48-940f-2828c9c51023	2	35750907	35761650	5	-1.1551
a236f7df-f7eb-4c48-940f-2828c9c51023	2	35761842	43294028	5602	0.216
a236f7df-f7eb-4c48-940f-2828c9c51023	2	43298700	43311568	10	-0.5513
a236f7df-f7eb-4c48-940f-2828c9c51023	2	43311766	50634312	5188	0.2095
a236f7df-f7eb-4c48-940f-2828c9c51023	2	50636075	51160353	366	0.3271
a236f7df-f7eb-4c48-940f-2828c9c51023	2	51161000	57223101	4385	0.2131
a236f7df-f7eb-4c48-940f-2828c9c51023	2	57223479	57228337	2	-1.704
a236f7df-f7eb-4c48-940f-2828c9c51023	2	57233909	86901078	18505	0.2077
a236f7df-f7eb-4c48-940f-2828c9c51023	2	86902080	86910262	2	-2.1288
a236f7df-f7eb-4c48-940f-2828c9c51023	2	86934730	113604438	11210	0.2092
a236f7df-f7eb-4c48-940f-2828c9c51023	2	113604837	113623244	3	-1.2433
a236f7df-f7eb-4c48-940f-2828c9c51023	2	113625975	124470196	6915	0.2066
a236f7df-f7eb-4c48-940f-2828c9c51023	2	124479206	124479306	2	-1.8875
a236f7df-f7eb-4c48-940f-2828c9c51023	2	124484365	128880904	2657	0.198
a236f7df-f7eb-4c48-940f-2828c9c51023	2	128880928	128882741	14	-0.97
a236f7df-f7eb-4c48-940f-2828c9c51023	2	128882755	130036283	874	0.1906
a236f7df-f7eb-4c48-940f-2828c9c51023	2	130036310	130116915	13	-0.4279
a236f7df-f7eb-4c48-940f-2828c9c51023	2	130117303	141103538	6462	0.1852
a236f7df-f7eb-4c48-940f-2828c9c51023	2	141105114	141320499	131	-0.1311
a236f7df-f7eb-4c48-940f-2828c9c51023	2	141320578	185438760	27108	0.1908
a236f7df-f7eb-4c48-940f-2828c9c51023	2	185438803	186024241	281	0.35
a236f7df-f7eb-4c48-940f-2828c9c51023	2	186024533	194775044	4844	0.1768
a236f7df-f7eb-4c48-940f-2828c9c51023	2	194775623	195370461	361	0.3139
a236f7df-f7eb-4c48-940f-2828c9c51023	2	195370792	233576527	23803	0.1958
a236f7df-f7eb-4c48-940f-2828c9c51023	2	233577757	242147305	5472	0.2349
a236f7df-f7eb-4c48-940f-2828c9c51023	3	20930	142682	112	-0.2988
a236f7df-f7eb-4c48-940f-2828c9c51023	3	143853	2859089	2353	-0.1934
a236f7df-f7eb-4c48-940f-2828c9c51023	3	2859127	7468246	4048	-0.2659
a236f7df-f7eb-4c48-940f-2828c9c51023	3	7468297	7477085	2	-3.8632
a236f7df-f7eb-4c48-940f-2828c9c51023	3	7477166	21713236	9664	-0.2733
a236f7df-f7eb-4c48-940f-2828c9c51023	3	21714071	22237273	510	-0.1638
a236f7df-f7eb-4c48-940f-2828c9c51023	3	22237484	22242339	3	-1.2093
a236f7df-f7eb-4c48-940f-2828c9c51023	3	22245048	26559609	3215	-0.2601
a236f7df-f7eb-4c48-940f-2828c9c51023	3	26560269	26570158	5	-1.0002
a236f7df-f7eb-4c48-940f-2828c9c51023	3	26570176	26570394	4	-2.9892
a236f7df-f7eb-4c48-940f-2828c9c51023	3	26570407	68697013	27686	-0.2618
a236f7df-f7eb-4c48-940f-2828c9c51023	3	68697108	68699607	15	1.3943
a236f7df-f7eb-4c48-940f-2828c9c51023	3	68699635	73123300	3301	-0.2706
a236f7df-f7eb-4c48-940f-2828c9c51023	3	73123930	75519398	1613	0.6633
a236f7df-f7eb-4c48-940f-2828c9c51023	3	75523398	75547095	8	-1.2449
a236f7df-f7eb-4c48-940f-2828c9c51023	3	75559488	77329056	994	0.6312
a236f7df-f7eb-4c48-940f-2828c9c51023	3	77334305	77488173	102	1.2119
a236f7df-f7eb-4c48-940f-2828c9c51023	3	77489789	81165674	2058	0.6453
a236f7df-f7eb-4c48-940f-2828c9c51023	3	81166689	81177283	10	-0.2371
a236f7df-f7eb-4c48-940f-2828c9c51023	3	81177561	81183472	6	0.5717
a236f7df-f7eb-4c48-940f-2828c9c51023	3	81187677	85288131	2191	-0.2677
a236f7df-f7eb-4c48-940f-2828c9c51023	3	85289069	85326694	19	0.7199
a236f7df-f7eb-4c48-940f-2828c9c51023	3	85331189	85555773	124	-0.2207
a236f7df-f7eb-4c48-940f-2828c9c51023	3	85555921	85556663	2	-2.1276
a236f7df-f7eb-4c48-940f-2828c9c51023	3	85561337	86212375	395	-0.255
a236f7df-f7eb-4c48-940f-2828c9c51023	3	86216052	86216665	2	-1.949
a236f7df-f7eb-4c48-940f-2828c9c51023	3	86221012	87585997	748	-0.2849
a236f7df-f7eb-4c48-940f-2828c9c51023	3	87586490	89620865	1193	0.2217
a236f7df-f7eb-4c48-940f-2828c9c51023	3	89622183	89629449	9	-1.4594
a236f7df-f7eb-4c48-940f-2828c9c51023	3	89636157	100607341	3881	0.2218
a236f7df-f7eb-4c48-940f-2828c9c51023	3	100607461	100728134	61	0.8029
a236f7df-f7eb-4c48-940f-2828c9c51023	3	100729339	122753585	13473	0.2081
a236f7df-f7eb-4c48-940f-2828c9c51023	3	122755599	127498295	3026	0.2525
a236f7df-f7eb-4c48-940f-2828c9c51023	3	127498636	128661409	715	0.2161
a236f7df-f7eb-4c48-940f-2828c9c51023	3	128662406	128695318	17	1.0387
a236f7df-f7eb-4c48-940f-2828c9c51023	3	128702323	130044855	618	0.2049
a236f7df-f7eb-4c48-940f-2828c9c51023	3	130047743	130087393	37	-1.9173
a236f7df-f7eb-4c48-940f-2828c9c51023	3	130088081	151841888	13577	0.2288
a236f7df-f7eb-4c48-940f-2828c9c51023	3	151845762	152615267	479	0.1293
a236f7df-f7eb-4c48-940f-2828c9c51023	3	152616952	162790480	6153	0.2223
a236f7df-f7eb-4c48-940f-2828c9c51023	3	162794869	162898127	64	1.0369
a236f7df-f7eb-4c48-940f-2828c9c51023	3	162906054	162996729	78	0.3322
a236f7df-f7eb-4c48-940f-2828c9c51023	3	162999939	163001774	2	-2.6005
a236f7df-f7eb-4c48-940f-2828c9c51023	3	163008371	165322776	1241	0.2041
a236f7df-f7eb-4c48-940f-2828c9c51023	3	165323075	165364151	66	-0.3263
a236f7df-f7eb-4c48-940f-2828c9c51023	3	165367641	169012392	2055	0.217
a236f7df-f7eb-4c48-940f-2828c9c51023	3	169015614	169020840	2	-2.1055
a236f7df-f7eb-4c48-940f-2828c9c51023	3	169022039	173462596	2854	0.2094
a236f7df-f7eb-4c48-940f-2828c9c51023	3	173462823	173847329	282	0.3519
a236f7df-f7eb-4c48-940f-2828c9c51023	3	173847469	175369828	1073	0.2028
a236f7df-f7eb-4c48-940f-2828c9c51023	3	175369906	175982369	388	0.3514
a236f7df-f7eb-4c48-940f-2828c9c51023	3	175983104	189645889	8580	0.2088
a236f7df-f7eb-4c48-940f-2828c9c51023	3	189646041	189646849	10	-1.1799
a236f7df-f7eb-4c48-940f-2828c9c51023	3	189653199	193155915	2479	0.2101
a236f7df-f7eb-4c48-940f-2828c9c51023	3	193156018	193165114	22	-0.6887
a236f7df-f7eb-4c48-940f-2828c9c51023	3	193168646	195729053	1505	0.2283
a236f7df-f7eb-4c48-940f-2828c9c51023	3	195729069	195747892	14	-0.4443
a236f7df-f7eb-4c48-940f-2828c9c51023	3	195751823	198169247	1166	0.2315
a236f7df-f7eb-4c48-940f-2828c9c51023	4	68929	141784	39	0.716
a236f7df-f7eb-4c48-940f-2828c9c51023	4	143160	4121101	1587	0.2155
a236f7df-f7eb-4c48-940f-2828c9c51023	4	4133219	4151033	5	-0.7505
a236f7df-f7eb-4c48-940f-2828c9c51023	4	4158336	9858273	3680	0.2627
a236f7df-f7eb-4c48-940f-2828c9c51023	4	9858277	9862603	3	-1.3371
a236f7df-f7eb-4c48-940f-2828c9c51023	4	9863418	10221792	378	0.2698
a236f7df-f7eb-4c48-940f-2828c9c51023	4	10222004	10229173	21	0.8925
a236f7df-f7eb-4c48-940f-2828c9c51023	4	10229188	27715796	12609	0.2361
a236f7df-f7eb-4c48-940f-2828c9c51023	4	27718168	40693758	8254	0.2015
a236f7df-f7eb-4c48-940f-2828c9c51023	4	40693969	48075312	4425	0.2216
a236f7df-f7eb-4c48-940f-2828c9c51023	4	48075703	57704588	4657	0.2522
a236f7df-f7eb-4c48-940f-2828c9c51023	4	57706727	63816428	3550	0.2047
a236f7df-f7eb-4c48-940f-2828c9c51023	4	63818451	63852325	41	0.5666
a236f7df-f7eb-4c48-940f-2828c9c51023	4	63856498	68354665	2841	0.209
a236f7df-f7eb-4c48-940f-2828c9c51023	4	68361130	68395346	7	-0.5715
a236f7df-f7eb-4c48-940f-2828c9c51023	4	68416487	68509442	20	0.4693
a236f7df-f7eb-4c48-940f-2828c9c51023	4	68509630	68620261	62	0.8556
a236f7df-f7eb-4c48-940f-2828c9c51023	4	68623617	69366081	368	0.3441
a236f7df-f7eb-4c48-940f-2828c9c51023	4	69366304	137144621	40456	0.2017
a236f7df-f7eb-4c48-940f-2828c9c51023	4	137144638	137172260	27	0.4578
a236f7df-f7eb-4c48-940f-2828c9c51023	4	137173804	137187333	5	-0.2473
a236f7df-f7eb-4c48-940f-2828c9c51023	4	137187826	137222665	31	0.5834
a236f7df-f7eb-4c48-940f-2828c9c51023	4	137222729	137258291	46	0.1572
a236f7df-f7eb-4c48-940f-2828c9c51023	4	137261279	137270870	52	-0.9288
a236f7df-f7eb-4c48-940f-2828c9c51023	4	137271024	154881396	10624	0.2042
a236f7df-f7eb-4c48-940f-2828c9c51023	4	154881853	154881926	3	1.561
a236f7df-f7eb-4c48-940f-2828c9c51023	4	154882047	160950700	3892	0.1929
a236f7df-f7eb-4c48-940f-2828c9c51023	4	160950716	161174181	191	0.3965
a236f7df-f7eb-4c48-940f-2828c9c51023	4	161174755	171447291	6495	0.2016
a236f7df-f7eb-4c48-940f-2828c9c51023	4	171447380	171456625	14	-0.9653
a236f7df-f7eb-4c48-940f-2828c9c51023	4	171459220	172366343	563	0.1927
a236f7df-f7eb-4c48-940f-2828c9c51023	4	172366553	172544816	89	0.4411
a236f7df-f7eb-4c48-940f-2828c9c51023	4	172545070	178312646	3525	0.2006
a236f7df-f7eb-4c48-940f-2828c9c51023	4	178317274	178769867	342	0.3304
a236f7df-f7eb-4c48-940f-2828c9c51023	4	178770346	181115847	1699	0.1923
a236f7df-f7eb-4c48-940f-2828c9c51023	4	181119951	181360588	212	-0.1281
a236f7df-f7eb-4c48-940f-2828c9c51023	4	181363071	190106768	6026	0.2264
a236f7df-f7eb-4c48-940f-2828c9c51023	5	15532	717794	312	0.1464
a236f7df-f7eb-4c48-940f-2828c9c51023	5	722090	773453	20	-0.492
a236f7df-f7eb-4c48-940f-2828c9c51023	5	779766	1838269	561	0.1519
a236f7df-f7eb-4c48-940f-2828c9c51023	5	1838367	12756392	9248	0.256
a236f7df-f7eb-4c48-940f-2828c9c51023	5	12756730	12800777	28	0.049
a236f7df-f7eb-4c48-940f-2828c9c51023	5	12815668	12819964	9	-1.7057
a236f7df-f7eb-4c48-940f-2828c9c51023	5	12824299	21376735	5453	0.2235
a236f7df-f7eb-4c48-940f-2828c9c51023	5	21377730	21377744	2	2.397
a236f7df-f7eb-4c48-940f-2828c9c51023	5	21385957	21449167	44	0.2384
a236f7df-f7eb-4c48-940f-2828c9c51023	5	21451091	21452329	5	-1.9009
a236f7df-f7eb-4c48-940f-2828c9c51023	5	21452387	30685896	5388	0.188
a236f7df-f7eb-4c48-940f-2828c9c51023	5	30686074	46271006	9537	0.2328
a236f7df-f7eb-4c48-940f-2828c9c51023	5	46271828	46273400	6	1.3658
a236f7df-f7eb-4c48-940f-2828c9c51023	5	46278110	57638199	4780	0.2258
a236f7df-f7eb-4c48-940f-2828c9c51023	5	57639194	57641018	2	-1.5003
a236f7df-f7eb-4c48-940f-2828c9c51023	5	57641454	58033288	283	0.2633
a236f7df-f7eb-4c48-940f-2828c9c51023	5	58033703	58036464	18	-0.4987
a236f7df-f7eb-4c48-940f-2828c9c51023	5	58036504	63271727	3435	0.23
a236f7df-f7eb-4c48-940f-2828c9c51023	5	63273695	63960164	383	0.3332
a236f7df-f7eb-4c48-940f-2828c9c51023	5	63960191	69550476	3462	0.2298
a236f7df-f7eb-4c48-940f-2828c9c51023	5	69571467	69779150	2	1.8188
a236f7df-f7eb-4c48-940f-2828c9c51023	5	69779164	82122944	6875	0.2379
a236f7df-f7eb-4c48-940f-2828c9c51023	5	82123459	82131663	3	-2.3872
a236f7df-f7eb-4c48-940f-2828c9c51023	5	82132219	99569388	9741	0.2053
a236f7df-f7eb-4c48-940f-2828c9c51023	5	99574238	100506519	539	0.359
a236f7df-f7eb-4c48-940f-2828c9c51023	5	100507719	152135825	33025	0.2275
a236f7df-f7eb-4c48-940f-2828c9c51023	5	152135909	152140710	14	-0.8091
a236f7df-f7eb-4c48-940f-2828c9c51023	5	152140861	156048095	2654	0.2545
a236f7df-f7eb-4c48-940f-2828c9c51023	5	156049762	156068247	16	-0.6782
a236f7df-f7eb-4c48-940f-2828c9c51023	5	156068249	167367154	7507	0.2188
a236f7df-f7eb-4c48-940f-2828c9c51023	5	167374741	180138494	8583	0.2553
a236f7df-f7eb-4c48-940f-2828c9c51023	5	180138708	181363319	649	0.1996
a236f7df-f7eb-4c48-940f-2828c9c51023	6	149661	254283	101	0.2405
a236f7df-f7eb-4c48-940f-2828c9c51023	6	257353	294837	23	-0.51
a236f7df-f7eb-4c48-940f-2828c9c51023	6	302306	380821	77	0.819
a236f7df-f7eb-4c48-940f-2828c9c51023	6	381149	19039888	14533	0.223
a236f7df-f7eb-4c48-940f-2828c9c51023	6	19041950	19044517	6	-0.7897
a236f7df-f7eb-4c48-940f-2828c9c51023	6	19044532	29869411	6860	0.2343
a236f7df-f7eb-4c48-940f-2828c9c51023	6	29869537	29882419	15	-0.9688
a236f7df-f7eb-4c48-940f-2828c9c51023	6	29882497	30796643	361	0.2064
a236f7df-f7eb-4c48-940f-2828c9c51023	6	30797802	30798118	2	-2.1492
a236f7df-f7eb-4c48-940f-2828c9c51023	6	30798988	32082767	576	0.177
a236f7df-f7eb-4c48-940f-2828c9c51023	6	32089536	32089711	6	0.9773
a236f7df-f7eb-4c48-940f-2828c9c51023	6	32089726	32463515	216	0.1731
a236f7df-f7eb-4c48-940f-2828c9c51023	6	32463775	32606604	38	1.81
a236f7df-f7eb-4c48-940f-2828c9c51023	6	32610305	32641650	21	0.6376
a236f7df-f7eb-4c48-940f-2828c9c51023	6	32656527	32658841	6	1.7972
a236f7df-f7eb-4c48-940f-2828c9c51023	6	32682835	32722250	44	0.394
a236f7df-f7eb-4c48-940f-2828c9c51023	6	32723020	32723053	3	2.2674
a236f7df-f7eb-4c48-940f-2828c9c51023	6	32732907	33970222	749	0.2165
a236f7df-f7eb-4c48-940f-2828c9c51023	6	33970966	33974834	6	-0.7667
a236f7df-f7eb-4c48-940f-2828c9c51023	6	33974928	54060406	12852	0.2322
a236f7df-f7eb-4c48-940f-2828c9c51023	6	54066269	54067057	9	-0.9145
a236f7df-f7eb-4c48-940f-2828c9c51023	6	54070550	66298393	5325	0.2245
a236f7df-f7eb-4c48-940f-2828c9c51023	6	66299130	66328153	34	-0.393
a236f7df-f7eb-4c48-940f-2828c9c51023	6	66331020	68976737	1868	0.2034
a236f7df-f7eb-4c48-940f-2828c9c51023	6	68977806	68981078	3	-1.7666
a236f7df-f7eb-4c48-940f-2828c9c51023	6	68981476	73882741	3142	0.2073
a236f7df-f7eb-4c48-940f-2828c9c51023	6	73883255	73887625	7	1.2101
a236f7df-f7eb-4c48-940f-2828c9c51023	6	73891694	78270116	2790	0.2188
a236f7df-f7eb-4c48-940f-2828c9c51023	6	78270631	78343128	100	0.5425
a236f7df-f7eb-4c48-940f-2828c9c51023	6	78343294	90734052	7782	0.2216
a236f7df-f7eb-4c48-940f-2828c9c51023	6	90740754	93760711	2079	-1.0228
a236f7df-f7eb-4c48-940f-2828c9c51023	6	93761148	94965875	782	-0.8943
a236f7df-f7eb-4c48-940f-2828c9c51023	6	94970302	102515370	4304	0.206
a236f7df-f7eb-4c48-940f-2828c9c51023	6	102517670	102537776	17	-0.3634
a236f7df-f7eb-4c48-940f-2828c9c51023	6	102538328	103286954	453	0.2159
a236f7df-f7eb-4c48-940f-2828c9c51023	6	103290101	103314186	46	-1.0172
a236f7df-f7eb-4c48-940f-2828c9c51023	6	103317795	170741917	44044	0.214
a236f7df-f7eb-4c48-940f-2828c9c51023	7	43355	1221000	365	-0.372
a236f7df-f7eb-4c48-940f-2828c9c51023	7	1221518	11414721	6743	-0.2571
a236f7df-f7eb-4c48-940f-2828c9c51023	7	11414840	12090276	623	-0.3444
a236f7df-f7eb-4c48-940f-2828c9c51023	7	12091205	12465214	284	-0.5523
a236f7df-f7eb-4c48-940f-2828c9c51023	7	12465747	12665706	148	-0.8486
a236f7df-f7eb-4c48-940f-2828c9c51023	7	12665974	12919987	189	-0.4761
a236f7df-f7eb-4c48-940f-2828c9c51023	7	12920089	15187434	1834	-0.2862
a236f7df-f7eb-4c48-940f-2828c9c51023	7	15190357	15191106	3	-1.6967
a236f7df-f7eb-4c48-940f-2828c9c51023	7	15194883	16556132	1090	-0.2866
a236f7df-f7eb-4c48-940f-2828c9c51023	7	16557026	16557233	3	-2.3181
a236f7df-f7eb-4c48-940f-2828c9c51023	7	16557815	17017095	371	-0.2961
a236f7df-f7eb-4c48-940f-2828c9c51023	7	17019550	17712890	577	-0.1669
a236f7df-f7eb-4c48-940f-2828c9c51023	7	17713115	19013820	1040	-0.2793
a236f7df-f7eb-4c48-940f-2828c9c51023	7	19020016	19643054	660	-0.13
a236f7df-f7eb-4c48-940f-2828c9c51023	7	19644193	54305455	24419	-0.2624
a236f7df-f7eb-4c48-940f-2828c9c51023	7	54318812	54318824	6	1.1034
a236f7df-f7eb-4c48-940f-2828c9c51023	7	54325795	57453339	1844	-0.2638
a236f7df-f7eb-4c48-940f-2828c9c51023	7	57457932	74658981	5937	-0.2113
a236f7df-f7eb-4c48-940f-2828c9c51023	7	74662012	88845352	8289	-0.2752
a236f7df-f7eb-4c48-940f-2828c9c51023	7	88845494	90252961	915	-0.1549
a236f7df-f7eb-4c48-940f-2828c9c51023	7	90254853	109787648	11362	-0.2757
a236f7df-f7eb-4c48-940f-2828c9c51023	7	109787793	109819049	52	0.147
a236f7df-f7eb-4c48-940f-2828c9c51023	7	109819131	111194974	909	-0.2774
a236f7df-f7eb-4c48-940f-2828c9c51023	7	111198568	111700642	313	-0.1146
a236f7df-f7eb-4c48-940f-2828c9c51023	7	111700704	120882429	5344	-0.287
a236f7df-f7eb-4c48-940f-2828c9c51023	7	120884520	120886317	3	-3.1953
a236f7df-f7eb-4c48-940f-2828c9c51023	7	120894295	126404920	3424	-0.2781
a236f7df-f7eb-4c48-940f-2828c9c51023	7	126405428	126406561	12	0.9576
a236f7df-f7eb-4c48-940f-2828c9c51023	7	126406822	134093715	4690	-0.2647
a236f7df-f7eb-4c48-940f-2828c9c51023	7	134093884	134113790	36	0.3263
a236f7df-f7eb-4c48-940f-2828c9c51023	7	134113805	153450553	11972	-0.2648
a236f7df-f7eb-4c48-940f-2828c9c51023	7	153450560	153450627	2	-2.9334
a236f7df-f7eb-4c48-940f-2828c9c51023	7	153450630	159334314	4073	-0.2704
a236f7df-f7eb-4c48-940f-2828c9c51023	8	81254	208062	4	-0.2444
a236f7df-f7eb-4c48-940f-2828c9c51023	8	212672	7357997	7631	-1.0302
a236f7df-f7eb-4c48-940f-2828c9c51023	8	7358220	7513956	28	-2.0485
a236f7df-f7eb-4c48-940f-2828c9c51023	8	7514723	11452160	2812	-1.0462
a236f7df-f7eb-4c48-940f-2828c9c51023	8	11452384	11452503	2	-6.6847
a236f7df-f7eb-4c48-940f-2828c9c51023	8	11465488	31418814	15047	-0.9993
a236f7df-f7eb-4c48-940f-2828c9c51023	8	31418849	39368221	4647	-0.2634
a236f7df-f7eb-4c48-940f-2828c9c51023	8	39368332	39531496	70	0.1071
a236f7df-f7eb-4c48-940f-2828c9c51023	8	39531510	84345754	25794	-0.2621
a236f7df-f7eb-4c48-940f-2828c9c51023	8	84350648	84350881	4	-1.4252
a236f7df-f7eb-4c48-940f-2828c9c51023	8	84353483	84354220	9	-0.7131
a236f7df-f7eb-4c48-940f-2828c9c51023	8	84354314	84356431	6	-1.259
a236f7df-f7eb-4c48-940f-2828c9c51023	8	84358447	111282852	16054	-0.268
a236f7df-f7eb-4c48-940f-2828c9c51023	8	111282973	111283031	3	-2.6077
a236f7df-f7eb-4c48-940f-2828c9c51023	8	111288052	141223297	21214	-0.2702
a236f7df-f7eb-4c48-940f-2828c9c51023	8	141223373	141241454	14	-0.743
a236f7df-f7eb-4c48-940f-2828c9c51023	8	141243382	142410372	670	-0.3981
a236f7df-f7eb-4c48-940f-2828c9c51023	8	142423108	145072769	942	-0.2867
a236f7df-f7eb-4c48-940f-2828c9c51023	9	46587	5317534	5367	-0.9848
a236f7df-f7eb-4c48-940f-2828c9c51023	9	5322057	5337682	7	-3.4555
a236f7df-f7eb-4c48-940f-2828c9c51023	9	5337707	11505448	5386	-0.9795
a236f7df-f7eb-4c48-940f-2828c9c51023	9	11505789	12165146	507	-0.8143
a236f7df-f7eb-4c48-940f-2828c9c51023	9	12165758	17585701	4390	-0.9712
a236f7df-f7eb-4c48-940f-2828c9c51023	9	17587256	17594028	5	-3.4694
a236f7df-f7eb-4c48-940f-2828c9c51023	9	17594127	32332857	11122	-0.9618
a236f7df-f7eb-4c48-940f-2828c9c51023	9	32333060	32333632	2	-6.6439
a236f7df-f7eb-4c48-940f-2828c9c51023	9	32334498	39242280	4050	-0.9812
a236f7df-f7eb-4c48-940f-2828c9c51023	9	39249764	41570739	120	-0.3978
a236f7df-f7eb-4c48-940f-2828c9c51023	9	41571298	61337631	105	-0.7528
a236f7df-f7eb-4c48-940f-2828c9c51023	9	61369645	61405110	6	-0.3938
a236f7df-f7eb-4c48-940f-2828c9c51023	9	61520021	61629689	28	0.2837
a236f7df-f7eb-4c48-940f-2828c9c51023	9	61633080	77153394	6651	-0.2675
a236f7df-f7eb-4c48-940f-2828c9c51023	9	77153789	77162152	28	0.3562
a236f7df-f7eb-4c48-940f-2828c9c51023	9	77162169	91639986	10323	-0.2385
a236f7df-f7eb-4c48-940f-2828c9c51023	9	91640036	91641263	15	-1.0946
a236f7df-f7eb-4c48-940f-2828c9c51023	9	91641428	138200944	30891	-0.2471
a236f7df-f7eb-4c48-940f-2828c9c51023	10	45792	20561184	16932	-0.2585
a236f7df-f7eb-4c48-940f-2828c9c51023	10	20564272	20564574	3	-2.4585
a236f7df-f7eb-4c48-940f-2828c9c51023	10	20564605	24086334	2193	-0.2483
a236f7df-f7eb-4c48-940f-2828c9c51023	10	24088745	24089125	11	-1.8998
a236f7df-f7eb-4c48-940f-2828c9c51023	10	24089979	46522514	12432	-0.2449
a236f7df-f7eb-4c48-940f-2828c9c51023	10	46522571	46901552	56	-0.7543
a236f7df-f7eb-4c48-940f-2828c9c51023	10	46967412	50895741	2135	-0.251
a236f7df-f7eb-4c48-940f-2828c9c51023	10	50910047	51268571	304	-0.9569
a236f7df-f7eb-4c48-940f-2828c9c51023	10	51271991	55145471	2997	-0.2598
a236f7df-f7eb-4c48-940f-2828c9c51023	10	55147491	56052478	621	-0.1529
a236f7df-f7eb-4c48-940f-2828c9c51023	10	56053359	118434689	41490	-0.2502
a236f7df-f7eb-4c48-940f-2828c9c51023	10	118440463	118481090	41	0.3218
a236f7df-f7eb-4c48-940f-2828c9c51023	10	118482078	122564250	3244	-0.2308
a236f7df-f7eb-4c48-940f-2828c9c51023	10	122574497	122587462	6	-1.4528
a236f7df-f7eb-4c48-940f-2828c9c51023	10	122597296	130400999	5826	-0.2401
a236f7df-f7eb-4c48-940f-2828c9c51023	10	130401217	133654968	2038	-0.3006
a236f7df-f7eb-4c48-940f-2828c9c51023	11	198510	4949013	2417	0.2291
a236f7df-f7eb-4c48-940f-2828c9c51023	11	4949047	4952488	16	0.8316
a236f7df-f7eb-4c48-940f-2828c9c51023	11	4952503	5757241	779	0.2351
a236f7df-f7eb-4c48-940f-2828c9c51023	11	5757293	5788231	44	0.5774
a236f7df-f7eb-4c48-940f-2828c9c51023	11	5791130	18928175	9395	0.2387
a236f7df-f7eb-4c48-940f-2828c9c51023	11	18928190	18939550	27	-0.1778
a236f7df-f7eb-4c48-940f-2828c9c51023	11	18939631	19525917	556	0.2736
a236f7df-f7eb-4c48-940f-2828c9c51023	11	19526612	19528387	2	1.3166
a236f7df-f7eb-4c48-940f-2828c9c51023	11	19532870	19560458	28	0.206
a236f7df-f7eb-4c48-940f-2828c9c51023	11	19561547	19564557	2	-1.1484
a236f7df-f7eb-4c48-940f-2828c9c51023	11	19565517	20843285	1111	0.2576
a236f7df-f7eb-4c48-940f-2828c9c51023	11	20843941	20845012	4	-0.7537
a236f7df-f7eb-4c48-940f-2828c9c51023	11	20848008	21833225	907	0.2608
a236f7df-f7eb-4c48-940f-2828c9c51023	11	21833907	35760470	9762	0.2164
a236f7df-f7eb-4c48-940f-2828c9c51023	11	35761362	37165086	1115	0.2549
a236f7df-f7eb-4c48-940f-2828c9c51023	11	37168181	37655954	283	0.3509
a236f7df-f7eb-4c48-940f-2828c9c51023	11	37661871	54924229	7706	0.2279
a236f7df-f7eb-4c48-940f-2828c9c51023	11	54933825	54934156	3	-1.7666
a236f7df-f7eb-4c48-940f-2828c9c51023	11	54940988	55608804	246	0.2442
a236f7df-f7eb-4c48-940f-2828c9c51023	11	55609022	55685533	51	0.7032
a236f7df-f7eb-4c48-940f-2828c9c51023	11	55686100	64412526	4937	0.2341
a236f7df-f7eb-4c48-940f-2828c9c51023	11	64412995	67949879	1332	0.146
a236f7df-f7eb-4c48-940f-2828c9c51023	11	67960175	71626328	2017	0.2612
a236f7df-f7eb-4c48-940f-2828c9c51023	11	71629998	75403027	1873	0.1881
a236f7df-f7eb-4c48-940f-2828c9c51023	11	75403282	80256469	3068	0.2425
a236f7df-f7eb-4c48-940f-2828c9c51023	11	80256504	80256520	2	1.6754
a236f7df-f7eb-4c48-940f-2828c9c51023	11	80256642	85112066	3534	0.2284
a236f7df-f7eb-4c48-940f-2828c9c51023	11	85114102	95452865	6843	-0.9788
a236f7df-f7eb-4c48-940f-2828c9c51023	11	95452936	95453143	2	-7.2653
a236f7df-f7eb-4c48-940f-2828c9c51023	11	95453749	102637897	5379	-0.9651
a236f7df-f7eb-4c48-940f-2828c9c51023	11	102641336	102641383	3	-4.3358
a236f7df-f7eb-4c48-940f-2828c9c51023	11	102641465	122748183	13608	-0.9914
a236f7df-f7eb-4c48-940f-2828c9c51023	11	122748584	122748676	3	-4.7605
a236f7df-f7eb-4c48-940f-2828c9c51023	11	122749493	127890760	3795	-0.9954
a236f7df-f7eb-4c48-940f-2828c9c51023	11	127896916	129445691	1286	-0.3085
a236f7df-f7eb-4c48-940f-2828c9c51023	11	129447864	132954195	2648	-0.2385
a236f7df-f7eb-4c48-940f-2828c9c51023	11	132954476	135074876	1592	-0.3133
a236f7df-f7eb-4c48-940f-2828c9c51023	12	51460	9477960	6149	-0.2661
a236f7df-f7eb-4c48-940f-2828c9c51023	12	9481274	9575696	24	-1.8103
a236f7df-f7eb-4c48-940f-2828c9c51023	12	9582373	11370092	1188	-0.2774
a236f7df-f7eb-4c48-940f-2828c9c51023	12	11370631	11372842	4	-2.8554
a236f7df-f7eb-4c48-940f-2828c9c51023	12	11373355	32475108	14892	-0.2704
a236f7df-f7eb-4c48-940f-2828c9c51023	12	32476561	33140973	437	0.2018
a236f7df-f7eb-4c48-940f-2828c9c51023	12	33141564	33176904	53	0.5396
a236f7df-f7eb-4c48-940f-2828c9c51023	12	33179951	33232895	25	0.2183
a236f7df-f7eb-4c48-940f-2828c9c51023	12	33233822	33242483	6	1.3268
a236f7df-f7eb-4c48-940f-2828c9c51023	12	33246118	34078005	519	0.2492
a236f7df-f7eb-4c48-940f-2828c9c51023	12	34078180	34078588	3	-0.9766
a236f7df-f7eb-4c48-940f-2828c9c51023	12	34087056	37593924	255	0.206
a236f7df-f7eb-4c48-940f-2828c9c51023	12	37618765	37620216	2	-1.8878
a236f7df-f7eb-4c48-940f-2828c9c51023	12	37640556	44341950	4063	0.1951
a236f7df-f7eb-4c48-940f-2828c9c51023	12	44342230	45510655	686	-0.2776
a236f7df-f7eb-4c48-940f-2828c9c51023	12	45512057	45515754	3	-1.9713
a236f7df-f7eb-4c48-940f-2828c9c51023	12	45519509	48331259	1711	-0.2741
a236f7df-f7eb-4c48-940f-2828c9c51023	12	48331456	48331632	3	-1.9248
a236f7df-f7eb-4c48-940f-2828c9c51023	12	48336253	52992098	2641	-0.2696
a236f7df-f7eb-4c48-940f-2828c9c51023	12	52992857	75535173	13903	0.1812
a236f7df-f7eb-4c48-940f-2828c9c51023	12	75535571	77110005	1003	0.4719
a236f7df-f7eb-4c48-940f-2828c9c51023	12	77110066	78088413	784	0.143
a236f7df-f7eb-4c48-940f-2828c9c51023	12	78088711	80934305	1766	0.4131
a236f7df-f7eb-4c48-940f-2828c9c51023	12	80939088	81687691	481	0.0957
a236f7df-f7eb-4c48-940f-2828c9c51023	12	81690996	83077095	856	0.4152
a236f7df-f7eb-4c48-940f-2828c9c51023	12	83081294	83557897	297	0.1135
a236f7df-f7eb-4c48-940f-2828c9c51023	12	83566735	84058320	297	0.4197
a236f7df-f7eb-4c48-940f-2828c9c51023	12	84058348	84605377	363	0.1008
a236f7df-f7eb-4c48-940f-2828c9c51023	12	84605998	90133971	3121	0.3787
a236f7df-f7eb-4c48-940f-2828c9c51023	12	90138655	99398014	6404	0.4742
a236f7df-f7eb-4c48-940f-2828c9c51023	12	99398036	99404031	22	-0.3768
a236f7df-f7eb-4c48-940f-2828c9c51023	12	99404140	99636844	162	0.4964
a236f7df-f7eb-4c48-940f-2828c9c51023	12	99645057	100259552	326	-0.393
a236f7df-f7eb-4c48-940f-2828c9c51023	12	100264734	110241313	6723	0.4962
a236f7df-f7eb-4c48-940f-2828c9c51023	12	110248357	110483391	90	0.1663
a236f7df-f7eb-4c48-940f-2828c9c51023	12	110486609	112699579	1140	0.4128
a236f7df-f7eb-4c48-940f-2828c9c51023	12	112699726	112703050	5	0.0113
a236f7df-f7eb-4c48-940f-2828c9c51023	12	112704909	113144234	361	0.505
a236f7df-f7eb-4c48-940f-2828c9c51023	12	113146244	113201162	19	0.1701
a236f7df-f7eb-4c48-940f-2828c9c51023	12	113204385	113842728	382	0.5398
a236f7df-f7eb-4c48-940f-2828c9c51023	12	113843164	114117803	275	0.3616
a236f7df-f7eb-4c48-940f-2828c9c51023	12	114118532	121099614	4993	0.5024
a236f7df-f7eb-4c48-940f-2828c9c51023	12	121099919	121487419	214	0.1342
a236f7df-f7eb-4c48-940f-2828c9c51023	12	121493311	123637162	826	0.456
a236f7df-f7eb-4c48-940f-2828c9c51023	12	123637841	127990152	3391	0.527
a236f7df-f7eb-4c48-940f-2828c9c51023	12	127990519	129091222	1008	0.4724
a236f7df-f7eb-4c48-940f-2828c9c51023	12	129092450	131573484	2127	0.1908
a236f7df-f7eb-4c48-940f-2828c9c51023	12	131573997	132016243	231	0.4683
a236f7df-f7eb-4c48-940f-2828c9c51023	12	132018536	132617871	129	0.1683
a236f7df-f7eb-4c48-940f-2828c9c51023	12	132623013	133201603	268	-0.2133
a236f7df-f7eb-4c48-940f-2828c9c51023	13	18452809	19547319	530	-0.2109
a236f7df-f7eb-4c48-940f-2828c9c51023	13	19549755	19549770	2	-2.2166
a236f7df-f7eb-4c48-940f-2828c9c51023	13	19550361	23055048	2316	-0.2626
a236f7df-f7eb-4c48-940f-2828c9c51023	13	23055071	23059376	13	-1.7126
a236f7df-f7eb-4c48-940f-2828c9c51023	13	23064056	23120988	69	-0.2608
a236f7df-f7eb-4c48-940f-2828c9c51023	13	23123782	24461469	1055	0.5973
a236f7df-f7eb-4c48-940f-2828c9c51023	13	24465452	24465460	3	-0.8265
a236f7df-f7eb-4c48-940f-2828c9c51023	13	24465540	27494280	2225	0.6144
a236f7df-f7eb-4c48-940f-2828c9c51023	13	27497866	27600497	50	-0.2354
a236f7df-f7eb-4c48-940f-2828c9c51023	13	27602290	27602488	3	-1.8601
a236f7df-f7eb-4c48-940f-2828c9c51023	13	27603729	28463653	656	-0.2595
a236f7df-f7eb-4c48-940f-2828c9c51023	13	28471715	33614126	3846	0.5822
a236f7df-f7eb-4c48-940f-2828c9c51023	13	33618652	33619239	4	-0.4839
a236f7df-f7eb-4c48-940f-2828c9c51023	13	33623167	37496998	2676	0.5954
a236f7df-f7eb-4c48-940f-2828c9c51023	13	37497899	37510620	16	-2.4779
a236f7df-f7eb-4c48-940f-2828c9c51023	13	37514193	38478674	699	0.564
a236f7df-f7eb-4c48-940f-2828c9c51023	13	38483435	38483919	2	-1.5403
a236f7df-f7eb-4c48-940f-2828c9c51023	13	38490920	38955089	354	0.5551
a236f7df-f7eb-4c48-940f-2828c9c51023	13	38957904	38972704	23	1.0442
a236f7df-f7eb-4c48-940f-2828c9c51023	13	38980728	45242662	4319	0.5846
a236f7df-f7eb-4c48-940f-2828c9c51023	13	45250675	45937351	444	1.1243
a236f7df-f7eb-4c48-940f-2828c9c51023	13	45937382	46899786	661	0.5658
a236f7df-f7eb-4c48-940f-2828c9c51023	13	46904977	47325914	321	1.1352
a236f7df-f7eb-4c48-940f-2828c9c51023	13	47326713	47418059	68	0.6645
a236f7df-f7eb-4c48-940f-2828c9c51023	13	47421005	47568705	101	1.1461
a236f7df-f7eb-4c48-940f-2828c9c51023	13	47569736	47656726	61	0.5963
a236f7df-f7eb-4c48-940f-2828c9c51023	13	47660378	47776185	78	0.9734
a236f7df-f7eb-4c48-940f-2828c9c51023	13	47779342	47837615	33	0.4902
a236f7df-f7eb-4c48-940f-2828c9c51023	13	47838674	47901772	50	0.7151
a236f7df-f7eb-4c48-940f-2828c9c51023	13	47901923	48335049	256	0.5156
a236f7df-f7eb-4c48-940f-2828c9c51023	13	48335065	48337254	7	-0.4489
a236f7df-f7eb-4c48-940f-2828c9c51023	13	48343303	48957415	533	0.5082
a236f7df-f7eb-4c48-940f-2828c9c51023	13	48959579	48962368	2	-3.0059
a236f7df-f7eb-4c48-940f-2828c9c51023	13	48963569	50432554	711	0.5802
a236f7df-f7eb-4c48-940f-2828c9c51023	13	50446785	57227067	3817	1.123
a236f7df-f7eb-4c48-940f-2828c9c51023	13	57227520	63845058	3886	0.6148
a236f7df-f7eb-4c48-940f-2828c9c51023	13	63845422	64360027	310	0.8028
a236f7df-f7eb-4c48-940f-2828c9c51023	13	64360470	95333912	20195	0.6146
a236f7df-f7eb-4c48-940f-2828c9c51023	13	95334764	95346928	12	-0.4842
a236f7df-f7eb-4c48-940f-2828c9c51023	13	95348495	114342922	13577	0.6422
a236f7df-f7eb-4c48-940f-2828c9c51023	14	18239283	19754411	77	-0.3699
a236f7df-f7eb-4c48-940f-2828c9c51023	14	19755844	19955213	89	-0.6874
a236f7df-f7eb-4c48-940f-2828c9c51023	14	19956767	20015714	39	-0.1606
a236f7df-f7eb-4c48-940f-2828c9c51023	14	20015932	20023874	5	0.7645
a236f7df-f7eb-4c48-940f-2828c9c51023	14	20024360	22051298	1400	-0.249
a236f7df-f7eb-4c48-940f-2828c9c51023	14	22051406	22536839	435	-0.0667
a236f7df-f7eb-4c48-940f-2828c9c51023	14	22537282	69547262	29435	-0.2586
a236f7df-f7eb-4c48-940f-2828c9c51023	14	69551330	69566109	14	-1.8263
a236f7df-f7eb-4c48-940f-2828c9c51023	14	69569634	82004385	8158	-0.2462
a236f7df-f7eb-4c48-940f-2828c9c51023	14	82004789	82008094	2	-2.4039
a236f7df-f7eb-4c48-940f-2828c9c51023	14	82008805	106877229	15545	-0.2672
a236f7df-f7eb-4c48-940f-2828c9c51023	15	19811075	21975606	176	-0.1662
a236f7df-f7eb-4c48-940f-2828c9c51023	15	21997003	21999319	2	-2.4974
a236f7df-f7eb-4c48-940f-2828c9c51023	15	22003073	24311527	978	-0.2589
a236f7df-f7eb-4c48-940f-2828c9c51023	15	24311894	24533744	98	-0.9294
a236f7df-f7eb-4c48-940f-2828c9c51023	15	24537120	27938208	2519	-0.2211
a236f7df-f7eb-4c48-940f-2828c9c51023	15	27938386	29808623	864	-0.323
a236f7df-f7eb-4c48-940f-2828c9c51023	15	29809285	34434971	2764	-0.2306
a236f7df-f7eb-4c48-940f-2828c9c51023	15	34434988	34508394	56	-0.9534
a236f7df-f7eb-4c48-940f-2828c9c51023	15	34517887	56498809	13612	-0.2427
a236f7df-f7eb-4c48-940f-2828c9c51023	15	56498826	56499925	17	-0.9351
a236f7df-f7eb-4c48-940f-2828c9c51023	15	56508779	62322603	4312	-0.2331
a236f7df-f7eb-4c48-940f-2828c9c51023	15	62325666	62369077	36	0.2555
a236f7df-f7eb-4c48-940f-2828c9c51023	15	62373949	98562880	23483	-0.241
a236f7df-f7eb-4c48-940f-2828c9c51023	15	98563993	101659094	2302	-0.3053
a236f7df-f7eb-4c48-940f-2828c9c51023	15	101659509	101928837	134	-0.1259
a236f7df-f7eb-4c48-940f-2828c9c51023	16	10777	35827	4	0.2372
a236f7df-f7eb-4c48-940f-2828c9c51023	16	36125	4878462	2054	0.8264
a236f7df-f7eb-4c48-940f-2828c9c51023	16	4881512	6499202	1662	0.9132
a236f7df-f7eb-4c48-940f-2828c9c51023	16	6499527	7361732	1120	0.7918
a236f7df-f7eb-4c48-940f-2828c9c51023	16	7361769	8470577	1249	0.9223
a236f7df-f7eb-4c48-940f-2828c9c51023	16	8474372	8474391	2	-1.2048
a236f7df-f7eb-4c48-940f-2828c9c51023	16	8474464	12603201	3389	0.9148
a236f7df-f7eb-4c48-940f-2828c9c51023	16	12603259	12610995	10	0.147
a236f7df-f7eb-4c48-940f-2828c9c51023	16	12611238	14616389	1564	0.9254
a236f7df-f7eb-4c48-940f-2828c9c51023	16	14617537	22400219	3674	0.8656
a236f7df-f7eb-4c48-940f-2828c9c51023	16	22401034	28088084	3913	0.9305
a236f7df-f7eb-4c48-940f-2828c9c51023	16	28090110	34209701	1387	0.8138
a236f7df-f7eb-4c48-940f-2828c9c51023	16	35080991	36048855	401	0.1837
a236f7df-f7eb-4c48-940f-2828c9c51023	16	46441986	55762682	6442	-0.2064
a236f7df-f7eb-4c48-940f-2828c9c51023	16	55764310	55764867	3	2.0177
a236f7df-f7eb-4c48-940f-2828c9c51023	16	55770436	75505749	11683	-0.2322
a236f7df-f7eb-4c48-940f-2828c9c51023	16	75520136	75526064	6	0.5695
a236f7df-f7eb-4c48-940f-2828c9c51023	16	75527279	75536387	4	-0.2982
a236f7df-f7eb-4c48-940f-2828c9c51023	16	75540526	75542100	8	0.4418
a236f7df-f7eb-4c48-940f-2828c9c51023	16	75546219	76534952	833	-0.2147
a236f7df-f7eb-4c48-940f-2828c9c51023	16	76535264	77960856	1363	-0.9826
a236f7df-f7eb-4c48-940f-2828c9c51023	16	77961198	77961576	2	-4.4456
a236f7df-f7eb-4c48-940f-2828c9c51023	16	77964407	82665065	5019	-1.0146
a236f7df-f7eb-4c48-940f-2828c9c51023	16	82665235	82665321	2	-5.108
a236f7df-f7eb-4c48-940f-2828c9c51023	16	82665561	83140310	547	-1.0383
a236f7df-f7eb-4c48-940f-2828c9c51023	16	83140355	83142064	2	-7.7361
a236f7df-f7eb-4c48-940f-2828c9c51023	16	83142082	86223502	2824	-1.072
a236f7df-f7eb-4c48-940f-2828c9c51023	16	86223607	86227158	2	-6.8231
a236f7df-f7eb-4c48-940f-2828c9c51023	16	86228127	90096352	2404	-1.0423
a236f7df-f7eb-4c48-940f-2828c9c51023	17	150733	3232483	1601	0.1961
a236f7df-f7eb-4c48-940f-2828c9c51023	17	3232541	3232997	2	-1.3635
a236f7df-f7eb-4c48-940f-2828c9c51023	17	3254610	9028765	3365	0.219
a236f7df-f7eb-4c48-940f-2828c9c51023	17	9028802	14104110	3817	0.2781
a236f7df-f7eb-4c48-940f-2828c9c51023	17	14105283	16750987	1653	0.2142
a236f7df-f7eb-4c48-940f-2828c9c51023	17	16754017	16819487	10	0.9674
a236f7df-f7eb-4c48-940f-2828c9c51023	17	16834846	18455632	909	0.2234
a236f7df-f7eb-4c48-940f-2828c9c51023	17	18455635	18561907	25	-1.7055
a236f7df-f7eb-4c48-940f-2828c9c51023	17	18565883	36109139	6814	0.2321
a236f7df-f7eb-4c48-940f-2828c9c51023	17	36109735	36157718	35	0.8276
a236f7df-f7eb-4c48-940f-2828c9c51023	17	36200725	46136346	5076	0.2242
a236f7df-f7eb-4c48-940f-2828c9c51023	17	46136800	46267672	79	0.7566
a236f7df-f7eb-4c48-940f-2828c9c51023	17	46273919	56083553	5795	0.2517
a236f7df-f7eb-4c48-940f-2828c9c51023	17	56083648	56095462	24	-0.3003
a236f7df-f7eb-4c48-940f-2828c9c51023	17	56095886	57801179	1336	0.2772
a236f7df-f7eb-4c48-940f-2828c9c51023	17	57802707	65212088	3526	0.2254
a236f7df-f7eb-4c48-940f-2828c9c51023	17	65213315	67435149	1521	0.2877
a236f7df-f7eb-4c48-940f-2828c9c51023	17	67444250	67448377	8	-1.1991
a236f7df-f7eb-4c48-940f-2828c9c51023	17	67448766	71085298	2417	0.248
a236f7df-f7eb-4c48-940f-2828c9c51023	17	71086645	71114957	31	-1.0947
a236f7df-f7eb-4c48-940f-2828c9c51023	17	71117031	71300683	158	0.266
a236f7df-f7eb-4c48-940f-2828c9c51023	17	71300972	73745262	1890	0.6457
a236f7df-f7eb-4c48-940f-2828c9c51023	17	73747641	83091923	4810	0.5586
a236f7df-f7eb-4c48-940f-2828c9c51023	18	48133	6872257	4877	0.3491
a236f7df-f7eb-4c48-940f-2828c9c51023	18	6872353	8979255	1692	0.4071
a236f7df-f7eb-4c48-940f-2828c9c51023	18	8979485	24209838	5516	0.3565
a236f7df-f7eb-4c48-940f-2828c9c51023	18	24218347	26785951	1742	-0.9696
a236f7df-f7eb-4c48-940f-2828c9c51023	18	26785977	26786181	2	-4.1913
a236f7df-f7eb-4c48-940f-2828c9c51023	18	26786415	32258622	3469	-0.9636
a236f7df-f7eb-4c48-940f-2828c9c51023	18	32258848	32261315	2	-5.8173
a236f7df-f7eb-4c48-940f-2828c9c51023	18	32261569	77613086	31426	-0.9715
a236f7df-f7eb-4c48-940f-2828c9c51023	18	77616453	77762260	150	0.4149
a236f7df-f7eb-4c48-940f-2828c9c51023	18	77762708	78230626	335	-1.0165
a236f7df-f7eb-4c48-940f-2828c9c51023	18	78231787	80257174	1148	0.3096
a236f7df-f7eb-4c48-940f-2828c9c51023	19	90910	20000584	8659	-0.2665
a236f7df-f7eb-4c48-940f-2828c9c51023	19	20001098	37893781	9259	-0.22
a236f7df-f7eb-4c48-940f-2828c9c51023	19	37894100	42796054	2448	-0.2573
a236f7df-f7eb-4c48-940f-2828c9c51023	19	42798357	43033226	106	-1.1228
a236f7df-f7eb-4c48-940f-2828c9c51023	19	43034626	58586487	8569	-0.2682
a236f7df-f7eb-4c48-940f-2828c9c51023	20	80664	1579916	1194	0.5796
a236f7df-f7eb-4c48-940f-2828c9c51023	20	1580141	1580353	5	1.4363
a236f7df-f7eb-4c48-940f-2828c9c51023	20	1580934	1613247	41	3.2611
a236f7df-f7eb-4c48-940f-2828c9c51023	20	1617300	33590724	19992	0.6177
a236f7df-f7eb-4c48-940f-2828c9c51023	20	33596200	37295142	1753	0.5501
a236f7df-f7eb-4c48-940f-2828c9c51023	20	37295775	48735093	8131	0.6187
a236f7df-f7eb-4c48-940f-2828c9c51023	20	48735970	50626608	1221	0.549
a236f7df-f7eb-4c48-940f-2828c9c51023	20	50629046	63510156	9604	0.6316
a236f7df-f7eb-4c48-940f-2828c9c51023	20	63510707	64240305	303	0.4567
a236f7df-f7eb-4c48-940f-2828c9c51023	20	64240599	64324800	38	0.6547
a236f7df-f7eb-4c48-940f-2828c9c51023	21	10354168	10559033	53	0.2247
a236f7df-f7eb-4c48-940f-2828c9c51023	21	10568903	13543734	198	-0.0691
a236f7df-f7eb-4c48-940f-2828c9c51023	21	13554227	16738711	1957	0.2225
a236f7df-f7eb-4c48-940f-2828c9c51023	21	16740643	16742039	4	-1.0168
a236f7df-f7eb-4c48-940f-2828c9c51023	21	16742787	18683769	1319	0.2197
a236f7df-f7eb-4c48-940f-2828c9c51023	21	18685360	18708616	27	0.6558
a236f7df-f7eb-4c48-940f-2828c9c51023	21	18709557	22803187	3091	0.2181
a236f7df-f7eb-4c48-940f-2828c9c51023	21	22803376	23346741	455	0.3287
a236f7df-f7eb-4c48-940f-2828c9c51023	21	23355490	39665936	12052	0.2289
a236f7df-f7eb-4c48-940f-2828c9c51023	21	39668768	41709247	1869	0.2846
a236f7df-f7eb-4c48-940f-2828c9c51023	21	41709282	46677045	2762	0.2087
a236f7df-f7eb-4c48-940f-2828c9c51023	22	15294547	18620743	1129	-0.2156
a236f7df-f7eb-4c48-940f-2828c9c51023	22	18649244	18818348	5	0.9249
a236f7df-f7eb-4c48-940f-2828c9c51023	22	18822581	19005615	35	-0.2475
a236f7df-f7eb-4c48-940f-2828c9c51023	22	19005797	23927243	3185	-0.3341
a236f7df-f7eb-4c48-940f-2828c9c51023	22	23927380	33777419	7247	-0.2274
a236f7df-f7eb-4c48-940f-2828c9c51023	22	33778960	33785487	6	-1.5684
a236f7df-f7eb-4c48-940f-2828c9c51023	22	33785779	35236703	1385	-0.1819
a236f7df-f7eb-4c48-940f-2828c9c51023	22	35238152	43164826	4495	-0.2846
a236f7df-f7eb-4c48-940f-2828c9c51023	22	43165331	48846566	4470	-0.2231
a236f7df-f7eb-4c48-940f-2828c9c51023	22	48848072	50796027	1235	-0.3457
a236f7df-f7eb-4c48-940f-2828c9c51023	X	251810	155952689	83343	-0.0034
a236f7df-f7eb-4c48-940f-2828c9c51023	Y	2782397	56872112	6640	-0.4229
